2504 4020 1
4936 2213 1
4936 2922 1
1468 4026 1
504 4447 1
641 976 1
3771 4435 1
3347 4400 1
2297 2006 1
4617 4757 1
5294 1418 1
915 411 1
1 4994 1
2617 940 1
2617 5059 1
2617 4697 1
1600 806 1
3313 988 1
1161 4191 1
3176 22 1
3176 705 1
1245 1269 1
4422 4141 1
2102 2702 1
4685 2220 1
4711 424 1
193 286 1
143 2340 1
160 3299 1
3136 1887 1
4189 4095 1
4189 4739 1
1368 1196 1
2836 793 1
3452 1663 1
3737 2279 1
3737 5338 1
2690 150 1
3850 2572 1
3850 875 1
3850 3281 1
4220 5249 1
4220 1614 1
2568 62 1
2168 2449 1
2017 3185 1
2062 4453 1
2062 332 1
580 4164 1
3979 4055 1
466 3147 1
3080 3092 1
5247 4075 1
5247 4608 1
5068 4777 1
3407 4772 1
3407 1293 1
440 5297 1
4034 207 1
4740 3075 1
4983 4844 1
560 3155 1
1128 4056 1
1128 2778 1
1128 1546 1
1128 946 1
1128 2683 1
1128 922 1
1128 354 1
1128 676 1
1128 2080 1
1128 1501 1
1128 2649 1
1128 224 1
3448 493 1
1682 1967 1
3462 2301 1
570 1660 1
3036 800 1
633 1011 1
2455 1539 1
456 948 1
456 1236 1
819 2699 1
2895 590 1
2501 318 1
2146 1210 1
4358 2424 1
2281 3234 1
170 3886 1
1513 763 1
2278 4324 1
2278 1667 1
2278 3409 1
2278 1829 1
2278 989 1
2821 1017 1
387 4029 1
2679 203 1
2679 3752 1
2679 4677 1
1354 1520 1
2023 2456 1
593 687 1
3884 5062 1
610 1410 1
346 367 1
3000 3427 1
1737 2183 1
3109 3179 1
3109 1340 1
3109 2885 1
2613 1479 1
2613 1039 1
2613 515 1
2613 3523 1
2613 3647 1
2613 4917 1
2613 653 1
2613 4109 1
2613 4540 1
2613 3207 1
2613 2876 1
2613 2940 1
2613 5176 1
1114 3060 1
1114 2762 1
2711 2086 1
2711 2052 1
4467 232 1
5210 4817 1
5210 3174 1
4991 739 1
4366 1680 1
4366 986 1
4769 268 1
4769 1270 1
3394 4882 1
3573 3053 1
5305 1334 1
526 2299 1
2561 506 1
4923 5 1
495 3315 1
4603 767 1
3661 1314 1
4550 3123 1
910 5137 1
4487 3659 1
1379 53 1
1379 2272 1
3316 2874 1
5186 898 1
2408 4394 1
2408 1532 1
2408 1043 1
2408 5242 1
2408 3693 1
692 1330 1
692 1611 1
2458 3311 1
611 300 1
2502 1074 1
4389 1961 1
5353 2340 1
2129 2796 1
3260 1710 1
3076 4367 1
3649 527 1
2684 4776 1
1087 4888 1
1846 740 1
373 4482 1
78 4263 1
130 1952 1
1993 555 1
110 3400 1
3940 612 1
3703 3117 1
4375 3837 1
4493 4286 1
4103 3070 1
628 1965 1
751 683 1
2793 1624 1
5001 544 1
5023 1696 1
1231 3478 1
3713 1193 1
739 21 1
4496 5267 1
4496 5171 1
3899 2228 1
2226 2991 1
750 3146 1
4637 1512 1
963 2918 1
963 699 1
4213 659 1
297 2182 1
4957 1486 1
3685 3822 1
3685 4266 1
2110 208 1
914 4112 1
3600 3723 1
3600 2216 1
3600 3061 1
401 3242 1
4811 194 1
4811 4272 1
4811 897 1
4811 3284 1
4811 3156 1
4811 4538 1
5057 3765 1
1740 377 1
1740 5166 1
1740 2816 1
258 830 1
4549 2198 1
5037 2738 1
3465 4713 1
2969 3664 1
4870 4485 1
4870 4997 1
2253 2601 1
5154 569 1
2305 2376 1
3403 668 1
4590 1962 1
3707 4318 1
4376 4174 1
4376 1871 1
4391 5070 1
954 4425 1
4267 1341 1
1521 3715 1
3157 1524 1
3474 802 1
2944 2585 1
3939 252 1
3882 3216 1
4833 1487 1
4439 151 1
1733 618 1
2218 4563 1
2549 5285 1
2647 3415 1
2647 5000 1
4396 3742 1
4796 1683 1
4796 23 1
4796 3995 1
4796 4231 1
3725 5346 1
4598 3928 1
804 1669 1
3418 2506 1
2886 4294 1
5133 1749 1
2921 4300 1
4750 2286 1
901 4581 1
901 895 1
2333 1533 1
1095 521 1
4521 86 1
4724 2125 1
3840 3130 1
2053 87 1
2053 5280 1
380 698 1
1942 2409 1
3587 3431 1
3587 5048 1
2220 3274 1
2187 4304 1
3637 2835 1
462 1929 1
2909 4122 1
5298 3494 1
5298 4728 1
4567 4929 1
45 770 1
4133 957 1
38 2202 1
4880 531 1
2846 2138 1
261 2293 1
2082 221 1
1090 5126 1
5386 4473 1
1648 376 1
1648 1914 1
1715 4953 1
1272 4291 1
1685 587 1
3054 3617 1
2764 5385 1
1225 3731 1
2580 4934 1
4860 235 1
4860 3277 1
4860 4990 1
4963 4302 1
1439 2970 1
1439 1419 1
3822 291 1
4504 2613 1
1589 5076 1
2045 5167 1
1473 2433 1
1820 4741 1
460 3572 1
4825 733 1
4410 5381 1
3676 1591 1
3766 2500 1
4412 2292 1
4412 2923 1
5016 3001 1
2199 173 1
4539 3508 1
4539 1342 1
427 926 1
427 4299 1
2170 3168 1
2170 3430 1
3625 4445 1
4491 3547 1
3664 5075 1
3664 4120 1
3664 4705 1
3664 59 1
3664 5375 1
3664 2614 1
198 1143 1
5173 3485 1
236 2809 1
851 4498 1
2134 2698 1
2951 1608 1
2664 3287 1
2827 2492 1
3097 1577 1
5103 4950 1
1937 4068 1
3432 910 1
689 4108 1
4562 2669 1
4098 2347 1
2288 4271 1
4563 2425 1
295 1931 1
870 2171 1
4278 2714 1
274 9 1
3438 2416 1
3438 3402 1
2221 3546 1
2295 4505 1
4700 3798 1
3231 3392 1
807 1939 1
3525 2179 1
4672 2972 1
5392 5095 1
3667 595 1
1661 3239 1
2619 566 1
853 4395 1
853 2430 1
853 4544 1
853 3250 1
853 1420 1
389 1017 1
2790 1215 1
244 2148 1
2184 57 1
2956 4377 1
209 1804 1
4014 1135 1
3187 4526 1
4347 522 1
735 2203 1
2269 3500 1
4683 1597 1
766 1751 1
2995 4861 1
2995 547 1
2995 2494 1
2995 3189 1
4692 2532 1
4819 3962 1
1550 4519 1
4092 4980 1
2364 2893 1
3603 3540 1
3370 4470 1
3370 3016 1
3370 3694 1
3370 5111 1
2094 2983 1
2490 2589 1
4455 789 1
2880 1071 1
5117 1681 1
1604 5222 1
1343 1573 1
1343 5343 1
1343 3816 1
1343 282 1
1343 473 1
1343 3412 1
1343 1106 1
1343 3008 1
1343 4532 1
1343 4208 1
2715 3745 1
4261 688 1
2294 2765 1
5085 2685 1
4317 5079 1
5310 4721 1
1706 690 1
2629 2495 1
3951 685 1
2562 2405 1
997 3243 1
37 982 1
37 3112 1
1203 5258 1
4247 2085 1
2541 861 1
1518 1081 1
5050 3021 1
24 2360 1
3017 4559 1
3017 3520 1
4837 1094 1
632 4847 1
4976 1425 1
2712 2176 1
2419 5264 1
1397 691 1
609 3500 1
4712 239 1
2391 4289 1
1207 4924 1
3602 3121 1
2251 1314 1
2700 1827 1
3716 5147 1
2875 2053 1
163 1164 1
778 962 1
778 1145 1
778 4064 1
1975 3312 1
2609 4300 1
2558 4383 1
4655 2115 1
435 1697 1
3867 3006 1
90 132 1
2592 2477 1
3517 2511 1
1894 1758 1
4138 4503 1
4138 4177 1
2513 1109 1
4047 3037 1
4047 4638 1
784 1200 1
2768 5362 1
345 339 1
344 2028 1
4162 978 1
3852 5239 1
4248 2375 1
1560 3888 1
3081 837 1
3081 3255 1
4363 3186 1
4127 2461 1
2606 1910 1
4734 4743 1
3095 1025 1
2529 3980 1
404 2676 1
1567 2624 1
2573 400 1
2573 3554 1
2573 686 1
2573 2709 1
4008 741 1
2201 477 1
2201 3414 1
3271 499 1
3271 1610 1
4397 1260 1
422 1121 1
2779 496 1
1597 1280 1
1597 5158 1
911 2611 1
74 575 1
2734 1784 1
2696 4250 1
3262 5009 1
285 2059 1
1865 3922 1
1360 3107 1
1232 4915 1
2410 1049 1
3292 1814 1
4958 3663 1
1893 968 1
1893 2655 1
4209 2848 1
1064 1757 1
1064 33 1
4695 1302 1
2026 1943 1
5205 3984 1
5205 4235 1
3668 2648 1
964 2471 1
2149 5049 1
4181 829 1
538 2 1
4309 1496 1
4305 5022 1
4879 723 1
4553 3348 1
1408 363 1
1408 4636 1
2066 1986 1
4190 4936 1
340 4015 1
4666 63 1
928 1674 1
3439 4398 1
1006 3996 1
159 4149 1
4749 3588 1
4137 3974 1
2985 5303 1
3911 2355 1
3654 2483 1
4800 972 1
1980 2630 1
2399 2104 1
3328 66 1
1246 1724 1
3206 1361 1
3002 2432 1
1030 4604 1
4136 305 1
4989 362 1
1101 4770 1
1198 2824 1
1198 214 1
1888 4941 1
1034 2316 1
2344 3632 1
4676 4684 1
596 2978 1
1477 5241 1
2871 838 1
3436 1742 1
860 3232 1
1655 2101 1
64 4735 1
4813 3941 1
3964 2713 1
3433 4145 1
5153 2459 1
1830 5204 1
1984 4986 1
3865 3308 1
1151 4146 1
2359 2620 1
2468 316 1
4277 2590 1
3799 2828 1
4431 1796 1
5320 3750 1
1327 2760 1
2773 4481 1
536 3306 1
1072 4744 1
4851 1944 1
518 4605 1
1514 2622 1
5312 4185 1
2116 3366 1
2116 1524 1
2116 4172 1
557 4294 1
201 4517 1
201 34 1
201 1367 1
201 2429 1
201 4093 1
201 1925 1
201 492 1
201 94 1
201 3672 1
201 4640 1
201 5313 1
201 2290 1
201 1482 1
201 2047 1
201 1234 1
201 5128 1
201 4486 1
201 5260 1
201 3895 1
201 4345 1
1458 2575 1
5046 3093 1
5046 3619 1
5046 2599 1
5002 3125 1
584 1640 1
3891 3760 1
4632 2919 1
2314 1033 1
2643 3357 1
929 4116 1
2252 4349 1
3446 5201 1
1606 1490 1
2444 3222 1
3225 4513 1
918 3585 1
2639 1869 1
1738 3361 1
2989 3172 1
5240 5018 1
650 2260 1
650 3558 1
5015 4275 1
2033 1459 1
1208 2217 1
1976 2583 1
25 3926 1
1506 3077 1
2794 5061 1
4597 5073 1
3847 3305 1
4618 3622 1
4618 2879 1
4618 1901 1
4618 4212 1
4618 4065 1
4618 1148 1
4618 3518 1
1288 4301 1
529 1260 1
3749 1880 1
4918 3475 1
2209 1178 1
2209 4226 1
3944 2903 1
234 737 1
1781 2273 1
1781 3897 1
1781 2078 1
1283 671 1
4178 5120 1
4178 5215 1
2197 1547 1
2365 2892 1
1116 1791 1
3733 2512 1
3946 1699 1
4775 868 1
2514 707 1
4186 1156 1
157 2512 1
2487 1296 1
2780 3875 1
1317 3380 1
523 2807 1
3183 491 1
2801 1892 1
222 447 1
4515 930 1
2554 1902 1
2937 3936 1
2092 4554 1
254 3806 1
1700 3543 1
5043 4919 1
2141 5019 1
2141 123 1
2141 3755 1
2141 4937 1
2141 2291 1
2141 5295 1
2141 675 1
2141 2022 1
2141 1558 1
2141 709 1
2141 5270 1
2141 2515 1
2141 13 1
2141 5053 1
2141 26 1
2141 1205 1
2141 1657 1
2141 1451 1
2141 4264 1
2141 1078 1
2141 4348 1
2141 133 1
2141 551 1
2141 5071 1
2141 4522 1
2141 1223 1
2141 3768 1
2141 2038 1
2141 2723 1
2330 1915 1
4059 2054 1
4306 4736 1
3862 4874 1
397 3351 1
5024 3155 1
2383 5156 1
2383 408 1
3293 2451 1
3293 4516 1
4364 4223 1
3796 2803 1
3796 1073 1
959 4122 1
1570 1571 1
1570 2766 1
3401 561 1
3345 4527 1
2479 107 1
3559 116 1
2689 3390 1
4767 1009 1
4767 5010 1
4767 4876 1
4767 511 1
5051 4971 1
1877 350 1
3589 2312 1
3589 925 1
3589 5125 1
3589 4641 1
3589 1455 1
3589 5119 1
4205 2274 1
3704 1122 1
3704 4816 1
3414 4048 1
256 5135 1
803 1035 1
3154 3355 1
5315 2650 1
3278 3482 1
2971 1872 1
700 967 1
700 567 1
4551 2987 1
2120 3031 1
2373 4132 1
1530 129 1
1058 3349 1
615 323 1
4053 4371 1
4053 2798 1
125 5279 1
2012 5265 1
137 2088 1
137 3969 1
4351 1401 1
287 5187 1
2724 4139 1
2743 3759 1
3479 4968 1
259 2008 1
4942 1828 1
1890 4998 1
3966 2975 1
3966 2310 1
743 2739 1
743 5272 1
743 4265 1
743 3273 1
743 3789 1
743 2011 1
2238 5255 1
2007 409 1
4287 4281 1
3666 2651 1
3666 1896 1
3666 3878 1
3666 174 1
3666 3780 1
3666 1433 1
1253 2135 1
4868 3182 1
4789 333 1
3705 1466 1
4977 3111 1
1239 1596 1
5376 5161 1
4588 4852 1
4938 5195 1
2055 1004 1
5248 1945 1
3763 1278 1
1110 4599 1
1323 3975 1
1254 3138 1
385 1789 1
1111 4525 1
2206 4330 1
4651 1136 1
277 981 1
277 1753 1
277 161 1
277 1999 1
277 1190 1
3434 1393 1
4401 3809 1
2024 1047 1
2020 2463 1
5207 1731 1
2641 899 1
2641 1795 1
3627 3947 1
3627 5179 1
3627 2906 1
3848 2731 1
3848 4939 1
3848 4807 1
3848 1966 1
845 645 1
4849 5056 1
990 138 1
1641 2894 1
1641 3266 1
4402 2816 1
3861 2595 1
3787 3959 1
1833 1693 1
1833 2960 1
1833 2431 1
1833 3898 1
1833 4088 1
1833 1089 1
1833 2235 1
1833 4160 1
1528 3035 1
3756 1903 1
1492 1763 1
3760 3208 1
3760 5299 1
3760 1396 1
3760 1352 1
2959 1281 1
4195 4352 1
4195 1096 1
1415 4634 1
27 1177 1
748 2838 1
1677 1041 1
3265 2863 1
4719 2872 1
2434 2087 1
4650 4200 1
2097 3534 1
2097 2261 1
2498 215 1
1701 2497 1
2229 4967 1
5063 1808 1
5197 229 1
1649 1060 1
5383 4985 1
3913 1277 1
455 1440 1
2323 4128 1
854 5238 1
61 3606 1
4403 4518 1
1621 3896 1
4760 2850 1
5058 991 1
4279 3633 1
1452 983 1
4600 5326 1
4600 597 1
2524 3981 1
5087 1832 1
1213 1184 1
3372 1519 1
3372 52 1
3372 661 1
1362 4197 1
3843 3346 1
3211 4698 1
1799 2915 1
831 896 1
831 2681 1
4211 2332 1
4774 848 1
4490 2486 1
2782 2952 1
4592 28 1
4282 3701 1
1684 3611 1
4622 1151 1
4622 790 1
4622 2307 1
2590 1730 1
4476 5106 1
598 3275 1
50 2825 1
1488 2882 1
1488 4113 1
1539 2976 1
4965 106 1
3382 5216 1
1191 3511 1
2814 3473 1
940 1798 1
940 3003 1
940 2730 1
940 5003 1
439 299 1
326 652 1
1763 5291 1
4656 3370 1
405 1152 1
271 2499 1
2401 2313 1
3 5292 1
54 2628 1
54 1632 1
4725 755 1
3038 3276 1
2469 3563 1
2108 1627 1
2108 454 1
1885 826 1
2283 51 1
4922 1656 1
1016 1493 1
1016 4411 1
1860 321 1
5309 3544 1
1133 2125 1
3570 2300 1
4678 5380 1
1267 2761 1
3579 5094 1
275 3556 1
4207 1129 1
2786 258 1
2786 3836 1
960 1310 1
4145 4726 1
4145 827 1
4145 4353 1
563 4216 1
5244 4436 1
3844 3476 1
5275 3126 1
1622 3212 1
2925 5142 1
4966 1380 1
6 2341 1
1419 403 1
1419 4158 1
1419 3761 1
83 3912 1
3735 1574 1
3363 4007 1
4619 2740 1
283 3454 1
1551 4630 1
3105 5359 1
1444 4541 1
5020 4450 1
947 3657 1
4118 4325 1
2496 4649 1
1489 4863 1
3958 347 1
3373 4910 1
4413 1708 1
3244 2574 1
3652 3896 1
1140 1497 1
1131 1211 1
1209 2452 1
1507 3324 1
5080 1172 1
2898 1509 1
2009 2627 1
4576 4535 1
1985 2089 1
3245 4336 1
474 2029 1
187 4134 1
3990 5322 1
152 1504 1
887 1091 1
3673 3224 1
1100 3233 1
1185 3385 1
2107 680 1
3819 1398 1
1686 1797 1
3956 4959 1
3956 5131 1
3956 3810 1
3956 516 1
3294 1837 1
3294 5311 1
3294 1402 1
3045 5077 1
3709 4528 1
2236 2470 1
263 4627 1
3883 1543 1
773 1357 1
773 2941 1
4891 241 1
2996 1639 1
1453 2306 1
5261 1817 1
2370 353 1
760 2072 1
1527 447 1
3583 4609 1
3881 2855 1
670 5118 1
927 832 1
927 619 1
1126 1664 1
334 1460 1
2192 2381 1
2192 4727 1
1423 88 1
2109 1713 1
20 3621 1
5081 5151 1
359 1442 1
3018 105 1
919 4614 1
2418 4104 1
1141 4865 1
1141 955 1
4552 2010 1
4031 3295 1
4862 4099 1
279 4972 1
3971 4235 1
3971 1366 1
1235 1752 1
2907 4215 1
5289 3405 1
3858 3892 1
5045 3410 1
4765 693 1
5238 4948 1
5238 639 1
5238 5088 1
3933 3377 1
3584 1179 1
4745 2157 1
4500 1679 1
2126 4930 1
2126 3428 1
701 2973 1
4049 517 1
4613 1018 1
3309 331 1
3055 4451 1
1861 4081 1
4660 5060 1
2948 1400 1
3114 57 1
3798 3982 1
3798 5109 1
722 5183 1
873 2379 1
3223 420 1
694 3506 1
4881 2046 1
4881 3682 1
4881 1615 1
3263 2354 1
278 4775 1
2912 153 1
4429 3818 1
979 824 1
1159 2265 1
1159 1516 1
1159 1371 1
3536 1792 1
1552 3557 1
728 3110 1
2802 5055 1
30 2237 1
1732 1778 1
1314 2382 1
1314 533 1
1314 1831 1
2048 5155 1
2031 3866 1
2205 4909 1
2565 4954 1
2896 1046 1
2896 4080 1
4945 662 1
136 4420 1
3015 3048 1
1704 1394 1
391 2362 1
391 863 1
3783 1866 1
1421 3369 1
1328 1987 1
4915 811 1
4915 1170 1
4915 3770 1
5074 3220 1
3920 1735 1
5318 4895 1
4839 794 1
3456 3137 1
2267 1282 1
2267 528 1
2319 3192 1
102 682 1
1819 2658 1
3214 3079 1
3214 5198 1
5005 594 1
3569 2135 1
393 3586 1
1411 958 1
1377 5013 1
2351 2059 1
1647 2718 1
1237 3853 1
2591 3566 1
2858 1405 1
3246 2755 1
1859 2395 1
4350 4793 1
1886 2091 1
2222 2097 1
5337 3314 1
251 4201 1
7 930 1
3257 2915 1
3748 1650 1
3158 4332 1
2868 245 1
4337 4430 1
532 1343 1
4714 984 1
2270 1414 1
3290 4639 1
4152 3297 1
4152 2966 1
4152 2348 1
4580 3362 1
3480 3282 1
1142 1351 1
4228 2999 1
4192 2652 1
4642 3046 1
3323 4715 1
3323 3698 1
2859 3524 1
3317 65 1
4595 2618 1
2464 1678 1
3916 1430 1
2576 1658 1
2254 3678 1
444 4752 1
3675 3643 1
3075 3301 1
2230 3960 1
4992 620 1
3416 977 1
3416 4168 1
3416 3953 1
1053 2067 1
665 586 1
5296 1843 1
5372 1620 1
5372 3666 1
2413 154 1
1972 519 1
2992 1056 1
2407 382 1
5212 2103 1
2605 4905 1
2186 337 1
320 1491 1
320 2071 1
320 5090 1
320 3748 1
320 1374 1
1403 89 1
2064 2818 1
3319 4484 1
3254 1810 1
4355 4180 1
4169 4661 1
4469 3162 1
1675 3948 1
3792 3510 1
895 147 1
4585 4925 1
1284 225 1
706 3859 1
706 886 1
706 5017 1
3757 2640 1
4996 5069 1
4873 2223 1
3499 684 1
3769 1313 1
2810 2457 1
2522 5390 1
2522 4404 1
85 3040 1
85 3803 1
1756 3820 1
1392 5384 1
4365 603 1
4365 4594 1
4365 4458 1
4365 2368 1
4699 3350 1
1464 5194 1
1911 3387 1
1279 2581 1
3251 573 1
3442 3760 1
2964 1666 1
1575 1331 1
2555 117 1
2555 4131 1
1083 5251 1
81 833 1
81 1409 1
1381 3509 1
5234 815 1
164 795 1
1722 3341 1
4901 1916 1
4901 313 1
4901 480 1
4901 4039 1
2484 4931 1
1642 3300 1
2631 4331 1
2131 1760 1
3740 1252 1
4722 4896 1
3289 2787 1
4568 3954 1
1623 5042 1
5093 2854 1
5093 2396 1
4528 2280 1
4528 365 1
4569 4984 1
4569 4662 1
2933 4936 1
1097 1302 1
1097 2644 1
1097 1870 1
3332 4383 1
3159 3607 1
2426 4072 1
3601 4881 1
3379 2536 1
5391 4856 1
1633 2961 1
2507 3184 1
2507 599 1
2507 3069 1
2507 3039 1
2507 2957 1
2507 1165 1
2507 2993 1
2507 3531 1
2507 2315 1
2507 437 1
233 5175 1
5328 3868 1
4101 4577 1
4284 5342 1
4284 481 1
4284 1818 1
871 4096 1
2255 4041 1
4066 2056 1
4474 3793 1
4258 890 1
1562 3605 1
1994 3800 1
3451 1835 1
4237 272 1
1717 1353 1
3325 464 1
1193 77 1
1193 476 1
1193 1572 1
1193 335 1
1834 2005 1
5078 1038 1
3829 3873 1
4449 1981 1
5140 1281 1
4964 3934 1
3860 4872 1
2385 1258 1
776 613 1
4216 2808 1
4216 3718 1
4216 497 1
4216 4975 1
4216 1051 1
4216 11 1
4216 2169 1
4216 3805 1
4982 1376 1
3791 3422 1
1068 2997 1
247 3106 1
247 5157 1
55 2686 1
448 2476 1
2172 1128 1
4546 2584 1
4546 3767 1
4125 1494 1
3519 1570 1
1785 4094 1
4076 2800 1
3774 4653 1
4621 1274 1
1946 41 1
417 1285 1
3788 2671 1
1987 1820 1
1987 729 1
3090 2795 1
1322 5370 1
3175 3521 1
1577 1498 1
3411 4669 1
4783 5082 1
3139 2935 1
4426 600 1
4166 1311 1
704 1714 1
1725 4814 1
4315 5231 1
727 4772 1
4696 3101 1
710 456 1
414 4509 1
1823 1749 1
3205 4507 1
3655 2994 1
1821 4156 1
119 2151 1
119 2839 1
119 3515 1
591 3786 1
5217 4652 1
231 2311 1
1864 1002 1
3326 2853 1
4243 131 1
4243 1340 1
4497 1214 1
3062 1033 1
3062 4296 1
3062 1402 1
4681 3057 1
2328 4978 1
4761 3417 1
2510 4382 1
2361 2844 1
785 749 1
4706 3900 1
902 4771 1
1794 4973 1
4864 263 1
3706 140 1
3443 652 1
1988 3342 1
729 1595 1
4182 63 1
4829 3471 1
3961 3879 1
3961 381 1
2003 876 1
2934 4368 1
662 3391 1
5172 1953 1
1948 3217 1
2837 1842 1
2412 630 1
4643 5100 1
4409 1297 1
1554 2635 1
1019 1293 1
2687 1268 1
3065 1244 1
4406 3310 1
4060 428 1
2747 3696 1
281 5369 1
4018 4536 1
394 3537 1
4993 576 1
1766 1934 1
75 2392 1
75 1195 1
834 4214 1
834 2769 1
834 4589 1
3578 2073 1
1293 2981 1
2421 5281 1
5259 711 1
5259 1063 1
1042 3686 1
2784 3144 1
2784 2672 1
4547 10 1
186 2615 1
186 4935 1
5221 1776 1
855 2596 1
1671 1874 1
1117 377 1
1117 1511 1
1117 1858 1
1117 1584 1
905 5150 1
1559 5181 1
1824 3924 1
4832 1344 1
3646 1240 1
5284 4206 1
2551 3150 1
2239 3721 1
1535 3201 1
1535 817 1
2320 2958 1
1187 3078 1
1306 3343 1
3501 4946 1
1718 2139 1
369 3608 1
3140 5028 1
4042 1472 1
4033 2285 1
3344 2152 1
835 2180 1
490 3196 1
2084 5285 1
2932 3470 1
2830 1576 1
4329 2113 1
3472 3202 1
2870 1499 1
674 1787 1
2127 4032 1
4019 1478 1
360 2256 1
882 1480 1
5352 4362 1
1542 3067 1
548 4654 1
4742 1930 1
3118 3087 1
507 2441 1
4024 4973 1
253 1963 1
3825 1813 1
3931 908 1
2756 2454 1
559 534 1
2271 2579 1
2878 1054 1
5184 4419 1
2439 1949 1
1602 67 1
3708 4895 1
3708 1107 1
3708 3188 1
4575 2013 1
4290 2923 1
2806 2596 1
3970 4773 1
1202 1261 1
1057 3302 1
4716 4824 1
3562 512 1
4854 5113 1
1139 4355 1
5162 2493 1
4242 5319 1
3086 623 1
2705 678 1
2705 386 1
1662 4853 1
4233 3778 1
32 3918 1
4354 4443 1
2928 1005 1
1780 3071 1
3063 4494 1
2727 5188 1
2727 3504 1
1598 3320 1
4210 3863 1
2893 509 1
1481 2450 1
846 923 1
4844 351 1
4844 4292 1
4844 980 1
4844 4510 1
4844 4947 1
4089 4392 1
449 3247 1
1800 1505 1
4857 5236 1
505 2659 1
3841 3623 1
2707 3835 1
4252 4729 1
2474 4387 1
3854 2602 1
5200 2840 1
5200 4310 1
5200 5263 1
1212 5185 1
2962 2945 1
1456 5025 1
2885 2287 1
3991 2079 1
2772 2763 1
12 1593 1
2660 2929 1
651 603 1
2817 4548 1
2632 3779 1
1907 4869 1
4502 2659 1
1515 5083 1
1515 4810 1
1467 4570 1
3329 2397 1
3967 2789 1
801 2804 1
103 2435 1
2645 4428 1
2645 1422 1
2645 1037 1
2645 1286 1
2645 1922 1
2645 4555 1
1137 5004 1
1137 4150 1
1429 442 1
782 5067 1
3719 2036 1
206 1356 1
1748 4152 1
2021 2369 1
2812 3638 1
2049 2057 1
762 228 1
762 5271 1
762 4446 1
762 58 1
762 483 1
762 301 1
762 1594 1
1954 2224 1
2165 4506 1
1786 2910 1
1786 862 1
1786 2058 1
1786 1638 1
1786 2535 1
2908 452 1
3073 952 1
1153 1065 1
2460 3687 1
4415 1186 1
478 119 1
4 1998 1
4333 3988 1
4333 834 1
5189 2104 1
5189 1806 1
5189 5211 1
5189 2309 1
3133 2174 1
5253 3240 1
5253 1144 1
1659 2475 1
5163 2819 1
3397 744 1
4483 658 1
820 1358 1
1287 1274 1
1964 1507 1
2339 3160 1
1168 4501 1
5354 3393 1
3331 877 1
4583 4183 1
4583 3088 1
4583 1912 1
4583 601 1
4583 3096 1
5378 2008 1
5202 2244 1
1387 4052 1
375 2916 1
2428 3467 1
1668 2559 1
4897 3374 1
390 203 1
390 4865 1
56 5086 1
312 304 1
348 3314 1
5306 734 1
4061 602 1
2538 3834 1
3874 2467 1
4558 713 1
3736 2400 1
3736 4105 1
717 1840 1
717 5223 1
2791 1556 1
3893 4799 1
4866 1263 1
4751 5250 1
1847 1767 1
2440 1660 1
4227 5323 1
4312 5040 1
2296 1500 1
108 4251 1
108 109 1
108 1138 1
108 395 1
2414 1875 1
2032 5159 1
3741 3954 1
5038 5221 1
155 2481 1
425 3122 1
3197 3876 1
1926 3553 1
4407 5348 1
2122 866 1
328 3124 1
5330 3595 1
5330 2706 1
1007 1691 1
2737 249 1
4657 5122 1
1876 1382 1
695 4167 1
4314 257 1
5344 4512 1
325 2016 1
2677 1198 1
2677 1075 1
2677 356 1
2677 2891 1
2677 2979 1
2677 2920 1
3997 3648 1
4151 2750 1
4151 4430 1
1578 4051 1
1578 5114 1
1252 3291 1
1252 358 1
1252 3200 1
3395 1513 1
3395 1689 1
2833 3007 1
4082 759 1
1123 3178 1
4615 1917 1
3985 3604 1
3985 2302 1
3985 4421 1
3985 2200 1
3334 5371 1
3340 319 1
4185 2393 1
4185 145 1
4185 68 1
2633 4386 1
1303 4140 1
4226 3396 1
3267 1878 1
2746 1739 1
3505 4904 1
3505 4027 1
3368 3794 1
1727 4202 1
4009 4043 1
288 702 1
1326 4894 1
931 2018 1
4234 843 1
4234 4488 1
4234 2680 1
1359 3198 1
1749 4871 1
1749 1958 1
1749 1782 1
1749 4826 1
1749 3522 1
1749 407 1
1749 91 1
1749 4884 1
2384 1355 1
2374 1027 1
2374 718 1
2374 3064 1
2374 1941 1
932 3068 1
3102 2516 1
1099 5224 1
1836 3848 1
753 4623 1
4524 2604 1
3747 4097 1
3724 1312 1
3429 2517 1
2902 53 1
185 1388 1
3173 2742 1
3252 2721 1
4673 1113 1
1940 1257 1
4644 2534 1
1271 781 1
4607 423 1
3590 2446 1
3590 188 1
2974 3481 1
4867 4017 1
4867 5112 1
2887 1127 1
3213 3193 1
3772 535 1
2132 2811 1
4043 216 1
456 1299 1
456 3739 1
456 73 1
456 2856 1
456 336 1
2613 3209 1
2613 791 1
2408 4257 1
2408 4390 1
2408 1485 1
3623 1601 1
3623 2111 1
3623 1651 1
3623 418 1
3623 250 1
3623 3437 1
739 3612 1
4796 2342 1
5298 1617 1
5298 2936 1
5298 3880 1
5298 1069 1
5298 924 1
5298 2845 1
5298 1881 1
5298 3729 1
5298 3148 1
588 5190 1
3664 950 1
3664 797 1
4578 2083 1
4578 805 1
3123 1438 1
2713 2889 1
2295 2243 1
2295 1098 1
853 2225 1
1343 771 1
1343 5269 1
4815 406 1
4815 3228 1
4815 4253 1
4815 4658 1
4815 3127 1
4815 310 1
4815 461 1
4815 3226 1
962 4254 1
5208 2478 1
5208 5374 1
5208 2519 1
5208 2692 1
5208 1587 1
5208 3322 1
1198 3743 1
3778 4045 1
201 3119 1
201 3352 1
201 3857 1
201 5127 1
201 2607 1
1077 1635 1
1077 716 1
1077 1950 1
1077 3555 1
4632 2518 1
3389 5214 1
3976 308 1
3976 4010 1
426 2735 1
426 4083 1
426 134 1
426 3640 1
426 3115 1
426 4899 1
426 813 1
2141 3338 1
2141 3650 1
2141 3364 1
2141 1194 1
2141 4236 1
2141 1765 1
1570 309 1
2366 844 1
2366 4778 1
2366 1424 1
2366 3885 1
2366 5377 1
3666 2751 1
3914 2729 1
3914 1548 1
3914 5132 1
3914 2420 1
3914 1783 1
3914 1150 1
3914 2610 1
3914 3639 1
3914 2380 1
3914 3677 1
3914 2691 1
3914 2661 1
3914 2377 1
3914 124 1
3914 3651 1
3848 3624 1
2097 3526 1
3372 4005 1
3372 3726 1
940 226 1
940 2298 1
940 752 1
4145 3041 1
4145 3375 1
1419 1788 1
802 1771 1
1138 502 1
3762 3458 1
3762 139 1
3762 4960 1
3798 2682 1
5028 1173 1
1314 3811 1
391 5332 1
391 1855 1
391 2422 1
391 3491 1
391 5021 1
391 402 1
391 3235 1
391 4424 1
391 2386 1
4090 240 1
3467 4437 1
4355 5373 1
895 210 1
3061 2716 1
864 146 1
864 1889 1
2507 5006 1
4216 3468 1
4216 3591 1
1594 4748 1
1987 1204 1
1577 3424 1
1577 1457 1
1577 2142 1
1577 745 1
1577 217 1
2916 3817 1
4907 1924 1
834 4794 1
4547 1216 1
5160 3535 1
1388 3012 1
1388 100 1
767 1104 1
3825 36 1
1596 2398 1
1596 2899 1
1596 3917 1
1596 484 1
1596 4914 1
1596 2040 1
1596 4701 1
1596 1933 1
1596 2207 1
1596 2336 1
1596 4322 1
1596 4912 1
1596 199 1
1596 4995 1
1596 5276 1
2893 2352 1
3043 5252 1
4844 1026 1
2885 3629 1
3967 747 1
3967 2569 1
3967 3353 1
3967 1927 1
3967 3983 1
3967 3631 1
3967 1707 1
2645 3440 1
3549 4100 1
5226 1838 1
3892 4444 1
3892 878 1
3892 3381 1
1847 4489 1
4185 920 1
741 42 1
741 296 1
589 111 1
589 1759 1
4013 3842 1
1807 2775 1
5357 1917 1
1001 3094 1
4786 5034 1
4293 2049 1
2357 1324 1
1992 1670 1
3845 292 1
1003 1024 1
4338 5084 1
2693 3801 1
1741 14 1
1774 3005 1
191 1531 1
2869 3100 1
218 1803 1
60 5287 1
724 1719 1
4380 4432 1
5097 708 1
2542 3028 1
3902 1166 1
5301 4356 1
2963 4733 1
2805 1970 1
3483 1241 1
3781 1346 1
617 985 1
3717 2704 1
1918 864 1
1566 1517 1
141 1891 1
4664 3490 1
4679 3034 1
4680 2946 1
2327 1262 1
1822 338 1
3286 4811 1
3286 4586 1
3339 4758 1
4316 2295 1
1734 1568 1
1702 5243 1
195 1931 1
3907 5026 1
5101 2659 1
904 796 1
629 1634 1
329 3738 1
8 2436 1
5316 4385 1
3047 2849 1
2188 374 1
1338 1082 1
2563 3135 1
128 1522 1
1882 383 1
1471 223 1
5064 4221 1
4256 1982 1
47 2924 1
47 4529 1
808 4002 1
255 3330 1
828 4224 1
1383 2988 1
303 3215 1
4969 486 1
1050 429 1
2249 3049 1
120 1020 1
2505 738 1
4795 3616 1
4795 1199 1
1811 2525 1
4834 3344 1
1461 4556 1
2593 2904 1
4754 4135 1
1526 3218 1
3580 2437 1
1761 4818 1
765 1502 1
4464 2645 1
1726 5210 1
2741 4887 1
3782 2324 1
4591 1663 1
1851 3567 1
725 865 1
5351 3901 1
114 92 1
885 3620 1
2851 4369 1
3074 3775 1
1443 2527 1
5011 4185 1
2884 3406 1
2799 2247 1
4759 3050 1
4759 2820 1
101 3453 1
3594 4920 1
5014 4823 1
4940 2523 1
5329 4898 1
3241 387 1
2042 1010 1
35 1339 1
4659 4693 1
165 840 1
165 4674 1
1563 2166 1
176 2634 1
1217 1085 1
370 1446 1
2403 552 1
891 4114 1
3419 2168 1
1404 4779 1
1609 635 1
1192 1968 1
475 508 1
3167 1218 1
4999 754 1
1720 2564 1
3630 4755 1
2748 3527 1
4557 219 1
2371 4951 1
2050 2014 1
142 4787 1
2566 1809 1
583 4531 1
2069 3636 1
2612 3386 1
4320 2447 1
4320 2847 1
4320 3660 1
4111 277 1
3528 3574 1
1913 1102 1
388 5275 1
836 357 1
4788 2041 1
1537 4889 1
5032 1431 1
4303 4610 1
4571 3610 1
3776 1777 1
714 3846 1
4663 2408 1
1898 4908 1
2119 3589 1
664 3890 1
2121 5266 1
3152 4883 1
4238 3328 1
1445 1406 1
3466 1425 1
3869 4061 1
4249 3706 1
4593 3043 1
202 4147 1
4645 2620 1
3992 211 1
3751 2758 1
1265 2374 1
2774 4274 1
2030 1301 1
1883 2147 1
1862 3972 1
3367 3082 1
2783 1407 1
1645 1469 1
2626 568 1
1709 4288 1
537 3449 1
1118 3103 1
44 18 1
2767 4072 1
4011 1434 1
4671 4326 1
3998 1224 1
3998 3587 1
3998 4513 1
1012 182 1
1321 3642 1
1108 3714 1
3903 3004 1
1008 2402 1
4465 1529 1
909 4900 1
4828 4822 1
1815 4547 1
1103 4749 1
5227 2567 1
4381 2060 1
4283 3033 1
696 4388 1
696 2460 1
2136 539 1
2130 2662 1
2670 657 1
1363 1969 1
4021 3052 1
330 719 1
604 1694 1
3813 2208 1
4123 549 1
2227 2366 1
971 2266 1
1908 4665 1
324 4511 1
1483 743 1
1483 1743 1
2616 1801 1
2776 2301 1
1309 671 1
500 4416 1
1079 2325 1
1105 413 1
1132 1744 1
3056 788 1
1120 5286 1
5356 1151 1
2930 5089 1
4370 1358 1
1936 341 1
4273 1643 1
2873 4459 1
1059 4537 1
4046 756 1
1873 3855 1
1989 5154 1
273 4747 1
4838 4747 1
3169 374 1
1307 637 1
3516 3163 1
4611 384 1
4611 3009 1
4723 1784 1
342 4361 1
5107 2311 1
204 171 1
4012 3425 1
1238 458 1
4801 4260 1
2133 4268 1
421 366 1
4911 1226 1
4911 3272 1
4560 4374 1
5307 392 1
3561 1812 1
1919 5305 1
494 5340 1
1248 2282 1
993 3764 1
2195 588 1
2215 3128 1
5339 2905 1
262 3484 1
122 5232 1
5121 4907 1
1695 4307 1
1448 2813 1
3333 1698 1
1373 663 1
3849 2720 1
1441 3365 1
4262 1605 1
4624 4942 1
104 2841 1
445 2546 1
540 2140 1
4016 3877 1
3020 2212 1
3022 2326 1
3935 1084 1
3935 3219 1
1013 1029 1
3398 2245 1
1904 15 1
4198 1276 1
1534 4694 1
2155 1115 1
4606 5333 1
3248 3303 1
634 1389 1
1247 2732 1
5203 963 1
3581 2081 1
3826 3227 1
1061 1462 1
4106 1426 1
4913 1227 1
4913 585 1
4808 3613 1
975 4583 1
4070 5208 1
621 479 1
621 1536 1
621 2556 1
1300 4142 1
2540 5007 1
1995 774 1
1995 2663 1
1565 2867 1
1579 317 1
2317 2598 1
2697 2582 1
5152 1626 1
5325 4756 1
757 3118 1
4452 1997 1
951 3013 1
5213 2980 1
4384 4499 1
2264 4702 1
4690 4717 1
3042 2570 1
4241 3919 1
3493 5035 1
503 4906 1
5360 5317 1
775 3679 1
1990 2665 1
3697 1066 1
1264 2404 1
4408 3564 1
3670 1687 1
5102 2491 1
5102 2065 1
3019 3634 1
2485 3968 1
4323 1180 1
1983 3354 1
4480 5177 1
2161 4155 1
4478 5115 1
3538 4298 1
3734 562 1
205 2710 1
869 4859 1
3356 1474 1
4153 1721 1
1736 3692 1
3256 5387 1
2623 5327 1
4903 2043 1
4903 2785 1
1336 2577 1
1899 3825 1
93 307 1
4124 1052 1
3870 2965 1
4949 4239 1
189 3145 1
4280 5315 1
3830 892 1
2860 31 1
906 5104 1
3165 4052 1
4565 200 1
814 553 1
482 4885 1
2387 4574 1
5379 5030 1
2044 541 1
3656 3549 1
893 3784 1
1315 1833 1
3831 4302 1
2520 5099 1
3132 5393 1
3170 3864 1
82 666 1
3744 352 1
5256 148 1
4102 667 1
647 1289 1
5196 933 1
4091 3030 1
4143 154 1
3051 3197 1
3143 1847 1
3942 4084 1
656 5304 1
2337 4514 1
1044 4784 1
1905 1243 1
1076 498 1
1665 4916 1
2744 2278 1
4219 4596 1
2123 2938 1
1364 2076 1
2864 4970 1
3560 646 1
2162 4841 1
1705 3711 1
3999 3072 1
419 670 1
465 578 1
343 4796 1
921 4796 1
237 654 1
4979 467 1
4979 858 1
3426 2204 1
4988 4159 1
2588 1365 1
468 605 1
1062 3812 1
2608 4738 1
974 4703 1
4327 4161 1
4196 2338 1
4472 4245 1
3085 1841 1
3085 872 1
2093 4797 1
934 1160 1
4069 2259 1
3921 4030 1
995 1897 1
2752 3763 1
799 4890 1
839 809 1
1067 638 1
1022 1723 1
1130 4363 1
5273 439 1
2051 2753 1
2158 4058 1
3378 4144 1
3378 3461 1
166 894 1
230 5282 1
4687 5044 1
4533 4492 1
5164 2826 1
949 1631 1
5366 95 1
5334 2343 1
1690 3730 1
2077 501 1
2159 294 1
3943 4430 1
4427 1070 1
3288 3321 1
485 4563 1
327 1583 1
246 1000 1
2438 4442 1
1032 3597 1
2427 3871 1
183 5367 1
5144 2095 1
1291 4804 1
1628 4631 1
3460 1384 1
2701 98 1
80 3477 1
4344 2331 1
2708 2096 1
184 4423 1
4468 2521 1
1636 2242 1
1454 3372 1
1538 3181 1
192 4566 1
1790 3814 1
3732 2829 1
941 4357 1
941 1417 1
1045 953 1
579 298 1
2861 1308 1
4130 3762 1
4768 368 1
3304 4618 1
96 524 1
5178 2647 1
823 4791 1
649 5358 1
4460 4342 1
179 1021 1
179 1208 1
4269 1056 1
5123 4561 1
3904 3955 1
3582 750 1
3084 2164 1
1745 3120 1
874 4974 1
3994 3388 1
3191 1449 1
2857 916 1
1555 606 1
3455 2578 1
4038 2897 1
4218 415 1
2304 3447 1
2642 3568 1
4790 3568 1
270 4220 1
1569 3609 1
5072 1447 1
1816 4346 1
3450 3790 1
29 1612 1
1580 4193 1
364 2926 1
798 4956 1
4875 2625 1
5335 2881 1
1754 2345 1
5052 2953 1
5052 4855 1
1544 703 1
1349 3027 1
144 4022 1
1369 4902 1
1014 1973 1
3542 4520 1
1618 3760 1
616 4454 1
2488 3389 1
5228 290 1
1337 1692 1
5302 69 1
681 2193 1
681 3177 1
681 227 1
1729 2967 1
3653 4040 1
2745 2029 1
175 5268 1
4462 879 1
3662 3267 1
3925 1971 1
3753 3507 1
4035 4129 1
4217 3785 1
4579 2019 1
3445 3502 1
994 1149 1
3026 973 1
3689 2027 1
1201 4918 1
3359 2231 1
4240 1921 1
4646 3532 1
70 935 1
2543 556 1
542 5148 1
4587 856 1
520 883 1
1048 2996 1
2749 571 1
167 545 1
4635 2636 1
3307 1246 1
2232 4488 1
582 431 1
2163 2586 1
3444 4372 1
489 5065 1
2241 3910 1
1162 3486 1
302 3669 1
5278 3754 1
2098 1292 1
3909 2284 1
2262 4073 1
4297 564 1
2257 4708 1
3973 3229 1
3727 4730 1
4456 3512 1
1055 525 1
178 1679 1
3129 3203 1
4050 3151 1
349 3497 1
2667 4943 1
2114 5245 1
961 3835 1
2947 607 1
3539 4308 1
1275 1255 1
212 1332 1
248 1124 1
2770 1476 1
2531 2214 1
857 1585 1
1465 5054 1
3023 5237 1
3014 4584 1
4335 1523 1
4335 5096 1
4037 5138 1
4667 5027 1
2694 614 1
2124 1802 1
4926 280 1
2173 1764 1
2321 1672 1
2653 2596 1
4188 64 1
4495 16 1
2621 3203 1
2489 1182 1
4746 2001 1
4085 1325 1
1183 4229 1
4805 2866 1
3489 2074 1
627 4189 1
2888 2473 1
469 956 1
469 777 1
2942 2167 1
3408 2852 1
2185 3459 1
5029 1863 1
4044 4858 1
314 3821 1
2275 3571 1
3529 3149 1
999 71 1
736 577 1
655 742 1
2688 1242 1
3404 1385 1
936 3230 1
2063 320 1
2150 320 1
3552 3949 1
2759 3066 1
513 937 1
4534 5139 1
3469 684 1
810 4062 1
643 1219 1
3695 2289 1
3514 2587 1
1772 453 1
2917 201 1
1250 4616 1
3575 3249 1
5124 4197 1
2788 378 1
2990 640 1
2914 2733 1
2736 3457 1
4244 472 1
2901 2075 1
3797 1825 1
3530 2061 1
5363 5283 1
1955 4780 1
4359 1188 1
2318 3335 1
3498 4845 1
2939 2571 1
1220 4762 1
4962 3376 1
1249 2675 1
2210 4115 1
436 1229 1
4542 1077 1
260 4928 1
1391 2526 1
4668 4001 1
1879 2002 1
4689 5012 1
1867 992 1
3987 267 1
2034 715 1
5108 433 1
4255 2573 1
4952 3628 1
3823 1974 1
2099 2548 1
264 2349 1
1545 3164 1
2143 818 1
2533 121 1
1581 3384 1
398 1920 1
4378 3010 1
3421 5288 1
4718 3024 1
4003 4543 1
4809 1773 1
4704 4086 1
4764 4341 1
5168 1711 1
2550 1155 1
72 4360 1
1228 3699 1
5350 2594 1
3298 769 1
4471 4074 1
2100 4148 1
3978 1947 1
3296 4466 1
4025 1333 1
2350 172 1
4955 3541 1
5066 4932 1
5116 2654 1
2189 2328 1
3746 2105 1
242 5388 1
720 3993 1
1290 1977 1
5349 2637 1
3548 4204 1
2539 2544 1
1676 3773 1
4707 1330 1
311 5098 1
938 1158 1
592 5355 1
1316 1856 1
3710 1932 1
850 917 1
850 4154 1
3083 188 1
3171 1978 1
867 1256 1
3684 4523 1
3889 1304 1
4647 3371 1
3194 1028 1
2004 4222 1
3592 1266 1
4709 3965 1
4067 558 1
1432 4921 1
3802 1370 1
4176 2831 1
2308 3937 1
487 4572 1
4477 1590 1
4163 127 1
3098 1395 1
5191 4821 1
2112 4090 1
2537 4691 1
3599 717 1
1959 379 1
4000 162 1
4710 2141 1
5130 5235 1
2137 4438 1
4682 4457 1
3166 1960 1
4107 4715 1
1586 772 1
1154 3253 1
2277 322 1
4157 416 1
970 1895 1
1086 2153 1
3626 903 1
4802 942 1
4782 5298 1
2822 1345 1
4393 5368 1
4763 3598 1
4199 1294 1
4004 3832 1
2842 5290 1
1450 1412 1
4877 2987 1
3824 39 1
530 4573 1
4171 470 1
2090 943 1
4620 3614 1
1853 2549 1
1092 410 1
4463 3029 1
1390 5105 1
2656 4781 1
4230 180 1
3383 2372 1
306 4878 1
181 1673 1
3915 79 1
3827 1169 1
912 4806 1
3641 1171 1
2233 4981 1
3113 3108 1
2703 443 1
996 5293 1
3615 821 1
987 5257 1
3700 1221 1
679 2329 1
4285 5336 1
1347 1755 1
1298 2754 1
852 4071 1
4405 2248 1
3464 847 1
1157 1189 1
4830 4036 1
3963 952 1
669 4433 1
1557 2049 1
3270 3923 1
1844 998 1
5321 2931 1
1437 4743 1
4545 2258 1
1852 1273 1
1125 625 1
17 1540 1
1599 2356 1
2276 1868 1
3618 939 1
2358 3195 1
3261 4886 1
660 115 1
5110 3221 1
1428 5225 1
4259 1175 1
2862 3671 1
3565 3025 1
1848 2154 1
1768 2322 1
4441 5361 1
441 213 1
1088 426 1
1747 4601 1
4194 969 1
3894 1549 1
4670 3914 1
177 3413 1
1147 2394 1
4461 2394 1
3645 3283 1
5174 5031 1
1613 3420 1
1553 1318 1
4675 2552 1
3683 761 1
3952 3557 1
118 3441 1
4836 3986 1
4831 4006 1
284 4440 1
1259 4063 1
1484 2175 1
4232 1033 1
2268 459 1
2246 3327 1
1582 4508 1
3593 3487 1
608 589 1
3533 1637 1
3423 1991 1
1295 1372 1
2211 4414 1
4648 3804 1
276 1793 1
430 3815 1
2668 2722 1
913 3461 1
5254 853 1
1561 4173 1
1616 2986 1
3929 1775 1
4803 5345 1
2678 1826 1
1435 4434 1
5036 2194 1
3153 2106 1
3807 289 1
169 741 1
1093 3495 1
1654 1762 1
2508 4737 1
2843 1541 1
565 4121 1
2911 5143 1
1197 2777 1
648 2480 1
2388 4319 1
432 4077 1
1728 4846 1
1350 642 1
4311 4023 1
4321 783 1
3496 1845 1
1503 3545 1
1923 5220 1
2877 2381 1
4448 730 1
4798 2000 1
4626 1850 1
196 3368 1
5192 1644 1
2406 355 1
97 5129 1
3264 2177 1
4475 3258 1
849 315 1
2545 2445 1
1592 861 1
2367 5149 1
1251 5149 1
1779 391 1
266 3856 1
1436 2890 1
3930 3932 1
1956 3089 1
488 1206 1
2900 3058 1
1348 672 1
1938 1036 1
197 3161 1
1607 4850 1
673 1928 1
787 3967 1
1839 293 1
4688 1427 1
2600 4328 1
4628 758 1
1319 3791 1
3059 3336 1
5199 4078 1
3044 3976 1
2674 859 1
49 4720 1
572 5274 1
2982 5141 1
3116 3295 1
812 731 1
4564 2968 1
5365 1112 1
4417 3358 1
5331 2717 1
779 1957 1
2728 706 1
4313 4479 1
3680 4625 1
1134 3104 1
3337 3681 1
2657 1222 1
726 2442 1
4110 3892 1
554 371 1
2998 450 1
2234 4087 1
1475 841 1
4179 768 1
3808 884 1
1906 1996 1
1935 1629 1
622 4927 1
2411 1181 1
3576 2503 1
3237 2240 1
149 1040 1
3977 3551 1
4276 4187 1
3210 4753 1
1176 2507 1
792 112 1
5145 944 1
2984 2509 1
4892 438 1
2263 1746 1
4270 2949 1
40 1703 1
3690 2865 1
3905 2771 1
3691 113 1
2465 1329 1
3131 451 1
2334 2797 1
3950 581 1
1849 4175 1
2955 2190 1
2025 732 1
4893 5134 1
5047 4941 1
4373 3777 1
3957 3488 1
2832 3315 1
2389 372 1
1588 1805 1
4057 4843 1
135 889 1
966 1750 1
1525 3688 1
48 3688 1
5091 5160 1
3635 5219 1
1625 4399 1
5206 346 1
4731 1854 1
1630 5308 1
5041 3238 1
446 5347 1
2792 2950 1
1080 4578 1
1470 1769 1
3492 3938 1
3795 5182 1
126 3389 1
4117 2522 1
4732 3720 1
4582 5233 1
4848 4028 1
5193 2757 1
2472 220 1
3550 158 1
243 4339 1
2646 3141 1
644 3722 1
2363 2913 1
2823 677 1
3268 1688 1
2638 1413 1
4054 2196 1
3142 3032 1
1646 1495 1
1119 1163 1
2666 2335 1
3658 3665 1
2178 2695 1
2128 3134 1
3399 265 1
4079 1652 1
1230 4815 1
2815 907 1
624 2462 1
4987 4785 1
1378 2547 1
3906 3887 1
5165 531 1
3838 238 1
4792 84 1
712 2219 1
1399 2360 1
5136 965 1
2528 271 1
5314 396 1
4766 2346 1
842 3577 1
2156 2271 1
2466 510 1
1335 1712 1
5389 399 1
412 4053 1
1146 4835 1
1951 5169 1
550 4165 1
4827 3989 1
780 3279 1
4820 697 1
3674 3199 1
3099 2781 1
2530 2390 1
764 4686 1
190 1619 1
168 3644 1
880 822 1
471 434 1
4246 5382 1
361 3269 1
2482 2448 1
2603 5170 1
4933 5170 1
2160 2557 1
1716 1508 1
5180 1416 1
721 3236 1
888 5246 1
2443 1979 1
4295 825 1
2453 4633 1
1233 816 1
2035 4629 1
5341 2039 1
5039 2039 1
2415 3828 1
3927 1031 1
4812 4170 1
3833 4126 1
2597 1515 1
2719 2927 1
3712 46 1
2553 4944 1
2303 2015 1
3945 1320 1
3280 3011 1
4340 1909 1
5008 3702 1
3728 1305 1
3513 2037 1
5218 3285 1
43 2378 1
514 945 1
2117 3872 1
3435 3318 1
1023 4225 1
4842 2353 1
1603 1510 1
3839 3503 1
4418 2725 1
574 1167 1
5209 5146 1
3596 5324 1
5229 463 1
5092 2943 1
2181 4184 1
1857 3204 1
1174 2070 1
2560 2834 1
156 2673 1
636 4379 1
3360 1386 1
2423 5364 1
3091 5033 1
5277 3259 1
457 1884 1
3851 4602 1
2144 4343 1
1375 19 1
4840 1564 1
4203 4530 1
543 881 1
5262 4334 1
546 2145 1
1770 76 1
2726 2883 1
3758 631 1
3190 2068 1
2417 2191 1
2118 2191 1
1653 5300 1
746 3463 1
1015 2954 1
4961 4119 1
626 900 1
3180 786 1
2250 2907 1
1463 4612 1
2977 99 1
5230 3908 1
269 1900 1
