2617 486 1
2617 384 1
2617 1354 1
138 279 1
2869 1827 1
1886 52 1
1886 80 1
1886 2995 1
1886 2441 1
1886 1724 1
1886 1010 1
1886 2350 1
1135 2873 1
1135 2487 1
1135 1356 1
1135 3089 1
1135 273 1
1135 2307 1
1135 79 1
11 2641 1
11 890 1
11 169 1
2744 935 1
2744 2193 1
2744 1436 1
2744 2220 1
2744 2099 1
789 1397 1
2745 2557 1
2745 1052 1
2745 2655 1
1223 3081 1
1223 195 1
553 2622 1
553 63 1
126 359 1
126 988 1
126 1778 1
126 2179 1
126 329 1
939 1441 1
939 1353 1
939 2370 1
939 728 1
939 796 1
939 433 1
939 2644 1
939 1862 1
939 960 1
1691 1594 1
863 737 1
863 1891 1
863 701 1
863 955 1
2276 2112 1
2276 1795 1
2276 2938 1
2276 1764 1
2276 533 1
296 1120 1
296 1631 1
296 1851 1
296 2414 1
296 1264 1
42 767 1
2081 1257 1
1574 280 1
1574 2599 1
1574 1500 1
1574 793 1
1574 2132 1
3177 806 1
3177 678 1
3177 1015 1
1546 2262 1
1546 1838 1
1546 1100 1
1546 983 1
1546 2855 1
2787 471 1
2787 122 1
1332 1377 1
1332 163 1
1332 1729 1
1332 206 1
1332 123 1
1332 1904 1
1332 1197 1
1332 2160 1
1332 1745 1
1332 980 1
1332 136 1
1332 1398 1
1332 2805 1
1332 2184 1
1332 943 1
1332 3054 1
1332 446 1
1332 991 1
2595 160 1
2065 2250 1
2065 57 1
2977 1781 1
2977 253 1
2977 921 1
1337 3029 1
1337 2550 1
1337 2647 1
1337 1871 1
1337 3043 1
1337 2315 1
1337 1327 1
1736 587 1
820 886 1
820 1814 1
820 2838 1
2233 2162 1
2233 3115 1
3056 2348 1
3056 1401 1
2356 2577 1
2356 846 1
2356 1525 1
2356 428 1
265 1112 1
1099 3117 1
45 1586 1
3071 1527 1
417 1465 1
1324 1252 1
1324 1234 1
2090 2950 1
453 2148 1
453 1404 1
3105 1338 1
3105 1774 1
2756 2216 1
2114 2022 1
2114 1003 1
2114 579 1
2114 2454 1
2114 1004 1
2114 490 1
2114 526 1
2114 3098 1
2114 2339 1
2114 635 1
116 2366 1
116 349 1
118 1929 1
118 1551 1
1244 2131 1
1244 466 1
1244 3175 1
1244 3049 1
1244 1571 1
1244 783 1
1244 1376 1
1244 3038 1
1244 2460 1
1244 1715 1
1244 1144 1
1244 2083 1
1244 3075 1
1244 1124 1
1244 150 1
1244 98 1
1244 2528 1
1244 2860 1
1244 1562 1
1244 1582 1
2112 2318 1
2112 1131 1
1656 203 1
1656 2635 1
2485 2321 1
1377 2451 1
328 1311 1
328 1599 1
3018 1189 1
3018 439 1
3018 2104 1
3018 1873 1
3018 1825 1
2713 3060 1
2713 3178 1
578 2944 1
578 1655 1
578 65 1
578 2072 1
578 386 1
578 2659 1
578 1722 1
578 3099 1
578 1048 1
578 741 1
578 947 1
578 2457 1
578 188 1
578 2523 1
578 1108 1
578 1117 1
578 1014 1
578 2868 1
578 1938 1
1280 2865 1
1280 1250 1
1280 804 1
1280 2587 1
2165 1435 1
2165 1604 1
2776 350 1
2776 1179 1
2776 2025 1
2511 1628 1
2511 456 1
2511 1892 1
2511 1952 1
2511 2391 1
2511 2385 1
873 772 1
1247 553 1
1247 318 1
1247 2809 1
1247 2660 1
1247 2429 1
1247 1153 1
1075 730 1
2103 2716 1
2103 2246 1
2103 3172 1
471 1849 1
1997 1534 1
1905 2879 1
2040 2606 1
2040 1148 1
1306 2751 1
1062 2424 1
1062 49 1
1062 324 1
1062 2044 1
212 153 1
212 2009 1
212 1149 1
212 1447 1
212 693 1
466 2696 1
466 1750 1
334 2465 1
334 2507 1
334 1878 1
334 1256 1
1665 2586 1
1665 2683 1
1665 70 1
1665 1840 1
1665 2169 1
1665 3042 1
1665 2835 1
1665 936 1
1665 2880 1
1665 1177 1
1665 597 1
1665 2337 1
1665 758 1
1665 1629 1
1665 1394 1
1665 2561 1
1665 2111 1
2329 1653 1
2329 2278 1
2329 1138 1
2329 366 1
2329 210 1
2329 2645 1
2329 2119 1
2329 3000 1
2329 2895 1
2329 2924 1
2153 2228 1
2153 1669 1
2153 610 1
2153 1045 1
2153 127 1
2153 810 1
2153 27 1
1267 1543 1
1267 2323 1
442 1633 1
442 1294 1
1755 2869 1
1755 939 1
1755 3004 1
1755 2060 1
1755 2444 1
1755 1874 1
1755 2335 1
1755 975 1
1755 2144 1
1755 2790 1
1755 1650 1
1755 1278 1
1755 229 1
1755 1122 1
1755 1748 1
794 2945 1
794 1912 1
1761 820 1
1761 1905 1
1761 522 1
1761 764 1
1766 92 1
2547 897 1
2547 2438 1
2547 212 1
2547 2981 1
2547 1598 1
2547 774 1
2547 164 1
2547 1357 1
2547 2761 1
2547 612 1
2547 197 1
2547 1945 1
2547 1200 1
2547 2419 1
2547 633 1
2547 593 1
2547 1833 1
2547 3184 1
2547 5 1
1940 1605 1
1940 1043 1
1940 1126 1
1940 2054 1
1662 1044 1
3032 2767 1
3032 467 1
3032 283 1
3032 325 1
3032 1429 1
3032 1989 1
2171 2264 1
1022 178 1
1022 1424 1
1022 2996 1
1022 2237 1
1022 2976 1
1022 151 1
1022 2812 1
3049 2172 1
3049 427 1
1680 132 1
1680 240 1
1680 1541 1
1680 3083 1
2876 577 1
2876 1972 1
2876 1659 1
2876 652 1
2876 2708 1
2876 2916 1
2876 3034 1
2876 1349 1
2373 3080 1
2373 1253 1
2373 23 1
2373 1917 1
2373 1225 1
465 1449 1
720 1375 1
720 1831 1
720 895 1
720 1518 1
478 307 1
478 2792 1
478 1876 1
478 2754 1
478 912 1
2029 1589 1
2029 542 1
2029 2848 1
2029 546 1
2029 438 1
2029 527 1
2029 1291 1
1777 875 1
1777 1086 1
1777 561 1
1777 2771 1
1777 816 1
1777 2407 1
1777 2555 1
1777 2618 1
2943 2289 1
1813 2186 1
2368 13 1
2368 2411 1
2368 2127 1
2368 2982 1
2368 2096 1
2368 2512 1
1844 2878 1
1844 1908 1
1844 814 1
2936 2515 1
2936 2090 1
2936 2544 1
2936 2643 1
2936 56 1
2936 540 1
2936 345 1
2936 89 1
2936 1463 1
2936 2992 1
2936 2624 1
2936 1818 1
2936 251 1
2936 736 1
2936 2748 1
2936 2941 1
2936 2638 1
2936 221 1
2936 1576 1
3010 2187 1
3010 3123 1
3010 2360 1
3010 425 1
3010 571 1
1116 2579 1
1116 761 1
1116 981 1
458 2058 1
458 1344 1
458 25 1
458 2310 1
1303 946 1
1303 243 1
1303 2384 1
1303 2930 1
1303 1167 1
1303 1183 1
763 2867 1
2311 564 1
2311 755 1
2311 2934 1
2313 2856 1
2313 135 1
2313 2839 1
2313 2304 1
2313 2468 1
2313 2338 1
2313 1330 1
2313 344 1
653 3140 1
2939 372 1
2189 1069 1
2189 1826 1
2189 1016 1
2189 1186 1
2189 2061 1
2189 833 1
2189 1790 1
2189 1362 1
2189 1374 1
2189 292 1
572 1235 1
572 1473 1
572 1514 1
572 2580 1
572 2505 1
572 1786 1
572 1073 1
572 1402 1
572 1368 1
572 530 1
2796 1707 1
2796 517 1
2796 1101 1
2796 1196 1
2796 139 1
2796 2691 1
2796 831 1
2796 1111 1
2796 1864 1
2796 2890 1
2796 2116 1
2796 1530 1
2796 3179 1
2796 3127 1
2796 1466 1
2796 8 1
2796 1026 1
2796 1329 1
2796 2295 1
2796 2502 1
2796 1451 1
2796 360 1
2796 867 1
2796 2201 1
2796 580 1
2796 1776 1
525 3095 1
2712 2180 1
2712 1889 1
2712 2084 1
2712 521 1
1514 2101 1
1514 1190 1
2946 3048 1
819 2650 1
511 3030 1
511 628 1
511 1986 1
511 1591 1
511 832 1
511 1259 1
511 2357 1
511 1894 1
2686 2841 1
2686 1312 1
2686 627 1
2686 2034 1
70 1805 1
70 2402 1
818 756 1
2436 2560 1
2436 3129 1
2436 1267 1
2436 800 1
2436 1552 1
2436 1939 1
2436 1304 1
2436 3161 1
2436 1689 1
2436 2536 1
2436 400 1
2436 316 1
2436 1458 1
2436 2564 1
2436 2675 1
2436 77 1
2436 1314 1
2436 2102 1
2436 1241 1
2436 2842 1
1285 1154 1
1285 1247 1
1285 2267 1
1285 599 1
1285 447 1
1285 1613 1
1285 2553 1
1285 615 1
1285 309 1
1285 2597 1
1285 1932 1
1285 2433 1
1285 1281 1
1285 1858 1
1285 1245 1
1285 18 1
1285 998 1
1187 625 1
1187 458 1
1187 1034 1
1187 1352 1
1187 2625 1
1187 1171 1
1113 2970 1
1113 2845 1
1113 2757 1
2752 2375 1
2752 1612 1
2752 565 1
2752 3113 1
2752 454 1
2752 3039 1
2752 2213 1
775 1057 1
775 2905 1
2767 2388 1
2767 104 1
2767 299 1
2267 2823 1
2267 671 1
2267 2583 1
2267 1630 1
2267 1739 1
2267 2668 1
2267 1232 1
2267 2601 1
2267 317 1
2241 537 1
574 557 1
2395 1055 1
2395 940 1
3052 2539 1
3052 716 1
1937 457 1
1937 1213 1
1937 2980 1
1937 2098 1
1937 1861 1
1573 2821 1
1573 2329 1
1573 600 1
1573 536 1
1573 2925 1
1573 2497 1
1573 2474 1
1573 1406 1
1573 1065 1
1573 2038 1
503 2182 1
503 3164 1
503 2963 1
503 2079 1
503 2604 1
227 382 1
227 2008 1
227 876 1
2097 1940 1
2097 2874 1
2097 2283 1
2097 402 1
2097 1898 1
2097 2151 1
2097 1702 1
2097 2055 1
2097 703 1
2097 1423 1
2097 3102 1
2097 1119 1
2097 2534 1
2097 2048 1
2097 2514 1
2097 1246 1
1054 2566 1
1054 1492 1
1054 2637 1
1054 393 1
1054 1535 1
1054 3153 1
3058 487 1
3058 1037 1
497 953 1
2291 1450 1
2291 743 1
2291 146 1
2291 951 1
3016 1209 1
3016 222 1
3016 2854 1
3016 9 1
3016 484 1
3016 2959 1
3016 877 1
3016 2471 1
2322 2431 1
2322 2426 1
2322 1775 1
2322 1092 1
280 3137 1
2123 2884 1
2123 2309 1
2580 733 1
2580 1063 1
2580 1222 1
573 589 1
573 3151 1
3022 1801 1
3022 704 1
3022 304 1
2769 1996 1
2487 2403 1
291 512 1
291 2312 1
2785 1341 1
2799 899 1
705 811 1
705 507 1
705 369 1
705 2317 1
1425 1114 1
1425 2445 1
1425 1182 1
1425 996 1
1425 1361 1
2861 2611 1
2217 1412 1
2217 616 1
1885 1766 1
1885 3132 1
1885 1498 1
1885 3138 1
1885 1607 1
1885 1538 1
1426 1560 1
1426 2188 1
1426 1815 1
2505 2584 1
2505 429 1
2505 869 1
582 1053 1
253 984 1
253 140 1
2266 532 1
313 2430 1
113 1789 1
113 357 1
113 1228 1
113 1609 1
113 781 1
113 2720 1
972 1983 1
972 2019 1
972 463 1
1268 2758 1
415 2740 1
415 1386 1
415 1493 1
415 919 1
415 2908 1
415 249 1
415 1193 1
415 1395 1
1644 1300 1
1644 1632 1
1644 1020 1
1644 582 1
1644 2486 1
1644 1080 1
1644 1418 1
1644 1076 1
1644 149 1
1644 1369 1
1644 1623 1
1644 3104 1
3070 319 1
3070 246 1
2705 242 1
1883 129 1
1668 634 1
1668 901 1
1668 1147 1
1668 2518 1
1668 1283 1
1668 378 1
1668 2697 1
1668 1479 1
2877 2224 1
1036 555 1
211 1807 1
211 857 1
211 1156 1
211 1720 1
211 2001 1
211 2581 1
211 562 1
2993 93 1
2993 1588 1
2993 2413 1
2993 226 1
2993 62 1
2993 2783 1
2993 2340 1
2993 2897 1
2993 1276 1
2993 963 1
1780 2138 1
1595 3144 1
1595 2479 1
1595 1901 1
1595 835 1
1595 837 1
1595 2455 1
1595 2964 1
1595 673 1
1595 2333 1
1595 2803 1
1595 1993 1
1595 28 1
1556 1621 1
1556 3168 1
1556 408 1
1556 851 1
1556 608 1
1556 1387 1
3096 2031 1
2006 2371 1
2006 1672 1
2006 2987 1
2006 1496 1
2006 1700 1
2006 81 1
2571 1758 1
2571 411 1
2571 2530 1
1147 1191 1
1147 2693 1
1147 3072 1
1147 2062 1
1147 847 1
1147 1029 1
1147 2837 1
1931 1648 1
1731 391 1
2742 3133 1
2742 2129 1
2742 1226 1
799 523 1
799 1987 1
799 1897 1
799 2152 1
2791 1346 1
2791 2114 1
2791 2901 1
2791 1495 1
2791 836 1
2791 2003 1
2791 1799 1
2791 2107 1
2791 3079 1
2791 747 1
2791 1403 1
1399 989 1
1399 2452 1
916 3167 1
2117 2588 1
1155 1845 1
1155 559 1
102 213 1
102 444 1
102 1169 1
102 3101 1
102 2773 1
102 2521 1
102 2755 1
102 264 1
102 1093 1
102 3109 1
102 2563 1
37 1522 1
91 1709 1
91 1563 1
91 2128 1
1304 398 1
1304 1355 1
2456 2864 1
2456 2051 1
2456 2695 1
2456 493 1
2456 2917 1
2456 1370 1
2456 2747 1
2456 161 1
2456 2469 1
2456 30 1
757 1146 1
757 2270 1
757 2937 1
757 2141 1
757 660 1
757 1742 1
757 1943 1
757 2795 1
2657 2248 1
2599 1773 1
2599 1557 1
3042 1964 1
1701 2813 1
2254 840 1
2254 962 1
2254 3169 1
2254 2613 1
2254 1248 1
2254 209 1
2254 1265 1
2254 172 1
2254 2999 1
2254 1980 1
2254 407 1
957 1107 1
957 2049 1
957 120 1
957 1042 1
957 1868 1
957 2701 1
2614 2316 1
896 3148 1
2516 1763 1
1461 1085 1
1461 905 1
1461 581 1
1461 849 1
2885 1606 1
2885 45 1
2885 1270 1
2885 2147 1
2885 241 1
2885 1569 1
2885 2904 1
1208 2568 1
1208 2737 1
1208 604 1
1208 2354 1
1208 1325 1
1208 2070 1
1208 1556 1
1208 2308 1
1208 1685 1
1208 2294 1
1208 29 1
1208 1046 1
1208 1163 1
1208 180 1
1208 1683 1
2479 1879 1
2479 26 1
2479 864 1
2479 1074 1
2479 1837 1
1390 2579 1
2990 1860 1
2990 874 1
2990 502 1
2990 2075 1
2990 173 1
2990 2663 1
2990 2596 1
2990 202 1
2990 893 1
1572 365 1
1572 1991 1
1572 646 1
1572 926 1
1572 305 1
1572 1262 1
3077 191 1
3077 2198 1
771 64 1
771 1909 1
771 2501 1
904 1828 1
2364 1218 1
2364 2935 1
2364 2050 1
2364 1189 1
2364 3006 1
2364 626 1
2271 1740 1
2271 2258 1
2271 300 1
1896 744 1
1896 883 1
1896 720 1
1896 870 1
1896 906 1
1896 958 1
1896 2621 1
1896 2672 1
1896 636 1
1896 2390 1
1896 254 1
2115 1936 1
2115 2971 1
2115 618 1
2115 2729 1
2854 659 1
3161 1601 1
3161 1103 1
3161 468 1
3161 392 1
3161 898 1
3161 2810 1
3161 2285 1
3161 3162 1
3161 1597 1
3161 3189 1
3161 795 1
2492 2427 1
83 2373 1
83 2673 1
831 2242 1
831 1743 1
831 3171 1
831 1109 1
831 3190 1
831 1749 1
1056 1716 1
1056 971 1
1056 613 1
1056 548 1
751 2326 1
1544 2793 1
1544 1175 1
2072 2709 1
2072 3025 1
2072 2712 1
2072 1268 1
2072 1505 1
2072 3107 1
2072 332 1
2072 630 1
2072 2598 1
1532 381 1
1532 1180 1
1532 911 1
1532 1419 1
1532 269 1
3132 2988 1
3132 1649 1
3132 1660 1
2308 204 1
2308 2020 1
2441 2207 1
2441 1168 1
2441 1275 1
2441 1994 1
2441 185 1
2441 2886 1
2441 1811 1
1313 174 1
1313 67 1
560 759 1
560 2824 1
1970 2093 1
175 932 1
175 303 1
2327 2268 1
2327 1834 1
2327 1110 1
2327 1121 1
2327 1464 1
2327 2124 1
493 1608 1
3169 483 1
1727 953 1
1727 1817 1
2122 2185 1
2122 2324 1
2122 2164 1
2682 1287 1
2682 3021 1
2682 183 1
1047 918 1
1047 1405 1
2439 1919 1
2439 1710 1
2439 377 1
450 248 1
450 2496 1
891 2063 1
891 2208 1
3148 551 1
3148 414 1
3148 2898 1
1966 828 1
1966 822 1
1966 1474 1
1663 2263 1
1663 1555 1
3008 1470 1
3008 504 1
3008 44 1
3008 1452 1
925 1432 1
925 351 1
925 2470 1
925 2010 1
1058 1846 1
1058 791 1
1058 1115 1
1058 1139 1
1058 2983 1
2680 2511 1
2680 2797 1
2680 3026 1
2680 3191 1
2680 1934 1
1969 3011 1
3086 1882 1
3086 2721 1
3086 1791 1
3086 2825 1
2163 1670 1
2163 3033 1
2163 1388 1
2163 1483 1
1138 1762 1
1138 2393 1
2406 2920 1
2406 2313 1
2406 1727 1
2406 1682 1
2406 87 1
2406 1383 1
2406 390 1
2078 2585 1
320 113 1
320 1570 1
1787 732 1
1787 267 1
1787 1711 1
1787 2889 1
1787 1009 1
1787 341 1
1787 1561 1
1787 2420 1
1787 1038 1
1930 2503 1
1930 640 1
1930 416 1
1930 2235 1
1930 1194 1
1930 281 1
1930 1290 1
1930 2710 1
1930 1173 1
2673 2156 1
2673 455 1
2673 492 1
2673 1414 1
2673 683 1
2673 2656 1
386 1865 1
386 276 1
386 1039 1
386 858 1
386 339 1
386 1584 1
386 1647 1
386 239 1
386 859 1
386 2634 1
2923 1526 1
2923 410 1
2923 1777 1
2923 2752 1
2923 1249 1
2923 1254 1
2923 3065 1
2923 2698 1
2923 3170 1
2923 726 1
2923 1504 1
2923 2272 1
1231 2787 1
1231 792 1
1231 2443 1
1231 1806 1
2850 1324 1
2850 722 1
2850 3180 1
2850 1706 1
2850 3149 1
2850 2305 1
2850 2923 1
2850 2229 1
2850 1477 1
2850 2076 1
2850 71 1
2850 2222 1
2850 1031 1
2850 900 1
2850 1480 1
2850 1348 1
2850 1230 1
2850 424 1
2850 2146 1
2850 510 1
2261 1082 1
2261 464 1
1812 986 1
1812 284 1
1812 3154 1
1812 1951 1
1812 1615 1
1812 992 1
1812 543 1
1812 2928 1
1785 2432 1
1901 657 1
1901 1958 1
1901 1976 1
1414 2068 1
2741 271 1
201 3017 1
476 16 1
476 3062 1
476 1933 1
476 2763 1
476 623 1
476 706 1
476 1658 1
94 2972 1
519 3128 1
519 1301 1
519 1999 1
519 70 1
519 2475 1
519 2467 1
519 2036 1
519 2041 1
519 514 1
519 1914 1
519 2191 1
519 2113 1
519 171 1
519 727 1
519 3139 1
519 2394 1
519 1796 1
519 1359 1
2240 853 1
2240 1521 1
2240 990 1
2240 675 1
85 1019 1
3064 1150 1
392 1718 1
392 2760 1
392 1539 1
392 915 1
392 3050 1
392 1431 1
392 2819 1
392 1575 1
3106 1328 1
2986 908 1
2986 2293 1
2986 287 1
2986 2589 1
2986 884 1
2986 1616 1
2986 205 1
2986 2234 1
2986 3134 1
2986 795 1
2244 2600 1
2244 1684 1
2244 930 1
2244 2694 1
2244 2949 1
906 1953 1
2836 1181 1
2836 413 1
2836 1351 1
2836 2734 1
3121 2159 1
2609 2548 1
2609 2662 1
2609 1859 1
3152 1626 1
3152 75 1
3152 1363 1
3152 2301 1
2726 2204 1
2726 739 1
1686 2280 1
2296 1959 1
2296 2866 1
2296 445 1
2296 1155 1
2296 2364 1
2296 162 1
2296 1515 1
2296 1540 1
2296 567 1
322 262 1
2409 863 1
2409 2499 1
2409 1384 1
2409 1502 1
2409 656 1
2409 247 1
2409 352 1
2409 1737 1
2055 1506 1
2055 617 1
2055 2616 1
2055 2299 1
2055 622 1
2055 2319 1
2659 2173 1
1087 2142 1
2306 1421 1
2306 809 1
2306 1292 1
1334 491 1
2772 459 1
95 2477 1
95 967 1
95 689 1
95 1832 1
95 2342 1
95 2852 1
95 3055 1
95 2251 1
310 2685 1
310 590 1
310 680 1
1951 2931 1
1951 2779 1
1951 2490 1
1951 238 1
2191 112 1
2687 2974 1
2687 1719 1
66 1877 1
2280 762 1
2280 2932 1
2280 1933 1
2280 2401 1
2890 808 1
2890 2365 1
1821 2218 1
1821 255 1
1821 1389 1
1821 2089 1
1616 1152 1
1616 2396 1
1321 2027 1
1321 872 1
1321 2290 1
1321 95 1
1321 1906 1
1321 3124 1
1321 401 1
1321 1927 1
1321 1088 1
1321 3023 1
326 3122 1
3001 3064 1
3001 2840 1
1745 2181 1
1745 125 1
1 838 1
1 1497 1
1 2012 1
1 891 1
1 2489 1
1 54 1
1 738 1
1 1513 1
1 2853 1
1 2421 1
2177 682 1
2177 1693 1
2177 343 1
2177 969 1
2177 3126 1
2177 3047 1
2177 2962 1
2177 1469 1
249 801 1
1025 1850 1
1025 2746 1
1025 2494 1
385 15 1
385 1050 1
385 3057 1
385 1269 1
385 43 1
385 1161 1
385 976 1
385 949 1
385 2960 1
404 355 1
404 2927 1
404 2605 1
404 2416 1
404 2998 1
2125 865 1
1909 1335 1
1909 1671 1
1909 2808 1
1909 3094 1
2669 389 1
288 2275 1
835 3186 1
835 2416 1
835 156 1
835 2039 1
931 1687 1
931 2664 1
931 878 1
931 3176 1
931 2014 1
931 1825 1
2925 217 1
2925 1008 1
2925 387 1
2925 250 1
2925 1839 1
2925 2118 1
2925 3051 1
2925 2219 1
2925 394 1
2925 111 1
2925 1279 1
2925 1830 1
2925 2282 1
2925 2415 1
2925 2166 1
2085 1532 1
2085 2464 1
2085 817 1
2085 1151 1
2085 1457 1
2085 2735 1
2510 1339 1
1960 1618 1
1960 1836 1
973 1516 1
973 2704 1
973 2887 1
973 1203 1
230 1417 1
230 941 1
230 244 1
230 2157 1
230 679 1
230 2369 1
230 2277 1
244 961 1
244 666 1
244 2094 1
244 2636 1
244 2109 1
2666 2485 1
1271 1428 1
1271 1434 1
1271 1158 1
1271 100 1
325 84 1
1712 721 1
1712 1033 1
1712 2346 1
1712 987 1
1893 1097 1
1893 1764 1
1893 778 1
837 1030 1
837 50 1
2192 2569 1
2192 760 1
2192 1545 1
1418 3114 1
1418 538 1
1722 2911 1
1722 834 1
681 1691 1
681 1657 1
681 2017 1
681 1116 1
681 1644 1
681 2206 1
681 2777 1
681 422 1
681 1596 1
681 68 1
681 1323 1
681 3073 1
681 436 1
681 2804 1
681 2722 1
681 233 1
681 2843 1
681 2136 1
681 2858 1
681 707 1
681 948 1
681 1282 1
681 2814 1
681 638 1
2281 2524 1
2281 61 1
1682 753 1
1682 1701 1
1682 668 1
1682 1416 1
1682 2542 1
980 177 1
1852 672 1
1852 147 1
1852 1077 1
1852 383 1
1852 2161 1
1852 1695 1
3073 2004 1
3073 713 1
766 2918 1
766 1547 1
697 2627 1
697 1503 1
1890 297 1
3038 2458 1
3038 2520 1
3038 199 1
3038 1486 1
3038 790 1
534 982 1
534 2742 1
534 505 1
534 298 1
534 684 1
534 2681 1
534 2026 1
534 2174 1
3099 2504 1
2593 1717 1
2593 3024 1
2593 2997 1
3112 2607 1
1347 3110 1
1347 2383 1
1347 497 1
1347 2178 1
1347 854 1
1347 2646 1
1347 2513 1
1347 2389 1
1347 1379 1
1347 363 1
1347 1127 1
1347 1481 1
1347 1201 1
1347 518 1
1347 2194 1
1347 1027 1
1347 765 1
2526 1977 1
2966 1439 1
2966 2815 1
2966 3111 1
2966 99 1
2966 500 1
357 2517 1
3171 1524 1
597 1455 1
597 3012 1
597 159 1
597 710 1
597 645 1
597 1603 1
597 2252 1
597 1238 1
2359 2519 1
2359 1703 1
2359 602 1
2359 2167 1
20 547 1
20 219 1
825 371 1
825 2533 1
825 1730 1
825 1533 1
1170 2826 1
2113 2929 1
1288 1924 1
1288 405 1
1288 1690 1
1288 1510 1
1288 852 1
1288 1453 1
1553 1233 1
1553 2951 1
1553 1679 1
1897 1875 1
1897 1922 1
1897 687 1
1897 591 1
436 1390 1
436 1178 1
436 2724 1
436 114 1
2082 1133 1
2082 2195 1
2082 261 1
2082 2692 1
2082 2417 1
2082 556 1
2082 2386 1
2082 1391 1
2082 1017 1
2082 674 1
2082 186 1
2082 165 1
2536 2143 1
2536 3041 1
2536 134 1
2536 2608 1
2536 1638 1
2536 2781 1
1564 2863 1
1564 2021 1
1564 2728 1
1564 399 1
1564 1002 1
449 1880 1
449 1782 1
449 697 1
449 2508 1
1559 2095 1
171 1853 1
171 245 1
171 1198 1
1034 2351 1
1530 2478 1
1530 266 1
1530 2247 1
1530 3066 1
1530 1456 1
1530 2405 1
1530 839 1
1530 1202 1
1902 465 1
1902 1577 1
1902 437 1
1902 1746 1
1902 2271 1
1902 1712 1
1902 1726 1
1902 2731 1
1902 2378 1
1902 333 1
1902 187 1
309 2278 1
309 3088 1
1352 2092 1
1352 1810 1
432 827 1
2287 1102 1
2287 1747 1
2287 2549 1
2287 2448 1
1620 311 1
1620 1302 1
2521 418 1
1645 1159 1
1645 1600 1
568 2428 1
568 2461 1
568 1881 1
568 1581 1
568 128 1
568 1350 1
568 2330 1
568 440 1
1126 2393 1
823 2827 1
823 2653 1
823 592 1
823 2106 1
823 1639 1
823 506 1
1767 3160 1
1767 1751 1
1767 768 1
2582 1771 1
1568 2353 1
1568 974 1
3066 959 1
2897 1800 1
2897 2535 1
2897 780 1
2897 2225 1
2897 2442 1
2897 1817 1
2897 945 1
1258 3181 1
1258 2110 1
1791 1793 1
2000 3036 1
2000 596 1
2733 323 1
2733 109 1
2733 2554 1
400 1723 1
400 1585 1
218 669 1
31 1471 1
1224 1243 1
34 841 1
34 1084 1
855 1050 1
155 1125 1
155 2782 1
155 1705 1
155 648 1
316 1823 1
144 1237 1
144 2233 1
144 2423 1
144 194 1
144 2199 1
144 3035 1
144 474 1
144 66 1
144 1942 1
144 2881 1
144 2440 1
144 2223 1
144 2723 1
144 1499 1
144 2822 1
144 2871 1
144 3091 1
144 1066 1
144 1322 1
144 848 1
1500 1517 1
1500 692 1
1071 803 1
1071 1136 1
1071 2736 1
1071 228 1
55 1973 1
55 2066 1
55 1923 1
55 566 1
55 1227 1
55 2030 1
55 2984 1
1627 1911 1
1627 2651 1
1627 412 1
1627 1843 1
1627 723 1
1627 1550 1
1799 286 1
1799 2500 1
1799 2847 1
1799 2399 1
1799 3093 1
3088 2437 1
235 1433 1
235 894 1
2285 787 1
2285 641 1
215 2956 1
1005 2958 1
1118 1565 1
1118 1764 1
209 1992 1
209 1967 1
209 1985 1
209 1219 1
209 214 1
209 107 1
209 1364 1
209 2303 1
209 1000 1
209 1643 1
209 82 1
209 1221 1
209 1918 1
209 2249 1
209 2594 1
209 2345 1
1217 2238 1
1333 1752 1
1333 2640 1
2086 1089 1
2086 2245 1
2086 2320 1
2086 1642 1
2086 3053 1
2086 2122 1
2086 2831 1
2722 498 1
2433 2591 1
2433 1240 1
2433 2353 1
2433 103 1
1265 631 1
1265 2857 1
1265 2961 1
2790 2700 1
2790 1415 1
2790 3040 1
2790 470 1
2790 1460 1
2790 917 1
2790 2541 1
2790 1295 1
2790 1381 1
585 1028 1
585 978 1
585 2493 1
585 1673 1
585 1407 1
585 367 1
585 450 1
585 1507 1
585 3159 1
585 1145 1
585 3037 1
2632 782 1
2632 845 1
1076 885 1
1076 1007 1
1076 12 1
2459 2123 1
2459 1511 1
2459 1903 1
2459 10 1
2459 629 1
2459 2398 1
2459 430 1
2459 207 1
35 1059 1
35 495 1
35 1592 1
2764 1854 1
2764 2997 1
2764 3163 1
964 2828 1
964 2537 1
964 824 1
964 1651 1
964 785 1
964 190 1
964 598 1
964 2870 1
964 2137 1
964 534 1
964 798 1
964 619 1
964 2903 1
964 1392 1
964 2778 1
964 1957 1
964 788 1
1315 1373 1
1315 3145 1
1315 2484 1
1315 544 1
1315 166 1
1315 322 1
1315 404 1
1315 609 1
1315 274 1
1315 2344 1
1315 2592 1
2628 2947 1
2628 2506 1
954 2762 1
954 420 1
954 1467 1
2404 3165 1
2404 708 1
923 909 1
923 145 1
923 1236 1
2983 3143 1
2983 2392 1
2983 2481 1
1494 1542 1
1494 1593 1
1494 2214 1
1494 2875 1
942 3136 1
2139 3125 1
2139 2212 1
2883 844 1
656 2955 1
656 2714 1
1098 549 1
1098 2311 1
1098 691 1
1098 856 1
1098 2570 1
1098 3146 1
1098 1212 1
1098 1645 1
1098 2582 1
1098 2257 1
1098 2620 1
1098 1296 1
1098 482 1
1098 719 1
1098 2052 1
1098 929 1
1098 2678 1
1098 1430 1
1480 729 1
1480 2374 1
1480 748 1
1480 1566 1
1480 1366 1
216 78 1
216 2239 1
216 1954 1
216 2948 1
1927 1242 1
1769 1824 1
1769 2381 1
781 2527 1
781 2209 1
781 594 1
781 2699 1
781 285 1
781 2352 1
1470 576 1
1470 639 1
1470 481 1
1470 1884 1
1470 715 1
1958 342 1
1958 1385 1
236 2064 1
1048 1485 1
1048 277 1
1048 2273 1
1048 2056 1
1048 2953 1
340 2684 1
340 3147 1
340 605 1
340 2851 1
340 1023 1
340 488 1
340 2253 1
340 1988 1
340 950 1
1899 903 1
741 2914 1
741 2294 1
741 3141 1
920 1318 1
902 1286 1
902 1360 1
902 290 1
902 1694 1
902 2013 1
902 1380 1
475 1491 1
779 1956 1
779 3019 1
779 1819 1
779 1195 1
779 1519 1
779 2892 1
779 337 1
779 2422 1
779 1772 1
2126 51 1
2126 364 1
2126 3 1
2677 2765 1
2677 1528 1
2999 734 1
2999 3187 1
2999 1446 1
673 1753 1
673 181 1
3162 968 1
3162 2425 1
3162 2408 1
3162 2968 1
3162 472 1
130 2274 1
130 2002 1
130 2133 1
2183 1578 1
2183 4 1
2183 1848 1
2183 88 1
2183 170 1
2183 1734 1
2183 685 1
2183 2807 1
2183 1090 1
2183 813 1
2183 1272 1
2183 3150 1
336 829 1
336 2196 1
233 1636 1
233 1408 1
2888 6 1
2888 2910 1
2888 2473 1
2888 1309 1
2230 3105 1
2230 435 1
2230 2649 1
2230 650 1
2230 937 1
2230 1438 1
2230 179 1
2230 1427 1
3075 469 1
3075 2397 1
3075 348 1
3075 252 1
3075 696 1
3075 2957 1
3075 3131 1
3075 1293 1
3075 3002 1
3075 1358 1
3075 2387 1
3075 1091 1
1011 2679 1
1011 296 1
1011 584 1
1018 1070 1
1018 1372 1
1018 2363 1
1856 2483 1
1856 690 1
1856 2135 1
1856 2379 1
1026 1523 1
2725 1487 1
2725 1841 1
2725 1699 1
2725 887 1
2725 2298 1
2725 480 1
2725 2567 1
2725 1512 1
2725 607 1
396 96 1
396 2029 1
396 2059 1
396 2259 1
396 370 1
396 272 1
396 1920 1
443 2806 1
443 699 1
443 1625 1
443 2730 1
443 1129 1
443 1104 1
443 1579 1
473 2150 1
473 313 1
2136 583 1
2136 361 1
2136 1770 1
2136 2037 1
2136 1759 1
2136 1624 1
2573 358 1
1398 434 1
87 927 1
87 176 1
87 3078 1
87 2215 1
87 2087 1
87 1869 1
87 1654 1
87 3028 1
2871 520 1
2871 193 1
569 184 1
569 745 1
866 1732 1
866 1913 1
866 2667 1
866 2211 1
866 105 1
866 1614 1
866 97 1
1790 1921 1
1790 805 1
2549 1067 1
2549 1266 1
2549 2559 1
2549 1926 1
1990 356 1
1990 312 1
1990 3003 1
1990 2833 1
3170 1622 1
2907 2676 1
378 154 1
378 2033 1
2080 2091 1
2080 1484 1
2080 575 1
2080 1289 1
1637 2829 1
256 2200 1
256 993 1
256 2447 1
256 91 1
256 1900 1
256 2990 1
256 2978 1
256 259 1
256 258 1
256 310 1
256 1448 1
256 1820 1
256 475 1
256 1797 1
256 347 1
2941 2969 1
2941 2108 1
2941 2221 1
2941 441 1
2941 2358 1
2941 1206 1
2941 1334 1
2941 1307 1
2941 1847 1
2941 451 1
2941 642 1
2941 3090 1
724 108 1
724 119 1
2042 2653 1
2564 2617 1
2564 3071 1
2564 731 1
2564 74 1
2564 742 1
2564 611 1
2564 449 1
2564 938 1
2564 1277 1
2564 2355 1
2564 860 1
2564 1529 1
2564 2654 1
379 2361 1
379 231 1
2629 3116 1
658 1974 1
658 143 1
232 1239 1
232 1306 1
232 37 1
232 647 1
232 2632 1
232 1769 1
232 1490 1
232 746 1
24 1975 1
24 2703 1
245 1478 1
245 1835 1
2176 621 1
2176 1781 1
2176 2706 1
2176 776 1
2176 2453 1
2236 152 1
2236 670 1
786 1537 1
2562 2015 1
2562 749 1
2562 1558 1
2562 1214 1
2562 308 1
477 1798 1
477 1756 1
477 237 1
477 2418 1
477 1041 1
395 528 1
395 1680 1
395 1866 1
1308 1786 1
1308 1215 1
1308 302 1
1308 47 1
1308 871 1
1308 2648 1
1308 826 1
879 1886 1
879 2744 1
879 1378 1
879 2690 1
879 3135 1
879 3156 1
879 1083 1
879 3044 1
879 3092 1
879 1137 1
879 19 1
879 2336 1
879 2130 1
879 3121 1
879 2631 1
879 2666 1
879 611 1
879 2281 1
879 1134 1
879 1664 1
879 1721 1
879 2933 1
879 654 1
879 752 1
879 1713 1
879 1315 1
879 216 1
879 2780 1
879 2572 1
879 2227 1
879 3103 1
879 754 1
2333 2556 1
2333 1391 1
2333 499 1
1319 1738 1
1329 2775 1
1329 86 1
1329 2759 1
1329 907 1
1329 110 1
1329 1979 1
1329 294 1
2190 334 1
2190 1995 1
2190 2525 1
2190 933 1
1122 1863 1
2872 1794 1
2872 1064 1
2872 1207 1
1322 677 1
1322 2292 1
1322 2558 1
1322 1754 1
1322 1741 1
188 1804 1
188 167 1
188 403 1
188 2226 1
2754 388 1
2357 2043 1
2357 2965 1
3173 38 1
3173 2786 1
3173 142 1
3173 32 1
3173 2921 1
3173 331 1
3173 550 1
3173 2602 1
1422 1857 1
1422 60 1
1422 1928 1
1422 1968 1
1422 2011 1
1422 2784 1
1422 1663 1
1725 881 1
2903 1674 1
2903 3063 1
2903 1925 1
643 1735 1
702 3120 1
424 3118 1
424 644 1
424 2168 1
424 3174 1
424 2073 1
424 1765 1
424 1567 1
424 2915 1
424 2682 1
424 815 1
424 2522 1
424 301 1
424 3027 1
424 3158 1
424 2197 1
2675 2811 1
2675 934 1
2675 2623 1
2675 2688 1
2675 773 1
2675 2202 1
2675 2551 1
2675 234 1
2675 2702 1
2675 2859 1
2675 2794 1
2675 2380 1
2675 2331 1
2625 3015 1
2625 1096 1
2625 2615 1
539 830 1
539 1001 1
539 1188 1
662 2081 1
662 1316 1
662 1698 1
662 192 1
2450 1164 1
529 570 1
2514 22 1
2514 2018 1
2514 2314 1
2514 714 1
2410 1661 1
2410 1697 1
2989 2046 1
552 624 1
552 1792 1
552 1549 1
552 1768 1
3166 7 1
3166 2531 1
3166 676 1
2528 985 1
2528 76 1
1610 1157 1
2415 3130 1
2720 2738 1
1326 2830 1
1340 2332 1
882 2906 1
882 2134 1
882 2067 1
2717 994 1
2717 614 1
2717 39 1
2717 1520 1
2717 2652 1
137 2991 1
137 2940 1
2472 223 1
2472 1617 1
2472 842 1
2472 1261 1
2472 2163 1
2472 1032 1
2472 2035 1
2472 3182 1
2472 1472 1
2472 2661 1
2472 374 1
1299 1640 1
1299 515 1
1299 535 1
1299 2540 1
1299 1326 1
1299 2434 1
1299 635 1
1171 2347 1
1171 3046 1
1171 117 1
1171 1454 1
1171 1320 1
3108 1443 1
2325 995 1
2325 1476 1
1981 124 1
1981 1696 1
1981 1602 1
1981 426 1
1981 1619 1
1981 375 1
1981 620 1
707 1733 1
707 443 1
707 601 1
707 1554 1
2541 3067 1
2541 843 1
948 1437 1
948 1216 1
3140 2047 1
2175 698 1
2175 1336 1
2175 2007 1
2175 2260 1
2175 2545 1
2175 1916 1
2175 539 1
1744 2603 1
1744 2882 1
1744 661 1
1744 1165 1
1166 954 1
1166 293 1
2446 1079 1
2446 2844 1
2446 1310 1
2446 3155 1
2446 1548 1
2446 2456 1
2446 861 1
2446 751 1
2446 315 1
2446 2942 1
2446 977 1
2446 2633 1
2446 2480 1
2446 1204 1
2446 2053 1
2446 1251 1
2446 880 1
2446 2654 1
40 1106 1
2502 489 1
2502 1915 1
2502 2328 1
2502 2952 1
2502 496 1
2502 2552 1
2502 336 1
2502 2288 1
2502 1744 1
2502 2498 1
2502 2243 1
1867 2909 1
1867 1006 1
1867 1984 1
2807 461 1
2807 632 1
2670 694 1
2670 94 1
2670 2789 1
2670 516 1
3189 2967 1
1035 1128 1
1035 330 1
1035 2578 1
1035 2912 1
1035 2016 1
1035 2788 1
1035 462 1
1035 603 1
2146 2561 1
877 1842 1
1037 1802 1
1037 2341 1
397 1963 1
397 1172 1
397 282 1
397 2400 1
1748 735 1
1748 72 1
1748 479 1
1748 740 1
1748 1371 1
1748 1088 1
1748 1143 1
3009 784 1
3009 649 1
3009 2543 1
3009 2715 1
3009 2612 1
376 2302 1
376 1040 1
376 1872 1
376 295 1
376 1676 1
2024 1475 1
121 2121 1
121 717 1
121 2718 1
2808 2120 1
1314 1365 1
1314 133 1
1314 560 1
1314 2658 1
1314 1704 1
1314 888 1
1314 2626 1
189 1652 1
2194 53 1
2194 182 1
2194 2449 1
2194 965 1
2194 1094 1
2194 2610 1
2194 3142 1
1383 226 1
1117 1947 1
1117 663 1
1117 3031 1
1117 48 1
1117 1445 1
1117 1462 1
1117 914 1
1117 431 1
1343 1068 1
2814 769 1
2814 2103 1
2814 1220 1
2814 2896 1
2814 1611 1
2814 2994 1
2814 554 1
2814 2891 1
2814 1174 1
2814 1123 1
1281 353 1
1281 664 1
1281 1888 1
1281 821 1
1281 2570 1
1281 709 1
1281 2565 1
1281 148 1
1281 1714 1
3047 688 1
1174 2988 1
1174 1396 1
1174 3085 1
1174 1675 1
1174 1345 1
1728 3074 1
1728 1688 1
2868 1459 1
2962 1895 1
2832 2105 1
2832 1176 1
2975 208 1
2975 2145 1
2975 2 1
2727 448 1
1298 2801 1
1298 423 1
1263 1822 1
1634 2532 1
1634 892 1
1634 1829 1
2729 380 1
2729 1784 1
1641 3183 1
1641 2322 1
1641 2861 1
1641 1199 1
1641 2376 1
1641 3188 1
1641 2899 1
1641 460 1
1641 823 1
1641 1442 1
1641 41 1
1641 2255 1
1641 1948 1
1641 2665 1
2860 2231 1
2860 1646 1
2860 1760 1
2860 2893 1
3119 2154 1
3119 225 1
3119 2382 1
3119 2576 1
3119 1342 1
3119 2284 1
3119 2509 1
3119 2495 1
3119 531 1
3119 2256 1
2132 541 1
2132 2732 1
2132 36 1
2132 1284 1
2795 1411 1
1317 3005 1
1367 17 1
1367 2834 1
1367 2979 1
2926 913 1
2926 2818 1
2926 2743 1
2926 513 1
1049 21 1
1049 2362 1
1049 966 1
1049 1907 1
1049 2279 1
3023 673 1
1021 2356 1
1021 116 1
1021 2057 1
1021 2547 1
1021 3032 1
1021 3059 1
1021 3020 1
1021 2006 1
1021 916 1
1021 368 1
1021 3146 1
1021 1393 1
1021 2593 1
1021 924 1
1021 101 1
1021 964 1
1021 69 1
1021 2820 1
1021 1998 1
3068 1205 1
2205 655 1
2205 1656 1
2205 2922 1
2205 2165 1
2205 1971 1
2205 168 1
2205 1012 1
2205 1087 1
2205 2817 1
2205 46 1
2205 1210 1
2205 335 1
2205 1140 1
2205 2367 1
2205 1274 1
2205 1130 1
2205 306 1
2205 2077 1
270 59 1
270 2491 1
270 1665 1
270 2232 1
270 2266 1
270 2657 1
270 1966 1
270 3152 1
270 2170 1
270 1413 1
270 1071 1
270 2265 1
270 2472 1
270 3009 1
270 2849 1
270 1946 1
1406 115 1
1406 910 1
1406 606 1
1406 501 1
1406 1978 1
1406 3076 1
1406 260 1
2317 2210 1
2317 257 1
2707 1468 1
2707 1887 1
2707 2088 1
2488 2377 1
2488 2802 1
2488 2671 1
2488 141 1
2488 667 1
944 711 1
1920 862 1
1920 700 1
1920 651 1
1920 1788 1
1920 373 1
1051 956 1
2701 2032 1
2701 224 1
2701 106 1
2701 563 1
2701 2023 1
1078 2674 1
1078 2343 1
1078 2372 1
1078 1081 1
2028 1331 1
1409 1870 1
1409 346 1
1409 3087 1
1587 2574 1
531 1816 1
950 3157 1
2013 2074 1
18 2919 1
18 2334 1
18 1501 1
18 1803 1
18 1757 1
18 73 1
18 2462 1
18 3100 1
18 2463 1
524 354 1
524 2349 1
524 2529 1
524 3082 1
524 3097 1
524 1635 1
2840 1667 1
2840 1910 1
2840 763 1
2840 2639 1
2840 1692 1
2840 2100 1
2840 1420 1
2840 3013 1
2840 2733 1
2840 1508 1
2840 2619 1
2840 718 1
2840 2590 1
2840 1095 1
1538 2642 1
1538 509 1
1538 545 1
725 453 1
725 1949 1
725 157 1
725 175 1
725 3061 1
725 2155 1
725 327 1
725 777 1
725 595 1
725 2203 1
725 637 1
725 1440 1
725 452 1
725 2798 1
1955 970 1
1955 1260 1
669 2770 1
669 406 1
669 1255 1
669 1382 1
669 2630 1
669 2800 1
669 588 1
669 3084 1
669 3069 1
669 1142 1
3104 1185 1
3104 2045 1
3104 33 1
3104 1305 1
850 508 1
2900 2846 1
2900 2435 1
2900 1141 1
712 3014 1
2203 1273 1
2069 2297 1
2069 2005 1
2069 2936 1
2069 2538 1
2069 409 1
2069 2140 1
2069 1580 1
2069 2117 1
2069 2739 1
2069 771 1
2069 1686 1
2069 1 1
2069 1025 1
2069 585 1
2069 1536 1
2069 879 1
2069 812 1
2069 2024 1
2069 2488 1
2069 196 1
2069 362 1
2561 314 1
2561 2158 1
2561 997 1
2561 2546 1
2561 1024 1
1246 289 1
516 812 1
1681 158 1
2390 1192 1
2390 1489 1
2390 586 1
2390 1982 1
1072 419 1
1072 1410 1
2711 1444 1
2575 1950 1
2575 1779 1
2575 2913 1
1708 2439 1
1708 3007 1
1708 1893 1
1708 1890 1
1708 797 1
1708 2412 1
848 770 1
848 979 1
848 58 1
848 1061 1
848 1488 1
848 3185 1
848 952 1
1065 1229 1
1065 2766 1
1017 1060 1
1017 321 1
3045 889 1
3045 278 1
14 928 1
14 338 1
2894 802 1
2894 2445 1
2894 2984 1
2894 2269 1
943 1400 1
943 1941 1
362 200 1
1160 999 1
1160 2749 1
1162 220 1
1162 1961 1
1162 1013 1
1162 2902 1
674 686 1
674 2482 1
674 807 1
674 2719 1
674 2768 1
674 665 1
1297 2985 1
1297 1935 1
1297 1132 1
1297 1808 1
1297 2466 1
1297 2149 1
1297 1590 1
1297 275 1
1297 1965 1
1297 494 1
1297 2540 1
788 1783 1
788 922 1
788 695 1
788 2137 1
788 1482 1
788 2750 1
750 1666 1
750 2954 1
750 2286 1
750 90 1
750 421 1
750 2717 1
750 1297 1
2753 873 1
131 1962 1
1509 2476 1
1509 1583 1
1509 1944 1
1509 1531 1
1509 516 1
28 1677 1
28 1678 1
268 198 1
268 2071 1
446 2689 1
2798 868 1
1809 1855 1
1809 2300 1
1184 558 1
2862 485 1
2862 1211 1
2587 263 1
2587 1981 1
2038 1105 1
165 2774 1
2973 2816 1
