359 7113 1
359 2909 1
146 1203 1
3361 3220 1
3361 1016 1
3554 6634 1
1134 536 1
1134 3765 1
1134 164 1
1134 6420 1
1134 6263 1
1134 1518 1
1134 4383 1
1134 3093 1
1134 5324 1
1134 4485 1
2958 1770 1
2958 2749 1
2958 475 1
2958 7180 1
2958 5031 1
2958 1740 1
3998 5413 1
1448 2721 1
1448 4772 1
1448 1717 1
4987 1314 1
4987 418 1
4987 4862 1
4987 3716 1
4987 518 1
4987 2117 1
5535 2991 1
5535 7332 1
5535 2212 1
5535 5018 1
5535 4628 1
5535 5778 1
4422 3263 1
4422 4646 1
4422 777 1
2046 6464 1
630 176 1
630 5444 1
630 1436 1
630 5450 1
630 3310 1
630 4362 1
630 1911 1
630 427 1
630 6320 1
630 1009 1
6994 5305 1
6994 4815 1
3397 3230 1
3397 3372 1
3397 3315 1
3397 5222 1
3397 1103 1
3397 505 1
1608 1088 1
1608 1841 1
1608 255 1
2590 1542 1
2590 5706 1
2590 879 1
2590 4771 1
2590 6370 1
2590 7317 1
1528 4997 1
1528 642 1
1528 5363 1
1528 6287 1
1528 7185 1
1528 3217 1
1528 6295 1
1528 6128 1
1528 1631 1
1528 5264 1
2940 4953 1
2940 4876 1
2940 3766 1
495 3792 1
495 3316 1
495 5944 1
495 5233 1
495 6149 1
495 3183 1
3684 549 1
6621 4507 1
4066 3029 1
4066 5161 1
4066 6927 1
4066 2163 1
4066 2090 1
4066 1163 1
413 6285 1
3329 6086 1
3329 6428 1
3329 472 1
3329 3237 1
4722 6712 1
4722 6912 1
4722 1216 1
4722 24 1
4722 243 1
4722 5371 1
4722 4397 1
4722 4495 1
4722 1887 1
877 6610 1
877 7301 1
877 5608 1
877 6717 1
877 6666 1
6595 6983 1
6595 2953 1
6595 5962 1
6595 3305 1
6595 3791 1
4637 6595 1
4637 5798 1
4637 3562 1
4637 5523 1
4637 4132 1
3618 2609 1
3618 6172 1
3618 4324 1
6105 5577 1
5076 441 1
5076 1880 1
5076 1211 1
5076 1226 1
5076 3719 1
5076 1620 1
5076 6324 1
5076 3470 1
628 2765 1
628 124 1
5791 1568 1
5791 4071 1
5791 4512 1
329 4221 1
5830 1864 1
5830 451 1
5830 6571 1
5830 1997 1
6224 1232 1
6224 4224 1
6224 4979 1
6224 4906 1
6224 6347 1
320 62 1
320 2618 1
320 3417 1
844 6399 1
844 3133 1
844 4027 1
844 2123 1
4112 2942 1
4112 5398 1
705 2489 1
705 4482 1
705 6309 1
705 832 1
705 3653 1
705 1218 1
705 2064 1
705 289 1
303 4229 1
4787 1102 1
148 2785 1
148 4374 1
148 4126 1
148 5945 1
148 4981 1
148 6630 1
148 3036 1
148 5871 1
148 4583 1
148 6711 1
148 4734 1
2049 5759 1
2049 3456 1
2049 7040 1
2049 3283 1
2049 881 1
3537 3251 1
3537 7271 1
3537 2910 1
5843 3375 1
5843 3112 1
5843 6507 1
5843 1959 1
5843 2174 1
5843 591 1
5843 5429 1
5843 5065 1
5380 657 1
5331 5146 1
5331 5378 1
5331 6728 1
5331 5055 1
5331 4520 1
5331 2294 1
2264 4080 1
2264 4447 1
2264 5685 1
6967 4380 1
6967 3994 1
6967 3455 1
6967 6760 1
6967 2180 1
6967 621 1
5430 4228 1
5430 4202 1
5430 2160 1
5430 2036 1
5430 6656 1
5430 2088 1
2507 582 1
2507 4567 1
5852 3421 1
5852 6801 1
5852 5041 1
5852 212 1
5852 2057 1
5852 3248 1
5852 780 1
5852 685 1
5852 1795 1
7087 6722 1
7087 5042 1
7087 4791 1
7087 6274 1
7087 6681 1
7087 5638 1
7087 2622 1
7087 1065 1
7087 5144 1
7087 4292 1
7087 6203 1
7087 2043 1
7087 3307 1
7087 3783 1
7087 584 1
1285 176 1
2544 7047 1
2544 4763 1
2544 1152 1
2544 2344 1
2544 466 1
2544 1879 1
2544 5974 1
2544 395 1
2544 970 1
2544 3818 1
2544 6005 1
2544 5829 1
2670 736 1
4120 6312 1
170 3439 1
170 4983 1
170 5979 1
170 1894 1
170 365 1
5973 3142 1
5973 1543 1
5973 6795 1
5973 3289 1
5973 281 1
5973 585 1
5973 2027 1
5973 5468 1
5973 5006 1
5973 3241 1
2896 1587 1
2896 1204 1
2896 177 1
2896 7168 1
2683 7141 1
2683 5184 1
2683 6632 1
2683 1199 1
2786 3006 1
2786 4893 1
2786 4936 1
2786 1165 1
2786 105 1
2786 6426 1
282 5897 1
1300 6599 1
1300 6339 1
1300 6084 1
1796 699 1
5242 5325 1
5242 5301 1
5242 5884 1
5242 6915 1
5242 2717 1
5242 5131 1
5242 3496 1
5658 1104 1
5658 2026 1
5658 296 1
5658 5400 1
5658 4984 1
2611 2712 1
2611 3435 1
2611 6248 1
2611 6584 1
2611 7021 1
5253 6909 1
6665 3259 1
6665 6134 1
6665 3218 1
6665 369 1
6665 1792 1
1848 4696 1
1848 525 1
1848 1377 1
1848 233 1
1848 2539 1
1848 5714 1
1848 6964 1
1848 3654 1
1848 4188 1
6109 1180 1
6109 4035 1
6109 6570 1
6109 774 1
6109 3365 1
6109 2787 1
6109 1265 1
793 3027 1
1274 6032 1
2902 6308 1
2902 3242 1
4029 2635 1
4029 2251 1
1590 4688 1
1590 1634 1
1590 6641 1
2791 7294 1
2791 5483 1
2791 2938 1
2791 6853 1
2791 4272 1
2791 3865 1
2791 4298 1
2791 1044 1
2791 1786 1
2791 1691 1
2791 4366 1
2699 7015 1
2699 1625 1
2699 4006 1
2699 2352 1
2699 7119 1
2699 2666 1
2699 561 1
7260 4644 1
7260 256 1
1426 2546 1
1426 355 1
1426 2955 1
1426 5291 1
1426 4588 1
1426 3953 1
2293 3944 1
2293 5669 1
2293 1771 1
2293 2976 1
2293 6766 1
2293 92 1
2293 7344 1
2293 2575 1
2293 6785 1
2293 350 1
2293 7316 1
569 7258 1
787 2993 1
787 232 1
787 2971 1
787 1778 1
3374 2480 1
1270 2509 1
1270 6798 1
2956 3695 1
2956 4536 1
2956 5461 1
2956 6276 1
6365 4806 1
6365 4922 1
6365 910 1
1542 7182 1
2914 5619 1
2914 6501 1
2914 6495 1
2914 4189 1
2914 13 1
2914 1346 1
2914 2639 1
2914 4248 1
5985 4428 1
1394 4425 1
729 6754 1
729 2798 1
729 6310 1
729 7093 1
729 4116 1
1501 4210 1
1501 5435 1
1501 1062 1
1501 3125 1
1501 312 1
1501 6533 1
1501 6388 1
1501 6165 1
1501 1670 1
6586 5550 1
6586 2735 1
6586 6068 1
835 7067 1
6813 2253 1
6813 4004 1
6813 3229 1
6813 2220 1
6813 4308 1
6813 1558 1
1847 3693 1
1847 2929 1
1847 5282 1
2000 1810 1
7214 1079 1
7214 2380 1
7214 1427 1
7214 1825 1
7214 927 1
7214 1364 1
7214 5164 1
7214 2679 1
7214 7215 1
7214 3023 1
7214 5607 1
7214 5257 1
7214 337 1
7214 1308 1
7214 5011 1
7214 94 1
7214 247 1
7214 6928 1
2066 6118 1
1011 6500 1
1011 6725 1
4359 7290 1
4359 3081 1
4359 1897 1
4359 3389 1
4359 4950 1
4359 5431 1
4359 2214 1
4359 6771 1
4359 6033 1
4359 2664 1
4359 978 1
4359 818 1
4359 2913 1
5964 1080 1
5964 4213 1
5964 348 1
5964 6460 1
5964 1404 1
1828 7304 1
4462 750 1
4462 721 1
4462 5073 1
4462 123 1
4462 798 1
4462 2979 1
4462 1123 1
4462 6499 1
4462 5044 1
4462 4471 1
4462 7039 1
4462 1643 1
4462 1223 1
4462 4565 1
8 4330 1
8 1031 1
8 4697 1
8 106 1
8 957 1
8 2127 1
1989 3040 1
4156 4306 1
4156 2642 1
4156 7190 1
4156 5487 1
4156 6561 1
4156 4606 1
4156 7155 1
3723 3615 1
3723 5969 1
3723 4575 1
4305 776 1
4305 595 1
4305 4063 1
4305 878 1
4305 6143 1
4305 1967 1
4305 4556 1
4305 2638 1
4305 2705 1
7071 6503 1
7071 2200 1
7071 3957 1
7071 5854 1
7071 2286 1
7071 4785 1
1947 785 1
2953 3450 1
609 6989 1
609 3717 1
609 6471 1
609 4417 1
609 3303 1
5903 5879 1
5700 3594 1
5700 4660 1
5700 80 1
5700 2685 1
6093 5989 1
6093 5727 1
6093 1058 1
6093 5046 1
6093 7096 1
6093 4554 1
6093 6217 1
3210 324 1
3210 830 1
3210 4867 1
3210 1256 1
3210 2235 1
3210 7339 1
3 2018 1
596 2923 1
596 5983 1
596 1736 1
596 1603 1
596 7132 1
6041 749 1
6041 4994 1
6041 1535 1
6041 773 1
4993 413 1
4993 4305 1
4993 1869 1
4993 915 1
4993 34 1
4993 2594 1
4993 1146 1
4993 4496 1
4993 4056 1
4993 7125 1
4993 1811 1
4993 476 1
4993 3402 1
4993 2409 1
4993 3296 1
4993 2658 1
4993 1541 1
4993 1260 1
4993 4358 1
4993 623 1
4993 6875 1
4993 5839 1
4993 4407 1
4993 1881 1
4993 2014 1
4993 5250 1
1464 166 1
1464 5951 1
5758 2393 1
5758 4803 1
5758 5113 1
5758 1602 1
5758 4282 1
5758 6998 1
5758 6273 1
5758 6006 1
5758 6793 1
917 7105 1
4221 3055 1
4221 2930 1
4221 290 1
4221 4274 1
4482 4532 1
1994 2452 1
1994 1071 1
1994 4995 1
1994 2199 1
1994 7334 1
1994 135 1
1994 6815 1
1994 5509 1
298 4838 1
298 7283 1
298 6747 1
298 1315 1
298 1812 1
5493 987 1
3535 6648 1
3535 496 1
3535 1481 1
3535 2848 1
3535 5756 1
3535 6423 1
1247 1748 1
1247 3231 1
1247 1454 1
1247 6922 1
6300 6441 1
6300 3817 1
6300 139 1
1083 877 1
1083 5679 1
1083 5258 1
1083 4636 1
150 2360 1
150 1839 1
150 6178 1
150 260 1
150 6602 1
150 695 1
150 1227 1
64 7217 1
2152 3925 1
5053 5858 1
5053 5735 1
5053 981 1
5053 2304 1
5053 5817 1
5053 2486 1
5053 4456 1
2197 291 1
2197 4409 1
2197 3513 1
2197 6179 1
2197 5059 1
2197 5054 1
2197 4300 1
2197 22 1
2197 3013 1
2197 4751 1
2197 1191 1
2197 4167 1
2197 6377 1
2197 1662 1
2197 5410 1
2197 6860 1
2197 2992 1
2197 2855 1
2197 1496 1
2197 1215 1
2197 1033 1
4934 1059 1
4934 861 1
4934 5196 1
4934 6936 1
4934 4739 1
4934 4382 1
4934 157 1
4934 592 1
4934 5488 1
4934 4726 1
4934 5527 1
210 4174 1
4244 3168 1
5678 5744 1
4249 5311 1
1984 7273 1
63 3929 1
63 4761 1
63 210 1
63 1697 1
63 2796 1
63 1444 1
63 6818 1
63 1858 1
63 4752 1
63 5421 1
63 5636 1
63 1325 1
63 3690 1
63 4668 1
63 3621 1
63 4649 1
7000 2244 1
2303 1668 1
2303 4047 1
6778 5430 1
6778 5393 1
6778 6473 1
6778 4414 1
6778 1220 1
6778 6653 1
6778 6289 1
6778 6180 1
6778 5749 1
6778 114 1
6778 6195 1
6778 2636 1
6778 5357 1
6778 6735 1
6778 2568 1
6778 5454 1
6778 3025 1
6778 686 1
6778 6693 1
6778 6569 1
6778 900 1
6141 3581 1
6141 1563 1
6141 3869 1
6141 7305 1
6141 841 1
3077 573 1
3077 5355 1
3077 6097 1
3077 4813 1
3077 1504 1
3077 5501 1
2907 6644 1
2907 1891 1
2907 1588 1
864 5937 1
2493 4672 1
1178 2272 1
4964 5604 1
4964 1626 1
4964 4283 1
6003 4714 1
6003 3484 1
6003 2506 1
154 6652 1
154 2108 1
154 794 1
154 3560 1
154 3321 1
154 3477 1
154 4356 1
154 4449 1
154 2847 1
154 3981 1
154 1222 1
154 991 1
154 5392 1
154 3017 1
154 4546 1
154 2479 1
154 4724 1
154 294 1
154 3609 1
154 2545 1
154 2734 1
154 4061 1
154 3837 1
154 3438 1
154 3784 1
1344 1402 1
1344 5372 1
1344 7346 1
2805 4354 1
2805 1360 1
2805 1955 1
2805 2138 1
2805 6150 1
2805 504 1
2805 346 1
2805 6871 1
2805 5922 1
2805 2839 1
7318 4592 1
7318 334 1
4472 4595 1
4472 6045 1
4472 5200 1
4472 3293 1
7238 1150 1
7238 3392 1
2963 6197 1
2963 6169 1
2963 1993 1
2963 5645 1
2963 6130 1
3887 5655 1
3887 1599 1
3887 4377 1
3887 381 1
4696 5890 1
4696 5361 1
4696 3626 1
4696 2216 1
4696 6161 1
4696 5236 1
4696 1118 1
4696 20 1
2309 3019 1
2794 220 1
2794 3760 1
2794 2260 1
2794 6702 1
2794 759 1
2794 6435 1
2794 3051 1
2794 4337 1
2794 5255 1
2794 6264 1
2794 4694 1
7264 1415 1
7264 510 1
7264 1681 1
7264 1322 1
2009 2168 1
1006 2408 1
1006 6544 1
1006 918 1
1006 2039 1
1006 6355 1
2528 1726 1
2528 663 1
2528 6384 1
2528 5147 1
2528 1850 1
2528 4378 1
2528 1317 1
2528 6410 1
3774 742 1
3774 7204 1
3774 3646 1
6763 491 1
4747 6348 1
4747 4340 1
4747 1157 1
4747 1245 1
4747 6638 1
4747 2731 1
4747 4438 1
4524 4858 1
1964 3645 1
1964 532 1
1964 3485 1
1964 2969 1
1964 6316 1
1964 6846 1
5598 1664 1
5598 2146 1
5598 2690 1
5598 313 1
5598 3173 1
5598 6764 1
5598 2019 1
1063 5665 1
939 174 1
939 44 1
939 7299 1
372 1685 1
372 1933 1
372 5017 1
372 6375 1
5285 7128 1
5285 1132 1
5285 2077 1
5285 756 1
5285 4287 1
5285 1591 1
5285 6575 1
5285 1766 1
3312 4562 1
3312 7068 1
3312 1225 1
3312 3972 1
6940 5120 1
1113 5364 1
1113 989 1
1113 5107 1
1113 280 1
1113 4793 1
1113 3709 1
1113 4076 1
4770 3959 1
4770 6858 1
4770 4679 1
4770 6859 1
4770 5112 1
4770 4582 1
4770 5436 1
4770 710 1
4770 6787 1
4770 7167 1
1446 2194 1
1446 249 1
1446 2164 1
1446 3326 1
1446 230 1
1446 2908 1
1446 2996 1
1446 2880 1
1446 5967 1
1446 3597 1
1446 3750 1
6219 1341 1
6219 18 1
6219 7162 1
6219 1465 1
4796 2560 1
4796 6367 1
4796 267 1
4796 1870 1
4796 5667 1
2225 3010 1
2225 1094 1
2225 6806 1
2225 3436 1
2225 3677 1
2225 6642 1
1162 5224 1
1162 3878 1
1162 52 1
266 6279 1
266 5447 1
6336 6356 1
3052 3840 1
5898 462 1
5898 4303 1
5898 7049 1
5898 2319 1
5898 5837 1
5898 1337 1
5898 6140 1
5898 1946 1
5898 3011 1
5898 6292 1
5898 5068 1
6906 1374 1
6906 7343 1
6906 4802 1
6906 1546 1
6906 5062 1
6906 1488 1
6906 6131 1
6906 5383 1
6906 2599 1
6906 1111 1
6906 2223 1
6906 1381 1
6906 562 1
6906 2419 1
6906 196 1
6906 2763 1
6906 4338 1
6906 82 1
3705 2535 1
3705 6856 1
3705 6470 1
4215 5461 1
4215 826 1
798 172 1
798 3319 1
798 2604 1
798 5318 1
798 5219 1
798 5977 1
798 5699 1
798 487 1
798 4426 1
798 6817 1
57 4009 1
57 4005 1
57 661 1
57 797 1
57 194 1
57 6192 1
5133 2172 1
5133 2330 1
5133 3733 1
5133 894 1
5133 1567 1
5133 4290 1
5133 960 1
5133 2424 1
5133 3306 1
5133 1851 1
5133 3588 1
5133 4710 1
5133 3126 1
5133 3000 1
5133 5130 1
5133 1002 1
5133 4547 1
5133 3429 1
5133 389 1
496 2656 1
7220 4671 1
7220 4130 1
7220 4986 1
7220 931 1
7220 1656 1
7220 4814 1
7220 568 1
7220 6244 1
5443 2024 1
5443 5035 1
5443 79 1
5443 702 1
5443 902 1
5443 5379 1
5443 3047 1
5443 3043 1
5443 805 1
1782 6684 1
5312 6120 1
5312 5986 1
5312 5828 1
5312 901 1
5312 2582 1
5312 5790 1
5312 6031 1
5312 2518 1
5453 6586 1
5453 578 1
5453 7235 1
5453 4339 1
5453 5855 1
5453 587 1
5453 6924 1
5453 1096 1
5453 5539 1
5453 6010 1
5453 1547 1
4529 5504 1
4529 6040 1
4529 3991 1
6976 3205 1
3144 2672 1
3144 4024 1
3144 4452 1
3144 6340 1
3144 1646 1
3144 7151 1
3144 4107 1
3144 2430 1
3144 7302 1
4907 400 1
4907 5845 1
4907 5491 1
4907 1638 1
2403 7270 1
2403 3153 1
2403 6281 1
2403 2619 1
5937 6531 1
1564 7130 1
6832 5836 1
2862 1024 1
5325 4446 1
5325 6959 1
1800 6437 1
1800 6162 1
1800 2238 1
1800 5114 1
3146 6644 1
3146 3424 1
2588 1411 1
5036 4800 1
5036 3967 1
5036 3881 1
5036 6051 1
3906 3823 1
6773 3874 1
4276 5804 1
4276 2006 1
4276 1678 1
4276 6763 1
4276 3312 1
4276 4104 1
4276 2256 1
4276 3655 1
4276 3599 1
4276 6596 1
4276 244 1
4276 2729 1
4276 3353 1
4276 6061 1
4276 3945 1
4276 7099 1
1266 1208 1
1266 6446 1
1266 1539 1
1266 3409 1
1266 6413 1
1266 1286 1
1266 4872 1
651 6091 1
651 3640 1
651 2065 1
651 1012 1
651 4817 1
651 4177 1
651 2022 1
651 5984 1
651 6326 1
651 5841 1
651 1576 1
5367 7156 1
5367 817 1
5367 3021 1
5367 1498 1
5865 2033 1
5865 3169 1
925 3261 1
925 5973 1
925 2640 1
925 2563 1
925 544 1
925 4852 1
925 6313 1
925 5008 1
925 7139 1
925 3543 1
925 865 1
925 4294 1
925 7209 1
925 3180 1
925 6713 1
895 3593 1
895 1565 1
895 2221 1
3110 5308 1
3110 445 1
3110 4632 1
3110 7140 1
3110 81 1
3110 3770 1
3110 6249 1
5279 4773 1
5279 96 1
5279 5801 1
5279 4 1
5279 104 1
5279 3489 1
5279 3497 1
5279 3592 1
5279 4730 1
5279 4237 1
5279 3549 1
5279 1723 1
5279 4052 1
5279 2169 1
5279 4647 1
5279 517 1
2535 6425 1
4488 3515 1
4488 4587 1
4488 5674 1
4488 321 1
3204 2067 1
3204 3239 1
3204 5802 1
3204 4504 1
3204 1359 1
3204 2 1
3204 5895 1
3204 5916 1
3204 5732 1
2989 7322 1
2989 6079 1
2989 236 1
2989 1581 1
2989 1443 1
2989 5651 1
2989 697 1
2989 5038 1
2989 470 1
3048 7016 1
3048 3856 1
3048 1725 1
3048 4068 1
3048 3752 1
3048 3638 1
4738 2195 1
2283 5811 1
2283 6209 1
2283 3498 1
2283 1773 1
2283 6540 1
2283 2458 1
2283 6977 1
2283 7201 1
2283 5745 1
2283 5728 1
2283 6546 1
4986 7153 1
4986 3962 1
4986 943 1
4986 2209 1
4986 1882 1
4986 3208 1
4986 6440 1
1729 6631 1
1729 3189 1
3020 239 1
4098 2258 1
4098 5167 1
4098 7237 1
4657 4787 1
4657 1027 1
4657 4094 1
4657 3659 1
4657 4349 1
4657 1041 1
4657 1292 1
4657 6002 1
4657 3406 1
4657 6948 1
5589 3879 1
5589 4301 1
5589 1551 1
5589 1696 1
5589 4593 1
4978 908 1
4978 1520 1
4978 5087 1
4978 4041 1
4978 5606 1
4978 4834 1
4978 6101 1
4978 1350 1
2598 3729 1
2598 5498 1
2598 4008 1
2598 1799 1
2598 5569 1
2598 4077 1
5983 580 1
5983 850 1
5983 1743 1
5983 6317 1
5983 213 1
5983 6213 1
2335 4654 1
6877 2269 1
6877 5340 1
6877 3888 1
6877 974 1
6877 3270 1
2106 5373 1
2106 5850 1
757 4016 1
757 4553 1
757 6498 1
757 2825 1
5365 4903 1
3524 4096 1
3524 2941 1
3524 4278 1
3524 3473 1
3524 7070 1
3524 4477 1
3524 913 1
3524 3100 1
6526 6193 1
6526 2023 1
6526 6082 1
6526 5078 1
6526 2053 1
6526 508 1
6526 2935 1
6526 1460 1
6526 6264 1
6526 6293 1
6526 2777 1
5824 923 1
5824 6141 1
5824 4108 1
5824 747 1
5824 7032 1
5824 2495 1
5824 4373 1
5824 6138 1
5824 2959 1
5824 2097 1
5824 493 1
3819 1788 1
3819 4863 1
3819 4708 1
2894 3795 1
2894 5924 1
2894 6909 1
2894 816 1
2894 6436 1
2894 3501 1
2894 1709 1
2894 1197 1
184 5616 1
184 620 1
184 6245 1
184 4145 1
184 1978 1
2796 7028 1
1991 2010 1
1991 2886 1
1991 5298 1
1991 3969 1
1991 2517 1
1991 3652 1
1991 3746 1
1991 4557 1
1900 4152 1
1900 700 1
5578 119 1
5166 5245 1
5166 684 1
5166 4572 1
5166 6323 1
903 4216 1
903 438 1
903 1376 1
903 7187 1
903 4291 1
903 4466 1
7085 3034 1
4509 402 1
5292 136 1
5292 3165 1
5292 2398 1
1556 6699 1
2900 4621 1
2900 7308 1
2900 1338 1
2900 7216 1
2900 5127 1
2900 1168 1
2900 3786 1
2900 6589 1
2900 5303 1
2900 5085 1
2900 4070 1
2900 3907 1
2900 2349 1
2900 2060 1
2900 3131 1
2900 1047 1
2900 5314 1
2900 4692 1
1444 487 1
6547 1820 1
647 3678 1
647 2775 1
647 6941 1
738 3829 1
738 6458 1
738 3350 1
738 4367 1
738 1938 1
5644 5844 1
5644 6867 1
5644 3713 1
5644 4590 1
2397 7230 1
2397 2912 1
2397 1980 1
2397 4372 1
2397 808 1
2397 1940 1
2397 5970 1
2397 2305 1
2397 4333 1
2397 6539 1
2397 5518 1
2397 155 1
2397 845 1
2397 7157 1
2397 4897 1
2397 1774 1
2397 6252 1
2397 6333 1
2397 5536 1
2397 1040 1
2397 6152 1
2397 5213 1
2397 3411 1
2397 2606 1
2397 6001 1
2397 5050 1
1017 540 1
1017 610 1
1017 2345 1
1017 5118 1
1017 2883 1
1017 3587 1
1017 2873 1
1017 2819 1
1017 6847 1
1017 5137 1
1017 7307 1
1017 387 1
2881 1023 1
5798 2405 1
5798 7221 1
5798 1485 1
5798 4018 1
5798 2772 1
5798 1254 1
3460 2799 1
3460 189 1
3460 4765 1
3460 2460 1
3460 4683 1
7059 404 1
7059 2553 1
7059 7210 1
7059 7014 1
7059 7335 1
7059 2933 1
7059 5872 1
7059 866 1
7059 5403 1
2218 2988 1
2218 5997 1
2218 4023 1
4389 2554 1
4389 6168 1
4389 424 1
4389 6087 1
2770 2326 1
2770 3140 1
2770 616 1
2770 7228 1
2770 2708 1
563 5955 1
563 4869 1
563 2032 1
563 2918 1
563 7020 1
563 1706 1
563 7018 1
563 3159 1
4536 4627 1
4536 669 1
4536 3779 1
4536 7007 1
4536 481 1
4536 3232 1
4536 98 1
4536 1813 1
4536 4386 1
4536 2860 1
4536 5553 1
4536 3574 1
4536 1827 1
4536 4017 1
4536 2502 1
4536 2808 1
4536 6057 1
4536 2115 1
4536 4864 1
4536 1492 1
4536 1345 1
4536 305 1
3398 4510 1
3398 836 1
3398 4293 1
3398 6469 1
3398 30 1
3398 6611 1
3398 2278 1
3398 3904 1
3398 4484 1
3398 1536 1
3398 1249 1
3398 644 1
3398 5481 1
5013 3324 1
5013 6864 1
5013 5994 1
5013 6565 1
5013 7010 1
5013 454 1
5013 1713 1
5013 2928 1
5013 1712 1
5013 3757 1
6775 4513 1
6775 3086 1
6775 5795 1
6775 2236 1
6775 436 1
6775 2191 1
6775 2932 1
6775 3212 1
6775 2217 1
6775 2450 1
6775 3091 1
6775 6402 1
6775 4870 1
6775 6978 1
730 2812 1
730 6443 1
730 6090 1
730 3235 1
730 6204 1
4054 5424 1
4054 1616 1
4054 4255 1
4054 3916 1
4054 6810 1
4054 4996 1
4054 1105 1
4054 5832 1
4054 7229 1
178 42 1
376 3022 1
376 3768 1
376 88 1
5102 2895 1
5102 110 1
4334 4223 1
4334 3955 1
4848 3359 1
4848 4517 1
4848 2078 1
4848 7280 1
4848 4182 1
2254 4824 1
2254 6868 1
3254 7251 1
3254 7205 1
3254 4842 1
3254 4261 1
3254 197 1
3254 1236 1
3254 4715 1
3254 7266 1
3254 7041 1
3254 6271 1
3254 362 1
3862 2903 1
3862 5964 1
3862 3225 1
3862 6129 1
3862 45 1
3862 1336 1
3862 969 1
3862 1872 1
3862 6199 1
3862 2482 1
3862 2581 1
3862 7330 1
3862 1452 1
3862 602 1
3862 3821 1
1616 3958 1
1935 2371 1
1935 3425 1
1935 4516 1
1935 6855 1
1935 3815 1
1935 6524 1
1935 6234 1
1935 1910 1
1935 6189 1
1935 6732 1
1935 6432 1
1935 4792 1
1935 1763 1
539 5526 1
539 2233 1
539 3639 1
5450 6828 1
1926 2099 1
1926 7011 1
1926 3550 1
1926 711 1
1926 1248 1
1926 2239 1
2348 271 1
2348 6574 1
2348 7329 1
2348 3257 1
2348 7 1
3300 2317 1
3300 3735 1
3300 6113 1
3300 2347 1
3300 1916 1
3300 2130 1
3300 6371 1
3300 5627 1
3300 6640 1
3300 6670 1
3300 1441 1
3300 5525 1
323 2924 1
4559 4519 1
5701 1560 1
5701 5328 1
5701 4980 1
5701 7048 1
5701 3952 1
5701 4887 1
5701 5990 1
5701 3578 1
5701 6071 1
5701 6954 1
5701 946 1
5701 912 1
5701 847 1
5701 1769 1
5701 4434 1
5701 535 1
5701 3935 1
5701 953 1
5611 6241 1
5611 716 1
2224 6874 1
2224 2432 1
2224 3849 1
2224 839 1
2224 748 1
2224 453 1
2224 4271 1
2224 152 1
2224 293 1
2224 5992 1
2224 1035 1
2224 933 1
1581 6407 1
1581 6840 1
1581 3451 1
1581 6485 1
1581 1703 1
1581 414 1
1581 2829 1
1581 6783 1
1581 3080 1
1581 6217 1
4830 5908 1
4830 9 1
5152 2129 1
5152 3616 1
5152 1630 1
5152 5458 1
5152 5630 1
5152 1730 1
5152 2248 1
5152 401 1
5152 4850 1
5152 6562 1
5152 6900 1
5152 4685 1
5152 1349 1
5152 268 1
5152 4938 1
5152 1250 1
606 5341 1
606 3065 1
606 2704 1
606 2632 1
606 3053 1
606 5927 1
6542 2427 1
5441 4490 1
5441 1276 1
6664 1522 1
6664 5947 1
667 7286 1
667 4608 1
667 5437 1
667 4037 1
464 4411 1
464 5285 1
464 6201 1
464 5548 1
464 4240 1
4256 4148 1
3476 1365 1
3476 72 1
7227 5016 1
2213 5661 1
2213 2151 1
2213 1892 1
2213 5656 1
2213 5597 1
2213 3781 1
2213 6266 1
2213 4106 1
2213 2261 1
2213 588 1
5966 411 1
5966 4855 1
5966 6227 1
5966 5923 1
5966 7074 1
5966 7022 1
5966 2633 1
5966 2836 1
5966 7112 1
5966 2826 1
5966 160 1
5966 6117 1
5966 3647 1
4265 2052 1
2706 3927 1
2706 5751 1
2706 4355 1
2706 2851 1
2706 7179 1
2706 4039 1
2706 1022 1
2706 2392 1
5136 3557 1
5136 2547 1
5136 6848 1
3304 4717 1
3304 5244 1
3304 4625 1
3304 6829 1
3304 2985 1
3304 3166 1
3304 675 1
3304 1403 1
3304 820 1
3304 888 1
3304 1048 1
3304 2429 1
3364 3426 1
3364 5754 1
5958 714 1
186 5815 1
186 3213 1
186 3619 1
186 2193 1
186 3354 1
5853 4049 1
931 1752 1
931 3622 1
931 6745 1
931 1372 1
931 4327 1
931 3348 1
931 4650 1
4687 1802 1
4687 1949 1
4687 1562 1
4687 1064 1
4687 3466 1
3426 2308 1
3426 4015 1
3426 6522 1
2828 3006 1
2828 5358 1
2828 4689 1
2828 335 1
2828 4170 1
2828 2965 1
2828 1794 1
2828 1114 1
2828 1761 1
7236 2454 1
7236 443 1
7236 955 1
7236 5349 1
875 3854 1
4943 1957 1
4943 3287 1
4943 3641 1
4943 6397 1
4943 4830 1
4943 3928 1
4943 2753 1
4943 2521 1
4943 1650 1
4943 4219 1
4943 41 1
4943 5537 1
3655 1521 1
3655 3069 1
3655 2689 1
3655 6159 1
3655 5240 1
3655 3404 1
3655 5874 1
3655 664 1
3655 3311 1
3655 1392 1
3655 624 1
809 398 1
809 4801 1
809 6987 1
809 5579 1
809 5652 1
809 4678 1
809 5263 1
809 4952 1
809 2561 1
809 5428 1
809 543 1
809 6237 1
809 4652 1
809 4540 1
809 6886 1
809 2054 1
809 7108 1
809 7225 1
2232 3832 1
2232 5750 1
6430 2109 1
6430 1702 1
6430 4616 1
6430 6918 1
6430 4463 1
6430 1741 1
6430 4384 1
6430 6164 1
6613 2861 1
6613 7097 1
6613 4912 1
6613 3859 1
6613 6825 1
6613 5414 1
6613 5786 1
6613 257 1
5377 1164 1
5377 6509 1
6653 629 1
6653 1456 1
6653 7325 1
6653 1519 1
6653 950 1
6653 165 1
6653 6210 1
6653 3201 1
6653 1455 1
6653 6196 1
6653 6354 1
6653 6939 1
6653 1524 1
1021 2998 1
1021 6603 1
1021 7106 1
1021 5734 1
1021 2121 1
599 4807 1
599 7084 1
599 374 1
599 1530 1
599 2889 1
599 3078 1
599 6233 1
599 2185 1
599 3167 1
2661 6852 1
2661 5918 1
2661 6891 1
571 3037 1
571 810 1
571 4416 1
571 3876 1
571 263 1
571 2950 1
571 1284 1
571 2869 1
5584 3476 1
5584 5571 1
6107 3931 1
6107 6952 1
6107 1975 1
6107 1198 1
6107 3731 1
6107 3808 1
6107 421 1
6107 5677 1
7083 3725 1
2936 2475 1
2936 1195 1
2936 308 1
2936 3938 1
2936 5716 1
2936 2181 1
2936 5960 1
2936 4789 1
2936 2005 1
2936 3825 1
2936 631 1
2936 4211 1
2936 5374 1
2936 4266 1
2936 1942 1
2936 2083 1
7144 4234 1
7144 6095 1
7144 2484 1
7144 6183 1
7144 1107 1
7144 5106 1
4723 5999 1
4723 6496 1
4723 1843 1
4723 1816 1
556 5996 1
556 379 1
556 2417 1
556 2944 1
1604 511 1
1604 3767 1
1604 2720 1
1604 929 1
1604 6991 1
1604 3377 1
1604 1515 1
1604 1808 1
1604 2156 1
1604 1976 1
1604 1477 1
1604 3894 1
1604 1767 1
1604 432 1
573 5387 1
790 4329 1
4869 5905 1
4869 5643 1
5914 251 1
5914 109 1
5914 1187 1
5914 4191 1
5914 4988 1
5914 1600 1
5914 4945 1
5914 6062 1
5914 5449 1
5914 4578 1
5914 6243 1
5914 4561 1
5914 2175 1
5914 4429 1
5914 4000 1
5914 4968 1
5914 6697 1
2608 7058 1
2608 3031 1
2608 2602 1
2608 6148 1
2608 2474 1
2608 7053 1
2608 872 1
2608 4220 1
2608 6557 1
2608 5686 1
2608 5320 1
627 831 1
627 3172 1
627 604 1
6251 2552 1
6251 6792 1
6251 6026 1
6251 6409 1
6251 3035 1
6251 1034 1
6251 803 1
6251 2189 1
4300 5464 1
4300 4992 1
7091 4674 1
7091 2255 1
7091 4312 1
861 3002 1
452 2281 1
6897 1369 1
2704 397 1
2968 2240 1
2968 5045 1
2968 3745 1
2968 1950 1
2968 5724 1
2968 2700 1
2968 6767 1
2968 2333 1
2968 1537 1
2968 3249 1
2968 10 1
2968 3403 1
2968 3949 1
2968 5317 1
2968 6633 1
2968 5866 1
2968 4164 1
2968 763 1
2968 3954 1
2968 6555 1
2968 1463 1
2968 3432 1
2968 6779 1
2968 3676 1
2968 7043 1
5195 4884 1
5195 4854 1
6027 6669 1
6027 5168 1
6841 6393 1
6841 3323 1
6841 2207 1
6841 3343 1
945 2949 1
945 2395 1
2087 3138 1
2087 5903 1
2087 6781 1
2087 1205 1
2087 3478 1
2087 4971 1
2087 6549 1
2087 5310 1
2087 5766 1
2087 6000 1
2087 2807 1
2087 4537 1
2087 4393 1
2087 4208 1
2087 581 1
2087 1653 1
5299 3505 1
5299 6048 1
5299 5327 1
5299 6949 1
5299 690 1
5299 2437 1
5299 4804 1
5299 3636 1
5299 2722 1
4950 3660 1
4950 996 1
4950 545 1
1336 4165 1
1336 3280 1
1336 1077 1
1336 6239 1
7104 3649 1
7104 3917 1
7104 4105 1
7104 1889 1
7104 4450 1
7104 5763 1
7104 4868 1
7104 6042 1
7104 2132 1
7104 2513 1
7104 603 1
7104 3520 1
7104 5500 1
7104 2691 1
7104 144 1
7104 6559 1
7104 6753 1
6246 2420 1
6246 6029 1
4563 2974 1
4563 5568 1
4563 4889 1
4563 1046 1
4563 4909 1
4563 6445 1
4563 4538 1
4563 4542 1
4563 3407 1
4563 640 1
4563 5321 1
4563 1471 1
388 4677 1
2383 5457 1
2383 5770 1
3412 4907 1
3412 5013 1
3412 4067 1
5787 2790 1
5787 7282 1
5787 2921 1
5787 6466 1
5787 660 1
5787 1476 1
5787 1720 1
5787 4361 1
5787 4204 1
4 4643 1
4 4483 1
4 2752 1
4 887 1
4 4580 1
4 272 1
4 2082 1
4 6674 1
4 2166 1
4 5176 1
1329 6831 1
1329 153 1
1329 330 1
1329 4853 1
1329 1010 1
1329 7341 1
1329 3285 1
1329 2832 1
1958 2145 1
6842 2608 1
6842 39 1
6842 1772 1
6842 1278 1
6842 4788 1
6842 1757 1
6842 3782 1
6842 4527 1
6842 1532 1
6842 2496 1
6842 4423 1
6842 703 1
6842 3196 1
5716 73 1
5716 6319 1
5716 7005 1
5716 2981 1
5716 5949 1
4752 4931 1
4752 7298 1
6707 6873 1
6707 358 1
6707 5497 1
6707 6376 1
6707 707 1
5315 1895 1
5315 990 1
5315 2715 1
5315 4242 1
6615 3504 1
2585 3413 1
2585 7150 1
2585 1798 1
2585 1329 1
2585 2534 1
2585 5697 1
2585 6378 1
2585 2815 1
2585 557 1
2585 1759 1
2585 5486 1
2585 5567 1
2585 1469 1
2585 5056 1
2585 5988 1
2585 1512 1
2585 4147 1
2411 2750 1
3158 5339 1
3158 3691 1
3158 4669 1
3158 3362 1
800 3598 1
800 1559 1
800 4599 1
800 5987 1
800 2922 1
800 2387 1
800 3648 1
800 1043 1
800 3753 1
6163 6468 1
6163 7328 1
6163 5821 1
6163 3012 1
521 1553 1
521 4281 1
3976 4742 1
3976 3839 1
3976 371 1
3976 6066 1
3976 3899 1
2991 2675 1
2991 1728 1
2991 7103 1
2991 4822 1
2991 6277 1
2991 7281 1
2991 2053 1
2991 508 1
2991 6701 1
2991 3629 1
2991 2266 1
3351 3427 1
3351 2791 1
3351 801 1
3351 709 1
3351 4487 1
3351 6822 1
3351 429 1
3351 2498 1
3351 6491 1
3351 3449 1
3351 4926 1
3351 6708 1
3351 713 1
3351 3680 1
3351 214 1
3351 5208 1
3351 7089 1
3351 3978 1
4646 5108 1
4646 819 1
4646 3855 1
4948 1169 1
4948 5936 1
4948 4910 1
1836 339 1
1836 3171 1
1836 4198 1
1836 1621 1
1836 1998 1
1836 3632 1
1836 5157 1
1836 2551 1
1836 2040 1
1836 5051 1
1836 3572 1
1836 4489 1
1836 3137 1
1836 5271 1
7014 5473 1
4390 6216 1
4760 3560 1
1177 4865 1
1177 7152 1
1177 4087 1
1177 3789 1
1177 2732 1
1177 2614 1
1177 2758 1
1177 3366 1
1177 3516 1
1177 6606 1
1177 297 1
6804 1675 1
6804 4439 1
6804 3573 1
6175 7140 1
6175 1510 1
6175 4145 1
1983 6696 1
1983 1212 1
28 6322 1
1192 5932 1
1192 5070 1
1192 383 1
1192 4873 1
1925 23 1
1925 4346 1
1925 3800 1
1925 4091 1
1925 558 1
1925 5425 1
1925 1801 1
1925 5067 1
1925 3267 1
1925 2709 1
1925 4851 1
1925 7321 1
1925 5094 1
1925 1193 1
1925 1090 1
1925 5662 1
1925 4609 1
3302 5503 1
7348 5013 1
1917 4857 1
1917 6400 1
1917 1790 1
1917 3238 1
3121 6132 1
3121 2434 1
3121 5547 1
3121 6567 1
3121 14 1
3121 5186 1
6999 360 1
6999 3836 1
6999 5183 1
6999 559 1
6999 3794 1
6999 5052 1
6999 3763 1
6999 2572 1
6999 645 1
6999 952 1
6999 848 1
6999 1287 1
6999 478 1
6999 5635 1
6999 3393 1
1801 6585 1
3533 206 1
3533 3115 1
3533 6207 1
3533 5715 1
3533 1764 1
3533 2182 1
3533 7303 1
3533 465 1
3533 2703 1
3533 1754 1
3533 2041 1
3533 6601 1
3533 6341 1
3533 5484 1
3533 459 1
1593 3458 1
1593 3376 1
1593 1715 1
1593 6416 1
2045 7338 1
5067 1004 1
5067 1628 1
5067 5530 1
5067 6667 1
5067 729 1
5067 367 1
5067 7297 1
5067 633 1
5067 528 1
5067 883 1
5067 1573 1
5067 673 1
5067 7109 1
5067 3992 1
5067 3761 1
5067 4959 1
2632 6914 1
2632 5432 1
2632 5564 1
2632 1633 1
2004 1458 1
2004 2864 1
2004 5834 1
2004 4418 1
2004 4764 1
4954 2067 1
4954 3239 1
4954 5214 1
4954 2 1
4954 4404 1
788 4656 1
5041 180 1
5041 6346 1
5041 3576 1
5041 5086 1
5041 7184 1
5041 7315 1
5041 4940 1
5041 5515 1
5041 1251 1
5041 1912 1
5041 5248 1
5041 1716 1
4491 6268 1
4491 2977 1
4491 2042 1
4491 1143 1
4491 6671 1
4491 2648 1
4491 3003 1
2766 7272 1
2766 158 1
2766 499 1
2766 6431 1
4253 4197 1
4253 7314 1
4253 3247 1
4253 5462 1
4253 6797 1
4253 6404 1
4253 5265 1
4253 5266 1
4253 1060 1
4253 6580 1
4253 1319 1
4253 1639 1
4253 6335 1
4253 2680 1
4253 161 1
4253 3385 1
4253 2780 1
4253 5846 1
4253 4427 1
4253 2211 1
2682 433 1
7030 5632 1
7030 5502 1
7030 2038 1
7030 4991 1
5419 3583 1
5419 6226 1
5419 1531 1
5419 1173 1
5419 3650 1
5419 2086 1
5419 1815 1
5419 6885 1
1732 54 1
1732 947 1
1732 6411 1
1732 5752 1
1732 2945 1
2594 1727 1
2594 2114 1
2594 855 1
2594 3848 1
961 2037 1
1122 3100 1
3911 3797 1
3911 2637 1
954 1385 1
954 1701 1
954 2451 1
954 2353 1
6182 682 1
6182 6130 1
5601 1984 1
5601 3254 1
5601 6759 1
269 3008 1
269 7161 1
269 4886 1
269 1030 1
269 6185 1
269 5344 1
269 1986 1
269 5362 1
1995 6055 1
1995 4254 1
1995 4531 1
1995 4044 1
2702 2589 1
2702 4209 1
2702 4754 1
2702 5574 1
2702 681 1
2148 435 1
2148 613 1
242 1261 1
3593 5411 1
3593 2368 1
3593 1045 1
3593 35 1
3593 3150 1
3593 5021 1
3593 4464 1
3593 767 1
3593 1445 1
3593 4011 1
3258 3401 1
3258 4042 1
3258 919 1
7178 4316 1
7178 520 1
7178 5346 1
7178 461 1
7178 2852 1
7178 5739 1
7178 4431 1
7178 2210 1
475 3566 1
475 4236 1
475 3381 1
475 2520 1
475 3502 1
475 4611 1
475 4444 1
475 5485 1
475 1647 1
1053 4454 1
1053 5721 1
4085 4961 1
4085 336 1
4085 3701 1
4085 5746 1
4085 42 1
4085 6258 1
2522 5395 1
3771 7240 1
3771 6654 1
3771 7078 1
3771 5246 1
3771 319 1
683 5707 1
683 7208 1
683 4603 1
683 3479 1
683 5868 1
683 5904 1
683 3111 1
683 6009 1
2428 715 1
2428 4299 1
2428 318 1
2428 658 1
4252 4658 1
4252 4766 1
4252 966 1
4252 3508 1
4252 2056 1
4252 7063 1
1772 3889 1
1772 4073 1
1772 1397 1
1772 3282 1
1772 1129 1
1772 1654 1
7270 766 1
7270 668 1
7270 6541 1
7270 7086 1
7270 4195 1
1146 5136 1
1146 2183 1
1683 5743 1
1683 6050 1
1683 2378 1
1683 7227 1
1683 6598 1
1683 7349 1
1683 1153 1
1683 3320 1
1683 167 1
1683 2630 1
1683 2995 1
7215 2401 1
322 5329 1
322 2176 1
3974 3947 1
3974 497 1
3974 2512 1
3974 5121 1
5351 3447 1
5351 6389 1
5351 6854 1
5351 1996 1
5351 4704 1
460 3905 1
460 4711 1
460 5572 1
516 6650 1
516 5626 1
516 3453 1
516 6520 1
516 4396 1
516 1219 1
6046 3697 1
6046 5551 1
6046 5808 1
6046 786 1
3966 5053 1
3966 216 1
4213 5993 1
4213 4498 1
1086 4890 1
1086 2659 1
1086 3400 1
1086 4437 1
1039 3109 1
1039 5155 1
1039 6475 1
6180 1865 1
6180 4762 1
6180 3295 1
6180 5443 1
6180 3211 1
6180 5941 1
6180 4927 1
6180 4776 1
6180 3443 1
6180 1262 1
6180 873 1
6180 5560 1
6180 1534 1
6180 654 1
6180 5126 1
6180 4032 1
4845 3934 1
4845 1209 1
4845 4521 1
4845 3380 1
4661 3297 1
4661 944 1
4661 4289 1
4661 315 1
4661 6704 1
4661 3463 1
4661 2135 1
3064 5448 1
5555 3658 1
456 3088 1
4525 5978 1
3207 4297 1
4894 5647 1
4894 4238 1
4894 6776 1
4894 3461 1
4894 6205 1
4894 934 1
6294 614 1
6294 6800 1
6294 1414 1
6294 439 1
935 2413 1
935 4160 1
2290 6441 1
2290 5695 1
2290 5225 1
2290 6059 1
2290 1742 1
2290 6344 1
2290 1185 1
2290 986 1
2290 4149 1
2290 3286 1
2290 5720 1
2290 1293 1
5277 1710 1
1929 2714 1
1929 4357 1
1929 5033 1
1929 2021 1
2119 2418 1
3239 2888 1
3239 1544 1
4375 4913 1
4375 641 1
4375 5088 1
4375 2769 1
4375 7279 1
4375 6685 1
5350 3780 1
6305 6512 1
6305 949 1
2840 5005 1
2840 799 1
4919 6979 1
4919 46 1
4919 1029 1
4919 1014 1
1821 7202 1
1821 396 1
1821 168 1
1821 4725 1
1821 5105 1
3070 3558 1
6492 3613 1
6492 1097 1
6492 958 1
6492 2623 1
6489 1304 1
6489 3689 1
6489 4946 1
3308 2915 1
3308 3090 1
3308 3769 1
4496 1435 1
4496 5138 1
4496 276 1
4496 6063 1
4496 3087 1
1819 2433 1
1819 852 1
1819 292 1
1819 4629 1
1819 3575 1
1819 2631 1
1819 5084 1
1819 5417 1
1819 2741 1
5749 2723 1
5749 932 1
5749 3556 1
5749 5159 1
5749 1973 1
5749 4829 1
5749 806 1
5749 6992 1
1944 7037 1
1944 7337 1
4131 5119 1
4131 3097 1
4131 2964 1
4131 4719 1
708 526 1
708 1213 1
3625 6887 1
3625 15 1
3625 2205 1
3625 6011 1
3625 1692 1
3625 6706 1
6626 117 1
6626 4038 1
6626 4750 1
6626 6147 1
6626 2754 1
6626 6398 1
6626 1607 1
6626 3467 1
6626 5561 1
6626 2695 1
6626 2834 1
6626 5592 1
6626 3546 1
6626 6995 1
6626 3666 1
6626 6861 1
6626 3132 1
6188 1859 1
2470 6637 1
2470 3463 1
2470 3415 1
3267 3009 1
3267 4577 1
3267 2323 1
3267 6270 1
3267 2748 1
3267 128 1
3267 3637 1
3267 1525 1
3267 7262 1
4969 6621 1
4969 4746 1
4969 1751 1
4969 5181 1
4969 3044 1
4969 1649 1
4969 6802 1
4969 4782 1
4969 363 1
4969 1137 1
4969 5408 1
4969 6238 1
4969 6191 1
4969 3098 1
4969 4976 1
4969 4021 1
4969 192 1
4969 1523 1
2897 4406 1
2897 6480 1
2897 3711 1
2897 696 1
2897 4250 1
2897 6678 1
2897 6980 1
2897 3785 1
2897 4125 1
4119 3860 1
4119 3083 1
6811 2355 1
6313 5023 1
6313 4999 1
6313 4226 1
6313 5476 1
6313 2655 1
6313 6662 1
6313 1985 1
6313 537 1
6313 2008 1
6313 2247 1
492 1354 1
492 823 1
492 5089 1
492 980 1
5097 5004 1
5097 2586 1
16 2978 1
16 2919 1
16 3875 1
16 6703 1
16 7064 1
4127 5229 1
6177 6820 1
6177 3291 1
6177 7188 1
5008 2227 1
5008 3706 1
5008 6577 1
5008 326 1
5008 1505 1
5008 1704 1
1919 2710 1
1919 2541 1
1919 6238 1
1919 652 1
1919 3809 1
1919 4251 1
1919 7231 1
1919 6923 1
76 2818 1
76 3369 1
76 2939 1
76 5365 1
76 3414 1
76 1049 1
76 6620 1
76 458 1
76 6474 1
76 5290 1
76 3032 1
76 6588 1
76 5134 1
3545 87 1
3545 3559 1
5896 4600 1
5896 5101 1
5896 7031 1
5896 6030 1
5896 5998 1
3009 3534 1
3009 4923 1
3009 6605 1
3009 6889 1
3009 4795 1
6081 5267 1
6081 5917 1
6081 1438 1
4836 418 1
2325 5788 1
2325 2084 1
2325 4304 1
2325 5466 1
2325 3744 1
2325 1424 1
2325 3233 1
2325 2315 1
2206 1903 1
2206 3202 1
821 7165 1
821 6379 1
821 1145 1
821 3542 1
821 3721 1
821 7198 1
1042 3422 1
3884 4371 1
3884 2529 1
3884 4157 1
3884 1863 1
3915 1623 1
3915 2400 1
3915 467 1
3915 2761 1
3915 5673 1
3915 6692 1
3915 4118 1
3915 2999 1
3915 425 1
3915 2055 1
3915 3933 1
187 5026 1
187 533 1
187 3600 1
187 1115 1
187 314 1
187 7327 1
187 1797 1
187 3742 1
187 1442 1
187 2784 1
187 6303 1
4286 2369 1
4286 618 1
4286 378 1
4286 5275 1
4412 1682 1
3912 6391 1
3912 6646 1
3912 4526 1
3912 5109 1
3912 5304 1
3912 5287 1
3912 6442 1
4751 2425 1
4751 920 1
4751 3388 1
4751 2992 1
4751 6215 1
1136 4310 1
1136 3984 1
7242 4074 1
7242 5957 1
7242 1796 1
7242 6930 1
7242 6039 1
7242 3433 1
7242 6876 1
1401 283 1
2579 6970 1
2579 586 1
2579 617 1
2579 2961 1
3741 6481 1
3741 1941 1
1562 4879 1
1562 6628 1
6934 4062 1
6934 3610 1
270 364 1
270 2208 1
284 4352 1
284 7076 1
284 1091 1
284 1635 1
284 7001 1
284 1690 1
4749 2813 1
4749 1343 1
4749 3828 1
4749 5286 1
4749 6932 1
4749 254 1
4749 4883 1
4749 7102 1
4749 2252 1
7173 3569 1
1288 3835 1
6956 5930 1
6956 5692 1
6956 1302 1
6956 3368 1
6956 3861 1
6908 5833 1
6908 7176 1
1052 3161 1
1052 5708 1
1052 3590 1
1052 3431 1
1052 3985 1
1052 6058 1
4511 6788 1
6325 7249 1
6325 2616 1
6325 2044 1
6325 482 1
6325 3340 1
6329 354 1
6329 6837 1
6329 1271 1
204 3743 1
204 2820 1
204 5058 1
204 6034 1
204 3264 1
204 6718 1
204 6714 1
204 2571 1
1157 1106 1
1157 6490 1
1157 4458 1
1157 6647 1
4709 2738 1
4709 1791 1
1607 3028 1
1607 4618 1
1607 5165 1
1607 5893 1
1607 368 1
1607 5580 1
1607 1 1
1607 5971 1
21 1089 1
21 2792 1
2157 6105 1
2157 1688 1
2157 1295 1
2157 3075 1
2157 3524 1
2157 632 1
2157 1298 1
2157 7181 1
2157 4753 1
2157 706 1
2157 2453 1
2157 4275 1
2157 1856 1
2157 6434 1
2157 6553 1
638 3728 1
638 605 1
361 1758 1
361 5316 1
361 1509 1
361 5049 1
361 1387 1
361 5631 1
361 1595 1
2932 2217 1
6194 6576 1
1298 4387 1
1298 1356 1
1298 2329 1
2125 2596 1
2125 5313 1
2125 7142 1
2125 1617 1
1064 6386 1
3507 3570 1
3507 2707 1
3507 5030 1
3507 353 1
3507 2104 1
3507 2226 1
3507 1405 1
3507 6455 1
3507 4937 1
3507 4092 1
3507 1680 1
6207 615 1
6207 3633 1
6207 2591 1
1742 2341 1
1742 5593 1
3001 1468 1
1780 2100 1
1023 316 1
1023 6705 1
1023 7065 1
1023 2548 1
2444 6903 1
5212 5239 1
5212 2118 1
5212 6211 1
5212 3824 1
6740 5110 1
6740 1386 1
6740 6215 1
4651 962 1
5618 3601 1
5618 2382 1
5618 4831 1
5618 5581 1
2292 2328 1
2292 4601 1
2292 2374 1
2292 5845 1
2292 5628 1
2292 5139 1
2292 5785 1
5117 7288 1
5117 7017 1
5265 4545 1
5265 5912 1
5747 1608 1
5747 3611 1
5747 6153 1
5747 6947 1
5747 6881 1
5747 5251 1
5747 5227 1
5747 2947 1
4441 796 1
4441 2167 1
4441 7137 1
4441 1747 1
1222 375 1
1222 1549 1
1918 4502 1
1918 1735 1
1918 3234 1
2662 5302 1
2662 1934 1
3479 1920 1
3479 5730 1
3479 2069 1
3479 6870 1
5440 4525 1
5440 2662 1
5440 519 1
6232 2201 1
6232 500 1
6232 6707 1
6232 2525 1
2657 2476 1
2657 6334 1
2657 6617 1
2657 1516 1
2657 5887 1
2657 1459 1
2657 95 1
2657 3596 1
2657 5336 1
5007 5659 1
5007 2046 1
5007 282 1
5007 3203 1
5007 1898 1
5007 905 1
5007 7172 1
5007 6482 1
5007 1708 1
5007 2270 1
5007 5705 1
5007 4570 1
5007 5074 1
6321 5783 1
5784 2713 1
1922 6537 1
201 8 1
201 5810 1
201 3673 1
201 5793 1
201 1288 1
201 7006 1
201 2994 1
201 1570 1
201 5162 1
201 238 1
3772 6447 1
3772 3727 1
3772 275 1
1466 1194 1
6972 7197 1
6972 2263 1
6972 6687 1
5220 1234 1
5220 5514 1
5220 7254 1
531 2531 1
3394 1909 1
3394 5650 1
3394 5082 1
3394 1074 1
3394 5231 1
3394 4432 1
3394 36 1
3394 479 1
3394 3762 1
3394 2265 1
3394 6307 1
4268 5367 1
4268 4453 1
4268 4231 1
3269 3707 1
3269 5039 1
3269 4740 1
3269 5693 1
3269 3255 1
3269 3096 1
3269 6362 1
3269 982 1
3269 1673 1
3269 5556 1
3269 3122 1
3269 2337 1
3269 3651 1
3269 3265 1
619 351 1
815 7166 1
815 2677 1
815 442 1
815 2110 1
815 1483 1
815 6345 1
815 6690 1
7034 1171 1
4731 5575 1
4731 6742 1
4731 6135 1
4731 3118 1
4731 2050 1
3543 6517 1
3190 1605 1
2385 2334 1
2385 468 1
2385 5253 1
2385 917 1
2385 7323 1
2385 2605 1
2385 6514 1
2385 3826 1
2385 5589 1
2385 1611 1
2385 1852 1
2385 5625 1
2385 7075 1
2385 7038 1
2385 4847 1
2385 6622 1
2385 4141 1
2385 4874 1
2385 3284 1
2385 898 1
2385 3842 1
2385 1826 1
2385 5459 1
2385 6306 1
2385 235 1
2385 3444 1
6002 670 1
6002 655 1
2984 1971 1
2984 5792 1
2984 5563 1
2984 5175 1
2984 6255 1
2984 5397 1
2984 5757 1
2984 4235 1
6077 4342 1
6077 7158 1
6077 2173 1
6077 1845 1
6771 1020 1
6771 7088 1
6771 7313 1
6771 7092 1
6771 1962 1
6771 416 1
6771 1979 1
6771 3726 1
6771 771 1
6771 4212 1
3960 789 1
3160 1141 1
6536 4523 1
6536 3567 1
6536 5182 1
6536 4050 1
6536 77 1
6536 3663 1
6536 4376 1
6536 812 1
6536 6218 1
6536 37 1
6536 207 1
6536 5864 1
6536 1383 1
6536 6115 1
6536 6417 1
6536 1264 1
6536 4476 1
6536 32 1
6536 1347 1
5190 1586 1
5190 1008 1
5190 689 1
5190 4003 1
5190 694 1
5190 6337 1
5190 1068 1
5190 7291 1
5190 3301 1
5190 2835 1
5190 5326 1
4465 3885 1
5827 875 1
5827 7133 1
5827 6715 1
5827 3814 1
5827 5764 1
5827 3448 1
4895 4786 1
4895 5390 1
4895 1472 1
4895 2957 1
4895 6737 1
2438 6158 1
2438 6174 1
1287 3604 1
1287 6358 1
1287 849 1
1287 1838 1
1287 4295 1
1362 6221 1
1362 6396 1
1362 5338 1
1362 1860 1
2709 1824 1
2709 3495 1
2709 5573 1
2709 3802 1
2709 5542 1
2709 3187 1
2533 2299 1
2533 6663 1
2533 1159 1
2533 4028 1
2533 2779 1
2533 6639 1
2533 6821 1
1484 7250 1
1484 1578 1
1484 5877 1
1484 6552 1
1484 488 1
1484 5319 1
1484 1391 1
1484 4187 1
1484 566 1
1484 17 1
1484 2243 1
1484 5217 1
1484 5154 1
1484 6573 1
1484 1431 1
1484 6591 1
1484 2297 1
1484 5283 1
1484 5173 1
6970 6044 1
6970 285 1
6970 1239 1
6970 7009 1
6970 2059 1
6970 103 1
6970 5083 1
2592 2768 1
2592 4394 1
2592 6619 1
2592 2131 1
2592 3240 1
2592 2943 1
2592 4808 1
2592 5003 1
2592 4190 1
3022 1642 1
145 5401 1
145 6898 1
145 4469 1
145 140 1
145 3838 1
461 1719 1
461 4233 1
461 6543 1
461 2396 1
461 2262 1
461 4217 1
461 1695 1
461 6267 1
461 6627 1
461 228 1
461 2094 1
461 3764 1
461 2365 1
461 2742 1
461 1876 1
461 4607 1
461 6819 1
461 4911 1
461 977 1
461 2406 1
461 3532 1
4022 6950 1
4022 3831 1
4022 5915 1
4022 2234 1
4022 998 1
4867 1258 1
4867 286 1
4867 6121 1
4867 2972 1
3317 637 1
3317 3813 1
293 870 1
293 5386 1
293 3341 1
6405 2407 1
1399 1734 1
2569 4951 1
2569 4457 1
2569 3405 1
6743 4193 1
5590 1922 1
586 507 1
5681 1174 1
5681 6595 1
5681 3378 1
5681 5758 1
5681 262 1
5681 2613 1
5681 4585 1
5681 5075 1
5681 3256 1
5681 4169 1
5681 1267 1
5681 538 1
5681 975 1
1764 6635 1
7125 3039 1
7125 936 1
7125 2803 1
7125 7008 1
7125 7275 1
7125 4610 1
7125 1272 1
7125 5081 1
7125 730 1
7125 1371 1
7125 6127 1
7125 6419 1
7125 113 1
7125 3066 1
7125 1597 1
7125 718 1
7125 2621 1
7125 4360 1
3430 6809 1
5663 6910 1
1368 5002 1
1368 463 1
1368 4002 1
1368 4686 1
1368 4598 1
1368 4388 1
1368 1070 1
1368 5103 1
1368 3442 1
6883 1206 1
5794 417 1
5794 7177 1
6843 3175 1
4033 278 1
5116 343 1
5116 4900 1
5116 6919 1
5116 2868 1
1396 2469 1
865 6935 1
865 125 1
865 2773 1
3686 3281 1
3686 205 1
3686 5622 1
4542 4514 1
4542 171 1
422 4552 1
2711 3221 1
2711 1501 1
2711 2152 1
2711 2822 1
2711 1645 1
2711 5883 1
2711 6931 1
2711 1323 1
2711 5279 1
2711 4135 1
2711 3300 1
2711 5069 1
2711 7219 1
2711 1983 1
2711 1679 1
2711 5295 1
2711 3625 1
2711 4969 1
2711 6942 1
2711 340 1
2711 4207 1
2711 3547 1
2711 7226 1
2711 3577 1
2711 1332 1
2711 2363 1
2711 1684 1
2711 4768 1
2711 3804 1
2711 589 1
2711 188 1
2711 2850 1
2711 222 1
2711 5194 1
2711 3395 1
2711 1525 1
2711 5334 1
2711 1793 1
2711 2237 1
2711 3585 1
2711 1765 1
2711 6823 1
2711 4781 1
2711 5725 1
5404 224 1
5404 5223 1
5404 3531 1
5404 3644 1
3108 1300 1
3108 6315 1
6603 6691 1
6603 6099 1
6603 6741 1
6603 5772 1
6603 7347 1
6603 778 1
6603 3356 1
6603 1803 1
2182 2404 1
7319 3511 1
7319 1601 1
7319 325 1
7319 6373 1
7319 4058 1
7319 2080 1
7319 659 1
7319 373 1
7319 1805 1
7319 1353 1
7319 2075 1
2388 477 1
2388 5688 1
2388 4967 1
217 1904 1
217 2724 1
217 1842 1
1244 4612 1
1244 3787 1
1244 6318 1
1244 1467 1
6729 4648 1
2603 6590 1
2603 963 1
2603 2905 1
2603 5623 1
2603 2471 1
2603 5675 1
2574 1755 1
2574 1282 1
2574 2421 1
2574 1592 1
2574 3174 1
2574 3956 1
2574 4882 1
2574 4982 1
2574 959 1
2574 2431 1
2574 5709 1
5595 3016 1
5595 1502 1
5595 7203 1
5595 3370 1
5595 6824 1
942 6528 1
942 116 1
942 691 1
942 2686 1
942 7054 1
5266 2231 1
5266 5946 1
5266 6472 1
5266 7243 1
4515 653 1
4515 6225 1
4515 231 1
4515 5736 1
4515 133 1
4515 5230 1
4515 4173 1
6676 4684 1
6896 5603 1
6896 858 1
6896 6497 1
6896 134 1
6896 6594 1
5868 1896 1
5868 3634 1
5868 2442 1
5868 3191 1
5868 4332 1
5868 3384 1
5868 5297 1
5868 863 1
5868 807 1
5868 5407 1
5868 666 1
5868 4941 1
5868 3739 1
5599 5640 1
6993 6052 1
6993 6775 1
6993 3185 1
6993 1196 1
6993 3347 1
6993 5954 1
764 4777 1
764 4121 1
3517 3120 1
3114 1449 1
3114 1965 1
3114 2426 1
3114 1179 1
3114 1905 1
3114 2801 1
3114 746 1
7006 949 1
4962 657 1
4141 579 1
1381 3324 1
1381 4839 1
1381 2757 1
1381 5521 1
1381 6092 1
1381 6502 1
1381 6230 1
1381 6357 1
1381 4823 1
1381 3493 1
1381 2904 1
1652 4664 1
1652 5032 1
7126 2891 1
7126 5090 1
7126 6242 1
7126 1493 1
7126 7100 1
7126 5259 1
7126 1297 1
7126 593 1
7126 3386 1
7126 4172 1
7126 2285 1
7126 1305 1
7126 7036 1
7126 2322 1
7126 1604 1
7126 2827 1
7126 6538 1
7126 1809 1
7126 2274 1
7126 219 1
7126 779 1
7126 3986 1
7126 5874 1
7126 6532 1
7126 524 1
7126 5934 1
7126 5928 1
7126 1228 1
7126 65 1
7126 1510 1
7126 5278 1
7126 2570 1
7126 6291 1
7126 7305 1
7126 127 1
5415 4459 1
5415 6202 1
4653 5020 1
4653 2665 1
4653 2626 1
4653 6734 1
4653 893 1
4653 677 1
4653 2306 1
4653 3026 1
4653 733 1
4653 1694 1
5310 5546 1
1275 494 1
1275 4497 1
1275 3801 1
5776 158 1
5776 1917 1
5776 4468 1
5776 598 1
5776 5723 1
5776 2350 1
3816 6675 1
3816 4140 1
3816 3664 1
1737 1596 1
1737 455 1
1737 3671 1
5269 4205 1
5269 1087 1
5269 419 1
5875 5876 1
7226 550 1
7226 4350 1
7226 3351 1
7226 1207 1
7226 6479 1
7226 3617 1
7226 3606 1
7226 6173 1
7226 1548 1
7226 5926 1
7226 7094 1
7226 4151 1
7226 6812 1
7226 3273 1
7226 6849 1
7226 3730 1
5696 6235 1
5696 6262 1
5696 6392 1
5696 3160 1
5696 6523 1
5696 7265 1
7072 4363 1
7072 1188 1
7072 4171 1
6382 2477 1
6382 2439 1
6382 7186 1
6917 7193 1
6917 6768 1
6917 2760 1
6917 6926 1
6917 2079 1
6917 2155 1
6917 3104 1
5475 2590 1
5475 4928 1
5475 1367 1
5475 1344 1
5475 5594 1
5475 1263 1
5475 2095 1
5475 5206 1
5475 3799 1
5475 3718 1
5475 6629 1
5475 2650 1
6997 2544 1
6997 3864 1
6997 6261 1
6997 5611 1
6997 3630 1
6997 2336 1
6997 6013 1
6997 5624 1
6997 6142 1
6997 5209 1
860 1426 1
860 2218 1
860 2204 1
860 4638 1
1700 3527 1
1700 608 1
1700 1644 1
1700 5588 1
1700 3245 1
1700 2245 1
1700 3564 1
2853 6836 1
2853 5657 1
3470 1408 1
3163 4942 1
2664 3474 1
3529 211 1
3529 4181 1
3529 4030 1
3529 6643 1
3529 4493 1
3529 4395 1
3529 704 1
5866 3703 1
5866 4932 1
1318 3101 1
1318 897 1
4900 1470 1
4900 3914 1
4900 1309 1
4900 2684 1
4900 1714 1
4900 3475 1
5991 6796 1
5991 3226 1
200 2037 1
200 1211 1
200 6816 1
200 2259 1
200 1580 1
200 3394 1
200 173 1
200 3119 1
4492 4053 1
4492 731 1
4492 6597 1
4492 792 1
4492 1572 1
2879 4921 1
2879 2298 1
2879 2070 1
2879 553 1
6451 1632 1
6451 5683 1
6451 5254 1
6614 2072 1
4192 4589 1
4192 5729 1
4192 6349 1
4192 5506 1
4192 2150 1
4192 1473 1
4192 5249 1
4192 6676 1
4192 84 1
4192 5409 1
4192 1151 1
4192 126 1
4192 2007 1
4192 2767 1
4192 1183 1
4192 5851 1
4192 5773 1
1992 2049 1
1992 2241 1
1992 4322 1
1992 121 1
1992 2111 1
1992 3499 1
1992 7175 1
1116 671 1
5335 5532 1
5335 5027 1
5335 6155 1
5335 4317 1
5335 3313 1
5335 6974 1
5015 1658 1
5015 7169 1
5015 6568 1
5015 310 1
5015 5653 1
5015 4499 1
5015 4574 1
5015 7331 1
5015 2793 1
5015 4036 1
5015 2751 1
5015 1434 1
5015 3539 1
5015 5469 1
4331 6444 1
4331 5641 1
6567 4947 1
3522 1974 1
3522 6504 1
3522 4732 1
3522 7309 1
3522 4097 1
3522 4046 1
3522 4043 1
3522 882 1
3522 3989 1
3522 7199 1
3522 6184 1
3522 3046 1
3522 6730 1
3522 968 1
3522 3608 1
4925 5935 1
4925 3627 1
4925 3846 1
4925 1738 1
4925 5684 1
4925 4840 1
4925 6962 1
6522 5998 1
6522 2583 1
5420 2370 1
3471 3884 1
1280 221 1
1280 6106 1
5857 5929 1
5857 3454 1
5857 2610 1
5857 6710 1
5857 1923 1
5857 1015 1
2497 4666 1
2497 2003 1
2497 5642 1
2497 4059 1
2497 2875 1
6925 4398 1
6925 6160 1
156 7135 1
1325 3936 1
1325 4479 1
1325 1899 1
1325 2279 1
1325 5740 1
68 3890 1
68 1056 1
68 1361 1
2472 3657 1
973 1380 1
973 138 1
973 2222 1
973 2229 1
973 5252 1
973 5517 1
973 529 1
973 1279 1
973 2726 1
973 692 1
973 4799 1
246 6981 1
246 1428 1
246 5104 1
246 3851 1
846 3481 1
846 4680 1
846 1927 1
2324 6110 1
2324 5555 1
2324 4705 1
4123 3930 1
4123 2467 1
4123 4551 1
4123 4099 1
1619 1176 1
1619 5812 1
6017 909 1
4757 6892 1
4757 2872 1
4757 7055 1
4757 6023 1
4757 4200 1
4757 6247 1
6541 2549 1
1210 6645 1
1210 5419 1
1210 5698 1
2374 5455 1
1650 4075 1
1650 5516 1
1650 5482 1
5091 1721 1
5091 2362 1
5091 751 1
5091 3014 1
5091 3469 1
5091 1722 1
5091 1037 1
5091 5867 1
5091 5566 1
5091 415 1
5091 784 1
5091 4613 1
5091 4436 1
5091 5610 1
5091 3352 1
5091 2402 1
5091 4260 1
4846 3082 1
3584 1053 1
2068 2612 1
2068 3139 1
2068 2694 1
2068 1200 1
2068 2600 1
4956 1358 1
4956 4690 1
4956 1093 1
6698 428 1
2764 4622 1
2764 3416 1
2764 2184 1
2764 5187 1
2764 3679 1
2764 1506 1
2764 6716 1
2764 7149 1
2764 1075 1
2764 2783 1
2764 1283 1
3472 5141 1
3472 4888 1
1384 1652 1
4237 7015 1
3922 1648 1
3922 2831 1
3922 4843 1
3922 5797 1
3922 674 1
4241 2340 1
4241 7082 1
4241 5691 1
4241 4257 1
4241 332 1
4241 2063 1
4241 29 1
4241 6973 1
4241 1705 1
4241 2301 1
4241 940 1
4241 2951 1
4241 75 1
4241 5238 1
4241 4641 1
4241 2016 1
4241 884 1
4241 5477 1
4241 2377 1
4241 5882 1
4241 5451 1
3759 1574 1
3759 4902 1
3759 3909 1
3759 1085 1
3759 2882 1
743 6773 1
743 6897 1
743 5894 1
743 2795 1
743 3755 1
1874 1712 1
898 643 1
898 3342 1
898 3483 1
898 2414 1
898 6958 1
898 6761 1
898 543 1
898 5524 1
898 2982 1
898 906 1
898 4320 1
898 6731 1
898 7324 1
898 6112 1
898 2515 1
4103 4530 1
4103 7310 1
2744 541 1
2744 6283 1
2652 1677 1
2652 1784 1
2135 7342 1
4323 6532 1
1057 1450 1
1057 2654 1
1057 1583 1
1057 1495 1
1057 6412 1
1057 6145 1
1057 4535 1
1057 4998 1
1057 2331 1
1128 4623 1
1128 6157 1
3175 4722 1
3175 1125 1
3175 154 1
3175 3269 1
3175 1913 1
3175 1242 1
3175 6668 1
3690 728 1
712 1382 1
712 4880 1
712 992 1
712 1835 1
712 6513 1
712 1890 1
712 4640 1
712 997 1
712 1928 1
712 4045 1
712 3870 1
712 6655 1
712 4273 1
3918 4196 1
880 3620 1
1126 2143 1
1126 921 1
1126 734 1
1126 6229 1
1126 7325 1
1126 6946 1
1126 4964 1
1126 6102 1
1126 2989 1
1126 4633 1
1126 1787 1
1126 3722 1
1126 7213 1
1126 4252 1
1126 5620 1
1126 1139 1
1126 547 1
1126 5507 1
1126 2135 1
1126 5713 1
1126 2743 1
1126 1290 1
1126 1651 1
7345 5726 1
7345 5775 1
7345 149 1
341 5152 1
341 3412 1
341 3529 1
341 333 1
341 7107 1
4440 2295 1
4440 5742 1
4440 6738 1
4440 1687 1
4179 5472 1
4179 4057 1
4179 5565 1
2678 6982 1
2852 4727 1
6037 5919 1
6037 4790 1
6037 2747 1
1342 1007 1
1342 856 1
1342 3184 1
1342 7170 1
1342 6774 1
1342 3811 1
1342 5825 1
4006 4558 1
4006 6144 1
4006 3845 1
4006 4117 1
4006 5205 1
4006 5520 1
4006 4284 1
4006 6254 1
4006 345 1
4006 5399 1
4006 2595 1
4006 7212 1
4006 4369 1
4006 804 1
727 71 1
727 6566 1
727 4088 1
6686 4929 1
2811 2410 1
2811 3797 1
4990 6607 1
5258 3850 1
5258 2142 1
5258 4481 1
5258 4596 1
5258 4137 1
5258 7051 1
5258 6682 1
5258 5268 1
5258 782 1
5258 6911 1
7077 6363 1
7077 1661 1
7077 1529 1
7077 5012 1
7077 1930 1
7077 7223 1
7077 5499 1
7077 672 1
2536 630 1
2536 876 1
2536 5511 1
2536 2706 1
2536 3642 1
2536 129 1
2536 1252 1
2536 828 1
2536 5128 1
5739 6814 1
5739 5470 1
5739 5689 1
5739 3197 1
5739 5277 1
1963 4698 1
1963 1582 1
1963 6465 1
1963 1961 1
1167 2736 1
1167 447 1
1167 3219 1
1167 2196 1
5512 2158 1
2568 2102 1
2568 2824 1
2568 3192 1
2568 1422 1
2568 6329 1
2568 3507 1
2568 1846 1
4014 5376 1
4014 3687 1
6529 7192 1
6529 2504 1
6529 5900 1
6529 3330 1
6529 3643 1
6529 638 1
6529 6385 1
6529 4269 1
6529 4492 1
6529 985 1
6529 4659 1
6529 1321 1
6529 2391 1
6529 4568 1
6529 4745 1
6529 1954 1
6529 4617 1
6529 2644 1
6529 48 1
2880 6636 1
2107 1051 1
5095 4315 1
5095 4421 1
5095 7340 1
5095 5370 1
5095 410 1
5095 3060 1
5095 5207 1
5095 111 1
5095 551 1
5095 6508 1
1416 6539 1
1416 1809 1
524 86 1
4297 2926 1
4297 3747 1
4297 6865 1
4297 100 1
4297 338 1
4297 253 1
4297 5494 1
6580 3698 1
6580 5807 1
6580 5406 1
6580 2841 1
12 7293 1
12 2806 1
12 5433 1
12 2291 1
12 4019 1
12 3635 1
12 6205 1
12 2597 1
12 1718 1
12 3807 1
12 11 1
12 2645 1
12 1540 1
1319 3397 1
1319 609 1
1319 5493 1
1319 2990 1
1319 5980 1
1319 2598 1
1319 3775 1
1319 6305 1
1319 4919 1
1319 546 1
1319 4022 1
1319 2126 1
1319 6901 1
1319 6433 1
1319 6401 1
1610 4748 1
1610 2372 1
1610 5385 1
1610 3509 1
1610 1161 1
1610 1914 1
1610 4560 1
1610 3783 1
1610 6018 1
2126 1393 1
2126 2634 1
3168 646 1
3168 4336 1
1823 2830 1
1823 6280 1
1823 2522 1
1823 2131 1
1823 1777 1
1823 4832 1
1400 328 1
1400 3896 1
1400 5717 1
1400 2159 1
1400 7320 1
1400 147 1
1400 1238 1
1400 7174 1
237 2186 1
237 6076 1
237 4797 1
237 4110 1
237 4270 1
237 3715 1
231 2503 1
7160 225 1
7160 7183 1
7160 3162 1
680 2877 1
680 2379 1
5939 3759 1
5939 5814 1
6656 306 1
6656 4348 1
6656 5538 1
6656 4185 1
6656 1190 1
7062 3734 1
3170 3614 1
3170 4654 1
3170 4905 1
3170 1028 1
3170 6683 1
3170 1433 1
3170 7278 1
3170 5920 1
3170 4288 1
3170 995 1
3170 6988 1
3170 5694 1
6882 2564 1
4604 2307 1
4604 5870 1
5560 6895 1
370 2523 1
370 2823 1
370 2730 1
370 3322 1
370 1855 1
370 4917 1
370 1497 1
1417 976 1
1417 687 1
1417 6777 1
1417 5427 1
7232 66 1
7232 935 1
7232 2673 1
971 1817 1
971 5123 1
971 4827 1
971 4010 1
971 5596 1
971 403 1
971 6916 1
971 1939 1
971 1072 1
102 4143 1
102 4619 1
102 5489 1
102 1714 1
102 783 1
102 2508 1
7194 5353 1
7194 3057 1
1061 2997 1
2937 2580 1
2937 6483 1
2937 7069 1
2937 4078 1
4183 2096 1
4183 2676 1
4183 2587 1
3799 4403 1
3799 7024 1
4668 6578 1
4668 4020 1
4668 5490 1
4668 5347 1
4668 6816 1
4668 4844 1
4668 2316 1
4668 7277 1
4668 4975 1
4668 2187 1
6390 5063 1
6390 7285 1
6390 2593 1
6390 2359 1
6390 2071 1
6390 3696 1
137 245 1
137 6137 1
137 2507 1
137 758 1
137 60 1
137 5143 1
137 4081 1
137 2443 1
137 4564 1
137 4419 1
6449 2934 1
6449 3127 1
6449 6583 1
6449 5889 1
6449 3430 1
6449 5672 1
6449 1494 1
6449 4957 1
6449 3339 1
3402 208 1
1990 4034 1
1990 4741 1
2153 3410 1
2153 1432 1
2153 928 1
2153 5842 1
2153 3005 1
2153 3993 1
2153 2745 1
2270 311 1
2270 3548 1
2270 886 1
2270 4579 1
2270 994 1
2270 4835 1
2270 259 1
2270 5388 1
2270 2844 1
2270 145 1
2270 1672 1
2270 4435 1
2270 1915 1
2270 3182 1
2270 6581 1
1675 1478 1
1675 3920 1
1675 4186 1
1675 857 1
1639 6198 1
1639 4784 1
1639 1340 1
1639 1081 1
5061 6757 1
5061 6302 1
5061 1655 1
5061 47 1
2092 6008 1
4700 1018 1
4700 515 1
4700 1585 1
4700 2273 1
4700 3820 1
4700 5615 1
4700 563 1
4700 4262 1
4700 509 1
4700 2809 1
4700 904 1
4700 370 1
4700 1294 1
4700 342 1
4700 6452 1
4700 1878 1
4700 1804 1
4700 1184 1
4700 6260 1
6924 6119 1
5835 3344 1
5835 4775 1
5835 4060 1
5835 4501 1
5835 1768 1
5835 1017 1
5835 4549 1
5835 3974 1
5835 3756 1
5835 5878 1
5835 2206 1
5835 6600 1
5835 7242 1
5835 2899 1
5835 1823 1
5835 6387 1
5835 6139 1
5835 1499 1
5835 4798 1
5835 938 1
5835 2179 1
4963 5423 1
4963 2649 1
4963 4737 1
4963 3631 1
4963 956 1
4963 4736 1
4963 5156 1
4963 2859 1
4963 2874 1
4963 4841 1
4963 1953 1
3804 2701 1
3804 6624 1
3804 449 1
3804 1668 1
3804 3796 1
3177 5294 1
3177 4624 1
6545 854 1
5322 5860 1
6335 4066 1
6335 765 1
6335 2346 1
6335 5066 1
6335 5847 1
6335 3561 1
6335 3144 1
6335 1665 1
6335 3048 1
6335 648 1
6335 4265 1
6335 3806 1
6335 7111 1
6335 5354 1
6335 204 1
6335 2984 1
6335 6077 1
6335 6328 1
6335 7136 1
6335 6746 1
6335 156 1
6335 5512 1
6335 309 1
6335 1731 1
6335 3710 1
6335 1224 1
6335 1181 1
6335 2814 1
6335 6894 1
6335 3491 1
4718 4285 1
4718 6151 1
4718 6222 1
4718 61 1
4718 3777 1
4718 2137 1
4718 4812 1
4718 5438 1
4718 1963 1
4718 1306 1
4718 3670 1
3428 5203 1
993 1756 1
2230 118 1
2230 6395 1
2230 2485 1
2230 1237 1
2230 3099 1
2230 3965 1
2230 4335 1
2230 3148 1
2230 7146 1
589 3450 1
2409 5342 1
2409 3674 1
2409 6899 1
2409 4749 1
2409 5095 1
2409 4083 1
3866 717 1
3866 1733 1
3866 4691 1
3866 2202 1
3866 2510 1
3866 5467 1
3866 4480 1
3866 2028 1
3866 3858 1
3866 3692 1
3866 3987 1
3866 5513 1
3866 2113 1
3866 2327 1
554 1098 1
554 7117 1
554 6286 1
554 2275 1
916 4401 1
4188 2015 1
4188 2578 1
4188 408 1
4188 5559 1
4188 3179 1
4188 3510 1
4188 5300 1
4188 6487 1
4188 2076 1
4158 2671 1
4158 564 1
4158 1951 1
4158 1918 1
4158 1330 1
4158 409 1
4158 2047 1
1185 5582 1
344 3056 1
344 6228 1
344 1281 1
344 634 1
1206 5731 1
1206 1054 1
1206 3712 1
1206 185 1
1206 2124 1
1206 4473 1
1206 1584 1
1206 1373 1
1206 4778 1
1206 4203 1
1206 1969 1
1206 2002 1
1206 3563 1
5953 6505 1
5953 1977 1
5953 1491 1
5953 5925 1
5953 5201 1
5953 6521 1
5953 1170 1
5953 3135 1
762 3602 1
762 656 1
1783 2468 1
1783 2320 1
288 7171 1
288 6288 1
288 5540 1
288 688 1
288 5972 1
2680 6844 1
2680 5158 1
2680 527 1
2680 4779 1
2680 1025 1
2680 3129 1
2680 5261 1
2680 6154 1
2680 1057 1
2680 5359 1
2680 1711 1
2680 3253 1
2680 5099 1
2680 407 1
2680 1676 1
2057 6560 1
2057 6769 1
2057 2373 1
2057 1135 1
2057 4774 1
2057 4735 1
3844 4093 1
3844 5602 1
3844 7120 1
3844 2696 1
3844 5122 1
3844 5545 1
3844 2436 1
4628 2935 1
2375 7257 1
2375 4626 1
2375 864 1
2375 6878 1
2375 1182 1
2375 1160 1
2375 3492 1
2375 5097 1
2375 6869 1
2619 601 1
2619 2343 1
6982 2674 1
6982 4518 1
5981 2040 1
5981 3724 1
553 4645 1
553 3325 1
2658 4695 1
2658 3723 1
2658 6065 1
2658 7239 1
2658 5129 1
2658 3062 1
2658 7252 1
2658 2125 1
2658 3317 1
2658 3514 1
2658 2559 1
2658 2764 1
2658 1538 1
2658 6457 1
2658 1378 1
2658 469 1
2332 2838 1
2332 5687 1
1731 5416 1
1731 6073 1
1731 107 1
1731 1487 1
1731 3982 1
1731 3540 1
81 59 1
81 5554 1
81 3399 1
81 6971 1
81 4916 1
81 6456 1
5982 3116 1
5982 6940 1
5982 2804 1
5982 6969 1
5982 1693 1
5982 2816 1
5982 3999 1
5982 5975 1
4052 2302 1
4052 6955 1
6750 701 1
6750 4341 1
6750 4486 1
6750 182 1
6750 5562 1
6750 5193 1
6750 7218 1
6750 352 1
6750 5888 1
3662 3079 1
2871 594 1
2871 2459 1
2871 2784 1
1482 6506 1
1482 930 1
1482 7114 1
1482 1612 1
2762 108 1
1541 6133 1
3085 2986 1
3085 2190 1
4405 391 1
4405 1948 1
4405 4199 1
4405 2788 1
4405 5034 1
4405 6176 1
4405 4258 1
4405 2004 1
4405 2643 1
4405 2001 1
4405 3246 1
4405 2740 1
5014 4770 1
5014 1144 1
5014 6486 1
5014 4505 1
2169 6872 1
2169 3299 1
2169 5799 1
2169 1320 1
2169 3089 1
6863 7281 1
6616 7124 1
6616 3128 1
6616 3948 1
6616 3943 1
6616 4379 1
5987 3612 1
7073 6657 1
6867 2892 1
6867 6851 1
6867 6374 1
6748 5859 1
4769 2863 1
4769 2620 1
4769 3151 1
4769 7095 1
4769 6123 1
4769 4895 1
4769 1119 1
4769 2957 1
3315 7247 1
6403 2367 1
6403 513 1
6403 6418 1
6403 5660 1
6403 6272 1
51 6488 1
51 4821 1
51 7033 1
51 1554 1
51 1362 1
51 2500 1
2532 1172 1
2532 2837 1
2532 2607 1
2532 5950 1
2532 7224 1
2532 2029 1
2532 2267 1
2532 2276 1
2532 2257 1
2532 4973 1
2532 6078 1
2532 4314 1
2532 261 1
2532 3702 1
2532 802 1
2532 4082 1
2532 7234 1
1936 1124 1
1936 2845 1
1936 5710 1
1936 4908 1
1936 837 1
1936 6558 1
1936 3244 1
1936 5761 1
1936 3360 1
1936 6366 1
1936 3772 1
1936 4408 1
1936 937 1
1936 5933 1
1936 2472 1
1936 3584 1
1936 1410 1
1936 7194 1
1936 4720 1
1936 1744 1
1936 4859 1
2294 440 1
2294 120 1
2294 6166 1
3038 1489 1
3420 3199 1
3420 4522 1
3420 3363 1
3420 3198 1
2922 59 1
2922 4442 1
2922 1453 1
2922 2321 1
2922 2358 1
2922 4892 1
2922 612 1
2922 1005 1
5965 984 1
5965 4935 1
5965 450 1
5965 2112 1
5965 4673 1
5965 5000 1
5965 5796 1
4647 2647 1
4245 423 1
3926 2165 1
3926 4914 1
3926 3428 1
3926 3990 1
3248 1447 1
3248 2250 1
3248 3250 1
3248 3841 1
3248 6170 1
3248 6278 1
3248 7233 1
3248 6414 1
3248 4605 1
3248 6623 1
3248 4127 1
3248 3941 1
3248 4721 1
3248 6679 1
3248 6945 1
2920 6069 1
650 7200 1
650 3084 1
650 5495 1
650 4805 1
650 4344 1
650 2271 1
650 1857 1
650 2505 1
650 7306 1
650 1073 1
650 5387 1
650 4084 1
3751 503 1
3751 5274 1
3751 302 1
2235 7182 1
2235 2466 1
2235 2356 1
2235 5528 1
2235 4819 1
2235 2465 1
2235 6839 1
2235 3487 1
5409 3985 1
4702 4133 1
4702 5235 1
4702 5060 1
4702 2058 1
5781 1526 1
5781 2567 1
5781 250 1
5781 2858 1
5781 3379 1
5781 115 1
6013 3445 1
6013 186 1
6013 809 1
6013 5096 1
6013 3252 1
6013 4048 1
6013 6014 1
193 2516 1
193 2846 1
193 822 1
193 2667 1
193 3061 1
193 5168 1
193 4218 1
193 480 1
1412 3924 1
1759 6256 1
1759 5614 1
1759 4826 1
1759 1333 1
1759 4670 1
1759 6744 1
1759 5150 1
1759 3223 1
720 3708 1
2061 190 1
2061 3940 1
2061 7121 1
2061 1348 1
2061 7206 1
2061 7163 1
2061 502 1
2061 3675 1
2061 2412 1
7284 548 1
7284 6904 1
7284 583 1
5460 5479 1
5460 5891 1
5460 768 1
5460 142 1
5460 3357 1
5460 5818 1
5460 6015 1
5460 6043 1
5460 3371 1
5460 1313 1
5460 300 1
5460 5618 1
5460 3190 1
5460 483 1
5460 1700 1
5460 4206 1
5460 1699 1
5460 3073 1
5460 4296 1
5460 4443 1
5460 1413 1
5460 2447 1
5460 5426 1
5460 6342 1
5460 6368 1
5460 1142 1
5460 1406 1
5460 6448 1
5460 3157 1
6257 4113 1
6200 2122 1
1087 6022 1
1087 5943 1
1087 7035 1
784 4933 1
741 2725 1
741 4738 1
741 5646 1
741 4027 1
741 3222 1
741 2120 1
741 1324 1
6510 3335 1
2060 3154 1
2060 5544 1
2060 570 1
2060 6035 1
2060 5010 1
2060 1552 1
2060 5777 1
2060 2105 1
2060 1674 1
2060 2116 1
2060 4307 1
3886 3030 1
3886 6902 1
3886 4232 1
3886 5471 1
3886 3147 1
3886 3145 1
4898 3054 1
4229 3117 1
4229 5948 1
3519 7245 1
3519 5366 1
4861 4086 1
4861 4347 1
1549 5330 1
4122 5356 1
4122 3827 1
4122 6116 1
4122 3053 1
4122 55 1
4122 3309 1
4122 5422 1
4122 522 1
4122 4584 1
2687 3980 1
2687 5394 1
2687 3866 1
2687 6587 1
2687 6527 1
2687 2351 1
6765 4153 1
6765 4581 1
6765 1906 1
6765 1241 1
6765 2483 1
65 277 1
65 5768 1
65 811 1
7013 2493 1
7013 5885 1
7013 3327 1
7013 4230 1
7013 6190 1
7013 6960 1
7013 3939 1
7013 1110 1
7013 349 1
7013 448 1
7013 4849 1
7013 626 1
7013 1043 1
983 6726 1
4906 3200 1
4906 490 1
4906 2017 1
4906 2499 1
4906 2651 1
4906 1121 1
4906 4222 1
3553 6937 1
3553 3700 1
3553 761 1
3553 2462 1
5202 4142 1
5202 7052 1
5202 1566 1
4634 6649 1
141 3995 1
141 3290 1
141 3007 1
6551 1528 1
6551 6020 1
6551 6579 1
6551 4681 1
6551 4901 1
6551 7220 1
6551 6877 1
6551 3398 1
6551 1390 1
6551 2487 1
6551 3665 1
6551 3852 1
6551 5600 1
6551 6325 1
6551 542 1
6551 5595 1
6551 3114 1
6551 1131 1
6551 6879 1
6551 6074 1
6551 1785 1
5938 6438 1
5938 3262 1
5938 4124 1
5938 760 1
5938 3843 1
5938 5875 1
5938 6907 1
5938 6477 1
4877 159 1
4877 3868 1
4877 3494 1
6618 6422 1
6618 195 1
6618 825 1
6618 599 1
6618 3971 1
6618 2296 1
6618 227 1
6618 5526 1
6618 1366 1
6618 2292 1
6618 6330 1
6618 739 1
6618 4325 1
7336 3141 1
7336 3482 1
7336 6516 1
7336 1660 1
7336 1240 1
7336 392 1
7336 1844 1
5197 3847 1
5197 3523 1
6070 2863 1
6070 382 1
6070 3260 1
6070 6660 1
6070 1339 1
6070 1214 1
2461 3074 1
2461 7333 1
2461 5028 1
2461 1575 1
770 2770 1
770 1036 1
4275 597 1
6098 867 1
6098 2842 1
6098 2225 1
6098 3010 1
6098 1861 1
6098 4875 1
6098 5863 1
6098 1972 1
6098 4861 1
6098 1000 1
6098 3565 1
6098 4312 1
437 2917 1
437 50 1
437 2030 1
437 600 1
437 5733 1
437 3506 1
437 7090 1
437 5439 1
437 1326 1
437 4065 1
437 1122 1
437 4534 1
437 2530 1
437 4878 1
437 1439 1
437 1807 1
437 6917 1
437 1462 1
437 3630 1
437 2550 1
437 2062 1
437 83 1
437 530 1
437 6515 1
437 3103 1
437 1109 1
437 405 1
437 3228 1
3042 2093 1
3042 813 1
3042 676 1
3042 501 1
3042 6267 1
3042 2946 1
3042 1594 1
3042 1235 1
3042 3274 1
3042 2162 1
3042 4263 1
568 2556 1
568 6421 1
568 7287 1
568 2987 1
568 5375 1
568 1500 1
568 1158 1
568 6298 1
568 2657 1
568 5755 1
568 1527 1
568 4896 1
568 7122 1
5904 7110 1
5904 3437 1
5904 1269 1
5904 2149 1
5904 5169 1
5904 1745 1
5904 1147 1
5904 1253 1
5904 4412 1
5904 2423 1
5904 988 1
5904 6146 1
5904 2625 1
5904 457 1
2906 5215 1
5617 2756 1
5204 26 1
5204 3530 1
5204 6122 1
5204 5382 1
5204 2821 1
5204 5910 1
5204 2366 1
5204 6085 1
5204 4716 1
5204 4759 1
5204 7261 1
5204 6968 1
5204 3895 1
5204 5478 1
5204 4930 1
5204 3752 1
5204 4328 1
5204 7079 1
5204 5670 1
5204 1762 1
5204 6564 1
5204 2289 1
5204 5959 1
5204 6554 1
5204 7231 1
5204 6171 1
5204 1324 1
5204 5648 1
4755 2611 1
678 1407 1
685 485 1
5369 1503 1
1776 3396 1
1776 1202 1
1776 2339 1
1776 4978 1
1776 740 1
1776 1291 1
1776 679 1
1776 7123 1
1776 5220 1
1776 4136 1
1776 5880 1
6330 1589 1
6330 1868 1
6330 6593 1
6330 5218 1
6330 5765 1
6330 5072 1
6330 4267 1
2646 1832 1
2646 6786 1
2646 769 1
2646 7060 1
2646 1355 1
2646 1100 1
2646 7042 1
2646 2566 1
2646 2134 1
2646 356 1
2646 3975 1
2646 3049 1
1246 4351 1
1246 2147 1
1246 215 1
1246 2537 1
1246 3810 1
1246 1789 1
1246 1055 1
5334 4810 1
5334 4279 1
5334 4385 1
5334 5221 1
5334 1622 1
5334 5348 1
6904 274 1
6904 5195 1
6904 5927 1
2716 2161 1
4699 5480 1
473 7145 1
4358 3105 1
4358 2440 1
4358 3186 1
4358 4620 1
4358 3486 1
4358 6064 1
631 755 1
631 3457 1
631 1490 1
631 1659 1
631 5178 1
631 7012 1
1388 1140 1
1375 5558 1
1375 3468 1
1375 1966 1
1375 2501 1
1375 7276 1
1375 5384 1
1375 6780 1
1375 3910 1
1375 2865 1
1375 3058 1
1375 972 1
1375 5682 1
1375 3538 1
611 555 1
5533 2939 1
5533 27 1
5533 3063 1
6548 5869 1
5809 7080 1
5809 2280 1
5809 3758 1
5809 2020 1
5809 3671 1
5809 6749 1
1181 824 1
1181 639 1
2856 5296 1
2856 5228 1
2856 6990 1
2856 6107 1
2856 5911 1
2856 6965 1
2856 4345 1
2856 76 1
2856 4318 1
2856 5519 1
2856 2653 1
2856 6789 1
2856 1619 1
2856 7345 1
2856 5522 1
2856 896 1
2856 2128 1
2856 2524 1
2856 6779 1
2856 3068 1
2856 6038 1
70 489 1
70 2526 1
70 1517 1
70 331 1
2074 5380 1
2074 6194 1
2074 2565 1
2074 1511 1
2173 698 1
2173 3243 1
160 7138 1
160 1988 1
2548 5216 1
6075 1201 1
1606 4399 1
1606 2394 1
1606 2698 1
1606 6695 1
1606 4095 1
1606 5767 1
1606 3266 1
1555 2449 1
1555 4743 1
1555 3152 1
1555 3064 1
1555 3440 1
1555 5210 1
1555 1888 1
3275 4115 1
2545 722 1
2545 1507 1
2545 506 1
2545 2668 1
2545 3390 1
2545 6394 1
2545 2073 1
2545 6372 1
2545 7057 1
2545 6866 1
2545 7025 1
2545 2012 1
2545 840 1
2545 814 1
2545 4424 1
2545 5976 1
2545 5280 1
2545 4201 1
2545 6659 1
2545 6920 1
2545 4280 1
7339 1166 1
1475 2441 1
1475 3229 1
1475 4885 1
1475 5738 1
1475 3338 1
1475 3968 1
1834 4920 1
1834 151 1
5505 5552 1
5505 3790 1
5505 2342 1
5505 2898 1
6454 6124 1
6454 5079 1
6454 1686 1
6454 6299 1
6454 68 1
6454 420 1
2237 299 1
2237 737 1
2237 6311 1
2237 1217 1
2237 3193 1
2237 234 1
2237 3544 1
2237 4550 1
2237 3736 1
2237 4441 1
2237 4474 1
2237 2051 1
2237 7134 1
2237 6772 1
2237 3869 1
2237 916 1
2237 6951 1
2237 795 1
2237 1636 1
2237 5940 1
2237 885 1
2237 5237 1
2237 1130 1
5764 3880 1
5764 2746 1
5764 1418 1
5764 6799 1
5913 7256 1
5913 7189 1
5913 6709 1
5000 4413 1
2297 6359 1
2601 4871 1
2601 89 1
2601 924 1
2601 3672 1
2601 3387 1
2601 1871 1
2601 4448 1
2601 3136 1
2601 130 1
2601 6938 1
2601 6463 1
2601 5211 1
2601 948 1
2601 4051 1
2557 1285 1
2557 5092 1
2557 7126 1
2557 853 1
2557 1943 1
623 1299 1
623 6933 1
623 6231 1
623 25 1
623 97 1
623 6857 1
623 2154 1
623 7191 1
623 1960 1
623 2277 1
623 4331 1
623 6453 1
623 2473 1
3271 1231 1
3271 2313 1
3271 5787 1
3271 6884 1
3271 2386 1
3271 6929 1
3271 223 1
3271 3605 1
3271 5272 1
3271 1475 1
3271 6236 1
5862 3067 1
5862 6053 1
5862 4155 1
5862 6478 1
5862 2916 1
5862 6525 1
5862 1457 1
5862 6794 1
5862 5886 1
5862 3536 1
5862 5881 1
3024 1430 1
3024 3908 1
3024 2641 1
3024 1335 1
2814 842 1
4214 2085 1
3209 1739 1
5814 3082 1
5814 6265 1
1843 3589 1
1843 4828 1
5405 941 1
5405 4120 1
5405 5396 1
5405 649 1
5405 5465 1
5405 4353 1
5405 2624 1
5405 5719 1
5405 531 1
5405 3113 1
5405 2533 1
5405 2592 1
5405 5570 1
5405 3891 1
5405 3399 1
5405 6651 1
5405 1066 1
5405 1615 1
5405 6427 1
5405 198 1
5405 3276 1
5405 775 1
5405 3015 1
3937 3535 1
3937 2562 1
3937 6736 1
3937 5492 1
3937 2091 1
3937 6834 1
5151 3149 1
5151 6826 1
5151 3694 1
5151 6459 1
5151 3579 1
5151 6614 1
5151 899 1
5151 7336 1
5151 6677 1
5151 1095 1
5151 1233 1
5151 2422 1
5151 2412 1
6353 5803 1
5293 560 1
5293 2376 1
1230 3738 1
1230 4544 1
1230 5585 1
1230 3812 1
1230 4007 1
4423 1311 1
4423 7131 1
56 5093 1
56 6609 1
56 3358 1
56 6723 1
4145 6047 1
1760 5820 1
3332 1229 1
3332 6762 1
3332 486 1
3332 430 1
3332 3685 1
3332 6888 1
5337 69 1
5337 7044 1
5337 1614 1
5337 2455 1
5337 6111 1
5337 5612 1
5337 5849 1
5337 2034 1
5150 5037 1
5150 5899 1
5150 6592 1
5150 2249 1
5150 3798 1
5150 7056 1
6719 1379 1
2584 5080 1
4606 6680 1
3268 5587 1
2011 6906 1
2011 3571 1
2011 4488 1
2011 6984 1
2011 4256 1
2011 3367 1
2011 6284 1
2011 3771 1
2011 361 1
2011 5007 1
2011 815 1
2011 891 1
2011 7019 1
2011 74 1
2011 1571 1
2011 1167 1
2011 2774 1
2011 2103 1
2011 4111 1
2011 2133 1
2011 4881 1
6066 3059 1
6066 880 1
6066 4470 1
5737 1231 1
5737 2887 1
5737 90 1
5737 1156 1
5737 2901 1
5737 1440 1
5737 3892 1
5737 6104 1
5737 5241 1
5963 3294 1
5963 5956 1
5963 5892 1
5963 6883 1
5963 6582 1
5963 3525 1
5963 607 1
5963 5576 1
5963 132 1
5963 1423 1
5963 1968 1
5963 1486 1
5963 265 1
6361 5629 1
6361 1821 1
6361 567 1
6361 1931 1
6361 2192 1
6361 317 1
6527 1750 1
6527 2438 1
6527 1421 1
6527 5823 1
6527 5189 1
2310 6408 1
2310 2543 1
2310 2139 1
2310 7248 1
2310 890 1
2310 2967 1
3503 1901 1
3503 6296 1
3503 790 1
3503 862 1
3503 4329 1
3503 3178 1
3503 183 1
3503 6484 1
3503 3452 1
3503 431 1
3503 2318 1
3503 49 1
1849 4227 1
1849 5711 1
1849 4631 1
1849 1579 1
1849 4001 1
1849 6297 1
1849 3921 1
4566 5452 1
4566 6304 1
4566 6556 1
4566 4573 1
4566 1273 1
5826 484 1
5826 498 1
5826 399 1
5826 4571 1
5826 3603 1
5826 1756 1
5826 2870 1
5826 5906 1
1856 4915 1
1856 2364 1
1856 1707 1
1856 911 1
1856 6332 1
1856 4364 1
1856 6100 1
1856 6943 1
1856 1101 1
1856 1289 1
1856 2853 1
1856 1822 1
1856 1781 1
1856 5909 1
1856 5621 1
1856 5284 1
1856 199 1
7241 5247 1
7241 2446 1
7241 2025 1
7241 1076 1
7241 6007 1
7241 3500 1
7241 5752 1
7241 3803 1
7241 6476 1
5251 218 1
5251 1829 1
5251 4949 1
5251 2445 1
5936 4506 1
5936 6740 1
5936 4163 1
5936 4090 1
5936 4508 1
5936 4591 1
5936 5774 1
3107 1389 1
3107 3518 1
1814 3018 1
1814 3699 1
1814 4491 1
1814 1689 1
1814 2927 1
4744 1974 1
4744 2140 1
4744 1429 1
4744 1569 1
5077 6807 1
5077 5124 1
5077 19 1
5077 5307 1
5077 5352 1
5077 5019 1
4150 6519 1
4150 5391 1
3188 5132 1
3188 4180 1
3822 1875 1
3822 1312 1
3822 3209 1
3822 1746 1
1558 6054 1
1558 2354 1
665 6114 1
665 191 1
4457 3964 1
4457 4400 1
1653 1221 1
1653 327 1
7061 5931 1
7061 301 1
7061 1001 1
7061 4433 1
7061 2048 1
5680 5848 1
5680 5496 1
5680 3331 1
5680 295 1
5680 6493 1
5680 1050 1
5680 4246 1
5680 1069 1
5680 7246 1
161 4146 1
161 38 1
161 5418 1
161 4701 1
161 5769 1
161 1831 1
161 3552 1
161 3793 1
161 5289 1
161 7196 1
6457 2697 1
6457 7148 1
6457 3041 1
6125 6724 1
6125 67 1
6125 6214 1
6125 241 1
6125 2660 1
6125 2511 1
6125 6136 1
6125 2682 1
6125 4013 1
6125 5232 1
6125 4703 1
6125 3337 1
6125 4451 1
3732 523 1
3732 2456 1
3732 3667 1
3732 3913 1
3732 4326 1
3732 6167 1
5389 2399 1
6236 2778 1
6236 3893 1
6236 2312 1
6236 2693 1
6236 3977 1
6236 3292 1
6236 4138 1
6236 3512 1
6236 2514 1
6236 1318 1
6236 4974 1
6236 6060 1
6236 2733 1
5160 719 1
6697 3580 1
5270 5153 1
5270 7026 1
5270 3900 1
1640 1296 1
1352 5806 1
1352 1947 1
1352 785 1
1352 4085 1
1352 2890 1
1352 2817 1
739 6862 1
131 2141 1
519 2966 1
5676 4467 1
5676 596 1
5676 1425 1
5676 5071 1
5676 7059 1
5676 1886 1
5676 1086 1
5676 5654 1
5676 6220 1
5676 1862 1
5676 3420 1
5676 1806 1
5676 4630 1
5676 163 1
5676 3901 1
5676 7267 1
6171 2464 1
6171 4012 1
6171 5226 1
2463 1609 1
2463 5001 1
2463 148 1
2463 4319 1
2463 5029 1
2463 1937 1
2463 4783 1
2463 4856 1
2463 7211 1
2463 6752 1
2463 3555 1
2463 7034 1
2463 7295 1
2463 5583 1
2463 5861 1
2463 735 1
2463 6352 1
2463 6156 1
7262 2448 1
7262 7116 1
7262 2558 1
7262 2178 1
2780 6535 1
2780 2975 1
2780 2718 1
2780 2171 1
2492 5952 1
2492 6880 1
2492 5243 1
2492 3983 1
2492 5873 1
5805 3446 1
5805 1017 1
5805 1013 1
6452 58 1
6354 1557 1
6354 6612 1
6354 2035 1
4904 6302 1
4904 3288 1
7311 3045 1
7311 3419 1
7311 1970 1
7311 5789 1
7311 2973 1
7311 6072 1
7311 7029 1
2221 851 1
2221 2782 1
2221 6845 1
2221 3774 1
2221 5543 1
2221 6223 1
2221 3033 1
2221 1819 1
2221 6921 1
2221 5177 1
2221 1669 1
2221 2797 1
2221 6025 1
2221 4214 1
2221 4461 1
4407 2573 1
4407 1775 1
4407 4965 1
4407 1437 1
4407 3236 1
5846 7118 1
5846 7050 1
5846 2490 1
5846 3094 1
5846 6720 1
5846 258 1
5846 6364 1
5846 7222 1
5846 40 1
5846 3624 1
3923 4422 1
3923 2781 1
3923 1848 1
3923 5179 1
3923 2902 1
3923 4359 1
3923 2219 1
3923 2907 1
3923 5800 1
3923 1327 1
3923 4559 1
3923 43 1
3923 5584 1
3923 2968 1
3923 2727 1
3923 1683 1
3923 5171 1
3923 6177 1
3923 4662 1
3923 273 1
3923 6743 1
3923 4064 1
3923 4891 1
3923 1577 1
3923 4989 1
3923 4184 1
3837 3333 1
3837 5345 1
3837 6751 1
3837 6805 1
3837 5191 1
6369 357 1
6369 7003 1
922 6721 1
922 1113 1
922 7027 1
922 1549 1
922 914 1
922 4365 1
5637 552 1
5637 4343 1
5637 5591 1
5637 3997 1
5637 3277 1
5637 4712 1
5637 979 1
5637 1461 1
1908 4706 1
1908 203 1
1908 6673 1
1908 4139 1
1908 2013 1
1908 307 1
1908 1513 1
1908 2390 1
1908 5334 1
2019 6835 1
3102 5212 1
6019 2759 1
6019 4875 1
6019 1175 1
6019 2061 1
6019 3897 1
6019 2361 1
4427 7046 1
4427 6380 1
4427 4311 1
4427 3979 1
1615 471 1
4555 2617 1
4555 31 1
4555 5838 1
4555 4586 1
4555 202 1
2389 3279 1
2389 6424 1
2389 4264 1
248 5402 1
248 4675 1
248 2878 1
248 5299 1
248 1371 1
248 3066 1
248 1637 1
248 6331 1
248 6770 1
2555 7004 1
2555 7273 1
2555 3830 1
2555 2615 1
2246 744 1
2246 1479 1
2246 4277 1
2246 1613 1
2246 2615 1
7209 6103 1
7209 4866 1
7209 3749 1
6827 7002 1
6827 4134 1
6827 3951 1
6827 3176 1
6827 1328 1
4445 3805 1
4445 6986 1
405 6408 1
405 3164 1
405 4970 1
405 2681 1
405 5142 1
405 2062 1
405 772 1
405 1257 1
405 5174 1
405 2628 1
405 2970 1
405 1099 1
1243 1154 1
1243 6037 1
7098 636 1
7098 3872 1
732 1038 1
423 4144 1
423 226 1
423 2381 1
423 4154 1
423 386 1
423 2925 1
423 6953 1
423 833 1
5613 662 1
5613 6080 1
5613 4168 1
5613 2728 1
5613 3528 1
576 843 1
576 7115 1
576 6467 1
576 2627 1
1013 5115 1
4505 868 1
4505 5262 1
4505 2435 1
3833 179 1
3833 2228 1
3833 5813 1
3833 3423 1
3833 6784 1
4247 5273 1
4247 412 1
4247 2375 1
4247 3926 1
6032 1671 1
6032 1867 1
6032 6089 1
1853 1877 1
1853 5047 1
1853 1307 1
2911 3480 1
2911 4955 1
2911 178 1
2911 393 1
2911 3227 1
2911 3143 1
2911 4313 1
2911 2948 1
2911 1138 1
2911 5549 1
5856 6024 1
5856 2491 1
5856 1508 1
5856 4977 1
5856 1749 1
5856 6975 1
5586 6700 1
5586 4166 1
5586 6755 1
390 5100 1
3180 446 1
3180 3383 1
5921 4031 1
5921 5420 1
5921 7127 1
5921 2555 1
1982 892 1
1982 3130 1
1982 5024 1
1982 1419 1
5276 6036 1
1840 5456 1
1840 1334 1
1840 7066 1
1840 3355 1
1840 7195 1
1840 4161 1
1840 2737 1
1840 1301 1
1840 5281 1
1840 5771 1
1840 781 1
1840 6259 1
1840 3488 1
1840 3216 1
1840 6343 1
1840 4128 1
1840 4825 1
5741 3106 1
5741 1833 1
4109 5840 1
6879 2144 1
6879 2203 1
6879 2789 1
6879 4569 1
6879 7207 1
6879 3902 1
6879 3681 1
3921 3214 1
1881 1394 1
1881 6012 1
1881 4837 1
1881 3464 1
1881 3748 1
1881 3788 1
1881 3898 1
1881 5309 1
1881 3004 1
1881 6290 1
1881 7159 1
1881 6661 1
1881 2527 1
1881 5901 1
1881 6492 1
1881 6530 1
1881 2031 1
1881 4129 1
1881 3092 1
1881 85 1
1881 5760 1
1881 3942 1
1881 5704 1
1881 3123 1
1881 6240 1
1881 1092 1
3391 1873 1
3391 889 1
3391 6688 1
3391 1981 1
6812 2802 1
6812 1956 1
6812 33 1
6812 1883 1
6812 5057 1
6812 264 1
933 4809 1
933 5942 1
933 745 1
933 4159 1
5463 7255 1
967 5098 1
967 1655 1
967 434 1
967 4811 1
967 4615 1
967 7101 1
967 1026 1
192 3895 1
1092 951 1
6790 347 1
6790 5343 1
6790 6850 1
6790 2954 1
6790 5149 1
6790 727 1
6790 1084 1
6790 7129 1
6790 5533 1
6790 240 1
5474 1533 1
5474 3932 1
5474 3490 1
5474 534 1
5474 5135 1
5474 5541 1
5474 5753 1
5474 1155 1
5474 4089 1
5474 6350 1
5474 5668 1
5474 2098 1
5474 288 1
5474 5664 1
5474 6383 1
4072 2494 1
4072 4972 1
4072 869 1
2350 1847 1
2350 5199 1
2350 3970 1
2350 6088 1
2350 1884 1
2350 4478 1
2350 5822 1
2350 1420 1
2350 3668 1
910 3863 1
910 7253 1
3871 6518 1
3871 3206 1
3871 4370 1
3871 4924 1
3871 5712 1
7263 6890 1
7263 112 1
7263 838 1
681 6206 1
1717 4368 1
1717 512 1
1717 1019 1
1717 3988 1
6658 4758 1
6658 1032 1
6658 3963 1
6658 6604 1
6658 4025 1
6678 3873 1
6678 1987 1
6678 3346 1
4713 6791 1
4713 2478 1
4713 1395 1
6711 5445 1
4184 2384 1
4184 514 1
4184 6830 1
4184 4528 1
4184 3776 1
4184 3853 1
4184 5782 1
4184 2876 1
6401 3834 1
6401 6406 1
6401 5961 1
6401 6049 1
6401 1907 1
6401 6833 1
6401 6094 1
6401 1990 1
6401 4541 1
6401 575 1
6401 385 1
4178 6096 1
4178 5434 1
4178 4494 1
4178 3272 1
4178 5043 1
4178 5779 1
4178 5398 1
4178 5531 1
4178 6566 1
4178 4939 1
4178 4756 1
4178 1854 1
4178 999 1
93 91 1
2948 3946 1
2948 3720 1
2948 162 1
2948 4676 1
2948 3867 1
2948 7274 1
2948 3345 1
2948 3155 1
5734 5819 1
5734 5064 1
5734 4729 1
5734 3568 1
5734 4402 1
5734 394 1
5734 304 1
5734 753 1
5734 4831 1
5734 4243 1
5734 4225 1
5734 4728 1
5734 1357 1
5734 3669 1
5734 7244 1
5907 2688 1
5907 99 1
5907 3373 1
1363 4239 1
1363 874 1
1363 1698 1
3411 366 1
5250 3919 1
4079 4543 1
4079 3526 1
4079 4614 1
1932 3194 1
1932 6756 1
1932 2338 1
1932 2284 1
1932 2980 1
1932 5534 1
1932 5703 1
1932 1952 1
1932 4026 1
6713 5649 1
6713 2488 1
6713 1618 1
6713 3318 1
6713 5831 1
6713 1818 1
6713 7289 1
6713 1398 1
6713 3071 1
6713 252 1
6713 3465 1
6713 5995 1
6713 2089 1
6713 1409 1
6713 6841 1
6713 5446 1
6713 6175 1
6713 492 1
6713 3915 1
6713 3195 1
6713 3960 1
6713 422 1
6713 7300 1
6713 6686 1
6713 4176 1
6713 4302 1
6713 5025 1
6713 3519 1
6713 4707 1
6713 6803 1
6713 78 1
6713 6957 1
6713 209 1
6713 7164 1
6713 752 1
5508 5022 1
5508 3349 1
5508 3314 1
5508 4055 1
5508 565 1
5508 5510 1
3491 2800 1
3491 5666 1
3491 3950 1
3491 6126 1
3491 5639 1
3491 4102 1
3491 4899 1
4591 5442 1
4460 5968 1
4460 1120 1
4460 2300 1
4460 1958 1
4460 1466 1
4460 4175 1
4460 1370 1
4460 635 1
4460 5816 1
4460 2833 1
4460 2310 1
191 2198 1
191 2849 1
191 4655 1
4985 2538 1
4985 2692 1
4985 551 1
5557 7081 1
5557 1268 1
3336 3873 1
3336 3591 1
2337 7296 1
3124 6996 1
2927 1451 1
2927 2843 1
3582 150 1
3582 6893 1
3582 1657 1
3582 6429 1
3582 3072 1
3582 678 1
3582 3408 1
2739 5830 1
2739 7160 1
2739 3188 1
2739 3459 1
5484 2854 1
5484 6028 1
5484 2755 1
5484 6462 1
5484 1663 1
5662 287 1
5662 1480 1
5662 2952 1
5662 2242 1
5662 622 1
5662 5148 1
5662 2170 1
3335 6608 1
3335 6944 1
3335 6212 1
1127 3682 1
1127 7055 1
1127 6461 1
1127 4860 1
1127 3740 1
1127 6327 1
5702 5172 1
5702 2311 1
5702 1192 1
5702 5163 1
5702 2962 1
5702 6782 1
5702 1629 1
5702 6739 1
1830 122 1
1830 1782 1
1830 4682 1
1830 3541 1
1830 577 1
1830 1351 1
1830 827 1
1830 3656 1
1830 344 1
1830 4194 1
1830 2719 1
1830 181 1
725 4162 1
725 6961 1
2600 2576 1
4794 4101 1
4794 3382 1
7045 4642 1
4638 6381 1
4638 2983 1
964 7326 1
964 1627 1
964 1277 1
964 380 1
964 1724 1
964 4639 1
964 3661 1
964 5323 1
964 4818 1
964 2776 1
964 5902 1
5773 2771 1
5773 5009 1
5609 6083 1
5609 2215 1
5609 829 1
1149 6405 1
1149 5145 1
1149 2314 1
1149 53 1
1303 5415 1
1303 5605 1
1303 2457 1
6753 1117 1
6753 4767 1
6753 3521 1
4663 3472 1
4663 1837 1
726 2867 1
726 2519 1
726 3623 1
726 3258 1
726 4381 1
726 5198 1
726 4925 1
726 859 1
726 3628 1
726 3418 1
3215 1561 1
3215 3076 1
5324 3278 1
5324 3050 1
5324 2810 1
5324 2884 1
5324 754 1
127 2272 1
127 2293 1
127 7147 1
127 175 1
127 2663 1
127 6733 1
127 5762 1
127 5671 1
127 3778 1
127 5111 1
127 2136 1
127 3328 1
127 3404 1
127 6450 1
127 3996 1
127 7312 1
127 4420 1
127 2268 1
127 4391 1
127 3124 1
127 6351 1
127 1078 1
279 3441 1
279 1945 1
279 5170 1
3380 2669 1
3380 4100 1
3380 4415 1
3438 4597 1
4099 6547 1
4099 6314 1
2685 2540 1
2685 2577 1
2075 6689 1
2075 325 1
2075 6373 1
2075 2629 1
5040 625 1
5040 4539 1
5040 834 1
5040 2101 1
5040 377 1
5040 3181 1
5040 7292 1
5040 6913 1
5040 6187 1
5040 5185 1
5040 3903 1
5040 1550 1
5040 4392 1
4820 4594 1
4820 5412 1
4820 4309 1
4820 101 1
4820 3586 1
4820 3156 1
4820 3134 1
4820 3450 1
4820 1148 1
4820 1999 1
4820 2481 1
4820 5622 1
1133 2415 1
1133 1186 1
1133 4667 1
1133 5288 1
1133 6 1
1133 3298 1
1133 4960 1
1133 6108 1
1133 5368 1
6834 2288 1
6834 3551 1
6834 2411 1
6834 1474 1
6834 4693 1
6834 3773 1
3882 1885 1
3882 7268 1
3882 5140 1
3882 5125 1
5260 6758 1
5260 5242 1
5260 6338 1
5260 4833 1
5260 4503 1
5260 3961 1
5260 2588 1
5260 444 1
5260 6282 1
5260 3224 1
5260 7023 1
5260 3688 1
5260 1255 1
5260 2357 1
5260 5306 1
5260 5634 1
5260 1641 1
5260 6439 1
5260 6016 1
5260 1921 1
5260 6534 1
5260 2857 1
5260 474 1
5260 3877 1
5260 4665 1
5260 2542 1
5260 1924 1
5260 4259 1
5260 2584 1
5260 6494 1
5260 4744 1
5260 5180 1
5260 4321 1
5260 967 1
5260 3882 1
6360 1753 1
229 3973 1
229 7238 1
229 6966 1
229 5256 1
229 3857 1
229 223 1
229 693 1
229 6550 1
229 169 1
584 907 1
584 2866 1
584 5690 1
4147 2000 1
4147 5048 1
4147 4576 1
4147 5 1
4147 2885 1
4147 791 1
4147 426 1
4147 2893 1
4147 6208 1
4147 871 1
4147 4069 1
4147 4114 1
4147 1545 1
4147 1514 1
4147 3683 1
6553 723 1
6553 5529 1
6553 3714 1
6553 4733 1
6553 1316 1
6553 2960 1
6553 6985 1
6553 3334 1
6553 6727 1
6553 6905 1
6553 6694 1
6553 6511 1
3159 6056 1
3159 2416 1
3159 724 1
3159 2081 1
3159 4602 1
3015 5234 1
3015 3450 1
5241 6067 1
5241 1003 1
5241 5192 1
5241 7269 1
5241 3095 1
4430 1310 1
4430 6275 1
4430 6186 1
4430 6269 1
4430 4816 1
4430 6415 1
4430 4780 1
4430 590 1
900 7143 1
2931 6808 1
2931 4944 1
2931 4455 1
2931 5360 1
2931 3595 1
2931 2966 1
1331 5337 1
4958 5748 1
4958 1902 1
4958 574 1
2211 2188 1
2211 1666 1
1785 6838 1
1785 4500 1
1785 5381 1
1785 3462 1
1785 5882 1
1067 2513 1
1067 3704 1
5333 384 1
5333 5188 1
6563 6253 1
6563 1667 1
6563 266 1
6563 3754 1
6563 1893 1
6563 6188 1
6563 2568 1
6563 1400 1
6563 1388 1
6563 1849 1
1779 5633 1
1779 4475 1
1779 1591 1
926 1624 1
4410 6004 1
4410 6301 1
4410 6672 1
4410 5722 1
4410 5332 1
4410 7259 1
4410 2282 1
3434 1598 1
3434 965 1
3434 4966 1
3434 3883 1
3434 2177 1
3434 143 1
3434 4548 1
3434 4936 1
3434 2287 1
3434 5780 1
3434 5718 1
3434 1189 1
3434 6353 1
3434 7154 1
3434 4072 1
1112 406 1
1112 4533 1
1112 6181 1
2121 6021 1
2121 4918 1
2121 572 1
3737 2683 1
3737 3607 1
3737 1082 1
3737 6250 1
3737 6625 1
3737 1834 1
3737 4040 1
3265 6963 1
3265 6572 1
3265 1108 1
3265 1259 1
3265 4635 1
3265 1866 1
