891 162 1
891 993 1
891 1441 1
891 68 1
891 198 1
891 361 1
891 183 1
891 864 1
891 112 1
891 823 1
891 989 1
891 895 1
891 1314 1
891 3 1
891 236 1
891 1465 1
891 966 1
891 268 1
891 1417 1
891 666 1
891 138 1
891 133 1
686 1371 1
596 754 1
596 824 1
596 1511 1
605 137 1
692 1120 1
238 755 1
238 1135 1
238 1154 1
238 914 1
1360 1326 1
1360 553 1
1360 70 1
1360 1410 1
1360 630 1
1360 453 1
1360 1002 1
1360 1117 1
1360 79 1
1360 26 1
1360 1421 1
1360 244 1
1360 1027 1
1360 439 1
1360 1396 1
687 923 1
1350 679 1
1350 207 1
1350 470 1
1350 237 1
1350 799 1
1350 1546 1
1350 163 1
1350 1174 1
1166 315 1
1290 96 1
1290 877 1
972 1555 1
972 625 1
1098 832 1
1098 1124 1
1098 1494 1
1098 442 1
1098 795 1
1098 350 1
1098 825 1
1098 581 1
1098 769 1
1098 1004 1
1098 534 1
1539 692 1
1539 211 1
1539 1348 1
1539 161 1
1539 1038 1
1539 645 1
1539 923 1
1539 899 1
1539 773 1
1539 1072 1
1539 1015 1
1539 1099 1
1539 886 1
1539 489 1
1539 978 1
1539 942 1
1316 606 1
1316 1481 1
1316 145 1
1316 982 1
1316 401 1
1316 1045 1
1316 1131 1
1316 774 1
1136 454 1
331 249 1
331 495 1
331 1386 1
331 1547 1
331 1519 1
331 1373 1
331 1525 1
331 1301 1
152 866 1
902 701 1
902 1492 1
902 839 1
902 4 1
902 781 1
902 119 1
902 831 1
1257 418 1
129 320 1
1423 1523 1
956 590 1
1455 1563 1
1455 506 1
1455 906 1
1455 759 1
1455 322 1
211 1227 1
211 811 1
211 922 1
211 1424 1
211 1007 1
211 1430 1
211 508 1
211 1433 1
1490 404 1
1490 1284 1
253 1290 1
253 1064 1
253 1119 1
253 1020 1
253 1495 1
253 500 1
1510 1466 1
1155 960 1
1155 569 1
1155 1393 1
1155 428 1
1155 1453 1
1155 1361 1
1155 403 1
1155 289 1
1155 1493 1
1155 110 1
1155 612 1
451 171 1
451 911 1
451 124 1
934 733 1
934 223 1
1561 1175 1
1561 615 1
739 1161 1
739 65 1
739 87 1
739 828 1
739 649 1
739 166 1
739 948 1
739 13 1
758 1014 1
758 1200 1
1506 438 1
1506 1193 1
619 1034 1
1172 81 1
1172 994 1
1172 1277 1
1172 1076 1
1172 116 1
1172 529 1
1172 1023 1
1327 631 1
1327 274 1
1077 715 1
54 86 1
54 808 1
54 56 1
54 1171 1
725 1209 1
725 767 1
725 1442 1
1052 1192 1
1052 1552 1
1052 1279 1
1488 954 1
1488 313 1
1371 865 1
276 579 1
448 870 1
448 1369 1
448 295 1
448 1228 1
681 677 1
681 1520 1
1089 984 1
1358 1282 1
1358 520 1
1358 165 1
1358 729 1
1358 126 1
1281 412 1
1281 1044 1
1281 256 1
1281 664 1
1281 1297 1
1281 339 1
270 623 1
270 1234 1
270 25 1
270 1157 1
270 682 1
270 468 1
270 509 1
270 884 1
270 332 1
270 1266 1
40 1484 1
40 1080 1
40 1296 1
589 142 1
589 1318 1
422 1166 1
422 920 1
422 680 1
422 353 1
422 1237 1
422 1213 1
422 1288 1
422 1535 1
1074 1515 1
1244 618 1
1244 1416 1
1244 1287 1
1244 1319 1
1244 908 1
1244 45 1
1244 1420 1
1479 457 1
1479 560 1
1194 683 1
621 1182 1
621 1559 1
621 387 1
621 20 1
553 1387 1
1475 287 1
535 764 1
535 597 1
535 821 1
535 800 1
535 1414 1
535 21 1
535 1399 1
535 1299 1
535 425 1
535 1068 1
535 345 1
1505 34 1
1505 1167 1
128 1070 1
1403 184 1
1294 1487 1
1294 73 1
1294 1335 1
1309 1360 1
1309 1332 1
1309 299 1
1309 604 1
1309 139 1
1309 375 1
1309 406 1
1309 186 1
1309 572 1
1540 1388 1
1540 1467 1
1540 1170 1
1540 675 1
1540 1530 1
1540 447 1
1540 1283 1
1540 1271 1
1540 354 1
1540 915 1
1540 398 1
1540 1054 1
1540 1349 1
1001 613 1
1001 420 1
1001 1267 1
1001 857 1
1001 1043 1
1001 868 1
1001 1272 1
1001 889 1
974 281 1
974 1499 1
974 127 1
847 1202 1
847 1500 1
847 650 1
70 805 1
70 1112 1
70 1055 1
70 483 1
70 19 1
70 72 1
1116 176 1
1116 1259 1
1116 275 1
1116 1529 1
1116 502 1
1116 1469 1
1116 1156 1
1116 546 1
1116 314 1
1116 1538 1
1116 1415 1
1116 1081 1
1116 570 1
1116 1053 1
1116 794 1
410 450 1
196 976 1
196 673 1
482 967 1
482 1479 1
482 235 1
482 652 1
482 820 1
482 1337 1
482 1451 1
482 149 1
482 878 1
482 1532 1
482 80 1
482 835 1
482 1477 1
482 1082 1
684 490 1
684 1516 1
684 1458 1
684 272 1
1436 1350 1
1436 1046 1
1436 647 1
1436 1244 1
1436 1540 1
1436 199 1
1436 897 1
1436 788 1
1436 349 1
1436 284 1
1436 157 1
1436 1226 1
1436 1021 1
1436 1457 1
1030 1562 1
1030 270 1
1030 963 1
1030 513 1
1030 804 1
1030 297 1
1030 150 1
1118 1086 1
291 482 1
291 1445 1
291 806 1
1047 190 1
1047 1381 1
1047 1378 1
1160 1398 1
1160 608 1
1160 193 1
1160 1342 1
1160 57 1
1160 38 1
1160 261 1
1160 1514 1
1160 212 1
1160 969 1
1160 1065 1
1160 735 1
1160 669 1
1160 751 1
154 1077 1
154 394 1
154 46 1
445 847 1
445 347 1
445 91 1
445 694 1
445 336 1
445 1190 1
445 174 1
445 1032 1
445 357 1
445 896 1
445 1039 1
551 53 1
551 1502 1
551 1509 1
551 1498 1
551 84 1
551 88 1
771 213 1
654 531 1
1503 1344 1
1503 616 1
1503 843 1
782 1528 1
833 1307 1
833 1224 1
833 901 1
833 943 1
833 731 1
833 255 1
833 1303 1
833 273 1
833 22 1
833 705 1
833 250 1
833 1507 1
833 888 1
833 629 1
833 1554 1
833 360 1
833 641 1
833 639 1
266 1085 1
386 1069 1
386 611 1
386 1351 1
386 1026 1
386 307 1
386 497 1
386 1065 1
386 693 1
386 113 1
386 903 1
386 941 1
819 252 1
819 1087 1
819 246 1
925 1413 1
161 1100 1
161 732 1
161 959 1
161 944 1
161 1073 1
161 233 1
161 337 1
1028 1088 1
1028 1180 1
1028 1111 1
1028 415 1
1028 648 1
1028 1564 1
1028 1140 1
1028 812 1
1397 1071 1
1397 1278 1
1397 1322 1
630 192 1
630 1504 1
630 986 1
630 1364 1
372 1105 1
372 423 1
372 446 1
1084 1443 1
1084 936 1
1084 1024 1
1084 1194 1
1084 290 1
1084 1462 1
1084 501 1
1084 1524 1
1084 1121 1
1084 120 1
1084 760 1
265 962 1
265 160 1
265 1009 1
265 662 1
347 997 1
347 656 1
347 74 1
347 1094 1
347 1353 1
347 848 1
347 766 1
347 867 1
377 367 1
377 1187 1
377 1218 1
377 827 1
377 844 1
377 17 1
377 544 1
1274 101 1
1274 1427 1
994 695 1
994 1134 1
779 1537 1
779 1345 1
779 973 1
779 1459 1
779 1212 1
779 296 1
779 1480 1
1057 43 1
1227 1390 1
1227 277 1
104 317 1
104 621 1
104 294 1
104 1406 1
104 814 1
104 1434 1
104 558 1
1189 169 1
1189 1394 1
1189 1491 1
1189 780 1
1189 95 1
1189 797 1
853 1431 1
853 1118 1
853 312 1
853 434 1
853 740 1
853 500 1
853 752 1
853 711 1
853 981 1
853 1418 1
853 1010 1
853 544 1
62 421 1
62 135 1
62 66 1
62 50 1
62 672 1
62 1508 1
62 1352 1
62 1291 1
62 1106 1
62 282 1
1445 292 1
309 1305 1
604 758 1
604 995 1
604 1368 1
604 1095 1
604 1274 1
604 600 1
604 1206 1
604 1379 1
604 1245 1
604 578 1
604 713 1
604 1263 1
604 175 1
604 881 1
604 33 1
604 18 1
946 1533 1
946 704 1
946 448 1
946 747 1
946 533 1
946 429 1
946 12 1
946 1270 1
946 1123 1
946 1058 1
946 688 1
946 1435 1
946 1035 1
946 1411 1
946 1336 1
946 1 1
946 1104 1
676 1238 1
676 1383 1
1038 902 1
1038 1281 1
1038 47 1
1038 460 1
1038 203 1
1038 269 1
1038 818 1
1038 300 1
1038 1486 1
1038 696 1
1038 319 1
1038 738 1
1038 1163 1
1038 855 1
1038 719 1
1038 1472 1
642 327 1
642 1102 1
642 640 1
234 950 1
234 399 1
234 58 1
234 515 1
234 921 1
234 772 1
234 756 1
202 1343 1
202 892 1
202 624 1
486 1475 1
486 1444 1
1114 390 1
1114 1372 1
1114 1138 1
1114 638 1
1114 607 1
998 1556 1
998 882 1
998 988 1
998 826 1
1123 634 1
1494 1146 1
1494 990 1
945 1159 1
945 144 1
945 550 1
375 1536 1
375 898 1
375 665 1
375 1040 1
375 239 1
397 424 1
397 637 1
397 516 1
397 1497 1
397 916 1
397 285 1
397 368 1
1216 646 1
1216 304 1
1216 522 1
1216 1397 1
1216 234 1
1216 1285 1
1216 333 1
1216 1359 1
1216 1544 1
1216 717 1
1216 464 1
1216 816 1
1216 1149 1
1216 1133 1
1216 462 1
1216 791 1
151 934 1
151 706 1
151 1031 1
151 961 1
151 106 1
151 472 1
151 602 1
151 242 1
151 305 1
151 742 1
873 248 1
873 564 1
873 603 1
873 809 1
873 958 1
873 1008 1
873 402 1
873 180 1
873 518 1
873 1565 1
873 519 1
873 1176 1
873 195 1
873 932 1
465 328 1
465 251 1
284 1316 1
284 1548 1
284 874 1
284 1531 1
284 974 1
284 584 1
284 1262 1
284 957 1
284 796 1
284 1152 1
284 863 1
284 1041 1
284 1137 1
284 1438 1
284 147 1
284 1329 1
284 1340 1
284 1062 1
284 155 1
284 549 1
284 1395 1
284 674 1
115 243 1
115 143 1
1323 172 1
1323 93 1
1323 720 1
1323 685 1
1323 1460 1
1323 1542 1
1428 325 1
645 938 1
645 1276 1
645 278 1
645 475 1
645 559 1
904 484 1
904 1446 1
904 1178 1
904 493 1
904 850 1
904 306 1
904 1485 1
904 371 1
904 778 1
904 134 1
904 655 1
269 491 1
269 1079 1
269 1366 1
269 1549 1
269 27 1
269 471 1
269 264 1
269 1275 1
269 177 1
269 77 1
269 907 1
269 228 1
269 1142 1
269 1056 1
269 580 1
269 41 1
269 210 1
269 173 1
269 670 1
694 1432 1
694 953 1
694 132 1
694 555 1
694 661 1
694 369 1
694 141 1
694 316 1
694 894 1
694 476 1
694 1557 1
694 707 1
694 787 1
694 241 1
694 230 1
694 443 1
694 1330 1
694 1191 1
694 949 1
694 587 1
694 617 1
694 851 1
694 189 1
694 1139 1
221 1338 1
221 504 1
221 451 1
221 140 1
221 217 1
221 860 1
221 1091 1
221 1419 1
221 1125 1
221 505 1
221 880 1
1256 232 1
1256 1440 1
1256 308 1
1256 1370 1
178 1518 1
485 660 1
777 699 1
777 480 1
777 7 1
777 909 1
761 206 1
761 964 1
761 188 1
761 514 1
761 214 1
761 340 1
761 573 1
761 1221 1
761 841 1
761 1354 1
761 179 1
761 437 1
761 1225 1
838 620 1
838 42 1
838 698 1
838 216 1
768 75 1
768 427 1
768 1526 1
768 1093 1
768 321 1
768 430 1
1400 726 1
1400 60 1
1400 1304 1
1400 1298 1
1400 488 1
501 24 1
804 725 1
804 762 1
804 16 1
804 636 1
804 1232 1
804 1150 1
899 1066 1
899 1063 1
899 118 1
1215 30 1
1215 153 1
478 746 1
478 220 1
478 51 1
478 1284 1
329 348 1
329 225 1
329 1454 1
329 676 1
329 1215 1
329 1401 1
329 1306 1
329 846 1
329 1363 1
329 1476 1
329 39 1
815 1506 1
815 842 1
815 805 1
815 15 1
815 1030 1
815 397 1
815 783 1
815 83 1
815 1197 1
815 262 1
815 441 1
815 218 1
875 129 1
875 258 1
875 1158 1
875 1553 1
1401 722 1
983 271 1
983 1060 1
983 1422 1
983 1113 1
983 734 1
260 566 1
260 739 1
260 996 1
260 492 1
260 999 1
260 871 1
260 178 1
260 952 1
260 890 1
260 197 1
260 1407 1
260 164 1
260 259 1
260 122 1
260 247 1
260 461 1
260 905 1
1050 876 1
1050 376 1
987 391 1
987 1028 1
987 1560 1
987 765 1
530 1295 1
530 1325 1
530 109 1
530 1376 1
530 1545 1
530 561 1
406 1242 1
406 362 1
406 1280 1
406 896 1
1072 596 1
1072 925 1
1072 28 1
1072 671 1
1072 939 1
1072 1022 1
1072 562 1
1406 1016 1
1406 928 1
355 1115 1
355 523 1
355 1148 1
355 1365 1
355 1145 1
355 777 1
355 1153 1
355 107 1
355 859 1
355 378 1
355 182 1
900 658 1
879 927 1
879 1078 1
879 532 1
879 54 1
879 681 1
879 481 1
879 1408 1
879 1207 1
879 1084 1
879 417 1
879 946 1
879 1075 1
879 352 1
879 1463 1
879 254 1
879 388 1
879 311 1
879 609 1
879 663 1
879 99 1
879 61 1
879 1268 1
879 1461 1
879 971 1
879 1321 1
879 48 1
879 635 1
1560 985 1
1560 1230 1
1560 1489 1
1560 1012 1
1560 1101 1
1560 598 1
1560 1033 1
1560 52 1
1560 610 1
1444 537 1
1444 69 1
1444 97 1
1444 257 1
1444 593 1
1444 1126 1
186 1168 1
862 770 1
1063 328 1
1063 834 1
696 1214 1
696 627 1
765 342 1
787 366 1
787 753 1
787 473 1
592 744 1
563 36 1
563 883 1
563 1229 1
83 318 1
83 1551 1
83 385 1
83 585 1
83 324 1
83 1205 1
83 222 1
83 456 1
83 817 1
352 379 1
352 858 1
352 803 1
352 1464 1
352 854 1
352 1250 1
167 919 1
1271 440 1
1271 395 1
1271 463 1
1271 487 1
1296 1164 1
895 1223 1
895 191 1
895 807 1
895 1300 1
895 1382 1
895 1185 1
895 1211 1
895 377 1
895 1057 1
895 642 1
895 554 1
895 507 1
895 115 1
895 965 1
895 358 1
895 1050 1
895 400 1
895 633 1
895 543 1
895 458 1
895 1235 1
895 1184 1
895 380 1
895 1254 1
895 730 1
1032 790 1
1032 381 1
1032 326 1
789 601 1
910 1377 1
1018 442 1
1275 280 1
279 1096 1
1042 743 1
1042 567 1
1042 526 1
1042 229 1
297 829 1
297 565 1
297 1103 1
297 286 1
836 1543 1
836 1005 1
836 622 1
836 103 1
836 1179 1
836 1425 1
1015 992 1
1015 209 1
1015 786 1
1015 168 1
289 208 1
254 152 1
254 1302 1
254 979 1
254 344 1
254 703 1
254 1317 1
254 845 1
254 1385 1
254 240 1
254 643 1
254 750 1
89 2 1
89 200 1
1412 494 1
1412 64 1
1412 108 1
1412 105 1
1195 407 1
1438 724 1
1438 1558 1
1438 583 1
1411 1144 1
741 323 1
357 35 1
357 288 1
357 1380 1
357 5 1
357 728 1
357 263 1
357 496 1
357 1049 1
357 479 1
357 389 1
357 1346 1
1076 382 1
1076 1108 1
1076 1447 1
1076 1147 1
1493 23 1
1493 594 1
1493 802 1
1493 1239 1
1493 1083 1
1493 1449 1
1493 1429 1
1493 37 1
1493 301 1
396 253 1
396 708 1
396 1204 1
396 444 1
396 1404 1
396 689 1
224 226 1
970 123 1
230 678 1
319 373 1
319 1247 1
319 293 1
319 926 1
319 63 1
319 691 1
1067 542 1
1067 1017 1
1067 690 1
539 1310 1
539 92 1
539 571 1
539 872 1
539 776 1
539 917 1
626 1217 1
626 1143 1
626 59 1
150 1293 1
150 577 1
150 556 1
150 510 1
150 1029 1
150 1292 1
150 1162 1
150 365 1
150 702 1
150 310 1
150 861 1
150 653 1
840 1452 1
1181 737 1
474 249 1
937 586 1
937 1550 1
814 148 1
814 1243 1
659 538 1
659 918 1
659 431 1
947 521 1
947 721 1
947 1236 1
947 527 1
330 1132 1
1353 1273 1
1163 334 1
1163 745 1
609 1384 1
609 975 1
609 893 1
609 736 1
609 1261 1
609 1341 1
609 1289 1
609 14 1
1522 1003 1
298 9 1
179 1000 1
179 885 1
179 628 1
179 466 1
179 455 1
810 1311 1
810 557 1
272 528 1
272 10 1
272 822 1
1061 1155 1
1061 569 1
1061 667 1
1061 563 1
1061 204 1
1061 798 1
1264 71 1
1264 935 1
1264 346 1
1264 1265 1
1264 136 1
1264 1188 1
1264 588 1
1264 1456 1
1264 582 1
572 727 1
1375 1521 1
1375 1470 1
1375 1496 1
1375 1048 1
1375 335 1
1375 1231 1
1375 716 1
1375 383 1
1375 1090 1
11 763 1
11 709 1
11 215 1
11 1471 1
1340 1233 1
1340 1468 1
1340 227 1
1340 913 1
1340 8 1
1340 111 1
1340 503 1
1097 1248 1
1097 524 1
1097 1183 1
1097 121 1
1097 1258 1
1097 114 1
1097 1357 1
1097 392 1
1097 1478 1
1097 1203 1
1097 599 1
1097 370 1
1097 1541 1
1433 792 1
1186 90 1
1186 1374 1
1186 1129 1
1186 955 1
1186 1320 1
1246 426 1
1246 1196 1
1246 1220 1
1246 1252 1
1246 408 1
1246 1195 1
1246 44 1
1246 1219 1
1246 626 1
1246 384 1
1246 146 1
1246 351 1
425 117 1
714 541 1
714 55 1
714 1501 1
1027 1051 1
1027 1249 1
1027 1450 1
1517 1177 1
1517 245 1
1517 526 1
99 1483 1
99 98 1
398 1362 1
6 499 1
6 449 1
6 1181 1
6 512 1
185 1037 1
185 784 1
185 574 1
185 1165 1
185 419 1
1151 591 1
1151 31 1
1151 130 1
1151 393 1
1151 171 1
1151 1313 1
1151 801 1
1151 205 1
1151 1208 1
1151 231 1
1151 364 1
1151 1090 1
1333 302 1
1333 525 1
1333 1339 1
978 386 1
113 338 1
113 409 1
113 1334 1
113 793 1
113 1130 1
113 1437 1
61 1011 1
61 1356 1
697 548 1
697 748 1
697 1092 1
697 712 1
697 930 1
697 436 1
1260 619 1
1476 49 1
1331 749 1
852 1198 1
852 757 1
852 547 1
924 545 1
1286 575 1
1286 511 1
1286 1006 1
1286 303 1
1286 194 1
1286 723 1
1286 102 1
719 219 1
719 76 1
719 536 1
719 477 1
719 85 1
719 1355 1
719 668 1
719 181 1
719 869 1
710 1253 1
1004 201 1
1474 785 1
1107 1482 1
1107 779 1
1107 830 1
666 1324 1
1139 1013 1
1139 700 1
1139 940 1
1139 267 1
1139 343 1
517 125 1
517 1405 1
517 540 1
517 29 1
517 651 1
517 1128 1
517 862 1
517 552 1
517 912 1
517 1391 1
439 432 1
439 977 1
439 1110 1
439 718 1
439 968 1
439 159 1
439 933 1
39 614 1
82 467 1
82 1561 1
82 1534 1
82 980 1
82 1409 1
82 359 1
82 900 1
82 1392 1
82 1328 1
452 469 1
452 1448 1
452 1052 1
452 1210 1
452 1255 1
452 410 1
452 595 1
452 1173 1
452 202 1
452 486 1
452 1169 1
452 459 1
452 856 1
452 852 1
452 1527 1
849 1473 1
849 1019 1
632 951 1
632 170 1
632 1251 1
632 929 1
498 374 1
498 1308 1
247 416 1
791 414 1
1391 576 1
435 331 1
435 1141 1
435 1367 1
435 657 1
435 433 1
435 1512 1
435 411 1
435 363 1
435 1240 1
435 947 1
435 1127 1
568 1025 1
1122 813 1
1222 238 1
1222 131 1
1222 156 1
1222 356 1
1222 67 1
1222 94 1
1222 1036 1
1222 78 1
1222 1347 1
1222 1402 1
1222 1315 1
798 887 1
798 931 1
1039 1439 1
991 283 1
991 1241 1
1109 1201 1
1312 1199 1
1312 100 1
1284 1269 1
662 837 1
662 341 1
662 1059 1
1426 644 1
1426 840 1
1426 413 1
133 1513 1
1472 158 1
1472 1389 1
1472 32 1
1472 405 1
1472 187 1
1472 775 1
