32 146 1
32 183 1
32 155 1
32 102 1
32 108 1
32 159 1
32 40 1
32 5 1
32 107 1
37 17 1
80 181 1
80 150 1
80 124 1
80 173 1
166 174 1
140 37 1
140 66 1
140 18 1
22 161 1
22 72 1
22 44 1
22 23 1
85 154 1
85 24 1
85 79 1
85 35 1
85 78 1
85 148 1
85 158 1
85 119 1
85 87 1
2 149 1
6 162 1
6 60 1
6 114 1
6 47 1
6 125 1
6 172 1
127 122 1
127 97 1
180 36 1
180 92 1
180 85 1
180 88 1
180 176 1
180 168 1
180 73 1
180 65 1
180 58 1
138 105 1
59 136 1
59 123 1
59 112 1
59 82 1
59 55 1
59 89 1
59 130 1
59 27 1
59 45 1
59 41 1
59 53 1
59 49 1
59 19 1
33 90 1
33 13 1
33 12 1
33 74 1
95 86 1
95 109 1
134 120 1
134 106 1
134 69 1
134 28 1
66 20 1
175 7 1
175 111 1
175 98 1
175 132 1
175 38 1
175 156 1
31 142 1
31 4 1
31 164 1
31 94 1
31 1 1
31 127 1
31 138 1
31 133 1
31 25 1
31 177 1
31 186 1
31 21 1
31 76 1
31 16 1
30 42 1
30 139 1
30 144 1
151 187 1
151 14 1
151 62 1
151 50 1
168 115 1
168 93 1
168 43 1
168 56 1
168 100 1
161 185 1
65 182 1
65 77 1
65 8 1
65 160 1
65 15 1
65 61 1
65 165 1
65 169 1
126 68 1
126 9 1
126 26 1
63 54 1
157 57 1
157 81 1
157 34 1
157 163 1
157 101 1
157 153 1
157 3 1
157 179 1
157 110 1
116 147 1
75 64 1
125 67 1
186 48 1
70 51 1
84 96 1
84 128 1
184 131 1
91 52 1
91 103 1
91 152 1
91 171 1
91 135 1
91 63 1
91 145 1
71 29 1
71 178 1
71 99 1
71 83 1
71 137 1
71 104 1
71 10 1
170 121 1
170 117 1
170 118 1
170 46 1
170 11 1
170 39 1
170 167 1
170 113 1
141 20 1
141 129 1
141 143 1
