35 274 1
35 802 1
35 617 1
35 332 1
35 463 1
35 882 1
35 844 1
1025 1116 1
1025 612 1
1025 163 1
1025 969 1
1105 382 1
1105 427 1
1105 8 1
1105 760 1
1105 1096 1
1105 820 1
1158 625 1
1158 65 1
1158 1041 1
1158 974 1
1158 920 1
1158 166 1
1158 610 1
817 44 1
817 993 1
817 388 1
817 847 1
817 263 1
817 1065 1
817 115 1
927 267 1
927 1183 1
927 540 1
724 808 1
724 1100 1
724 659 1
724 575 1
724 1067 1
724 959 1
724 1069 1
724 329 1
690 790 1
690 1057 1
690 541 1
690 581 1
690 287 1
979 1109 1
979 967 1
979 434 1
979 620 1
979 462 1
979 268 1
979 901 1
979 991 1
979 201 1
979 105 1
181 372 1
181 1102 1
324 137 1
324 713 1
264 767 1
950 1029 1
950 356 1
950 293 1
950 492 1
950 951 1
950 97 1
950 53 1
950 1137 1
950 647 1
716 809 1
595 946 1
595 554 1
595 428 1
595 538 1
595 349 1
595 919 1
595 1143 1
595 992 1
595 1008 1
595 430 1
595 1017 1
719 879 1
719 822 1
719 1068 1
719 197 1
719 119 1
719 106 1
548 922 1
138 635 1
138 242 1
138 1152 1
138 259 1
138 961 1
799 842 1
799 373 1
364 1080 1
364 928 1
364 1089 1
364 649 1
364 860 1
364 805 1
246 102 1
308 445 1
308 183 1
308 323 1
308 791 1
308 69 1
308 742 1
308 1048 1
308 177 1
230 979 1
230 144 1
230 893 1
230 32 1
230 165 1
230 1138 1
230 467 1
230 464 1
230 1179 1
230 973 1
230 588 1
230 449 1
230 1062 1
230 800 1
92 517 1
348 94 1
348 1148 1
1001 552 1
1001 452 1
1001 784 1
1001 683 1
1001 533 1
1090 883 1
1090 648 1
1090 908 1
1090 965 1
1090 688 1
1090 1142 1
1090 1187 1
1090 457 1
1090 281 1
1090 1151 1
1090 380 1
1090 1016 1
1090 252 1
1090 110 1
1090 794 1
1090 1070 1
1090 1150 1
1090 749 1
1090 251 1
1090 1164 1
169 931 1
169 328 1
304 170 1
304 83 1
304 912 1
304 667 1
304 532 1
118 345 1
118 1023 1
118 838 1
1156 918 1
1156 592 1
476 910 1
476 354 1
1059 405 1
1059 1090 1
1059 184 1
1059 1054 1
1059 139 1
531 953 1
1132 275 1
1132 732 1
1130 181 1
1130 774 1
1130 810 1
1130 159 1
1130 1180 1
1130 185 1
1130 558 1
1130 568 1
135 1104 1
189 93 1
189 792 1
982 823 1
982 311 1
982 211 1
504 479 1
504 582 1
504 555 1
504 429 1
893 286 1
292 662 1
292 346 1
292 1176 1
918 797 1
223 849 1
1123 19 1
1123 839 1
625 607 1
625 87 1
625 421 1
625 526 1
168 269 1
245 747 1
1142 377 1
1142 1113 1
1142 981 1
1142 188 1
1142 915 1
1142 258 1
937 454 1
247 451 1
1009 365 1
1009 700 1
1009 95 1
1009 9 1
1009 409 1
865 11 1
88 875 1
88 984 1
88 743 1
807 985 1
374 1022 1
374 841 1
374 145 1
374 561 1
374 522 1
374 358 1
146 471 1
146 1133 1
146 1 1
146 1163 1
146 819 1
321 1036 1
514 681 1
1147 726 1
1147 785 1
1147 1060 1
1147 703 1
1147 613 1
1147 296 1
1147 1162 1
655 40 1
616 557 1
616 966 1
616 459 1
616 368 1
238 684 1
238 96 1
238 826 1
238 736 1
894 921 1
894 661 1
894 2 1
894 381 1
36 890 1
650 898 1
23 1110 1
23 1084 1
23 738 1
23 834 1
608 714 1
608 488 1
608 626 1
608 577 1
608 854 1
608 1020 1
294 704 1
537 111 1
537 857 1
537 482 1
537 720 1
537 126 1
537 369 1
65 1010 1
1191 639 1
1191 751 1
1191 1087 1
1191 437 1
1191 399 1
1191 1166 1
997 753 1
997 212 1
997 651 1
997 505 1
997 498 1
997 811 1
997 824 1
997 1055 1
423 107 1
641 316 1
641 1188 1
339 1009 1
339 942 1
339 350 1
339 560 1
339 987 1
339 1063 1
339 843 1
339 543 1
1121 604 1
1121 870 1
1121 112 1
1121 995 1
1121 837 1
1121 938 1
1121 108 1
1121 5 1
1121 210 1
1121 299 1
1121 750 1
231 209 1
781 932 1
547 715 1
547 654 1
547 889 1
547 74 1
764 622 1
764 525 1
518 17 1
518 1076 1
518 562 1
518 363 1
783 682 1
783 303 1
783 968 1
783 669 1
114 1123 1
114 247 1
114 997 1
114 1124 1
114 546 1
114 283 1
114 31 1
114 583 1
114 771 1
114 873 1
114 453 1
114 923 1
114 395 1
55 855 1
55 325 1
1071 271 1
1071 404 1
1071 3 1
1071 829 1
1071 692 1
317 1170 1
763 702 1
763 288 1
763 1145 1
763 25 1
763 493 1
974 880 1
974 419 1
974 494 1
974 728 1
974 1077 1
974 155 1
974 402 1
974 508 1
944 98 1
773 233 1
773 576 1
773 66 1
265 812 1
833 623 1
833 657 1
833 56 1
833 22 1
833 400 1
700 341 1
1006 1094 1
1006 104 1
1006 958 1
20 246 1
20 243 1
20 147 1
20 833 1
20 1178 1
20 1106 1
20 58 1
20 33 1
20 685 1
20 213 1
20 1072 1
20 461 1
804 483 1
804 57 1
804 601 1
565 27 1
565 801 1
565 515 1
565 913 1
782 1027 1
782 761 1
1005 353 1
1005 1046 1
37 1119 1
37 441 1
1056 487 1
1056 1189 1
1056 472 1
1056 327 1
1056 343 1
152 512 1
530 858 1
530 941 1
1144 59 1
1144 1002 1
1154 631 1
611 721 1
611 73 1
384 787 1
384 627 1
384 7 1
384 999 1
384 1026 1
384 396 1
384 426 1
384 976 1
1038 383 1
1038 1091 1
1038 450 1
1165 597 1
1165 1175 1
1153 4 1
1153 748 1
1153 940 1
1153 828 1
1153 1050 1
1153 757 1
1153 351 1
1153 956 1
1153 666 1
739 41 1
460 786 1
460 644 1
460 390 1
460 536 1
460 1139 1
460 1112 1
564 174 1
564 903 1
564 827 1
564 971 1
564 330 1
564 788 1
564 344 1
765 566 1
227 572 1
227 285 1
227 1111 1
227 117 1
227 1117 1
227 731 1
350 120 1
350 234 1
350 70 1
350 67 1
1124 1051 1
1124 324 1
1124 320 1
1124 567 1
1124 1190 1
1124 1149 1
1124 431 1
1124 1082 1
1124 1171 1
1124 176 1
1124 1035 1
1124 737 1
1124 830 1
1124 756 1
768 605 1
884 746 1
6 218 1
6 82 1
6 983 1
6 850 1
1174 63 1
1174 272 1
1174 699 1
13 793 1
13 1061 1
13 1168 1
13 520 1
13 943 1
13 39 1
13 723 1
1066 994 1
422 103 1
560 264 1
560 245 1
560 1003 1
560 28 1
560 744 1
560 740 1
560 964 1
560 1155 1
443 131 1
443 513 1
1106 693 1
1106 1021 1
178 571 1
178 1033 1
178 361 1
178 864 1
178 586 1
178 892 1
589 504 1
589 438 1
589 765 1
589 1093 1
589 237 1
589 1013 1
589 578 1
589 495 1
589 75 1
589 484 1
924 127 1
924 1047 1
924 148 1
924 506 1
924 935 1
924 676 1
823 352 1
823 394 1
823 414 1
823 899 1
549 278 1
549 10 1
549 1039 1
549 300 1
602 722 1
856 705 1
546 831 1
633 355 1
633 778 1
633 217 1
947 470 1
947 142 1
1181 1085 1
1181 989 1
81 276 1
173 1031 1
173 455 1
76 448 1
76 569 1
76 272 1
684 1193 1
684 123 1
684 1140 1
31 727 1
31 1032 1
31 866 1
1088 745 1
1088 420 1
1088 153 1
1088 465 1
1088 697 1
1088 891 1
1088 990 1
1088 260 1
1088 192 1
1088 511 1
1088 970 1
1088 370 1
1088 1120 1
1088 640 1
1088 509 1
1088 475 1
1034 904 1
1034 156 1
1034 926 1
1034 636 1
1034 939 1
1034 1141 1
1034 656 1
1034 615 1
1034 900 1
1034 193 1
1034 254 1
1034 599 1
284 52 1
284 301 1
284 435 1
284 818 1
284 305 1
284 1195 1
578 481 1
578 1019 1
578 796 1
578 606 1
578 48 1
578 1114 1
876 385 1
214 60 1
214 116 1
207 594 1
331 934 1
331 195 1
331 333 1
331 222 1
331 1018 1
331 658 1
331 679 1
331 491 1
331 1098 1
331 660 1
220 490 1
220 672 1
306 134 1
306 863 1
306 188 1
306 1128 1
306 1172 1
306 551 1
306 754 1
306 832 1
306 154 1
306 559 1
1063 835 1
1063 772 1
1063 580 1
1063 779 1
840 172 1
840 444 1
840 954 1
840 698 1
840 43 1
840 171 1
734 686 1
734 401 1
734 228 1
734 279 1
734 447 1
769 239 1
769 362 1
1146 664 1
1146 302 1
1146 1157 1
618 673 1
618 570 1
618 200 1
618 113 1
618 962 1
618 85 1
536 149 1
33 21 1
992 869 1
992 911 1
992 310 1
992 99 1
992 49 1
150 678 1
150 199 1
150 1081 1
150 815 1
674 186 1
1115 189 1
1115 1107 1
1115 1182 1
1115 696 1
1115 621 1
1115 1053 1
1115 417 1
621 813 1
621 762 1
489 130 1
489 203 1
930 768 1
930 194 1
885 157 1
334 478 1
194 219 1
194 47 1
194 256 1
194 1184 1
194 556 1
194 133 1
194 169 1
194 650 1
194 781 1
194 944 1
194 717 1
194 79 1
194 202 1
194 770 1
194 84 1
194 366 1
798 593 1
798 50 1
798 190 1
502 775 1
502 71 1
502 29 1
96 208 1
96 162 1
573 270 1
573 291 1
573 988 1
42 125 1
42 1001 1
42 24 1
42 841 1
42 1186 1
42 204 1
42 23 1
42 143 1
42 485 1
42 632 1
42 782 1
42 645 1
42 628 1
42 1097 1
42 1073 1
42 619 1
42 803 1
42 335 1
42 972 1
42 902 1
42 398 1
42 315 1
42 955 1
42 836 1
12 54 1
12 266 1
12 874 1
12 886 1
12 887 1
12 34 1
409 326 1
609 1043 1
14 244 1
14 318 1
14 179 1
486 980 1
90 814 1
410 160 1
410 929 1
110 996 1
110 496 1
235 391 1
824 1095 1
780 776 1
780 182 1
780 223 1
780 221 1
780 1144 1
1122 403 1
1122 634 1
1122 752 1
1122 816 1
534 1052 1
534 952 1
534 397 1
534 569 1
534 446 1
534 917 1
1173 109 1
67 336 1
67 187 1
1169 45 1
1169 1024 1
1169 86 1
733 1037 1
733 442 1
733 916 1
733 957 1
733 224 1
733 895 1
733 596 1
733 424 1
733 629 1
733 347 1
61 319 1
61 1083 1
61 590 1
61 539 1
61 63 1
61 528 1
61 1125 1
61 861 1
61 1054 1
61 387 1
1108 161 1
1108 418 1
1108 307 1
1108 925 1
614 624 1
614 198 1
614 725 1
740 585 1
638 694 1
638 652 1
638 77 1
529 413 1
529 862 1
529 64 1
529 473 1
295 1049 1
295 298 1
295 563 1
295 151 1
295 653 1
295 1086 1
295 881 1
295 1028 1
295 389 1
295 376 1
295 735 1
295 846 1
295 100 1
295 229 1
295 516 1
141 241 1
771 266 1
771 474 1
771 936 1
771 851 1
1131 132 1
1131 1099 1
596 795 1
596 1101 1
523 550 1
523 741 1
523 1004 1
598 637 1
598 579 1
598 1014 1
888 759 1
167 524 1
687 630 1
687 845 1
687 101 1
687 46 1
687 709 1
687 338 1
687 236 1
687 665 1
687 872 1
687 277 1
687 707 1
687 646 1
687 1115 1
687 205 1
687 729 1
687 232 1
687 253 1
687 896 1
398 553 1
398 580 1
521 909 1
521 755 1
521 432 1
521 80 1
521 1196 1
521 1118 1
521 439 1
521 642 1
521 1058 1
701 124 1
701 160 1
701 410 1
701 792 1
316 480 1
316 574 1
316 250 1
316 89 1
316 359 1
316 710 1
316 215 1
316 15 1
1015 249 1
1015 545 1
1015 456 1
542 933 1
542 977 1
208 712 1
208 905 1
208 206 1
225 412 1
225 282 1
225 313 1
225 440 1
225 140 1
225 529 1
225 466 1
1054 422 1
1054 1092 1
1054 1074 1
1155 677 1
1155 136 1
1155 877 1
1155 867 1
873 1126 1
873 1044 1
730 164 1
730 1030 1
730 587 1
730 501 1
730 821 1
730 226 1
749 458 1
749 711 1
253 273 1
1127 691 1
1159 216 1
1159 718 1
1136 1007 1
1136 643 1
1136 754 1
878 963 1
878 591 1
878 499 1
878 121 1
878 906 1
878 122 1
878 868 1
878 375 1
878 1177 1
878 806 1
878 406 1
497 914 1
497 1045 1
497 1192 1
497 78 1
497 789 1
425 948 1
425 289 1
425 433 1
425 519 1
425 663 1
425 314 1
1079 670 1
1079 337 1
1079 1134 1
1079 91 1
1079 1000 1
1079 1042 1
1079 280 1
1079 62 1
1079 1075 1
1079 90 1
261 544 1
261 600 1
535 500 1
535 716 1
535 297 1
535 51 1
535 897 1
535 708 1
535 371 1
535 1011 1
535 173 1
535 331 1
535 415 1
535 342 1
535 1185 1
535 1064 1
535 30 1
535 1012 1
535 139 1
535 240 1
675 379 1
675 257 1
675 1103 1
675 1078 1
675 510 1
675 68 1
675 436 1
312 468 1
312 1129 1
312 998 1
312 357 1
312 26 1
312 507 1
819 949 1
819 392 1
671 290 1
671 378 1
671 469 1
671 852 1
671 603 1
671 393 1
461 196 1
1040 477 1
1040 16 1
1040 18 1
986 689 1
986 695 1
986 407 1
986 960 1
986 262 1
986 825 1
986 975 1
175 129 1
175 55 1
175 853 1
175 317 1
175 340 1
175 848 1
38 255 1
38 766 1
38 158 1
38 191 1
38 386 1
38 367 1
38 668 1
38 859 1
38 408 1
38 907 1
38 411 1
38 503 1
1160 871 1
1160 1194 1
1160 584 1
1160 978 1
1160 248 1
1160 706 1
1160 1161 1
1160 527 1
1167 322 1
1167 758 1
1167 945 1
836 128 1
680 416 1
680 309 1
680 180 1
680 777 1
395 360 1
1135 72 1
