38 1685 1
38 122 1
38 1886 1
38 1940 1
1644 1243 1
367 1462 1
311 1415 1
311 1539 1
311 605 1
311 596 1
1702 426 1
1580 1391 1
1580 1228 1
1580 1428 1
1580 565 1
1580 644 1
1580 1797 1
231 1522 1
231 1003 1
231 485 1
231 842 1
231 907 1
667 739 1
667 324 1
667 1458 1
1719 1737 1
1719 320 1
50 512 1
50 404 1
50 915 1
50 312 1
50 128 1
50 1792 1
50 1957 1
1805 1244 1
1366 1150 1
1366 36 1
1366 896 1
1366 562 1
1450 1102 1
1450 1506 1
1450 1367 1
1339 145 1
1339 1334 1
1339 1 1
1339 1252 1
286 1378 1
286 1310 1
286 1234 1
286 1370 1
1535 1356 1
1535 506 1
1052 1854 1
1052 70 1
1052 171 1
878 517 1
613 254 1
613 1936 1
613 1030 1
613 1257 1
613 126 1
613 274 1
613 437 1
1620 1694 1
900 774 1
900 561 1
1184 1401 1
914 90 1
1673 1588 1
106 893 1
106 1231 1
106 123 1
106 1786 1
106 1747 1
106 1710 1
106 463 1
106 1692 1
706 101 1
706 1969 1
706 1600 1
706 1673 1
706 1779 1
706 598 1
706 917 1
706 1068 1
706 1371 1
348 471 1
1774 1258 1
1774 592 1
1774 438 1
1774 134 1
1774 1811 1
1774 1186 1
1774 422 1
1774 182 1
1774 1960 1
1774 1377 1
1774 1663 1
1982 58 1
1621 1352 1
1621 1873 1
1621 953 1
1621 1703 1
284 814 1
284 835 1
284 1896 1
284 813 1
284 1151 1
284 1457 1
284 1992 1
284 986 1
284 1011 1
284 1963 1
279 158 1
91 356 1
91 443 1
814 319 1
814 1236 1
814 169 1
1109 1253 1
1109 794 1
1109 1625 1
1174 930 1
1174 1691 1
1545 1511 1
1545 1262 1
1545 642 1
1545 1748 1
1545 1300 1
1545 1651 1
1545 389 1
1545 1449 1
1545 793 1
1545 910 1
1545 1285 1
1545 1846 1
1545 1601 1
1545 921 1
1545 1204 1
1545 193 1
1545 1616 1
1545 781 1
1545 1817 1
1545 1315 1
1545 735 1
1545 113 1
1545 1325 1
1216 719 1
147 603 1
147 56 1
147 1632 1
1489 1796 1
1410 709 1
1410 1519 1
1410 1404 1
1410 1224 1
488 1718 1
488 874 1
488 1324 1
488 1010 1
489 493 1
489 1934 1
489 1487 1
716 918 1
716 868 1
1426 10 1
1426 77 1
1426 778 1
1426 850 1
1426 942 1
1426 520 1
473 1214 1
473 1164 1
473 1949 1
473 1482 1
473 35 1
1075 1136 1
547 943 1
417 1594 1
1479 531 1
1479 1735 1
834 364 1
834 262 1
1602 1770 1
1602 1874 1
1602 153 1
1602 461 1
1602 1701 1
217 1455 1
217 556 1
1742 1148 1
405 1475 1
405 277 1
405 625 1
875 317 1
875 116 1
875 1822 1
875 1953 1
875 1920 1
875 93 1
875 503 1
875 1944 1
875 682 1
875 1319 1
875 1101 1
875 42 1
875 554 1
875 475 1
875 185 1
875 1070 1
875 897 1
875 1421 1
631 1115 1
631 1872 1
631 360 1
631 1868 1
631 1351 1
631 325 1
1394 234 1
1394 944 1
1394 1972 1
1394 1676 1
1394 14 1
1686 1266 1
125 1657 1
125 1418 1
125 1157 1
125 199 1
125 1251 1
125 1267 1
125 987 1
970 1771 1
970 1044 1
970 1902 1
970 388 1
970 1720 1
970 83 1
970 1971 1
970 799 1
970 1589 1
1263 740 1
1263 1190 1
1486 608 1
1486 106 1
1486 738 1
1486 1937 1
1486 294 1
1171 138 1
1912 71 1
1912 1250 1
712 1279 1
712 104 1
712 110 1
1152 535 1
577 1716 1
752 1460 1
752 1555 1
872 355 1
872 518 1
872 208 1
872 1492 1
872 315 1
1635 1107 1
1635 1866 1
1895 780 1
1895 818 1
1895 39 1
1895 982 1
1895 1961 1
1917 1776 1
1392 1091 1
1392 177 1
1392 1323 1
1392 1227 1
1045 1989 1
1045 453 1
1045 1904 1
215 167 1
215 402 1
1780 278 1
1839 741 1
935 385 1
1878 102 1
1878 1927 1
926 1187 1
866 142 1
885 1174 1
885 859 1
885 638 1
885 1429 1
885 1321 1
885 855 1
885 370 1
885 33 1
885 1864 1
885 606 1
1822 1967 1
1822 1654 1
1822 983 1
1822 922 1
1822 1682 1
1822 1129 1
1822 1395 1
1822 1004 1
181 344 1
994 1577 1
994 1819 1
1890 1781 1
1890 808 1
1749 1066 1
1749 1405 1
1749 1201 1
1749 1766 1
1749 742 1
1737 852 1
589 1021 1
589 299 1
589 771 1
589 717 1
589 1205 1
589 632 1
589 95 1
589 74 1
589 580 1
589 1721 1
1773 1175 1
1773 1528 1
1773 614 1
1406 1025 1
1406 283 1
1406 877 1
1406 1587 1
1406 767 1
1406 154 1
1406 1804 1
1406 1062 1
1406 24 1
1406 178 1
1406 694 1
1406 19 1
1406 1448 1
1406 1604 1
1406 1467 1
1406 115 1
1929 298 1
1929 1540 1
1929 745 1
1929 365 1
1929 1842 1
1929 268 1
114 1848 1
1617 1562 1
1617 1248 1
1617 371 1
250 760 1
159 1469 1
1888 1674 1
285 1787 1
285 658 1
285 1968 1
285 650 1
1022 1687 1
1022 990 1
1022 1239 1
1022 1571 1
1722 1282 1
1722 1859 1
1722 665 1
316 477 1
1201 279 1
1201 1113 1
1201 635 1
1265 322 1
1265 929 1
1265 290 1
538 99 1
538 1706 1
172 1122 1
172 1121 1
419 1911 1
729 1547 1
720 892 1
1510 43 1
1510 1762 1
1415 108 1
1415 1112 1
1723 1525 1
1723 1903 1
1723 327 1
1723 1041 1
267 445 1
267 257 1
267 137 1
1237 52 1
308 1185 1
593 343 1
593 528 1
521 470 1
521 502 1
521 310 1
521 575 1
521 651 1
521 1921 1
521 1261 1
521 557 1
521 1402 1
186 817 1
1191 1077 1
1191 1166 1
1191 1549 1
1191 1768 1
1191 225 1
1191 333 1
1191 1276 1
1748 1754 1
801 1256 1
801 30 1
801 1514 1
801 1110 1
737 1180 1
737 829 1
737 663 1
737 114 1
737 161 1
737 1595 1
737 1952 1
737 66 1
737 1466 1
737 206 1
737 1217 1
737 1984 1
737 1079 1
737 1553 1
737 975 1
737 1849 1
737 361 1
737 1272 1
1300 1996 1
1300 507 1
1300 1843 1
1970 1959 1
1970 788 1
1970 1065 1
1970 407 1
1970 34 1
1140 59 1
455 1712 1
455 1929 1
455 302 1
455 244 1
455 1559 1
455 597 1
455 1058 1
455 595 1
455 296 1
455 1943 1
840 1353 1
840 1741 1
840 1330 1
840 841 1
840 705 1
840 1520 1
840 912 1
840 1000 1
1477 103 1
1477 821 1
1477 1801 1
1675 165 1
1675 345 1
1675 1018 1
1675 1962 1
1675 629 1
1675 1704 1
1001 798 1
854 1535 1
854 1509 1
854 1028 1
854 703 1
854 1942 1
1591 466 1
1591 769 1
500 1586 1
500 1286 1
500 183 1
500 913 1
500 1939 1
500 584 1
500 847 1
500 925 1
500 1869 1
500 1207 1
923 1463 1
777 1930 1
1885 490 1
1885 1023 1
1885 564 1
1885 40 1
1885 1515 1
1885 1089 1
1500 482 1
1500 1613 1
1808 1665 1
1808 467 1
1413 1956 1
1413 654 1
1413 1875 1
1413 357 1
1863 1579 1
1863 80 1
1863 214 1
1863 1348 1
1863 263 1
1870 75 1
1870 452 1
1091 743 1
1091 839 1
1091 1592 1
1091 280 1
1603 722 1
1612 1208 1
1612 696 1
1612 1707 1
1612 1061 1
1612 514 1
1612 1726 1
1612 659 1
1612 447 1
1612 511 1
1612 54 1
1612 1855 1
1383 1527 1
1076 1900 1
1076 1983 1
1076 200 1
1076 216 1
1076 450 1
1076 1743 1
1076 1099 1
1408 157 1
1408 805 1
1408 1985 1
1408 192 1
1408 1802 1
1408 602 1
1408 610 1
1408 1677 1
1408 334 1
1408 519 1
809 15 1
1539 1763 1
1539 1978 1
1539 1393 1
1539 980 1
1539 51 1
1641 1283 1
1641 1991 1
1641 1140 1
1641 406 1
1641 1713 1
1641 1326 1
1641 1922 1
1641 1910 1
1641 1829 1
1641 1852 1
1641 568 1
1641 1615 1
1641 1809 1
1641 1876 1
1641 339 1
1920 1302 1
1920 1335 1
1920 670 1
1920 664 1
1920 291 1
1920 1156 1
1920 959 1
1920 967 1
1920 645 1
999 1372 1
1008 229 1
1008 1096 1
1008 960 1
1008 1698 1
1008 1816 1
1008 574 1
1935 1780 1
1935 1424 1
1935 633 1
1935 346 1
669 173 1
669 205 1
669 860 1
669 202 1
669 394 1
851 812 1
851 504 1
851 6 1
1565 677 1
1565 25 1
1565 516 1
1565 434 1
1565 700 1
1565 888 1
1565 1210 1
1565 1446 1
1565 1476 1
1565 233 1
1565 1059 1
1857 1498 1
1857 1656 1
1857 1146 1
1857 1708 1
1857 136 1
1857 961 1
1857 996 1
1651 207 1
1501 1861 1
1501 708 1
1791 898 1
1791 704 1
1791 948 1
413 305 1
413 1120 1
413 1399 1
413 1652 1
413 273 1
413 627 1
413 1532 1
1291 1729 1
1291 540 1
1291 224 1
1291 1288 1
1291 1536 1
1705 1683 1
1705 13 1
1705 734 1
1705 398 1
1053 1827 1
1053 1986 1
1053 1247 1
1053 435 1
1533 770 1
1533 1002 1
1533 1303 1
1533 22 1
1057 1280 1
1057 1918 1
381 495 1
381 1097 1
381 1790 1
381 895 1
381 409 1
381 1042 1
381 1437 1
381 1837 1
381 1273 1
1731 1396 1
1731 1369 1
1235 937 1
1235 1364 1
1944 710 1
1944 815 1
1944 1035 1
484 612 1
484 37 1
484 1434 1
484 1481 1
484 352 1
484 1738 1
222 1382 1
222 1092 1
222 150 1
222 1976 1
222 652 1
1346 1447 1
1346 1327 1
1346 1629 1
1346 1149 1
1346 1818 1
1346 1200 1
353 1313 1
418 196 1
418 523 1
418 1906 1
418 166 1
188 1308 1
938 1534 1
938 396 1
938 1773 1
938 1824 1
938 1733 1
938 1088 1
938 1218 1
938 337 1
938 85 1
938 494 1
938 1474 1
938 82 1
1767 1095 1
1767 1831 1
1767 530 1
1767 1436 1
1767 239 1
1767 572 1
1767 1813 1
178 289 1
178 567 1
623 2004 1
906 993 1
906 1426 1
906 861 1
906 962 1
906 997 1
906 436 1
906 681 1
906 976 1
906 2000 1
1938 424 1
1938 366 1
1938 1655 1
1427 863 1
1427 1048 1
1427 588 1
529 1194 1
529 479 1
529 1389 1
969 1104 1
969 481 1
1750 984 1
1750 620 1
1750 1567 1
932 449 1
932 952 1
1834 919 1
434 86 1
434 1055 1
1024 1060 1
1024 607 1
1024 237 1
1024 72 1
1024 609 1
1024 647 1
1024 826 1
1024 763 1
1024 235 1
1024 1661 1
1760 1269 1
869 1274 1
869 576 1
869 1420 1
869 843 1
894 686 1
894 911 1
894 1297 1
894 1155 1
616 1551 1
616 292 1
616 60 1
616 1543 1
616 1607 1
616 1314 1
616 731 1
616 328 1
616 1442 1
616 1127 1
616 313 1
616 79 1
616 1411 1
1156 248 1
1390 1948 1
1390 1751 1
1390 148 1
1390 707 1
1390 414 1
218 837 1
218 464 1
218 1951 1
218 1689 1
218 1610 1
1877 715 1
1975 856 1
1170 759 1
1170 1375 1
1170 838 1
1170 827 1
1170 1412 1
1170 1037 1
1170 1159 1
1541 139 1
1541 265 1
1043 1464 1
1043 1225 1
1043 403 1
1043 1090 1
1043 666 1
1043 1643 1
1043 170 1
1043 1994 1
21 684 1
21 304 1
1319 428 1
1319 757 1
1319 1307 1
61 429 1
966 1495 1
966 117 1
966 1172 1
966 1222 1
966 56 1
966 259 1
966 675 1
966 140 1
966 977 1
966 1203 1
966 649 1
966 727 1
966 1740 1
966 657 1
454 261 1
864 410 1
864 988 1
864 674 1
864 476 1
864 884 1
420 1924 1
420 1284 1
420 1160 1
420 1814 1
755 1419 1
755 1700 1
755 807 1
384 213 1
384 1195 1
384 1856 1
384 543 1
1521 382 1
468 828 1
338 1249 1
338 1125 1
338 1517 1
338 1666 1
338 1336 1
1101 1835 1
1101 558 1
1101 1750 1
1101 1213 1
1101 1627 1
920 1215 1
920 31 1
582 1255 1
582 1805 1
582 249 1
582 1755 1
582 1081 1
582 848 1
582 92 1
582 281 1
582 401 1
582 1552 1
582 49 1
1209 1219 1
1209 618 1
1209 326 1
1559 1998 1
210 1681 1
210 1425 1
210 1546 1
210 73 1
210 1585 1
210 1264 1
210 1782 1
111 791 1
111 1281 1
111 1063 1
111 916 1
597 1331 1
597 1965 1
597 1078 1
597 749 1
597 1114 1
597 246 1
1611 711 1
1611 1504 1
1611 1311 1
1611 1032 1
856 1414 1
856 1292 1
856 721 1
856 1278 1
856 991 1
856 1847 1
856 1211 1
856 880 1
856 1158 1
856 1833 1
1783 1518 1
1783 723 1
1765 1753 1
1765 951 1
1765 662 1
1765 1221 1
899 1137 1
98 1230 1
98 1318 1
98 1898 1
98 876 1
98 974 1
772 844 1
772 908 1
772 1840 1
772 713 1
772 569 1
772 1945 1
772 542 1
772 1350 1
772 1005 1
889 87 1
889 1019 1
889 1176 1
761 950 1
1229 939 1
1229 253 1
1229 455 1
1229 903 1
1229 1178 1
1229 537 1
1752 676 1
1752 1990 1
1752 802 1
1752 1124 1
1752 1591 1
1752 870 1
1752 1145 1
1752 1521 1
1752 1793 1
1752 1517 1
258 615 1
1544 628 1
1544 1640 1
1544 1987 1
1544 1271 1
1544 21 1
1544 380 1
1544 853 1
1544 2003 1
1544 374 1
439 963 1
1445 887 1
1445 240 1
1614 1667 1
1614 376 1
1106 301 1
1106 1490 1
1106 789 1
1106 973 1
1106 1496 1
1106 758 1
1106 16 1
1106 1349 1
1106 890 1
1106 604 1
1106 1270 1
1106 1974 1
910 271 1
910 1409 1
910 252 1
910 342 1
910 1493 1
910 1925 1
910 1235 1
910 1979 1
910 288 1
910 1769 1
910 1778 1
910 680 1
910 545 1
910 1880 1
910 978 1
910 714 1
910 293 1
910 496 1
910 578 1
910 118 1
910 497 1
1727 1964 1
1727 539 1
1727 747 1
1727 1714 1
1361 1161 1
1294 287 1
1294 258 1
1294 1162 1
1294 1893 1
1294 146 1
1294 1497 1
796 941 1
796 1398 1
796 653 1
796 1345 1
796 1633 1
378 1084 1
1789 600 1
1789 272 1
1789 141 1
1789 979 1
1789 1798 1
1789 1242 1
1789 297 1
1789 372 1
1789 995 1
68 286 1
68 1216 1
68 89 1
68 386 1
68 187 1
1213 678 1
135 91 1
135 1732 1
135 773 1
688 1845 1
688 330 1
688 1645 1
688 1275 1
688 1777 1
688 1699 1
688 97 1
688 1670 1
1285 1884 1
1285 594 1
1285 1026 1
1285 1142 1
1285 1471 1
1285 1730 1
1285 555 1
1285 276 1
1285 787 1
1285 699 1
198 624 1
198 630 1
198 1374 1
198 1630 1
1601 1093 1
1601 1537 1
958 164 1
958 775 1
958 1977 1
958 331 1
958 901 1
958 1853 1
958 1570 1
958 728 1
958 1608 1
958 636 1
958 430 1
958 1456 1
958 1329 1
1015 1947 1
1015 143 1
563 1578 1
563 64 1
563 886 1
563 241 1
563 1036 1
563 1907 1
563 1806 1
563 1118 1
563 1598 1
756 155 1
9 38 1
9 321 1
9 1212 1
9 1277 1
9 416 1
9 611 1
9 1757 1
9 690 1
9 695 1
1220 1745 1
1220 1344 1
1220 718 1
1220 1119 1
1220 1141 1
1220 1560 1
1220 509 1
1377 1416 1
1198 127 1
1198 955 1
1198 1653 1
1198 151 1
803 768 1
358 1299 1
358 1188 1
358 81 1
358 790 1
358 363 1
358 1997 1
534 1034 1
534 1309 1
534 383 1
534 1452 1
534 726 1
534 804 1
534 687 1
692 501 1
692 1206 1
692 691 1
692 1082 1
692 440 1
692 201 1
692 1548 1
692 236 1
692 1049 1
692 1197 1
692 189 1
692 1882 1
692 544 1
692 1189 1
888 1883 1
888 1575 1
888 351 1
888 32 1
888 1838 1
505 1554 1
505 448 1
1320 303 1
1320 551 1
1320 701 1
1320 245 1
1320 668 1
1320 1538 1
1320 1432 1
1320 536 1
1320 954 1
1320 1381 1
1031 724 1
1672 1128 1
1672 766 1
1672 571 1
1672 269 1
1672 1933 1
1672 84 1
1672 44 1
1672 1619 1
1423 927 1
1423 1584 1
1423 570 1
1423 1268 1
1423 1332 1
1423 553 1
1423 1135 1
4 306 1
4 640 1
1695 1502 1
392 1347 1
423 1473 1
423 1533 1
423 1358 1
731 1590 1
731 411 1
731 1684 1
731 1260 1
731 1067 1
731 264 1
917 2005 1
917 1459 1
822 1388 1
822 1973 1
822 369 1
1193 1182 1
1193 3 1
1193 1958 1
1193 1362 1
1029 1668 1
1799 1982 1
1799 1558 1
1799 368 1
546 1724 1
546 1512 1
546 1290 1
546 415 1
546 746 1
1616 779 1
1616 1305 1
433 945 1
433 905 1
433 1628 1
433 957 1
433 1637 1
260 1451 1
260 256 1
260 1675 1
260 1526 1
260 1659 1
260 387 1
260 1333 1
260 270 1
260 1337 1
260 375 1
260 487 1
260 492 1
1168 180 1
1168 1844 1
1168 1916 1
1168 621 1
1168 784 1
1168 1244 1
1168 1946 1
1168 1950 1
1168 1488 1
1443 1295 1
1443 550 1
1443 1105 1
1443 1739 1
314 816 1
314 1480 1
314 124 1
1020 412 1
656 1468 1
656 822 1
1841 1513 1
1841 1259 1
1841 1597 1
1841 1386 1
537 513 1
537 522 1
1820 446 1
1820 354 1
1820 1892 1
1820 129 1
1999 179 1
1009 160 1
1009 397 1
329 1947 1
329 349 1
329 480 1
1342 219 1
1342 617 1
1342 1775 1
1342 462 1
400 119 1
105 1355 1
773 1387 1
773 648 1
773 1505 1
773 421 1
773 1815 1
773 846 1
1179 131 1
1179 1006 1
45 390 1
45 1563 1
45 1312 1
45 197 1
45 441 1
45 806 1
45 61 1
45 1988 1
45 247 1
45 163 1
45 830 1
1304 1163 1
1304 1033 1
1304 643 1
1304 1169 1
1304 1465 1
442 1417 1
661 1593 1
661 1071 1
23 1083 1
23 964 1
23 191 1
23 1993 1
107 57 1
212 1810 1
212 697 1
212 1199 1
212 786 1
212 527 1
783 765 1
783 1566 1
88 862 1
1794 1117 1
1794 1508 1
1794 1301 1
596 1609 1
596 1658 1
596 673 1
596 1153 1
596 27 1
1520 133 1
1520 1246 1
1482 11 1
1636 2 1
1636 586 1
1636 849 1
1636 1932 1
1636 1914 1
1636 1576 1
764 1680 1
764 499 1
764 399 1
764 750 1
1379 62 1
174 48 1
174 867 1
174 1734 1
174 1017 1
174 671 1
1887 431 1
1887 785 1
1887 1094 1
1815 936 1
1815 1397 1
427 1138 1
427 1788 1
427 1232 1
427 1001 1
427 474 1
427 1851 1
427 1800 1
427 1126 1
427 1133 1
427 585 1
416 460 1
416 1143 1
626 1173 1
626 581 1
626 1422 1
626 622 1
132 1605 1
132 931 1
132 176 1
132 1438 1
132 753 1
132 1662 1
1453 2002 1
1453 883 1
1453 1046 1
1453 1901 1
1453 1441 1
1453 1435 1
1453 1581 1
1453 432 1
1453 68 1
1453 1826 1
1453 162 1
1453 211 1
1453 238 1
1453 96 1
1453 1306 1
583 1881 1
583 67 1
685 227 1
685 1941 1
1660 1047 1
1343 459 1
1343 478 1
1343 548 1
1343 1103 1
175 1144 1
175 1926 1
175 1928 1
175 1631 1
175 1695 1
175 1542 1
47 601 1
47 1472 1
47 1016 1
47 881 1
41 1296 1
1557 573 1
1557 748 1
1557 243 1
1027 587 1
1385 1341 1
1385 559 1
1385 1715 1
1384 1507 1
1384 1899 1
1384 646 1
1384 1074 1
1384 693 1
1384 109 1
1384 17 1
1646 637 1
1646 220 1
1646 1181 1
1646 1606 1
341 831 1
341 1767 1
341 1427 1
341 920 1
341 1660 1
1981 1410 1
1981 417 1
1981 1192 1
1981 858 1
1981 242 1
1981 210 1
1981 899 1
1981 1373 1
1981 1304 1
1981 976 1
1981 947 1
1328 1862 1
1328 933 1
1328 1363 1
1328 1836 1
1328 940 1
1328 552 1
1328 1696 1
1328 29 1
1328 1054 1
1871 1573 1
1871 309 1
1871 94 1
1871 1431 1
1871 1403 1
1871 1728 1
1871 152 1
1871 377 1
1871 1293 1
1871 1015 1
1871 549 1
1871 373 1
1828 560 1
1828 634 1
1828 1223 1
1828 1725 1
1828 1322 1
1828 156 1
1828 340 1
1828 946 1
1828 362 1
1240 1152 1
1240 1821 1
1240 660 1
1879 456 1
1879 792 1
1879 956 1
1879 879 1
1879 1147 1
1879 1132 1
1879 1679 1
1879 149 1
1879 1073 1
1879 332 1
1879 1338 1
1589 515 1
1589 525 1
1589 1354 1
1589 1717 1
1589 335 1
1589 1516 1
1589 1226 1
1589 985 1
1589 1954 1
1589 857 1
1254 825 1
1254 1803 1
1823 971 1
1823 204 1
1823 1531 1
1823 1909 1
1823 882 1
1823 1340 1
1823 1007 1
1823 26 1
1823 795 1
1499 1623 1
1499 1688 1
1499 266 1
1499 46 1
496 1050 1
496 1014 1
496 1850 1
1038 909 1
541 300 1
541 811 1
541 1832 1
1931 1882 1
1931 1233 1
1177 295 1
1177 488 1
1177 1596 1
1177 1772 1
1177 1530 1
1177 1100 1
1177 469 1
1177 965 1
1177 8 1
1177 347 1
1177 1582 1
1177 776 1
1177 1784 1
1177 639 1
1177 1013 1
1177 130 1
1177 1744 1
1177 836 1
1647 1440 1
1647 1758 1
1647 968 1
1647 78 1
1241 992 1
1241 902 1
1241 1618 1
1491 359 1
1491 655 1
1069 232 1
1069 1154 1
1069 1080 1
1069 566 1
1069 1183 1
1069 1098 1
1069 1130 1
65 451 1
65 989 1
65 1012 1
65 168 1
76 457 1
115 1785 1
1648 221 1
1648 904 1
1807 1111 1
1807 1556 1
1807 1134 1
1807 7 1
1087 800 1
1087 1368 1
1087 1400 1
1087 251 1
1087 144 1
1087 1908 1
1087 1812 1
1087 194 1
1196 865 1
1196 1649 1
1196 486 1
1196 1494 1
1711 1365 1
1380 1484 1
1380 465 1
1380 1289 1
1380 275 1
296 318 1
296 1867 1
296 1913 1
296 1746 1
1523 532 1
1523 683 1
184 1439 1
184 1056 1
184 1287 1
1761 53 1
1761 1572 1
1761 1483 1
1761 1433 1
203 209 1
203 972 1
203 928 1
203 820 1
574 112 1
574 1669 1
574 491 1
393 1897 1
981 782 1
981 316 1
981 1485 1
981 1085 1
981 1564 1
1744 702 1
1744 1561 1
1744 1865 1
1744 891 1
1744 590 1
1744 736 1
1744 1693 1
976 1568 1
976 1671 1
976 1086 1
18 458 1
18 1870 1
1638 914 1
1638 1123 1
1638 884 1
1638 1889 1
1624 408 1
1678 230 1
1678 1650 1
1678 1165 1
1678 1664 1
1803 579 1
1825 998 1
1825 949 1
1325 1407 1
1325 1524 1
437 1357 1
437 1697 1
526 730 1
1116 1764 1
1454 1202 1
733 55 1
1599 924 1
1039 190 1
1039 819 1
1039 679 1
1039 336 1
1690 1742 1
1690 524 1
1690 1791 1
1690 1470 1
1690 1245 1
1690 1860 1
1690 1108 1
1690 1167 1
1690 1639 1
1690 1040 1
1690 1532 1
1000 725 1
1923 1634 1
1923 1583 1
845 1503 1
845 1991 1
845 510 1
845 751 1
845 832 1
1626 1966 1
1626 69 1
1626 1709 1
1626 810 1
1626 1915 1
1626 28 1
1626 238 1
1626 1376 1
483 307 1
1955 1580 1
1955 824 1
1955 762 1
1955 823 1
1955 1550 1
1955 1736 1
1955 384 1
1955 111 1
1955 1759 1
1955 689 1
1955 1461 1
1955 1894 1
1955 1756 1
509 120 1
509 833 1
934 1131 1
934 1830 1
754 5 1
754 350 1
754 255 1
591 121 1
591 1642 1
591 100 1
425 1622 1
425 1051 1
425 1795 1
320 619 1
320 20 1
1040 223 1
1040 395 1
1040 1359 1
1040 2001 1
1040 1980 1
1040 379 1
871 1360 1
871 1478 1
472 228 1
472 1317 1
472 282 1
472 1905 1
472 672 1
472 732 1
472 1238 1
1064 1139 1
1064 599 1
1064 1430 1
1064 444 1
1064 873 1
1064 226 1
1064 391 1
1444 1995 1
63 1858 1
1189 533 1
1189 744 1
1189 498 1
1316 797 1
1316 323 1
698 1891 1
698 641 1
695 1529 1
695 1919 1
695 1298 1
1574 195 1
1574 508 1
1574 12 1
1569 1072 1
