27 130 1
27 6 1
27 92 1
249 226 1
249 194 1
249 121 1
363 310 1
363 34 1
363 316 1
30 153 1
30 11 1
30 251 1
190 132 1
190 244 1
190 157 1
190 112 1
190 41 1
190 207 1
190 22 1
190 330 1
199 79 1
199 83 1
199 62 1
54 203 1
60 17 1
38 318 1
282 344 1
290 140 1
290 273 1
290 210 1
290 295 1
326 66 1
326 248 1
326 69 1
326 319 1
326 101 1
326 127 1
233 80 1
216 26 1
216 165 1
88 136 1
88 96 1
215 149 1
365 161 1
365 13 1
365 160 1
9 202 1
9 315 1
9 259 1
9 192 1
9 340 1
9 357 1
9 90 1
272 42 1
272 99 1
272 293 1
272 174 1
272 152 1
272 283 1
272 187 1
219 278 1
328 168 1
328 71 1
328 181 1
376 280 1
376 82 1
376 380 1
368 257 1
368 373 1
1 147 1
1 346 1
1 58 1
1 200 1
153 348 1
153 51 1
153 23 1
359 183 1
359 3 1
359 206 1
359 287 1
359 370 1
273 176 1
273 50 1
273 296 1
273 15 1
273 291 1
273 46 1
263 354 1
263 109 1
263 133 1
263 204 1
263 4 1
115 342 1
115 366 1
117 28 1
117 274 1
371 298 1
371 45 1
371 166 1
371 334 1
44 61 1
44 219 1
44 198 1
44 177 1
44 269 1
44 253 1
44 33 1
44 77 1
72 261 1
72 8 1
294 362 1
381 117 1
360 78 1
360 223 1
35 7 1
35 285 1
35 191 1
35 113 1
35 144 1
35 134 1
323 100 1
323 307 1
323 186 1
323 210 1
323 64 1
240 196 1
162 85 1
162 286 1
260 272 1
260 328 1
260 21 1
260 115 1
260 10 1
260 294 1
260 246 1
260 322 1
260 104 1
260 65 1
260 351 1
260 227 1
47 242 1
47 326 1
47 154 1
47 359 1
47 162 1
47 238 1
47 124 1
47 265 1
47 329 1
167 258 1
167 32 1
167 129 1
167 70 1
167 372 1
167 337 1
112 247 1
112 338 1
112 217 1
112 313 1
112 59 1
112 123 1
112 122 1
112 335 1
331 30 1
331 131 1
331 254 1
331 279 1
331 299 1
210 225 1
94 367 1
48 333 1
232 76 1
339 352 1
339 94 1
339 358 1
246 369 1
109 236 1
109 20 1
327 106 1
327 53 1
78 213 1
78 325 1
239 211 1
239 303 1
275 137 1
275 221 1
275 158 1
275 52 1
275 212 1
275 193 1
275 239 1
275 37 1
275 12 1
275 159 1
275 63 1
275 40 1
275 141 1
297 361 1
311 25 1
311 170 1
311 145 1
311 163 1
311 125 1
311 300 1
311 86 1
69 350 1
228 36 1
228 169 1
228 173 1
228 74 1
19 282 1
19 276 1
19 234 1
19 271 1
18 250 1
18 35 1
18 47 1
18 228 1
18 379 1
18 347 1
18 110 1
18 312 1
18 119 1
18 271 1
301 332 1
301 139 1
177 172 1
269 16 1
269 171 1
269 240 1
269 14 1
269 241 1
269 150 1
379 243 1
379 349 1
379 29 1
379 377 1
229 317 1
229 178 1
229 214 1
229 95 1
229 39 1
229 224 1
302 108 1
302 67 1
302 184 1
284 116 1
347 146 1
208 376 1
208 138 1
208 31 1
208 355 1
208 107 1
208 43 1
208 128 1
179 353 1
179 321 1
152 142 1
156 302 1
156 343 1
156 209 1
156 201 1
270 266 1
270 87 1
2 308 1
49 55 1
312 320 1
312 68 1
256 98 1
374 255 1
374 1 1
374 97 1
185 148 1
265 222 1
265 105 1
265 289 1
265 56 1
218 205 1
218 167 1
218 73 1
218 281 1
218 197 1
218 24 1
218 292 1
252 245 1
252 235 1
252 175 1
119 9 1
119 19 1
119 264 1
119 252 1
306 180 1
306 93 1
306 102 1
306 118 1
111 304 1
111 301 1
111 324 1
111 120 1
288 81 1
351 65 1
292 314 1
292 91 1
292 135 1
292 143 1
231 220 1
231 268 1
231 126 1
341 89 1
341 2 1
341 185 1
173 188 1
127 345 1
295 305 1
234 155 1
329 164 1
84 103 1
92 356 1
92 57 1
195 151 1
195 182 1
195 114 1
375 378 1
209 5 1
209 237 1
189 75 1
364 262 1
364 336 1
201 277 1
201 230 1
309 267 1
