112 149 1
112 137 1
108 190 1
108 53 1
108 40 1
58 195 1
72 166 1
72 8 1
216 80 1
216 248 1
230 173 1
230 141 1
230 19 1
230 14 1
230 86 1
37 129 1
37 231 1
37 256 1
173 22 1
101 143 1
31 10 1
31 151 1
31 13 1
55 110 1
55 26 1
55 222 1
55 184 1
55 262 1
55 93 1
163 235 1
163 20 1
163 127 1
94 56 1
94 42 1
94 189 1
94 200 1
124 201 1
129 103 1
129 223 1
129 197 1
129 225 1
129 11 1
36 119 1
98 153 1
98 226 1
18 23 1
18 88 1
18 161 1
77 23 1
77 144 1
77 12 1
104 199 1
104 177 1
104 38 1
104 220 1
104 34 1
139 145 1
139 49 1
243 202 1
79 128 1
71 152 1
71 138 1
71 63 1
71 224 1
71 76 1
71 157 1
71 122 1
82 219 1
39 233 1
39 168 1
39 123 1
39 196 1
24 46 1
24 5 1
24 58 1
24 90 1
24 67 1
24 89 1
24 140 1
24 176 1
24 28 1
24 115 1
24 227 1
69 180 1
140 113 1
106 9 1
16 207 1
16 105 1
16 50 1
16 229 1
16 244 1
228 148 1
250 41 1
211 91 1
211 245 1
210 155 1
210 249 1
206 188 1
147 43 1
147 51 1
61 254 1
61 134 1
61 242 1
61 234 1
137 192 1
240 159 1
100 117 1
6 65 1
6 251 1
50 66 1
178 25 1
178 1 1
178 125 1
178 27 1
178 238 1
178 247 1
178 260 1
178 165 1
178 47 1
21 29 1
81 203 1
73 99 1
162 185 1
213 35 1
231 217 1
231 87 1
259 181 1
259 167 1
142 74 1
142 255 1
142 194 1
70 2 1
70 118 1
70 253 1
78 75 1
78 208 1
78 162 1
78 150 1
165 107 1
150 120 1
150 257 1
150 186 1
172 174 1
241 124 1
241 246 1
183 111 1
183 97 1
183 179 1
44 136 1
44 258 1
164 121 1
7 204 1
133 132 1
133 131 1
261 252 1
45 102 1
41 143 1
41 59 1
41 191 1
48 175 1
48 239 1
48 156 1
48 109 1
48 32 1
159 85 1
158 104 1
158 79 1
158 236 1
57 62 1
118 17 1
209 178 1
209 126 1
209 95 1
215 187 1
215 135 1
215 114 1
215 169 1
215 69 1
68 202 1
182 83 1
171 214 1
4 237 1
4 39 1
4 193 1
4 84 1
4 232 1
4 130 1
4 92 1
4 205 1
4 15 1
146 43 1
146 52 1
146 96 1
116 101 1
116 218 1
116 3 1
116 54 1
116 60 1
116 33 1
116 198 1
64 221 1
154 216 1
154 170 1
154 30 1
154 160 1
154 212 1
