2142 1104 1
2142 1388 1
2142 78 1
2142 2223 1
2142 418 1
2142 1411 1
2142 1428 1
2142 1898 1
560 1035 1
560 916 1
560 1537 1
88 1559 1
88 1534 1
88 999 1
88 743 1
359 1020 1
990 1156 1
1441 112 1
634 1212 1
1184 575 1
1184 2084 1
1184 19 1
1184 495 1
1184 2061 1
1343 764 1
1343 1911 1
1343 267 1
1343 2518 1
1343 1336 1
823 323 1
823 416 1
823 2244 1
1104 468 1
1104 2025 1
1104 2072 1
1104 1587 1
1104 345 1
1187 1364 1
1187 1598 1
856 1453 1
1882 633 1
1882 1501 1
817 936 1
1825 2544 1
1825 1423 1
1825 66 1
864 279 1
864 377 1
864 1917 1
14 2273 1
2528 1855 1
1432 1590 1
1432 1664 1
1432 1831 1
1432 194 1
1432 687 1
1432 493 1
1432 891 1
1432 296 1
1432 1044 1
1432 506 1
1432 169 1
1432 1160 1
1432 1179 1
2402 437 1
1637 1323 1
1637 1918 1
1637 1718 1
1637 2524 1
1637 975 1
1637 65 1
1637 1360 1
1637 1385 1
1637 1342 1
1637 41 1
1637 200 1
1637 2491 1
1611 1439 1
1611 2239 1
1611 1192 1
1611 2410 1
1611 2549 1
1323 2327 1
1323 1202 1
1323 968 1
2207 787 1
2207 992 1
2207 1629 1
1827 692 1
288 719 1
1095 825 1
1095 1847 1
1095 1564 1
1095 499 1
1662 1714 1
906 813 1
906 2096 1
906 369 1
831 601 1
831 306 1
831 1745 1
831 1126 1
831 1576 1
831 778 1
2196 1985 1
2196 1086 1
2196 1506 1
2196 2036 1
2196 1390 1
2196 2507 1
2196 1574 1
2196 683 1
2196 1889 1
2196 92 1
2196 1151 1
2196 2490 1
2196 617 1
2196 407 1
2196 772 1
2196 1284 1
2196 2274 1
2196 152 1
2196 2212 1
2196 2522 1
2196 1430 1
2196 1401 1
2196 464 1
2196 1279 1
2196 1958 1
2196 138 1
2196 2328 1
2196 380 1
2266 2261 1
2266 635 1
2266 547 1
490 929 1
490 1751 1
490 2548 1
490 1707 1
490 2126 1
490 2041 1
490 1262 1
490 1774 1
564 1789 1
564 1797 1
1013 799 1
1013 1543 1
1395 717 1
1395 675 1
1395 1064 1
1395 2009 1
1395 121 1
1395 609 1
1007 2141 1
1007 877 1
1007 55 1
970 1170 1
544 603 1
544 1237 1
544 362 1
1906 670 1
1906 1607 1
474 1992 1
1054 1184 1
1054 1888 1
1054 2348 1
1054 2143 1
1054 43 1
1258 792 1
1258 2485 1
1258 216 1
1258 1296 1
1258 2296 1
1258 1971 1
1258 1238 1
1258 1980 1
1258 226 1
1258 448 1
1414 2155 1
1414 1281 1
1414 1746 1
1414 933 1
1414 2285 1
1709 1968 1
1709 2330 1
1709 2016 1
1709 1272 1
1709 962 1
1709 188 1
1709 1540 1
1709 403 1
1709 1278 1
1709 2525 1
1709 1012 1
1709 2080 1
1709 1618 1
1709 2247 1
1709 390 1
1709 2040 1
1709 357 1
1709 1222 1
110 740 1
110 192 1
110 518 1
110 1560 1
110 904 1
110 126 1
613 1475 1
1251 2151 1
1251 106 1
1251 2251 1
1251 1668 1
1251 27 1
1251 591 1
1251 2475 1
1251 1756 1
1251 2242 1
1251 2192 1
1251 351 1
1251 1195 1
1297 2527 1
1209 1299 1
1209 610 1
1209 441 1
1522 1384 1
1522 1060 1
1522 1125 1
1522 1358 1
1522 2109 1
1522 262 1
1522 1523 1
1522 752 1
1522 1549 1
1522 180 1
1522 2245 1
1522 250 1
1522 135 1
1522 1933 1
1522 1367 1
1522 2387 1
1522 1288 1
1522 2175 1
1522 1717 1
1522 2440 1
1522 523 1
1522 1907 1
1522 1049 1
1522 538 1
1522 2127 1
2011 1498 1
2011 1193 1
2011 759 1
2011 9 1
2011 1510 1
2011 1891 1
2011 2533 1
2011 2299 1
2011 701 1
2011 1959 1
1134 1708 1
1134 1065 1
2180 1241 1
2180 205 1
2180 1755 1
2180 2237 1
2180 1351 1
2180 1671 1
2180 1761 1
2180 765 1
2180 1267 1
2180 1316 1
2180 164 1
2180 1676 1
2180 313 1
2180 1845 1
2180 1203 1
2180 1679 1
2180 1076 1
1521 1530 1
259 597 1
259 327 1
736 405 1
374 1613 1
374 742 1
374 1610 1
374 1541 1
527 663 1
266 856 1
266 1596 1
266 2424 1
266 203 1
266 1096 1
266 1242 1
266 155 1
266 1704 1
266 918 1
266 2504 1
247 2196 1
247 898 1
247 218 1
247 1730 1
247 735 1
247 454 1
247 63 1
247 798 1
247 423 1
247 2248 1
247 2565 1
2388 1653 1
2388 419 1
2388 1005 1
585 959 1
585 573 1
585 2202 1
585 559 1
585 208 1
2438 2465 1
646 2020 1
646 2058 1
2319 901 1
2319 1912 1
2319 2091 1
2319 1477 1
2319 2405 1
2319 859 1
2319 2447 1
2319 2446 1
2319 1712 1
2319 1977 1
2319 1161 1
2319 908 1
2319 100 1
2319 628 1
2319 925 1
648 1259 1
648 2235 1
1058 746 1
1058 1863 1
262 1194 1
2233 1155 1
2233 1990 1
2233 1443 1
2233 7 1
2315 766 1
2315 179 1
2315 2462 1
2315 478 1
2016 1539 1
447 13 1
447 2354 1
447 1252 1
447 2389 1
447 2413 1
447 1253 1
447 979 1
447 2262 1
447 1164 1
1356 2477 1
1356 593 1
954 2188 1
954 1954 1
954 1478 1
954 1597 1
993 2257 1
993 890 1
993 1812 1
993 280 1
993 1790 1
1867 731 1
1867 2557 1
1867 1243 1
1867 2154 1
1867 128 1
792 443 1
2108 2203 1
2108 699 1
2108 2540 1
2108 567 1
2108 368 1
2550 1779 1
1388 17 1
2320 886 1
1546 1664 1
895 2371 1
1979 51 1
1979 1092 1
1979 1287 1
1979 277 1
2324 1038 1
2324 553 1
2324 497 1
2324 1090 1
2324 2184 1
2324 2176 1
1813 80 1
1813 2057 1
1813 600 1
1813 318 1
1813 1218 1
1813 1300 1
1813 903 1
1813 511 1
1813 2452 1
1813 1570 1
1813 2197 1
1813 2123 1
1813 1108 1
1813 1146 1
1813 505 1
1813 1091 1
1813 70 1
1813 1839 1
1813 748 1
1813 2120 1
1828 2434 1
1828 282 1
1828 1904 1
1828 2042 1
1828 626 1
1828 177 1
1828 1285 1
1828 605 1
1828 1394 1
1828 1781 1
1828 1256 1
1828 159 1
1353 1433 1
1353 1924 1
1353 140 1
1444 1942 1
735 1001 1
358 1881 1
358 2106 1
358 658 1
358 1177 1
358 637 1
358 911 1
358 1916 1
358 899 1
2454 530 1
2454 2471 1
2454 1733 1
2454 762 1
2203 217 1
1122 2400 1
1122 1837 1
1122 440 1
1122 1313 1
986 276 1
986 1878 1
986 1516 1
986 460 1
78 1056 1
355 1271 1
355 949 1
355 1105 1
1961 1157 1
1078 1333 1
1078 997 1
1078 329 1
1078 789 1
1844 298 1
1844 781 1
1844 1940 1
1844 2231 1
1497 1952 1
1497 1991 1
1497 2541 1
1695 1436 1
1275 2187 1
1275 480 1
1275 1171 1
147 1484 1
147 2185 1
147 2225 1
1925 1239 1
1925 1533 1
1925 1836 1
1925 927 1
2455 1814 1
2455 2554 1
2219 1330 1
2219 1743 1
662 183 1
662 1512 1
662 56 1
1524 103 1
1524 236 1
1524 2501 1
1524 2292 1
1524 1665 1
1524 404 1
1524 1553 1
1524 1410 1
1524 1032 1
1524 2417 1
1639 2034 1
212 1923 1
212 1082 1
48 488 1
48 303 1
48 669 1
48 1248 1
48 2284 1
48 2254 1
396 1654 1
532 2289 1
532 926 1
2427 2191 1
2427 1849 1
2427 1857 1
2427 1948 1
2427 1757 1
2427 971 1
2427 1760 1
2427 1196 1
2427 1290 1
2427 1719 1
2136 104 1
2136 1524 1
2136 945 1
2136 1500 1
2136 1180 1
2136 67 1
2136 1685 1
2136 2534 1
1718 54 1
1718 1185 1
1718 953 1
1718 972 1
1718 1771 1
1226 2470 1
1226 894 1
1226 338 1
1226 24 1
1226 1550 1
1226 922 1
1226 507 1
1226 2294 1
1588 1666 1
504 417 1
252 1906 1
252 1967 1
252 421 1
252 1807 1
252 1400 1
252 590 1
252 11 1
252 829 1
252 1312 1
252 1880 1
252 1130 1
1433 1554 1
58 1647 1
1683 2295 1
1683 727 1
1683 414 1
1683 1525 1
1683 153 1
1683 2361 1
1683 2563 1
1683 1625 1
1683 148 1
513 1463 1
978 1538 1
978 792 1
978 1396 1
978 1240 1
978 494 1
978 2457 1
994 1324 1
994 172 1
2359 2112 1
2359 1051 1
2359 2488 1
2359 1018 1
2359 185 1
2359 2102 1
2365 212 1
2365 1334 1
2365 2156 1
720 1815 1
720 827 1
720 243 1
1737 1246 1
2107 360 1
2107 452 1
2107 2445 1
2107 1544 1
2107 1480 1
2107 257 1
989 1462 1
1946 143 1
1946 1520 1
1946 197 1
1048 2165 1
1048 1819 1
1048 219 1
1048 1489 1
1048 1482 1
1048 1133 1
1048 928 1
1048 15 1
779 745 1
779 1569 1
1739 330 1
1619 1883 1
1183 2214 1
943 2439 1
943 432 1
943 2556 1
943 867 1
943 1305 1
943 420 1
397 1214 1
397 1798 1
397 830 1
397 2373 1
397 808 1
397 439 1
397 2278 1
837 1220 1
837 22 1
837 2046 1
837 301 1
837 1853 1
837 59 1
837 1640 1
837 2379 1
837 1984 1
2505 954 1
2505 932 1
2505 2003 1
2505 1207 1
2505 841 1
2505 2350 1
2505 2168 1
85 1492 1
85 1769 1
85 1190 1
85 1736 1
1856 198 1
659 2298 1
659 2344 1
139 2343 1
193 2043 1
193 691 1
960 2093 1
960 786 1
960 1611 1
960 1715 1
960 272 1
960 503 1
960 1834 1
960 83 1
960 522 1
960 2204 1
960 546 1
960 2406 1
2141 1234 1
2141 365 1
2141 682 1
322 170 1
790 1273 1
790 71 1
316 1188 1
442 1868 1
442 1599 1
2133 1075 1
2133 2357 1
2133 137 1
272 1221 1
272 221 1
272 660 1
272 897 1
272 1159 1
272 930 1
272 754 1
272 475 1
272 73 1
272 716 1
272 20 1
122 2478 1
1929 1792 1
1376 352 1
1376 750 1
1376 662 1
1376 994 1
1376 124 1
1376 664 1
1376 2089 1
1376 1282 1
1376 105 1
1376 1593 1
1511 339 1
1511 1245 1
1182 677 1
1182 268 1
818 1111 1
773 1268 1
773 983 1
773 1627 1
773 1561 1
2236 1429 1
2236 1558 1
2236 2147 1
2236 1349 1
1074 710 1
2029 2392 1
2029 515 1
1859 228 1
657 676 1
657 1909 1
2243 2545 1
2243 127 1
2243 1908 1
2243 2450 1
2243 1403 1
2243 1315 1
2243 739 1
2243 1995 1
123 2193 1
721 209 1
1668 425 1
1668 1470 1
1557 2026 1
1557 2562 1
1557 2419 1
432 724 1
432 2174 1
641 1915 1
774 1649 1
422 2353 1
1502 87 1
1502 1235 1
2536 1622 1
2536 1646 1
1218 1653 1
1218 1586 1
2055 255 1
2055 2066 1
2055 1770 1
2201 828 1
2201 2160 1
1476 1850 1
1476 2449 1
1476 2131 1
1476 1926 1
2383 576 1
2383 858 1
1062 1000 1
1062 145 1
1062 1677 1
1062 1047 1
1062 2502 1
1062 2469 1
1062 2135 1
1062 875 1
1062 1434 1
1062 2368 1
1062 2456 1
1062 133 1
1062 2480 1
1062 2229 1
1062 2144 1
1062 1113 1
1062 984 1
1062 2032 1
1062 934 1
1062 771 1
1062 1152 1
1062 2517 1
686 2012 1
686 18 1
686 2486 1
686 885 1
1147 117 1
1147 289 1
1147 2013 1
2395 2463 1
1681 89 1
2169 910 1
2169 611 1
2169 147 1
2169 227 1
2169 1678 1
2169 1101 1
2169 1270 1
2169 1753 1
2169 2166 1
2169 1896 1
271 955 1
2431 330 1
1345 146 1
1345 2163 1
1345 6 1
1345 520 1
1109 1465 1
1761 561 1
1761 466 1
1761 1997 1
1486 2399 1
393 2178 1
393 1232 1
393 2345 1
393 167 1
393 1612 1
393 2094 1
393 2375 1
1682 1975 1
1682 1875 1
1682 2435 1
1682 2453 1
514 963 1
514 1626 1
514 1371 1
514 616 1
1 1563 1
1 2220 1
1300 1735 1
1300 2063 1
1300 2031 1
1300 937 1
1300 2240 1
1698 1446 1
1698 361 1
1698 1634 1
1698 21 1
1698 2067 1
1698 2412 1
1698 2079 1
1698 542 1
1698 1397 1
1698 1659 1
1698 1614 1
1698 1107 1
1698 1630 1
2114 1989 1
1548 1994 1
142 702 1
142 1099 1
347 265 1
347 540 1
347 2443 1
347 950 1
347 679 1
347 2559 1
1900 1669 1
275 1664 1
157 1624 1
1594 321 1
1594 656 1
1594 1073 1
1594 1319 1
1594 1274 1
2257 1941 1
2257 2271 1
2257 2515 1
2257 2256 1
2257 2483 1
203 1027 1
203 1692 1
1848 2468 1
1848 571 1
884 965 1
201 207 1
201 2481 1
1175 753 1
1788 1052 1
364 2117 1
364 1110 1
2496 230 1
620 823 1
620 1135 1
620 1901 1
620 986 1
620 252 1
620 588 1
620 315 1
620 2553 1
620 1775 1
620 2279 1
620 1796 1
620 1897 1
620 2293 1
620 392 1
2450 311 1
1317 462 1
1705 1921 1
537 954 1
537 1502 1
537 1009 1
537 116 1
537 2448 1
537 2167 1
537 1072 1
101 552 1
1936 1328 1
1936 1588 1
1936 2201 1
1936 2 1
1936 428 1
2566 57 1
2566 382 1
2566 1045 1
2566 2267 1
144 1976 1
402 486 1
1799 651 1
1400 655 1
961 2378 1
1186 1877 1
2529 1594 1
2529 321 1
2529 1166 1
2529 1405 1
2529 481 1
2529 512 1
2038 2260 1
2038 482 1
623 1555 1
623 779 1
623 424 1
623 1460 1
623 541 1
623 1215 1
623 2337 1
623 643 1
623 2051 1
623 2265 1
1121 1095 1
1121 1951 1
1121 756 1
1121 283 1
1121 1633 1
1121 1011 1
1036 2005 1
1036 1409 1
1036 2209 1
2503 120 1
2503 1835 1
2503 967 1
2503 1966 1
2503 2467 1
2503 1337 1
2503 2323 1
2503 1224 1
2503 2234 1
2503 2264 1
2309 1069 1
932 2308 1
315 712 1
315 1079 1
315 1116 1
315 2035 1
315 1741 1
2465 1276 1
2465 168 1
2465 2134 1
694 604 1
1344 2241 1
1344 1851 1
1344 801 1
1344 242 1
1344 1440 1
1344 1636 1
1344 244 1
1344 1742 1
1344 565 1
1344 2037 1
1322 625 1
1322 1289 1
1322 1953 1
602 1341 1
602 2099 1
553 1028 1
636 75 1
636 1382 1
636 1686 1
636 1431 1
636 1402 1
636 2425 1
890 1230 1
890 2128 1
890 618 1
427 195 1
427 667 1
2511 1754 1
888 1947 1
2199 1778 1
1017 1321 1
526 1973 1
526 2313 1
526 1031 1
526 2081 1
526 1750 1
526 1786 1
526 2508 1
569 1551 1
497 1656 1
497 2176 1
497 627 1
1793 768 1
1793 525 1
1793 52 1
1793 1197 1
1793 1420 1
2526 1667 1
2157 2409 1
2157 2532 1
2157 2539 1
1534 1131 1
1158 1002 1
1158 1894 1
1043 1507 1
1043 335 1
1043 678 1
1043 1852 1
1043 1642 1
1043 449 1
1043 2095 1
1043 509 1
1043 1425 1
2139 1565 1
2139 870 1
2139 1200 1
2139 1456 1
2139 1370 1
2139 1899 1
2139 174 1
2139 1304 1
2139 2217 1
2139 2416 1
2139 1672 1
2139 1763 1
2380 896 1
2380 1511 1
2380 74 1
2380 1650 1
2380 1930 1
1820 1325 1
1820 2124 1
1820 2494 1
1820 2497 1
1820 1616 1
1820 1931 1
1820 1153 1
1820 332 1
1820 1871 1
1820 1029 1
1820 2393 1
1820 1117 1
1820 1962 1
1820 2152 1
2314 269 1
2314 595 1
2314 889 1
2314 1098 1
2314 2164 1
2314 97 1
2314 1144 1
2147 909 1
69 1766 1
69 2148 1
69 1372 1
69 948 1
69 1037 1
69 2059 1
2030 519 1
2030 2286 1
2030 2355 1
2030 458 1
1528 2097 1
1528 186 1
1528 2027 1
1528 1119 1
1528 1132 1
1528 1346 1
1528 275 1
1528 1173 1
1528 309 1
1528 1473 1
1528 2138 1
1528 300 1
1528 1389 1
1528 305 1
1528 1727 1
737 980 1
461 1189 1
190 2001 1
190 721 1
190 1509 1
190 832 1
156 398 1
1296 1437 1
1296 793 1
1296 270 1
1296 248 1
1296 868 1
1296 1773 1
1296 2423 1
1296 924 1
840 245 1
840 1093 1
840 1739 1
840 957 1
840 2303 1
840 819 1
840 942 1
840 136 1
370 1208 1
1794 788 1
1562 688 1
1562 68 1
1562 2200 1
2146 763 1
1294 853 1
966 1269 1
690 44 1
690 791 1
690 729 1
690 2513 1
690 1201 1
690 1879 1
756 805 1
756 2145 1
756 64 1
756 1503 1
756 1379 1
1764 1765 1
1583 1006 1
541 665 1
541 1983 1
541 873 1
541 1329 1
2312 1938 1
2312 479 1
2312 28 1
2312 1848 1
2312 848 1
2312 1803 1
2312 46 1
2312 113 1
2312 1084 1
1740 107 1
1740 2506 1
1740 2516 1
1740 2198 1
1740 1595 1
1740 1782 1
1740 2338 1
1740 111 1
1740 2339 1
2177 964 1
2177 1637 1
2177 2388 1
2177 1813 1
2177 1682 1
2177 142 1
2177 187 1
2177 1199 1
2177 855 1
2177 1800 1
2177 1383 1
2177 2542 1
2177 1876 1
2177 1776 1
2177 685 1
2177 939 1
1314 822 1
1816 878 1
1816 2492 1
1816 2342 1
1816 109 1
1816 2090 1
1821 2311 1
517 1939 1
517 2122 1
517 278 1
2556 1067 1
2556 1380 1
2556 1163 1
2172 1326 1
2172 1340 1
2116 586 1
2116 1021 1
2116 820 1
2116 163 1
2116 1083 1
1338 206 1
1338 545 1
1338 158 1
1338 534 1
1338 2194 1
1338 301 1
1338 653 1
1338 1014 1
1338 223 1
1338 1884 1
1338 1945 1
1338 406 1
1338 1004 1
1338 2021 1
1338 196 1
2044 2543 1
2044 1542 1
2044 608 1
2044 673 1
2044 1687 1
2044 1493 1
2044 501 1
2044 2287 1
2044 2360 1
2044 2162 1
2044 2398 1
2044 2053 1
2044 1887 1
2044 749 1
2044 1582 1
2044 2441 1
2044 1910 1
975 2333 1
975 1780 1
666 1059 1
666 906 1
666 2226 1
2351 919 1
2351 2069 1
1657 615 1
1657 2221 1
1657 1034 1
531 1365 1
1729 408 1
1729 2015 1
1729 987 1
1729 2519 1
1729 612 1
1693 560 1
1693 864 1
1693 2538 1
1693 75 1
1693 1088 1
1693 342 1
1693 2366 1
1693 1838 1
1693 199 1
1693 1487 1
1693 2246 1
1693 1937 1
1693 2268 1
1387 1631 1
1387 182 1
1540 582 1
1540 1641 1
1540 2310 1
1540 328 1
1540 1362 1
1540 583 1
1540 956 1
1540 2547 1
2452 465 1
2452 385 1
2452 2118 1
2452 1950 1
2452 1139 1
2452 587 1
2452 614 1
2452 874 1
2452 577 1
1213 1249 1
1213 2418 1
1213 1900 1
1213 598 1
1213 1693 1
1213 2301 1
53 256 1
333 871 1
2345 1140 1
2345 1318 1
2345 2161 1
2060 1391 1
1415 1566 1
1415 952 1
1415 521 1
639 224 1
1535 150 1
451 246 1
1749 1895 1
1749 1191 1
1749 1289 1
1749 562 1
2232 371 1
2232 2479 1
2232 1949 1
2232 689 1
2232 151 1
2232 1768 1
2232 982 1
2232 373 1
2232 826 1
2232 231 1
344 1363 1
572 1988 1
572 556 1
572 1366 1
572 1589 1
572 1120 1
1468 384 1
1553 1417 1
353 1039 1
353 1581 1
353 413 1
353 1697 1
353 1648 1
353 741 1
353 714 1
353 1015 1
353 728 1
353 1817 1
353 93 1
353 2331 1
1161 1623 1
1161 1225 1
1161 2307 1
1775 82 1
1854 622 1
1854 397 1
1854 2149 1
1854 29 1
1242 1960 1
2184 644 1
2184 2073 1
907 686 1
907 1089 1
907 2520 1
907 101 1
907 1528 1
907 1407 1
907 2105 1
907 1128 1
1178 160 1
1178 1762 1
1178 2045 1
2384 807 1
2384 693 1
714 551 1
1369 446 1
1605 2064 1
1605 1415 1
1605 862 1
1605 1531 1
772 40 1
772 1956 1
855 1702 1
855 996 1
855 652 1
855 476 1
855 1333 1
855 2018 1
1717 852 1
1717 847 1
1717 697 1
1717 241 1
1731 995 1
1731 2537 1
851 931 1
851 892 1
851 42 1
1332 1506 1
1332 1421 1
1332 1240 1
2052 1404 1
726 1584 1
1913 1176 1
1913 2340 1
1913 657 1
1913 866 1
1913 2421 1
1913 427 1
1913 1123 1
1913 445 1
846 1955 1
849 77 1
849 815 1
849 1474 1
951 2203 1
340 1919 1
340 1873 1
340 76 1
1579 680 1
1579 61 1
1579 2226 1
1579 1495 1
1579 1578 1
1579 935 1
1628 308 1
1628 1103 1
1057 1392 1
1057 854 1
1057 1696 1
1057 902 1
1057 2555 1
1057 1244 1
1057 744 1
1057 47 1
1057 776 1
1057 2283 1
1057 2227 1
496 2062 1
496 2318 1
496 2100 1
496 2341 1
496 2403 1
496 1740 1
496 2269 1
548 161 1
1372 191 1
2047 2038 1
2047 844 1
2047 2205 1
2047 264 1
1620 1112 1
1620 1628 1
1620 650 1
1620 1996 1
1262 1377 1
1262 2211 1
2149 249 1
1560 2158 1
338 235 1
387 485 1
650 310 1
650 144 1
650 1841 1
650 860 1
650 1830 1
650 2415 1
1273 1713 1
2461 1726 1
2461 1068 1
2461 2132 1
2461 1260 1
2461 81 1
2461 2500 1
2461 433 1
2461 1490 1
2461 411 1
2461 2336 1
2461 2396 1
463 1298 1
463 1758 1
1531 31 1
1785 429 1
1785 570 1
1785 322 1
1785 129 1
1785 1568 1
1785 1787 1
1785 1168 1
1785 381 1
1808 1102 1
1808 1228 1
1808 1148 1
1808 713 1
1808 32 1
409 1261 1
1407 1199 1
1407 1644 1
1207 1643 1
1424 2493 1
1424 812 1
1424 379 1
1424 2332 1
2540 1943 1
2540 2076 1
2080 718 1
152 736 1
152 263 1
152 492 1
152 1993 1
152 1981 1
152 1263 1
2197 2049 1
2197 431 1
2197 839 1
2197 976 1
2197 1162 1
2197 2186 1
2197 1872 1
2197 1019 1
2197 558 1
708 630 1
802 946 1
2290 2213 1
2290 1025 1
2290 508 1
2290 60 1
2290 2459 1
2290 1247 1
2290 95 1
2121 1432 1
2121 1236 1
2121 316 1
2121 1022 1
2121 2272 1
2121 2326 1
2121 275 1
2121 354 1
2121 2210 1
2121 233 1
2121 375 1
2121 2364 1
2121 2153 1
2121 1846 1
2121 1266 1
2121 1777 1
2121 1734 1
2221 2385 1
1804 1922 1
1804 621 1
1804 2322 1
1804 229 1
1804 350 1
1804 1858 1
1804 2321 1
1804 958 1
1804 1703 1
1804 1680 1
1217 1882 1
1217 2277 1
1217 2136 1
1217 442 1
1217 2281 1
1217 526 1
1217 1562 1
1217 184 1
1217 1359 1
1217 1442 1
1217 50 1
1217 654 1
1217 516 1
1034 1100 1
1373 1023 1
1373 988 1
1373 824 1
1505 1308 1
1505 364 1
312 2048 1
1219 2088 1
1219 632 1
1219 1632 1
1219 923 1
1219 1227 1
1219 1339 1
1219 2372 1
2110 130 1
118 581 1
2159 557 1
2159 1320 1
1663 747 1
1663 2206 1
1257 2282 1
1257 1399 1
1257 2182 1
1257 1903 1
1257 470 1
1257 1154 1
1257 2170 1
1257 969 1
1257 1435 1
1257 317 1
1257 1350 1
1257 642 1
1257 1987 1
1257 394 1
944 880 1
944 887 1
944 2460 1
944 1352 1
944 1864 1
944 1529 1
944 2098 1
944 599 1
1449 455 1
524 1840 1
524 2300 1
524 2382 1
524 2019 1
524 1419 1
578 2033 1
578 2514 1
578 1699 1
578 2566 1
578 39 1
578 2140 1
578 1291 1
578 274 1
578 467 1
324 2053 1
65 1204 1
65 640 1
65 594 1
336 1604 1
336 1143 1
336 2024 1
336 134 1
336 1210 1
336 356 1
336 2218 1
336 2004 1
1094 303 1
1094 131 1
1094 1721 1
1094 487 1
1094 1638 1
1094 2284 1
1016 2010 1
1016 37 1
1016 1710 1
2362 1137 1
1836 2411 1
1836 1932 1
1836 794 1
1836 1286 1
1836 1118 1
2216 489 1
2216 1517 1
1162 2371 1
1355 1979 1
1355 2324 1
1355 943 1
1355 528 1
1355 836 1
535 2530 1
1238 2390 1
1238 1077 1
1238 722 1
1238 1518 1
1238 215 1
1238 1724 1
2123 544 1
2123 1464 1
2123 1444 1
2123 261 1
2123 1048 1
2123 33 1
2123 1603 1
2123 362 1
2123 1 1
2123 1886 1
2123 883 1
2123 690 1
2123 45 1
2123 79 1
2123 1701 1
2123 173 1
2123 589 1
2123 1466 1
2123 814 1
725 1206 1
725 307 1
725 796 1
378 49 1
1442 668 1
1442 2422 1
2288 3 1
2546 1519 1
2546 1982 1
2546 2150 1
1413 4 1
173 1181 1
173 579 1
155 1491 1
155 1829 1
155 811 1
96 2451 1
96 389 1
96 1818 1
96 795 1
96 2007 1
96 1301 1
589 549 1
589 2476 1
2076 367 1
2076 751 1
2076 1759 1
2076 876 1
2076 132 1
502 304 1
1165 2346 1
1568 1061 1
1568 2179 1
1026 738 1
1026 2495 1
1026 1810 1
346 915 1
346 1783 1
1435 1843 1
1435 2551 1
1435 1893 1
2464 1277 1
2464 1173 1
567 2487 1
567 2386 1
567 434 1
567 1905 1
567 563 1
567 1974 1
567 725 1
567 1106 1
567 2394 1
567 1081 1
1467 1127 1
1467 325 1
809 2564 1
809 2426 1
809 10 1
1499 510 1
1806 2363 1
2335 1275 1
2335 1683 1
2335 1422 1
25 2276 1
25 981 1
25 2301 1
294 438 1
294 704 1
294 2349 1
294 286 1
1744 2222 1
2394 288 1
2394 1013 1
2394 554 1
2394 35 1
459 1331 1
459 2068 1
363 1080 1
1885 284 1
1885 299 1
1885 760 1
2466 1134 1
2466 247 1
2466 2169 1
2466 1620 1
2466 1785 1
2466 2173 1
1914 2558 1
1914 2370 1
1914 2510 1
1063 788 1
1280 2228 1
1280 291 1
1280 1451 1
1706 767 1
1706 2511 1
1706 882 1
372 453 1
372 1811 1
372 2473 1
372 1448 1
372 1688 1
372 1024 1
1869 850 1
2119 456 1
2119 1471 1
2119 1861 1
2119 1833 1
2404 2056 1
2404 881 1
2404 2374 1
2404 2181 1
2404 2429 1
705 2092 1
2160 1231 1
917 2302 1
917 1087 1
917 2436 1
917 444 1
917 102 1
917 2077 1
1520 2104 1
1520 1767 1
1520 1142 1
1520 1055 1
1520 232 1
1520 941 1
1520 2017 1
1520 16 1
1520 1223 1
1520 2430 1
1520 938 1
1520 1655 1
1360 1860 1
2559 758 1
287 88 1
287 490 1
2285 2275 1
2040 331 1
2040 1935 1
2040 125 1
2040 2250 1
2040 84 1
2138 1343 1
2138 1303 1
2138 1461 1
2138 2305 1
2138 1311 1
2138 770 1
2138 1670 1
2138 1066 1
2138 7 1
1097 383 1
1097 2103 1
2499 2521 1
2499 1791 1
2499 2270 1
2499 1998 1
2051 2484 1
2051 251 1
2051 1327 1
2051 98 1
2051 1802 1
36 1458 1
1513 1615 1
1513 1874 1
2173 1547 1
2173 1347 1
2173 271 1
2173 1689 1
2173 451 1
2173 1854 1
2173 1928 1
2173 912 1
2054 1892 1
1614 2381 1
1614 498 1
1614 649 1
1614 1354 1
481 2391 1
918 1003 1
918 1292 1
918 211 1
918 2078 1
918 1805 1
918 1145 1
918 1040 1
918 1557 1
918 422 1
918 1250 1
918 281 1
918 872 1
918 1723 1
918 681 1
918 2116 1
918 2014 1
918 334 1
1625 1229 1
1625 2224 1
1625 800 1
1625 2190 1
5 2101 1
2000 225 1
2000 2560 1
1357 1050 1
1357 1302 1
1357 1795 1
1422 2163 1
1422 1255 1
1422 2253 1
1422 1158 1
1422 2329 1
1422 1747 1
1422 1748 1
1422 865 1
2087 1867 1
2087 2314 1
2087 108 1
2087 2083 1
1691 1007 1
1691 1381 1
1691 469 1
1691 1895 1
1691 920 1
1691 709 1
1691 562 1
1030 412 1
2129 1167 1
2129 1046 1
2129 1445 1
2129 1536 1
697 343 1
838 566 1
1008 2376 1
1008 285 1
1809 2130 1
1621 977 1
1996 696 1
2028 723 1
2028 647 1
2028 1408 1
2028 1920 1
2028 2523 1
2028 204 1
2028 2316 1
1944 2420 1
239 1454 1
428 1575 1
1532 237 1
1532 1902 1
1532 1479 1
1532 1658 1
1532 72 1
1532 149 1
1532 393 1
1532 913 1
1532 2114 1
1532 1729 1
1532 391 1
1532 2171 1
1532 1970 1
1532 372 1
1532 1233 1
1532 2437 1
1532 297 1
1532 698 1
1716 536 1
2082 1198 1
2082 769 1
836 1216 1
836 631 1
836 426 1
836 532 1
836 1725 1
836 253 1
836 463 1
836 436 1
836 346 1
836 1309 1
836 777 1
836 2129 1
836 533 1
836 1124 1
836 1567 1
836 1617 1
577 385 1
577 2369 1
577 1738 1
577 2071 1
577 1398 1
2192 1772 1
2291 1675 1
2291 580 1
2291 775 1
2291 162 1
2291 2304 1
2291 921 1
1980 1149 1
1980 797 1
1980 1114 1
1980 1406 1
1980 700 1
1980 90 1
505 707 1
505 1264 1
505 1545 1
505 1635 1
505 1374 1
462 500 1
181 1978 1
845 783 1
845 973 1
1254 1455 1
1254 2297 1
1254 12 1
1254 36 1
1254 1295 1
1342 1514 1
1342 471 1
1342 2347 1
1342 2195 1
1342 337 1
1485 1720 1
1485 2249 1
1485 1515 1
1485 900 1
1485 1452 1
1485 1591 1
1485 985 1
2113 94 1
2113 2137 1
804 672 1
50 2536 1
50 1121 1
50 1141 1
50 2280 1
50 1869 1
50 1205 1
50 947 1
1965 543 1
606 1580 1
606 592 1
606 784 1
606 1571 1
606 1071 1
606 1211 1
606 1694 1
606 2325 1
606 2074 1
1168 2472 1
1168 1375 1
1168 696 1
1168 1934 1
1168 2000 1
1168 2444 1
1544 1457 1
1544 314 1
645 1674 1
645 1459 1
645 2189 1
520 2552 1
981 842 1
981 1728 1
981 1573 1
981 295 1
981 2458 1
981 1030 1
654 175 1
654 115 1
654 1483 1
654 2086 1
654 846 1
445 1169 1
445 1577 1
684 1136 1
684 730 1
684 803 1
684 119 1
684 2531 1
483 348 1
483 1412 1
483 1842 1
1004 401 1
2317 273 1
2317 302 1
2317 818 1
2317 157 1
2317 869 1
2317 2482 1
2504 1645 1
2504 585 1
2504 2315 1
2504 176 1
2504 1961 1
2504 254 1
2504 472 1
2504 1673 1
2504 260 1
2504 2496 1
2504 893 1
2504 1657 1
2504 1601 1
2504 1041 1
2504 2258 1
2504 1885 1
2504 1115 1
2504 1138 1
2504 220 1
2504 755 1
2504 1999 1
2504 711 1
2504 2442 1
2504 596 1
998 2367 1
998 2535 1
998 2334 1
998 240 1
998 2252 1
671 1870 1
619 863 1
619 1447 1
619 638 1
619 1348 1
619 2215 1
562 625 1
562 1953 1
562 816 1
695 1070 1
1822 400 1
1822 141 1
1822 165 1
1494 960 1
1195 706 1
629 1784 1
70 1307 1
70 2002 1
70 894 1
70 1527 1
70 2263 1
70 1310 1
70 1592 1
2422 674 1
2422 1963 1
467 990 1
467 2561 1
467 1496 1
467 258 1
685 2065 1
685 715 1
685 2356 1
238 477 1
238 1609 1
238 648 1
238 2259 1
238 2208 1
238 574 1
238 974 1
238 2433 1
238 202 1
238 1378 1
226 940 1
226 539 1
226 780 1
226 1969 1
226 178 1
226 461 1
226 861 1
226 324 1
226 1469 1
226 292 1
166 2133 1
166 607 1
1790 1283 1
1790 1972 1
1790 1386 1
1790 1964 1
1790 1265 1
925 473 1
448 234 1
2006 634 1
2006 1418 1
2006 2407 1
2006 154 1
698 2183 1
593 988 1
593 2070 1
814 883 1
814 79 1
814 1368 1
814 2408 1
2331 86 1
2331 1652 1
2331 733 1
2331 2125 1
2331 2075 1
2331 1129 1
2331 410 1
2331 2050 1
2331 1393 1
2331 1690 1
1081 1732 1
1081 326 1
1081 409 1
1081 1824 1
1124 1890 1
1124 2115 1
1124 1866 1
1124 695 1
1124 1010 1
210 376 1
210 358 1
210 1859 1
210 1684 1
210 91 1
210 843 1
210 1481 1
210 1832 1
210 387 1
210 1042 1
210 2238 1
210 484 1
210 624 1
1927 1556 1
1927 806 1
1927 1053 1
1927 2474 1
126 491 1
126 1427 1
126 1608 1
126 2432 1
126 1335 1
314 833 1
314 2509 1
314 1606 1
2267 1711 1
2267 319 1
457 2377 1
114 62 1
114 757 1
114 1450 1
114 879 1
114 550 1
114 213 1
114 2358 1
114 1552 1
114 2352 1
114 293 1
2265 703 1
2265 835 1
2265 1426 1
2265 1306 1
2265 23 1
1600 214 1
1600 1504 1
1600 1752 1
1600 1186 1
2489 1172 1
2489 1602 1
2489 450 1
2489 34 1
2489 8 1
2489 1174 1
2489 1526 1
2401 2022 1
2401 978 1
2401 810 1
2401 2111 1
2401 661 1
2401 2498 1
2401 1957 1
2401 1801 1
1361 1373 1
1361 1438 1
1572 388 1
1567 1508 1
1567 1986 1
1567 189 1
1567 1488 1
1567 533 1
2491 2039 1
2491 139 1
2491 123 1
2491 1476 1
2491 415 1
2491 446 1
2491 732 1
2491 529 1
2491 1178 1
2491 1369 1
2491 1826 1
2491 535 1
2491 1927 1
1150 1929 1
1150 26 1
1150 171 1
1150 366 1
1150 99 1
1150 1722 1
1150 1621 1
1033 386 1
1033 1585 1
1033 734 1
1033 2414 1
1033 785 1
1033 1651 1
1033 834 1
1033 2255 1
1265 38 1
1144 430 1
1144 435 1
516 2306 1
516 1865 1
516 290 1
516 399 1
516 761 1
516 2023 1
516 222 1
1661 110 1
1661 2091 1
1661 1477 1
1661 2405 1
1661 1823 1
1661 1712 1
1661 2146 1
1661 821 1
1661 905 1
1472 914 1
1472 6 1
939 1660 1
939 2397 1
555 1280 1
2166 30 1
2166 2008 1
2166 2384 1
392 2428 1
392 395 1
392 1862 1
392 584 1
568 991 1
568 857 1
341 782 1
341 340 1
341 2512 1
341 320 1
341 555 1
277 2085 1
277 1700 1
277 2230 1
1416 1085 1
2120 349 1
2120 1293 1
