1013 1385 1
1013 329 1
1013 1326 1
1013 565 1
440 1426 1
440 294 1
440 1417 1
517 1342 1
517 1094 1
517 1433 1
945 993 1
945 845 1
45 168 1
316 858 1
316 1550 1
316 57 1
316 1036 1
316 1234 1
316 210 1
316 1387 1
316 590 1
11 1327 1
1397 242 1
1264 1136 1
1264 48 1
1604 1413 1
266 378 1
266 217 1
258 986 1
258 788 1
258 577 1
258 1379 1
258 411 1
258 602 1
258 633 1
698 1146 1
330 965 1
330 373 1
330 1047 1
330 297 1
330 1499 1
4 1107 1
4 1460 1
4 746 1
4 1412 1
4 1256 1
165 1179 1
165 428 1
165 641 1
165 1279 1
1289 1325 1
1289 1035 1
1289 479 1
1289 187 1
1289 860 1
1289 765 1
1289 670 1
1289 1077 1
1289 1437 1
724 841 1
281 429 1
281 872 1
281 1252 1
281 600 1
281 994 1
281 1029 1
211 1260 1
211 928 1
211 1148 1
211 585 1
903 637 1
736 475 1
736 660 1
736 1510 1
1009 817 1
733 279 1
733 760 1
1052 322 1
1052 183 1
1052 153 1
1052 1560 1
1052 1147 1
1052 1533 1
1052 1486 1
159 1061 1
159 1380 1
159 102 1
408 917 1
408 790 1
408 1263 1
408 1408 1
408 332 1
408 1286 1
625 79 1
1445 500 1
390 515 1
390 1522 1
390 452 1
390 598 1
390 486 1
361 809 1
640 702 1
640 677 1
640 191 1
757 351 1
757 1204 1
676 932 1
676 513 1
1489 1244 1
1489 467 1
1489 849 1
1489 784 1
1489 514 1
702 404 1
702 1451 1
702 652 1
1363 1099 1
1120 851 1
1120 646 1
1120 700 1
1120 1401 1
1082 1289 1
1082 516 1
1082 123 1
1082 1495 1
1082 750 1
334 365 1
334 1236 1
334 1577 1
1511 692 1
1511 618 1
1045 1033 1
1045 1105 1
1045 767 1
1045 576 1
1045 1134 1
1205 243 1
1573 1520 1
939 1446 1
939 86 1
939 720 1
939 420 1
939 1223 1
939 55 1
939 1235 1
1024 1518 1
1024 1575 1
1024 1060 1
1024 694 1
707 1300 1
835 924 1
835 712 1
835 1335 1
835 574 1
835 1455 1
835 1051 1
835 1049 1
835 100 1
835 320 1
835 288 1
835 73 1
835 912 1
119 717 1
119 1206 1
119 794 1
119 352 1
119 23 1
119 573 1
119 1493 1
119 1008 1
119 1247 1
119 1525 1
119 1475 1
119 394 1
816 258 1
816 1333 1
816 328 1
816 1163 1
816 1592 1
816 231 1
816 1005 1
816 1542 1
816 889 1
816 1021 1
816 125 1
1026 1440 1
1026 869 1
1026 493 1
1026 343 1
1026 1532 1
1026 1374 1
1026 1199 1
1026 136 1
1026 226 1
233 1226 1
233 1272 1
233 824 1
233 701 1
233 1138 1
233 132 1
233 198 1
233 1228 1
295 626 1
295 1487 1
295 831 1
161 1203 1
161 721 1
1441 71 1
1441 1605 1
1441 447 1
1441 1449 1
1441 134 1
1441 1010 1
1441 693 1
1441 1088 1
1441 870 1
1441 1240 1
1441 542 1
1441 415 1
397 807 1
1426 400 1
930 774 1
930 834 1
930 1407 1
930 200 1
930 1501 1
930 1153 1
930 52 1
930 94 1
672 1473 1
672 1531 1
672 799 1
672 289 1
672 1341 1
672 1398 1
672 727 1
1557 1596 1
1557 818 1
1557 960 1
1557 792 1
1557 18 1
992 234 1
992 908 1
163 483 1
163 998 1
163 1230 1
163 1245 1
163 657 1
163 1337 1
1125 987 1
1329 797 1
239 1095 1
239 1352 1
239 1409 1
239 1476 1
239 850 1
239 650 1
239 58 1
419 776 1
419 165 1
419 832 1
419 943 1
419 310 1
419 607 1
419 663 1
419 2 1
419 1420 1
419 363 1
419 1139 1
419 747 1
419 309 1
419 1369 1
1481 387 1
1481 209 1
1481 1316 1
1481 587 1
65 680 1
65 840 1
65 898 1
65 675 1
65 936 1
1030 826 1
1030 670 1
1030 341 1
975 1362 1
975 1274 1
975 342 1
975 1432 1
975 786 1
975 1040 1
975 854 1
975 896 1
975 84 1
975 66 1
975 189 1
975 492 1
975 167 1
975 208 1
975 304 1
975 683 1
975 524 1
975 368 1
975 299 1
1114 185 1
737 530 1
1001 1494 1
1404 559 1
1404 947 1
1404 349 1
867 156 1
867 926 1
867 879 1
867 141 1
122 793 1
122 397 1
122 471 1
122 1150 1
122 33 1
122 897 1
122 1461 1
122 51 1
122 902 1
122 237 1
122 1403 1
1518 773 1
1518 72 1
574 642 1
60 325 1
60 686 1
554 1135 1
554 1309 1
554 91 1
554 1172 1
554 863 1
463 111 1
157 1128 1
138 1465 1
138 1171 1
138 1467 1
138 1149 1
800 1534 1
800 264 1
800 1241 1
800 562 1
1584 1488 1
106 662 1
834 1501 1
893 1503 1
893 900 1
639 501 1
639 69 1
639 553 1
188 1006 1
277 1559 1
444 1439 1
444 60 1
444 418 1
444 1601 1
444 710 1
444 635 1
444 1540 1
214 1224 1
1294 782 1
1294 1184 1
1294 1210 1
1155 1083 1
1155 815 1
1155 1182 1
1155 1137 1
1155 1266 1
1155 962 1
1155 401 1
90 1508 1
90 369 1
90 99 1
90 1173 1
610 285 1
610 1281 1
610 179 1
610 298 1
610 1249 1
610 1483 1
610 453 1
610 1462 1
610 155 1
610 979 1
610 311 1
610 1322 1
610 988 1
610 1416 1
614 735 1
614 1062 1
614 1448 1
614 1323 1
614 798 1
614 1067 1
128 375 1
128 201 1
128 215 1
128 178 1
128 1177 1
128 520 1
848 173 1
848 708 1
177 1085 1
177 40 1
177 643 1
177 957 1
177 1602 1
177 789 1
177 579 1
177 193 1
177 1527 1
177 1350 1
982 1268 1
982 1438 1
982 785 1
996 1041 1
852 1523 1
490 1034 1
490 1097 1
806 92 1
806 53 1
806 1200 1
806 1535 1
806 347 1
806 67 1
806 1258 1
806 195 1
806 1251 1
806 1111 1
806 1336 1
806 305 1
1133 469 1
1133 1363 1
1133 1555 1
1133 1180 1
1133 306 1
976 119 1
976 161 1
976 1066 1
976 1001 1
976 582 1
976 684 1
976 1353 1
976 229 1
976 202 1
976 606 1
976 529 1
976 22 1
689 622 1
690 1450 1
778 729 1
778 540 1
382 474 1
382 1358 1
382 1288 1
59 1096 1
175 1023 1
175 25 1
175 1308 1
175 1254 1
175 68 1
175 104 1
175 112 1
264 1087 1
264 769 1
264 1282 1
1530 70 1
1592 1469 1
1592 830 1
1592 661 1
1049 805 1
829 379 1
829 955 1
1270 595 1
1270 1563 1
964 739 1
964 1140 1
1050 724 1
1050 1024 1
1050 528 1
1050 203 1
1050 80 1
1050 836 1
255 1434 1
255 730 1
255 1381 1
1243 499 1
1243 78 1
1243 1452 1
1243 359 1
1243 783 1
1368 1277 1
105 181 1
105 837 1
105 422 1
105 1298 1
105 1237 1
105 154 1
105 1018 1
105 956 1
105 1552 1
1564 15 1
1564 536 1
1564 812 1
1564 884 1
1564 971 1
1564 461 1
1564 920 1
1564 958 1
1564 859 1
1564 802 1
478 781 1
478 277 1
478 852 1
478 32 1
1189 1194 1
1189 527 1
906 764 1
906 631 1
906 570 1
906 1103 1
906 567 1
427 130 1
1578 107 1
754 204 1
1255 961 1
1255 665 1
894 42 1
894 823 1
894 1293 1
894 494 1
894 503 1
894 991 1
1456 941 1
1456 1166 1
1456 525 1
1456 5 1
1456 75 1
1456 933 1
1456 1007 1
1456 938 1
1456 969 1
1456 1212 1
1200 416 1
1200 271 1
1535 1339 1
533 615 1
533 59 1
533 1243 1
533 966 1
533 460 1
533 843 1
533 1306 1
213 560 1
213 535 1
1442 46 1
1308 319 1
1308 1207 1
1308 768 1
240 114 1
240 113 1
240 522 1
240 709 1
240 1121 1
240 1170 1
240 1425 1
347 327 1
1594 909 1
1594 374 1
1594 1124 1
1594 880 1
1594 878 1
1594 644 1
1594 761 1
1594 1447 1
1594 552 1
1594 1405 1
504 549 1
504 381 1
16 1069 1
16 621 1
16 731 1
16 247 1
655 64 1
917 1126 1
917 612 1
917 983 1
917 791 1
790 544 1
790 1 1
790 1129 1
790 1119 1
790 1042 1
790 743 1
790 594 1
790 17 1
790 745 1
790 532 1
790 583 1
790 459 1
790 232 1
1479 882 1
1479 262 1
1479 61 1
1479 845 1
1479 1084 1
1479 1025 1
1479 910 1
1479 448 1
864 425 1
624 12 1
33 246 1
33 1370 1
33 1220 1
248 54 1
248 697 1
248 1590 1
248 1436 1
201 620 1
201 1168 1
201 738 1
201 331 1
201 1100 1
822 1508 1
473 1345 1
473 885 1
115 487 1
1141 303 1
934 907 1
934 1318 1
827 751 1
827 825 1
827 1593 1
1263 1162 1
1263 267 1
1263 1583 1
1263 386 1
1263 389 1
1347 1048 1
1347 1597 1
1347 259 1
1347 396 1
1347 970 1
1347 354 1
1347 853 1
1324 457 1
1324 1296 1
1324 126 1
534 546 1
534 370 1
534 673 1
534 1411 1
534 1551 1
534 1328 1
534 252 1
534 714 1
534 278 1
534 588 1
667 362 1
667 1110 1
667 313 1
667 367 1
667 734 1
667 216 1
667 935 1
1521 445 1
1164 1410 1
1164 523 1
1164 759 1
1116 1055 1
1116 1262 1
1116 263 1
1116 501 1
1116 34 1
1116 709 1
1116 531 1
1116 1075 1
360 568 1
110 1421 1
110 145 1
1038 873 1
1038 1561 1
1038 287 1
1038 1283 1
1038 968 1
1038 656 1
1038 446 1
1038 1536 1
338 821 1
338 1037 1
1002 899 1
1002 623 1
1002 47 1
1002 1195 1
1002 398 1
1002 762 1
1002 324 1
1002 26 1
1002 180 1
81 666 1
436 1043 1
436 1600 1
436 254 1
436 949 1
436 317 1
436 758 1
436 1302 1
385 699 1
385 1303 1
385 256 1
385 1566 1
144 1485 1
523 766 1
223 1394 1
1576 697 1
545 1218 1
545 733 1
545 625 1
545 1562 1
545 1101 1
545 1491 1
545 778 1
545 1530 1
545 240 1
545 1519 1
545 1159 1
545 391 1
545 901 1
545 149 1
545 1122 1
545 314 1
545 857 1
545 914 1
545 1287 1
545 1221 1
545 609 1
545 293 1
545 995 1
545 1429 1
423 833 1
656 691 1
656 744 1
656 628 1
656 345 1
656 1285 1
273 997 1
273 478 1
273 918 1
273 713 1
273 1186 1
273 133 1
1353 129 1
1353 137 1
518 1070 1
518 169 1
518 592 1
518 1117 1
518 280 1
518 504 1
518 1261 1
518 1201 1
518 1377 1
518 856 1
518 270 1
1595 1191 1
1595 1044 1
1595 1015 1
1595 638 1
1595 1340 1
1595 603 1
1595 911 1
1595 589 1
1595 1209 1
1461 1109 1
1461 952 1
1461 1301 1
623 449 1
623 886 1
623 915 1
495 1372 1
495 1526 1
495 726 1
495 1558 1
495 95 1
495 1273 1
854 556 1
283 1422 1
767 820 1
767 1053 1
767 845 1
767 1219 1
767 1527 1
1229 300 1
1229 49 1
1229 48 1
1229 1297 1
1229 844 1
1229 1011 1
966 575 1
1515 364 1
1330 722 1
1330 1478 1
1330 290 1
216 497 1
288 537 1
288 1198 1
288 496 1
288 605 1
288 616 1
288 127 1
288 1257 1
288 384 1
409 1586 1
409 1056 1
409 741 1
409 412 1
409 715 1
409 284 1
409 1419 1
409 1334 1
409 410 1
409 601 1
1384 648 1
1589 1468 1
1589 775 1
1589 959 1
1589 1568 1
1589 1414 1
1589 890 1
1589 804 1
1589 465 1
1589 526 1
1170 569 1
1213 1142 1
1213 455 1
1213 967 1
538 480 1
127 1507 1
178 871 1
178 777 1
1063 1389 1
203 1391 1
203 586 1
203 1178 1
203 196 1
203 685 1
1502 390 1
1502 350 1
1502 992 1
1502 1354 1
1502 921 1
1502 1086 1
1502 177 1
1502 1225 1
1502 1379 1
1502 1480 1
1502 1595 1
1502 56 1
1502 93 1
1502 846 1
1502 409 1
1502 19 1
1502 488 1
1502 1181 1
1502 563 1
1502 87 1
315 1548 1
80 1521 1
80 1569 1
80 1496 1
80 1554 1
148 388 1
148 1153 1
148 850 1
1201 1123 1
1201 1275 1
1201 1539 1
1201 1106 1
35 1222 1
35 1317 1
1543 597 1
1543 1466 1
1543 1157 1
1543 649 1
1543 1216 1
1543 1321 1
1543 547 1
51 1556 1
51 1366 1
51 931 1
51 1464 1
51 1154 1
51 160 1
51 1528 1
51 1313 1
51 166 1
51 548 1
51 1500 1
51 1012 1
489 1065 1
489 1395 1
218 561 1
218 3 1
218 194 1
944 438 1
944 1570 1
944 1185 1
944 953 1
944 1165 1
944 318 1
918 392 1
918 238 1
918 1071 1
1542 151 1
1542 228 1
1542 974 1
1542 139 1
199 43 1
199 164 1
199 82 1
199 458 1
199 1423 1
199 740 1
874 1290 1
1254 578 1
1254 466 1
696 1312 1
696 868 1
696 1156 1
902 558 1
1351 200 1
1351 828 1
1351 52 1
1351 1305 1
1492 1497 1
1492 337 1
1492 1482 1
1492 707 1
1492 1599 1
1492 188 1
1492 1161 1
1492 1506 1
1492 892 1
1492 1443 1
1492 972 1
1492 944 1
1492 28 1
1492 581 1
1492 1343 1
1492 1453 1
47 1195 1
1450 296 1
1450 787 1
1450 38 1
1450 1517 1
1450 1415 1
1122 1239 1
1122 417 1
1122 1404 1
1122 771 1
1122 572 1
1122 502 1
1122 27 1
1122 1112 1
207 380 1
207 1567 1
611 1439 1
611 1581 1
611 948 1
611 728 1
611 376 1
1181 1603 1
1181 1215 1
1181 1431 1
581 1233 1
581 1513 1
581 1319 1
581 1014 1
581 1214 1
581 35 1
1338 808 1
1338 184 1
1338 109 1
1338 1361 1
1338 1549 1
1338 1472 1
1338 985 1
1338 584 1
1338 1039 1
1338 963 1
1338 725 1
973 716 1
1514 916 1
1514 158 1
135 1089 1
135 1130 1
135 431 1
989 1320 1
398 927 1
398 748 1
398 842 1
398 506 1
398 37 1
398 372 1
398 551 1
398 704 1
398 664 1
274 1388 1
274 1402 1
274 613 1
274 1269 1
274 671 1
274 1098 1
274 617 1
274 1357 1
1427 1278 1
759 1435 1
759 1080 1
1187 462 1
1306 260 1
1306 221 1
1306 435 1
1579 323 1
1579 942 1
1579 1120 1
1579 1028 1
1579 672 1
1579 975 1
1579 1265 1
1579 636 1
521 1217 1
521 356 1
1495 658 1
1495 241 1
1495 1355 1
1495 1376 1
1495 519 1
1495 13 1
1076 253 1
990 222 1
990 1588 1
990 276 1
990 197 1
990 753 1
96 1046 1
96 1019 1
1058 1424 1
772 1505 1
772 1445 1
772 757 1
772 89 1
772 1104 1
772 1537 1
772 131 1
772 718 1
772 659 1
772 819 1
772 1193 1
772 1231 1
772 251 1
772 1324 1
772 801 1
772 545 1
772 999 1
772 472 1
772 922 1
772 1474 1
772 1545 1
772 1498 1
946 414 1
946 711 1
946 1360 1
946 1587 1
946 1242 1
946 44 1
946 1304 1
946 1509 1
838 1208 1
357 146 1
705 1299 1
286 1571 1
286 1113 1
1315 779 1
116 336 1
317 8 1
810 235 1
810 1188 1
971 174 1
1425 569 1
1591 978 1
1591 1270 1
1591 218 1
1591 68 1
507 162 1
507 508 1
507 103 1
507 887 1
507 29 1
507 21 1
507 1132 1
507 913 1
507 1232 1
1408 865 1
1408 1016 1
1408 268 1
1408 591 1
1408 811 1
1408 118 1
555 406 1
1406 1196 1
108 476 1
1304 1152 1
1504 564 1
1504 763 1
1504 877 1
1504 463 1
1504 1176 1
1504 272 1
1504 904 1
1504 507 1
1504 442 1
875 334 1
875 668 1
875 679 1
951 63 1
951 596 1
963 344 1
963 752 1
1447 1031 1
1111 866 1
1111 1197 1
1111 348 1
1538 1541 1
1538 627 1
1538 1074 1
1538 687 1
1538 358 1
1538 1307 1
1538 1382 1
1538 481 1
1538 307 1
1377 1295 1
1377 1529 1
1377 434 1
1377 1544 1
1377 803 1
703 39 1
703 813 1
703 1396 1
703 1375 1
484 212 1
889 142 1
889 839 1
889 1062 1
889 1091 1
889 227 1
424 30 1
424 491 1
424 430 1
424 1167 1
424 1471 1
424 443 1
424 282 1
424 723 1
424 1384 1
424 695 1
424 1344 1
424 340 1
424 755 1
719 1585 1
719 847 1
719 291 1
678 244 1
678 1386 1
678 891 1
678 192 1
678 371 1
1554 454 1
1554 1248 1
1554 451 1
1554 261 1
1554 426 1
1554 335 1
1554 301 1
1554 407 1
1554 674 1
1318 1127 1
1318 265 1
1318 571 1
1318 1284 1
1318 97 1
1318 88 1
1318 1227 1
1292 681 1
1292 1144 1
1292 682 1
1292 312 1
236 1259 1
236 157 1
236 172 1
236 655 1
236 814 1
236 1063 1
236 1202 1
236 1538 1
314 437 1
314 1032 1
314 1027 1
314 1378 1
314 654 1
314 143 1
314 629 1
314 225 1
314 473 1
314 485 1
314 550 1
314 439 1
314 74 1
314 1332 1
314 1076 1
314 9 1
314 468 1
314 1428 1
314 170 1
1444 1512 1
399 599 1
399 1160 1
399 604 1
399 951 1
399 566 1
1115 1092 1
1115 464 1
1115 450 1
1115 413 1
1054 250 1
1054 1430 1
1054 510 1
377 1174 1
857 249 1
857 1276 1
857 393 1
1310 954 1
929 1574 1
929 186 1
929 1606 1
929 1458 1
929 1331 1
929 984 1
929 308 1
929 634 1
929 980 1
929 749 1
929 498 1
929 302 1
206 539 1
206 1565 1
206 470 1
206 770 1
713 1463 1
713 511 1
713 981 1
713 24 1
713 1057 1
1253 939 1
1253 1349 1
1253 441 1
1253 495 1
1253 1515 1
1253 405 1
1253 315 1
1253 1371 1
1253 1068 1
1253 1078 1
1253 1393 1
6 326 1
6 919 1
1286 1490 1
62 1246 1
1250 888 1
1250 881 1
1250 1598 1
1250 1073 1
1250 800 1
1250 838 1
1250 101 1
1143 36 1
1143 275 1
1143 121 1
1143 1020 1
895 1511 1
895 930 1
895 1072 1
895 1255 1
895 534 1
895 1351 1
895 101 1
1403 1383 1
1403 1584 1
1403 14 1
461 1079 1
180 1373 1
180 555 1
180 383 1
180 505 1
563 1364 1
914 1524 1
914 1454 1
914 76 1
914 688 1
914 1582 1
914 355 1
1582 905 1
1582 1183 1
257 323 1
257 795 1
257 1400 1
257 861 1
257 706 1
257 1457 1
257 923 1
257 1151 1
630 1118 1
630 1314 1
630 1090 1
630 651 1
630 117 1
630 147 1
630 292 1
630 817 1
630 360 1
630 1580 1
630 1390 1
630 402 1
630 366 1
630 512 1
1477 937 1
1477 150 1
1477 321 1
1477 140 1
1545 737 1
1545 106 1
220 736 1
220 1081 1
220 536 1
220 1294 1
220 1003 1
220 1564 1
220 1000 1
220 1553 1
220 934 1
220 421 1
220 1175 1
220 756 1
220 206 1
1428 950 1
1428 333 1
1428 224 1
1428 1059 1
85 1102 1
836 1470 1
836 4 1
836 742 1
836 732 1
836 883 1
836 1459 1
836 608 1
836 41 1
836 1418 1
836 346 1
836 152 1
124 1131 1
1343 1311 1
1343 477 1
1343 214 1
1343 593 1
1343 1546 1
1343 822 1
1343 1022 1
1343 925 1
1343 1399 1
1343 31 1
1343 796 1
1343 1054 1
1343 619 1
1359 1192 1
1359 977 1
1359 1064 1
403 433 1
403 10 1
269 543 1
20 83 1
20 1271 1
20 647 1
20 230 1
20 1392 1
20 1190 1
20 1158 1
20 541 1
20 1346 1
20 1004 1
20 395 1
529 432 1
529 108 1
529 182 1
1221 171 1
1221 653 1
1221 353 1
750 1108 1
750 940 1
750 1356 1
170 876 1
190 1013 1
190 1291 1
190 855 1
190 645 1
190 1211 1
190 427 1
190 110 1
190 557 1
190 1280 1
190 1547 1
190 875 1
1169 339 1
270 176 1
270 580 1
270 780 1
77 7 1
77 1348 1
77 245 1
77 1267 1
77 219 1
77 1572 1
293 996 1
293 98 1
293 862 1
293 509 1
293 1367 1
293 1365 1
293 1292 1
669 1017 1
669 1484 1
669 482 1
1238 205 1
133 456 1
1145 1516 1
1145 1093 1
1145 50 1
1145 120 1
1145 632 1
