236 467 1
236 36 1
236 450 1
236 373 1
262 418 1
330 111 1
330 312 1
330 413 1
116 308 1
201 125 1
201 295 1
268 162 1
268 392 1
268 73 1
326 16 1
430 143 1
430 181 1
430 473 1
430 39 1
430 318 1
70 326 1
70 135 1
70 173 1
70 57 1
70 263 1
70 504 1
70 221 1
70 372 1
70 165 1
135 158 1
135 422 1
135 174 1
135 82 1
135 215 1
310 386 1
310 492 1
310 389 1
310 445 1
310 126 1
310 261 1
310 415 1
310 163 1
310 224 1
205 195 1
91 262 1
91 129 1
91 371 1
91 94 1
91 395 1
91 98 1
91 282 1
91 383 1
91 470 1
489 205 1
489 176 1
489 229 1
489 41 1
489 132 1
489 216 1
489 178 1
489 298 1
489 214 1
489 320 1
384 30 1
384 449 1
355 472 1
349 289 1
358 294 1
358 211 1
358 275 1
290 344 1
432 121 1
432 50 1
113 264 1
222 51 1
222 31 1
337 250 1
337 462 1
64 139 1
42 390 1
42 159 1
38 338 1
38 299 1
38 346 1
38 494 1
486 35 1
367 348 1
481 8 1
279 153 1
279 197 1
279 260 1
279 405 1
279 503 1
276 117 1
276 74 1
227 201 1
227 336 1
227 313 1
227 130 1
227 369 1
227 118 1
437 120 1
437 343 1
53 27 1
53 29 1
53 475 1
57 482 1
57 452 1
57 177 1
57 78 1
57 301 1
57 424 1
57 385 1
476 300 1
131 146 1
131 192 1
441 150 1
441 284 1
441 93 1
441 122 1
441 226 1
34 484 1
34 304 1
34 442 1
352 204 1
340 352 1
340 411 1
340 303 1
340 374 1
340 493 1
288 75 1
288 188 1
151 45 1
151 172 1
151 491 1
151 159 1
151 364 1
151 210 1
151 14 1
151 167 1
151 144 1
151 256 1
151 469 1
263 335 1
263 112 1
254 17 1
254 292 1
265 190 1
265 225 1
265 20 1
265 253 1
265 463 1
95 398 1
95 58 1
257 432 1
257 454 1
257 184 1
257 423 1
257 171 1
257 477 1
257 480 1
257 309 1
66 277 1
66 44 1
66 375 1
66 281 1
370 3 1
370 416 1
370 471 1
370 22 1
370 80 1
370 438 1
370 134 1
400 11 1
400 339 1
400 447 1
455 391 1
455 347 1
395 69 1
395 239 1
395 59 1
395 356 1
395 92 1
395 230 1
149 168 1
196 195 1
504 305 1
504 63 1
504 468 1
101 157 1
155 28 1
155 77 1
155 104 1
155 404 1
221 322 1
467 382 1
467 448 1
4 324 1
4 377 1
4 274 1
160 62 1
160 414 1
160 302 1
160 131 1
160 399 1
160 428 1
160 18 1
160 245 1
160 56 1
160 86 1
160 233 1
65 81 1
65 254 1
65 446 1
311 458 1
311 406 1
410 242 1
410 319 1
161 136 1
161 99 1
161 393 1
161 259 1
161 96 1
161 490 1
161 147 1
161 380 1
161 21 1
193 237 1
193 459 1
193 293 1
193 154 1
193 272 1
193 461 1
247 500 1
247 106 1
353 43 1
353 249 1
372 40 1
372 113 1
372 269 1
372 149 1
372 407 1
372 148 1
372 52 1
372 49 1
372 109 1
372 180 1
372 396 1
258 19 1
258 464 1
258 345 1
250 207 1
250 429 1
250 457 1
250 105 1
250 417 1
250 232 1
250 321 1
250 85 1
250 5 1
250 76 1
251 329 1
251 325 1
251 394 1
251 408 1
251 185 1
251 218 1
255 384 1
255 497 1
165 33 1
165 360 1
278 285 1
278 498 1
278 71 1
278 455 1
278 426 1
278 114 1
278 431 1
278 240 1
278 425 1
465 290 1
465 38 1
465 437 1
465 434 1
465 179 1
465 202 1
465 297 1
465 189 1
88 61 1
88 366 1
88 23 1
88 24 1
88 84 1
88 169 1
388 127 1
334 171 1
68 453 1
68 314 1
68 231 1
68 140 1
68 427 1
68 203 1
259 133 1
412 72 1
412 244 1
412 25 1
378 191 1
378 12 1
378 46 1
378 206 1
423 287 1
423 488 1
208 102 1
208 400 1
208 456 1
208 200 1
208 402 1
208 15 1
270 252 1
270 328 1
270 142 1
270 403 1
270 296 1
270 209 1
270 266 1
186 220 1
186 273 1
124 97 1
107 306 1
107 83 1
202 67 1
202 156 1
202 327 1
202 397 1
202 357 1
202 10 1
148 248 1
108 110 1
103 381 1
315 219 1
425 451 1
425 7 1
39 128 1
39 175 1
361 443 1
361 241 1
361 1 1
361 243 1
361 317 1
361 212 1
109 187 1
119 172 1
119 499 1
119 439 1
119 283 1
119 47 1
119 217 1
119 79 1
119 332 1
119 170 1
164 198 1
164 420 1
164 123 1
164 138 1
369 376 1
369 323 1
369 485 1
495 115 1
495 351 1
495 363 1
365 409 1
365 32 1
365 194 1
365 48 1
365 183 1
440 166 1
440 379 1
440 501 1
26 316 1
307 182 1
415 139 1
54 141 1
54 60 1
87 342 1
419 496 1
301 137 1
271 89 1
180 2 1
180 421 1
189 354 1
189 235 1
189 331 1
152 6 1
436 460 1
436 479 1
436 37 1
436 223 1
436 9 1
436 483 1
436 286 1
436 246 1
436 145 1
214 338 1
214 474 1
214 280 1
502 333 1
502 100 1
502 435 1
502 228 1
502 13 1
487 310 1
487 387 1
487 367 1
487 213 1
373 234 1
373 362 1
401 341 1
401 258 1
238 90 1
350 433 1
478 55 1
478 267 1
478 359 1
291 466 1
291 199 1
291 368 1
291 444 1
