1597 2631 1
1597 2844 1
1597 3166 1
1597 1624 1
2864 1214 1
2864 1074 1
2864 348 1
2864 1929 1
2864 1992 1
2864 1458 1
2864 1088 1
2864 535 1
2864 1414 1
2864 1934 1
2864 1975 1
2864 1967 1
2864 163 1
2864 2672 1
2090 3098 1
878 3247 1
878 3731 1
3321 2097 1
3321 2984 1
105 2543 1
105 2829 1
105 975 1
3048 201 1
3048 2073 1
3048 144 1
3048 1438 1
3048 2386 1
3048 1211 1
835 3092 1
835 1474 1
2374 1148 1
2374 2214 1
2374 3205 1
2374 1116 1
2374 2663 1
2374 3037 1
2374 2697 1
2374 590 1
2374 2463 1
2374 2296 1
2374 1692 1
2374 2757 1
2374 2497 1
2374 1772 1
2374 2873 1
3263 1590 1
2770 863 1
12 515 1
1342 1039 1
1739 1715 1
2130 391 1
788 2112 1
788 1 1
3684 2053 1
3684 2810 1
3684 63 1
3684 397 1
1314 1516 1
3626 1048 1
3626 3712 1
2342 3266 1
2342 2691 1
2342 3745 1
3260 2990 1
3260 1853 1
3260 1736 1
3260 2867 1
3260 2411 1
3260 1509 1
3260 1568 1
3260 1977 1
3260 803 1
3260 1569 1
3260 790 1
3260 2464 1
3260 266 1
2301 2516 1
2301 3378 1
2301 935 1
2302 553 1
2302 576 1
2302 531 1
2302 1961 1
2302 837 1
2302 3652 1
2302 3095 1
2302 2260 1
2302 715 1
2302 1816 1
2302 1328 1
2302 3261 1
2302 482 1
2302 2210 1
2302 3186 1
2302 1448 1
2302 3695 1
2302 2653 1
3636 1559 1
3636 317 1
3636 3380 1
3636 2602 1
3636 345 1
3636 879 1
3636 3413 1
3636 2841 1
3636 2966 1
3636 966 1
3702 1332 1
3702 1996 1
554 30 1
554 990 1
554 3500 1
3049 2850 1
3049 2851 1
3049 970 1
3049 1441 1
3049 1633 1
3049 1520 1
2878 427 1
2878 741 1
2878 2088 1
2878 897 1
2878 1200 1
2878 19 1
2878 2050 1
2878 1536 1
573 1410 1
573 429 1
573 2471 1
573 1008 1
573 965 1
573 1118 1
573 2646 1
1924 1248 1
1924 3 1
1924 1906 1
721 75 1
721 2001 1
721 3697 1
721 3342 1
2616 506 1
713 14 1
1272 613 1
1545 189 1
1623 370 1
1266 3052 1
1266 433 1
2400 2017 1
2400 1835 1
3091 2593 1
3091 2503 1
3091 616 1
3091 2848 1
3091 3400 1
3091 2552 1
3091 2688 1
3091 1045 1
3091 1856 1
3091 3622 1
3091 3670 1
3091 63 1
3091 828 1
3091 1652 1
3091 2108 1
2072 196 1
2880 698 1
971 2006 1
3358 3440 1
3358 52 1
3358 1397 1
3358 1021 1
3358 447 1
3358 3276 1
3358 312 1
3358 2839 1
3358 3691 1
3358 342 1
3358 295 1
3358 1119 1
3358 2883 1
3358 137 1
3358 3613 1
3358 1247 1
3358 2286 1
3358 3452 1
1181 2876 1
1181 1064 1
1759 1554 1
1759 1921 1
1759 3005 1
1284 2495 1
1671 696 1
1671 2176 1
1671 3473 1
3511 812 1
3511 3151 1
3511 589 1
3511 3642 1
479 1925 1
479 1878 1
479 3130 1
479 436 1
479 1854 1
479 883 1
479 3287 1
1195 353 1
1195 1287 1
2772 3483 1
2772 2316 1
2772 933 1
2171 2965 1
1115 1356 1
1178 209 1
1178 2945 1
2240 1749 1
2240 172 1
2240 689 1
2240 3371 1
41 1027 1
41 3135 1
41 911 1
41 277 1
3388 705 1
3388 1482 1
3388 1784 1
3388 179 1
3388 3545 1
3388 2479 1
244 778 1
2133 2202 1
2133 2997 1
2133 197 1
2133 1818 1
2133 2443 1
2133 564 1
211 2571 1
350 226 1
350 468 1
350 44 1
350 836 1
3299 3171 1
3299 2091 1
3299 1499 1
3299 3117 1
766 3724 1
766 3555 1
505 3137 1
2249 1798 1
81 3460 1
81 450 1
81 1963 1
81 1369 1
2577 3436 1
2577 1594 1
2577 3293 1
2577 688 1
2577 1138 1
2577 3146 1
2577 2855 1
2577 1928 1
2577 1473 1
2577 3333 1
2931 3738 1
3010 2176 1
3441 713 1
3441 1401 1
3441 2228 1
3441 3480 1
3441 964 1
3441 3090 1
3441 3193 1
2908 2690 1
2908 1076 1
2908 1649 1
2908 3085 1
2908 1766 1
2908 2899 1
2908 2813 1
2908 3123 1
2908 3292 1
1216 3250 1
1216 1453 1
1216 1292 1
1216 3004 1
1216 2239 1
1216 2707 1
1216 2701 1
1216 686 1
1216 2971 1
1540 156 1
1540 2436 1
2487 1232 1
2487 3080 1
2487 2037 1
2487 2104 1
2690 1865 1
1782 3467 1
1782 3394 1
3687 1728 1
1802 2553 1
2888 570 1
2888 3228 1
2888 3275 1
2888 824 1
2591 1942 1
2591 391 1
2591 3677 1
232 2483 1
232 367 1
232 1047 1
232 2268 1
232 871 1
232 1815 1
232 1583 1
232 435 1
232 834 1
1110 2831 1
1110 1689 1
1110 1729 1
1110 516 1
1110 1699 1
1110 48 1
1110 2782 1
2539 1938 1
2539 1738 1
2539 3603 1
3628 1434 1
3628 3072 1
3628 2284 1
3628 2780 1
3036 2154 1
3036 1731 1
3036 3197 1
2795 452 1
2795 410 1
2795 1895 1
2795 640 1
2795 2442 1
2795 42 1
1258 3351 1
1258 2521 1
1258 2567 1
2358 2934 1
666 3000 1
666 2960 1
575 2055 1
575 1806 1
3019 368 1
3019 2008 1
3019 1461 1
3019 1267 1
3019 3525 1
3552 1960 1
3552 2612 1
3552 611 1
1273 3301 1
1804 3489 1
1804 2767 1
1804 3637 1
1804 717 1
1804 196 1
839 2111 1
2251 956 1
2251 1440 1
2251 3524 1
2251 3515 1
2251 1558 1
2251 3420 1
2251 3237 1
2251 1132 1
2347 67 1
2347 1139 1
2347 170 1
3437 3203 1
3437 3322 1
3437 1384 1
3437 1978 1
3437 3575 1
3437 1359 1
3437 3705 1
3437 3238 1
3437 1810 1
3437 1253 1
3437 1737 1
3437 1598 1
3437 442 1
3273 232 1
3273 2944 1
3273 123 1
3273 739 1
3273 3192 1
3273 3688 1
3302 900 1
3302 15 1
3302 3431 1
1397 2578 1
1397 1667 1
1397 2211 1
1397 3204 1
3060 2011 1
3060 1632 1
3060 3601 1
3060 2731 1
3060 398 1
3060 1170 1
3060 3429 1
3060 3061 1
3060 1726 1
3060 104 1
3060 1512 1
3060 960 1
3060 2686 1
3060 3704 1
3060 2745 1
3060 1134 1
3060 1844 1
1336 703 1
1336 132 1
1336 2178 1
1336 3496 1
1336 2790 1
1336 2121 1
1336 3071 1
1336 443 1
1336 1695 1
1336 1339 1
1336 147 1
1336 2172 1
1336 2720 1
1336 857 1
413 1561 1
413 1428 1
413 34 1
413 411 1
413 2289 1
413 2761 1
1293 2673 1
1293 3586 1
1293 3180 1
1293 2587 1
2321 1768 1
2321 577 1
2321 2332 1
130 1300 1
130 3027 1
130 133 1
130 2706 1
130 469 1
130 3526 1
130 1312 1
130 456 1
382 2807 1
2138 131 1
2138 2406 1
2138 1309 1
2138 321 1
2138 2019 1
3491 3411 1
1510 3593 1
1510 3469 1
1510 2877 1
1510 760 1
1510 497 1
1510 2598 1
1510 2494 1
1510 1180 1
1510 1498 1
1510 1537 1
1510 2480 1
1510 2120 1
1510 2588 1
1510 1245 1
1510 2392 1
1510 2815 1
1510 697 1
1510 2101 1
1510 2773 1
1510 2968 1
2628 2623 1
3027 923 1
2066 399 1
2066 422 1
2066 72 1
3542 2822 1
3542 1151 1
3542 124 1
3542 736 1
3542 3667 1
3542 437 1
1497 1521 1
3013 544 1
3013 3088 1
3013 2449 1
1391 1989 1
1391 3474 1
1391 648 1
2595 602 1
2595 2052 1
2595 3739 1
1021 2677 1
1021 1129 1
1021 2179 1
1021 3129 1
1021 3428 1
1021 1239 1
1021 1508 1
1021 1325 1
1021 448 1
1021 1575 1
145 298 1
145 1869 1
145 903 1
145 2149 1
145 525 1
145 462 1
145 1261 1
145 1090 1
145 3392 1
2219 2244 1
424 3568 1
2650 60 1
281 2769 1
2421 851 1
2421 617 1
2421 2693 1
2421 267 1
2421 1771 1
2421 2267 1
2421 1819 1
2217 1251 1
3694 1926 1
3694 1416 1
3694 2313 1
3694 1788 1
585 2409 1
585 2105 1
585 2989 1
3455 3228 1
3455 2537 1
3455 2517 1
3649 1805 1
842 1330 1
842 1663 1
842 3385 1
842 656 1
842 1501 1
842 2144 1
842 3453 1
842 1344 1
842 248 1
2902 2962 1
2902 2575 1
874 2391 1
874 912 1
2265 2819 1
2265 1281 1
1763 2439 1
1763 29 1
1763 913 1
1763 255 1
30 570 1
30 2888 1
30 3455 1
30 203 1
30 3275 1
30 103 1
30 2417 1
30 1544 1
30 2537 1
30 824 1
30 2660 1
30 2983 1
30 3632 1
30 2565 1
2804 125 1
2804 2236 1
2804 1570 1
2804 2433 1
2804 83 1
2804 3185 1
2804 2664 1
2804 419 1
2804 3309 1
2804 2719 1
2804 69 1
2804 2150 1
3283 3242 1
3283 476 1
3283 3628 1
3283 1318 1
3283 259 1
3283 1807 1
3283 2678 1
3283 1136 1
3283 142 1
3283 1379 1
3283 699 1
3283 1173 1
3283 3308 1
3283 445 1
3283 49 1
3283 2629 1
3283 820 1
3283 1424 1
1366 3110 1
1356 3717 1
3629 1013 1
3629 3577 1
3629 1451 1
3380 2548 1
3380 1141 1
3380 1417 1
3380 3399 1
3380 2507 1
3380 3416 1
3380 1137 1
3380 2377 1
3380 2687 1
3380 2092 1
3380 849 1
3380 809 1
3380 563 1
3380 821 1
3380 2278 1
3380 3152 1
3380 2625 1
3380 2059 1
3380 1456 1
3380 2665 1
3380 3034 1
3380 920 1
3380 2891 1
3380 2109 1
3380 3634 1
3380 270 1
3380 966 1
253 3338 1
3540 1666 1
3540 3149 1
3540 346 1
3438 3191 1
3438 3409 1
1596 2908 1
1596 1365 1
1596 1877 1
1596 188 1
1596 728 1
1596 1896 1
1596 2401 1
2346 1077 1
2346 1023 1
2346 3163 1
2346 1767 1
2346 1943 1
2346 1892 1
2346 1005 1
2346 779 1
2346 1994 1
2346 136 1
2346 1780 1
2346 1206 1
2346 1713 1
2346 817 1
3280 749 1
3280 1382 1
3280 3720 1
3280 3639 1
1308 3125 1
1308 393 1
1308 1348 1
1308 1630 1
1308 1024 1
1657 2015 1
1657 21 1
662 1979 1
662 1709 1
2167 1423 1
3016 2708 1
914 2451 1
914 892 1
2656 2529 1
2656 1331 1
2656 804 1
2656 278 1
1672 2250 1
1672 3313 1
1672 940 1
1672 3701 1
1901 1674 1
53 2132 1
53 825 1
2218 3414 1
210 1880 1
210 3153 1
210 1797 1
210 890 1
3099 3268 1
3099 1144 1
3099 2194 1
3099 942 1
543 1471 1
543 2991 1
543 1582 1
543 2203 1
543 2887 1
543 906 1
197 2997 1
197 2367 1
2390 25 1
1944 999 1
1986 3181 1
1986 3471 1
1986 2939 1
1986 2114 1
1986 873 1
1986 280 1
1986 3018 1
1986 3387 1
1986 377 1
1986 2389 1
1986 536 1
3651 1592 1
3651 2670 1
3651 2832 1
3651 1201 1
3651 798 1
3651 3024 1
3651 2590 1
3651 3196 1
3651 2252 1
3651 3647 1
3651 1603 1
3651 2437 1
3651 3509 1
3651 3170 1
3651 3073 1
3651 1898 1
2181 2007 1
603 3023 1
603 103 1
297 453 1
297 2554 1
2444 1604 1
3718 2651 1
3718 1657 1
3718 622 1
3718 534 1
3718 2604 1
3718 2322 1
3718 2015 1
3718 373 1
3718 386 1
3718 1372 1
3718 3355 1
3718 831 1
3718 2303 1
3718 3692 1
3718 3236 1
3718 1445 1
3718 3669 1
3718 989 1
3718 1876 1
3718 519 1
3718 584 1
3718 1881 1
3718 1373 1
3718 918 1
3718 753 1
2835 3103 1
2835 263 1
2835 3164 1
2835 3721 1
929 2921 1
3427 1845 1
2919 2129 1
2919 1297 1
2919 2874 1
2919 220 1
2919 2013 1
2919 2247 1
2919 1099 1
747 317 1
747 2352 1
747 587 1
747 2283 1
747 1250 1
747 527 1
747 3627 1
747 3021 1
747 1834 1
2468 2085 1
526 2095 1
526 2893 1
526 707 1
526 2295 1
526 1523 1
526 3336 1
526 371 1
526 1847 1
526 2947 1
526 1769 1
526 275 1
1852 3421 1
231 3567 1
231 3664 1
3676 3121 1
3676 978 1
3676 1070 1
1688 788 1
1688 408 1
1688 36 1
1688 2526 1
1688 1136 1
1688 565 1
1688 992 1
1688 1463 1
1688 3341 1
1688 1383 1
1688 2917 1
1688 1146 1
1688 2489 1
1541 3702 1
1541 17 1
1541 385 1
1541 870 1
1541 1733 1
1436 1295 1
1436 2488 1
2292 1120 1
2292 2188 1
2292 1612 1
2292 3475 1
2292 1486 1
2292 2348 1
2292 323 1
2292 1184 1
416 1827 1
416 1276 1
416 660 1
416 3176 1
251 3430 1
675 885 1
675 729 1
675 2033 1
675 773 1
675 1357 1
675 3383 1
675 1109 1
675 2988 1
2869 2301 1
2869 1620 1
2869 463 1
2869 3587 1
2869 2350 1
2869 3397 1
2869 302 1
2869 191 1
2869 1982 1
2869 1809 1
2869 1073 1
268 299 1
378 518 1
378 1774 1
378 3549 1
2399 3209 1
2399 300 1
2399 221 1
1682 3340 1
1682 2454 1
190 2994 1
1909 708 1
1909 2835 1
1909 2331 1
1909 1511 1
1909 2122 1
1909 1218 1
1909 2466 1
827 1714 1
827 672 1
827 1242 1
827 1404 1
827 2100 1
851 2920 1
851 3367 1
851 328 1
851 973 1
851 2869 1
851 3562 1
851 2254 1
851 621 1
851 2285 1
851 1569 1
851 1131 1
851 2435 1
851 3084 1
851 3497 1
851 2147 1
851 1745 1
851 1704 1
851 991 1
851 2310 1
851 2527 1
851 2403 1
782 1354 1
782 509 1
782 2871 1
782 829 1
782 3459 1
782 1255 1
782 296 1
782 2950 1
1154 2713 1
1154 1122 1
1310 651 1
1310 3380 1
1310 1870 1
1310 3589 1
1310 2092 1
1310 950 1
1310 2753 1
1310 2434 1
2584 1327 1
2584 2093 1
2584 988 1
752 3726 1
3160 406 1
3160 2430 1
288 651 1
288 2006 1
288 1178 1
288 2912 1
288 2459 1
288 2070 1
288 1014 1
288 2221 1
405 628 1
405 1775 1
405 783 1
405 301 1
405 2161 1
3645 2948 1
3645 2265 1
3645 3006 1
3645 963 1
3645 3156 1
3645 2952 1
3645 3445 1
3645 1647 1
617 1832 1
16 858 1
16 2797 1
16 1930 1
98 82 1
98 467 1
98 1113 1
98 1057 1
98 1918 1
98 3458 1
98 308 1
98 635 1
98 3590 1
98 3051 1
98 2681 1
98 347 1
98 1611 1
98 2592 1
1589 510 1
1589 658 1
1589 1111 1
1589 3324 1
1589 2206 1
1589 1912 1
1589 3177 1
1421 2923 1
1421 2023 1
3611 1155 1
2455 3520 1
2455 126 1
2455 271 1
2455 2458 1
2455 637 1
2455 2544 1
2455 1884 1
1579 3390 1
1579 95 1
1579 481 1
1114 1783 1
1114 3550 1
1114 1746 1
967 68 1
967 1277 1
967 2979 1
967 1629 1
967 1349 1
636 1265 1
636 3369 1
838 1861 1
838 808 1
838 3478 1
838 3218 1
631 2633 1
2248 276 1
3732 76 1
1983 3271 1
1983 460 1
1983 2586 1
2731 1512 1
1411 893 1
1121 1015 1
1121 2734 1
1121 3560 1
1121 1022 1
1121 2256 1
1121 2862 1
3699 1829 1
3708 1454 1
3708 3119 1
3708 20 1
3708 3482 1
1280 1976 1
1280 183 1
1280 3492 1
1280 3476 1
1280 55 1
2385 229 1
2385 1725 1
110 1263 1
110 720 1
110 2561 1
1668 915 1
1668 859 1
1668 3036 1
1668 3160 1
1668 2385 1
1668 340 1
1668 1607 1
1668 1207 1
1668 2685 1
1668 3296 1
1668 2335 1
1668 2230 1
1668 2632 1
1668 3604 1
1668 339 1
1668 1773 1
1668 3328 1
1668 491 1
2438 1615 1
2438 235 1
2438 1117 1
2438 1198 1
2438 1980 1
2438 2545 1
2438 2131 1
2438 3282 1
148 2589 1
148 743 1
148 1551 1
148 2299 1
148 2978 1
148 3733 1
148 3582 1
148 314 1
148 1641 1
148 2717 1
665 1779 1
665 3619 1
665 2621 1
665 659 1
665 3732 1
665 344 1
665 600 1
665 2909 1
665 2362 1
665 810 1
665 2394 1
665 311 1
665 2843 1
665 555 1
665 1618 1
665 2314 1
1855 1272 1
1855 1950 1
1855 3653 1
1855 2731 1
1855 2499 1
1855 861 1
1855 3074 1
1855 2048 1
1855 2977 1
1855 3573 1
1855 265 1
3223 1891 1
1826 1706 1
1826 2319 1
1826 336 1
1826 3377 1
1826 1867 1
1826 322 1
1826 1944 1
1826 3564 1
1826 3747 1
1826 134 1
1826 1095 1
1826 3713 1
1826 2246 1
1826 2191 1
1826 2177 1
1826 2676 1
1826 1923 1
1826 260 1
1826 2345 1
1826 1291 1
1826 3675 1
1826 50 1
1826 388 1
1826 2136 1
1826 1573 1
1826 3510 1
1826 192 1
1826 1940 1
254 807 1
254 3547 1
3276 1018 1
3276 1465 1
604 1727 1
604 1515 1
604 1949 1
73 3376 1
73 3672 1
73 1380 1
73 3384 1
73 2482 1
73 1016 1
73 2290 1
73 432 1
73 2512 1
1128 212 1
1128 2438 1
1128 1158 1
1128 3539 1
1128 1226 1
1128 2582 1
1128 591 1
1128 3363 1
1128 2738 1
1128 3521 1
2467 3514 1
2467 61 1
2467 3252 1
2467 847 1
2467 2162 1
2467 2905 1
206 1350 1
206 3357 1
206 1030 1
206 3466 1
3746 1571 1
3746 2167 1
3746 417 1
3746 2324 1
3746 626 1
3746 2318 1
3746 2243 1
3746 1294 1
3746 730 1
3746 3638 1
3746 676 1
3746 1392 1
3746 852 1
837 2081 1
837 1483 1
837 2963 1
968 3035 1
968 390 1
968 1707 1
968 1231 1
968 2392 1
968 2505 1
968 2227 1
968 3618 1
103 2765 1
103 3505 1
103 1643 1
103 1202 1
1740 3141 1
1740 1377 1
1740 3412 1
1360 2311 1
1360 1754 1
1360 3425 1
1326 3053 1
1326 614 1
3030 2546 1
3030 948 1
3030 811 1
861 3040 1
861 1566 1
861 79 1
861 1766 1
861 3233 1
861 2040 1
861 511 1
861 894 1
3589 3302 1
3589 130 1
3589 776 1
3589 100 1
3589 483 1
3259 731 1
3259 2985 1
2551 2715 1
1534 3299 1
1534 3081 1
1534 116 1
1534 3654 1
1534 2500 1
1534 957 1
1534 2627 1
1534 1823 1
1548 2976 1
3331 1608 1
2350 2996 1
1539 3005 1
2825 3113 1
2825 908 1
2825 972 1
84 2914 1
84 1460 1
39 2113 1
39 2766 1
39 114 1
1403 2148 1
1403 951 1
1403 983 1
1403 1367 1
493 1946 1
493 1644 1
2397 552 1
3168 3145 1
1562 3616 1
1562 2890 1
1562 982 1
1380 2460 1
1380 3422 1
924 3054 1
924 1952 1
924 1750 1
924 1096 1
2118 3253 1
2118 1760 1
2118 2337 1
2118 2061 1
2118 1863 1
1485 1672 1
1485 378 1
1485 1228 1
1485 876 1
1485 860 1
1485 2294 1
1485 461 1
1900 1342 1
1900 350 1
1900 685 1
1900 2447 1
1900 1472 1
1900 3393 1
1900 1219 1
1900 404 1
1228 3353 1
1228 2746 1
1228 2379 1
1954 449 1
2327 3267 1
2327 2949 1
2327 1593 1
2327 1185 1
540 2874 1
540 652 1
540 896 1
540 1897 1
2784 3658 1
357 1399 1
357 3300 1
2562 2018 1
2562 3183 1
1799 2440 1
2682 3278 1
2682 303 1
2682 3600 1
2682 1951 1
3121 1875 1
3095 3450 1
3095 1920 1
3095 1346 1
3095 3501 1
3714 549 1
3714 186 1
3714 3107 1
3714 2309 1
3714 2212 1
3714 2199 1
3714 2619 1
3714 2183 1
3714 1123 1
3714 763 1
3239 1447 1
3239 1863 1
3239 1708 1
2536 176 1
3743 2986 1
3743 1533 1
3743 2972 1
3743 2755 1
3743 2297 1
3743 566 1
3743 3461 1
3743 770 1
3743 2556 1
761 3626 1
761 546 1
761 3379 1
761 2410 1
761 1973 1
761 2787 1
761 233 1
761 1685 1
761 1842 1
761 3682 1
761 1613 1
3069 615 1
3069 1268 1
3069 995 1
1631 1901 1
1631 2248 1
1631 1457 1
1631 2441 1
1631 3348 1
1631 976 1
1631 2953 1
1631 3599 1
1631 2798 1
3356 1519 1
3356 3556 1
489 3263 1
489 3516 1
1833 3232 1
2585 3122 1
2585 1159 1
2585 2218 1
2585 627 1
2585 958 1
2585 1662 1
2585 1755 1
2585 3221 1
2585 3291 1
2585 2275 1
2283 235 1
2283 3630 1
1290 1572 1
1290 1494 1
520 3620 1
520 2192 1
520 2760 1
520 2281 1
520 3683 1
520 27 1
520 387 1
1526 1770 1
813 354 1
3258 2013 1
3258 2785 1
3089 2276 1
3089 458 1
3089 2865 1
3089 351 1
3089 2853 1
3089 324 1
3089 395 1
3089 1751 1
3089 2854 1
3089 1968 1
2035 287 1
2457 3495 1
2457 3217 1
2457 3650 1
2457 2340 1
2457 639 1
2457 234 1
2457 984 1
2457 2563 1
2955 3391 1
2955 2339 1
2955 605 1
2141 3406 1
2141 3602 1
2141 2967 1
2141 1679 1
2141 500 1
154 1546 1
2812 1601 1
2812 2504 1
2812 2866 1
1151 1628 1
1678 155 1
2622 1060 1
2622 2280 1
2622 2679 1
2622 2169 1
3046 2175 1
3046 1055 1
3046 872 1
3046 2349 1
1385 1381 1
3523 2956 1
3544 1849 1
901 2814 1
901 1324 1
901 488 1
1984 1686 1
1984 2694 1
1019 1115 1
1019 3011 1
1019 3613 1
2223 1759 1
2223 1284 1
2223 1539 1
2223 1995 1
2223 1971 1
2223 2754 1
2223 332 1
2223 2922 1
2223 947 1
723 2620 1
1303 418 1
1323 3423 1
1323 3317 1
1323 1621 1
1323 934 1
1817 3706 1
1817 3055 1
1400 389 1
1400 3709 1
1400 2957 1
1400 1361 1
1811 1125 1
1811 2973 1
2115 840 1
2115 1478 1
1046 2106 1
1046 2617 1
709 1186 1
3042 1049 1
578 953 1
578 2487 1
578 1948 1
578 1221 1
578 363 1
578 1091 1
2370 2062 1
2370 253 1
3691 400 1
3691 649 1
3691 1640 1
3691 1244 1
3485 1436 1
3485 3362 1
3485 1020 1
3485 85 1
3485 459 1
3538 3025 1
2002 3661 1
2002 2927 1
1143 3224 1
1143 594 1
751 51 1
751 1675 1
751 2758 1
751 2361 1
2285 2501 1
3662 674 1
2525 677 1
2525 1505 1
2525 56 1
2525 2089 1
2525 407 1
2525 3265 1
2525 3402 1
2525 401 1
2525 3439 1
2525 2689 1
2525 3659 1
2525 3698 1
2525 1645 1
2525 290 1
2145 139 1
1756 3381 1
1756 2605 1
1756 1065 1
1756 3506 1
1756 1426 1
3142 3154 1
3142 2736 1
3151 3169 1
3151 2900 1
3151 2630 1
3151 941 1
381 1972 1
381 338 1
381 3096 1
11 3465 1
11 2941 1
3196 3742 1
3196 492 1
3196 3303 1
780 2982 1
780 767 1
780 6 1
780 2312 1
780 2259 1
2158 654 1
2158 208 1
1893 1752 1
1893 3576 1
1893 2225 1
1893 59 1
1893 1071 1
1893 1289 1
1893 916 1
1893 2341 1
1194 2845 1
1194 2420 1
1194 1560 1
1194 1848 1
1194 2431 1
1194 3126 1
1194 1315 1
1194 1156 1
2498 2242 1
2498 3199 1
2498 1133 1
2498 150 1
2498 1518 1
2498 2803 1
2498 1621 1
2498 498 1
2498 1916 1
2498 3155 1
2498 3504 1
2498 1610 1
706 2291 1
706 283 1
706 2695 1
706 624 1
706 547 1
706 661 1
706 2737 1
706 2151 1
706 143 1
706 2237 1
706 886 1
706 1734 1
706 423 1
706 2999 1
2123 848 1
1680 3442 1
183 2932 1
183 993 1
183 3028 1
3041 3372 1
3041 97 1
3041 81 1
3041 1506 1
3041 222 1
3041 2641 1
3041 559 1
2042 3415 1
2042 2911 1
2042 3067 1
2445 2056 1
2445 1376 1
2445 3212 1
2445 2253 1
2445 3105 1
2445 620 1
2445 2774 1
2445 3215 1
2445 337 1
1299 372 1
1299 1183 1
1299 1800 1
1299 341 1
1299 1413 1
2316 946 1
2316 1600 1
2316 1894 1
2316 3543 1
2316 2671 1
386 1449 1
386 1052 1
386 111 1
386 1191 1
1058 1955 1
3349 1874 1
3304 57 1
3304 679 1
2524 161 1
868 721 1
868 2469 1
868 662 1
868 1574 1
868 1531 1
868 2729 1
868 3519 1
868 1517 1
868 887 1
868 1846 1
3734 1225 1
2748 1821 1
3403 86 1
3403 2992 1
3403 1009 1
465 2160 1
465 997 1
465 1430 1
465 3610 1
465 3251 1
465 1591 1
465 2528 1
3579 702 1
3579 3382 1
2583 2933 1
1553 1487 1
1553 2485 1
1553 1837 1
1887 3075 1
1887 1169 1
1887 523 1
1887 2961 1
1887 1785 1
1887 2462 1
1887 1028 1
1887 3087 1
1887 1719 1
1887 748 1
1887 2523 1
1887 632 1
2343 2532 1
2343 3305 1
2343 2522 1
2343 1917 1
2343 80 1
2343 2568 1
517 402 1
517 3289 1
517 2513 1
517 2219 1
517 548 1
517 2572 1
517 1405 1
517 830 1
517 1793 1
3068 1429 1
3068 3736 1
3068 1742 1
2038 2550 1
2038 3534 1
2038 2728 1
2038 333 1
2038 207 1
2038 2423 1
2038 1163 1
1816 3202 1
1816 1104 1
2173 3294 1
2173 2656 1
2173 1998 1
1523 550 1
2904 1794 1
2904 157 1
2904 1406 1
2904 1966 1
2904 3513 1
2904 1595 1
2904 1051 1
2904 623 1
2904 2732 1
2904 2581 1
2904 249 1
2168 369 1
2168 579 1
1607 1209 1
1607 87 1
1607 758 1
1607 313 1
1607 2607 1
1607 2137 1
1607 3404 1
3620 3530 1
888 125 1
888 3157 1
888 2236 1
888 1040 1
888 2433 1
888 2800 1
888 545 1
888 2711 1
888 2277 1
888 598 1
888 1367 1
888 2150 1
1162 3532 1
2246 2579 1
2246 3594 1
3104 1053 1
2139 2402 1
2139 2613 1
2139 3216 1
2139 2110 1
2139 1626 1
2139 1882 1
2139 2298 1
2139 258 1
2139 2224 1
2139 2958 1
2450 2576 1
2450 3361 1
2450 2541 1
2450 2993 1
2450 931 1
2450 2702 1
2450 250 1
1945 1112 1
1945 2446 1
1945 1149 1
1207 264 1
3124 470 1
3124 3272 1
3124 2722 1
3219 850 1
3219 2390 1
3219 3288 1
3219 1902 1
2359 1548 1
2359 11 1
3413 571 1
3413 218 1
3413 551 1
3413 1432 1
3413 2759 1
3658 2540 1
3658 1743 1
3575 1187 1
3575 2600 1
1370 2859 1
1370 3686 1
1705 3158 1
164 1035 1
164 3456 1
164 1866 1
164 428 1
164 1857 1
1328 3559 1
2425 2234 1
2425 2413 1
2425 865 1
1395 167 1
1395 507 1
1395 1233 1
1395 1481 1
1395 3285 1
1395 1199 1
1395 3533 1
1395 2486 1
670 3699 1
670 814 1
670 1651 1
3114 1167 1
3114 1698 1
3114 1042 1
3114 1307 1
3114 2049 1
736 1888 1
736 3370 1
736 3020 1
736 1914 1
736 152 1
1005 3128 1
2216 2936 1
2216 2634 1
2216 1710 1
2216 2184 1
2856 815 1
3472 1320 1
3472 3517 1
3472 926 1
3014 1043 1
3014 592 1
3014 787 1
3014 472 1
3014 580 1
513 2279 1
513 3133 1
513 774 1
236 273 1
236 1079 1
236 3346 1
236 2383 1
236 2889 1
236 1903 1
236 349 1
236 2004 1
236 793 1
236 320 1
236 1889 1
818 3635 1
2252 910 1
412 583 1
412 2146 1
412 2918 1
2647 2076 1
2647 607 1
2647 671 1
2647 362 1
2641 1270 1
1418 1029 1
1418 1204 1
1418 1922 1
243 1154 1
243 1617 1
243 520 1
243 474 1
243 473 1
2892 1031 1
2892 2872 1
2892 2823 1
2892 193 1
2892 1646 1
2892 2229 1
3206 285 1
2333 1175 1
2333 2257 1
3365 1830 1
3365 1872 1
3590 1915 1
3590 1603 1
3590 3444 1
3590 1187 1
3590 1899 1
1860 237 1
1860 2024 1
1238 3528 1
1238 3536 1
2490 1905 1
2490 693 1
3740 2506 1
3740 998 1
3740 1215 1
816 3742 1
816 1168 1
816 3612 1
816 800 1
816 927 1
816 1841 1
816 3588 1
816 2000 1
816 165 1
816 2655 1
816 680 1
816 1681 1
816 1907 1
816 2771 1
816 986 1
816 2075 1
816 938 1
816 1492 1
816 2405 1
1402 1911 1
1402 9 1
1402 3042 1
1402 2003 1
3643 1864 1
3643 1843 1
1599 1947 1
1599 484 1
2026 1985 1
2026 187 1
2026 2474 1
2026 2190 1
2750 1234 1
2750 2808 1
1056 2404 1
1056 1105 1
1056 2448 1
1056 930 1
1466 2667 1
1466 2777 1
2192 2107 1
2192 360 1
2192 3172 1
2192 2300 1
2051 438 1
2196 1152 1
2196 1358 1
2196 2380 1
2196 2662 1
2196 2193 1
2196 3032 1
2196 3256 1
808 667 1
2712 2054 1
2712 2662 1
2712 159 1
245 256 1
245 792 1
245 1720 1
245 1374 1
245 856 1
245 2601 1
1614 2094 1
2538 3298 1
2538 1087 1
2538 3335 1
2538 1524 1
2538 1282 1
2538 1036 1
2538 3312 1
2538 3101 1
3395 149 1
3395 2530 1
3395 1758 1
1987 78 1
1693 2723 1
1693 2618 1
1693 888 1
1693 3109 1
1693 2027 1
1693 3297 1
1693 2514 1
1693 2884 1
1693 184 1
1693 610 1
1693 2080 1
1693 1171 1
1693 2826 1
1693 1033 1
1693 2886 1
3457 178 1
3457 2292 1
3457 2204 1
3457 1956 1
3457 3076 1
664 3187 1
1229 2743 1
3591 2195 1
4 1147 1
4 131 1
1923 919 1
1923 3175 1
1923 2293 1
1923 454 1
1923 3716 1
1648 994 1
394 92 1
455 209 1
455 1041 1
455 2885 1
455 588 1
455 1639 1
455 180 1
455 2273 1
455 1552 1
455 1514 1
455 74 1
455 2333 1
455 305 1
455 625 1
2974 2515 1
2974 3655 1
2974 129 1
2974 874 1
2974 1114 1
2974 1697 1
2974 2895 1
2974 2954 1
2974 1189 1
2974 1237 1
2974 3057 1
2974 2549 1
2974 2801 1
293 1522 1
230 2283 1
230 457 1
2657 3248 1
2657 238 1
1702 1069 1
1702 1479 1
1738 2980 1
1738 1723 1
1738 1637 1
3296 1311 1
3296 1086 1
2453 532 1
2453 3448 1
2453 2143 1
2453 3596 1
2453 2809 1
2453 3723 1
2453 262 1
2453 246 1
2453 1127 1
1177 1100 1
1177 1025 1
1177 881 1
1177 213 1
1177 3462 1
1177 1776 1
1177 936 1
1177 2542 1
1792 529 1
1792 2020 1
1792 1223 1
160 3188 1
272 3360 1
272 2875 1
272 3424 1
272 917 1
361 969 1
361 1696 1
361 2752 1
361 355 1
353 2837 1
353 1931 1
2270 581 1
451 3194 1
2117 1301 1
2117 22 1
2117 1649 1
2117 1092 1
2117 2185 1
13 2287 1
13 3112 1
13 200 1
437 3364 1
437 3646 1
916 2232 1
916 2030 1
916 2200 1
515 3527 1
515 2426 1
515 2072 1
515 1103 1
515 2709 1
515 166 1
515 1222 1
515 2675 1
515 2987 1
515 3707 1
515 1937 1
515 2014 1
515 3744 1
515 3047 1
515 1298 1
515 3719 1
515 1475 1
515 2547 1
515 284 1
3727 26 1
732 216 1
732 503 1
732 3058 1
732 2531 1
732 330 1
3668 2152 1
3668 2557 1
2692 2747 1
23 2951 1
2128 501 1
2128 1752 1
2128 2658 1
2128 1616 1
2128 2087 1
2128 3689 1
2128 1289 1
2128 1442 1
2128 2021 1
2128 3029 1
2128 3499 1
2128 1153 1
2128 949 1
2128 3648 1
2128 2366 1
2128 329 1
2128 1576 1
106 1017 1
793 3043 1
793 2827 1
1351 766 1
1351 1941 1
1351 1246 1
1577 2355 1
2203 3210 1
3159 3274 1
3159 3570 1
2597 2995 1
2597 2328 1
2597 409 1
3146 3050 1
3146 3277 1
3146 2894 1
3146 3290 1
3146 1063 1
1484 691 1
1484 1235 1
1484 3241 1
1205 2213 1
2688 1230 1
2116 54 1
2116 2739 1
2020 2063 1
2345 3481 1
2345 3656 1
3557 2159 1
3557 683 1
3557 158 1
3557 2636 1
3557 869 1
3557 2849 1
3557 706 1
3557 1056 1
3557 823 1
3557 3343 1
3557 118 1
3557 3120 1
3557 727 1
3557 107 1
3571 889 1
3571 2704 1
3571 2036 1
3571 962 1
3571 1439 1
1271 3463 1
1271 2086 1
2861 3624 1
2861 3079 1
2861 2805 1
964 2368 1
964 3748 1
3537 2496 1
3537 1010 1
3097 1334 1
2262 3565 1
2262 556 1
2262 1078 1
2262 3220 1
2262 3396 1
2262 1724 1
1190 38 1
2247 2395 1
2247 485 1
307 3418 1
307 634 1
307 2165 1
1491 891 1
1491 115 1
1491 2726 1
1491 88 1
1491 175 1
1491 421 1
943 3608 1
943 710 1
943 1712 1
943 608 1
943 1850 1
943 1753 1
1700 2942 1
1700 795 1
3093 1002 1
2674 151 1
2099 141 1
2099 223 1
2099 261 1
3730 3649 1
3730 781 1
3730 1269 1
3730 504 1
3730 1347 1
3730 1653 1
3730 3373 1
3730 2940 1
3730 3097 1
3730 2307 1
3730 257 1
3730 2533 1
3165 3690 1
3165 1080 1
2241 1394 1
2241 2791 1
3350 1885 1
3350 840 1
3350 2330 1
3350 2041 1
356 1988 1
356 1660 1
356 1957 1
356 2762 1
356 2418 1
356 10 1
356 439 1
1964 1741 1
1964 3078 1
1964 33 1
301 3007 1
1252 764 1
1252 512 1
3633 514 1
1716 582 1
1716 1243 1
1468 666 1
1468 1999 1
1468 495 1
1468 1859 1
1468 3320 1
1468 2375 1
1468 1262 1
1468 1622 1
1468 784 1
1468 2304 1
1468 1107 1
1468 845 1
1651 2580 1
1651 1106 1
1651 77 1
2134 1735 1
3094 47 1
3094 1157 1
3094 647 1
3094 1446 1
3094 2422 1
3094 162 1
3094 358 1
3094 1547 1
950 3166 1
950 1624 1
950 241 1
2970 1087 1
2757 138 1
2757 117 1
474 282 1
474 521 1
474 2924 1
474 3508 1
474 2135 1
474 3264 1
474 3443 1
474 944 1
474 291 1
474 3640 1
474 366 1
474 3615 1
474 979 1
474 1669 1
474 1199 1
474 173 1
474 959 1
474 420 1
1770 3131 1
3201 2226 1
385 846 1
385 537 1
2817 286 1
2817 2187 1
2817 1212 1
2817 121 1
2817 2840 1
1873 561 1
1994 1273 1
1994 530 1
1994 1003 1
1994 2334 1
1994 528 1
1994 3329 1
1994 2005 1
1994 701 1
1994 1935 1
1994 396 1
2043 1938 1
2043 2119 1
1097 135 1
1462 2573 1
3401 1958 1
882 3464 1
882 153 1
882 2847 1
882 1886 1
2733 724 1
568 3518 1
568 1145 1
568 2 1
568 3435 1
1927 2735 1
778 1120 1
778 1368 1
778 3475 1
778 1486 1
778 1913 1
778 444 1
778 1564 1
778 3535 1
3741 1130 1
2753 2857 1
768 3641 1
768 1789 1
768 392 1
768 1179 1
768 3584 1
768 2378 1
867 3679 1
867 2763 1
867 775 1
1720 3546 1
1224 1636 1
1224 1387 1
2392 1812 1
2392 1969 1
234 1764 1
234 3580 1
234 2786 1
730 1459 1
618 2028 1
618 2751 1
618 2235 1
1748 786 1
1748 789 1
1748 2470 1
3569 2354 1
960 1274 1
960 169 1
960 3132 1
960 2789 1
960 217 1
960 3065 1
960 1197 1
629 2637 1
629 3207 1
629 1836 1
629 1220 1
3162 3386 1
3162 1527 1
3162 108 1
3162 2744 1
3162 2868 1
3162 921 1
3162 2258 1
3162 3561 1
3162 3198 1
3162 3347 1
3162 1188 1
26 177 1
3230 1991 1
3230 1316 1
3230 1619 1
1286 70 1
1286 1542 1
1286 2182 1
1286 657 1
1286 3729 1
725 2652 1
725 1001 1
1495 1500 1
1585 2764 1
1585 684 1
1585 252 1
1585 2281 1
1585 3660 1
1585 1419 1
3635 1981 1
3635 2125 1
3635 3082 1
3635 3598 1
2716 880 1
2716 638 1
2716 2834 1
1839 3484 1
3488 853 1
3488 3554 1
247 2730 1
247 1862 1
247 3344 1
247 1362 1
247 3147 1
3059 844 1
1711 2274 1
1711 1962 1
1711 1305 1
1711 1535 1
3064 3737 1
3308 2658 1
877 1425 1
877 1250 1
877 3211 1
877 1415 1
877 2793 1
446 2269 1
446 1701 1
446 1658 1
446 3498 1
446 101 1
486 762 1
886 3323 1
886 759 1
2381 2558 1
2381 425 1
2381 2683 1
2381 182 1
2381 1037 1
1240 3427 1
1240 3572 1
1240 3174 1
1240 954 1
1240 1845 1
1240 1249 1
2660 379 1
2660 1375 1
2660 1398 1
2660 801 1
2660 1936 1
2660 1643 1
3240 1543 1
3240 2082 1
3240 1304 1
3240 194 1
2696 1488 1
1790 2925 1
3563 2414 1
3563 771 1
3563 359 1
3563 2329 1
3563 1408 1
1093 94 1
1093 700 1
1093 18 1
309 2915 1
309 202 1
309 3115 1
309 785 1
2666 45 1
2666 466 1
2666 2140 1
2666 2792 1
2666 1813 1
2666 1502 1
3281 1409 1
171 658 1
171 1111 1
171 3324 1
171 1337 1
171 3177 1
1059 1939 1
1059 168 1
1059 2461 1
304 1532 1
304 3715 1
304 1528 1
304 2926 1
522 3605 1
522 777 1
522 102 1
522 2674 1
1199 3673 1
1199 2638 1
1199 2382 1
2384 2078 1
2384 1747 1
2384 2197 1
2384 2836 1
2384 294 1
2384 3389 1
2384 464 1
2205 477 1
2205 3017 1
2205 2750 1
2205 3432 1
2205 1578 1
2205 3330 1
2205 1352 1
2205 2419 1
2205 832 1
112 3405 1
112 1787 1
112 440 1
1993 2201 1
1730 1965 1
1730 2705 1
1730 733 1
1730 2779 1
1730 2820 1
1333 490 1
1333 1469 1
1333 2856 1
1333 1587 1
1333 1254 1
1333 2247 1
1333 3031 1
1333 609 1
2724 2748 1
2724 3529 1
462 3722 1
462 1278 1
462 352 1
1072 2315 1
8 279 1
633 1464 1
633 3310 1
633 2511 1
1124 1210 1
1124 3015 1
1124 841 1
1124 2491 1
1124 1371 1
1260 1555 1
1313 214 1
1313 2610 1
2681 2749 1
1580 2338 1
1580 3352 1
1580 3368 1
1580 1364 1
441 2083 1
2126 3108 1
2126 3663 1
2126 2824 1
2126 112 1
2126 3178 1
2126 643 1
3234 905 1
3234 1164 1
977 981 1
977 1032 1
3134 3195 1
2813 3063 1
558 2186 1
558 1786 1
1066 1871 1
3189 1363 1
1166 2907 1
1166 2714 1
1166 89 1
1166 1437 1
1118 2698 1
1118 3044 1
1118 1000 1
1118 3326 1
1118 704 1
2308 3685 1
2071 1627 1
2071 3235 1
2071 2703 1
2071 37 1
3155 3127 1
3038 3625 1
3038 2231 1
3038 1126 1
3038 3433 1
3038 128 1
3038 1302 1
3038 1822 1
3038 3190 1
3038 3703 1
3038 65 1
3038 343 1
3038 384 1
3038 1213 1
3038 3657 1
326 430 1
326 2635 1
326 364 1
326 3182 1
326 1450 1
326 2768 1
326 1673 1
2828 2170 1
2828 325 1
2828 2520 1
2828 1503 1
2828 3136 1
2828 1538 1
2828 1489 1
2828 227 1
2828 2357 1
2828 2794 1
2828 1427 1
2828 1828 1
2828 726 1
2828 1066 1
2828 2305 1
2828 1433 1
2828 3623 1
3617 2064 1
3617 573 1
3617 3242 1
3617 1757 1
3617 646 1
3617 2399 1
3617 827 1
3617 3398 1
3617 2742 1
3617 2916 1
3617 2047 1
3617 1945 1
3617 90 1
3617 1288 1
3617 3227 1
3617 243 1
3617 2208 1
3617 394 1
3617 1781 1
3617 2416 1
3617 1656 1
3617 106 1
3617 3201 1
3617 1075 1
3617 2846 1
3617 2594 1
3617 3012 1
3617 1068 1
3617 2031 1
3617 682 1
3617 1959 1
3617 2626 1
3617 3354 1
3617 3229 1
46 2838 1
3332 3118 1
3332 538 1
3332 711 1
3100 2046 1
3100 987 1
1584 742 1
1584 864 1
1584 3214 1
1584 650 1
1584 2452 1
414 2032 1
414 1908 1
414 1611 1
2505 1678 1
2505 629 1
2806 3272 1
2806 1919 1
1932 2198 1
1932 35 1
1932 2650 1
1932 3558 1
1932 744 1
1932 1319 1
1932 3349 1
1932 3614 1
1932 2067 1
1932 1825 1
1932 2263 1
3417 1203 1
3417 3541 1
3417 2935 1
3417 3419 1
3417 2648 1
3417 2721 1
3417 2796 1
3417 1777 1
3417 146 1
819 1831 1
819 2781 1
2396 3016 1
2396 1390 1
2396 3595 1
1140 1396 1
1140 2830 1
1140 2353 1
1140 494 1
1140 215 1
1140 3621 1
1140 2261 1
1140 1664 1
1140 3356 1
1140 3001 1
1140 3662 1
1140 2336 1
1140 794 1
1140 1625 1
1140 3725 1
1140 1098 1
1140 204 1
1140 1393 1
28 895 1
28 2215 1
28 1883 1
2312 3578 1
2998 796 1
3507 1525 1
3627 1581 1
2642 1340 1
2642 1910 1
2642 1378 1
3704 1256 1
3704 2044 1
3704 595 1
1006 3255 1
1006 3179 1
1006 3077 1
1006 2153 1
1006 1677 1
508 2465 1
508 172 1
508 1012 1
508 1721 1
508 557 1
1044 2969 1
1044 2009 1
1044 2010 1
1044 1165 1
1044 2306 1
1044 2039 1
1044 2493 1
1044 1556 1
1044 3269 1
1044 3225 1
1044 3410 1
1044 1217 1
3149 3039 1
682 109 1
682 199 1
682 2842 1
682 1661 1
682 2478 1
682 3208 1
3407 2770 1
3407 3049 1
3407 1061 1
3407 3609 1
3407 2710 1
3407 499 1
3407 1732 1
3407 412 1
3407 1386 1
3407 2776 1
3407 937 1
3407 2060 1
3407 2326 1
3407 1761 1
3407 3374 1
3407 3222 1
217 2943 1
1353 1054 1
1353 2896 1
2369 2065 1
2369 1507 1
2369 612 1
2369 3306 1
2369 91 1
3021 955 1
898 1341 1
898 884 1
898 541 1
898 1081 1
898 3522 1
898 3359 1
898 952 1
898 3502 1
2272 996 1
2272 64 1
2272 1338 1
2272 140 1
695 2427 1
695 2975 1
695 2233 1
695 3056 1
695 1642 1
695 3470 1
1549 2351 1
1549 2502 1
1549 2022 1
1549 2045 1
1549 40 1
1549 3325 1
1549 2870 1
1549 678 1
1549 3102 1
3343 2473 1
3343 1082 1
1713 2928 1
1713 3583 1
1355 1208 1
1595 3728 1
1595 1820 1
1595 2609 1
2096 1381 1
1956 178 1
1956 2292 1
1956 3076 1
1513 3231 1
1513 1722 1
96 2863 1
96 3366 1
96 1335 1
96 2429 1
96 221 1
1448 2669 1
2360 1970 1
2360 2066 1
2360 2238 1
2360 2225 1
2360 59 1
2360 493 1
2360 644 1
2360 1893 1
2360 361 1
2360 3693 1
2360 916 1
2360 422 1
2360 1638 1
2360 1953 1
2360 355 1
2360 2030 1
2360 1997 1
2360 3167 1
2360 2200 1
2360 2903 1
2360 734 1
63 3700 1
63 1193 1
63 939 1
63 2599 1
63 593 1
2407 2406 1
2407 2019 1
745 1321 1
745 2964 1
745 797 1
745 2818 1
745 2117 1
1257 1317 1
1257 3262 1
1257 2518 1
1257 3116 1
1257 772 1
1257 562 1
1257 2534 1
1257 3503 1
1257 799 1
1257 1452 1
1257 2654 1
1257 3531 1
1004 769 1
1452 1147 1
1801 1150 1
1801 2127 1
1801 2016 1
1801 2484 1
1801 2799 1
1801 2937 1
1801 3710 1
1801 2566 1
1801 2741 1
1801 374 1
1801 1890 1
1801 1476 1
1801 1504 1
1801 99 1
922 3086 1
922 1824 1
922 928 1
922 62 1
922 2166 1
922 3111 1
1567 3026 1
1567 692 1
120 755 1
1997 2898 1
1997 2811 1
1997 3226 1
1997 1275 1
1997 2317 1
1997 3070 1
1997 431 1
3603 1227 1
3603 2189 1
3603 3337 1
3603 2365 1
3603 3003 1
3603 1135 1
3603 3254 1
3603 1285 1
1102 3200 1
1102 1085 1
1102 601 1
459 2408 1
459 1703 1
1172 1038 1
1172 2643 1
3500 1094 1
3500 379 1
3500 801 1
3500 1295 1
3500 2660 1
269 1236 1
269 3426 1
269 3245 1
269 1219 1
269 2245 1
757 3696 1
757 694 1
757 2569 1
757 569 1
757 3244 1
757 1609 1
757 2881 1
757 2508 1
757 331 1
1634 740 1
1307 1477 1
1307 668 1
404 3742 1
404 1602 1
404 2271 1
404 1838 1
404 1904 1
404 862 1
404 2510 1
404 673 1
1392 3318 1
1392 3671 1
1392 3468 1
1765 3066 1
1765 32 1
1765 2778 1
1765 2124 1
3618 3314 1
3618 2142 1
3618 2432 1
3618 2906 1
3618 306 1
3618 3490 1
3618 3138 1
3618 1026 1
3618 1676 1
3618 1606 1
3143 843 1
3143 2415 1
3143 932 1
3143 1102 1
2672 3630 1
2222 1858 1
2222 2476 1
1990 2668 1
1990 2938 1
1990 2098 1
1990 219 1
1990 3239 1
1990 2141 1
1990 746 1
1990 737 1
1990 2320 1
1990 1388 1
1990 3159 1
1990 630 1
1990 1345 1
1990 3234 1
1990 2560 1
1990 3150 1
1990 1422 1
2570 961 1
2570 3553 1
2570 2645 1
681 2929 1
681 619 1
681 1665 1
681 2910 1
2922 2775 1
2922 899 1
2922 1717 1
3167 3477 1
596 2821 1
3729 2103 1
3033 327 1
483 560 1
483 1530 1
980 2102 1
980 315 1
2029 2325 1
339 2372 1
339 2614 1
2428 113 1
2428 2564 1
2428 1329 1
2428 2363 1
2654 712 1
2654 3680 1
1684 5 1
1684 224 1
2386 597 1
1902 3585 1
2901 1974 1
2901 2611 1
2901 3008 1
2901 1182 1
24 66 1
24 2864 1
24 3260 1
24 2990 1
24 971 1
24 2725 1
24 2380 1
24 2411 1
24 195 1
24 945 1
24 709 1
24 119 1
24 3479 1
24 2196 1
24 455 1
24 3493 1
24 3494 1
24 2193 1
24 1480 1
24 2207 1
24 3256 1
24 2574 1
24 1322 1
24 909 1
24 2174 1
2555 475 1
2555 1851 1
2626 3735 1
574 3631 1
574 3345 1
574 1196 1
574 239 1
574 2356 1
574 1683 1
2756 925 1
663 502 1
2684 1389 1
2684 2364 1
2684 1083 1
2684 2077 1
2684 376 1
3057 2727 1
1868 2833 1
1868 3548 1
1868 1370 1
1868 3740 1
1868 3446 1
1868 2644 1
1868 7 1
1868 1563 1
1868 2475 1
1470 1691 1
1470 1496 1
2412 714 1
2412 174 1
2412 3062 1
2412 645 1
2412 3674 1
3022 805 1
3022 902 1
3022 826 1
3022 750 1
1773 1803 1
2456 567 1
2456 513 1
2456 3408 1
2456 2477 1
2456 2424 1
2456 228 1
2456 2519 1
3120 319 1
3295 907 1
3295 2802 1
3295 3644 1
3295 1011 1
3295 2603 1
3295 2852 1
3295 1801 1
2025 3184 1
2659 198 1
2659 2264 1
2659 3334 1
2659 1744 1
2659 3738 1
2659 1443 1
2659 1605 1
2659 716 1
2659 1550 1
2659 3678 1
2659 3173 1
2659 2891 1
1422 127 1
1422 1431 1
1422 2180 1
1422 3315 1
3076 2188 1
3076 2913 1
3076 2348 1
3327 1279 1
3327 1467 1
3327 866 1
2879 1687 1
2879 58 1
978 802 1
985 2393 1
274 1814 1
1654 974 1
1654 2807 1
1654 3606 1
1654 1067 1
1654 375 1
1654 1879 1
1654 641 1
1654 3161 1
1654 2608 1
1654 2783 1
1654 1108 1
1654 1778 1
122 181 1
765 533 1
765 2699 1
765 2897 1
765 11 1
765 2323 1
765 2163 1
765 2692 1
765 2535 1
765 738 1
765 415 1
765 2747 1
2472 1241 1
1306 1296 1
1306 2882 1
1306 211 1
1306 2155 1
1306 2959 1
1306 225 1
1306 791 1
1306 3581 1
1306 904 1
1306 1512 1
1306 1565 1
1306 806 1
1306 2740 1
1306 606 1
1306 855 1
1217 1407 1
1217 3666 1
1217 383 1
1217 2718 1
1217 3304 1
1217 2606 1
1217 2816 1
1217 2879 1
1217 1490 1
478 599 1
478 2069 1
478 3083 1
1504 718 1
1504 2068 1
1588 3249 1
1588 875 1
1588 2860 1
1588 3286 1
1588 365 1
1588 1264 1
1588 380 1
1588 31 1
107 205 1
107 1650 1
2398 1235 1
240 1655 1
3551 43 1
3551 3665 1
3551 2596 1
3551 3592 1
487 403 1
487 655 1
487 1283 1
487 3339 1
487 1101 1
487 471 1
487 71 1
487 318 1
487 1142 1
487 833 1
487 1161 1
487 1808 1
487 687 1
487 2649 1
487 3711 1
487 2615 1
719 1412 1
719 2371 1
719 3279 1
719 2058 1
719 2164 1
719 3045 1
114 735 1
1084 3434 1
3144 1659 1
3144 2981 1
3144 3106 1
3144 2373 1
3144 980 1
3144 854 1
2376 335 1
2376 3316 1
334 2661 1
334 1586 1
334 1791 1
334 3319 1
334 3307 1
334 822 1
334 1690 1
2266 316 1
1163 1007 1
1163 1243 1
1163 2680 1
1163 1529 1
1163 1840 1
1163 2209 1
1163 1174 1
1163 2639 1
1163 1762 1
3574 653 1
3574 669 1
3574 3246 1
3574 2074 1
3574 2344 1
3574 1668 1
3574 2481 1
3574 1493 1
3574 642 1
3574 2388 1
3574 539 1
3574 1795 1
3574 3328 1
3574 2057 1
734 2255 1
734 2700 1
734 2084 1
3623 1062 1
3623 1455 1
3623 2282 1
3623 1192 1
3623 3243 1
1424 3257 1
2079 3284 1
2079 3139 1
2079 3270 1
2079 2099 1
2079 2387 1
2079 326 1
2079 1420 1
2512 310 1
2512 3148 1
2512 2930 1
2512 2788 1
2512 3681 1
2512 2492 1
2509 756 1
2509 2946 1
2509 690 1
2509 1160 1
2509 426 1
2509 1435 1
3140 2559 1
524 961 1
524 3553 1
524 185 1
524 3002 1
524 1899 1
3447 1718 1
3447 2034 1
3447 242 1
3447 1444 1
3447 3009 1
3447 1343 1
3447 1089 1
3447 722 1
3447 3311 1
3447 3375 1
3447 496 1
3447 1670 1
2640 289 1
3451 1034 1
3451 292 1
3451 3454 1
3451 2220 1
3451 3022 1
2624 2288 1
2624 1796 1
2624 1694 1
572 1259 1
572 542 1
572 2012 1
572 3486 1
3449 1901 1
3449 1403 1
3449 1485 1
3449 1050 1
3449 3597 1
3449 93 1
3449 1557 1
3449 1933 1
1176 2156 1
1176 3720 1
1176 434 1
1176 480 1
1176 3512 1
1176 3487 1
586 754 1
586 3607 1
586 3213 1
586 1635 1
586 2157 1
586 3566 1
586 2858 1
