1147 869 1
1147 893 1
1147 1086 1
785 51 1
1465 1444 1
1465 1488 1
1465 1077 1
1465 30 1
1465 1559 1
1465 412 1
1465 1706 1
1465 1172 1
1465 1087 1
1274 763 1
1274 1359 1
1274 1395 1
1274 1242 1
1274 307 1
1274 1804 1
1274 1134 1
1274 1332 1
1274 1690 1
1818 813 1
1818 1535 1
1818 422 1
1818 548 1
1818 1888 1
1818 1155 1
1818 1407 1
1818 1803 1
1818 1109 1
1818 738 1
136 1654 1
1515 83 1
1515 373 1
1515 541 1
1515 2 1
942 940 1
1041 1608 1
1041 156 1
930 1818 1
930 288 1
930 591 1
930 514 1
930 1489 1
930 1737 1
930 240 1
930 606 1
930 1887 1
1079 144 1
1079 211 1
1079 952 1
1079 27 1
107 455 1
331 646 1
331 1866 1
331 481 1
78 881 1
78 378 1
78 988 1
78 1844 1
78 884 1
78 1563 1
78 137 1
78 593 1
78 242 1
78 1857 1
483 209 1
483 609 1
328 1786 1
328 1817 1
42 74 1
42 1878 1
42 515 1
1620 417 1
1620 1843 1
1620 1871 1
1620 261 1
1620 916 1
1620 419 1
1620 50 1
1620 249 1
1620 141 1
1620 271 1
1620 1891 1
1620 220 1
1620 757 1
1649 1353 1
1649 1244 1
1649 1809 1
1237 1290 1
907 1364 1
907 1361 1
907 1557 1
907 1614 1
907 281 1
907 1363 1
907 439 1
907 273 1
489 950 1
489 1805 1
19 247 1
19 835 1
19 32 1
19 264 1
19 1105 1
19 928 1
628 1822 1
628 4 1
628 134 1
628 1192 1
628 48 1
628 118 1
628 227 1
628 73 1
628 1837 1
628 836 1
526 616 1
526 414 1
526 576 1
526 1373 1
526 929 1
1752 1285 1
1752 186 1
1752 1309 1
1752 452 1
1752 662 1
1752 719 1
1752 581 1
1752 858 1
1069 350 1
1069 1226 1
1069 1565 1
1069 1018 1
1069 1454 1
1069 477 1
1069 142 1
1069 1344 1
1262 1474 1
349 1769 1
349 913 1
349 486 1
349 793 1
349 1096 1
349 342 1
349 751 1
349 837 1
349 1736 1
349 1750 1
349 927 1
349 1486 1
349 238 1
349 672 1
349 580 1
349 1108 1
1271 1620 1
1271 941 1
1271 18 1
1271 275 1
1271 327 1
1271 579 1
1271 524 1
1271 1759 1
1271 1297 1
1271 685 1
1271 1129 1
1271 5 1
1271 1039 1
1271 359 1
1271 410 1
1271 1164 1
1271 279 1
1806 115 1
825 357 1
825 321 1
825 1619 1
825 221 1
825 1628 1
1207 1022 1
1207 1576 1
1207 1492 1
1207 1667 1
1207 1357 1
1207 1399 1
1207 1000 1
1207 413 1
1207 1602 1
1207 1188 1
1207 1593 1
1207 519 1
1218 1518 1
1605 910 1
1605 223 1
1605 574 1
1605 351 1
1220 1379 1
1220 815 1
1220 22 1
1220 210 1
945 1523 1
945 1028 1
945 1790 1
1436 572 1
941 1522 1
941 1894 1
941 25 1
941 1012 1
1583 1383 1
1583 1702 1
292 1365 1
292 1695 1
1435 752 1
1435 81 1
1435 38 1
1435 1530 1
799 1897 1
799 1031 1
799 592 1
799 1611 1
799 1211 1
799 1020 1
799 900 1
799 143 1
799 1596 1
799 1630 1
799 1142 1
799 1512 1
1480 1329 1
1480 1855 1
1480 1625 1
1480 1046 1
1480 1307 1
1480 583 1
1480 392 1
1480 690 1
588 1415 1
588 1198 1
588 628 1
588 409 1
588 1342 1
588 1673 1
588 1462 1
588 1066 1
588 1774 1
588 829 1
588 853 1
588 604 1
588 1202 1
588 1281 1
588 507 1
588 1078 1
588 1872 1
588 180 1
409 370 1
570 721 1
570 716 1
570 999 1
1627 1323 1
1627 1019 1
1627 782 1
687 1289 1
687 158 1
687 368 1
687 1034 1
15 458 1
15 1120 1
15 1900 1
1635 734 1
1635 784 1
876 553 1
876 1467 1
724 860 1
724 1146 1
1758 1239 1
1758 956 1
1758 1599 1
1370 1089 1
1370 1780 1
1370 262 1
1370 559 1
1370 654 1
1370 1156 1
1370 1270 1
1370 827 1
1370 1681 1
1370 1913 1
1370 520 1
1370 1724 1
1370 594 1
1370 975 1
1370 1624 1
1370 35 1
1370 962 1
1370 1500 1
1370 1088 1
1370 888 1
1370 460 1
1370 1278 1
1370 1056 1
1370 60 1
1370 314 1
127 838 1
127 1389 1
127 933 1
1546 315 1
1546 1758 1
1546 270 1
1546 196 1
1546 595 1
1546 728 1
424 1499 1
424 1391 1
424 1416 1
424 1709 1
235 246 1
204 106 1
204 189 1
204 623 1
204 1414 1
204 1839 1
204 77 1
204 918 1
204 387 1
204 1178 1
204 1165 1
204 468 1
204 1683 1
1421 76 1
1873 200 1
1196 265 1
1196 1765 1
1196 1799 1
1196 795 1
1196 1812 1
1196 1075 1
1196 1402 1
1196 1368 1
1196 1185 1
1196 1273 1
1196 1899 1
1196 1403 1
1196 1648 1
1196 280 1
1196 1004 1
696 205 1
696 1390 1
696 856 1
1316 1423 1
1848 230 1
1848 1349 1
1221 932 1
1221 643 1
1221 1036 1
747 420 1
1631 231 1
1631 235 1
1631 54 1
1631 1261 1
1631 1864 1
1631 61 1
1631 1519 1
1631 830 1
1631 567 1
1631 1484 1
1631 1592 1
1160 718 1
1418 540 1
1418 1059 1
329 525 1
329 348 1
329 1002 1
870 967 1
870 29 1
870 174 1
304 444 1
304 1377 1
304 1204 1
304 464 1
466 1700 1
466 1657 1
466 1647 1
466 145 1
466 1068 1
466 615 1
1735 1755 1
1735 1778 1
1735 598 1
1735 1106 1
1735 1746 1
1735 393 1
1735 1598 1
1735 263 1
1735 499 1
1735 1771 1
1735 997 1
908 1621 1
908 773 1
1781 1792 1
1781 851 1
726 1868 1
726 62 1
726 1037 1
726 469 1
726 807 1
726 599 1
726 1729 1
1638 1227 1
1713 513 1
1713 846 1
1713 206 1
1713 1463 1
1713 179 1
1713 1508 1
1713 1397 1
1713 532 1
1713 126 1
1713 1222 1
1713 804 1
1713 147 1
1713 269 1
1713 369 1
1713 1528 1
1713 1439 1
565 1584 1
565 154 1
1623 892 1
1623 1014 1
600 1319 1
600 1035 1
600 1639 1
600 175 1
1250 1237 1
1250 1760 1
203 57 1
736 1684 1
736 955 1
736 466 1
736 1015 1
736 442 1
721 123 1
721 1438 1
721 852 1
721 1472 1
721 808 1
721 289 1
721 992 1
721 10 1
721 1453 1
721 1744 1
485 768 1
355 493 1
355 1366 1
355 963 1
1636 785 1
1636 39 1
1636 386 1
1636 1738 1
1636 1070 1
18 1369 1
18 1874 1
18 1577 1
530 517 1
530 854 1
530 677 1
1236 297 1
1236 1613 1
1236 463 1
1733 277 1
1733 1118 1
1733 1651 1
1733 1668 1
1733 1581 1
1733 1024 1
1733 1814 1
1406 1507 1
1406 431 1
1406 817 1
1406 176 1
1406 167 1
1406 1751 1
1406 1653 1
1406 539 1
1406 1392 1
1406 1504 1
1406 1293 1
1406 459 1
1406 197 1
1567 608 1
1384 551 1
1384 964 1
1384 1137 1
1384 826 1
170 914 1
170 641 1
170 473 1
170 1615 1
1560 1787 1
1336 1588 1
591 1538 1
591 1675 1
591 79 1
591 129 1
591 306 1
591 1840 1
591 1025 1
746 761 1
746 192 1
746 684 1
746 1835 1
746 676 1
1060 390 1
1060 300 1
1060 1223 1
1060 1882 1
1645 389 1
1645 274 1
1645 561 1
1645 578 1
1084 284 1
1084 1496 1
1315 969 1
1315 122 1
1315 1355 1
89 1251 1
89 832 1
89 1337 1
1046 1197 1
1046 1506 1
1046 698 1
1046 895 1
1046 1745 1
901 1079 1
901 78 1
901 1445 1
901 1430 1
901 792 1
901 367 1
901 1770 1
901 1048 1
901 360 1
901 1590 1
901 797 1
901 1906 1
1870 1876 1
1870 1555 1
1870 1740 1
1870 603 1
1219 980 1
1219 155 1
1219 1248 1
1219 686 1
589 812 1
589 1305 1
589 1230 1
890 735 1
890 454 1
890 1464 1
661 974 1
661 1879 1
661 1385 1
865 711 1
865 108 1
1821 1084 1
1821 1272 1
1821 897 1
1821 1854 1
1821 1573 1
1821 325 1
1309 861 1
1309 1911 1
1309 1145 1
1471 1258 1
1471 1833 1
1471 1064 1
1471 394 1
679 451 1
679 790 1
1331 1246 1
1331 1433 1
1331 166 1
1331 1659 1
495 322 1
495 770 1
495 743 1
1272 1083 1
1272 1478 1
312 1447 1
312 1426 1
312 506 1
312 1725 1
312 663 1
1235 1021 1
1235 1243 1
947 675 1
947 1493 1
947 1861 1
947 1646 1
947 490 1
1894 1666 1
1894 1717 1
1894 1568 1
1894 1149 1
1894 396 1
1894 1838 1
1894 362 1
1894 1889 1
508 1640 1
508 138 1
45 582 1
759 194 1
759 954 1
759 1394 1
759 725 1
759 1010 1
759 1314 1
1091 139 1
1091 1600 1
1091 946 1
1091 1071 1
1091 801 1
1091 317 1
1091 338 1
1091 1828 1
1091 781 1
1091 320 1
1091 1908 1
841 181 1
841 1208 1
841 1166 1
605 871 1
605 190 1
605 1240 1
605 117 1
605 1266 1
605 843 1
605 976 1
605 82 1
605 629 1
605 84 1
605 1875 1
605 1595 1
301 1045 1
301 445 1
1080 1138 1
1080 1869 1
1080 1896 1
1080 199 1
1080 1132 1
1080 440 1
756 1514 1
756 1721 1
756 1354 1
756 150 1
756 1574 1
756 810 1
756 979 1
756 1169 1
282 215 1
642 406 1
939 704 1
939 462 1
702 489 1
702 1181 1
702 840 1
702 207 1
702 762 1
702 1095 1
1525 1203 1
1525 1693 1
1525 1341 1
1525 1224 1
55 1127 1
55 737 1
55 521 1
55 153 1
55 465 1
55 353 1
55 1420 1
55 1688 1
55 334 1
55 1288 1
55 965 1
55 1252 1
55 1810 1
55 86 1
55 1451 1
55 1206 1
55 966 1
55 1533 1
1797 1457 1
1797 700 1
1443 720 1
1443 1279 1
1443 947 1
1443 310 1
1443 1163 1
1443 1469 1
1501 1340 1
1501 456 1
1283 299 1
1283 294 1
1283 896 1
1283 1452 1
1283 679 1
1283 516 1
1283 605 1
1283 398 1
1283 1212 1
1283 1678 1
1283 538 1
1283 1652 1
240 178 1
240 934 1
1562 250 1
1562 361 1
1562 922 1
1562 33 1
1562 258 1
1562 920 1
1562 1794 1
1562 699 1
1562 1696 1
1562 1053 1
1562 441 1
1562 426 1
437 638 1
437 1417 1
437 80 1
437 1766 1
437 58 1
437 1841 1
437 850 1
437 1 1
437 1604 1
437 237 1
437 497 1
437 590 1
437 936 1
437 1849 1
437 1182 1
437 256 1
437 633 1
437 1325 1
437 1231 1
437 1241 1
1520 1413 1
310 1432 1
310 908 1
310 726 1
310 453 1
310 1268 1
310 899 1
310 487 1
310 1350 1
310 187 1
310 1449 1
310 873 1
49 407 1
860 467 1
860 16 1
860 102 1
860 1909 1
860 46 1
860 1851 1
860 1672 1
860 1286 1
860 732 1
860 866 1
860 59 1
860 1685 1
1566 678 1
1566 1694 1
1566 1699 1
1566 557 1
524 472 1
524 944 1
524 1603 1
524 839 1
524 1707 1
524 1269 1
524 659 1
524 1324 1
524 495 1
524 688 1
524 1586 1
524 1194 1
524 251 1
524 715 1
524 1422 1
524 241 1
524 1757 1
524 665 1
524 875 1
524 34 1
524 47 1
524 1708 1
524 1302 1
524 41 1
524 1256 1
524 193 1
524 1656 1
1788 492 1
1146 21 1
1146 72 1
1146 1785 1
1146 1295 1
1284 1459 1
1711 713 1
1711 1183 1
1711 303 1
1711 380 1
450 882 1
450 1739 1
450 819 1
450 530 1
450 1742 1
450 1294 1
450 880 1
450 697 1
450 1545 1
450 775 1
1774 1372 1
1774 430 1
1774 909 1
205 1214 1
205 101 1
205 1722 1
205 488 1
205 935 1
205 877 1
205 1100 1
205 408 1
205 1133 1
205 650 1
205 1598 1
205 135 1
205 1710 1
899 779 1
899 399 1
899 543 1
899 323 1
899 1663 1
1161 1376 1
363 1773 1
363 664 1
363 780 1
363 1040 1
1475 401 1
1475 391 1
1475 1260 1
1475 1228 1
1475 1516 1
1475 554 1
1475 1697 1
626 1401 1
626 1736 1
626 1865 1
626 1199 1
626 161 1
626 1135 1
626 356 1
626 510 1
831 1649 1
831 236 1
831 1209 1
831 1421 1
831 649 1
831 1029 1
831 260 1
831 612 1
831 1664 1
831 1008 1
853 332 1
853 14 1
853 291 1
853 125 1
853 1078 1
1390 1125 1
1390 1338 1
1390 87 1
1390 1291 1
1390 1026 1
1390 636 1
1390 1556 1
1390 1487 1
1390 1173 1
1390 70 1
1390 1119 1
25 1308 1
1434 222 1
1434 1791 1
1434 397 1
1434 1587 1
1434 149 1
1434 92 1
1743 536 1
1743 745 1
1743 95 1
1743 1680 1
1743 970 1
1743 99 1
1743 347 1
1743 287 1
1743 571 1
1743 1823 1
1743 1494 1
1743 1551 1
1743 402 1
1743 1298 1
1743 1280 1
276 337 1
276 1826 1
276 216 1
276 811 1
716 1806 1
716 94 1
313 1479 1
491 984 1
1404 915 1
1404 112 1
1404 556 1
1404 172 1
1404 1001 1
1404 1318 1
1404 71 1
1404 243 1
1404 1903 1
741 746 1
1644 1247 1
1644 1813 1
1644 1893 1
1163 1131 1
1461 1122 1
1461 1734 1
1461 318 1
827 758 1
827 1867 1
827 1205 1
827 1200 1
827 631 1
827 1382 1
562 867 1
562 1665 1
562 233 1
562 1553 1
562 346 1
562 203 1
562 1501 1
562 986 1
562 1006 1
562 1255 1
857 814 1
857 800 1
857 1229 1
1065 498 1
1065 213 1
1065 1190 1
1065 544 1
1065 1730 1
1065 794 1
1065 296 1
1225 617 1
1225 1316 1
1225 89 1
1225 1711 1
1225 1644 1
1225 1099 1
1225 923 1
1225 1123 1
1225 647 1
471 1795 1
471 1386 1
471 1218 1
471 1802 1
471 164 1
471 1315 1
471 1311 1
471 1554 1
471 1299 1
471 1387 1
471 806 1
471 309 1
471 703 1
1252 286 1
1252 1292 1
1252 267 1
1252 1150 1
63 989 1
44 921 1
1874 558 1
1874 1728 1
1874 509 1
1874 1783 1
1874 981 1
1874 1720 1
1874 1094 1
1874 234 1
1874 602 1
1874 670 1
1874 1300 1
1874 53 1
1874 1540 1
863 1850 1
863 405 1
863 1727 1
863 1886 1
863 1617 1
584 1455 1
584 1168 1
584 1151 1
584 1139 1
584 834 1
584 706 1
1245 316 1
1245 776 1
1245 1828 1
1245 755 1
1245 169 1
652 1009 1
1839 573 1
1839 848 1
1839 253 1
1839 336 1
1839 218 1
1839 1140 1
1839 689 1
1839 610 1
1839 26 1
1839 902 1
520 925 1
520 668 1
520 566 1
287 1777 1
287 820 1
287 1148 1
287 1424 1
1705 1608 1
1705 1400 1
845 449 1
252 1232 1
434 1162 1
434 1483 1
434 1030 1
1813 1157 1
1813 1303 1
1813 340 1
1813 1114 1
1813 1327 1
1813 912 1
856 876 1
856 855 1
856 461 1
856 1827 1
856 653 1
856 691 1
856 1358 1
856 727 1
856 744 1
383 693 1
383 1601 1
383 1042 1
383 133 1
383 429 1
383 1485 1
383 198 1
383 1170 1
1760 681 1
1760 1339 1
1760 1351 1
1760 1081 1
1509 1607 1
1503 1491 1
1503 648 1
416 1411 1
187 476 1
187 69 1
187 140 1
995 212 1
995 268 1
995 1800 1
995 173 1
995 1580 1
995 926 1
995 694 1
995 1718 1
995 52 1
995 257 1
995 1852 1
995 786 1
995 245 1
995 40 1
995 1712 1
995 627 1
995 502 1
995 993 1
995 1503 1
995 1201 1
995 707 1
995 1714 1
995 1747 1
995 1317 1
995 1460 1
1184 329 1
1184 723 1
972 42 1
972 1686 1
972 11 1
972 479 1
972 982 1
972 1793 1
972 278 1
972 1419 1
972 1764 1
972 119 1
972 575 1
1067 597 1
1067 1049 1
1067 109 1
1427 31 1
571 395 1
571 1102 1
571 1610 1
571 1904 1
571 100 1
571 1326 1
527 771 1
527 1249 1
527 121 1
527 128 1
527 1450 1
527 416 1
527 259 1
1117 505 1
1097 1110 1
1097 1180 1
1097 998 1
1097 177 1
1097 113 1
1097 1284 1
1097 226 1
1097 341 1
1097 159 1
1097 1661 1
1097 959 1
1097 1043 1
1097 1306 1
1097 182 1
1097 1529 1
1097 639 1
971 283 1
1201 904 1
1201 1456 1
1201 1267 1
1201 427 1
1201 1343 1
1201 769 1
1201 1481 1
165 991 1
165 1490 1
165 564 1
165 749 1
165 98 1
165 448 1
165 1541 1
165 185 1
86 542 1
478 528 1
478 645 1
1819 1741 1
1899 868 1
545 24 1
545 1629 1
162 1003 1
1763 455 1
1763 1834 1
1211 1768 1
1211 1092 1
1211 381 1
1211 1860 1
400 1895 1
1179 7 1
1179 124 1
1179 905 1
1179 602 1
1179 1687 1
1179 651 1
1179 1914 1
1179 1347 1
1179 1429 1
611 618 1
254 549 1
254 1234 1
254 701 1
1716 64 1
1716 996 1
708 1637 1
708 1583 1
708 733 1
708 1597 1
708 484 1
620 907 1
620 1752 1
620 983 1
620 1393 1
620 304 1
620 798 1
620 1733 1
620 1612 1
620 1124 1
620 1471 1
620 301 1
620 767 1
620 55 1
620 1283 1
620 1065 1
620 383 1
620 195 1
620 1842 1
620 435 1
620 1569 1
620 8 1
620 1477 1
620 705 1
620 990 1
620 577 1
685 1144 1
685 1277 1
685 1633 1
685 1698 1
614 673 1
614 692 1
614 730 1
614 1238 1
614 352 1
614 1193 1
614 1719 1
1824 1862 1
1824 1442 1
1824 1679 1
1824 1789 1
1757 1016 1
1757 1322 1
1757 1626 1
371 1023 1
1513 437 1
985 1333 1
985 943 1
985 1013 1
985 403 1
985 584 1
985 162 1
985 765 1
985 1217 1
606 103 1
606 674 1
606 1062 1
1511 1880 1
1577 1334 1
1577 1559 1
1577 844 1
1254 208 1
1561 311 1
512 740 1
512 778 1
512 30 1
512 555 1
512 421 1
512 1845 1
1130 1532 1
1130 1497 1
538 1622 1
538 1058 1
538 319 1
538 1907 1
538 494 1
683 1815 1
683 1884 1
683 508 1
683 1723 1
683 343 1
683 120 1
683 527 1
683 114 1
683 1143 1
683 552 1
683 385 1
1829 607 1
1829 105 1
1829 436 1
191 714 1
682 1585 1
682 847 1
387 859 1
1178 1761 1
1178 1103 1
1178 742 1
1178 753 1
8 1676 1
8 1898 1
8 96 1
8 1458 1
8 1121 1
1669 1856 1
1669 316 1
1669 722 1
1669 244 1
1669 1756 1
1669 1174 1
1669 1410 1
1669 1548 1
1669 1591 1
1669 217 1
1669 97 1
1669 411 1
1669 1575 1
1669 712 1
1669 56 1
1669 68 1
1669 1245 1
1669 1634 1
1669 862 1
1669 1074 1
1669 1112 1
1669 1428 1
1669 1335 1
1669 115 1
1669 130 1
658 1552 1
658 961 1
535 388 1
535 731 1
535 500 1
535 219 1
535 1107 1
201 1836 1
201 183 1
201 1409 1
1165 349 1
1165 1055 1
1165 1643 1
1165 1748 1
1165 202 1
1165 1265 1
1165 1689 1
1165 1116 1
1165 1186 1
1165 937 1
1165 682 1
1165 1726 1
1165 1033 1
1360 228 1
1469 1901 1
468 1072 1
468 824 1
468 864 1
468 1448 1
468 1152 1
468 1051 1
468 1011 1
1213 1054 1
1213 210 1
295 1362 1
1531 358 1
1531 1632 1
1531 354 1
1531 20 1
1531 823 1
794 1425 1
619 1352 1
900 948 1
900 1662 1
900 1117 1
900 1890 1
511 376 1
359 1547 1
359 1388 1
359 657 1
359 1405 1
359 1885 1
359 152 1
359 1571 1
958 438 1
1784 1808 1
1784 1253 1
1784 585 1
1875 630 1
622 1627 1
622 1446 1
622 1111 1
622 1027 1
622 1510 1
622 75 1
622 586 1
622 1398 1
622 1073 1
622 345 1
1890 1642 1
709 637 1
709 917 1
709 1902 1
309 1846 1
1113 423 1
1113 660 1
1088 569 1
1088 537 1
1088 374 1
1088 225 1
1088 1564 1
1141 331 1
1141 248 1
1141 285 1
1912 977 1
891 290 1
891 1435 1
891 191 1
891 1762 1
891 842 1
891 1441 1
239 754 1
239 1589 1
239 1434 1
239 666 1
239 67 1
239 1061 1
3 1191 1
3 1594 1
3 1536 1
3 305 1
3 1517 1
3 43 1
1187 1159 1
1187 764 1
1187 65 1
1187 501 1
1396 1772 1
1396 893 1
1396 818 1
1396 1440 1
1396 496 1
1396 1367 1
1396 1431 1
1396 1371 1
1396 796 1
1300 1126 1
114 1754 1
114 1330 1
887 1550 1
887 546 1
243 1090 1
326 160 1
326 1050 1
1885 1832 1
131 1579 1
131 425 1
131 951 1
131 85 1
131 1476 1
1556 157 1
298 1063 1
298 1616 1
293 1570 1
635 1356 1
739 821 1
739 526 1
739 1775 1
739 1328 1
739 987 1
739 903 1
739 457 1
739 1216 1
739 1830 1
739 446 1
739 1115 1
739 1287 1
739 547 1
739 1753 1
1164 973 1
1164 36 1
1164 788 1
1164 568 1
1164 523 1
1164 485 1
1164 17 1
1164 171 1
1164 1304 1
1164 1658 1
1164 255 1
1164 1509 1
1164 1057 1
953 949 1
953 802 1
671 518 1
671 931 1
1801 1495 1
1801 550 1
1801 292 1
1801 1811 1
1801 1534 1
1801 1892 1
728 803 1
728 1537 1
728 146 1
232 634 1
232 330 1
232 276 1
232 1136 1
232 37 1
232 295 1
232 1779 1
783 375 1
938 1098 1
938 613 1
938 833 1
938 1038 1
938 384 1
324 809 1
324 1905 1
1648 885 1
1648 563 1
1648 772 1
90 1749 1
880 1233 1
880 1692 1
1408 9 1
1408 1171 1
474 475 1
978 1375 1
978 148 1
6 624 1
6 889 1
6 93 1
6 1101 1
6 1671 1
6 1052 1
6 621 1
6 415 1
6 1524 1
6 1412 1
6 1853 1
6 1175 1
6 1776 1
229 1502 1
229 872 1
229 1847 1
229 805 1
640 1474 1
640 12 1
640 1831 1
460 695 1
460 168 1
460 364 1
1376 1093 1
1376 1542 1
1376 1470 1
1376 1558 1
1910 1582 1
1910 19 1
1910 1374 1
1910 1195 1
1910 1863 1
1910 759 1
1910 924 1
1910 1788 1
1910 503 1
1910 116 1
1910 886 1
1910 1466 1
1910 326 1
1910 632 1
1910 587 1
1910 874 1
990 1609 1
990 1263 1
990 433 1
990 1189 1
990 994 1
990 1482 1
911 1262 1
911 470 1
911 1378 1
911 898 1
911 1468 1
911 1682 1
911 529 1
911 1782 1
911 828 1
911 879 1
911 443 1
1798 1543 1
625 1825 1
625 308 1
625 1703 1
625 596 1
1526 1715 1
1526 372 1
1526 1082 1
1526 1313 1
1526 1527 1
1526 1820 1
1278 491 1
1278 1047 1
1278 1660 1
1278 533 1
1704 1282 1
1076 1732 1
1076 28 1
1076 816 1
1076 1701 1
1076 365 1
1076 1549 1
1076 750 1
1076 1816 1
1076 783 1
1076 447 1
1076 504 1
214 601 1
214 480 1
214 1321 1
214 1618 1
214 1345 1
214 111 1
214 968 1
1767 849 1
1767 272 1
1767 1883 1
1767 1807 1
1767 1670 1
1767 1215 1
1767 1877 1
1767 1320 1
1767 339 1
1767 1312 1
1650 1858 1
1650 1276 1
1650 344 1
1188 366 1
1188 1655 1
1188 132 1
1188 1005 1
1188 534 1
1188 1085 1
1188 522 1
1188 335 1
1298 91 1
957 163 1
463 1296 1
463 1731 1
463 1044 1
463 1032 1
463 655 1
463 729 1
463 382 1
463 1301 1
1176 748 1
152 1348 1
152 1473 1
152 333 1
152 1674 1
152 894 1
152 302 1
152 1007 1
1056 1154 1
1056 1128 1
1056 266 1
1210 104 1
1545 669 1
1545 418 1
1545 1498 1
874 766 1
1381 531 1
1381 1740 1
1381 957 1
1381 377 1
428 404 1
428 1259 1
428 1346 1
428 1505 1
428 1153 1
428 667 1
428 1881 1
428 1641 1
428 1177 1
428 1257 1
428 1859 1
428 1521 1
428 1544 1
428 1380 1
577 760 1
379 151 1
379 1060 1
379 890 1
379 878 1
379 1796 1
379 995 1
379 614 1
379 1824 1
379 184 1
379 911 1
432 787 1
432 960 1
432 1691 1
1539 883 1
1539 791 1
1539 560 1
1539 1264 1
1539 66 1
1539 1017 1
1539 1572 1
1539 774 1
1539 1310 1
1539 1158 1
1539 822 1
1539 1275 1
1539 110 1
1539 710 1
1571 906 1
1571 644 1
1512 88 1
1512 23 1
1512 717 1
1512 13 1
1512 1167 1
1512 1578 1
1512 1559 1
1512 188 1
1104 919 1
744 777 1
744 1437 1
744 482 1
394 224 1
1677 450 1
1606 680 1
789 656 1
