137 1016 1
137 1132 1
374 555 1
611 269 1
611 105 1
744 507 1
744 220 1
744 887 1
744 708 1
744 883 1
744 951 1
969 187 1
784 338 1
408 675 1
408 599 1
243 101 1
553 606 1
1096 166 1
237 1041 1
237 904 1
237 930 1
237 512 1
237 1097 1
1028 766 1
1028 115 1
922 1093 1
475 516 1
475 30 1
475 658 1
475 541 1
475 47 1
475 306 1
475 12 1
475 261 1
475 31 1
475 452 1
475 1072 1
475 965 1
149 846 1
149 738 1
149 731 1
213 781 1
1031 759 1
1031 1032 1
1031 82 1
1031 994 1
1031 197 1
91 342 1
91 431 1
91 670 1
30 1141 1
455 772 1
455 812 1
901 436 1
901 522 1
816 335 1
95 810 1
95 907 1
95 918 1
95 404 1
95 710 1
95 1076 1
95 202 1
1017 1075 1
1017 316 1
1017 510 1
1017 947 1
1017 44 1
1017 948 1
1017 1077 1
1017 1118 1
549 940 1
797 588 1
797 52 1
797 828 1
797 804 1
1029 163 1
1029 244 1
1029 324 1
718 488 1
476 173 1
476 985 1
476 108 1
476 213 1
476 375 1
476 956 1
476 1137 1
476 1054 1
476 751 1
476 1055 1
476 232 1
476 15 1
476 357 1
476 418 1
423 538 1
958 723 1
346 75 1
346 106 1
346 394 1
346 831 1
346 641 1
346 138 1
346 325 1
346 182 1
346 29 1
346 845 1
346 4 1
346 587 1
709 49 1
1133 567 1
1133 1053 1
1133 291 1
1133 707 1
1133 849 1
1133 317 1
1133 717 1
1133 410 1
127 955 1
696 373 1
696 1052 1
696 714 1
696 569 1
696 465 1
696 1070 1
696 1116 1
1117 908 1
1117 201 1
1117 698 1
1117 92 1
1117 412 1
1117 470 1
1117 610 1
1117 3 1
1117 1121 1
50 207 1
1022 367 1
1022 354 1
1022 530 1
1022 85 1
367 526 1
535 506 1
535 148 1
345 424 1
345 321 1
345 847 1
345 805 1
345 282 1
345 454 1
345 848 1
87 1087 1
87 564 1
87 594 1
343 5 1
343 591 1
343 934 1
9 1045 1
9 76 1
9 107 1
908 206 1
908 676 1
908 152 1
908 322 1
908 935 1
908 433 1
908 829 1
908 584 1
150 103 1
150 36 1
150 653 1
150 229 1
150 669 1
911 959 1
556 671 1
556 26 1
170 1067 1
1042 936 1
1042 771 1
1042 967 1
1042 556 1
1042 531 1
1042 862 1
1042 1013 1
1042 769 1
1042 664 1
1042 995 1
1042 654 1
1042 427 1
517 631 1
517 34 1
517 532 1
126 277 1
126 340 1
126 439 1
126 352 1
874 866 1
874 333 1
874 720 1
1139 964 1
1139 79 1
531 348 1
531 838 1
1015 832 1
1015 117 1
1015 621 1
1015 131 1
1015 1084 1
1015 991 1
1015 24 1
1015 521 1
1015 500 1
1081 134 1
1081 789 1
1104 86 1
1104 376 1
803 123 1
803 307 1
803 787 1
803 214 1
803 38 1
803 1074 1
976 1043 1
938 409 1
1082 305 1
1082 1078 1
1082 728 1
1082 706 1
1082 873 1
1082 226 1
1021 922 1
1021 284 1
1021 58 1
1021 223 1
1021 448 1
1021 267 1
1021 467 1
162 482 1
162 683 1
162 721 1
162 330 1
162 942 1
162 661 1
162 919 1
722 1112 1
722 222 1
791 353 1
791 1029 1
791 1127 1
791 498 1
791 174 1
791 704 1
791 314 1
791 767 1
791 179 1
791 730 1
791 692 1
791 867 1
791 1006 1
791 263 1
791 1010 1
791 662 1
791 843 1
791 407 1
33 443 1
33 181 1
33 139 1
33 978 1
33 66 1
1119 665 1
102 910 1
102 268 1
102 246 1
102 283 1
102 941 1
1037 43 1
1037 1098 1
490 224 1
490 1031 1
490 984 1
490 1042 1
490 593 1
490 742 1
490 614 1
490 559 1
490 1011 1
536 1103 1
536 968 1
536 937 1
536 23 1
536 982 1
536 50 1
536 898 1
536 409 1
536 132 1
536 128 1
536 798 1
536 252 1
536 779 1
536 634 1
536 331 1
536 745 1
536 857 1
536 974 1
113 1060 1
113 712 1
113 755 1
113 976 1
113 133 1
113 680 1
113 442 1
113 544 1
113 151 1
113 464 1
113 733 1
113 334 1
471 879 1
471 648 1
471 1085 1
274 677 1
704 485 1
704 508 1
704 395 1
643 604 1
643 913 1
253 122 1
413 241 1
680 371 1
680 785 1
680 21 1
652 168 1
652 1062 1
523 104 1
255 228 1
255 635 1
255 180 1
330 110 1
330 434 1
330 400 1
483 449 1
483 748 1
483 254 1
483 637 1
483 939 1
483 460 1
483 236 1
483 383 1
483 310 1
483 870 1
483 360 1
483 393 1
483 981 1
483 909 1
483 971 1
483 886 1
483 737 1
483 1034 1
483 67 1
715 582 1
121 95 1
875 227 1
875 819 1
875 73 1
308 80 1
308 1131 1
897 184 1
897 1023 1
897 1014 1
897 642 1
897 679 1
897 215 1
897 177 1
1018 257 1
1018 882 1
1018 557 1
1018 970 1
1018 159 1
1018 504 1
1018 1046 1
905 702 1
905 511 1
905 135 1
905 275 1
905 189 1
905 1014 1
905 821 1
905 573 1
905 719 1
905 235 1
81 300 1
51 16 1
489 527 1
489 575 1
520 668 1
520 603 1
520 384 1
520 1049 1
520 260 1
520 943 1
520 462 1
520 554 1
520 1012 1
520 311 1
520 350 1
520 391 1
520 999 1
520 411 1
520 949 1
871 218 1
71 969 1
71 915 1
71 736 1
71 837 1
71 715 1
71 285 1
71 1109 1
71 921 1
71 925 1
71 1095 1
71 622 1
71 659 1
71 539 1
71 540 1
71 716 1
71 502 1
71 889 1
71 571 1
71 414 1
71 1019 1
71 833 1
71 248 1
71 788 1
509 272 1
739 681 1
739 278 1
739 561 1
48 718 1
48 385 1
48 701 1
48 329 1
204 753 1
281 10 1
199 17 1
199 142 1
199 259 1
199 820 1
199 195 1
199 415 1
199 562 1
199 1027 1
199 815 1
199 198 1
199 590 1
199 865 1
199 547 1
199 425 1
199 518 1
199 472 1
199 713 1
138 279 1
138 678 1
138 1105 1
852 578 1
378 966 1
460 493 1
1007 1058 1
1007 490 1
1007 509 1
1007 600 1
1007 811 1
1007 760 1
1007 276 1
1007 265 1
1090 839 1
1049 864 1
1049 217 1
225 468 1
402 176 1
402 484 1
402 258 1
402 286 1
249 154 1
249 1128 1
249 453 1
249 1111 1
817 19 1
817 368 1
280 528 1
280 72 1
280 295 1
280 1079 1
280 632 1
1044 646 1
1044 724 1
767 776 1
767 695 1
767 868 1
767 205 1
767 690 1
767 270 1
541 923 1
541 752 1
595 137 1
595 803 1
595 402 1
595 892 1
595 749 1
595 399 1
595 6 1
595 171 1
592 1 1
175 786 1
175 39 1
175 211 1
175 952 1
770 750 1
770 850 1
770 451 1
770 627 1
120 109 1
120 143 1
120 364 1
884 185 1
599 565 1
599 901 1
599 542 1
599 1108 1
599 1113 1
599 560 1
599 1020 1
599 247 1
599 886 1
599 577 1
211 192 1
1080 1082 1
774 1101 1
774 93 1
774 14 1
774 808 1
774 118 1
1009 326 1
1073 96 1
1073 741 1
1073 926 1
11 777 1
11 477 1
11 684 1
200 435 1
600 426 1
600 624 1
581 699 1
581 950 1
581 1135 1
581 74 1
581 1102 1
687 20 1
533 1038 1
533 379 1
533 208 1
533 343 1
533 574 1
598 858 1
598 266 1
598 301 1
598 219 1
598 466 1
598 775 1
598 54 1
598 136 1
598 153 1
598 579 1
598 27 1
598 888 1
598 1001 1
598 344 1
598 790 1
598 1003 1
598 800 1
598 469 1
459 792 1
459 377 1
822 240 1
822 378 1
822 583 1
822 1034 1
8 496 1
8 396 1
8 1024 1
8 111 1
8 13 1
8 1000 1
8 238 1
8 230 1
8 130 1
8 1039 1
8 406 1
8 902 1
8 497 1
1120 682 1
1120 851 1
1120 953 1
1120 703 1
1120 608 1
1120 596 1
1120 613 1
813 188 1
551 125 1
1063 216 1
1107 478 1
1107 416 1
1107 363 1
1107 1037 1
1107 288 1
1107 287 1
1107 827 1
1107 178 1
1107 844 1
1107 365 1
1107 558 1
1107 1056 1
1107 492 1
1107 83 1
1107 960 1
1107 221 1
1107 686 1
630 961 1
630 823 1
630 347 1
360 437 1
360 349 1
685 186 1
685 1142 1
685 693 1
685 388 1
568 386 1
568 292 1
568 1002 1
568 1059 1
568 979 1
568 988 1
568 1110 1
568 146 1
568 381 1
428 797 1
428 618 1
428 545 1
428 1018 1
428 758 1
428 780 1
428 1138 1
428 894 1
615 773 1
615 1040 1
615 97 1
615 825 1
183 744 1
183 598 1
183 920 1
183 88 1
183 793 1
164 931 1
811 783 1
811 861 1
811 341 1
811 534 1
811 756 1
811 1134 1
811 740 1
811 389 1
811 441 1
607 77 1
607 1026 1
78 656 1
78 566 1
78 896 1
78 996 1
78 917 1
78 524 1
98 589 1
212 89 1
212 299 1
212 1124 1
995 735 1
245 191 1
245 1064 1
245 853 1
807 473 1
807 361 1
980 99 1
619 463 1
840 51 1
840 369 1
840 650 1
840 609 1
146 458 1
146 762 1
146 834 1
1088 620 1
88 256 1
88 841 1
156 372 1
156 68 1
156 667 1
156 954 1
156 1090 1
156 403 1
156 190 1
156 239 1
156 975 1
156 65 1
156 768 1
156 114 1
156 22 1
972 42 1
59 962 1
734 817 1
734 595 1
734 296 1
734 1083 1
689 387 1
689 816 1
689 997 1
689 709 1
689 515 1
689 421 1
689 585 1
689 487 1
689 274 1
689 876 1
689 897 1
689 739 1
689 576 1
689 273 1
689 1050 1
689 1009 1
689 69 1
689 1035 1
689 1120 1
689 450 1
689 629 1
689 914 1
689 906 1
689 655 1
689 743 1
689 84 1
689 1100 1
945 623 1
264 323 1
64 633 1
64 983 1
64 55 1
464 795 1
802 70 1
802 763 1
60 289 1
60 814 1
764 147 1
793 932 1
793 1061 1
355 332 1
355 601 1
369 169 1
369 56 1
369 818 1
369 351 1
369 157 1
880 461 1
501 649 1
733 874 1
215 336 1
944 337 1
944 390 1
944 362 1
944 397 1
944 871 1
944 660 1
944 672 1
944 479 1
944 963 1
944 854 1
944 57 1
944 647 1
444 806 1
293 339 1
293 242 1
743 835 1
650 801 1
842 912 1
893 639 1
893 1065 1
440 35 1
440 41 1
440 890 1
318 674 1
916 417 1
1086 312 1
1086 663 1
358 746 1
358 537 1
358 7 1
358 729 1
479 485 1
479 778 1
479 392 1
651 37 1
651 570 1
651 580 1
651 1005 1
651 370 1
651 628 1
651 302 1
651 209 1
651 53 1
651 495 1
172 251 1
657 520 1
657 895 1
657 840 1
25 830 1
869 924 1
933 1047 1
933 297 1
872 513 1
572 1106 1
572 855 1
572 234 1
572 928 1
430 445 1
430 233 1
963 419 1
963 877 1
963 757 1
963 860 1
963 290 1
963 1071 1
963 616 1
963 796 1
494 366 1
1083 992 1
1083 1119 1
1083 328 1
1083 102 1
1083 438 1
1083 281 1
1083 161 1
1083 809 1
1083 446 1
1083 957 1
1083 1089 1
1083 422 1
1083 977 1
1083 193 1
1083 1036 1
1083 1025 1
1083 18 1
1083 525 1
1083 989 1
878 1122 1
878 881 1
124 1066 1
124 1092 1
380 761 1
380 519 1
380 1030 1
380 625 1
380 563 1
380 210 1
380 765 1
380 586 1
380 813 1
380 156 1
380 794 1
380 891 1
380 929 1
3 145 1
965 1140 1
965 231 1
965 899 1
965 1051 1
965 1123 1
57 694 1
57 705 1
1057 420 1
1057 499 1
480 356 1
276 40 1
276 927 1
276 636 1
276 456 1
276 160 1
949 100 1
271 990 1
271 401 1
271 1004 1
271 505 1
271 45 1
271 998 1
271 158 1
1011 167 1
1011 993 1
1011 644 1
1011 517 1
1011 1008 1
1011 973 1
1011 514 1
1011 550 1
1011 1044 1
1011 836 1
1011 807 1
1011 980 1
1011 863 1
1011 782 1
1011 732 1
1011 447 1
626 140 1
626 90 1
626 481 1
63 1115 1
63 112 1
546 359 1
546 1133 1
546 1125 1
546 685 1
546 61 1
546 491 1
546 617 1
503 194 1
503 382 1
503 203 1
503 612 1
503 196 1
503 501 1
503 262 1
700 440 1
250 1048 1
250 429 1
119 144 1
119 666 1
119 165 1
171 1033 1
171 688 1
171 1091 1
986 747 1
986 645 1
398 129 1
398 1069 1
638 303 1
638 548 1
638 754 1
638 405 1
638 885 1
638 1136 1
638 673 1
638 859 1
638 155 1
638 552 1
638 172 1
638 32 1
638 141 1
1094 309 1
32 602 1
32 1096 1
32 1129 1
32 946 1
32 457 1
32 319 1
32 298 1
32 799 1
32 987 1
32 1126 1
32 432 1
32 46 1
32 711 1
647 304 1
1130 116 1
1130 529 1
1130 320 1
1130 294 1
28 543 1
28 313 1
28 1068 1
903 691 1
903 2 1
903 280 1
903 474 1
903 200 1
903 856 1
903 725 1
605 640 1
989 900 1
609 62 1
609 824 1
609 726 1
587 1099 1
587 727 1
587 486 1
587 826 1
587 315 1
265 939 1
265 697 1
94 1114 1
94 597 1
94 327 1
