251 42 1
251 1278 1
251 349 1
190 270 1
190 180 1
190 1378 1
190 976 1
190 285 1
190 1357 1
1541 273 1
1541 305 1
1541 659 1
1541 249 1
1192 289 1
1192 200 1
1192 473 1
226 1348 1
226 1142 1
626 917 1
626 1124 1
626 971 1
626 961 1
626 944 1
626 1623 1
626 850 1
626 782 1
626 437 1
626 1462 1
626 298 1
626 444 1
626 1620 1
626 594 1
626 995 1
626 260 1
626 1140 1
626 851 1
626 979 1
626 1101 1
626 615 1
965 480 1
965 1184 1
1138 710 1
1138 1333 1
621 618 1
621 1479 1
621 963 1
621 1581 1
621 1569 1
1543 1122 1
1543 16 1
1543 1188 1
865 986 1
1202 275 1
1202 1305 1
1202 169 1
1202 135 1
1202 1493 1
1202 380 1
1339 702 1
1339 653 1
1339 832 1
1339 607 1
1339 449 1
1339 1247 1
1339 1120 1
1339 1263 1
1339 1499 1
1339 576 1
1339 1097 1
1339 950 1
1339 697 1
1339 1297 1
1339 623 1
1339 633 1
1339 13 1
1339 692 1
1339 1640 1
1339 554 1
1339 751 1
1339 1474 1
1339 1019 1
1339 412 1
1339 1132 1
1339 755 1
1339 997 1
1339 910 1
1339 1374 1
1339 1029 1
1339 424 1
1339 1415 1
1339 348 1
155 1616 1
155 1092 1
155 230 1
155 1381 1
155 897 1
155 833 1
155 1586 1
155 1275 1
155 1480 1
155 330 1
411 1017 1
411 1057 1
411 662 1
411 457 1
411 840 1
411 778 1
137 889 1
137 1362 1
137 1174 1
137 1036 1
1139 358 1
616 825 1
616 127 1
1572 606 1
1572 1007 1
1572 583 1
1572 921 1
1572 644 1
1572 1340 1
381 1477 1
1324 1111 1
1324 619 1
1245 803 1
1245 636 1
1245 805 1
1245 521 1
1270 759 1
144 722 1
144 1510 1
144 570 1
144 1185 1
1135 674 1
1135 1375 1
1135 579 1
311 629 1
311 1468 1
1114 1534 1
1114 1400 1
1114 1155 1
1114 1490 1
726 1484 1
726 211 1
726 1293 1
726 658 1
1649 718 1
1649 587 1
1649 857 1
568 128 1
568 844 1
568 866 1
568 1511 1
1080 501 1
1080 281 1
1080 484 1
1080 1259 1
1080 585 1
1080 1595 1
1080 502 1
661 858 1
661 708 1
264 1237 1
264 188 1
264 111 1
264 892 1
264 1351 1
264 816 1
264 191 1
264 225 1
264 17 1
264 1613 1
264 878 1
264 1112 1
264 713 1
264 48 1
264 51 1
264 256 1
264 1428 1
264 1553 1
264 578 1
264 887 1
264 1113 1
264 790 1
264 354 1
1124 793 1
235 340 1
235 350 1
279 459 1
279 730 1
279 792 1
279 1133 1
279 560 1
904 772 1
904 206 1
904 747 1
904 371 1
904 1473 1
904 1304 1
904 1125 1
904 1318 1
34 1116 1
34 1611 1
34 1382 1
34 1224 1
34 199 1
34 780 1
34 481 1
34 795 1
34 469 1
908 1557 1
908 1603 1
908 1085 1
908 1604 1
515 748 1
515 1565 1
515 94 1
515 1073 1
515 1651 1
307 968 1
91 332 1
91 413 1
91 336 1
1622 671 1
1622 426 1
1622 1578 1
1622 680 1
297 559 1
1518 1250 1
1326 869 1
201 1163 1
201 1388 1
201 1176 1
201 1298 1
201 1208 1
201 613 1
201 994 1
201 1086 1
201 140 1
738 1555 1
125 906 1
125 1119 1
125 688 1
971 1173 1
797 1619 1
36 823 1
36 73 1
36 35 1
36 1472 1
36 382 1
36 1230 1
36 399 1
442 1426 1
442 1191 1
442 1118 1
442 210 1
442 563 1
442 936 1
442 179 1
442 1403 1
442 757 1
442 1457 1
1038 667 1
1038 126 1
1038 632 1
1038 209 1
1038 139 1
1038 1342 1
88 27 1
907 1637 1
907 486 1
907 1364 1
861 173 1
64 989 1
787 670 1
1035 468 1
1035 202 1
1035 1516 1
50 733 1
50 1417 1
50 679 1
50 266 1
50 6 1
902 364 1
741 1387 1
741 129 1
909 1383 1
1645 105 1
1645 395 1
1645 1328 1
1645 911 1
1645 1376 1
1441 54 1
958 220 1
361 797 1
361 38 1
361 496 1
361 1207 1
361 701 1
361 628 1
361 852 1
361 124 1
847 222 1
847 1213 1
847 232 1
847 1133 1
847 1056 1
158 497 1
158 229 1
158 1045 1
158 580 1
158 1065 1
158 1005 1
727 1446 1
727 207 1
727 556 1
727 1438 1
727 23 1
727 1161 1
727 954 1
727 512 1
727 1346 1
727 1475 1
727 794 1
727 3 1
727 1437 1
727 463 1
727 329 1
727 599 1
727 10 1
727 1077 1
241 216 1
416 1356 1
416 1512 1
416 749 1
66 4 1
1329 966 1
1329 53 1
1099 806 1
1099 302 1
1099 433 1
1099 990 1
1099 765 1
1099 1523 1
1099 1104 1
1099 304 1
1099 914 1
1099 20 1
1099 415 1
1099 525 1
147 1425 1
147 774 1
147 663 1
1178 1571 1
1096 1252 1
1096 349 1
1096 1591 1
434 1129 1
434 1449 1
434 1458 1
631 1024 1
631 1455 1
1103 694 1
1103 1442 1
1012 1392 1
31 89 1
31 1209 1
31 8 1
31 56 1
31 1513 1
31 949 1
31 1215 1
31 672 1
716 1296 1
716 1250 1
95 7 1
95 752 1
95 786 1
1268 376 1
1268 1135 1
1268 419 1
1268 372 1
1268 37 1
1268 1593 1
1268 829 1
1268 1583 1
1268 1343 1
1268 438 1
1268 1412 1
1282 1055 1
1282 1246 1
363 1026 1
363 1047 1
363 487 1
363 1647 1
363 916 1
363 464 1
922 1053 1
474 693 1
474 1612 1
474 316 1
1332 1373 1
1243 1466 1
1243 993 1
1243 898 1
1243 779 1
1243 290 1
818 172 1
377 161 1
377 1519 1
377 660 1
377 287 1
377 218 1
268 1524 1
268 299 1
268 83 1
641 132 1
641 603 1
1064 1273 1
1064 1173 1
1470 923 1
1470 542 1
556 919 1
556 1002 1
556 870 1
556 1632 1
556 86 1
556 503 1
556 337 1
1294 14 1
1069 1574 1
1069 706 1
1069 572 1
62 1590 1
62 969 1
62 171 1
62 306 1
1146 1461 1
245 528 1
245 705 1
245 475 1
245 239 1
245 375 1
245 1481 1
245 761 1
245 1504 1
245 731 1
245 482 1
1158 47 1
1158 1090 1
972 1136 1
972 614 1
396 739 1
855 1287 1
855 1150 1
855 520 1
1248 418 1
1248 163 1
1598 1334 1
1598 1031 1
1598 1639 1
1598 543 1
1598 1212 1
1598 1469 1
1598 1 1
1598 1580 1
1565 1386 1
1565 417 1
21 1355 1
265 400 1
265 928 1
265 1312 1
265 362 1
1191 981 1
360 1264 1
360 18 1
849 651 1
849 1526 1
849 157 1
849 1200 1
849 1459 1
849 490 1
849 1349 1
849 789 1
849 269 1
849 1233 1
849 547 1
849 1360 1
1222 1522 1
1222 622 1
1222 1211 1
1222 999 1
1222 1547 1
1222 1544 1
1222 953 1
1222 874 1
1222 1078 1
1222 951 1
1222 1527 1
1222 422 1
1222 467 1
1222 252 1
1222 1641 1
1187 43 1
1187 1153 1
1187 1470 1
1187 152 1
1187 956 1
1187 404 1
1187 831 1
1187 295 1
612 1270 1
612 902 1
612 709 1
612 1634 1
612 447 1
612 598 1
612 577 1
612 112 1
612 58 1
612 1288 1
612 1210 1
612 581 1
185 296 1
185 431 1
185 356 1
1464 1144 1
1240 728 1
1240 868 1
82 198 1
82 1291 1
762 610 1
762 945 1
762 555 1
762 284 1
762 624 1
1316 1299 1
1316 1175 1
1316 193 1
1070 1648 1
409 1379 1
409 1072 1
409 937 1
409 282 1
2 1261 1
2 1149 1
2 1313 1
322 1109 1
322 403 1
322 1123 1
668 834 1
668 1352 1
967 77 1
1513 430 1
1052 389 1
1052 1160 1
1052 401 1
1052 742 1
1052 79 1
1549 1436 1
1549 1265 1
1549 1195 1
638 323 1
638 1321 1
638 115 1
638 231 1
638 365 1
638 847 1
638 930 1
638 1022 1
638 1354 1
638 5 1
638 294 1
801 1406 1
704 465 1
704 136 1
704 1098 1
704 1048 1
704 1491 1
704 746 1
704 1501 1
704 1014 1
119 155 1
119 1171 1
119 808 1
119 1326 1
119 182 1
119 855 1
119 1445 1
119 699 1
119 278 1
119 92 1
119 1083 1
119 1633 1
119 1558 1
119 28 1
119 1322 1
119 900 1
119 257 1
119 1463 1
119 391 1
119 1021 1
13 982 1
13 925 1
13 783 1
13 1066 1
13 1032 1
13 168 1
11 1588 1
11 565 1
117 385 1
117 1397 1
117 743 1
117 640 1
117 932 1
117 1039 1
117 885 1
1467 1454 1
1467 754 1
1467 771 1
1467 1006 1
1467 1408 1
1489 1236 1
1489 65 1
292 1186 1
292 440 1
292 938 1
292 1194 1
292 769 1
292 940 1
292 1226 1
1145 1368 1
1145 67 1
1548 1498 1
798 233 1
798 588 1
798 809 1
798 592 1
798 1170 1
798 458 1
798 1177 1
798 964 1
798 814 1
798 456 1
798 1361 1
798 756 1
798 926 1
798 1367 1
798 110 1
798 24 1
1170 828 1
1170 78 1
1170 1009 1
1170 509 1
1170 421 1
1170 656 1
1170 408 1
1170 766 1
1170 98 1
1170 1179 1
1170 687 1
1170 1059 1
96 1271 1
96 960 1
96 1013 1
96 1218 1
96 507 1
96 826 1
96 516 1
96 1169 1
1514 553 1
692 1093 1
1640 635 1
1640 605 1
1640 1166 1
1300 1495 1
1300 1319 1
1300 1206 1
1300 1242 1
1300 160 1
1300 1018 1
1300 1550 1
1300 842 1
1300 1404 1
1300 700 1
963 1391 1
963 1060 1
963 1531 1
963 524 1
113 1485 1
113 276 1
113 116 1
113 586 1
113 326 1
113 813 1
113 590 1
113 947 1
113 19 1
113 123 1
113 81 1
113 506 1
113 333 1
1295 862 1
763 625 1
763 353 1
763 734 1
1525 835 1
1525 1227 1
1525 883 1
1525 291 1
305 823 1
305 841 1
305 1253 1
305 915 1
305 768 1
305 1254 1
305 134 1
305 255 1
305 764 1
470 1624 1
470 219 1
470 245 1
470 446 1
470 1599 1
470 439 1
470 1605 1
470 952 1
470 534 1
92 1262 1
92 1289 1
92 1420 1
92 724 1
684 445 1
684 283 1
453 1105 1
453 1596 1
453 217 1
453 943 1
1174 166 1
665 1422 1
1395 40 1
1395 799 1
1395 156 1
1395 1430 1
1395 548 1
1395 32 1
1395 1478 1
1395 785 1
1395 652 1
1395 1180 1
1395 234 1
383 25 1
1167 318 1
1167 894 1
1167 791 1
1167 242 1
1167 1407 1
1597 335 1
1597 1011 1
1597 1044 1
328 863 1
328 1443 1
328 1444 1
328 596 1
328 1427 1
41 872 1
17 931 1
751 681 1
751 1283 1
1533 1413 1
1533 1638 1
1533 196 1
1533 649 1
1533 1597 1
1533 1241 1
1344 686 1
181 719 1
181 208 1
181 1221 1
181 1414 1
1231 1582 1
1231 1165 1
1231 544 1
1231 1336 1
1231 905 1
1231 890 1
39 184 1
39 69 1
39 566 1
39 1644 1
39 903 1
39 864 1
39 72 1
39 970 1
39 817 1
536 368 1
536 159 1
536 1486 1
536 1075 1
536 838 1
536 567 1
655 1566 1
655 1551 1
1249 830 1
1249 12 1
30 886 1
646 1324 1
646 21 1
646 827 1
646 985 1
646 876 1
878 131 1
878 125 1
878 109 1
878 313 1
878 1004 1
878 1487 1
878 589 1
878 899 1
878 300 1
227 1032 1
85 114 1
85 1257 1
85 600 1
85 1549 1
669 405 1
669 262 1
669 1538 1
669 146 1
669 351 1
669 1272 1
647 1507 1
647 707 1
647 643 1
443 1290 1
443 634 1
443 103 1
443 390 1
443 174 1
476 1635 1
476 538 1
549 1600 1
549 68 1
891 1453 1
420 1010 1
511 118 1
511 1540 1
511 343 1
511 531 1
511 1181 1
511 1189 1
511 384 1
511 1384 1
511 574 1
435 1292 1
939 974 1
1306 1543 1
1306 1416 1
1306 1162 1
1306 121 1
1306 106 1
1306 1327 1
1306 1280 1
1306 1570 1
1306 1456 1
1306 745 1
1306 90 1
1306 1251 1
1306 1258 1
1306 141 1
1306 977 1
1306 676 1
1306 346 1
1306 379 1
1306 133 1
1306 601 1
1306 149 1
1306 414 1
1306 880 1
1306 532 1
1306 471 1
1306 1235 1
1306 1159 1
1306 1088 1
1306 1432 1
1306 142 1
1306 1198 1
1306 815 1
1306 369 1
811 1238 1
28 213 1
28 715 1
28 859 1
28 223 1
28 394 1
28 1465 1
335 775 1
335 513 1
335 1335 1
335 355 1
335 980 1
335 1585 1
1431 1028 1
1431 2 1
1431 1494 1
1431 712 1
537 311 1
537 744 1
537 495 1
537 1307 1
537 666 1
537 1087 1
1506 455 1
555 948 1
752 530 1
752 228 1
752 836 1
752 877 1
752 786 1
423 1476 1
423 1033 1
423 1037 1
423 151 1
423 821 1
423 678 1
423 804 1
423 602 1
423 558 1
423 1076 1
423 130 1
423 912 1
423 149 1
423 1617 1
1650 737 1
1650 1228 1
1650 1535 1
1650 935 1
1650 913 1
1650 1214 1
1363 924 1
1363 1276 1
1363 1369 1
1363 1110 1
1363 729 1
1363 1575 1
1363 776 1
257 1366 1
257 489 1
929 107 1
288 407 1
288 1576 1
288 848 1
288 1610 1
288 1220 1
288 1152 1
1452 1234 1
839 1001 1
839 1308 1
839 630 1
839 373 1
839 26 1
785 837 1
785 1483 1
785 627 1
785 582 1
785 1107 1
785 472 1
935 45 1
682 259 1
682 1601 1
682 75 1
682 272 1
562 197 1
562 929 1
562 462 1
770 325 1
527 221 1
527 1143 1
1182 314 1
339 991 1
339 1614 1
339 504 1
339 942 1
339 714 1
410 248 1
410 639 1
410 1579 1
1563 933 1
1563 549 1
1563 540 1
295 1561 1
295 1615 1
295 494 1
295 975 1
884 1274 1
1094 485 1
1094 1302 1
526 1418 1
526 896 1
526 1295 1
526 386 1
526 1353 1
526 646 1
526 996 1
526 1331 1
526 604 1
526 345 1
526 1451 1
523 185 1
523 1025 1
1583 1067 1
1583 1545 1
1583 61 1
740 1626 1
740 941 1
740 84 1
740 453 1
740 1314 1
740 810 1
740 60 1
740 895 1
740 957 1
723 195 1
1400 1338 1
1400 186 1
93 1556 1
93 1631 1
93 711 1
93 366 1
93 822 1
1592 477 1
819 1193 1
819 1482 1
819 74 1
819 529 1
819 1266 1
819 250 1
819 784 1
819 642 1
819 1157 1
819 170 1
819 854 1
819 1239 1
819 406 1
819 1134 1
819 1341 1
819 620 1
819 1625 1
819 987 1
819 1147 1
819 1232 1
819 664 1
819 584 1
819 1041 1
819 145 1
1223 608 1
1223 1058 1
492 264 1
492 946 1
428 1398 1
666 162 1
666 1244 1
666 1642 1
666 1592 1
666 1643 1
571 1401 1
1575 1317 1
1575 176 1
1575 317 1
846 324 1
450 1508 1
450 1164 1
450 167 1
67 237 1
67 1127 1
1225 321 1
1030 1629 1
1030 46 1
1030 367 1
1030 773 1
1411 301 1
657 860 1
657 617 1
657 1012 1
657 1089 1
657 690 1
657 609 1
657 1063 1
657 189 1
573 648 1
573 1594 1
573 1448 1
573 1530 1
573 1536 1
573 522 1
573 1344 1
573 387 1
573 1260 1
573 397 1
573 1061 1
573 1573 1
946 402 1
946 201 1
946 1311 1
946 50 1
946 1488 1
946 1199 1
946 657 1
946 1137 1
946 873 1
946 483 1
585 616 1
585 725 1
585 988 1
585 1337 1
585 1256 1
585 1269 1
585 1126 1
585 277 1
1100 1440 1
1100 650 1
1100 671 1
1100 595 1
1100 1008 1
1100 1081 1
1100 1390 1
1100 243 1
1100 1560 1
1505 52 1
178 175 1
178 1539 1
1068 593 1
1190 1371 1
1190 1496 1
1190 1509 1
1190 1285 1
1190 550 1
677 695 1
677 820 1
677 1410 1
677 1460 1
677 1452 1
677 1100 1
677 875 1
992 359 1
992 685 1
992 97 1
992 427 1
357 788 1
357 341 1
357 392 1
1095 1627 1
1095 753 1
1021 1216 1
1021 1171 1
1021 1515 1
1021 1003 1
1021 374 1
1021 927 1
1021 881 1
683 254 1
683 1502 1
683 244 1
683 398 1
683 451 1
561 533 1
561 978 1
561 1034 1
1137 767 1
1137 388 1
1137 331 1
1137 280 1
1137 488 1
1137 569 1
1137 920 1
1137 597 1
1137 338 1
1137 150 1
1137 120 1
942 1148 1
942 478 1
942 247 1
942 1108 1
942 33 1
942 519 1
1345 564 1
1345 1141 1
1345 703 1
1345 1554 1
1345 76 1
1409 1587 1
1409 758 1
1409 1015 1
1102 55 1
1102 1255 1
1569 393 1
1569 856 1
1569 177 1
1569 1520 1
1606 1602 1
1606 1016 1
1606 893 1
1606 1377 1
1606 1568 1
1606 183 1
1606 735 1
1606 1079 1
1606 293 1
1606 138 1
1606 80 1
1606 286 1
934 1204 1
934 1217 1
934 1279 1
934 955 1
934 1330 1
934 645 1
934 297 1
934 153 1
934 654 1
934 315 1
934 342 1
934 611 1
934 309 1
934 1042 1
934 253 1
934 510 1
934 312 1
934 44 1
327 57 1
1567 491 1
1567 1380 1
1180 498 1
1180 165 1
1180 983 1
214 1277 1
253 1091 1
253 845 1
253 781 1
253 1121 1
812 853 1
812 637 1
812 1131 1
812 117 1
812 517 1
812 49 1
812 99 1
535 474 1
535 505 1
108 238 1
108 1439 1
108 187 1
108 1429 1
108 1151 1
108 760 1
1154 71 1
1154 1168 1
1154 1040 1
1154 1062 1
1154 973 1
1154 541 1
1154 1365 1
1154 370 1
1154 292 1
1154 1399 1
1154 205 1
1154 452 1
1154 441 1
1154 454 1
1154 1546 1
1154 575 1
1154 267 1
1154 425 1
1154 1528 1
334 236 1
334 1320 1
334 1421 1
334 154 1
1503 1347 1
1196 194 1
1196 263 1
1196 493 1
1196 1419 1
1196 70 1
581 1562 1
581 1020 1
581 1589 1
581 1000 1
714 347 1
714 500 1
802 1552 1
802 675 1
1373 691 1
1373 800 1
1373 962 1
1373 1532 1
204 867 1
204 246 1
122 1267 1
122 1577 1
122 882 1
122 1423 1
1393 1115 1
1393 466 1
1584 1106 1
1584 1542 1
1584 1183 1
875 508 1
875 261 1
875 871 1
875 432 1
875 796 1
875 1385 1
875 1628 1
875 1043 1
875 839 1
505 1372 1
505 1450 1
505 1621 1
1618 274 1
1618 164 1
1618 807 1
1618 460 1
63 1309 1
1044 673 1
1325 1197 1
1325 843 1
1325 1130 1
1325 104 1
1325 1316 1
1325 736 1
1325 303 1
1325 888 1
1325 683 1
100 436 1
901 1405 1
901 546 1
901 1084 1
901 1350 1
901 1646 1
901 240 1
901 1284 1
732 1559 1
615 1608 1
615 101 1
615 1128 1
547 1286 1
547 552 1
1051 1049 1
59 1607 1
22 959 1
1497 1447 1
1497 1396 1
1497 1301 1
1497 879 1
1497 258 1
1497 212 1
1497 1050 1
1497 1433 1
1497 1023 1
1201 1222 1
1201 1240 1
1201 113 1
1201 717 1
1201 378 1
1201 1359 1
1201 539 1
1201 1517 1
1201 1402 1
1201 1082 1
1201 22 1
1451 1290 1
1451 271 1
1451 698 1
1451 1071 1
1451 203 1
1451 352 1
1451 87 1
1451 499 1
1451 1074 1
1451 310 1
1451 215 1
1451 1303 1
1451 1117 1
1451 1394 1
1451 545 1
1451 777 1
1451 461 1
1451 308 1
1451 1424 1
145 918 1
145 591 1
145 1630 1
145 1281 1
145 514 1
145 1229 1
145 148 1
145 143 1
145 1564 1
1323 1636 1
1323 319 1
1323 1389 1
1323 192 1
1537 33 1
479 1080 1
479 442 1
479 224 1
479 1172 1
479 1205 1
479 849 1
479 1652 1
479 689 1
479 518 1
479 320 1
479 684 1
479 344 1
479 328 1
479 1609 1
479 998 1
479 720 1
479 429 1
479 682 1
479 1370 1
479 339 1
479 102 1
479 1435 1
479 1492 1
479 721 1
479 1529 1
479 1027 1
479 9 1
479 992 1
479 15 1
479 934 1
479 812 1
479 1196 1
479 696 1
479 448 1
479 1054 1
479 1219 1
479 1310 1
1260 1358 1
1260 1521 1
1260 557 1
1260 1500 1
1260 824 1
574 958 1
574 1434 1
574 1156 1
574 1315 1
1511 984 1
750 29 1
750 1203 1
750 1146 1
750 1046 1
750 1471 1
750 551 1
