10 115 1
93 98 1
73 2 1
73 62 1
73 99 1
73 4 1
92 57 1
92 26 1
92 104 1
92 44 1
92 87 1
92 100 1
92 77 1
92 34 1
108 12 1
108 9 1
108 16 1
108 63 1
108 32 1
108 94 1
33 54 1
33 91 1
33 112 1
33 30 1
68 29 1
68 79 1
68 101 1
68 13 1
68 5 1
68 24 1
79 64 1
19 39 1
19 36 1
19 14 1
19 1 1
116 21 1
116 71 1
45 121 1
45 79 1
45 81 1
45 56 1
45 67 1
45 8 1
86 22 1
97 12 1
97 61 1
97 84 1
97 53 1
97 83 1
97 13 1
97 52 1
97 17 1
97 51 1
97 90 1
35 113 1
35 28 1
35 76 1
35 59 1
11 117 1
11 27 1
11 82 1
11 80 1
11 23 1
11 88 1
62 120 1
62 95 1
100 85 1
101 65 1
101 69 1
101 105 1
78 7 1
99 31 1
99 118 1
99 107 1
99 15 1
3 122 1
3 110 1
16 47 1
50 42 1
43 89 1
6 40 1
6 109 1
6 55 1
6 41 1
6 114 1
20 103 1
20 49 1
20 106 1
60 72 1
46 111 1
46 74 1
46 38 1
46 66 1
46 18 1
119 96 1
119 102 1
119 48 1
119 70 1
119 6 1
119 75 1
49 37 1
49 25 1
94 58 1
