137 119 1
51 26 1
51 37 1
51 12 1
51 151 1
51 10 1
28 45 1
28 114 1
3 134 1
86 25 1
86 67 1
8 42 1
163 138 1
165 111 1
165 44 1
165 79 1
52 50 1
125 80 1
125 38 1
125 45 1
125 115 1
125 78 1
125 20 1
70 160 1
70 64 1
70 124 1
70 67 1
70 29 1
70 83 1
70 85 1
55 121 1
55 34 1
55 9 1
55 47 1
31 62 1
59 13 1
59 99 1
59 156 1
59 69 1
59 84 1
149 127 1
149 33 1
32 146 1
4 92 1
4 126 1
76 98 1
159 122 1
159 65 1
159 18 1
159 36 1
66 128 1
66 161 1
90 56 1
24 144 1
153 5 1
153 147 1
153 116 1
153 73 1
153 88 1
153 21 1
14 145 1
14 22 1
14 23 1
14 63 1
14 87 1
14 81 1
14 82 1
14 89 1
14 41 1
120 15 1
27 109 1
93 96 1
130 102 1
1 158 1
1 113 1
1 100 1
1 57 1
1 148 1
74 7 1
74 117 1
94 133 1
95 71 1
95 143 1
95 135 1
95 131 1
140 68 1
140 112 1
140 2 1
140 108 1
61 101 1
105 58 1
132 150 1
132 49 1
132 60 1
132 141 1
72 91 1
72 53 1
72 162 1
11 35 1
11 110 1
154 123 1
39 40 1
39 16 1
39 17 1
164 6 1
164 106 1
136 155 1
46 166 1
46 30 1
46 75 1
46 129 1
46 103 1
46 152 1
104 54 1
104 139 1
104 97 1
104 77 1
157 19 1
157 48 1
157 118 1
157 107 1
157 142 1
157 43 1
