1209 3266 1
1209 1812 1
1209 3746 1
1209 2362 1
4107 1284 1
4107 1960 1
3737 4713 1
3737 4039 1
3737 1749 1
3737 3324 1
3737 2768 1
2554 3180 1
1040 2783 1
1040 3430 1
3941 2973 1
3732 3421 1
2349 4266 1
2349 1645 1
106 255 1
106 2479 1
106 189 1
106 721 1
2542 2690 1
2542 4357 1
2542 3154 1
2542 221 1
2542 2429 1
2542 922 1
2542 1314 1
2542 4677 1
2542 202 1
2542 336 1
2542 2680 1
2542 353 1
2542 3264 1
2542 3573 1
3030 4298 1
2161 3770 1
4099 2572 1
2285 4509 1
2285 3503 1
2285 608 1
2285 2600 1
2285 2269 1
2186 1098 1
2186 3001 1
2186 2188 1
1812 3744 1
1812 711 1
1812 2593 1
4413 1607 1
4413 392 1
4413 4353 1
4413 1236 1
345 1797 1
3809 2121 1
4226 2347 1
4226 1174 1
4226 3700 1
4226 1784 1
669 1032 1
1803 3670 1
100 4533 1
100 3725 1
100 412 1
100 1064 1
100 4364 1
100 484 1
100 775 1
100 1474 1
100 3628 1
100 2087 1
100 4193 1
100 4603 1
2246 2750 1
3050 1515 1
3050 1058 1
3050 3400 1
3050 4322 1
3050 4706 1
2028 1564 1
2028 3282 1
2028 3777 1
2028 3643 1
2028 4043 1
2747 4646 1
2747 4372 1
2747 3212 1
2747 806 1
2597 689 1
2597 1465 1
2597 2732 1
2597 1396 1
2597 3814 1
2597 522 1
2597 4575 1
2597 1365 1
2597 1688 1
2597 602 1
2597 2047 1
1054 1765 1
1054 4668 1
1054 2198 1
1054 2045 1
373 4173 1
373 182 1
464 2092 1
464 734 1
464 1773 1
464 1195 1
464 4732 1
464 1735 1
464 763 1
3071 310 1
3117 1830 1
3117 1410 1
3117 1608 1
3117 4556 1
3117 1961 1
3117 550 1
3117 1741 1
3117 589 1
3117 3228 1
3117 4004 1
3117 2837 1
3117 509 1
3117 1623 1
3117 3132 1
3117 1964 1
181 4512 1
181 3690 1
181 3713 1
181 1877 1
181 1681 1
181 3083 1
181 2630 1
181 833 1
3825 1030 1
3825 4115 1
2032 2935 1
2032 2099 1
2032 3449 1
2032 4644 1
2032 660 1
2032 4141 1
2032 3018 1
2032 1079 1
2032 1957 1
2032 1430 1
2032 1968 1
2032 981 1
2032 435 1
2032 2564 1
2032 2324 1
2032 3288 1
2032 40 1
2032 3179 1
43 1311 1
43 3512 1
43 1194 1
43 1244 1
841 2871 1
841 1371 1
1488 4427 1
2653 4466 1
2653 1530 1
2653 1555 1
4230 374 1
4230 3423 1
4230 2011 1
2609 1891 1
267 2313 1
1029 3483 1
2263 1159 1
2263 881 1
2263 1550 1
2263 4279 1
2263 1965 1
2263 343 1
2263 3393 1
2263 4151 1
2263 604 1
3781 3790 1
3781 1721 1
3781 4265 1
3781 2710 1
3781 1775 1
3781 2712 1
3781 1973 1
3781 3691 1
3781 1738 1
3781 4633 1
3781 3953 1
3781 53 1
3781 2403 1
3781 2170 1
3781 194 1
3781 3041 1
3781 4720 1
3781 2629 1
3781 2338 1
3781 4158 1
3781 642 1
2838 140 1
2838 474 1
2838 2499 1
2838 4684 1
2838 3072 1
4053 1470 1
4053 3436 1
4053 3328 1
2256 3420 1
2256 2578 1
2256 837 1
2256 3455 1
2256 2090 1
2256 1084 1
2256 28 1
2256 4255 1
2256 3753 1
2256 3118 1
3630 69 1
3630 4405 1
3630 479 1
3630 257 1
3630 3080 1
3630 3012 1
445 2368 1
3285 429 1
111 169 1
4310 2980 1
4310 4700 1
3522 726 1
3522 3065 1
3522 55 1
3522 2652 1
3522 203 1
3522 2592 1
3522 1476 1
3522 2298 1
3522 3332 1
3522 4184 1
3522 3326 1
3522 2942 1
3522 3481 1
671 3809 1
671 2802 1
671 2701 1
671 141 1
671 3868 1
671 2085 1
671 1943 1
671 4203 1
671 2482 1
671 315 1
671 1725 1
2604 4527 1
2604 4670 1
2604 4627 1
2604 2270 1
2604 21 1
2604 1423 1
2604 4729 1
2604 1208 1
2604 650 1
2604 135 1
4126 571 1
3176 2818 1
3176 1492 1
3176 4110 1
3176 876 1
3176 3834 1
3176 753 1
3176 1619 1
3176 2247 1
3176 4199 1
3176 2866 1
3176 4123 1
3176 2617 1
3176 3300 1
3176 829 1
3596 3360 1
3596 591 1
3596 3817 1
3596 1233 1
3181 4582 1
3181 1565 1
3181 1882 1
3181 256 1
3181 2132 1
3181 1878 1
2276 3707 1
2276 3161 1
2276 2052 1
2276 836 1
2276 1142 1
2276 4394 1
4483 3130 1
4483 3861 1
4483 2201 1
4483 3069 1
4233 540 1
4233 2409 1
4233 3859 1
4233 266 1
4233 1438 1
4233 4048 1
4233 4579 1
4233 1783 1
4233 3442 1
4233 2145 1
4233 18 1
4233 4656 1
4233 3373 1
4233 1493 1
4233 2125 1
4233 1828 1
4233 756 1
4233 4081 1
4233 222 1
4233 1102 1
3937 1301 1
3937 1363 1
3937 3636 1
3937 4611 1
3937 1228 1
3937 665 1
3937 511 1
3937 2905 1
3937 2015 1
3937 1070 1
3937 2155 1
3937 3561 1
3937 2357 1
3937 4718 1
2064 1385 1
4449 4538 1
4449 1272 1
4449 3607 1
4449 1407 1
4449 2100 1
4449 2053 1
4449 2972 1
4449 2133 1
4449 3633 1
4449 3637 1
4449 195 1
4449 760 1
4449 1526 1
4449 778 1
4449 1143 1
2931 1089 1
2153 4386 1
2153 2187 1
2153 355 1
2153 2473 1
3340 3727 1
3340 1425 1
1258 1120 1
1258 761 1
1258 2996 1
1007 413 1
1007 3532 1
1007 2010 1
2670 1640 1
728 2824 1
728 4721 1
728 2148 1
1760 2904 1
1760 2932 1
1760 3437 1
1760 3912 1
1760 2021 1
1760 52 1
1760 2557 1
1760 4196 1
1760 1963 1
1760 4337 1
1760 2914 1
1760 1449 1
1760 3513 1
1760 2077 1
1760 179 1
1760 2606 1
1760 2658 1
1760 394 1
1760 4338 1
1760 2197 1
1760 3885 1
1760 2856 1
1760 45 1
1760 362 1
1100 3782 1
1100 1520 1
1100 174 1
1100 3950 1
1100 866 1
1100 3516 1
1100 913 1
1100 860 1
1100 1283 1
1874 1321 1
9 2742 1
9 2265 1
9 2543 1
9 844 1
9 1144 1
11 2915 1
11 3207 1
11 1153 1
11 4024 1
11 1808 1
11 4188 1
11 1303 1
11 2441 1
11 4227 1
1830 4276 1
2802 442 1
2678 3783 1
2678 1145 1
3569 3999 1
2464 2223 1
510 1166 1
510 3560 1
510 609 1
510 1505 1
510 1700 1
510 1896 1
510 75 1
510 634 1
510 830 1
510 83 1
510 3956 1
510 614 1
510 1904 1
510 3369 1
510 1529 1
510 2725 1
510 560 1
510 1543 1
510 1427 1
3230 2977 1
3230 2402 1
3230 4521 1
3230 112 1
3230 1380 1
2660 2949 1
2660 797 1
2660 2512 1
2660 71 1
2660 750 1
2660 424 1
2660 1518 1
2660 2318 1
3055 3967 1
678 2616 1
960 2016 1
960 2561 1
960 3014 1
960 3119 1
960 4588 1
960 123 1
2556 2700 1
2556 952 1
826 4500 1
826 4610 1
826 1424 1
826 3769 1
3645 397 1
3645 1521 1
3645 4229 1
3645 2613 1
3645 1629 1
2484 930 1
2484 816 1
2884 2588 1
2884 4415 1
2884 3011 1
2884 3879 1
2992 2065 1
605 450 1
605 1160 1
605 1702 1
605 4236 1
605 3376 1
3902 3709 1
3902 1732 1
3902 2284 1
3902 891 1
3902 3509 1
3902 3526 1
3902 3976 1
3902 4104 1
3902 1498 1
3902 4539 1
311 2889 1
311 2421 1
311 3355 1
311 545 1
311 4612 1
311 4288 1
311 3097 1
1810 3808 1
2353 254 1
1431 4502 1
1431 2527 1
1431 4091 1
1431 74 1
1431 3291 1
2508 933 1
2508 240 1
2508 4273 1
2936 2941 1
3168 2385 1
2618 3682 1
2618 4241 1
2618 12 1
2618 4628 1
2618 3184 1
2618 2305 1
2618 143 1
2618 2063 1
1398 962 1
1398 4379 1
3676 4221 1
3676 165 1
3676 2607 1
3676 3813 1
3676 470 1
3676 1969 1
1278 1415 1
1278 1658 1
1278 3482 1
651 2554 1
651 4334 1
651 1695 1
651 1996 1
651 1731 1
651 863 1
651 3490 1
706 2599 1
4735 3090 1
4735 1833 1
4735 366 1
4735 456 1
3560 269 1
3560 3267 1
3560 1834 1
3560 802 1
3560 142 1
3560 572 1
3560 3353 1
4592 1475 1
2005 3585 1
4655 3847 1
4655 4045 1
4655 4689 1
4655 2224 1
4655 2350 1
4067 4240 1
4067 2514 1
4264 1409 1
3992 1649 1
849 2214 1
849 2913 1
485 1373 1
485 4645 1
1698 2610 1
1698 4167 1
1698 2242 1
609 728 1
609 2849 1
609 3169 1
609 1654 1
609 2882 1
609 1059 1
609 958 1
609 854 1
609 4152 1
609 3896 1
609 3993 1
609 831 1
609 344 1
609 2581 1
609 3974 1
609 694 1
609 681 1
609 3315 1
609 2765 1
609 1047 1
609 4169 1
609 458 1
609 1730 1
48 2717 1
48 982 1
48 1323 1
3392 2022 1
3392 1104 1
2168 580 1
2168 3020 1
3581 2674 1
3581 1358 1
3581 4073 1
3581 4155 1
3581 975 1
3581 1978 1
3581 1710 1
3581 2661 1
3581 2708 1
3581 3056 1
754 3245 1
754 3961 1
754 3166 1
754 4198 1
754 1892 1
754 3342 1
284 4029 1
284 811 1
284 3881 1
2761 1769 1
2761 4147 1
2902 2803 1
2902 1614 1
2902 3319 1
4341 846 1
4358 2280 1
3374 469 1
3374 4678 1
3374 2958 1
3374 2469 1
3374 2494 1
2239 2309 1
2239 2861 1
2239 1135 1
2239 1851 1
2239 2707 1
2239 4679 1
2239 1354 1
2239 2219 1
4551 4303 1
4551 3285 1
4551 2400 1
4551 2763 1
4551 3153 1
4551 22 1
4551 3446 1
4551 3016 1
4551 1644 1
4551 13 1
4551 1920 1
4551 475 1
4551 4247 1
4551 2489 1
4551 1605 1
4551 1404 1
4551 3609 1
4551 94 1
4551 3064 1
4551 61 1
4551 3795 1
1146 250 1
4701 841 1
4701 2964 1
4701 2727 1
4701 1282 1
4701 1639 1
4701 2650 1
4701 4215 1
4701 3321 1
4136 1252 1
4136 696 1
4136 3436 1
4136 2023 1
4136 2387 1
4136 4049 1
4136 2896 1
2068 3378 1
2068 3122 1
2068 2410 1
2068 1245 1
2068 998 1
2068 1835 1
2068 1391 1
2068 861 1
2068 212 1
3946 1742 1
168 32 1
168 989 1
2623 4431 1
1843 1576 1
1843 3531 1
3347 1534 1
3013 2217 1
1505 2139 1
1505 3897 1
1505 91 1
1505 3714 1
1505 1809 1
1505 3667 1
1505 1014 1
1505 3590 1
1505 4504 1
1505 1027 1
1505 3987 1
1505 3655 1
1505 1050 1
1505 3444 1
1505 577 1
3725 2689 1
3725 98 1
2431 2113 1
2431 1428 1
2431 1397 1
858 2458 1
858 4744 1
858 1519 1
858 3686 1
858 1661 1
858 2999 1
858 3479 1
858 1426 1
858 2395 1
858 552 1
858 1866 1
3914 3277 1
4320 3716 1
4320 1240 1
4320 1049 1
4320 3131 1
4320 4269 1
3883 4546 1
3883 4724 1
3883 3965 1
1673 1398 1
1673 1392 1
1673 508 1
1673 2295 1
1673 2817 1
1673 4387 1
1673 1750 1
4693 1511 1
4693 2926 1
4693 3457 1
4693 286 1
4693 3998 1
4693 2715 1
4693 1187 1
4693 4143 1
4693 4687 1
4693 1055 1
3014 564 1
3014 2118 1
3429 4599 1
3429 440 1
3429 4616 1
3429 3717 1
3429 2641 1
3429 1895 1
3792 2711 1
3792 4157 1
130 4344 1
3109 4095 1
3109 2442 1
3109 3467 1
3109 3816 1
1172 4451 1
1172 3738 1
1172 697 1
1172 3876 1
1172 4472 1
1172 1630 1
1172 603 1
1172 3986 1
1172 2109 1
1172 4503 1
2615 2254 1
4335 956 1
4335 3504 1
4335 706 1
4335 3763 1
4335 1306 1
4335 4659 1
4335 4578 1
4335 4528 1
4335 346 1
4335 2930 1
4335 1193 1
4335 3167 1
1570 3858 1
1570 246 1
1570 1260 1
1246 1369 1
1246 4712 1
1246 342 1
1713 4661 1
1237 2177 1
1237 1214 1
1237 2018 1
1237 4376 1
1237 126 1
1237 1440 1
1237 2946 1
1237 2745 1
1237 2622 1
1237 547 1
1237 4587 1
1237 4018 1
1237 2636 1
462 2688 1
462 3621 1
969 2307 1
969 4514 1
969 2146 1
1686 3948 1
1686 2294 1
1686 569 1
1686 4657 1
1686 2679 1
1686 2001 1
1686 2989 1
1686 4267 1
1686 2699 1
1686 1937 1
544 49 1
544 1167 1
544 4703 1
544 3668 1
544 3943 1
544 455 1
931 1782 1
1908 4294 1
1908 1128 1
1908 4437 1
1886 1241 1
1886 1626 1
1886 3980 1
1886 822 1
1886 227 1
4347 3583 1
4347 4072 1
4347 2740 1
3151 1276 1
3151 4065 1
3151 1886 1
3151 812 1
3151 4164 1
3151 1822 1
3151 3739 1
3151 2055 1
3151 1253 1
3151 1672 1
3933 1481 1
3933 3932 1
2018 2734 1
2018 713 1
4390 2671 1
4390 3757 1
4390 192 1
4390 1574 1
4390 3312 1
4390 1042 1
141 3501 1
141 3246 1
141 2438 1
141 175 1
296 3443 1
296 1666 1
296 3387 1
113 1818 1
113 4506 1
2697 3051 1
2697 548 1
2697 3460 1
2697 2565 1
2697 459 1
2697 4242 1
2697 113 1
2697 3671 1
2697 2920 1
2697 3502 1
2697 1912 1
2697 4595 1
2697 1043 1
2697 1103 1
2697 2150 1
2697 1980 1
2697 1561 1
2697 1762 1
2697 3248 1
2697 2331 1
2697 662 1
2697 1497 1
2697 2528 1
2697 2810 1
2697 4268 1
2697 4401 1
2697 3478 1
2697 3864 1
1087 3586 1
1087 1140 1
1087 4464 1
1087 2488 1
1087 2560 1
1087 3354 1
1087 3659 1
1087 3231 1
1087 4647 1
1087 3394 1
1113 3108 1
1113 2992 1
1113 173 1
1113 2728 1
1113 398 1
1113 3059 1
1113 2189 1
2922 2814 1
2922 1093 1
3622 1528 1
37 1513 1
4196 1318 1
4196 3435 1
4196 2855 1
1410 110 1
1410 4562 1
1410 391 1
2101 2014 1
3066 1031 1
3066 4435 1
1179 3338 1
1179 3459 1
1179 1407 1
1179 1846 1
1179 4235 1
1179 903 1
1179 3320 1
1179 3085 1
1179 132 1
4137 4696 1
4137 4084 1
4137 2276 1
4137 3055 1
4137 426 1
4137 3249 1
4137 2235 1
4137 2006 1
4137 4745 1
4137 1432 1
4137 244 1
4137 2536 1
4137 1774 1
4137 191 1
4137 4576 1
4137 84 1
4137 2340 1
4137 2804 1
2985 2738 1
2985 3359 1
626 3116 1
626 573 1
1269 431 1
1269 1445 1
1269 2455 1
1269 36 1
1269 2268 1
1269 1436 1
1269 2020 1
3788 886 1
3788 1246 1
3788 928 1
3788 565 1
3788 1073 1
3788 1589 1
3788 4635 1
3802 1972 1
1520 4441 1
2317 2848 1
2317 4340 1
2317 351 1
2317 504 1
2317 805 1
815 3578 1
815 1675 1
815 2800 1
815 198 1
815 223 1
1328 4673 1
3791 2793 1
2637 2762 1
3935 3598 1
3935 297 1
3935 4271 1
1502 3310 1
3592 951 1
3592 1548 1
3754 1390 1
203 3071 1
203 3162 1
203 3379 1
203 1761 1
203 594 1
203 462 1
203 3533 1
203 1191 1
203 382 1
203 2107 1
203 3033 1
203 2046 1
407 3458 1
407 526 1
407 4281 1
214 767 1
214 4607 1
214 4486 1
214 4520 1
214 2748 1
4593 915 1
4593 4358 1
4593 2404 1
4593 3250 1
4593 4563 1
4593 4674 1
4593 4553 1
2206 3158 1
3317 1119 1
3317 4565 1
3317 2413 1
3317 2998 1
3317 3283 1
2857 679 1
2857 1683 1
4171 386 1
4171 1401 1
4171 4320 1
4171 4223 1
4171 3005 1
4171 2648 1
1963 23 1
21 2037 1
21 2525 1
21 2422 1
1562 1431 1
1562 1090 1
1773 2096 1
397 1705 1
3461 2551 1
3461 3563 1
3553 1302 1
3553 855 1
3553 3774 1
3553 667 1
3553 86 1
2002 916 1
2002 3003 1
2753 3845 1
2753 239 1
2753 3824 1
1926 476 1
1926 864 1
1926 3880 1
1926 217 1
2605 476 1
2605 2842 1
2605 2180 1
2605 3411 1
2605 2024 1
2605 4402 1
2605 1897 1
2605 3101 1
4540 334 1
4540 1217 1
4540 2084 1
4540 3086 1
1599 2963 1
1599 1685 1
1599 814 1
3877 3350 1
2769 1795 1
2769 1337 1
2769 1595 1
2769 1279 1
2769 2381 1
2769 3846 1
2356 3075 1
1927 4124 1
1575 2445 1
395 1915 1
395 3520 1
395 4316 1
1815 2612 1
1815 2375 1
1815 2162 1
1815 3511 1
1815 1945 1
1815 1717 1
1815 4501 1
1815 2735 1
1815 3703 1
1815 1277 1
1815 3919 1
1815 4704 1
3564 3708 1
3564 3835 1
3564 3031 1
3564 3123 1
3564 2983 1
3564 4019 1
3564 1648 1
2706 3582 1
2706 557 1
2706 1776 1
4016 1156 1
4069 3960 1
1182 3623 1
1182 2401 1
1182 4606 1
1182 2773 1
1182 2343 1
4363 3077 1
4363 4421 1
4363 2955 1
4363 4005 1
4363 819 1
4363 3794 1
4363 3801 1
4363 515 1
2287 670 1
2287 4108 1
1556 2502 1
1556 3929 1
1556 414 1
1273 1259 1
1273 1726 1
1273 4177 1
3514 1407 1
3514 2477 1
3514 3836 1
1988 4182 1
1988 2506 1
221 411 1
221 1275 1
221 3254 1
2584 3797 1
2584 3611 1
2584 3634 1
2584 357 1
2584 1733 1
2584 15 1
3815 1670 1
3815 3780 1
3815 3290 1
3815 2608 1
1836 935 1
1836 1091 1
1856 60 1
1856 962 1
894 3030 1
894 111 1
894 3301 1
894 4264 1
894 229 1
894 434 1
894 3916 1
894 2857 1
894 2611 1
894 3705 1
894 1906 1
894 3517 1
894 1386 1
894 4382 1
894 2945 1
894 3672 1
894 287 1
894 2128 1
3979 2969 1
3979 2860 1
3979 1412 1
3979 2156 1
950 4311 1
2953 322 1
2953 1852 1
3384 2949 1
1506 4031 1
3856 1612 1
3856 473 1
3856 204 1
2110 3650 1
2110 310 1
741 2801 1
741 187 1
741 4391 1
741 3830 1
741 3544 1
741 471 1
741 3857 1
2255 3698 1
2255 1339 1
2255 925 1
2255 2293 1
1446 1985 1
1446 904 1
1446 3679 1
1446 4111 1
1446 4498 1
4326 2569 1
4326 4711 1
4326 251 1
4326 3837 1
901 556 1
901 606 1
3396 2638 1
3396 1487 1
3396 3334 1
3396 2605 1
3396 1703 1
3396 3971 1
3396 1155 1
3396 2640 1
3396 1893 1
3396 1820 1
3396 555 1
3396 2154 1
454 2577 1
454 762 1
454 3432 1
454 3786 1
454 2552 1
454 1190 1
454 645 1
3811 2939 1
3403 1785 1
3403 1734 1
1105 190 1
1105 4417 1
1105 2807 1
1105 4496 1
1105 2709 1
1105 1813 1
1105 2635 1
1105 2643 1
1105 131 1
2116 2683 1
2116 1355 1
2116 764 1
152 2875 1
2729 4619 1
2729 1293 1
2729 666 1
2729 3197 1
2729 89 1
2566 947 1
4680 1200 1
2920 3173 1
2920 1021 1
2920 828 1
2920 445 1
2920 2225 1
2920 2624 1
2920 2351 1
2920 3361 1
2920 911 1
2920 4162 1
2920 1924 1
2920 2631 1
2920 3351 1
2920 4346 1
2920 4342 1
2920 2647 1
2920 932 1
2920 3799 1
2920 3523 1
2920 2888 1
2920 2303 1
2920 3891 1
2920 4117 1
2920 3185 1
2920 2662 1
2920 2897 1
2920 878 1
2920 87 1
2920 393 1
2920 1334 1
2920 4075 1
2920 842 1
2920 2927 1
2071 1950 1
2071 2718 1
2071 2012 1
2071 2704 1
2071 102 1
2071 76 1
2071 3487 1
2071 3469 1
2071 2226 1
1692 839 1
1692 2632 1
1692 1471 1
3705 3388 1
3705 421 1
3186 546 1
3186 2315 1
3186 420 1
3186 771 1
3186 1940 1
3186 640 1
4746 2585 1
4746 3311 1
4746 144 1
4746 4493 1
4746 2213 1
4746 3515 1
4746 3157 1
4746 3165 1
4746 1823 1
1421 4480 1
3038 976 1
3038 3718 1
3038 3274 1
3465 2646 1
2695 4648 1
2695 388 1
2695 2890 1
2695 2369 1
2695 1219 1
2695 2240 1
2695 1069 1
2695 2017 1
2695 905 1
4074 742 1
4074 3198 1
4074 2942 1
4074 3997 1
4074 1081 1
4074 2562 1
4639 4183 1
2429 1751 1
2429 954 1
2429 3468 1
1837 3612 1
1837 1180 1
2844 3163 1
2844 2523 1
2844 230 1
2844 4292 1
2844 2481 1
2844 3983 1
938 4608 1
938 1755 1
938 2869 1
938 3356 1
938 2435 1
938 2537 1
938 1114 1
1608 1603 1
1608 3721 1
1608 1074 1
1608 3614 1
1608 378 1
1608 820 1
1608 1384 1
1608 347 1
1608 291 1
4103 2862 1
4103 4669 1
4103 3572 1
4103 3793 1
4103 1085 1
4103 4566 1
4103 4649 1
4103 607 1
4103 746 1
1266 949 1
1266 309 1
1266 3918 1
1266 1416 1
1266 73 1
1266 1883 1
1266 1076 1
1266 162 1
1266 3426 1
1266 1880 1
922 1108 1
922 3629 1
922 4476 1
2147 2388 1
2147 2767 1
4624 3519 1
634 2221 1
634 551 1
634 3176 1
634 65 1
634 1274 1
634 678 1
634 909 1
634 3581 1
634 316 1
634 55 1
634 3946 1
634 4622 1
634 4419 1
634 4621 1
634 1506 1
634 2471 1
634 3134 1
634 3010 1
634 3939 1
634 738 1
634 56 1
634 2886 1
634 1537 1
634 3098 1
634 3546 1
634 4155 1
634 1962 1
634 4301 1
634 3545 1
634 4692 1
634 2196 1
634 2234 1
634 1580 1
634 2033 1
634 1944 1
634 980 1
634 4423 1
634 832 1
634 3656 1
634 72 1
634 942 1
634 3474 1
634 780 1
634 1254 1
634 4614 1
634 2937 1
634 2288 1
634 3255 1
634 3576 1
3399 3941 1
3399 3340 1
3399 4187 1
3399 2857 1
3399 1378 1
3399 1185 1
3399 4277 1
3399 3863 1
3399 3884 1
3399 4515 1
3399 2493 1
3399 4132 1
1620 2101 1
1620 4733 1
1620 2496 1
1620 3699 1
371 2088 1
371 1532 1
2626 2143 1
2626 95 1
2626 1955 1
2626 281 1
2626 1381 1
2626 4282 1
3451 454 1
3451 3527 1
1769 668 1
3506 3654 1
3506 4354 1
3506 523 1
3506 2883 1
3506 1611 1
3506 2181 1
3506 4629 1
3506 2529 1
2914 2816 1
958 3401 1
3971 4 1
3971 481 1
661 4638 1
661 3037 1
661 1707 1
661 553 1
661 1970 1
1889 3838 1
3110 1056 1
3110 536 1
3110 3242 1
3110 3931 1
3110 4296 1
3110 579 1
3110 1495 1
3110 1826 1
3110 270 1
3110 2663 1
3110 3848 1
3110 2048 1
3110 233 1
3110 2785 1
3110 3002 1
3110 2974 1
3110 1352 1
3095 3954 1
3282 3225 1
3282 201 1
3282 4025 1
1449 2774 1
1449 2580 1
703 2829 1
703 1157 1
703 3223 1
266 1585 1
266 3218 1
266 2703 1
266 1708 1
266 234 1
266 300 1
684 3592 1
4228 2208 1
4228 1967 1
3939 4550 1
3939 492 1
3939 3021 1
3939 3665 1
3939 1811 1
3939 4707 1
3939 3860 1
3939 2789 1
3939 3740 1
3939 4428 1
3939 736 1
3939 2764 1
3939 3568 1
3939 1849 1
3939 3141 1
854 1480 1
854 4216 1
854 4224 1
854 3733 1
854 2567 1
854 25 1
2795 1393 1
2795 2465 1
2795 2922 1
2795 4070 1
2795 3873 1
2795 1229 1
2795 639 1
2795 705 1
2323 2570 1
2323 1060 1
2323 3133 1
1351 4584 1
1351 1616 1
1798 961 1
1798 138 1
1798 4469 1
1798 1667 1
3719 3322 1
3719 1215 1
3295 2382 1
3295 4249 1
4343 1162 1
3025 4083 1
3025 3500 1
3025 215 1
453 776 1
3584 2497 1
3584 3076 1
3584 3406 1
3584 4244 1
3584 1890 1
3584 1094 1
3584 3731 1
3584 3712 1
2872 79 1
3945 1838 1
3945 408 1
3945 2573 1
3945 2083 1
3114 2316 1
3114 2437 1
3114 318 1
3114 4730 1
511 1149 1
511 3992 1
511 116 1
511 2513 1
482 3820 1
482 3736 1
482 417 1
2003 3099 1
338 1627 1
338 4571 1
2038 1552 1
2038 3962 1
2038 4685 1
2038 1984 1
2038 4270 1
1934 2995 1
1934 2916 1
1934 4585 1
1934 34 1
1934 1308 1
4277 1489 1
4277 3050 1
4277 3875 1
4277 849 1
4277 485 1
4277 2394 1
4277 1928 1
4277 2317 1
4277 279 1
4277 3215 1
4277 908 1
4277 1447 1
4277 4396 1
4277 437 1
4277 4000 1
4277 1116 1
4277 641 1
4277 1903 1
4277 2178 1
4277 4604 1
1996 3969 1
1996 1990 1
1996 868 1
1996 2601 1
1459 3778 1
1459 3695 1
1459 1080 1
1459 1112 1
1459 3193 1
1459 2292 1
1459 3554 1
1459 1458 1
1459 3849 1
1459 4590 1
1459 2693 1
1046 2827 1
1046 873 1
1046 264 1
1046 3431 1
1046 2664 1
1046 145 1
1046 3862 1
4463 2417 1
4306 298 1
4306 1119 1
4306 754 1
4306 2672 1
4306 1768 1
4306 559 1
4306 1267 1
4306 2925 1
4306 2713 1
4306 2275 1
4569 821 1
4569 3902 1
4569 1022 1
4569 1146 1
4569 2766 1
4569 2127 1
4569 4127 1
4569 1041 1
4569 4059 1
4569 2515 1
4569 2681 1
4569 3004 1
4569 653 1
4569 2619 1
4569 1662 1
4569 3488 1
1339 1249 1
1429 619 1
2485 3244 1
41 1175 1
41 1929 1
644 402 1
644 457 1
644 1618 1
644 3078 1
644 4040 1
644 4446 1
644 2649 1
644 1745 1
644 847 1
644 3286 1
644 153 1
644 3749 1
4620 3484 1
4620 88 1
3627 1165 1
3627 2832 1
3627 914 1
3627 1855 1
3627 237 1
3627 1305 1
3627 1850 1
3627 2142 1
3627 3418 1
3627 3978 1
4407 3768 1
4407 4013 1
1161 2858 1
1161 1207 1
4523 1814 1
1485 2510 1
2886 232 1
2886 2220 1
2867 3208 1
2867 1727 1
2867 2031 1
2867 986 1
2867 4448 1
2867 827 1
2867 3821 1
2867 1718 1
2867 2545 1
2867 3000 1
1537 2341 1
1537 4307 1
126 284 1
126 2568 1
126 803 1
2944 1566 1
2944 2286 1
2944 1466 1
2873 3111 1
2873 2185 1
1196 2446 1
1196 710 1
1196 3313 1
1196 539 1
1196 2757 1
1196 610 1
1196 2257 1
1196 4658 1
1196 2089 1
1196 1122 1
1196 590 1
1196 339 1
1196 3818 1
1196 210 1
1196 936 1
1196 3486 1
1196 3804 1
317 124 1
2971 895 1
2971 1663 1
2971 4361 1
2971 3385 1
2971 2716 1
302 1647 1
3078 3087 1
3078 996 1
3078 3022 1
3615 1095 1
3615 4404 1
3615 872 1
3615 3404 1
3615 4458 1
3615 3726 1
3615 1263 1
3615 1554 1
3615 1862 1
3615 1361 1
3615 1300 1
3615 1539 1
3615 2792 1
1816 2280 1
1816 2002 1
1816 2009 1
1816 501 1
1816 1281 1
1816 598 1
1816 2620 1
1816 3587 1
1816 2815 1
1816 2879 1
1816 448 1
1816 3534 1
3889 4731 1
3889 4245 1
3889 2171 1
3889 2535 1
2596 779 1
2596 983 1
2596 2297 1
2596 2968 1
2596 4189 1
3337 2476 1
3337 3377 1
3337 3082 1
3337 152 1
3337 4154 1
3337 2720 1
3337 3735 1
3337 4021 1
3843 2007 1
1382 4230 1
1382 934 1
1382 2153 1
1382 9 1
1382 1860 1
1382 3610 1
1382 1556 1
1382 2584 1
1382 4326 1
1382 2475 1
1382 3945 1
1382 4098 1
1382 677 1
1382 4274 1
1382 96 1
1382 2864 1
1382 1560 1
1382 3243 1
1382 1796 1
1382 3417 1
4740 1154 1
4740 2962 1
4740 4006 1
2384 3720 1
2384 2069 1
2384 2911 1
2384 1523 1
1331 2598 1
4225 2285 1
4225 3383 1
4225 3645 1
4225 4716 1
4225 2772 1
4225 953 1
4225 1446 1
4225 1641 1
4225 2596 1
4225 2730 1
4225 4618 1
4225 2981 1
4225 35 1
4225 725 1
4225 166 1
632 4602 1
2058 4671 1
2058 1057 1
2058 1183 1
2058 1868 1
2058 970 1
2058 3752 1
3119 3222 1
3119 1847 1
3119 3936 1
3119 252 1
3119 1125 1
3119 4482 1
3119 1141 1
3119 2531 1
3721 939 1
3721 600 1
275 1367 1
4087 3957 1
4087 853 1
4087 2322 1
4087 1979 1
4087 486 1
4087 159 1
4087 3588 1
4087 370 1
4087 1071 1
4087 3871 1
4087 2702 1
4087 2691 1
4087 1736 1
4087 3505 1
2779 1839 1
2779 834 1
2779 31 1
2779 427 1
2779 4742 1
989 1230 1
989 3701 1
989 1925 1
989 2894 1
989 2721 1
989 443 1
989 2236 1
989 3303 1
989 1238 1
989 1218 1
989 1096 1
3391 1905 1
3391 1739 1
3391 1977 1
3391 3928 1
3391 187 1
3391 2452 1
3391 1946 1
3391 741 1
3391 4666 1
3391 2874 1
3391 691 1
3391 4399 1
3391 447 1
3391 4293 1
3391 3898 1
3391 2049 1
3391 940 1
3391 838 1
3391 1015 1
3391 4694 1
3391 265 1
3391 507 1
3391 2296 1
3391 921 1
3391 1590 1
3391 1192 1
2876 3594 1
2876 765 1
2876 2759 1
2373 274 1
2373 1864 1
2373 991 1
1461 2549 1
1461 1623 1
216 3942 1
216 4156 1
216 3684 1
216 530 1
216 2850 1
216 613 1
216 1713 1
216 4681 1
216 801 1
216 611 1
216 601 1
216 4611 1
216 1746 1
216 3865 1
216 4321 1
216 2314 1
216 1748 1
216 205 1
216 3357 1
216 2544 1
216 1597 1
216 3265 1
216 3143 1
216 796 1
2076 3755 1
4109 4637 1
4109 813 1
4109 2081 1
4109 1712 1
4109 871 1
4109 4574 1
4109 4119 1
4109 622 1
4109 193 1
4109 3358 1
4109 1592 1
4109 656 1
4109 3869 1
4109 617 1
4109 2739 1
4109 2277 1
2951 3034 1
4544 1634 1
4544 4552 1
4544 963 1
4544 4377 1
4544 2519 1
4544 4308 1
4544 2361 1
4544 4613 1
4544 1863 1
4544 1198 1
4544 2571 1
3439 2290 1
3439 1477 1
3439 4736 1
3439 1204 1
3439 4093 1
3439 2397 1
3439 3906 1
984 1655 1
984 1335 1
984 633 1
984 3900 1
984 4406 1
984 528 1
1507 1264 1
1507 4327 1
1507 3287 1
1507 4577 1
2022 992 1
2022 4473 1
2022 4066 1
2022 4091 1
2022 3926 1
2022 1448 1
1978 3620 1
4640 4526 1
4119 4107 1
4119 1559 1
4119 707 1
4119 3204 1
4119 2582 1
4119 4505 1
4119 1494 1
4119 3375 1
4119 4420 1
4119 993 1
4119 292 1
4119 3072 1
4119 1147 1
4119 2103 1
2157 208 1
2157 4452 1
2157 3333 1
2157 423 1
2157 997 1
2157 2833 1
4133 2008 1
10 1690 1
2978 4134 1
880 927 1
2114 4413 1
2114 3963 1
2114 4330 1
2114 2637 1
2114 4208 1
2877 64 1
2877 3994 1
3113 4345 1
2086 967 1
3545 3756 1
3545 1951 1
3545 4126 1
3545 2205 1
3545 3710 1
3545 3341 1
3545 2885 1
3545 561 1
3545 2991 1
3545 1178 1
3545 544 1
3545 1722 1
3545 732 1
3545 783 1
3545 595 1
3545 90 1
3545 317 1
3545 3280 1
3545 543 1
3545 4002 1
3545 4086 1
3545 4052 1
3545 3402 1
3545 4082 1
3545 774 1
3545 104 1
3545 1577 1
3545 238 1
3545 3812 1
2811 4302 1
2811 253 1
2811 4698 1
2811 1008 1
2811 280 1
2811 4497 1
343 80 1
343 4589 1
343 1571 1
343 4185 1
766 3105 1
766 4036 1
766 2714 1
766 207 1
3673 1701 1
2574 2675 1
2574 4211 1
2574 2370 1
2574 2692 1
2151 176 1
2151 2747 1
2151 1486 1
2151 621 1
2151 3112 1
2151 1346 1
2151 105 1
2151 3079 1
2151 2794 1
2151 2518 1
2151 57 1
2151 1490 1
2151 273 1
3530 3828 1
3530 499 1
3530 1817 1
3530 3439 1
3530 38 1
3530 4139 1
3530 1188 1
3530 2954 1
932 3277 1
1943 1061 1
1943 2722 1
3953 384 1
3953 2614 1
3953 824 1
3953 593 1
3953 1357 1
443 3555 1
443 2057 1
443 3335 1
2236 2642 1
2236 597 1
2236 749 1
2236 825 1
2236 2193 1
2236 1472 1
2236 4192 1
2236 4153 1
957 1322 1
957 4051 1
957 2563 1
3956 4469 1
2196 3630 1
2196 3581 1
2196 3750 1
2196 2795 1
2196 2516 1
2196 3294 1
2196 529 1
2240 3251 1
3137 3851 1
4557 379 1
2492 1394 1
4207 1668 1
4207 1764 1
4207 1455 1
4207 4714 1
4207 2405 1
614 3343 1
614 1258 1
614 1988 1
614 2656 1
614 2073 1
614 4142 1
614 3741 1
614 1832 1
614 683 1
614 1757 1
614 3327 1
614 658 1
614 3677 1
614 3177 1
614 283 1
614 3832 1
614 299 1
4112 2698 1
4112 1467 1
4112 4125 1
4112 708 1
4112 3304 1
4112 1954 1
4628 3742 1
1664 4398 1
1664 3841 1
1782 3528 1
1023 850 1
1023 518 1
1023 605 1
1023 554 1
1023 3662 1
1023 371 1
1023 4583 1
1023 4594 1
1023 4285 1
1023 3548 1
1023 3048 1
1023 4172 1
3819 3170 1
3819 1395 1
3819 712 1
3819 1113 1
3819 399 1
3819 898 1
3819 395 1
3819 3391 1
3819 3220 1
3819 2310 1
3819 1656 1
3819 790 1
3819 3103 1
451 2250 1
451 4348 1
451 3456 1
375 4715 1
375 199 1
375 3168 1
375 1278 1
375 1567 1
375 3067 1
375 1296 1
375 3917 1
375 3104 1
375 1909 1
375 1319 1
375 1206 1
375 3491 1
375 247 1
375 183 1
375 1507 1
375 730 1
375 4517 1
375 3039 1
375 3171 1
375 1524 1
375 3990 1
375 1265 1
2634 100 1
2634 2239 1
2634 2326 1
2634 2979 1
2634 3506 1
2634 2301 1
2634 4076 1
2634 4729 1
2634 1517 1
2634 2202 1
3541 51 1
4213 4238 1
4213 1942 1
4213 3205 1
4213 2365 1
4213 3878 1
4213 3866 1
68 1704 1
2328 2751 1
2328 1508 1
2328 2959 1
46 3784 1
46 2948 1
46 2293 1
4741 30 1
4741 3892 1
4741 3829 1
4741 453 1
4741 2485 1
4741 2216 1
4741 3722 1
4741 2289 1
4741 3196 1
4741 3692 1
2456 1538 1
2456 1899 1
2456 328 1
2456 1599 1
2456 1975 1
2456 4102 1
2456 3414 1
2456 1220 1
2456 2000 1
2456 4531 1
2456 491 1
2456 4148 1
2456 2319 1
2456 137 1
2456 1579 1
2730 985 1
2730 2028 1
2730 3181 1
2730 2415 1
2730 1877 1
2730 62 1
2730 4122 1
2730 2867 1
2730 2478 1
2730 4544 1
2730 46 1
2730 2459 1
2730 1799 1
2730 2474 1
2730 4434 1
2730 419 1
2730 2112 1
2730 3508 1
3613 1332 1
3613 3275 1
3613 1362 1
3613 3373 1
3613 1659 1
276 3465 1
276 2026 1
3923 47 1
3923 1676 1
3923 2327 1
3923 2780 1
2460 438 1
2460 3535 1
2460 2184 1
2460 2532 1
2460 3307 1
2460 1134 1
2460 1584 1
2460 2230 1
1433 2917 1
1433 3522 1
1433 3968 1
1433 2498 1
1433 2071 1
1433 4695 1
1433 4450 1
1433 1320 1
1433 3975 1
1433 2259 1
1433 3589 1
1433 3481 1
1433 2354 1
1433 2893 1
4594 2299 1
1117 3839 1
1117 4507 1
1117 3159 1
1117 1289 1
2407 2228 1
2407 1653 1
2407 356 1
2407 3386 1
2407 3068 1
2407 2621 1
2407 4113 1
2407 2586 1
2407 2110 1
2407 3644 1
2407 672 1
2407 3889 1
2407 2207 1
2407 534 1
2407 2682 1
2407 324 1
2407 680 1
2407 3416 1
2407 3296 1
2407 359 1
2407 1865 1
2407 307 1
2407 4097 1
2407 121 1
1731 3737 1
1731 4632 1
1731 1593 1
1731 1106 1
1731 628 1
1731 3438 1
1731 3798 1
1731 452 1
1731 4300 1
1731 4071 1
1731 1425 1
1731 4604 1
2459 1525 1
2459 267 1
2459 1336 1
2459 4596 1
2459 3683 1
2459 2830 1
2459 2366 1
2459 3815 1
2459 4318 1
2459 3843 1
2459 77 1
2459 3390 1
2459 1097 1
2459 3711 1
2459 2253 1
2459 827 1
2459 3339 1
2459 4438 1
2459 4204 1
2459 2746 1
2459 3696 1
2459 4516 1
2459 3115 1
2459 3023 1
2459 2342 1
2459 1800 1
2459 1665 1
2956 1420 1
2956 4662 1
2853 1706 1
2952 4510 1
2952 2149 1
2952 4146 1
2952 177 1
2952 4529 1
2952 2705 1
2952 3927 1
2952 4463 1
2952 66 1
2952 2320 1
2952 804 1
2952 3450 1
2952 3084 1
2952 3464 1
2952 3810 1
1527 3510 1
1527 2503 1
1527 2190 1
324 888 1
324 4408 1
2754 3911 1
4098 4737 1
4098 4654 1
4098 798 1
3972 4439 1
3972 4253 1
3972 3903 1
3972 4542 1
3972 2321 1
3972 4137 1
3972 3678 1
3972 1075 1
3972 716 1
3972 2769 1
3972 1621 1
3972 4436 1
3972 288 1
3972 2971 1
3972 2811 1
3972 258 1
3972 1137 1
3972 4702 1
3972 2194 1
3972 1900 1
3972 3281 1
3972 1991 1
3972 2093 1
3972 16 1
3972 589 1
3972 1992 1
3972 4022 1
3972 3044 1
3972 2041 1
3972 4355 1
3972 1623 1
3972 154 1
3972 3102 1
3972 2975 1
3972 698 1
3972 4453 1
3972 1473 1
3972 4429 1
3972 3996 1
3972 3247 1
1602 2430 1
409 3429 1
409 1158 1
2072 3236 1
2072 1483 1
2234 1588 1
2234 1222 1
2234 178 1
2234 1197 1
2234 1016 1
692 1452 1
692 282 1
630 4598 1
630 875 1
630 235 1
630 2158 1
740 4180 1
1033 480 1
1033 4309 1
2546 3221 1
2887 2175 1
4702 4144 1
4702 3603 1
4702 2836 1
4002 259 1
404 4560 1
1587 2538 1
4219 1885 1
4219 1600 1
4219 646 1
4219 1509 1
4219 2061 1
4219 489 1
4219 2621 1
4219 1622 1
4219 2391 1
4219 3649 1
4219 887 1
4219 2398 1
4219 1609 1
4219 3214 1
4219 3618 1
4219 248 1
4219 2909 1
4219 2895 1
4219 1801 1
4219 4052 1
4219 3149 1
4219 4252 1
4219 4254 1
4219 383 1
4272 4464 1
4272 2488 1
4272 4480 1
4272 3394 1
618 1402 1
618 791 1
1901 3480 1
4595 3492 1
4595 542 1
4595 3422 1
4595 3144 1
4595 1164 1
4595 2261 1
4595 2918 1
2305 1210 1
2305 4317 1
2305 1375 1
2305 129 1
2305 4138 1
1563 1291 1
1563 4056 1
1563 1285 1
1563 100 1
1563 2414 1
1563 4558 1
1563 2970 1
1563 907 1
1563 2116 1
1563 3894 1
1563 1242 1
1563 329 1
1563 1243 1
1563 2919 1
1563 67 1
1563 4202 1
2363 612 1
4518 3178 1
4518 690 1
4518 1223 1
4518 2722 1
4518 3915 1
2976 463 1
2976 3289 1
2976 1338 1
2976 338 1
2976 1201 1
24 809 1
24 2654 1
24 4564 1
24 2042 1
24 2994 1
24 4145 1
1811 743 1
1811 428 1
2200 1729 1
2200 1468 1
2200 626 1
2200 1982 1
2200 275 1
2200 1168 1
2200 4120 1
2200 2264 1
2200 4723 1
2200 4470 1
2200 2511 1
2159 3329 1
4707 2863 1
4707 4289 1
4707 3890 1
4707 4511 1
1747 3591 1
1747 3088 1
1747 4717 1
1747 1923 1
1747 1938 1
1747 3758 1
1747 673 1
1747 1888 1
1747 367 1
4174 2670 1
4174 1199 1
4174 1804 1
4174 916 1
4174 63 1
584 2743 1
584 2685 1
3593 3155 1
3593 3949 1
3593 1682 1
3593 1009 1
3593 2450 1
3593 3096 1
3593 784 1
3593 1650 1
3593 4205 1
3593 3454 1
3593 4050 1
3593 354 1
3593 1356 1
3593 3724 1
3770 101 1
3369 692 1
2194 4099 1
2194 2371 1
2194 2122 1
2194 807 1
2194 4624 1
2194 4168 1
2194 428 1
2194 1461 1
2194 4653 1
2194 2192 1
2194 2665 1
2194 1780 1
2194 4388 1
2194 4410 1
2194 4617 1
2194 4380 1
2843 549 1
2843 3211 1
2843 2454 1
2843 2594 1
2843 2736 1
2843 2470 1
2843 1720 1
2843 964 1
2778 2625 1
3958 3089 1
1900 369 1
1900 3146 1
1900 999 1
1900 4136 1
1900 4697 1
1900 4261 1
1900 2203 1
1900 3252 1
1900 4412 1
1900 1693 1
1900 709 1
1900 2300 1
1900 2337 1
1900 2899 1
1900 430 1
1900 1496 1
1900 2822 1
1900 2204 1
1900 4675 1
1900 1247 1
1900 1930 1
1900 1205 1
3047 2796 1
1491 2908 1
1491 1936 1
1491 1290 1
1783 1952 1
1783 4251 1
1783 1958 1
1783 1993 1
1783 4323 1
1783 2706 1
1783 2323 1
1783 1333 1
1783 3470 1
1783 3466 1
1783 717 1
1783 652 1
1783 4333 1
1783 1010 1
1783 4422 1
1783 674 1
1783 4424 1
1783 4411 1
1783 1669 1
1783 1941 1
1783 4186 1
1783 4384 1
1783 1169 1
1783 118 1
1783 3826 1
912 3507 1
912 439 1
912 3693 1
912 663 1
4061 1387 1
4061 218 1
4061 563 1
4061 514 1
4061 2129 1
4061 3219 1
2930 1500 1
2930 1848 1
2930 1859 1
1541 729 1
4023 2906 1
4023 3053 1
4023 4349 1
4023 1399 1
4023 2374 1
4023 2490 1
4023 688 1
4023 301 1
4076 859 1
4076 1871 1
2000 3807 1
294 3981 1
294 3148 1
2170 2345 1
4484 727 1
4484 2187 1
4484 3203 1
3517 3595 1
3517 1328 1
3517 2130 1
3517 4373 1
3517 4041 1
3207 2238 1
3207 4561 1
3207 372 1
3207 4304 1
3207 2050 1
772 2787 1
772 1743 1
3888 1248 1
3888 3529 1
3888 155 1
3888 3647 1
3888 1287 1
2473 971 1
2416 4195 1
3458 4077 1
674 3272 1
674 1824 1
4658 675 1
4658 959 1
2727 3839 1
2727 4630 1
2727 146 1
2727 1257 1
2727 2785 1
1799 2140 1
1799 42 1
1799 2599 1
1799 1792 1
1657 2797 1
1657 4664 1
1657 330 1
1657 1478 1
1657 1266 1
1657 3494 1
1657 107 1
1657 4454 1
1657 4222 1
1657 568 1
1657 156 1
449 1083 1
2775 777 1
2775 599 1
2775 505 1
2775 1102 1
418 2182 1
418 4015 1
418 3761 1
418 3970 1
418 3017 1
418 1737 1
418 2364 1
418 3947 1
418 2509 1
418 1048 1
129 3547 1
129 3126 1
4149 2163 1
4149 649 1
4149 4037 1
1504 2653 1
1504 4026 1
1504 4534 1
1504 950 1
1504 1107 1
1504 1062 1
1504 4549 1
1504 1024 1
1504 3069 1
1504 4667 1
1504 1123 1
1504 1872 1
1482 1694 1
1482 1353 1
1482 4719 1
1482 2251 1
1757 2451 1
1757 2209 1
1757 114 1
2274 1651 1
2274 781 1
2274 2550 1
2274 1299 1
2274 1340 1
2274 3268 1
2274 3806 1
2274 3833 1
2274 139 1
2274 2965 1
2274 4243 1
2274 786 1
2274 4088 1
1000 4639 1
1000 3721 1
1000 524 1
1000 8 1
1000 1077 1
1000 1130 1
2654 3577 1
4285 2199 1
4285 483 1
4285 759 1
4260 3732 1
4260 441 1
4260 695 1
4260 1339 1
4260 2312 1
4260 4212 1
4260 1793 1
4260 3026 1
4260 1388 1
4260 1170 1
4260 2805 1
4260 3489 1
4260 1261 1
128 3462 1
128 4010 1
4535 1770 1
2947 2575 1
2947 1007 1
2947 3920 1
2947 4165 1
2947 1434 1
2947 3570 1
2947 2336 1
143 1460 1
143 477 1
4475 2029 1
4475 4471 1
4475 3715 1
4475 3930 1
2666 4055 1
2666 2131 1
2666 684 1
2666 3147 1
2666 3297 1
2666 1344 1
2666 2900 1
1568 1092 1
1568 4524 1
1568 205 1
694 2025 1
694 4256 1
694 2844 1
694 615 1
694 619 1
694 323 1
694 3 1
694 2418 1
694 629 1
694 1001 1
694 458 1
694 4200 1
694 3940 1
694 918 1
398 2791 1
398 4725 1
3558 332 1
589 3309 1
589 3632 1
589 3697 1
589 172 1
589 4683 1
2048 4381 1
2048 3566 1
2048 3049 1
2048 4456 1
2048 4714 1
2048 1203 1
1992 320 1
1992 3575 1
1992 4325 1
1992 4432 1
1992 2152 1
1992 2358 1
1992 955 1
1992 3295 1
1992 2776 1
1992 676 1
1992 2806 1
3135 2782 1
3135 29 1
3135 4114 1
3135 654 1
39 1124 1
39 1442 1
39 1790 1
39 2245 1
39 295 1
39 519 1
39 41 1
39 1825 1
39 2901 1
39 50 1
39 818 1
39 889 1
39 4699 1
39 209 1
39 3842 1
39 2406 1
39 1121 1
2191 3776 1
4043 3567 1
4043 3765 1
4043 4374 1
4022 2602 1
4022 2360 1
4022 3549 1
4022 2755 1
4022 4686 1
4022 1202 1
4022 1794 1
4022 1853 1
4022 1628 1
4022 3773 1
1077 170 1
1077 184 1
2851 1374 1
2851 1044 1
2851 1099 1
2851 1086 1
2851 1256 1
2851 1454 1
2851 2938 1
2851 1286 1
2851 1239 1
2851 4690 1
2851 3323 1
2851 3380 1
2851 4166 1
2851 4492 1
2851 4393 1
2851 14 1
2851 2078 1
2851 882 1
2851 1604 1
1208 856 1
1208 1343 1
1065 4038 1
1065 1966 1
2237 2660 1
2237 884 1
2237 3362 1
2237 990 1
2237 1971 1
2237 520 1
2237 303 1
2237 1620 1
2237 3966 1
2237 78 1
2237 1109 1
2237 3779 1
2237 2912 1
2237 1304 1
2237 4027 1
2237 1501 1
2237 1347 1
2237 1805 1
2237 2562 1
2237 3368 1
3371 787 1
3371 1324 1
3371 3951 1
3371 1777 1
3371 943 1
3371 3619 1
3371 4265 1
3371 3904 1
3371 4418 1
3371 979 1
3371 1516 1
3371 416 1
3371 3743 1
3371 425 1
3371 4403 1
3371 737 1
3371 1018 1
3371 1176 1
3371 581 1
3371 433 1
3371 4465 1
3371 70 1
3371 2845 1
3371 3893 1
3371 4363 1
3371 1631 1
3371 1148 1
3371 1551 1
3371 4306 1
3371 1842 1
3371 4291 1
3371 1350 1
3371 58 1
3371 2878 1
3371 704 1
3371 4708 1
3371 995 1
3371 984 1
3371 766 1
3371 2232 1
3371 467 1
3371 3867 1
3371 4409 1
3371 3822 1
3371 2576 1
3371 1065 1
3371 1635 1
3371 4210 1
3371 2541 1
3371 1366 1
3371 1974 1
3371 4519 1
3371 924 1
3371 929 1
3371 2486 1
3371 3640 1
3371 2462 1
3371 3019 1
3371 3766 1
3371 1997 1
3371 2907 1
3371 2984 1
3371 1994 1
3371 1377 1
3371 2339 1
3371 377 1
3371 2760 1
3371 965 1
3371 493 1
3371 988 1
4382 1788 1
4382 2736 1
1282 768 1
1282 994 1
1282 3754 1
1282 3398 1
1282 263 1
1282 897 1
1282 2533 1
2909 1933 1
2909 2123 1
2909 4660 1
2909 4567 1
2909 3190 1
2909 3728 1
2909 2267 1
2909 3092 1
1774 3060 1
1774 4682 1
1774 3588 1
3147 3234 1
3147 3988 1
4004 1456 1
4004 2425 1
4004 3844 1
4004 3441 1
4004 4366 1
33 1671 1
33 1854 1
33 1531 1
2571 893 1
1881 2115 1
1881 636 1
1881 289 1
1881 2302 1
1881 4414 1
2355 1533 1
2355 647 1
2355 4336 1
2355 1931 1
2355 558 1
2355 3124 1
292 4485 1
292 1110 1
3597 714 1
3597 1601 1
3597 1004 1
3597 2034 1
4481 758 1
2658 1535 1
3416 3536 1
3416 739 1
3416 2423 1
4720 2463 1
4720 361 1
4720 2924 1
1034 2819 1
1034 4623 1
1034 1692 1
1034 3541 1
1034 618 1
1034 2159 1
1034 3477 1
1034 839 1
1034 4011 1
1034 3405 1
1536 4350 1
1536 2500 1
2399 795 1
2399 4554 1
2399 188 1
2399 4297 1
335 3109 1
335 1117 1
1980 3663 1
1980 3631 1
1980 1270 1
1980 3584 1
1980 4400 1
1980 3318 1
1980 1360 1
1980 566 1
1980 1231 1
4027 4116 1
4027 340 1
4027 4487 1
1635 4128 1
2227 2696 1
2227 2278 1
1517 2094 1
1517 3027 1
1517 4672 1
1517 2243 1
1517 623 1
1517 341 1
1517 2059 1
1517 1510 1
1517 4365 1
1517 571 1
1517 4392 1
1517 3934 1
3454 487 1
3454 2333 1
2126 2203 1
2921 3933 1
2921 3760 1
2921 3604 1
2921 1345 1
2921 4710 1
592 3680 1
592 3550 1
592 3006 1
592 848 1
592 744 1
592 2887 1
592 4743 1
592 1225 1
592 3331 1
592 1019 1
592 403 1
592 2291 1
3348 3977 1
3183 2676 1
3183 2461 1
2104 17 1
2104 1921 1
364 101 1
3794 3302 1
3794 718 1
3794 4389 1
2965 2436 1
2965 3556 1
2965 2176 1
2965 2892 1
2965 3015 1
2965 751 1
2965 4257 1
4392 3471 1
653 2167 1
653 792 1
653 3100 1
653 2273 1
653 3045 1
2983 1715 1
2983 4140 1
1745 655 1
1745 260 1
1745 2215 1
1745 3125 1
1745 4524 1
1745 2271 1
1745 1072 1
1745 4068 1
1745 1070 1
1745 2823 1
1745 337 1
2039 2784 1
2039 1916 1
2039 3651 1
2039 2993 1
2982 1168 1
560 19 1
560 2812 1
560 3061 1
560 2067 1
560 1417 1
72 3145 1
72 808 1
72 3447 1
72 4541 1
72 4609 1
396 4734 1
1887 4455 1
1887 669 1
1887 4286 1
1887 1136 1
1887 4053 1
1887 3747 1
1887 2788 1
1887 4175 1
1887 4462 1
1887 4001 1
1887 3909 1
1887 1572 1
1887 200 1
1887 2229 1
1887 1544 1
1887 2138 1
1887 2820 1
1887 535 1
1887 3187 1
1887 2903 1
1887 3200 1
1887 1108 1
1887 1221 1
1887 4129 1
1887 1348 1
1887 3964 1
1887 404 1
1887 1606 1
1887 1368 1
1887 2389 1
1887 1310 1
1887 3905 1
1887 164 1
1887 3183 1
1887 3233 1
1887 1763 1
1887 4176 1
1887 1435 1
1887 769 1
1887 4467 1
1887 3944 1
1887 3256 1
1887 1280 1
1887 782 1
1887 2752 1
4062 2825 1
1840 4367 1
1840 3973 1
3557 1989 1
3557 3270 1
3557 1549 1
3557 2457 1
3557 157 1
3557 2501 1
3557 532 1
3557 1462 1
3557 1961 1
3557 294 1
3557 2590 1
3557 4416 1
3557 3127 1
3557 4060 1
4457 304 1
598 4488 1
664 1613 1
664 3475 1
664 4586 1
664 3952 1
664 3213 1
1582 1269 1
1582 2584 1
1582 4343 1
1582 160 1
4117 2870 1
4117 2865 1
4117 4362 1
4117 3823 1
4117 2134 1
4117 4433 1
4117 643 1
4117 325 1
2432 4397 1
2432 4181 1
2432 1250 1
2432 1294 1
2432 1370 1
2432 4063 1
2432 1786 1
2432 161 1
2432 158 1
2432 1947 1
2432 4597 1
2432 1869 1
2432 1615 1
2432 488 1
2432 3472 1
2432 502 1
2432 3305 1
2432 4007 1
2432 3734 1
516 547 1
2726 2091 1
2726 4494 1
2726 3525 1
2726 1902 1
2726 3543 1
2726 3370 1
2726 2311 1
799 917 1
799 1679 1
799 3605 1
799 3434 1
799 1251 1
799 892 1
799 4047 1
799 1752 1
799 1105 1
799 4740 1
799 785 1
799 4530 1
799 249 1
799 4490 1
799 2677 1
799 387 1
799 1152 1
2530 4356 1
1709 1910 1
1709 3007 1
1709 119 1
1709 3998 1
1344 2504 1
1344 3232 1
1344 3913 1
2426 2923 1
2426 3499 1
2620 2241 1
2620 2420 1
2620 3058 1
1791 4160 1
1791 3106 1
1791 181 1
1791 4078 1
1791 59 1
1791 826 1
1791 902 1
1791 3070 1
1791 4312 1
1791 858 1
1791 972 1
1791 1699 1
1791 3299 1
1791 219 1
1791 1598 1
1791 3186 1
1791 2384 1
1791 632 1
1791 1441 1
1791 1657 1
1791 385 1
1791 2491 1
1791 1101 1
1791 3235 1
1791 2395 1
1791 4360 1
1791 3201 1
1791 1163 1
1791 4209 1
4355 3152 1
3091 2517 1
3091 1025 1
224 699 1
224 2105 1
224 919 1
224 2891 1
224 2111 1
224 1457 1
224 3461 1
224 2868 1
224 3574 1
224 2231 1
224 1569 1
224 3882 1
224 115 1
224 4283 1
224 1953 1
224 1002 1
224 1036 1
1623 1330 1
1623 1956 1
1623 3540 1
1623 3729 1
1623 2957 1
1623 3599 1
1623 2427 1
1623 4550 1
1623 1583 1
1623 900 1
1623 885 1
1623 1557 1
1623 2633 1
4259 2377 1
4259 3445 1
4259 2628 1
4259 2019 1
1177 3035 1
1177 1894 1
1177 4543 1
1177 2 1
1177 503 1
2828 103 1
2828 7 1
4328 1570 1
4328 3762 1
4328 2579 1
4328 3093 1
4328 3476 1
4328 3495 1
4328 2095 1
4328 1403 1
4328 3276 1
4434 1843 1
4434 3564 1
4434 2876 1
4434 1754 1
4434 912 1
4434 800 1
4434 3121 1
2541 1379 1
3753 4299 1
1642 3109 1
1642 3562 1
1642 3485 1
1642 2777 1
1642 1405 1
1642 478 1
1642 3028 1
1642 3579 1
4234 1268 1
4234 2721 1
4234 1652 1
3039 4339 1
2472 4324 1
2472 3172 1
2472 480 1
2472 3646 1
2472 3850 1
4486 1437 1
4486 2183 1
4486 1642 1
2179 322 1
2179 2466 1
2179 2334 1
2179 2281 1
2179 1 1
2179 4217 1
2179 4547 1
2179 4468 1
2135 3907 1
2135 2439 1
3271 3660 1
3271 506 1
3271 2786 1
3271 3872 1
3271 3415 1
3271 4378 1
3271 2040 1
3271 4631 1
3132 745 1
1366 1918 1
4428 446 1
4428 3345 1
4428 3209 1
4428 1288 1
3094 4483 1
3094 4636 1
3094 3657 1
3094 3279 1
3094 899 1
3094 2279 1
3094 1255 1
3094 733 1
3094 624 1
3094 1981 1
3248 620 1
3248 2524 1
3248 363 1
3248 3397 1
3248 2719 1
4459 4600 1
4459 4709 1
4459 376 1
4459 4559 1
1852 305 1
1111 285 1
1111 883 1
1111 11 1
1111 4030 1
1111 2520 1
1111 2372 1
1111 2757 1
1111 3524 1
1111 1684 1
1111 3175 1
1111 365 1
1111 10 1
1111 3874 1
1111 3257 1
1111 3908 1
1111 2813 1
1111 1132 1
1111 637 1
1111 2104 1
1111 2835 1
1111 3925 1
1111 2657 1
1005 2325 1
1005 3024 1
4329 1766 1
4591 3785 1
4591 1455 1
4252 2119 1
4252 4545 1
4252 1439 1
3580 3542 1
3580 185 1
3580 3600 1
3580 1088 1
3580 722 1
3580 4313 1
2544 3748 1
2544 4035 1
2544 3959 1
3440 4085 1
3440 2603 1
3440 2367 1
3440 541 1
3440 1898 1
3440 3336 1
3440 3831 1
3440 2854 1
3440 4262 1
3259 869 1
3259 4105 1
3259 1342 1
3259 3674 1
3259 220 1
3259 2583 1
3259 1806 1
3259 3419 1
3259 3551 1
3986 3229 1
3185 1292 1
2376 1922 1
2376 1668 1
2376 3040 1
2376 1078 1
2376 3602 1
2376 4054 1
2975 4042 1
3424 901 1
2026 1479 1
1071 2308 1
1071 851 1
1071 3138 1
1071 4531 1
1071 3366 1
1071 4739 1
1071 4580 1
186 574 1
186 3854 1
3425 4131 1
3425 2043 1
3425 243 1
863 3239 1
863 3407 1
863 586 1
4314 1674 1
4314 2744 1
4314 3188 1
4314 1451 1
4314 2737 1
4314 2136 1
4314 4032 1
4314 4491 1
4314 1586 1
4314 2877 1
4314 180 1
4314 2686 1
4314 1779 1
4314 1913 1
4314 4615 1
4519 4033 1
4519 4079 1
4519 987 1
4519 3120 1
4519 3694 1
4519 4347 1
4519 1802 1
4519 1934 1
4519 638 1
4519 133 1
4519 2495 1
4519 460 1
4519 186 1
4519 2950 1
3452 1643 1
3452 1232 1
3452 3453 1
3452 1307 1
1414 4351 1
1414 5 1
1414 3156 1
1414 4319 1
1414 1211 1
1414 358 1
1414 4094 1
1414 4474 1
1414 54 1
1414 1911 1
1414 125 1
1414 97 1
1414 4359 1
833 245 1
333 4442 1
333 1636 1
333 1234 1
333 3142 1
333 2966 1
333 4385 1
333 3901 1
333 4650 1
941 874 1
4014 3062 1
4014 1271 1
4014 3730 1
4014 2507 1
4014 4057 1
4014 1709 1
4014 4218 1
4014 3473 1
4014 1594 1
2193 2411 1
2193 3263 1
635 2838 1
635 497 1
2846 968 1
2846 2218 1
2846 1784 1
2097 2392 1
3871 2056 1
3871 3306 1
3871 2928 1
3871 4641 1
1959 1389 1
1959 3194 1
1959 3427 1
1959 1861 1
225 944 1
225 1411 1
225 147 1
225 937 1
225 1429 1
225 2847 1
225 2758 1
225 3073 1
225 1845 1
225 1341 1
225 4197 1
225 1719 1
225 810 1
225 2898 1
4416 1787 1
4416 2252 1
4416 1771 1
4416 2428 1
4416 3608 1
4416 2960 1
4416 852 1
3518 465 1
3518 4246 1
3518 2378 1
3518 3574 1
3518 1547 1
2106 1873 1
2106 1138 1
2106 2330 1
2106 843 1
2106 1696 1
2106 2487 1
2106 3237 1
2106 1932 1
602 3136 1
602 1463 1
2677 472 1
2677 4220 1
2677 3292 1
2677 719 1
2677 1857 1
2677 306 1
2677 3775 1
2677 449 1
2677 1227 1
2677 4161 1
2677 3363 1
2677 4034 1
2141 682 1
3036 2386 1
3036 3448 1
3036 2453 1
3036 92 1
3036 3675 1
3036 1540 1
3036 1011 1
3036 1035 1
3036 1781 1
3036 2266 1
1865 2444 1
1101 1986 1
1101 500 1
1101 20 1
1101 2210 1
1101 2282 1
1101 368 1
1101 3063 1
1101 4691 1
1101 4477 1
1101 3751 1
3489 4206 1
3489 2589 1
108 4028 1
108 3658 1
923 2186 1
923 4329 1
923 2244 1
3262 2799 1
490 1677 1
490 890 1
3210 2258 1
3210 3764 1
3210 4425 1
3318 4478 1
3318 3639 1
4453 1759 1
4453 3827 1
1453 596 1
1453 512 1
1453 2344 1
1453 3616 1
1453 723 1
1453 567 1
1453 4605 1
2790 3160 1
2790 2521 1
2790 3514 1
2790 1514 1
2790 631 1
2790 3796 1
1756 2352 1
1756 3349 1
877 948 1
877 2749 1
877 432 1
2244 2168 1
2244 1740 1
2244 527 1
2244 1998 1
2244 1633 1
2244 4118 1
1315 3732 1
1315 44 1
1315 444 1
1315 2667 1
1315 4341 1
1315 1063 1
1315 1126 1
1315 3293 1
1315 4532 1
1315 4680 1
1315 3627 1
1315 2779 1
1315 1068 1
1315 715 1
1315 3029 1
1315 3412 1
1315 3648 1
1315 4124 1
1315 3440 1
1315 2419 1
1315 685 1
1315 4508 1
1315 966 1
1315 4570 1
1315 120 1
1315 4499 1
1151 1914 1
3832 973 1
3832 1028 1
3832 2120 1
2054 349 1
555 3032 1
3642 1778 1
3642 3895 1
3642 2944 1
3642 3537 1
3642 1724 1
3642 1995 1
1469 1413 1
1469 1999 1
1469 4092 1
1469 1959 1
1469 1376 1
3048 4012 1
3048 4305 1
3048 81 1
3048 3493 1
3681 2250 1
3681 328 1
3681 1127 1
3681 517 1
3681 1309 1
3681 4576 1
3681 562 1
3681 1071 1
3128 862 1
3128 3759 1
3128 2379 1
319 4395 1
319 1831 1
319 2756 1
319 3346 1
319 1660 1
319 4178 1
319 1297 1
319 1874 1
319 4101 1
319 2484 1
319 468 1
319 37 1
319 3968 1
319 3921 1
319 4525 1
319 537 1
319 2741 1
319 3107 1
319 686 1
319 3054 1
319 4064 1
319 2390 1
319 3539 1
319 1115 1
319 405 1
319 4315 1
319 3367 1
319 2553 1
319 4481 1
319 4190 1
319 2399 1
319 2684 1
319 3284 1
319 2934 1
319 1591 1
319 1224 1
319 2447 1
319 171 1
319 2694 1
319 410 1
2332 2060 1
2332 4280 1
2332 513 1
2332 1216 1
2332 1131 1
2332 1331 1
2332 2467 1
2332 1139 1
2332 2283 1
2332 1829 1
2332 3348 1
2332 558 1
2332 538 1
2211 3192 1
1656 2840 1
1656 3886 1
1656 2440 1
1656 2526 1
1656 2051 1
197 3009 1
197 4390 1
197 3238 1
197 1983 1
197 4237 1
197 2492 1
197 4150 1
197 4445 1
197 2997 1
197 3314 1
197 3642 1
197 3626 1
4290 1767 1
35 671 1
35 311 1
35 3887 1
35 4375 1
35 2754 1
35 409 1
35 4726 1
35 1935 1
35 2982 1
35 2808 1
35 2376 1
35 4444 1
35 3624 1
4508 1573 1
4508 4447 1
4508 3081 1
4508 3052 1
4508 4194 1
4508 2986 1
552 1037 1
552 757 1
4097 2037 1
2839 700 1
2839 588 1
2839 4170 1
4143 575 1
4143 4008 1
4143 1184 1
4143 2555 1
494 1012 1
494 4383 1
494 2558 1
494 4278 1
494 4239 1
494 2070 1
494 2248 1
494 3278 1
789 2723 1
789 3463 1
789 3661 1
789 2731 1
789 1038 1
662 648 1
662 3984 1
662 545 1
662 835 1
662 228 1
662 2426 1
662 2160 1
4429 4625 1
4651 4275 1
4651 926 1
4651 1697 1
4651 313 1
4651 495 1
1994 1716 1
4281 3042 1
4281 1714 1
4281 4568 1
1152 236 1
1152 1359 1
1152 1542 1
1152 4705 1
1152 3635 1
393 2380 1
2112 4582 1
2112 4121 1
2112 724 1
2112 2102 1
2112 4191 1
2669 1408 1
2669 3641 1
2669 3413 1
2669 4426 1
2669 867 1
4179 4258 1
4179 1066 1
4179 1464 1
4179 2117 1
4179 389 1
4179 3840 1
4179 3652 1
4197 1173 1
4197 2448 1
4197 2505 1
725 2587 1
725 1312 1
725 3989 1
725 6 1
725 2781 1
725 3224 1
725 2151 1
725 4368 1
4263 4135 1
2408 4214 1
2408 4089 1
2408 2249 1
2408 3287 1
3617 865 1
3617 1051 1
3617 3260 1
2900 3226 1
2900 3025 1
2900 1443 1
2900 3253 1
2900 1867 1
2900 4626 1
2900 625 1
4009 3704 1
2178 1052 1
2178 1907 1
4019 2940 1
578 277 1
578 747 1
578 2770 1
578 130 1
578 2718 1
578 1756 1
578 3642 1
578 2173 1
1711 4747 1
1711 1807 1
1711 3364 1
1711 2328 1
1711 2195 1
1711 584 1
1800 1758 1
1800 3625 1
2702 587 1
2538 1723 1
2538 85 1
2691 2933 1
1512 3569 1
1512 4652 1
1512 840 1
1512 2233 1
1512 2249 1
1512 793 1
1512 4090 1
1512 4572 1
1512 1033 1
1512 2044 1
1512 1484 1
1512 1691 1
1512 2027 1
3201 1844 1
3201 2079 1
3201 4643 1
3201 3559 1
3201 1939 1
3201 4634 1
3201 2910 1
3201 2098 1
3201 3269 1
3201 3767 1
3201 1045 1
3201 1039 1
3201 701 1
3201 2673 1
3201 2054 1
3201 2062 1
3201 2304 1
3201 4522 1
1547 4100 1
1547 1689 1
1547 3706 1
1547 4663 1
1547 4371 1
1547 2035 1
786 2733 1
786 2831 1
786 2166 1
786 3273 1
2124 312 1
2124 1698 1
2124 2987 1
2124 2880 1
2124 3800 1
2124 1610 1
2124 3316 1
2124 657 1
2124 2988 1
2124 2082 1
2124 1364 1
4020 969 1
4020 4460 1
4020 2434 1
4020 1617 1
4020 482 1
4020 1976 1
4020 2921 1
4020 3638 1
4020 2164 1
4020 2262 1
3428 2080 1
3428 3330 1
3428 290 1
3428 400 1
3428 206 1
3428 1349 1
616 3687 1
616 415 1
616 2798 1
616 2412 1
616 3150 1
3381 1545 1
3381 261 1
3381 2193 1
3381 2260 1
3381 3789 1
210 150 1
3139 1546 1
3139 3347 1
3139 3530 1
3139 2947 1
3139 578 1
3139 4020 1
2078 2534 1
2078 4513 1
1321 3565 1
1321 2743 1
1321 2329 1
3237 1053 1
3237 2359 1
3202 3008 1
3573 326 1
3573 3955 1
3573 136 1
3573 3805 1
3573 3043 1
3573 262 1
3573 1678 1
2650 241 1
2650 1680 1
2650 1450 1
2650 2169 1
3227 1325 1
3227 3410 1
3227 1419 1
3227 2591 1
1434 2480 1
1434 1133 1
3191 2068 1
3191 3199 1
3191 4096 1
2659 3046 1
2288 1948 1
2288 521 1
2288 148 1
2288 3870 1
2288 1118 1
2288 293 1
2288 576 1
2288 390 1
773 43 1
773 2263 1
773 1171 1
773 2936 1
773 4058 1
773 3151 1
773 4187 1
773 2857 1
773 661 1
773 1889 1
773 4569 1
773 957 1
773 2424 1
773 2843 1
773 3745 1
773 4484 1
773 3597 1
773 1582 1
773 4106 1
773 1753 1
773 1315 1
773 2669 1
773 271 1
222 1006 1
222 1522 1
222 2627 1
222 1789 1
222 272 1
4227 422 1
4227 2383 1
4227 3552 1
4227 4727 1
4227 1329 1
4227 1858 1
4227 702 1
4227 3261 1
4227 794 1
3140 2172 1
3140 4369 1
3140 3216 1
3140 151 1
3140 857 1
3140 2072 1
3140 3174 1
3140 396 1
3140 3924 1
3140 2306 1
3140 1316 1
3140 2393 1
3140 731 1
1238 134 1
1238 2443 1
1238 2547 1
4704 1553 1
4704 2335 1
4704 945 1
3664 3852 1
3664 755 1
3664 4489 1
3664 1340 1
3664 1637 1
3664 3593 1
3664 3047 1
3664 4535 1
3664 496 1
3664 2724 1
3664 327 1
4202 4722 1
4202 4548 1
4202 585 1
4380 4295 1
4380 2961 1
4380 4159 1
287 381 1
287 3298 1
782 1578 1
1003 4430 1
1003 2522 1
1003 906 1
1003 3685 1
4273 3129 1
153 4352 1
89 2013 1
4461 1884 1
4461 788 1
4461 2074 1
4461 2468 1
991 1632 1
991 268 1
991 735 1
991 531 1
991 2655 1
3478 2144 1
3478 1499 1
3478 4555 1
3478 4054 1
1987 4495 1
1987 3164 1
1987 1875 1
845 3571 1
845 2540 1
1672 196 1
810 1624 1
810 1029 1
810 3206 1
810 3496 1
810 3991 1
810 1836 1
810 3723 1
810 1949 1
810 2645 1
810 2853 1
810 2826 1
810 1189 1
810 659 1
810 3372 1
810 3258 1
3570 2030 1
3570 2771 1
3570 1870 1
3570 4044 1
3570 1186 1
3498 3382 1
3498 3408 1
3498 879 1
3498 1919 1
3498 348 1
3498 3771 1
3498 3596 1
3498 1326 1
3498 4440 1
3498 1295 1
3498 4581 1
3498 2396 1
3498 314 1
3498 149 1
3498 2943 1
3498 4287 1
3498 815 1
3498 3241 1
3498 752 1
3498 3497 1
3498 4443 1
3498 896 1
3498 2668 1
3498 1596 1
3498 360 1
3498 1127 1
3498 4163 1
3498 1876 1
3498 3772 1
3498 3352 1
3498 1422 1
3498 2348 1
3498 2191 1
3498 4331 1
3498 213 1
3498 2137 1
3498 3389 1
3498 1801 1
3498 1298 1
3498 4676 1
3498 2595 1
3498 2433 1
3498 2212 1
3498 3074 1
3498 82 1
3498 1317 1
3498 1444 1
3498 2054 1
3498 627 1
3498 2990 1
3498 3240 1
3498 461 1
3498 2165 1
3498 3669 1
2354 4665 1
2354 4231 1
2354 2967 1
2354 3057 1
2354 231 1
2354 1235 1
2354 3182 1
2354 770 1
1383 3855 1
1313 1406 1
1313 4728 1
4642 2852 1
4642 3803 1
4642 748 1
4642 2678 1
4642 582 1
4642 1400 1
4642 2687 1
4642 321 1
4642 1917 1
4642 490 1
4642 167 1
525 217 1
525 1082 1
920 3344 1
920 3521 1
920 122 1
920 974 1
920 817 1
920 1020 1
920 1638 1
466 870 1
2046 4738 1
2046 211 1
3189 3365 1
4718 946 1
4718 4232 1
4718 1213 1
4718 2929 1
4718 1810 1
4718 4688 1
4718 2483 1
4718 117 1
4718 3702 1
4718 226 1
4718 3137 1
4718 498 1
4718 1901 1
4718 278 1
4718 99 1
4718 1418 1
4718 1212 1
4718 4573 1
4718 2639 1
1017 2609 1
1017 1625 1
1017 1503 1
1017 2108 1
1017 4537 1
1017 1150 1
1017 2881 1
1017 350 1
1017 910 1
1017 26 1
796 2859 1
796 3985 1
3922 4449 1
3922 2821 1
3922 977 1
3922 4112 1
3922 1527 1
3922 2346 1
3922 4370 1
3922 2036 1
3922 4130 1
3922 2834 1
3922 4642 1
377 720 1
377 2644 1
377 1181 1
377 2174 1
1932 4248 1
1932 1327 1
1827 127 1
1827 3433 1
1827 3653 1
1827 3217 1
1827 533 1
1827 242 1
1827 1129 1
27 1054 1
27 4332 1
27 406 1
27 296 1
27 2651 1
27 4003 1
27 331 1
27 1819 1
27 3787 1
27 4479 1
27 3688 1
27 3938 1
27 3899 1
27 4017 1
27 4061 1
27 1536 1
27 3219 1
27 3195 1
27 1581 1
27 2841 1
1247 380 1
1247 1026 1
1247 2559 1
2336 2004 1
2154 1772 1
2154 1558 1
2154 3601 1
2272 3937 1
2272 163 1
2272 3995 1
2272 2058 1
3982 1728 1
3405 1744 1
3405 583 1
3405 3395 1
3405 3606 1
1067 1879 1
1067 4250 1
1067 2222 1
1067 2075 1
1067 1646 1
1067 2548 1
1067 4536 1
1067 2449 1
1067 3308 1
1067 1262 1
1067 109 1
1067 2809 1
3325 436 1
3325 3853 1
3325 693 1
3325 1821 1
4132 1687 1
4499 308 1
4499 687 1
4499 1013 1
4499 2066 1
4499 823 1
4499 570 1
4499 1841 1
4499 2574 1
4499 3888 1
4499 3666 1
4201 93 1
4201 352 1
4201 3409 1
4201 4014 1
401 4601 1
401 3689 1
401 978 1
401 2902 1
401 3538 1
401 1402 1
401 4080 1
401 2873 1
401 4174 1
401 3910 1
401 1034 1
401 1226 1
401 4046 1
988 4284 1
988 1372 1
988 2539 1
