696 913 1
737 2080 1
996 419 1
996 1841 1
996 160 1
996 199 1
2079 663 1
2079 701 1
2079 1243 1
2079 758 1
2079 544 1
2079 1468 1
2079 469 1
2079 1792 1
2079 1876 1
2079 1087 1
2079 907 1
2079 165 1
2079 1404 1
2079 204 1
2079 162 1
2079 1254 1
2079 1190 1
2079 432 1
2079 1486 1
2079 418 1
2079 773 1
2079 308 1
2079 215 1
2079 1361 1
1701 131 1
1701 779 1
1701 167 1
2035 945 1
802 1931 1
802 1550 1
802 830 1
802 593 1
802 1986 1
802 498 1
802 885 1
802 1189 1
802 2004 1
802 1653 1
1428 1057 1
1428 59 1
1428 636 1
1428 753 1
1428 1505 1
1077 1415 1
1077 252 1
1077 111 1
1077 1319 1
1409 1085 1
1409 429 1
1409 294 1
11 1982 1
1056 284 1
1711 989 1
1711 1444 1
1711 2046 1
1711 935 1
1711 1245 1
1718 321 1
1718 1185 1
971 230 1
1722 1157 1
1722 1111 1
1722 1959 1
1722 273 1
1722 1798 1
1722 54 1
1569 943 1
1569 1445 1
1569 449 1
878 205 1
878 1810 1
878 493 1
878 163 1
878 1952 1
878 1214 1
878 1858 1
878 454 1
878 937 1
878 891 1
878 824 1
1327 1324 1
1327 683 1
1327 60 1
1327 1740 1
1963 1056 1
1963 1755 1
1963 2038 1
1963 606 1
862 1235 1
862 916 1
862 1338 1
1914 226 1
1914 1579 1
1914 323 1
551 340 1
551 1676 1
551 1292 1
551 938 1
616 845 1
616 68 1
616 1488 1
616 859 1
975 1658 1
975 1123 1
1018 1329 1
1018 1202 1
1018 170 1
1018 1152 1
1981 1891 1
1977 590 1
1977 1230 1
1977 1294 1
1977 1199 1
1977 1267 1
1977 727 1
428 1148 1
428 2044 1
428 471 1
428 96 1
428 1826 1
249 1526 1
249 603 1
249 1877 1
249 1594 1
249 274 1
249 972 1
249 1587 1
793 914 1
793 924 1
1080 932 1
1080 763 1
1080 648 1
1704 11 1
1704 1631 1
1704 1523 1
1704 485 1
1704 78 1
1704 1982 1
1704 1343 1
1704 1809 1
1704 277 1
1704 1726 1
1704 2005 1
1704 258 1
1704 1319 1
1704 1632 1
1704 1463 1
1704 804 1
1704 348 1
1704 791 1
1704 1688 1
8 128 1
8 1770 1
8 1677 1
8 1400 1
850 618 1
850 1984 1
850 2047 1
1318 1439 1
1318 889 1
1318 1895 1
1318 275 1
1318 777 1
1318 1023 1
1318 1958 1
1318 1750 1
1318 1286 1
1318 329 1
1318 1698 1
1318 864 1
286 1222 1
286 2045 1
286 955 1
1305 1525 1
1305 1005 1
1305 510 1
1305 1103 1
1305 1548 1
701 396 1
701 140 1
701 445 1
701 1356 1
701 515 1
1927 1134 1
1643 1089 1
1643 42 1
1643 769 1
1643 691 1
198 1020 1
198 1663 1
198 23 1
198 1464 1
198 740 1
198 1022 1
198 911 1
198 1487 1
198 1641 1
198 1206 1
198 661 1
1651 1473 1
1651 1209 1
1651 671 1
107 1608 1
107 132 1
107 1315 1
905 1661 1
905 564 1
905 1271 1
905 367 1
905 689 1
905 569 1
1684 2084 1
1065 1569 1
1065 1558 1
1065 1821 1
1065 1293 1
1065 1296 1
1065 558 1
1065 1374 1
1065 4 1
1065 376 1
1760 780 1
1760 676 1
1747 956 1
1747 1972 1
1747 1225 1
1747 1619 1
1747 1309 1
1747 158 1
139 1813 1
139 318 1
139 1724 1
139 1712 1
413 1197 1
1646 1414 1
1054 1818 1
1054 1728 1
1054 1284 1
1054 406 1
1054 1709 1
1208 1472 1
1208 1059 1
1208 1391 1
181 1409 1
181 750 1
181 846 1
181 1389 1
181 244 1
1931 1681 1
1931 289 1
871 1808 1
871 1849 1
871 1551 1
886 1883 1
1555 2038 1
1939 1581 1
649 1998 1
649 438 1
1447 1504 1
1588 629 1
1588 1596 1
1588 76 1
1588 745 1
1588 1145 1
1588 1512 1
1393 1046 1
1393 247 1
1393 1073 1
1393 1054 1
1393 392 1
1393 296 1
1393 624 1
1393 159 1
1393 187 1
1393 177 1
1393 927 1
1393 599 1
1393 659 1
1393 1753 1
1393 1122 1
1393 1880 1
1393 1413 1
1393 1960 1
1393 486 1
1393 1800 1
1393 1325 1
1393 1493 1
1393 1948 1
1393 292 1
1393 1278 1
1393 726 1
1393 1778 1
1393 169 1
1393 987 1
1393 1266 1
1393 536 1
1393 439 1
1393 1814 1
1393 765 1
1393 922 1
1393 1120 1
1393 966 1
1393 147 1
1393 703 1
1393 1268 1
417 184 1
1946 431 1
1946 1132 1
1946 1673 1
1946 579 1
1749 862 1
1749 249 1
1749 130 1
1749 767 1
1749 1455 1
1749 879 1
1749 386 1
1749 1971 1
1749 1575 1
1749 620 1
1749 1333 1
1749 1567 1
1749 426 1
1749 256 1
1749 2082 1
1749 82 1
1749 1672 1
1749 1980 1
1749 1572 1
1749 2083 1
1749 601 1
1749 1312 1
1749 1172 1
1749 313 1
1749 1405 1
1749 384 1
1749 607 1
130 1799 1
130 1833 1
130 1124 1
130 380 1
130 1885 1
130 1300 1
344 1739 1
344 497 1
344 17 1
344 113 1
344 387 1
1078 336 1
1078 381 1
1078 1538 1
1078 1182 1
1078 1367 1
1205 467 1
883 1779 1
883 1064 1
883 1938 1
883 193 1
883 1975 1
883 2040 1
1020 952 1
1437 1301 1
394 1834 1
394 1227 1
394 1497 1
394 370 1
865 1347 1
865 1936 1
865 322 1
865 44 1
865 79 1
865 186 1
865 1743 1
865 1194 1
1201 836 1
1201 176 1
1201 895 1
1882 1416 1
1882 105 1
1882 1396 1
1882 500 1
1882 409 1
1148 1670 1
1148 1860 1
1316 1708 1
297 38 1
297 1223 1
297 2062 1
297 436 1
297 1262 1
1112 1036 1
86 1559 1
86 430 1
216 2072 1
1220 580 1
1595 1910 1
1595 730 1
1595 20 1
1595 1635 1
1595 1516 1
1595 412 1
1595 1848 1
1595 1397 1
923 2055 1
923 1274 1
15 1093 1
15 209 1
15 1353 1
15 1969 1
1715 1436 1
414 316 1
414 1630 1
414 295 1
414 245 1
414 666 1
192 1263 1
192 990 1
624 939 1
624 509 1
624 912 1
208 1457 1
208 1534 1
208 549 1
208 304 1
208 1679 1
208 148 1
1121 333 1
1121 1903 1
1121 2021 1
1121 1048 1
1444 931 1
1861 831 1
1861 218 1
1861 547 1
1861 840 1
1861 1411 1
1861 1295 1
542 1116 1
542 375 1
674 1422 1
674 1954 1
674 1917 1
1869 1052 1
1869 1574 1
1869 393 1
1869 203 1
1869 754 1
1869 967 1
1869 1181 1
1869 786 1
1869 1115 1
1869 787 1
1869 834 1
1869 339 1
1869 1044 1
1869 1857 1
1648 582 1
1648 731 1
1648 388 1
1648 1756 1
1648 747 1
1648 1597 1
1648 556 1
1648 1035 1
731 1344 1
1685 534 1
455 1544 1
455 1827 1
455 774 1
455 1884 1
455 1871 1
455 1907 1
455 887 1
455 964 1
455 1050 1
455 1603 1
455 41 1
455 254 1
455 491 1
455 2014 1
455 69 1
455 371 1
455 1086 1
455 1568 1
455 1671 1
455 46 1
455 1401 1
906 1933 1
1334 1345 1
762 1372 1
762 484 1
762 1937 1
1531 1613 1
571 1138 1
571 1691 1
571 1281 1
571 241 1
1779 566 1
1779 539 1
1779 778 1
1779 1593 1
1779 2061 1
1779 1924 1
1779 660 1
1779 712 1
1779 1547 1
1779 1149 1
640 841 1
640 946 1
640 189 1
640 1784 1
1219 1845 1
110 1652 1
110 57 1
1788 1868 1
1788 1133 1
1457 847 1
1457 552 1
1634 337 1
1634 1707 1
1634 654 1
1634 1099 1
227 421 1
227 1987 1
227 766 1
1507 1556 1
1507 1694 1
1507 1438 1
1507 904 1
1507 559 1
1507 898 1
1402 496 1
1402 1174 1
1402 1479 1
873 24 1
1797 200 1
1797 1161 1
1871 309 1
1871 166 1
1064 1692 1
1064 453 1
1064 719 1
1064 1856 1
1081 1615 1
896 746 1
896 291 1
896 1302 1
2049 450 1
2049 1094 1
884 3 1
781 1009 1
1441 852 1
1441 301 1
53 706 1
422 1339 1
422 752 1
991 872 1
724 168 1
724 1859 1
724 1481 1
724 679 1
724 1862 1
567 70 1
567 492 1
670 1762 1
670 1824 1
1665 260 1
293 36 1
141 50 1
141 1543 1
141 890 1
141 1480 1
141 1737 1
141 785 1
141 1511 1
141 795 1
141 1791 1
541 1192 1
541 1976 1
541 1394 1
541 1125 1
541 1908 1
541 270 1
541 94 1
88 600 1
88 1805 1
88 264 1
1794 358 1
1794 1410 1
1794 266 1
1962 1623 1
1962 108 1
1288 369 1
1288 280 1
1288 627 1
1288 1716 1
1355 1171 1
1355 2028 1
775 951 1
775 1783 1
775 390 1
775 670 1
775 622 1
775 699 1
775 1532 1
775 678 1
775 2065 1
775 1342 1
775 1237 1
775 2053 1
775 976 1
1074 1562 1
1074 902 1
385 894 1
946 458 1
946 1654 1
857 248 1
177 1973 1
177 527 1
1423 977 1
1423 506 1
1423 710 1
1423 1216 1
1423 1598 1
1423 1649 1
1423 1904 1
1423 1238 1
1423 136 1
1423 619 1
961 715 1
961 1991 1
961 1198 1
961 1303 1
961 794 1
961 1349 1
961 315 1
961 788 1
961 446 1
961 915 1
471 543 1
471 112 1
1553 1863 1
1950 476 1
565 1427 1
565 637 1
565 1170 1
565 576 1
565 1956 1
565 1090 1
1545 1900 1
1545 1251 1
684 1366 1
1362 1702 1
1362 848 1
1362 973 1
1362 521 1
1362 303 1
1362 451 1
1362 2010 1
964 1375 1
964 71 1
964 1027 1
964 1291 1
259 1453 1
259 892 1
259 1443 1
259 1249 1
259 631 1
259 1916 1
259 1008 1
259 56 1
259 1239 1
259 1570 1
259 1425 1
259 234 1
259 1873 1
259 1864 1
156 1053 1
156 1940 1
156 2058 1
156 372 1
156 423 1
867 13 1
867 524 1
867 1487 1
867 1729 1
867 849 1
867 1495 1
1210 1083 1
1210 782 1
1210 1855 1
1210 1128 1
1210 494 1
1210 80 1
1050 228 1
899 1450 1
899 2034 1
829 1713 1
829 589 1
829 597 1
829 568 1
829 1067 1
829 1539 1
829 1015 1
1454 119 1
1454 402 1
1454 657 1
1454 1462 1
1454 827 1
1454 1429 1
1454 1639 1
1454 271 1
1454 756 1
1454 1049 1
1454 1690 1
2022 997 1
823 1787 1
1575 677 1
1575 261 1
1575 457 1
1575 401 1
1575 821 1
1575 1092 1
1575 1682 1
1575 456 1
1575 1034 1
1575 1154 1
1575 1226 1
1575 1517 1
1575 1560 1
347 2003 1
347 37 1
347 1310 1
1836 1019 1
981 1403 1
981 1540 1
981 1297 1
364 1592 1
364 64 1
364 1153 1
364 219 1
364 39 1
364 137 1
364 1928 1
364 856 1
364 1313 1
364 1736 1
1203 1646 1
1203 2081 1
1203 771 1
1203 1289 1
1203 1101 1
1203 155 1
1203 1359 1
1203 1994 1
1203 279 1
1203 1013 1
1203 1337 1
1203 572 1
319 784 1
424 1018 1
424 366 1
424 763 1
424 1941 1
424 511 1
424 837 1
424 2033 1
424 1221 1
424 594 1
424 103 1
424 1336 1
424 930 1
424 1506 1
424 161 1
1478 1376 1
442 2037 1
442 495 1
442 1524 1
908 286 1
908 1431 1
908 1706 1
908 757 1
908 298 1
908 2052 1
1130 797 1
1130 427 1
1130 729 1
1130 1449 1
1130 1097 1
1130 1754 1
1130 2076 1
1130 881 1
1130 1283 1
907 929 1
907 1098 1
907 2001 1
907 1865 1
907 910 1
907 1423 1
907 1687 1
907 2030 1
907 1114 1
907 680 1
907 1417 1
907 1452 1
907 1159 1
907 1546 1
907 1162 1
907 1461 1
1276 996 1
1276 83 1
1276 1285 1
1276 1675 1
1276 800 1
1276 171 1
1276 259 1
1276 1203 1
1276 464 1
1276 1331 1
1276 1989 1
1276 1514 1
1276 1852 1
1276 1150 1
1276 577 1
1276 584 1
1276 613 1
1276 262 1
1276 1011 1
433 1705 1
433 299 1
433 1766 1
434 813 1
434 1763 1
434 1894 1
1774 1583 1
1774 278 1
1774 1719 1
1774 360 1
1774 1789 1
656 658 1
656 842 1
251 359 1
1167 1228 1
1983 1079 1
1567 407 1
816 1014 1
816 587 1
816 1588 1
816 49 1
816 833 1
816 1772 1
816 992 1
816 520 1
816 1494 1
816 1130 1
816 353 1
816 662 1
816 854 1
816 503 1
816 819 1
816 1108 1
816 362 1
816 1383 1
816 562 1
816 770 1
816 1580 1
882 641 1
1949 755 1
151 1611 1
151 1173 1
151 1110 1
151 1180 1
151 1620 1
151 652 1
151 2002 1
151 399 1
151 537 1
151 1346 1
1141 628 1
535 1967 1
535 1282 1
815 1601 1
575 142 1
575 157 1
40 688 1
1650 1252 1
165 759 1
165 762 1
165 644 1
165 1912 1
165 300 1
165 825 1
1105 415 1
1105 470 1
1105 2000 1
1105 1231 1
1105 1102 1
1105 1037 1
659 2019 1
1404 1842 1
1404 1277 1
561 1699 1
561 95 1
561 379 1
561 531 1
561 195 1
561 525 1
561 327 1
1591 1491 1
1738 505 1
1817 478 1
1817 276 1
1817 1451 1
1221 1759 1
1221 1744 1
1221 1667 1
1256 350 1
1256 1137 1
1256 1700 1
1256 1875 1
1256 1780 1
1256 1270 1
1256 928 1
1769 1686 1
1769 197 1
1769 635 1
1769 202 1
1069 118 1
1069 1955 1
1069 1847 1
954 32 1
885 216 1
885 146 1
885 936 1
885 1815 1
885 1489 1
885 869 1
885 1001 1
885 1958 1
885 716 1
885 1935 1
885 1541 1
885 330 1
885 1062 1
256 835 1
256 1554 1
256 1191 1
256 1430 1
256 1887 1
256 96 1
256 1720 1
256 1016 1
256 1207 1
256 508 1
154 282 1
154 1055 1
1922 1264 1
1244 1305 1
1244 1390 1
1244 1595 1
1244 817 1
1244 490 1
1244 444 1
1244 1501 1
1244 721 1
1244 741 1
1244 1513 1
101 61 1
101 634 1
1066 1160 1
1066 723 1
1066 459 1
1066 172 1
1066 1119 1
1066 944 1
1066 1796 1
1066 1323 1
1066 513 1
1066 2011 1
1066 709 1
1066 1576 1
1066 643 1
1066 5 1
1066 1825 1
1066 941 1
1066 743 1
1066 988 1
1957 1725 1
491 1544 1
1853 395 1
1853 225 1
1853 1139 1
860 178 1
697 1406 1
697 19 1
1823 25 1
1823 858 1
1823 461 1
1499 1307 1
1499 901 1
1499 1146 1
1499 1229 1
464 1265 1
464 1183 1
464 1340 1
464 1881 1
322 306 1
322 1515 1
322 2012 1
322 947 1
322 1012 1
322 1107 1
2075 1369 1
2075 1775 1
2075 2017 1
2075 1995 1
2075 2066 1
1187 1651 1
1609 1076 1
265 798 1
1199 1889 1
1199 65 1
1199 1070 1
1199 668 1
1719 1666 1
1254 1039 1
1254 2025 1
1254 868 1
1254 1 1
1254 1886 1
909 338 1
389 30 1
389 422 1
389 122 1
389 35 1
389 1843 1
389 420 1
389 1043 1
389 1142 1
389 1017 1
1501 2064 1
1176 2054 1
74 560 1
74 1287 1
74 546 1
74 1819 1
501 2023 1
501 1010 1
501 475 1
501 638 1
875 1942 1
1360 1371 1
462 408 1
1476 1084 1
1476 474 1
1476 1485 1
1476 1269 1
1476 617 1
1476 220 1
1476 1490 1
1476 653 1
1476 447 1
1476 311 1
1874 413 1
1874 673 1
1874 1459 1
1874 708 1
1874 127 1
133 1437 1
133 2036 1
133 751 1
133 1607 1
133 2007 1
133 312 1
133 545 1
133 1242 1
133 803 1
806 1961 1
806 382 1
806 674 1
806 443 1
806 965 1
806 466 1
806 55 1
806 403 1
806 1492 1
853 2016 1
502 542 1
502 1616 1
502 1835 1
502 1521 1
502 229 1
502 121 1
82 1537 1
82 548 1
82 1657 1
82 221 1
82 1433 1
82 984 1
82 14 1
82 1723 1
1844 1518 1
1844 820 1
1351 550 1
1585 124 1
1041 1421 1
1041 1898 1
1041 1212 1
1399 1482 1
1399 1275 1
1399 332 1
1234 272 1
1234 1925 1
1234 2029 1
1234 194 1
1380 1879 1
1332 1745 1
1332 573 1
1332 1025 1
1748 522 1
1748 722 1
452 1633 1
452 115 1
452 1502 1
1000 870 1
1000 608 1
18 1208 1
18 1882 1
18 826 1
18 1970 1
18 1100 1
18 764 1
18 2059 1
18 28 1
1314 1660 1
1314 250 1
1314 926 1
1314 1075 1
528 31 1
528 1776 1
528 1188 1
528 1354 1
1388 2008 1
190 1888 1
1440 1317 1
221 1945 1
1563 1178 1
1563 822 1
1563 1820 1
1563 1029 1
10 1330 1
10 917 1
10 397 1
10 1985 1
10 1088 1
10 604 1
10 578 1
10 1135 1
10 717 1
10 489 1
822 66 1
822 139 1
822 1508 1
822 1999 1
822 707 1
822 669 1
822 1370 1
822 410 1
354 391 1
1570 645 1
1906 2042 1
1906 1866 1
1906 1829 1
1906 1943 1
911 1804 1
949 1218 1
949 1990 1
949 1213 1
949 342 1
1100 1934 1
1100 682 1
1100 1026 1
27 481 1
27 1280 1
1852 925 1
1852 77 1
1852 1781 1
1852 581 1
1852 1751 1
1852 179 1
1852 659 1
1852 357 1
1852 957 1
1852 632 1
1852 792 1
1852 720 1
1852 1061 1
180 2079 1
1240 651 1
1240 612 1
1240 855 1
1240 1801 1
1240 1261 1
1240 623 1
1240 383 1
5 1786 1
5 517 1
5 404 1
526 21 1
526 1024 1
526 690 1
526 609 1
526 1179 1
526 183 1
526 29 1
1418 686 1
1636 1031 1
1636 1822 1
1636 351 1
1636 314 1
1636 214 1
1636 968 1
553 1602 1
553 341 1
553 2015 1
553 880 1
553 1432 1
1456 1828 1
1752 120 1
610 1519 1
610 985 1
610 713 1
610 1304 1
570 1872 1
1597 1496 1
1717 1498 1
1717 1840 1
1710 435 1
1710 116 1
1710 1165 1
1984 888 1
1984 986 1
1984 1557 1
647 586 1
2024 1509 1
2024 1195 1
2024 98 1
2024 519 1
2024 982 1
2024 1742 1
2024 324 1
2024 1466 1
326 675 1
504 1131 1
441 400 1
1433 325 1
1433 842 1
1433 1471 1
1619 838 1
1619 334 1
1628 460 1
960 1273 1
212 696 1
212 1246 1
212 1992 1
212 812 1
212 814 1
212 331 1
212 877 1
212 1905 1
212 718 1
212 796 1
212 1930 1
212 1527 1
212 1584 1
212 487 1
212 73 1
212 1045 1
212 206 1
212 646 1
212 1200 1
212 191 1
212 1909 1
212 1617 1
212 1768 1
212 1662 1
212 1007 1
212 1358 1
212 1629 1
212 126 1
212 805 1
1033 173 1
1033 100 1
1033 1136 1
1033 655 1
1033 1358 1
1033 1166 1
1637 1771 1
807 2068 1
776 1060 1
776 1279 1
776 16 1
776 1522 1
776 1298 1
776 1177 1
97 1793 1
1734 1929 1
1734 242 1
1529 1434 1
1529 2071 1
685 918 1
685 207 1
420 1247 1
420 1624 1
1027 574 1
2083 1921 1
2083 1919 1
2083 1561 1
2083 352 1
2083 978 1
2083 1042 1
1486 1837 1
1486 2070 1
1486 233 1
1486 1622 1
1486 175 1
1486 789 1
1486 1341 1
1486 1129 1
1102 698 1
1102 1299 1
1520 971 1
1520 905 1
1520 374 1
1520 541 1
1520 1234 1
1520 109 1
1520 1003 1
1520 958 1
89 974 1
89 844 1
89 1536 1
89 43 1
89 47 1
89 1689 1
89 963 1
89 2032 1
89 2026 1
89 1503 1
1542 1727 1
1542 1033 1
1542 1899 1
1487 1915 1
1487 1022 1
1627 1854 1
1627 1395 1
1627 1030 1
1627 1196 1
545 514 1
1357 1535 1
1357 223 1
1357 472 1
405 2056 1
405 1364 1
1374 1335 1
1374 1144 1
1374 246 1
473 1272 1
473 48 1
473 2027 1
473 433 1
1850 106 1
1850 1993 1
1850 1407 1
1820 1797 1
1820 1710 1
1253 347 1
1253 532 1
1253 281 1
1253 1795 1
1253 2043 1
1253 1484 1
1253 799 1
1664 1693 1
1664 1377 1
1664 1893 1
1664 1420 1
29 1258 1
129 1807 1
129 1621 1
61 104 1
1038 1164 1
1038 1816 1
1038 672 1
409 953 1
409 310 1
217 285 1
217 345 1
217 1890 1
217 828 1
217 948 1
217 1996 1
217 483 1
217 1851 1
217 1435 1
217 702 1
217 268 1
193 1378 1
193 1500 1
193 328 1
193 1830 1
874 1773 1
874 1350 1
874 1974 1
1782 810 1
1782 1126 1
1782 1460 1
1782 1392 1
1782 1636 1
1782 1068 1
1782 87 1
1782 1072 1
1539 1379 1
1539 1058 1
962 1590 1
962 1606 1
962 692 1
962 1901 1
962 540 1
1655 1168 1
1322 2063 1
1322 1589 1
72 1424 1
87 1091 1
87 1426 1
87 1777 1
87 1169 1
87 255 1
1565 1612 1
518 523 1
518 1806 1
518 1385 1
518 463 1
518 970 1
518 222 1
518 1155 1
1365 1448 1
1365 1373 1
1365 614 1
1365 998 1
1365 7 1
768 728 1
1731 1474 1
1731 213 1
1731 621 1
1731 1311 1
1320 1004 1
1186 1571 1
1186 783 1
1186 995 1
1896 99 1
1896 1625 1
1896 1510 1
1839 934 1
1839 2078 1
1839 1446 1
84 479 1
1032 114 1
1032 732 1
2050 1211 1
2050 1141 1
2050 440 1
1255 1348 1
1255 52 1
1528 356 1
818 921 1
818 695 1
818 742 1
1913 738 1
1913 969 1
1913 933 1
1913 2022 1
1913 1674 1
1913 488 1
1913 1790 1
1312 1965 1
764 808 1
764 251 1
764 1964 1
764 664 1
764 196 1
764 81 1
764 144 1
764 1678 1
764 288 1
764 263 1
174 1655 1
1300 2074 1
1300 630 1
728 239 1
536 507 1
536 1997 1
1566 1156 1
1106 1811 1
1106 512 1
1106 1326 1
1106 133 1
1106 1028 1
1106 1627 1
1106 302 1
1106 1947 1
1106 290 1
1143 1812 1
1143 125 1
1143 1897 1
1143 143 1
1143 2031 1
1143 533 1
1143 307 1
1143 2013 1
1143 554 1
735 1920 1
735 1533 1
735 725 1
735 605 1
1656 2041 1
1096 283 1
2051 1002 1
2051 1224 1
2051 317 1
2051 1082 1
2051 1387 1
2051 1867 1
2051 75 1
2051 1758 1
2051 232 1
2051 1577 1
2051 1248 1
2051 861 1
2051 2067 1
2051 1306 1
2051 1215 1
2051 67 1
2051 518 1
2051 1896 1
2051 801 1
2051 1232 1
2051 1467 1
2051 1599 1
2051 267 1
2051 979 1
2051 1465 1
2051 1442 1
940 772 1
940 700 1
1680 832 1
530 1939 1
530 2049 1
530 1104 1
530 1600 1
530 1241 1
530 63 1
530 1217 1
530 1735 1
530 1328 1
530 398 1
530 553 1
530 1923 1
530 993 1
530 1730 1
530 365 1
530 188 1
530 1260 1
839 1892 1
839 1695 1
839 1386 1
839 1469 1
2020 681 1
2020 592 1
2020 477 1
2020 585 1
2020 368 1
2020 1696 1
2020 811 1
2020 1021 1
2020 1418 1
2020 920 1
2020 903 1
2020 744 1
2 51 1
1308 182 1
1308 1483 1
694 529 1
157 235 1
157 1158 1
157 437 1
157 1118 1
711 1764 1
234 416 1
234 1968 1
760 1644 1
760 1788 1
760 93 1
760 361 1
760 843 1
760 425 1
760 693 1
760 611 1
705 138 1
164 748 1
164 883 1
164 355 1
164 2075 1
164 1697 1
164 1520 1
164 1193 1
164 149 1
164 1106 1
85 1746 1
85 373 1
85 499 1
1803 2057 1
633 1626 1
633 1204 1
633 1951 1
792 448 1
792 210 1
792 2009 1
26 377 1
26 1802 1
26 851 1
26 739 1
90 92 1
90 1095 1
90 1741 1
90 1642 1
90 1733 1
90 588 1
90 1470 1
90 238 1
90 236 1
90 1979 1
90 1614 1
90 665 1
90 201 1
90 1352 1
733 1063 1
733 468 1
1659 876 1
224 734 1
148 639 1
148 145 1
1405 871 1
1405 714 1
1405 1151 1
1405 1355 1
1405 211 1
1405 863 1
1405 615 1
1405 1978 1
1405 1610 1
6 1966 1
6 1259 1
186 1832 1
186 343 1
186 346 1
186 1412 1
147 1147 1
147 860 1
147 411 1
147 1475 1
147 538 1
33 287 1
33 983 1
33 363 1
33 1530 1
33 2069 1
2077 1382 1
2077 950 1
2077 596 1
384 1140 1
384 900 1
384 866 1
384 1477 1
384 34 1
384 667 1
602 1645 1
54 1932 1
54 185 1
290 2073 1
290 2039 1
290 1757 1
290 1552 1
290 736 1
290 1586 1
290 1175 1
290 1250 1
979 1113 1
979 1578 1
979 1006 1
979 378 1
121 1767 1
121 1051 1
121 555 1
121 1184 1
121 480 1
121 1582 1
121 1419 1
121 650 1
121 253 1
58 22 1
58 790 1
58 1669 1
1011 1918 1
1011 959 1
1011 1214 1
1011 1765 1
1011 269 1
1011 320 1
1011 1831 1
1127 45 1
1127 1604 1
1127 257 1
1127 1071 1
749 980 1
749 999 1
749 1321 1
749 1040 1
1513 1381 1
1513 809 1
1513 2006 1
1513 240 1
1513 1761 1
1513 1408 1
1513 1109 1
1513 1953 1
1513 1647 1
1513 897 1
1513 919 1
1513 583 1
1513 1870 1
1513 1785 1
1513 1838 1
1513 135 1
557 687 1
557 761 1
557 1290 1
557 2060 1
557 893 1
231 465 1
231 1926 1
231 1368 1
1517 12 1
1517 97 1
1517 1878 1
1517 150 1
1517 305 1
1363 1668 1
1363 1683 1
1363 1233 1
1363 1944 1
1988 349 1
339 595 1
339 117 1
339 1721 1
704 152 1
704 1564 1
704 2048 1
704 642 1
704 335 1
1163 1398 1
1163 1384 1
607 62 1
607 102 1
607 1618 1
607 516 1
607 153 1
607 994 1
607 243 1
1638 134 1
1638 942 1
1638 1640 1
626 237 1
626 1902 1
626 625 1
626 1703 1
1505 591 1
1505 1732 1
1505 1236 1
1505 1549 1
1505 9 1
1714 1911 1
744 1117 1
744 1846 1
1257 482 1
1257 1047 1
1257 1336 1
1257 1458 1
1257 2018 1
1257 598 1
327 563 1
1736 1573 1
91 123 1
91 1605 1
