1263 995 1
1263 18 1
1263 542 1
1263 1523 1
2229 141 1
2229 895 1
2229 819 1
2229 1251 1
2229 2032 1
2229 717 1
2229 1363 1
2229 2191 1
2229 1052 1
2229 404 1
2229 702 1
2229 1562 1
2341 907 1
2341 996 1
1610 1025 1
1610 1410 1
1610 2314 1
1610 1713 1
1610 1330 1
1610 1795 1
1610 1020 1
1610 2251 1
1610 1627 1
1610 1100 1
1610 769 1
1610 2036 1
1610 1365 1
1610 561 1
1610 259 1
1610 1465 1
1610 383 1
1610 1013 1
1610 618 1
1610 1415 1
1610 498 1
1610 521 1
349 1196 1
349 795 1
665 768 1
665 485 1
665 1370 1
665 2370 1
665 2185 1
665 2166 1
665 2375 1
665 2303 1
665 1274 1
665 2283 1
665 1849 1
1748 436 1
1587 831 1
1587 409 1
1587 1286 1
1587 71 1
1587 689 1
1587 1216 1
1587 2288 1
1587 2082 1
1587 129 1
1587 565 1
1587 1789 1
1587 20 1
1587 1486 1
98 817 1
98 425 1
98 299 1
98 145 1
98 452 1
98 2104 1
1810 1550 1
920 870 1
1896 2241 1
1896 1828 1
1896 76 1
1896 794 1
1896 2146 1
1896 865 1
1896 2046 1
1896 883 1
1896 1088 1
126 2092 1
126 1955 1
126 1950 1
126 2175 1
1974 1113 1
1974 2361 1
1974 1062 1
1974 1571 1
1974 388 1
1974 1987 1
1974 1383 1
1974 1000 1
1974 1192 1
1974 2006 1
1974 743 1
1974 2306 1
1974 1805 1
1974 1313 1
931 2285 1
649 49 1
649 902 1
649 1966 1
649 74 1
649 2272 1
649 248 1
649 82 1
1098 2250 1
1098 1769 1
1098 1472 1
308 925 1
308 2300 1
308 1056 1
308 1549 1
580 704 1
580 2021 1
580 2133 1
580 143 1
1040 1727 1
1040 2089 1
1040 568 1
1040 986 1
1040 1321 1
1730 444 1
1730 1708 1
1730 1339 1
1730 321 1
1730 1444 1
1730 48 1
1730 499 1
100 814 1
100 1252 1
100 1139 1
100 849 1
100 1458 1
511 2085 1
511 1799 1
511 575 1
511 1891 1
511 1087 1
1714 279 1
1714 1813 1
2070 426 1
2070 2244 1
2070 906 1
1014 1149 1
1014 2351 1
1014 390 1
1445 6 1
2119 1609 1
2119 1366 1
2119 1787 1
1012 2093 1
1012 2025 1
1012 2228 1
1012 2377 1
1012 1697 1
1442 1045 1
1442 1998 1
1442 133 1
1442 373 1
1442 68 1
1522 829 1
1522 414 1
1258 652 1
1258 350 1
1258 1049 1
1258 1271 1
967 1948 1
967 1989 1
967 2200 1
2215 40 1
2215 1090 1
2215 1188 1
2215 2332 1
2215 281 1
2215 747 1
2215 319 1
2215 1128 1
2215 2350 1
2304 2235 1
2304 344 1
2304 1118 1
2304 25 1
2304 1832 1
1669 1121 1
1669 16 1
1669 816 1
1648 1296 1
1648 1153 1
1648 239 1
269 1576 1
269 1735 1
269 69 1
269 2011 1
709 433 1
150 813 1
150 2294 1
150 1212 1
1915 1555 1
1915 1725 1
1915 1154 1
1915 1304 1
1755 225 1
1755 756 1
1755 171 1
2344 1556 1
312 1497 1
312 525 1
312 1570 1
312 73 1
312 2169 1
312 1320 1
312 1829 1
312 742 1
312 1329 1
312 1199 1
1839 348 1
1839 1924 1
1839 943 1
1839 2282 1
1839 2114 1
1839 1770 1
1839 1844 1
1839 2018 1
1839 807 1
1839 876 1
1839 1642 1
1839 1608 1
1839 1474 1
1839 77 1
1839 61 1
1839 2369 1
1839 673 1
1839 1441 1
1839 1676 1
1839 83 1
1839 505 1
1839 840 1
1839 2220 1
1839 2186 1
1839 632 1
1839 1913 1
1839 724 1
1839 976 1
1758 1181 1
1758 1254 1
1758 540 1
1758 1772 1
1758 322 1
1556 2098 1
1556 1992 1
1556 423 1
1542 2379 1
1542 1325 1
1785 1925 1
1231 1564 1
1231 2206 1
1231 2184 1
1809 201 1
1809 508 1
1080 2064 1
1416 2215 1
1416 1016 1
1416 657 1
1416 1151 1
1883 687 1
1833 362 1
1833 2073 1
1833 2108 1
1833 595 1
1833 446 1
94 1756 1
94 1402 1
661 713 1
800 483 1
800 345 1
800 1485 1
800 1236 1
1764 708 1
1764 1967 1
1577 285 1
1577 52 1
1577 2223 1
1577 1265 1
1577 1534 1
1577 963 1
1577 158 1
1577 1557 1
1462 958 1
1462 1646 1
699 1300 1
699 476 1
699 2343 1
699 258 1
699 783 1
699 1042 1
606 1002 1
606 1432 1
606 344 1
606 1544 1
606 227 1
1003 1036 1
1003 744 1
1003 918 1
818 389 1
818 969 1
1960 845 1
1960 1990 1
1960 2171 1
1960 731 1
1960 1262 1
1960 2155 1
1960 2030 1
1960 1452 1
1960 1952 1
1960 913 1
1960 1753 1
1960 2164 1
1960 2152 1
1960 1374 1
1960 1222 1
1960 530 1
1960 4 1
1960 1958 1
1960 1454 1
1960 101 1
1960 619 1
1960 860 1
1960 1806 1
90 106 1
90 332 1
90 1381 1
1634 1520 1
1634 1200 1
1634 2210 1
1634 1838 1
13 1879 1
1842 2086 1
1842 2017 1
1842 1409 1
1379 27 1
778 1748 1
778 1954 1
778 242 1
778 1516 1
778 419 1
1282 625 1
1282 892 1
2236 2246 1
2236 1327 1
2071 219 1
2071 1777 1
2071 647 1
2071 1477 1
2071 470 1
2071 729 1
2071 431 1
291 346 1
943 1207 1
943 2265 1
943 2117 1
943 750 1
943 1720 1
943 1259 1
943 2044 1
943 2020 1
2094 1117 1
2094 1057 1
2094 2259 1
898 1895 1
898 1091 1
898 2142 1
898 716 1
828 28 1
326 137 1
326 2187 1
326 1807 1
326 1993 1
326 172 1
326 2134 1
326 903 1
326 2047 1
1613 1538 1
1613 130 1
1613 1326 1
1613 2330 1
1613 174 1
1613 135 1
1613 244 1
1613 29 1
1470 1886 1
1470 493 1
1792 1221 1
749 800 1
749 1439 1
749 2360 1
749 213 1
749 290 1
749 1083 1
42 825 1
42 1927 1
42 468 1
42 121 1
1859 19 1
358 43 1
358 881 1
358 922 1
2325 1065 1
2325 1398 1
2325 1699 1
2325 1757 1
2325 210 1
2325 2204 1
2207 1693 1
793 862 1
793 1343 1
793 2153 1
793 1414 1
793 685 1
793 659 1
793 369 1
793 626 1
793 985 1
793 1213 1
793 316 1
793 1601 1
1545 2247 1
1545 1184 1
690 62 1
690 745 1
690 1798 1
1909 2144 1
1909 929 1
1909 678 1
1909 2165 1
15 2125 1
15 874 1
15 1299 1
15 805 1
15 1850 1
1878 574 1
2214 2194 1
2214 1129 1
2214 2372 1
1124 422 1
2307 589 1
771 1796 1
771 1584 1
771 1046 1
771 1527 1
771 514 1
771 1689 1
771 1514 1
771 24 1
771 2320 1
771 1314 1
771 87 1
771 656 1
771 1483 1
2130 1524 1
1658 613 1
1658 1357 1
1403 1241 1
1403 1027 1
285 477 1
680 1776 1
185 228 1
1323 247 1
1323 733 1
1323 1518 1
1323 1393 1
1361 1256 1
1361 563 1
1361 1306 1
489 739 1
489 1847 1
525 1623 1
525 1205 1
463 1033 1
463 190 1
463 2343 1
463 1823 1
463 1765 1
463 1572 1
463 834 1
463 629 1
463 882 1
463 564 1
463 1407 1
463 392 1
463 1166 1
463 1710 1
1569 1342 1
1569 592 1
1569 1347 1
175 772 1
682 1419 1
682 1691 1
336 131 1
336 222 1
1663 1295 1
1663 1335 1
1663 386 1
825 146 1
825 752 1
825 1235 1
825 640 1
2209 1762 1
2209 2218 1
2209 2316 1
1137 8 1
2254 1405 1
2254 2203 1
2254 692 1
2254 610 1
1904 35 1
1904 855 1
1904 1435 1
1904 1978 1
1602 654 1
1602 286 1
2072 1373 1
2282 841 1
2282 1249 1
2282 170 1
1498 2107 1
1498 53 1
1498 1840 1
1498 1916 1
1749 513 1
2167 1649 1
1807 1706 1
1807 398 1
1807 1400 1
999 2135 1
999 1106 1
999 479 1
999 1279 1
1707 1411 1
1707 1214 1
1707 994 1
751 432 1
679 512 1
679 195 1
679 1337 1
679 2156 1
679 1099 1
1598 1102 1
1598 1297 1
1598 1877 1
1598 1112 1
1598 2318 1
1598 1420 1
533 2346 1
533 1744 1
1223 2099 1
1223 1272 1
1430 1611 1
1430 2207 1
1430 2217 1
1430 2126 1
1430 105 1
1430 983 1
1430 837 1
1430 1095 1
1430 867 1
1430 309 1
1430 858 1
1430 952 1
1430 1448 1
1430 118 1
1353 939 1
1353 736 1
1353 2054 1
2176 1307 1
2176 765 1
2176 361 1
2176 1243 1
2176 2208 1
2176 99 1
2176 1059 1
2176 775 1
2176 873 1
977 1594 1
977 923 1
977 1736 1
977 2058 1
977 458 1
977 781 1
977 683 1
977 1863 1
977 757 1
977 1894 1
977 393 1
977 972 1
977 500 1
977 537 1
655 1936 1
655 1148 1
655 815 1
1145 98 1
1145 824 1
1145 886 1
1145 1239 1
1145 1233 1
1145 1358 1
1145 2048 1
1145 740 1
1145 1694 1
1145 1050 1
890 357 1
890 467 1
890 1872 1
890 2150 1
1030 798 1
1030 1019 1
1030 1912 1
1123 863 1
1123 1077 1
1123 570 1
1123 1932 1
401 761 1
401 2091 1
401 2224 1
401 2157 1
1794 167 1
2105 2273 1
2335 317 1
2335 1209 1
605 1964 1
605 599 1
2013 1801 1
669 1885 1
2263 1767 1
2263 604 1
2263 115 1
2263 1143 1
2263 710 1
1636 1613 1
1636 797 1
1636 1210 1
1636 1614 1
1636 1745 1
1636 2188 1
1636 938 1
1636 1822 1
1636 1666 1
1773 545 1
1531 596 1
1531 2254 1
1531 1749 1
1531 1603 1
1531 1451 1
1531 1250 1
1531 1104 1
1531 271 1
1531 1267 1
1531 2041 1
1531 1354 1
1531 1163 1
1531 1888 1
343 15 1
912 1788 1
912 205 1
2370 1434 1
2370 1906 1
1653 2293 1
1217 694 1
1217 835 1
486 557 1
302 2275 1
302 601 1
302 839 1
302 1453 1
302 2103 1
302 651 1
302 1660 1
302 506 1
302 1433 1
302 429 1
302 256 1
302 555 1
302 964 1
302 1581 1
302 1543 1
302 1816 1
302 2162 1
302 427 1
302 384 1
302 289 1
302 151 1
302 1853 1
302 1968 1
375 287 1
375 1641 1
1428 154 1
1428 1867 1
1428 1226 1
1428 934 1
1541 1094 1
138 1947 1
1770 1869 1
651 363 1
651 1317 1
651 878 1
651 220 1
651 186 1
651 1677 1
1451 1605 1
1901 1475 1
1624 1158 1
1025 1658 1
1025 573 1
1025 2291 1
2296 93 1
2296 2138 1
1837 696 1
1210 1533 1
1210 2267 1
1210 971 1
1210 182 1
1210 95 1
1210 1575 1
1210 1140 1
1210 1870 1
1210 859 1
1210 465 1
428 650 1
2102 2168 1
1953 1786 1
935 1664 1
980 1747 1
980 1413 1
980 1970 1
453 434 1
1289 715 1
1289 973 1
1289 1686 1
1289 1473 1
1426 827 1
1426 1110 1
1426 1685 1
1426 1928 1
1426 1253 1
1426 1455 1
1426 861 1
1426 1229 1
1426 1889 1
1426 1782 1
1426 1999 1
264 1484 1
1387 2109 1
1387 2139 1
1387 1495 1
666 2158 1
304 2113 1
304 1119 1
304 335 1
304 177 1
304 2367 1
304 1427 1
304 674 1
304 668 1
304 1824 1
304 223 1
304 2216 1
1228 360 1
1661 1972 1
1661 1318 1
1332 1460 1
1385 295 1
1385 763 1
1385 1582 1
2129 175 1
2129 1949 1
2129 218 1
2129 1803 1
2129 250 1
92 618 1
388 122 1
140 110 1
681 1678 1
681 96 1
681 2190 1
681 789 1
1633 1529 1
1633 480 1
1633 2034 1
1633 449 1
1633 204 1
1633 472 1
720 1308 1
720 1862 1
1517 411 1
1517 134 1
267 2289 1
267 2074 1
267 1345 1
267 1935 1
267 63 1
267 67 1
267 791 1
267 1076 1
267 1790 1
267 1880 1
267 571 1
267 1309 1
267 2151 1
267 718 1
267 1831 1
267 200 1
267 2286 1
267 419 1
1266 1368 1
1266 5 1
1884 64 1
1884 1791 1
80 2374 1
80 823 1
80 760 1
975 161 1
2091 780 1
2091 47 1
105 1063 1
2312 638 1
368 1567 1
368 1730 1
368 1258 1
368 193 1
368 2225 1
368 1072 1
368 75 1
368 230 1
368 1836 1
368 1683 1
368 2068 1
368 1709 1
368 2199 1
368 1797 1
368 1185 1
368 1897 1
368 2336 1
368 168 1
368 1733 1
368 2112 1
368 1406 1
1679 1939 1
1886 1211 1
970 2159 1
970 1905 1
970 1940 1
970 1700 1
1513 1837 1
2018 1900 1
2018 1738 1
1629 1510 1
1629 1227 1
1456 967 1
251 356 1
251 415 1
251 987 1
251 487 1
251 1621 1
251 128 1
2237 1111 1
2237 2178 1
2237 1469 1
96 536 1
2029 586 1
2053 643 1
856 1459 1
856 1053 1
1713 1588 1
1713 1731 1
1713 550 1
1243 2205 1
1243 1012 1
1243 2214 1
1243 1323 1
1243 489 1
1243 288 1
1243 1479 1
1243 1341 1
1243 1176 1
1243 1941 1
1243 2012 1
1243 1364 1
1243 21 1
1243 473 1
1243 796 1
1243 836 1
1243 1759 1
1243 1631 1
1243 2287 1
2076 933 1
2076 543 1
2076 2243 1
2076 1539 1
2076 2264 1
2076 1704 1
2076 44 1
1414 1722 1
1414 359 1
1414 1391 1
1414 1240 1
1414 1865 1
1414 569 1
1414 711 1
1414 1353 1
1414 2340 1
1414 567 1
1414 1278 1
1414 562 1
1414 1169 1
1414 2371 1
1414 2160 1
1414 1086 1
1414 868 1
1414 202 1
1414 753 1
1414 1760 1
844 1876 1
1269 292 1
1269 1546 1
1269 1201 1
1269 1177 1
1269 2358 1
1269 34 1
1269 294 1
1269 608 1
1269 2123 1
1269 1488 1
1269 1597 1
1269 89 1
1269 183 1
1269 2319 1
1269 1825 1
1269 169 1
1269 932 1
1269 1719 1
1122 1388 1
429 215 1
429 1109 1
429 2179 1
429 1293 1
429 1681 1
429 2087 1
429 774 1
429 2063 1
2170 1124 1
2170 1069 1
2170 510 1
2170 1985 1
685 553 1
838 921 1
838 1051 1
837 370 1
837 547 1
837 1671 1
837 2362 1
750 160 1
750 2326 1
750 1728 1
144 830 1
1795 872 1
1795 2037 1
1795 181 1
1795 1315 1
791 2364 1
791 721 1
1690 315 1
1466 417 1
246 802 1
1511 1780 1
2272 965 1
2272 1173 1
230 620 1
230 2325 1
230 1740 1
230 2280 1
230 2076 1
230 1060 1
230 162 1
230 531 1
230 451 1
230 72 1
230 850 1
230 1066 1
230 50 1
230 579 1
1287 108 1
400 2233 1
1394 117 1
523 2019 1
523 1291 1
1881 1746 1
2248 1712 1
2248 1423 1
2174 240 1
280 1673 1
280 23 1
280 2269 1
280 738 1
2118 1197 1
2118 387 1
2118 103 1
2118 2120 1
2118 2173 1
1614 588 1
1614 7 1
2096 627 1
2096 104 1
2096 249 1
2096 462 1
2190 664 1
686 448 1
43 1494 1
1248 1134 1
1079 896 1
1079 1569 1
1079 1399 1
1079 421 1
1079 1035 1
1079 1401 1
1079 406 1
1079 2182 1
1079 1911 1
1079 1388 1
1079 252 1
848 1183 1
876 2245 1
876 2230 1
876 439 1
876 1607 1
876 2321 1
2261 1014 1
2261 532 1
2261 1257 1
2261 546 1
846 1294 1
1626 2136 1
698 1017 1
698 2290 1
698 1934 1
698 33 1
698 149 1
698 1047 1
1146 818 1
1146 127 1
1146 607 1
266 591 1
266 1657 1
266 203 1
262 51 1
262 1595 1
262 1031 1
2045 1392 1
2045 207 1
1039 707 1
297 206 1
1280 318 1
347 905 1
347 1385 1
347 1189 1
347 124 1
347 1161 1
2238 349 1
2238 501 1
2238 1277 1
2238 2098 1
2238 792 1
2238 1834 1
2238 258 1
2238 1103 1
2238 1092 1
2238 1425 1
2238 1478 1
2238 1255 1
2238 782 1
2238 1716 1
2238 1237 1
2238 2355 1
2238 615 1
2238 1096 1
78 492 1
2291 956 1
940 1917 1
1692 1182 1
1692 2354 1
497 811 1
650 371 1
2360 2212 1
2360 2042 1
2360 102 1
2360 2022 1
2360 1602 1
2360 1654 1
2360 1007 1
2360 1926 1
2360 330 1
2360 1362 1
2360 1242 1
2360 331 1
184 178 1
1138 1592 1
1138 2033 1
1138 1264 1
1138 1558 1
1138 597 1
1138 2297 1
1138 809 1
1138 1655 1
1067 1292 1
1322 1814 1
1322 1125 1
1322 842 1
1322 54 1
1322 1482 1
1322 535 1
1322 445 1
1322 412 1
1322 2242 1
1322 282 1
1322 148 1
1322 1632 1
866 2376 1
866 741 1
866 30 1
284 2307 1
284 491 1
284 1852 1
2078 587 1
2078 2258 1
2078 381 1
2078 352 1
2078 1001 1
2078 2002 1
1818 279 1
1818 1848 1
1818 37 1
1818 1552 1
36 1962 1
864 1418 1
864 1283 1
864 416 1
864 478 1
864 2083 1
1449 2196 1
1642 2234 1
1642 459 1
1642 2331 1
1642 1525 1
603 1875 1
210 1583 1
210 1956 1
210 677 1
111 773 1
1425 1696 1
1425 1135 1
1425 283 1
1425 2197 1
1425 2008 1
2195 1127 1
2195 236 1
2195 766 1
2195 1093 1
2195 1674 1
464 602 1
464 1971 1
959 2341 1
959 214 1
959 1332 1
959 947 1
959 1005 1
959 97 1
959 879 1
959 646 1
1937 2009 1
1937 901 1
1937 1074 1
1937 1548 1
268 714 1
268 1301 1
268 1395 1
268 801 1
268 1162 1
268 1868 1
663 1536 1
663 1846 1
663 1528 1
663 1739 1
1341 1133 1
1341 1915 1
1341 1422 1
1341 1371 1
1341 1680 1
1341 988 1
1341 1043 1
1341 1058 1
1341 2349 1
1341 554 1
1341 755 1
1341 112 1
469 508 1
469 1305 1
552 999 1
552 2052 1
552 978 1
821 2252 1
821 2000 1
821 1457 1
821 1845 1
821 1290 1
821 2323 1
821 1487 1
821 217 1
821 139 1
821 1721 1
821 593 1
821 788 1
84 402 1
84 730 1
84 504 1
2004 2 1
2004 2271 1
2004 1281 1
2004 1919 1
2004 2131 1
2004 1492 1
2004 1379 1
2004 1491 1
2004 633 1
2004 454 1
2004 1526 1
2004 57 1
2004 241 1
2004 2065 1
2004 1884 1
2004 1599 1
2004 1302 1
2004 125 1
2004 2231 1
2004 1334 1
2004 621 1
2004 737 1
2004 1568 1
2004 275 1
2004 1218 1
2004 534 1
691 926 1
691 764 1
691 1232 1
1643 2024 1
929 2007 1
929 974 1
929 1168 1
457 226 1
457 437 1
457 1995 1
1521 1988 1
516 2281 1
516 630 1
1781 1723 1
1781 192 1
1781 1652 1
232 1190 1
232 1843 1
232 2097 1
232 365 1
232 1375 1
232 187 1
2110 2085 1
2110 276 1
1020 2070 1
1020 779 1
1020 2119 1
1020 1101 1
1020 1976 1
1020 2338 1
1020 523 1
1020 120 1
1020 821 1
1020 1244 1
377 482 1
377 1505 1
377 269 1
377 2256 1
377 1761 1
377 155 1
377 2357 1
377 1530 1
377 1136 1
377 832 1
377 1198 1
377 2232 1
61 1048 1
61 1973 1
125 109 1
125 1359 1
385 1668 1
385 1044 1
385 2016 1
73 949 1
1230 2365 1
1230 887 1
1230 2260 1
1412 337 1
1930 909 1
1930 1130 1
1930 1037 1
1930 157 1
1873 328 1
2051 243 1
2051 1217 1
2051 111 1
2051 1779 1
2051 163 1
1943 1974 1
1943 699 1
1943 793 1
1943 982 1
488 1808 1
488 1616 1
1920 1604 1
1920 1591 1
631 2295 1
631 2255 1
631 635 1
631 2111 1
631 1316 1
631 1355 1
631 311 1
631 1854 1
631 329 1
631 541 1
631 1559 1
631 2315 1
631 1333 1
631 725 1
631 339 1
165 265 1
165 300 1
165 2347 1
101 845 1
101 1326 1
101 189 1
494 653 1
441 65 1
441 1450 1
441 648 1
441 297 1
441 1499 1
441 520 1
2378 320 1
2378 116 1
2378 338 1
2378 176 1
2378 3 1
2378 1447 1
2378 2015 1
2378 1408 1
944 1687 1
944 1619 1
944 395 1
944 527 1
944 720 1
944 251 1
944 86 1
944 628 1
944 1440 1
944 516 1
944 1645 1
944 114 1
944 1208 1
944 1338 1
944 726 1
944 1827 1
944 981 1
944 1360 1
944 706 1
1276 1022 1
1276 474 1
1276 1724 1
1276 1695 1
2143 1159 1
1419 1866 1
1419 2181 1
1419 1009 1
585 1771 1
396 600 1
396 1774 1
396 1178 1
396 990 1
1868 263 1
744 1310 1
1783 2177 1
1783 1021 1
2075 671 1
2075 216 1
2075 1367 1
684 857 1
684 1578 1
684 1553 1
684 1860 1
684 1812 1
296 548 1
32 1464 1
32 581 1
32 1204 1
1309 1061 1
812 767 1
812 2060 1
812 806 1
812 463 1
812 56 1
812 1778 1
812 2353 1
812 1417 1
812 418 1
812 246 1
812 17 1
812 566 1
812 698 1
812 22 1
812 1804 1
812 1535 1
812 2143 1
812 833 1
812 1115 1
812 748 1
812 1574 1
812 2348 1
812 893 1
1676 1387 1
442 304 1
442 2148 1
442 1864 1
442 413 1
2284 314 1
2284 257 1
2284 1352 1
2284 78 1
2284 424 1
1591 1436 1
1591 1489 1
1591 936 1
1591 2368 1
927 1965 1
927 1496 1
927 2026 1
927 1890 1
927 1589 1
634 1899 1
867 826 1
1431 1882 1
1431 60 1
1431 658 1
1431 1773 1
1431 1667 1
1431 880 1
1431 1946 1
1431 1573 1
1431 598 1
1431 1041 1
1431 754 1
1431 1979 1
1431 1606 1
1431 1665 1
1431 2039 1
2278 2141 1
2278 1032 1
2278 2327 1
2278 951 1
2278 616 1
2278 762 1
1627 1219 1
1627 2115 1
1627 1303 1
1627 475 1
1627 1768 1
196 1861 1
196 1635 1
811 1038 1
811 1480 1
1506 1856 1
1506 197 1
1506 1650 1
833 942 1
833 2071 1
833 1193 1
833 2298 1
833 31 1
833 517 1
2306 2198 1
2306 1170 1
353 703 1
353 746 1
353 45 1
840 533 1
840 1729 1
840 697 1
2266 624 1
2266 585 1
2266 1234 1
2266 584 1
610 1944 1
610 1959 1
1249 2337 1
1071 1975 1
799 908 1
799 1055 1
10 1336 1
10 1754 1
1148 379 1
1314 576 1
1314 853 1
644 36 1
644 340 1
644 2023 1
2067 1089 1
2359 1651 1
2359 888 1
2359 341 1
227 1157 1
2308 645 1
614 1384 1
614 1356 1
2334 2183 1
2274 1647 1
2274 212 1
2274 899 1
2274 46 1
992 1561 1
1726 503 1
1726 997 1
1726 1718 1
1726 1818 1
1726 1503 1
1461 701 1
1461 26 1
1461 2213 1
1461 1874 1
1461 804 1
1644 790 1
1143 1445 1
1143 231 1
1143 484 1
1143 1698 1
1143 1260 1
1143 688 1
1234 1620 1
424 1811 1
424 1018 1
424 2221 1
424 233 1
424 984 1
424 924 1
424 1784 1
28 1815 1
28 544 1
28 894 1
28 884 1
28 2147 1
1397 1701 1
1397 180 1
1825 2055 1
2328 1883 1
2328 1981 1
572 2172 1
572 1907 1
922 1141 1
985 113 1
985 642 1
985 1085 1
985 1024 1
985 2239 1
985 979 1
985 609 1
1404 1613 1
1404 685 1
1404 1213 1
632 490 1
632 1424 1
632 2311 1
632 11 1
632 1054 1
632 1202 1
961 1501 1
1897 2014 1
1897 1004 1
1897 1369 1
560 2132 1
12 630 1
12 2066 1
12 79 1
12 1097 1
12 1340 1
12 2069 1
2270 1372 1
2270 1711 1
2270 1351 1
2270 1982 1
2270 875 1
1011 582 1
413 1565 1
413 1509 1
413 509 1
413 1653 1
413 1512 1
413 440 1
732 1637 1
1862 1871 1
1862 306 1
1862 594 1
1862 58 1
1862 208 1
1862 2201 1
1862 1737 1
1862 278 1
1862 1951 1
1862 77 1
1862 1851 1
1862 723 1
1161 1003 1
1161 1270 1
1161 88 1
1161 132 1
1161 81 1
1155 2329 1
1155 2189 1
1155 1507 1
1155 1245 1
1155 1126 1
1155 211 1
1155 777 1
937 911 1
937 962 1
2322 2118 1
1132 1922 1
1132 977 1
1893 1350 1
1893 323 1
1893 410 1
1893 481 1
1893 1560 1
1893 2211 1
1893 460 1
2257 957 1
164 1921 1
164 1142 1
164 515 1
164 1817 1
164 374 1
164 1490 1
1167 912 1
1167 2154 1
1167 549 1
1167 1629 1
1167 758 1
1167 2359 1
1167 1841 1
1167 1174 1
450 1839 1
450 1123 1
450 891 1
450 634 1
1247 1028 1
1247 900 1
1247 1437 1
1247 847 1
1247 919 1
1247 612 1
1247 941 1
1247 1819 1
1247 1923 1
1247 998 1
1247 637 1
1593 123 1
1593 1008 1
1504 1547 1
1670 382 1
1670 1179 1
1670 303 1
259 273 1
259 1186 1
259 253 1
259 260 1
1381 1983 1
1381 611 1
1759 1220 1
519 313 1
519 443 1
519 930 1
2165 1682 1
2090 1081 1
2090 2262 1
2090 915 1
2090 1743 1
2090 1082 1
522 1764 1
946 1600 1
946 1717 1
850 623 1
850 378 1
1246 495 1
1246 975 1
1246 1585 1
9 686 1
2345 2061 1
2345 354 1
2345 2180 1
892 191 1
892 364 1
892 2352 1
892 950 1
1467 2049 1
1467 660 1
1467 953 1
1244 1898 1
159 1984 1
159 776 1
1622 1114 1
1075 1902 1
1075 1991 1
1903 502 1
1903 209 1
1903 1751 1
403 2140 1
2240 2050 1
2240 1147 1
2240 712 1
2240 528 1
2240 270 1
2240 1945 1
2192 1586 1
2010 1933 1
2010 2043 1
1675 2145 1
1675 1633 1
1675 2356 1
1675 1344 1
1675 1957 1
1675 1273 1
1675 1519 1
1675 2149 1
391 1311 1
391 991 1
391 2001 1
397 1180 1
397 1015 1
397 693 1
2226 904 1
2226 1247 1
823 1566 1
823 305 1
1857 518 1
1319 1590 1
1319 667 1
1319 1482 1
1319 1661 1
1319 1268 1
1319 1914 1
1319 1248 1
1319 676 1
1319 1702 1
1319 1029 1
1319 961 1
1319 1675 1
1688 785 1
408 1617 1
408 560 1
2316 1187 1
2316 2309 1
2316 722 1
1066 583 1
1066 2081 1
1066 2373 1
1066 2095 1
1066 1206 1
1066 2100 1
1066 1741 1
229 2088 1
229 1892 1
229 2310 1
229 2333 1
229 1160 1
229 1328 1
229 1331 1
229 854 1
229 2122 1
229 960 1
229 1349 1
194 727 1
194 1750 1
194 1908 1
194 1942 1
1288 142 1
1288 2090 1
2182 1389 1
2182 1707 1
2182 1598 1
2182 2339 1
734 1929 1
466 235 1
367 1532 1
367 2101 1
367 2313 1
2161 293 1
2161 420 1
2161 1006 1
2161 622 1
2161 1918 1
2161 1858 1
81 771 1
81 119 1
81 1980 1
66 2324 1
66 1502 1
1826 1382 1
1826 1144 1
1826 1275 1
1826 558 1
1826 2128 1
2227 1963 1
539 786 1
617 1640 1
617 1662 1
617 1672 1
617 1376 1
617 334 1
617 272 1
639 179 1
307 916 1
307 2342 1
307 1659 1
917 1515 1
917 255 1
917 1377 1
917 1 1
917 641 1
917 885 1
917 156 1
917 556 1
917 897 1
917 355 1
917 2121 1
917 1481 1
917 12 1
917 820 1
917 188 1
917 1175 1
917 2363 1
1378 14 1
1378 636 1
1378 1386 1
327 277 1
327 237 1
327 2084 1
327 946 1
1471 2276 1
1752 529 1
738 1830 1
738 945 1
526 808 1
526 1443 1
526 2003 1
968 1820 1
968 2077 1
968 1468 1
982 1238 1
982 1446 1
982 140 1
982 1010 1
982 1766 1
982 1172 1
1870 2059 1
1152 1835 1
166 310 1
166 274 1
972 2035 1
803 455 1
803 1625 1
803 1116 1
803 59 1
803 1380 1
1026 153 1
1705 1579 1
1705 41 1
1705 1639 1
1705 1563 1
1705 1412 1
1705 1732 1
1705 966 1
1705 551 1
1705 1105 1
1705 2106 1
1705 1164 1
860 1684 1
860 407 1
860 2163 1
520 1324 1
520 1131 1
520 333 1
520 1078 1
520 2222 1
520 471 1
520 1994 1
520 1396 1
520 1348 1
2127 438 1
2127 914 1
2127 856 1
2127 85 1
2127 385 1
2127 1073 1
2127 1203 1
1638 662 1
1638 1084 1
1638 770 1
1638 889 1
1638 1656 1
1638 39 1
1638 2027 1
498 524 1
1733 559 1
954 2292 1
461 810 1
1632 1800 1
1632 147 1
1632 1064 1
275 705 1
507 955 1
507 1580 1
1191 1742 1
1996 1476 1
366 1931 1
928 2277 1
928 245 1
118 2366 1
118 1195 1
118 173 1
118 435 1
118 2279 1
118 1537 1
118 1070 1
118 405 1
118 1961 1
118 1261 1
118 1551 1
1719 1986 1
1719 430 1
1199 447 1
1199 372 1
1199 993 1
1199 577 1
1199 1108 1
2040 1224 1
2040 2056 1
948 2193 1
948 1612 1
948 342 1
948 91 1
948 2299 1
948 1997 1
1641 1763 1
152 261 1
152 2124 1
211 2062 1
211 1734 1
871 1508 1
1968 2031 1
143 1969 1
143 1500 1
143 2249 1
2038 254 1
2038 107 1
2038 851 1
2038 2317 1
822 2116 1
1218 380 1
1218 1150 1
1218 298 1
1218 1346 1
1218 910 1
1887 843 1
1493 1938 1
1493 1540 1
198 2268 1
198 1156 1
198 1977 1
496 1171 1
1791 1522 1
1791 1194 1
1791 1165 1
1438 238 1
2259 1703 1
2259 1312 1
2259 759 1
590 2253 1
324 1669 1
324 234 1
324 376 1
1390 325 1
1390 675 1
1390 221 1
1390 2057 1
1390 1775 1
1390 728 1
1554 2079 1
1554 2005 1
1554 38 1
787 1263 1
787 869 1
787 1910 1
787 2305 1
787 224 1
787 1215 1
787 55 1
787 2301 1
787 199 1
787 1068 1
399 719 1
852 2137 1
852 1107 1
852 1715 1
852 1630 1
852 2219 1
852 2202 1
852 1802 1
852 646 1
852 1752 1
877 1596 1
877 1429 1
877 578 1
859 784 1
394 70 1
1615 301 1
989 1081 1
989 611 1
538 1793 1
538 700 1
538 1298 1
260 136 1
1508 1034 1
2047 1855 1
873 735 1
873 1618 1
873 1821 1
873 1120 1
873 2080 1
873 1284 1
2302 1421 1
2302 1463 1
2302 1225 1
2302 1285 1
2302 1023 1
2302 672 1
579 670 1
2028 351 1
723 695 1
723 456 1
723 1628 1
