7750 2685 1
7750 4798 1
8773 2078 1
8773 1487 1
8773 1053 1
8773 8051 1
5669 6084 1
5669 5127 1
5669 8509 1
5669 4548 1
5669 2090 1
5669 2245 1
5669 1362 1
5669 7593 1
5669 409 1
5669 1170 1
5669 2911 1
5669 1195 1
5669 6142 1
5669 5519 1
1571 6432 1
7563 2096 1
7563 8028 1
7563 3548 1
7563 5788 1
7563 2172 1
7601 7287 1
7601 5566 1
7601 2487 1
7601 7811 1
7601 7123 1
7601 4269 1
7601 6081 1
7601 1227 1
7601 1207 1
7601 8368 1
7601 5779 1
7601 3985 1
7601 7886 1
7601 1668 1
4199 6341 1
4199 8558 1
4199 7886 1
4389 6250 1
4389 1520 1
1630 841 1
1630 7319 1
1630 4771 1
1630 6437 1
5859 4923 1
5859 1671 1
5859 4122 1
5859 5318 1
5859 889 1
5859 6928 1
5859 2110 1
5859 7412 1
5859 8779 1
5859 8660 1
5859 3368 1
5859 8094 1
8402 8060 1
8402 5911 1
8693 3842 1
2866 4946 1
2866 1375 1
2866 1682 1
2866 3364 1
4865 66 1
4865 8739 1
4865 2483 1
4865 4195 1
4865 2030 1
4865 2015 1
6158 8670 1
3937 4642 1
3937 774 1
3937 8364 1
3937 5394 1
3937 1532 1
3937 8270 1
3937 6975 1
3937 4402 1
3937 3714 1
3937 7397 1
3937 3313 1
3937 6266 1
3937 215 1
3937 1328 1
3451 1696 1
3451 8292 1
3451 7893 1
3451 4725 1
3451 2956 1
3451 6072 1
3451 1240 1
3451 3543 1
3451 5066 1
3451 5879 1
6929 7528 1
7184 4669 1
7184 4714 1
7184 2299 1
7184 3577 1
7184 5112 1
7184 3626 1
7184 8575 1
7184 6126 1
7184 3435 1
7184 7500 1
2995 2993 1
1367 7722 1
1367 1915 1
1367 4467 1
1367 6123 1
1367 1903 1
1367 2437 1
1367 1127 1
1367 4453 1
1367 6342 1
1367 109 1
1367 7077 1
1367 782 1
1367 2186 1
1367 3450 1
1367 6219 1
2779 7663 1
2779 8389 1
2779 4523 1
2779 1839 1
8276 5445 1
8276 1050 1
8276 4106 1
1475 1246 1
1475 431 1
1475 8677 1
1475 1123 1
1475 4412 1
1475 4724 1
1475 3852 1
1475 1583 1
1475 7169 1
1475 6028 1
3107 2006 1
4729 421 1
4729 8455 1
8097 752 1
8097 4163 1
2375 7396 1
2375 1944 1
2375 6090 1
6682 8782 1
6682 6044 1
6682 5506 1
6682 5459 1
6682 1871 1
6682 8571 1
6682 4629 1
6682 5838 1
6682 1954 1
6682 429 1
6682 7065 1
6682 6445 1
6682 70 1
3677 8024 1
3677 2552 1
3677 7443 1
3677 7343 1
3677 6440 1
3677 6258 1
3677 7411 1
3677 898 1
3677 6764 1
3677 3378 1
3677 770 1
3677 7448 1
3677 2706 1
3677 5777 1
6537 8425 1
6537 347 1
7789 7657 1
7789 1314 1
7789 3861 1
1331 8551 1
500 3927 1
7763 8542 1
7763 631 1
7763 6521 1
7763 2220 1
7763 1370 1
7763 4345 1
7763 1562 1
7763 2647 1
7763 3911 1
7763 2198 1
7763 4086 1
7763 7556 1
7763 6550 1
7763 5973 1
7763 1326 1
7763 148 1
7763 1153 1
7763 4284 1
7763 7394 1
7763 8248 1
7763 1404 1
7763 6920 1
1349 8777 1
1349 7135 1
1349 1720 1
1349 6627 1
1349 3216 1
1349 3601 1
1349 6515 1
537 7078 1
537 342 1
537 7923 1
537 692 1
537 738 1
537 8007 1
537 6603 1
8593 5155 1
8593 184 1
8593 5588 1
8593 104 1
8593 3660 1
8593 2264 1
8593 4690 1
8593 1048 1
7761 3947 1
7761 6294 1
4190 3865 1
4190 8206 1
4190 4438 1
4190 2511 1
4190 5237 1
5461 6746 1
5461 1117 1
5461 1851 1
8272 6360 1
6364 4107 1
6364 234 1
3438 1823 1
3438 7310 1
3438 130 1
3438 6192 1
3438 6271 1
3438 1731 1
3438 7481 1
3438 6034 1
3438 1858 1
3438 294 1
3438 2391 1
3438 814 1
3438 330 1
7101 181 1
7101 4886 1
4610 8755 1
7178 1808 1
7178 1498 1
7178 5845 1
7178 373 1
7178 6999 1
7178 678 1
632 8486 1
7212 4978 1
7689 8038 1
7689 4965 1
7689 7455 1
4688 7110 1
2455 4045 1
3142 4733 1
3142 5975 1
3142 2880 1
3142 8043 1
3142 6356 1
3142 5312 1
3142 7134 1
3142 8246 1
3142 1007 1
3142 4737 1
3142 3402 1
2937 7170 1
2937 6087 1
2937 3252 1
2937 5736 1
2937 3426 1
2937 3897 1
2937 408 1
7094 5552 1
7094 5937 1
7094 5320 1
7875 219 1
7875 5211 1
6664 5357 1
6664 398 1
6664 2538 1
6664 1245 1
5724 1518 1
3200 4468 1
391 1835 1
635 1561 1
137 3415 1
3689 1188 1
1387 3638 1
4096 8602 1
4096 945 1
4096 1906 1
1865 6947 1
1865 1495 1
1865 5822 1
3727 1257 1
3727 8740 1
3727 4899 1
3727 3020 1
3727 8027 1
3727 4973 1
3727 366 1
3727 5803 1
3727 7341 1
3727 3982 1
3727 5796 1
3727 2553 1
3727 7733 1
3727 1354 1
3727 2159 1
3727 3832 1
3727 4354 1
3727 1285 1
3727 4308 1
5256 3893 1
1976 14 1
1976 5086 1
3771 317 1
3771 5541 1
3771 3639 1
3771 7228 1
3771 980 1
3771 7260 1
3771 6189 1
3771 6011 1
3771 4780 1
3771 5073 1
3771 7864 1
3771 7465 1
8688 1013 1
8688 2265 1
7409 3414 1
7409 5378 1
7409 3500 1
7409 6701 1
7409 8427 1
4521 4608 1
4521 4994 1
2618 6399 1
2618 7790 1
2618 5565 1
8410 64 1
8410 8154 1
8410 6233 1
8410 2630 1
8410 6280 1
8410 7203 1
8410 7156 1
8410 5098 1
8410 2506 1
8410 3692 1
8410 6101 1
8410 1788 1
8410 1199 1
8410 7436 1
8410 591 1
8410 545 1
8410 670 1
8410 2359 1
8410 6416 1
8410 7611 1
8410 5512 1
8410 2203 1
8410 6950 1
8410 8085 1
8410 5589 1
8410 4997 1
8410 2667 1
8410 8075 1
8410 363 1
8410 6031 1
7298 598 1
7298 4356 1
7298 535 1
7298 6884 1
7298 2563 1
7298 8071 1
7298 3495 1
7298 1467 1
5421 7689 1
5421 5594 1
5421 3344 1
5421 6005 1
5421 5576 1
5421 2700 1
5421 708 1
5421 8057 1
5421 1083 1
5421 4607 1
8492 2253 1
8492 8474 1
8492 7673 1
8492 6453 1
8527 6389 1
8527 1152 1
8527 4075 1
6727 7109 1
6727 7165 1
6727 2767 1
6727 4479 1
6727 677 1
6727 2517 1
6727 5743 1
1010 1859 1
1010 1491 1
1010 1476 1
7877 2742 1
7877 7737 1
7877 8471 1
7877 6839 1
7877 6112 1
7880 2797 1
7880 1530 1
7880 1108 1
7880 6357 1
7880 8105 1
7880 4029 1
7880 6492 1
7880 6484 1
7880 2862 1
7880 7581 1
7880 399 1
7880 2300 1
7880 5434 1
4440 737 1
4440 1794 1
6587 1970 1
6008 6559 1
2381 3276 1
2381 2396 1
1638 7129 1
1638 6676 1
1638 7268 1
1638 2201 1
1638 4333 1
1638 7270 1
1638 1543 1
1638 6012 1
1638 8780 1
1638 4324 1
1638 2171 1
1638 3862 1
634 785 1
7816 3503 1
7816 4903 1
7816 4229 1
7816 6033 1
7816 1593 1
7816 1754 1
7816 3093 1
7816 3303 1
7816 5270 1
7816 8560 1
7816 4948 1
7816 2382 1
7816 8545 1
7816 5054 1
7816 2512 1
7816 8451 1
7816 8623 1
7816 4450 1
7816 5451 1
7816 3491 1
7816 4105 1
7816 4283 1
4267 2764 1
4267 940 1
4267 5286 1
4267 256 1
4267 8310 1
4267 7296 1
4267 1080 1
4267 3809 1
4267 2930 1
4267 1061 1
4267 3132 1
4267 2952 1
4267 2675 1
4267 3794 1
4267 410 1
4267 1612 1
5299 5062 1
5299 3481 1
6488 6517 1
6488 6923 1
6833 4999 1
6833 1897 1
6635 5662 1
6635 2599 1
6635 4879 1
6635 2142 1
6635 6411 1
6635 73 1
6635 5751 1
6635 8503 1
6635 1373 1
6635 6246 1
7557 996 1
7557 2392 1
8687 1914 1
8687 1522 1
8687 2827 1
8687 8785 1
5109 5039 1
6023 6942 1
6023 8762 1
3923 1416 1
5262 3741 1
5262 5267 1
5262 8713 1
5262 4024 1
5262 5013 1
5262 7520 1
5262 1603 1
5262 1383 1
7300 7551 1
1447 747 1
1447 2189 1
1447 6818 1
1447 3637 1
5696 6730 1
5696 5139 1
5696 26 1
5696 1726 1
5696 851 1
5696 5403 1
381 4235 1
1096 5906 1
1096 1196 1
1096 1049 1
4310 248 1
4310 5049 1
4310 7263 1
4310 8820 1
2465 7300 1
2465 5747 1
2465 2916 1
2465 911 1
2465 700 1
2465 2790 1
2465 4830 1
2465 2263 1
2465 755 1
2465 887 1
2465 7032 1
4621 666 1
4621 4172 1
4621 5371 1
4621 1724 1
4621 8384 1
1047 5575 1
1047 3033 1
1047 3266 1
2348 8328 1
2348 8301 1
2348 5832 1
2348 6712 1
2348 4449 1
2348 6045 1
2348 1631 1
2348 4890 1
2348 5061 1
2348 3572 1
2348 5535 1
2348 3333 1
2348 3690 1
2348 1568 1
2348 2099 1
2348 4786 1
5456 7928 1
5456 48 1
5456 1877 1
5456 3791 1
3068 3910 1
3068 2536 1
3068 6281 1
3068 6372 1
3068 4857 1
3068 5498 1
1596 5374 1
1596 6449 1
1596 2328 1
1596 7878 1
1596 1379 1
1596 7433 1
1596 5544 1
1596 4329 1
1596 5217 1
1596 4335 1
7610 3908 1
7610 7112 1
7610 5809 1
7610 3808 1
7610 4316 1
5128 7163 1
5128 1545 1
5128 4280 1
5053 8234 1
1967 6891 1
1967 4792 1
2174 1418 1
7269 6337 1
7269 6206 1
7269 96 1
7269 2546 1
7269 149 1
7269 6311 1
7269 6568 1
7269 3388 1
7269 3825 1
7269 451 1
7269 3318 1
7269 1508 1
900 8804 1
900 4455 1
6377 5407 1
6377 6541 1
6377 4301 1
6377 5327 1
6377 394 1
6377 7399 1
6377 8284 1
6377 6705 1
1887 2904 1
2741 7895 1
3693 4849 1
3693 6546 1
3693 8113 1
3693 4135 1
3693 836 1
2650 4648 1
2650 7248 1
8379 5814 1
8379 6824 1
8379 718 1
1084 6291 1
8813 5442 1
4878 3894 1
4878 306 1
4878 4136 1
4878 5744 1
4878 4133 1
4878 1517 1
1302 1988 1
1302 7456 1
1302 4529 1
1302 5731 1
1302 1997 1
1302 7076 1
1302 3192 1
1302 2551 1
1302 1077 1
1302 10 1
1302 5090 1
1302 5420 1
6561 2134 1
5072 4104 1
4669 6310 1
2307 5918 1
2307 2464 1
2307 3696 1
2235 7197 1
2235 3350 1
4866 1029 1
4866 1276 1
4866 2642 1
4720 289 1
4720 7490 1
4720 5868 1
4720 4568 1
4720 4983 1
4720 56 1
4720 2564 1
4720 5915 1
4720 1578 1
4720 7727 1
4720 8073 1
3112 3812 1
5354 6420 1
5354 7153 1
5870 5147 1
5870 3873 1
5870 3788 1
5870 7028 1
5870 3168 1
5870 3418 1
5870 1304 1
5870 1228 1
6802 334 1
6802 7107 1
6802 5770 1
6802 765 1
6802 3833 1
6802 6965 1
6802 3492 1
6802 5125 1
6802 1710 1
6802 3079 1
6802 8525 1
6802 2285 1
6802 2125 1
6802 430 1
2200 892 1
2200 1000 1
2200 7800 1
6183 4203 1
6183 1728 1
6183 8674 1
6183 8702 1
6183 1860 1
6183 2127 1
6183 5885 1
6183 1646 1
6183 7352 1
6183 205 1
6767 5082 1
6767 2083 1
6767 8622 1
6511 540 1
6511 3273 1
6511 7819 1
6511 5749 1
6511 6697 1
6511 5232 1
7941 7562 1
7941 5046 1
1394 1688 1
1394 2740 1
1394 8168 1
1394 6854 1
1394 3740 1
1390 2871 1
1390 4555 1
1390 6960 1
1390 1629 1
1390 7401 1
1390 4867 1
1390 8434 1
1390 4896 1
1390 3465 1
1390 5443 1
8517 3490 1
8517 352 1
8517 3013 1
5427 624 1
479 7579 1
479 7647 1
479 7161 1
479 5890 1
479 6576 1
479 4888 1
479 1464 1
479 1746 1
1579 3085 1
1579 1616 1
1579 8717 1
8595 5271 1
8595 5951 1
1139 5717 1
1139 4589 1
1185 6834 1
1185 7870 1
1185 1054 1
1185 1267 1
1185 7192 1
5322 3203 1
5322 8807 1
4053 612 1
4053 4043 1
4053 654 1
4053 2668 1
4053 7146 1
4053 7126 1
4053 6020 1
4535 1864 1
1329 3012 1
1329 6345 1
4401 4635 1
4401 7855 1
4401 5687 1
4401 1497 1
4401 1506 1
3735 3614 1
3735 2357 1
3735 2721 1
3735 156 1
5225 6536 1
5225 1880 1
8156 326 1
8156 6883 1
8156 679 1
8156 195 1
3215 3229 1
3215 7364 1
3220 7595 1
3220 7279 1
3220 5194 1
3220 6390 1
3220 3525 1
3220 3417 1
2424 2955 1
2424 8799 1
2424 4993 1
4396 2605 1
4396 6222 1
4396 6382 1
4396 6660 1
4396 8286 1
8365 3699 1
8365 5993 1
8365 3746 1
8365 6482 1
8365 5568 1
8365 4399 1
8365 1891 1
1040 5708 1
1040 1278 1
1040 5979 1
2801 1413 1
2801 6843 1
4877 5249 1
4877 5663 1
7548 5843 1
7548 6474 1
7548 4563 1
7548 3720 1
7548 8746 1
7548 3510 1
7548 6780 1
4714 2255 1
4714 6894 1
4522 319 1
4522 5079 1
4522 5772 1
4522 6721 1
4522 4184 1
4522 971 1
4522 4015 1
4522 2689 1
6518 2187 1
6044 5398 1
6044 4949 1
6044 2783 1
6044 6016 1
6044 6769 1
6044 2717 1
6044 7698 1
6044 5531 1
6044 6248 1
6044 4638 1
4020 5471 1
4020 5431 1
4020 17 1
4020 1931 1
4020 7786 1
4020 3007 1
4020 6586 1
4020 7447 1
4020 1855 1
4020 1162 1
4020 122 1
4020 4007 1
4020 5266 1
4020 6828 1
1671 1430 1
1671 5384 1
1671 8322 1
7349 6292 1
7349 6624 1
7349 1655 1
4499 4140 1
4499 613 1
4752 2424 1
4752 2643 1
4752 6232 1
4383 1367 1
4383 2998 1
4383 2259 1
4383 4262 1
4383 4595 1
4383 1348 1
4383 2610 1
7224 285 1
7224 3268 1
7224 405 1
3020 8632 1
3020 7918 1
5816 4439 1
1862 1016 1
3984 7523 1
3984 5114 1
3984 1155 1
6781 8153 1
4072 168 1
6695 7139 1
6695 4351 1
2881 2375 1
2881 6237 1
2881 949 1
2881 4918 1
2881 8117 1
2881 7130 1
2881 6543 1
2881 1678 1
5639 1674 1
1540 4865 1
1540 873 1
1540 6253 1
1540 3898 1
1540 848 1
1540 402 1
1540 4171 1
1540 6339 1
1540 5439 1
1540 4376 1
1540 6066 1
1540 7840 1
1540 4727 1
1540 4894 1
1540 7675 1
1540 606 1
1540 3877 1
1300 343 1
1300 1698 1
1300 8320 1
5596 7600 1
5596 8061 1
5596 2003 1
5596 6941 1
5596 4360 1
5596 7544 1
5596 599 1
5596 2262 1
5596 1449 1
6924 3052 1
6924 4581 1
6924 2417 1
6924 3279 1
6924 2231 1
6924 1230 1
6924 473 1
6948 7672 1
6948 1909 1
6948 794 1
6948 3494 1
5056 4815 1
5056 521 1
5056 986 1
5056 3186 1
5056 7337 1
5056 957 1
5056 6015 1
5056 7951 1
5056 8462 1
5056 4060 1
5056 2077 1
5056 6319 1
5056 4681 1
5056 8377 1
5056 1738 1
5056 2587 1
5056 7568 1
5056 4291 1
5056 7639 1
5056 4063 1
5056 8508 1
5056 1574 1
5056 6810 1
5056 2680 1
5056 6595 1
5056 1477 1
5056 5905 1
5056 1533 1
5056 7012 1
5056 1312 1
5056 4719 1
5056 6355 1
5056 683 1
6563 3817 1
6563 1337 1
6563 5100 1
1133 7047 1
1163 2465 1
1163 3398 1
1163 2260 1
1163 845 1
1163 8563 1
1163 6025 1
1163 1212 1
1163 642 1
1163 3031 1
1163 5274 1
1163 7072 1
1163 1215 1
1163 5605 1
1410 6074 1
7627 5560 1
7627 8493 1
7627 6323 1
7627 7640 1
7627 4484 1
2401 5472 1
6751 6958 1
6751 2986 1
6751 2340 1
6751 8349 1
6751 6171 1
6751 2158 1
6751 7889 1
6751 5037 1
6751 3063 1
6751 5473 1
6751 1130 1
5506 7962 1
5506 4820 1
5506 6307 1
5506 6196 1
1643 3022 1
5459 8548 1
5459 8358 1
5459 106 1
5459 8294 1
5459 8267 1
5459 8374 1
5459 1652 1
5459 3335 1
5459 1531 1
5459 6130 1
5459 5088 1
5459 2064 1
5459 8814 1
5459 3363 1
3730 4050 1
882 7868 1
882 4883 1
882 33 1
882 5203 1
882 3156 1
882 6527 1
882 8198 1
882 3547 1
882 254 1
8218 5017 1
8218 8033 1
1941 1184 1
2253 3949 1
2253 2970 1
5926 7473 1
5926 2663 1
5926 4655 1
5926 5018 1
5926 4217 1
5926 1969 1
5926 5643 1
5926 4087 1
5926 5729 1
5926 8076 1
5926 8454 1
5390 196 1
5390 3440 1
5390 5599 1
4093 7483 1
4093 310 1
4093 8397 1
7849 3139 1
6962 944 1
6962 8627 1
1151 2126 1
1151 5558 1
1151 5933 1
1151 5984 1
1151 6876 1
1151 5103 1
4260 2703 1
4260 3662 1
4260 1402 1
4260 6122 1
6343 5340 1
6343 5543 1
6343 2534 1
6280 8298 1
6280 8574 1
6280 8176 1
6115 356 1
6115 791 1
4420 1705 1
4420 7808 1
3593 2840 1
3593 4932 1
3593 1318 1
3593 1406 1
3593 5362 1
7116 7385 1
2751 1021 1
2751 8800 1
2751 926 1
988 6118 1
988 6463 1
988 4732 1
988 7239 1
988 5676 1
988 3917 1
988 769 1
988 5042 1
988 2073 1
988 153 1
988 6026 1
988 7778 1
988 4980 1
988 200 1
3295 544 1
5961 6024 1
5961 5163 1
5961 859 1
5961 5349 1
5961 3668 1
5961 5730 1
5961 8372 1
6943 7167 1
6943 8146 1
6943 3892 1
6943 3724 1
6943 597 1
1728 8269 1
5218 7587 1
5218 1036 1
5218 5488 1
5831 5252 1
5831 3836 1
5831 4162 1
5831 1232 1
5831 82 1
5831 2657 1
6463 414 1
6463 7487 1
6463 6359 1
2708 7563 1
2708 5024 1
2708 7178 1
2708 7409 1
2708 7880 1
2708 2235 1
2708 4155 1
2708 1390 1
2708 3234 1
2708 3375 1
2708 7894 1
2708 8662 1
2708 1408 1
2708 7240 1
2708 1313 1
2708 3172 1
2708 4346 1
2708 5853 1
2708 7055 1
2708 8309 1
2708 2093 1
2708 5516 1
2708 531 1
2708 7965 1
2708 2615 1
2708 1614 1
2708 8770 1
2708 6249 1
2708 4481 1
2708 5085 1
2708 921 1
2708 777 1
2708 2980 1
2708 2844 1
2708 6566 1
2708 465 1
2708 2796 1
2708 623 1
2708 3083 1
2708 4320 1
2708 3154 1
2708 5283 1
4758 7824 1
4758 929 1
6598 3710 1
6598 2374 1
6598 3160 1
6598 7575 1
6598 84 1
3026 8138 1
3026 3749 1
159 7506 1
159 3515 1
159 8041 1
4800 1131 1
6851 7831 1
6851 2173 1
6851 8308 1
6851 4306 1
6851 8299 1
6851 6592 1
6851 4268 1
6851 4702 1
6851 4042 1
6851 5941 1
6851 5653 1
6851 8741 1
6851 6403 1
6851 1037 1
6851 296 1
7299 804 1
7299 4821 1
7299 2191 1
7299 3670 1
7299 1556 1
7299 6821 1
7299 7631 1
2343 8681 1
2343 3018 1
2343 1445 1
2343 7513 1
2343 7758 1
2343 6275 1
2343 3472 1
542 5874 1
542 7646 1
542 8730 1
542 8476 1
542 660 1
542 4125 1
542 6784 1
542 8789 1
542 3055 1
542 3938 1
542 7338 1
3093 6017 1
3093 333 1
3093 1474 1
3093 7054 1
3093 2286 1
3093 8054 1
3093 669 1
3093 2737 1
3093 732 1
3093 849 1
3093 8212 1
698 7017 1
698 1663 1
1973 2963 1
1838 281 1
8424 7488 1
8424 7892 1
8424 322 1
8424 3671 1
8424 253 1
8424 6528 1
3590 8157 1
4970 4965 1
469 4000 1
469 6569 1
2552 8656 1
2552 438 1
2552 4907 1
2552 8716 1
8528 2760 1
8528 6777 1
8528 2815 1
8528 8496 1
8528 3560 1
8528 6919 1
1597 4508 1
1597 6630 1
1597 434 1
1597 4315 1
1597 5869 1
1597 658 1
1597 284 1
1597 5942 1
1597 3036 1
1597 1704 1
5440 2276 1
5440 3966 1
5440 8619 1
6799 8099 1
6799 2103 1
6799 1038 1
6799 4377 1
6799 8362 1
8333 2938 1
8333 50 1
8333 4540 1
8333 6162 1
8333 3733 1
6117 4012 1
6117 7684 1
6117 3289 1
6117 3508 1
6117 3678 1
6117 8567 1
6117 1831 1
6117 3283 1
6117 4641 1
6117 4270 1
6117 8062 1
6117 1876 1
6117 1958 1
6117 2918 1
6117 8380 1
5331 8365 1
5331 5449 1
5331 3443 1
7316 8334 1
5982 3087 1
5982 4927 1
3203 4057 1
3203 7082 1
3203 1910 1
3203 886 1
3203 2885 1
7809 1085 1
7809 5722 1
7809 5009 1
7894 5880 1
7894 5313 1
7894 8148 1
7894 3538 1
7894 4380 1
7894 594 1
6078 3011 1
6078 8765 1
3441 3955 1
3441 3452 1
3441 7363 1
4578 5191 1
4578 8101 1
4277 8504 1
4277 6317 1
6846 5405 1
6846 6064 1
6846 5742 1
6846 7907 1
6846 7127 1
6846 7924 1
6846 364 1
6846 452 1
8796 3185 1
8796 6756 1
8796 4366 1
8796 1662 1
8796 4668 1
8796 6407 1
8796 6143 1
8796 4008 1
8796 5603 1
6456 4572 1
6456 7682 1
4220 2723 1
4220 8714 1
462 2273 1
462 3789 1
462 8314 1
462 7802 1
462 1275 1
462 7897 1
462 5315 1
462 6498 1
7826 7386 1
7826 8160 1
7826 3150 1
7826 427 1
7826 8417 1
1360 4750 1
7074 5592 1
7074 2148 1
7074 5296 1
7074 8080 1
7074 3665 1
7074 3195 1
7074 3715 1
3436 5865 1
3436 6263 1
3436 7820 1
8027 7108 1
8027 3755 1
8027 1243 1
8027 8093 1
8027 990 1
8027 2242 1
8027 7901 1
8027 5430 1
8027 766 1
8027 6211 1
8027 5447 1
8027 2936 1
8027 5363 1
8027 6481 1
8027 7729 1
8027 5705 1
8027 4734 1
8027 25 1
8027 1856 1
8027 2830 1
8027 2973 1
8027 5834 1
8027 947 1
8027 6986 1
8027 3829 1
2998 5087 1
2998 6544 1
2998 8399 1
2998 6501 1
2998 1118 1
2998 903 1
2998 4326 1
2998 4381 1
2998 7511 1
2998 6489 1
2998 5387 1
2998 5124 1
2998 1756 1
2998 90 1
2998 2529 1
5511 4645 1
2229 8725 1
2229 2649 1
2229 3006 1
2229 1236 1
2229 7835 1
2229 8401 1
6827 1782 1
6827 6996 1
6827 8405 1
6827 3448 1
6827 789 1
6827 3673 1
6827 121 1
6827 2371 1
6827 5526 1
6827 7588 1
6827 4654 1
6827 2129 1
6827 3094 1
8449 861 1
8449 4073 1
8449 1895 1
8449 4452 1
8449 7767 1
8449 7022 1
8253 8419 1
8253 5908 1
5996 4458 1
5996 3615 1
5996 4975 1
5996 8118 1
5996 4938 1
5996 1045 1
5996 7793 1
5996 2565 1
5996 7060 1
5996 4054 1
5723 6139 1
5723 5666 1
5723 6368 1
5723 5248 1
5723 4585 1
5723 231 1
6895 2989 1
1922 6816 1
1922 6522 1
1922 2944 1
1922 8408 1
4599 6120 1
4599 5297 1
6555 1789 1
6555 4078 1
6555 242 1
6555 5016 1
6555 1817 1
6555 832 1
6555 4228 1
1241 7205 1
1241 390 1
1241 1055 1
1241 636 1
1667 1850 1
1667 8582 1
1667 3632 1
1667 2794 1
1667 13 1
1667 1774 1
1667 5148 1
1667 6205 1
3365 5549 1
3365 5370 1
3365 3651 1
2117 4352 1
2117 5121 1
2117 8810 1
2117 3319 1
2068 2416 1
2068 1573 1
3334 7683 1
3334 1001 1
3334 3427 1
3334 3594 1
3334 7098 1
3334 1905 1
1148 65 1
1148 2707 1
5954 553 1
4451 1249 1
4451 7711 1
4451 6554 1
6720 5934 1
6720 8411 1
6720 2678 1
6720 4110 1
6720 1106 1
6720 116 1
6720 1206 1
6618 8191 1
6618 2323 1
8652 3259 1
8652 1366 1
8652 3583 1
335 7620 1
335 1994 1
335 7529 1
8012 8708 1
8012 1815 1
8012 4759 1
7747 4321 1
2169 6516 1
318 7402 1
4931 4141 1
4931 3827 1
4931 3416 1
4931 1952 1
4931 6418 1
4931 6203 1
4931 5753 1
4931 7906 1
5642 6901 1
1289 5365 1
1289 3757 1
1289 4231 1
1289 1126 1
1289 3663 1
1289 3958 1
1289 840 1
7256 7623 1
7256 645 1
7256 2423 1
573 7695 1
573 5781 1
573 2558 1
573 6590 1
4791 6937 1
4791 118 1
4791 5735 1
4791 3307 1
3161 8720 1
3161 894 1
3161 4232 1
8702 7731 1
8702 8015 1
7679 1447 1
7679 4166 1
7679 1388 1
4290 1174 1
6820 7089 1
6097 1735 1
6097 8167 1
6097 492 1
6670 571 1
6670 3511 1
6410 5269 1
6410 3323 1
6410 3181 1
6410 5064 1
6410 7185 1
6410 3400 1
6410 5974 1
6410 8271 1
626 2116 1
1832 7814 1
1832 4089 1
1832 6129 1
1832 1407 1
1832 2386 1
1832 3471 1
1832 5334 1
1832 7843 1
1832 7435 1
1832 2052 1
1832 7273 1
1832 7421 1
1832 1777 1
1832 1716 1
1832 4575 1
1832 6022 1
7661 6623 1
7661 7987 1
7661 5914 1
7661 24 1
7661 8407 1
7476 6145 1
2887 1685 1
2887 2715 1
2887 5734 1
2887 5660 1
2887 8215 1
2887 6137 1
2887 7512 1
2887 6190 1
2887 4475 1
6108 2634 1
6108 2861 1
6108 3325 1
6108 768 1
6108 8319 1
6108 3687 1
6108 3717 1
2826 5914 1
2826 7578 1
2826 3996 1
8491 3523 1
2407 1706 1
4984 1461 1
4984 5080 1
4984 6316 1
5071 1707 1
5071 5423 1
5071 5055 1
5071 2011 1
5071 3953 1
5071 8110 1
4829 1873 1
2803 4818 1
2803 4142 1
2218 2629 1
2218 1462 1
2218 815 1
3999 2684 1
5886 7365 1
5886 529 1
5886 2249 1
5886 2188 1
2230 833 1
2230 6259 1
2842 4223 1
2842 1896 1
2842 4603 1
314 8435 1
8662 5893 1
8662 7896 1
8662 950 1
8662 4816 1
8662 269 1
8662 5554 1
8662 7261 1
8662 745 1
8662 8032 1
8662 2045 1
8662 7050 1
1247 3907 1
1247 4357 1
1247 6577 1
1247 5335 1
1247 6655 1
1247 854 1
1247 3570 1
5532 11 1
5532 5207 1
5532 816 1
8009 2860 1
8009 2192 1
8009 3845 1
8009 1767 1
8009 6406 1
8009 641 1
8009 6751 1
8009 882 1
8009 3531 1
8009 2888 1
8009 8359 1
8009 6750 1
8009 1827 1
8009 5636 1
8009 5268 1
8009 6742 1
8009 3558 1
8009 4274 1
8009 3661 1
8009 4463 1
8009 5556 1
8009 959 1
8009 2658 1
8009 5364 1
8009 5593 1
8009 6835 1
8009 2089 1
8009 6255 1
8009 5912 1
8009 4624 1
8009 4939 1
8009 3777 1
8009 6674 1
8009 5304 1
8009 3931 1
8009 3455 1
6347 4305 1
6347 6645 1
6347 1241 1
6347 5231 1
6347 8388 1
6347 4682 1
6347 461 1
6347 6159 1
6347 3634 1
6347 5284 1
8562 3725 1
8562 3039 1
8562 6092 1
8562 5691 1
8562 2444 1
8562 8515 1
8562 1857 1
8562 2530 1
8562 3138 1
8562 5967 1
8562 4395 1
6271 6863 1
5170 3566 1
4918 567 1
4918 7369 1
4944 5162 1
4944 4276 1
4944 2121 1
4944 3545 1
2576 5726 1
2576 441 1
2576 3174 1
2576 7791 1
5679 261 1
5679 3767 1
5679 4196 1
5679 6504 1
63 868 1
63 1216 1
63 2387 1
63 7194 1
63 467 1
63 79 1
63 6987 1
63 7157 1
63 16 1
7079 4144 1
7079 6394 1
7079 1299 1
7079 5644 1
7079 1917 1
7079 3111 1
7079 974 1
7479 2518 1
2499 3430 1
2499 680 1
2499 566 1
2499 3410 1
6809 3504 1
6809 6239 1
6809 2301 1
6809 4431 1
6809 5052 1
6809 2782 1
7617 6608 1
7617 1617 1
7617 8195 1
7617 1223 1
990 6581 1
990 3573 1
990 6228 1
990 3397 1
990 2071 1
2440 5762 1
2440 8555 1
2440 922 1
2585 1964 1
5980 68 1
5980 2718 1
5980 8583 1
1983 7051 1
1983 6615 1
1344 6446 1
1344 6610 1
1344 1220 1
1344 1780 1
1344 1790 1
1344 4549 1
1344 4113 1
1344 1932 1
1344 2132 1
1344 2383 1
1344 1325 1
1344 3403 1
1344 6588 1
1801 4524 1
1801 3270 1
1801 3697 1
1801 8045 1
1801 2606 1
1801 2562 1
1801 2961 1
8815 3017 1
8815 3163 1
8815 3885 1
8815 7160 1
5093 7888 1
5093 811 1
5093 3819 1
5093 1213 1
5609 1968 1
7422 8596 1
7422 8141 1
7422 6197 1
7422 8035 1
7422 1081 1
7422 1432 1
7422 5943 1
7422 4074 1
4345 1821 1
2368 6817 1
2368 8112 1
1286 6706 1
1286 1524 1
5437 2845 1
5437 2601 1
5437 6722 1
5437 3913 1
1112 8400 1
7064 2611 1
7064 1204 1
7064 8144 1
7064 7128 1
7064 6533 1
7064 1056 1
7064 7427 1
7064 2461 1
4936 5987 1
4936 1371 1
4936 3633 1
4936 288 1
4936 8134 1
4936 2366 1
7589 3846 1
7589 249 1
7589 809 1
7589 4557 1
1908 8642 1
1908 6467 1
1908 4958 1
1908 7204 1
8289 7056 1
8289 4833 1
8289 527 1
8289 5902 1
8289 3431 1
8289 2516 1
7811 4776 1
7811 6991 1
7811 5538 1
7811 4699 1
7811 3509 1
7811 6808 1
5610 3937 1
5610 4190 1
5610 3771 1
5610 2621 1
5610 3215 1
5610 6741 1
5610 6305 1
5610 4492 1
5610 456 1
5610 8442 1
5610 4494 1
5610 3813 1
5610 6106 1
5610 6010 1
7951 5476 1
7951 5077 1
4297 5 1
4297 8047 1
6710 6107 1
6710 3144 1
6710 6334 1
6710 739 1
6710 7329 1
6710 3401 1
6710 7959 1
6710 4842 1
8781 652 1
8781 2450 1
7323 5005 1
7323 3084 1
7323 7806 1
7323 4904 1
3475 8300 1
3475 7571 1
6856 1259 1
6856 7105 1
6856 4685 1
6856 6217 1
6856 8385 1
6856 3722 1
6856 7199 1
6856 4062 1
6856 3425 1
6856 3976 1
6856 8817 1
6856 803 1
6856 8628 1
6856 8065 1
6856 5242 1
3392 7313 1
8459 8659 1
5281 2965 1
5281 2547 1
5281 1014 1
5281 7887 1
5281 2087 1
5281 3306 1
6045 3738 1
6045 4901 1
6045 6791 1
6045 2997 1
6045 7218 1
7537 5720 1
7537 2710 1
7537 6061 1
7537 750 1
7537 1844 1
7537 6363 1
7537 6168 1
7537 3037 1
7751 657 1
3121 6060 1
3121 6819 1
6772 4393 1
269 2250 1
269 217 1
1739 1861 1
1739 1541 1
1739 7609 1
1739 4403 1
1739 6051 1
1739 2344 1
1739 3321 1
8761 7080 1
3136 4226 1
3136 1291 1
3136 2362 1
6057 1203 1
5212 7441 1
5212 4892 1
5212 4448 1
5212 4781 1
5212 2730 1
5212 7796 1
4609 5798 1
4609 1319 1
4278 8633 1
8255 8036 1
8255 8631 1
8255 6173 1
4972 3180 1
4972 8564 1
4972 1799 1
4972 603 1
4972 7069 1
4972 1644 1
4972 7947 1
4972 2469 1
4972 5101 1
4972 7114 1
4972 463 1
4972 6557 1
4972 6201 1
4972 7972 1
8095 6452 1
6094 5562 1
6094 4441 1
6094 1167 1
7470 7530 1
7470 5295 1
797 5091 1
8539 2333 1
8539 1621 1
8539 5325 1
8539 4033 1
8539 7735 1
8539 6667 1
8539 3423 1
8539 3066 1
8539 3940 1
8539 3509 1
8539 5323 1
8539 6301 1
7240 8123 1
7240 6696 1
7240 1019 1
7240 4146 1
7240 4763 1
3898 4959 1
3898 3086 1
3898 6806 1
3898 2292 1
3898 2443 1
3898 2236 1
3898 1713 1
3898 5068 1
6267 5805 1
1588 442 1
1588 8566 1
1588 2418 1
1987 5241 1
1987 1834 1
1987 1384 1
1987 483 1
2567 6939 1
2567 7751 1
2567 3385 1
2567 3826 1
864 7869 1
864 1733 1
764 4544 1
764 920 1
764 8225 1
7034 4712 1
7034 3467 1
4663 5367 1
4663 6847 1
4663 2905 1
4663 805 1
7213 2145 1
7213 5528 1
7213 6985 1
5366 6056 1
5366 393 1
5366 5035 1
5366 2476 1
5366 7154 1
5366 1372 1
3178 8025 1
3178 8440 1
6545 3235 1
6545 3062 1
6545 331 1
6545 3357 1
6545 1015 1
6129 3487 1
4361 8140 1
4361 6709 1
7133 7075 1
7133 7222 1
7133 5198 1
7133 4181 1
7133 6656 1
7133 7176 1
7133 8724 1
7133 938 1
749 2568 1
1957 8668 1
1957 2312 1
1957 522 1
1957 8718 1
1957 3909 1
1957 6795 1
1957 3287 1
1957 1505 1
1957 1740 1
6822 6700 1
6822 4507 1
607 2768 1
607 6523 1
607 85 1
607 2596 1
2758 3654 1
2758 3896 1
2758 2953 1
2758 6905 1
2758 7815 1
2758 5375 1
2758 2458 1
2758 5657 1
7753 6771 1
182 5563 1
182 1525 1
182 2453 1
182 5221 1
182 3993 1
182 6547 1
182 608 1
182 4353 1
182 5446 1
182 1595 1
182 5709 1
182 8228 1
182 549 1
182 6039 1
182 7307 1
182 2085 1
182 5094 1
182 821 1
5463 1483 1
5463 1681 1
8416 1436 1
4546 6689 1
1256 5548 1
1256 2338 1
1256 5373 1
5040 4297 1
5040 5307 1
6666 7023 1
6666 4406 1
6666 479 1
6666 7977 1
6666 5830 1
6666 1035 1
6666 7271 1
6666 8307 1
6666 1770 1
6666 8103 1
6666 7171 1
6666 5200 1
6666 277 1
6666 7738 1
6666 1996 1
724 3533 1
724 6055 1
724 1453 1
724 5132 1
724 2593 1
724 3078 1
724 1538 1
724 8550 1
1041 5306 1
1041 4464 1
2985 5775 1
2985 5099 1
2985 1933 1
2985 8268 1
2985 52 1
2985 812 1
188 1563 1
188 2233 1
188 1587 1
188 3541 1
188 5682 1
2616 1902 1
1164 2685 1
1164 2861 1
1164 4731 1
1164 7593 1
1164 8279 1
1164 1353 1
1164 1750 1
8638 3957 1
8638 7379 1
8638 7999 1
8638 1551 1
8638 2140 1
8638 8242 1
8638 7014 1
8638 4152 1
577 370 1
4285 721 1
4285 8121 1
4285 6695 1
4285 4005 1
4285 7286 1
4285 5677 1
4285 4968 1
4285 1345 1
4285 8193 1
4285 978 1
4285 5909 1
5258 6105 1
5258 5583 1
5258 4049 1
2040 7212 1
2040 6272 1
2040 4887 1
2040 7966 1
2040 4964 1
2040 5493 1
2040 3983 1
2040 510 1
2040 5598 1
2040 7230 1
2040 6163 1
6401 3316 1
3047 4656 1
5187 8497 1
5187 7354 1
5187 3592 1
5187 5505 1
5187 7049 1
5187 6295 1
5187 825 1
5187 4164 1
5187 1923 1
5187 5001 1
5187 4200 1
4095 8207 1
4433 8386 1
4433 7723 1
4433 2372 1
4433 4829 1
4433 2238 1
4433 2917 1
4433 7400 1
3927 8008 1
3927 4250 1
7882 6464 1
7882 4742 1
7882 3141 1
7882 2573 1
7882 6644 1
4900 4419 1
4900 4919 1
1898 2355 1
1898 3568 1
1898 4098 1
1898 5785 1
1898 8611 1
8588 5133 1
313 6098 1
7644 3282 1
2392 486 1
2392 4404 1
7605 890 1
7605 4474 1
7605 999 1
7605 7452 1
7605 2795 1
7605 8689 1
7605 4216 1
7605 1294 1
7605 3422 1
2571 62 1
2571 6325 1
2571 2578 1
2571 7106 1
2571 2457 1
2116 5435 1
2116 4969 1
2116 2561 1
2116 4445 1
2116 5301 1
2116 4253 1
2116 3534 1
2846 6596 1
1444 1694 1
1444 5305 1
1444 4363 1
1444 605 1
969 5864 1
969 4047 1
8606 2017 1
5660 3554 1
5660 2722 1
8098 8561 1
8098 8615 1
8098 83 1
8098 8663 1
8098 5078 1
4807 7585 1
4807 4058 1
4807 1065 1
4807 4435 1
4807 7241 1
5715 7559 1
5715 189 1
5715 6702 1
5715 5116 1
5715 1231 1
536 7700 1
536 4908 1
536 4036 1
536 556 1
536 560 1
536 1960 1
536 5059 1
536 3524 1
536 664 1
536 8396 1
536 6397 1
5994 3222 1
1721 1622 1
1721 4432 1
1721 5401 1
1721 5096 1
4120 8244 1
4120 5484 1
4120 6899 1
4120 3025 1
4120 1097 1
4120 4411 1
4120 7290 1
4120 5769 1
4120 1143 1
4120 5574 1
4120 7866 1
4120 4679 1
6276 8617 1
6276 4783 1
7702 4207 1
7702 4462 1
7702 7560 1
7702 4550 1
7702 1141 1
8433 3331 1
8476 5368 1
8476 488 1
8476 3987 1
8476 4138 1
6525 4713 1
6525 2209 1
6525 1403 1
6525 5216 1
6525 57 1
6525 5141 1
5676 7612 1
5676 7149 1
5676 6490 1
5676 278 1
5676 3924 1
5676 948 1
5676 8444 1
4887 7459 1
4887 3081 1
4706 6761 1
4706 1677 1
4706 6518 1
4706 8516 1
4706 6720 1
4706 7449 1
4706 4715 1
4706 8776 1
4706 8265 1
4706 6567 1
4706 827 1
4706 78 1
4706 4739 1
4706 1981 1
4706 28 1
4706 5107 1
1090 4558 1
1090 7333 1
1090 1575 1
1090 2711 1
1090 6318 1
1090 7308 1
1090 6606 1
1090 7834 1
2608 3606 1
2608 7674 1
2608 264 1
383 4482 1
383 12 1
383 4562 1
383 4153 1
3273 8019 1
3273 2523 1
3273 177 1
3273 8219 1
3273 3974 1
3273 846 1
3917 2018 1
3917 3928 1
5774 1192 1
2794 8302 1
2794 1452 1
2794 5866 1
2794 7252 1
4898 7469 1
5318 5021 1
4573 7718 1
4573 5279 1
4573 8614 1
5045 4731 1
5045 4561 1
5045 8657 1
6070 4513 1
2791 2746 1
2791 4584 1
1414 7964 1
1414 596 1
1414 5825 1
1414 4633 1
6116 7485 1
6116 6514 1
6116 5786 1
6116 7847 1
6116 5145 1
761 1025 1
761 6470 1
761 1697 1
761 5153 1
761 7704 1
761 5808 1
4301 7630 1
4301 7355 1
1641 7141 1
1641 958 1
1641 1939 1
1641 7687 1
1641 1975 1
1771 6127 1
1771 4834 1
6194 3204 1
6194 3256 1
3414 5628 1
3414 5863 1
8821 2305 1
6965 5303 1
6965 637 1
6965 7087 1
2687 3847 1
2687 199 1
2687 2919 1
2687 505 1
2687 432 1
6529 4341 1
6529 1526 1
4860 4300 1
4860 582 1
4860 8811 1
4860 3366 1
4860 2879 1
4860 5184 1
4860 1051 1
1046 806 1
1046 4726 1
1046 8592 1
1046 870 1
1046 1836 1
1046 321 1
1046 4244 1
1046 8766 1
1046 2623 1
1046 552 1
1046 7285 1
1046 7242 1
6278 3360 1
6278 4056 1
8636 2513 1
8636 1566 1
8636 4803 1
8636 6431 1
8636 2665 1
8636 3685 1
8636 3262 1
8636 4080 1
3042 2579 1
3042 1148 1
3042 3412 1
3042 4531 1
3042 388 1
3042 4433 1
3042 313 1
3042 6276 1
3042 6530 1
3042 6763 1
3042 6685 1
3042 6261 1
3042 2214 1
3042 7524 1
3042 2244 1
3042 6493 1
3042 1193 1
3042 4323 1
3042 8339 1
3042 3070 1
259 6657 1
3376 3280 1
3376 4014 1
6599 1052 1
8354 2872 1
8354 4051 1
4215 6704 1
4215 6716 1
3700 4587 1
4492 5690 1
4492 6866 1
4492 3555 1
4492 4718 1
4492 3765 1
4492 1717 1
4492 4751 1
4492 7569 1
2376 2491 1
4629 2160 1
4629 7534 1
4629 1095 1
4629 6006 1
4629 6753 1
5029 93 1
5029 341 1
5029 2500 1
5029 2577 1
5029 2495 1
5029 2031 1
5737 963 1
5737 7360 1
5737 2008 1
5737 8127 1
7345 7993 1
7345 7644 1
7345 4325 1
7345 5997 1
7345 1600 1
7345 3649 1
7345 762 1
7345 2462 1
3692 8254 1
1893 6619 1
1893 3065 1
1893 4922 1
1893 800 1
1893 6396 1
715 2226 1
5744 4082 1
5744 7019 1
4183 8752 1
4183 1935 1
4183 703 1
4183 5612 1
4183 6184 1
7525 3278 1
7525 5223 1
7525 3694 1
7525 4749 1
7525 7974 1
7525 3593 1
7525 143 1
7525 2792 1
7525 4241 1
7525 2146 1
7525 5995 1
7525 7302 1
7525 1490 1
7525 6383 1
7525 5353 1
7525 1239 1
7525 2053 1
5728 8600 1
5728 665 1
5728 3818 1
2924 8235 1
2924 8685 1
2924 3067 1
2924 6621 1
2924 6320 1
2924 3792 1
2924 569 1
2924 7774 1
2924 7378 1
4543 6264 1
4543 1548 1
4543 5945 1
813 480 1
813 8456 1
813 111 1
499 7118 1
5159 905 1
36 3532 1
36 5746 1
36 2929 1
36 4643 1
7420 8625 1
7420 2957 1
7420 3145 1
7420 2852 1
7420 8037 1
7420 643 1
6314 691 1
6314 2197 1
6314 6967 1
6314 4275 1
6314 5741 1
1171 4202 1
1171 5670 1
5919 7187 1
5919 4535 1
5919 1415 1
5919 3595 1
5919 4088 1
5919 6738 1
5919 5316 1
5919 4847 1
5919 7681 1
2501 6496 1
471 474 1
471 6483 1
471 5522 1
3605 1387 1
3605 2550 1
3605 6907 1
3605 3332 1
71 2636 1
5137 7989 1
5137 5142 1
5137 2691 1
5137 3466 1
5137 2 1
1407 8726 1
2251 3309 1
3959 7825 1
3959 2705 1
3748 4154 1
6742 4806 1
6742 1149 1
6742 7359 1
7507 8641 1
6945 7193 1
6945 7493 1
3686 8701 1
3686 273 1
3686 5406 1
3686 6853 1
3686 267 1
3686 4741 1
3686 2522 1
2054 2454 1
2054 5532 1
2054 6057 1
2054 3921 1
2054 2988 1
2054 5992 1
2054 4620 1
2054 7842 1
2054 7071 1
2054 4415 1
1009 2069 1
5280 7586 1
5280 3409 1
5280 7872 1
5280 6733 1
5280 961 1
3779 6970 1
7478 6900 1
7478 4021 1
2351 6506 1
2351 7147 1
2351 518 1
2351 1527 1
2351 4373 1
2351 646 1
2351 1938 1
1102 2204 1
1102 4423 1
1102 4092 1
1102 6570 1
1102 526 1
6654 3101 1
6654 61 1
6654 6774 1
1253 8706 1
1253 2001 1
6932 5228 1
6932 7690 1
4828 270 1
1202 6351 1
1202 89 1
1202 6578 1
1202 5272 1
1202 7828 1
1194 229 1
5718 8696 1
5718 2488 1
4517 8778 1
4517 6422 1
4517 4532 1
4517 6513 1
4517 3952 1
7680 8259 1
7680 5342 1
418 3603 1
418 7234 1
418 6766 1
418 3684 1
6762 3553 1
6001 2433 1
6001 1675 1
6001 576 1
6001 4998 1
8066 1569 1
8066 2426 1
8066 7257 1
6412 711 1
3971 2720 1
3971 5614 1
3971 3210 1
3971 8599 1
3971 1689 1
3971 5949 1
3971 6251 1
3971 5935 1
3971 3023 1
3971 2659 1
5708 2431 1
5708 4943 1
2069 5590 1
2069 1818 1
2069 5564 1
2069 2972 1
3990 1031 1
3990 2266 1
3990 1323 1
7304 5600 1
7304 7597 1
7304 717 1
7304 6715 1
6620 7916 1
6620 469 1
6620 7782 1
6620 6562 1
6620 1513 1
6620 4314 1
6620 5740 1
6620 713 1
6620 1022 1
6620 5542 1
970 4822 1
8794 6480 1
8794 7117 1
8794 2975 1
7505 3835 1
4789 1743 1
4418 4677 1
8502 4827 1
8502 734 1
8502 5810 1
8502 8262 1
8502 4132 1
8502 3498 1
8502 8512 1
8502 1089 1
8502 895 1
8502 3726 1
8502 415 1
8502 2652 1
8502 7280 1
8502 77 1
8502 2430 1
6042 346 1
6042 5686 1
6042 2019 1
6042 4791 1
6042 8114 1
6042 4795 1
6042 5622 1
6042 872 1
6042 4766 1
6042 4793 1
6042 8382 1
6042 8211 1
6042 4754 1
1165 6030 1
3855 2118 1
3855 4427 1
3855 3853 1
1986 2653 1
1986 6303 1
1986 4424 1
1986 3327 1
1986 5828 1
1986 4428 1
1986 4606 1
4921 3394 1
5467 2024 1
5467 4957 1
5467 502 1
5467 2804 1
5467 6178 1
5467 7453 1
5467 1637 1
5467 30 1
5467 6290 1
5467 4313 1
5467 5702 1
5467 8450 1
5467 6503 1
5467 6371 1
5467 7621 1
5467 1791 1
5467 6375 1
5467 3616 1
5467 2481 1
5467 3245 1
5467 154 1
5467 539 1
5467 6053 1
5467 4265 1
5467 2283 1
5467 6973 1
5467 3 1
3199 1124 1
3199 4817 1
7130 2088 1
7130 2498 1
2977 7418 1
2977 6686 1
2977 5999 1
2977 5836 1
2977 6855 1
5559 7759 1
5559 877 1
5559 324 1
5559 5415 1
4374 4157 1
6617 2618 1
6617 5299 1
6617 2297 1
6617 757 1
6617 2977 1
6617 7172 1
6617 5300 1
6617 1742 1
6617 447 1
6617 6679 1
6617 7335 1
7330 7921 1
7330 3567 1
7330 807 1
7330 6495 1
7330 716 1
7330 1916 1
7330 6279 1
7330 3179 1
7330 81 1
7330 4111 1
7330 1262 1
7330 417 1
7330 286 1
7330 5958 1
2699 5597 1
2699 942 1
2699 375 1
716 3102 1
716 915 1
716 2401 1
716 4266 1
716 2856 1
716 5450 1
716 2913 1
716 3113 1
716 5063 1
716 8375 1
716 3943 1
716 7220 1
716 2092 1
716 6983 1
716 4626 1
1690 4311 1
1690 2507 1
1690 8224 1
1690 4350 1
1690 6447 1
1690 2023 1
1690 7956 1
1690 2757 1
1690 8824 1
1690 7097 1
1690 348 1
1690 221 1
1690 7162 1
1690 2569 1
2666 4985 1
2666 7852 1
2666 7980 1
1552 7288 1
1127 5410 1
5104 558 1
5104 3125 1
5104 7372 1
5104 4602 1
5104 3027 1
5104 3305 1
7347 5256 1
7347 2012 1
7347 7854 1
7347 8280 1
7347 8256 1
7347 2745 1
7347 8767 1
7347 7179 1
7347 780 1
8775 3516 1
8775 2044 1
8775 207 1
3250 3404 1
3250 5634 1
2906 3148 1
2906 6285 1
2906 4059 1
2906 6085 1
2906 7775 1
6209 3413 1
6209 2983 1
6209 8624 1
6209 3077 1
6209 2837 1
6209 6984 1
6209 8483 1
6209 6731 1
861 2784 1
5489 6216 1
5489 824 1
6288 4371 1
6288 3382 1
6288 8597 1
6288 8432 1
6288 8594 1
6288 395 1
6288 1017 1
6288 627 1
6288 274 1
6288 4593 1
6288 5517 1
6288 8446 1
6288 8182 1
6288 6933 1
6288 3930 1
6288 1150 1
6907 3237 1
7979 528 1
766 6435 1
766 3811 1
766 5633 1
4353 5891 1
4353 51 1
7332 327 1
7332 6147 1
7332 7362 1
7933 6413 1
7933 4009 1
7933 2208 1
6032 3729 1
3708 7717 1
3708 2303 1
3708 7550 1
3708 4117 1
3708 3190 1
3708 5117 1
3708 332 1
3708 6968 1
8321 8565 1
8321 8704 1
5043 4835 1
5043 357 1
5043 5455 1
5043 1189 1
3045 5604 1
3045 4254 1
3045 8569 1
3045 7929 1
3045 6698 1
3045 1804 1
476 5347 1
476 5389 1
4567 2525 1
2479 87 1
2479 7838 1
2479 8513 1
5759 2252 1
5759 2693 1
5759 69 1
5759 5581 1
7168 1107 1
7168 7525 1
7168 411 1
7168 1197 1
7168 7665 1
7168 8747 1
7168 138 1
7168 6419 1
7168 6574 1
7168 7491 1
7168 5804 1
7168 1062 1
7168 8363 1
7168 3173 1
7168 4700 1
7168 2399 1
7168 6054 1
5678 2602 1
5678 445 1
5678 6768 1
5678 847 1
5678 625 1
5678 7744 1
5678 6625 1
1806 4225 1
1806 6662 1
1806 6331 1
6535 1183 1
6479 3965 1
6479 1451 1
6479 5580 1
6479 7940 1
6479 2906 1
6479 2363 1
6479 8818 1
6479 3820 1
6479 2334 1
6479 94 1
6479 1303 1
6479 2207 1
6479 5174 1
6479 2835 1
6479 8533 1
6479 830 1
6749 941 1
6749 2799 1
6749 6267 1
6749 1423 1
1544 8208 1
2557 3097 1
3598 3998 1
3598 2339 1
3598 7198 1
3598 3214 1
6333 5784 1
6333 5482 1
6333 6392 1
6333 8164 1
6333 1643 1
6333 5901 1
6333 4796 1
6333 572 1
8753 7102 1
8753 1576 1
8753 8743 1
6408 204 1
6408 2575 1
6408 2935 1
6408 8470 1
8293 2210 1
8293 4332 1
3343 2248 1
3343 4988 1
3343 2974 1
6861 4721 1
912 6361 1
912 5569 1
912 850 1
912 1176 1
912 8128 1
912 817 1
912 1744 1
912 8760 1
912 5010 1
912 8579 1
3385 8522 1
3385 4134 1
249 1657 1
249 547 1
249 1346 1
249 4743 1
5261 1950 1
5261 5988 1
5261 3900 1
5261 746 1
5261 3981 1
5261 5462 1
5261 7848 1
866 2533 1
866 512 1
866 5019 1
866 376 1
6374 1023 1
6374 3869 1
6374 8132 1
6374 7555 1
6374 2466 1
6374 6993 1
6374 6362 1
936 340 1
936 8771 1
936 2620 1
936 6904 1
936 80 1
936 7311 1
936 3169 1
8193 6141 1
8193 4137 1
8193 8686 1
8193 3424 1
8193 8498 1
4940 4209 1
4940 621 1
4940 6653 1
4940 4611 1
4940 1761 1
4940 7370 1
2056 3617 1
7113 8492 1
7113 7785 1
4511 1601 1
4511 7881 1
4511 2806 1
4511 5344 1
4511 7467 1
4511 4812 1
8043 6927 1
8043 5413 1
8473 8026 1
6836 1355 1
1820 4889 1
1820 4097 1
1820 6713 1
7140 4961 1
7140 6013 1
7140 2202 1
7140 8052 1
7140 6186 1
3227 3801 1
3227 2179 1
3227 7540 1
3227 6634 1
31 1424 1
709 3742 1
4681 2698 1
1078 7967 1
1078 2108 1
7527 4160 1
7527 1803 1
7527 2342 1
7527 588 1
7527 6293 1
7527 6903 1
7527 2817 1
7527 3750 1
7527 7613 1
7527 2151 1
4661 3142 1
4661 5732 1
4661 3899 1
4661 5105 1
4661 4970 1
4661 4703 1
4661 2877 1
4661 8020 1
4661 7024 1
4661 311 1
4661 3146 1
4661 8452 1
4661 2676 1
4661 7521 1
4661 6014 1
4661 2446 1
4661 6287 1
4661 4238 1
3574 2182 1
3574 5856 1
1013 1582 1
1013 379 1
1013 674 1
1013 146 1
8618 2473 1
8618 1120 1
8618 7202 1
8618 5173 1
5997 1486 1
5928 7461 1
5928 1154 1
5928 6691 1
5928 3620 1
5928 1399 1
5928 1357 1
5928 1892 1
2648 3807 1
2648 8507 1
5687 7238 1
5687 3821 1
3471 6078 1
3471 506 1
3471 7669 1
3471 4339 1
3471 5513 1
3471 7480 1
3471 6609 1
3471 2850 1
3471 6732 1
3471 1168 1
3471 5075 1
3471 7442 1
3471 3379 1
3471 1565 1
5853 7941 1
5853 5550 1
5853 2687 1
5853 4099 1
5853 3461 1
5853 5489 1
5853 4192 1
5853 2131 1
5853 7765 1
7199 2205 1
350 5285 1
7807 358 1
7807 1158 1
7807 1893 1
7807 4400 1
7807 8393 1
7807 8786 1
7807 5950 1
7371 7304 1
7371 5928 1
7371 5878 1
7371 6249 1
7371 5050 1
7371 7020 1
6460 2378 1
6460 786 1
2849 6133 1
2849 2408 1
2849 4554 1
2849 5154 1
2849 1342 1
2849 3880 1
2849 3449 1
2849 609 1
2849 5399 1
160 5468 1
160 3082 1
160 4784 1
160 548 1
160 4037 1
160 7788 1
6976 273 1
3982 581 1
3982 4662 1
3982 4456 1
3982 4639 1
3982 6191 1
3982 3575 1
3982 1308 1
3537 6226 1
3537 5483 1
3537 1005 1
3537 4413 1
8296 7750 1
8296 275 1
8296 114 1
8296 706 1
8296 7211 1
8296 1972 1
3695 2331 1
3695 4343 1
3695 3736 1
2938 5004 1
2938 2882 1
2938 1011 1
5255 7861 1
5255 7651 1
5255 8001 1
5255 2504 1
5924 4240 1
5924 5791 1
5955 8218 1
5955 8247 1
5955 2929 1
5955 292 1
6440 8673 1
6440 8135 1
6440 3202 1
6440 5962 1
2240 7911 1
2240 2981 1
2240 2734 1
8772 4485 1
3836 891 1
3836 4221 1
1417 6417 1
1417 6110 1
1417 1581 1
1417 5515 1
1417 8748 1
1417 1137 1
1417 7138 1
1417 2410 1
1417 2057 1
1417 4594 1
6262 5379 1
6262 5293 1
6262 2471 1
6262 225 1
6262 6037 1
640 5970 1
2767 2098 1
2847 307 1
2847 1352 1
2847 3171 1
2847 6583 1
7596 5235 1
973 6242 1
973 392 1
973 8151 1
6282 4039 1
6282 1040 1
6282 3730 1
6282 8338 1
6282 3365 1
6282 1111 1
6282 5358 1
6282 6373 1
6282 6150 1
6282 4813 1
576 4259 1
576 2206 1
576 2319 1
576 8544 1
576 913 1
576 7876 1
576 1783 1
6652 2939 1
6652 509 1
6652 1292 1
6652 3630 1
6652 4854 1
6652 7919 1
6652 1327 1
6652 6601 1
6652 7844 1
6652 8081 1
6652 1852 1
4864 6174 1
6872 6029 1
6872 3652 1
6872 8058 1
6872 799 1
6872 46 1
6872 2873 1
6872 2787 1
6872 4898 1
6872 6529 1
6872 6724 1
6872 4293 1
6872 6718 1
6872 416 1
6872 7182 1
6872 2432 1
6872 565 1
6872 675 1
6872 1653 1
6872 7533 1
6872 2777 1
6872 2688 1
6872 5683 1
6872 1270 1
2219 7532 1
3544 2447 1
3007 3519 1
8601 3806 1
8601 7292 1
8601 7068 1
8584 7007 1
7120 4286 1
7120 1069 1
3259 3961 1
7055 7001 1
7055 7262 1
7055 4567 1
7055 1515 1
7055 7659 1
7055 7093 1
7055 5343 1
599 4934 1
599 4409 1
599 5947 1
599 5308 1
8710 8304 1
8710 7505 1
8710 2669 1
8710 4590 1
2979 5479 1
2979 4618 1
6176 4070 1
6176 5351 1
6176 4273 1
6176 6507 1
3608 4327 1
3608 2097 1
3608 8457 1
3608 1343 1
3608 5478 1
3608 7748 1
3608 3737 1
3608 5630 1
3608 3060 1
3608 7336 1
3608 3763 1
3608 4925 1
3608 4850 1
1661 3887 1
7614 8463 1
7614 3230 1
8138 1438 1
8138 3315 1
8138 4416 1
8138 8030 1
3535 1434 1
3535 6094 1
3535 2351 1
3535 7070 1
3535 4960 1
3535 2946 1
3535 7937 1
2384 2035 1
2384 927 1
2384 2267 1
2384 3170 1
2384 4802 1
2384 5694 1
8111 6799 1
8111 6093 1
5388 2130 1
5388 6699 1
5388 808 1
5388 4204 1
5388 4319 1
6847 3433 1
6847 2588 1
6847 5651 1
7971 8150 1
6391 5815 1
6391 6690 1
6391 7475 1
6391 4848 1
6391 117 1
7794 820 1
7794 1429 1
7794 7649 1
7794 4491 1
6027 6938 1
6027 98 1
6027 2474 1
6027 1645 1
6027 4614 1
6027 5948 1
6027 7754 1
6027 1730 1
1073 5072 1
1073 8595 1
1073 4657 1
1073 6097 1
1073 3999 1
1073 1771 1
1073 7706 1
1073 7531 1
1073 265 1
1073 2293 1
1073 23 1
1073 3816 1
1073 4506 1
1073 1482 1
1073 6788 1
1073 4863 1
1073 7276 1
2168 8605 1
2168 7274 1
2168 2890 1
2168 7589 1
2168 3488 1
2168 2409 1
2168 4201 1
2168 8568 1
2168 2812 1
2168 5329 1
2168 3716 1
2168 3428 1
2168 478 1
2168 4514 1
2168 4281 1
4998 6862 1
4998 8229 1
4998 5131 1
8266 1638 1
8266 7997 1
8266 4683 1
8266 3343 1
8266 3460 1
8266 1463 1
8266 2524 1
8266 1365 1
2932 8734 1
445 1625 1
445 2111 1
3362 2811 1
3586 3187 1
6499 5288 1
6499 7208 1
6499 3269 1
1714 403 1
1714 3446 1
1714 5871 1
2850 1496 1
2679 97 1
2679 2176 1
2679 2070 1
2679 1194 1
2679 2215 1
8556 2043 1
4971 8487 1
4971 8439 1
4971 1599 1
4971 5168 1
7938 5083 1
7938 1250 1
7938 2635 1
7938 3513 1
7938 1473 1
7938 3964 1
8466 2318 1
8466 1066 1
6353 5169 1
6081 8383 1
6081 4264 1
6081 7660 1
6081 1772 1
6081 5932 1
6081 4622 1
6081 2360 1
6081 3824 1
6081 4486 1
1606 21 1
1606 8447 1
1606 105 1
1606 6430 1
1606 1161 1
1809 8822 1
1809 5684 1
1809 7430 1
5243 6859 1
8718 7549 1
8718 2613 1
8718 3978 1
8718 4016 1
8718 3858 1
6815 2580 1
8087 1813 1
8087 4836 1
2393 4375 1
2393 5160 1
2393 5263 1
2393 8603 1
2393 1094 1
2393 8155 1
2393 4348 1
2393 7425 1
2393 1559 1
2393 7939 1
7137 361 1
3473 8170 1
3473 209 1
8742 2910 1
759 7164 1
759 1317 1
759 3391 1
759 5789 1
759 4052 1
759 5244 1
759 4169 1
3349 2385 1
3349 497 1
3349 725 1
3349 4476 1
3349 1315 1
8810 41 1
8810 8023 1
8810 5003 1
5214 3810 1
8634 3784 1
8634 3814 1
3954 2627 1
3954 5959 1
3954 404 1
3954 2434 1
3954 793 1
3954 1221 1
3954 5850 1
3954 1615 1
3954 7375 1
400 4592 1
400 4179 1
400 8458 1
400 6898 1
400 8426 1
400 4631 1
400 997 1
400 3090 1
400 6823 1
400 487 1
400 939 1
400 1224 1
400 7943 1
400 3442 1
5194 3640 1
5194 7073 1
5194 1448 1
5194 5727 1
845 7668 1
845 35 1
845 7390 1
845 7927 1
5746 4292 1
5746 4910 1
5746 5311 1
475 2834 1
475 8186 1
475 8431 1
475 8223 1
475 1356 1
475 1175 1
475 2731 1
475 5458 1
475 4897 1
475 5773 1
6890 2866 1
6890 4518 1
6890 2825 1
6890 5910 1
6890 4084 1
6890 1542 1
6890 6846 1
6890 8274 1
6890 2229 1
6890 4667 1
6890 8012 1
6890 2809 1
6890 2758 1
6890 6330 1
6890 4869 1
6890 3855 1
6890 3866 1
6890 866 1
6890 2648 1
6890 3695 1
6890 6215 1
6890 2190 1
6890 8576 1
6890 7413 1
6890 7216 1
6890 3539 1
6890 1826 1
6890 236 1
6890 8626 1
6890 4670 1
6890 4769 1
6890 5547 1
6890 6149 1
6890 8311 1
6890 7058 1
6890 6349 1
6890 1741 1
6890 530 1
5359 3762 1
5359 1752 1
3236 5507 1
3236 3384 1
3236 5929 1
3236 2863 1
3236 7995 1
3236 8604 1
3236 3646 1
6368 3580 1
7776 7652 1
7776 7874 1
7776 4782 1
7776 3768 1
7776 3992 1
7776 6140 1
7776 2828 1
7776 3217 1
7776 3324 1
2898 7677 1
2898 2733 1
2898 4477 1
2898 3857 1
7823 7509 1
7823 145 1
7823 924 1
7823 4410 1
7823 1590 1
7823 7998 1
7823 538 1
7823 8217 1
6279 6018 1
5904 4745 1
5904 8056 1
5904 5436 1
5904 899 1
5904 7915 1
5904 1298 1
5904 2459 1
5904 279 1
3734 7543 1
3734 7277 1
3734 8273 1
3734 3110 1
3734 842 1
7583 86 1
7583 537 1
7583 5336 1
7583 3884 1
7583 401 1
7583 8479 1
7583 3253 1
7583 7968 1
7583 3109 1
7583 2747 1
7583 2954 1
7583 6678 1
7583 6245 1
7583 4773 1
579 6079 1
579 5637 1
4262 2604 1
4262 1503 1
4262 276 1
4262 7957 1
72 1115 1
5457 7122 1
5457 1128 1
1954 8671 1
201 5872 1
201 2247 1
201 99 1
201 6448 1
3150 3445 1
1928 5898 1
5438 280 1
5438 6473 1
5438 1555 1
5438 6475 1
3512 2038 1
8609 74 1
8609 2074 1
8524 3367 1
8524 7904 1
3619 3655 1
3619 8 1
3619 2165 1
575 2896 1
575 822 1
575 8453 1
575 4790 1
575 5499 1
8647 2937 1
8647 5520 1
8647 5883 1
8647 4663 1
8647 5426 1
8647 3915 1
8647 8214 1
8647 7189 1
8647 384 1
8647 4131 1
871 127 1
871 6723 1
871 6152 1
871 1729 1
1411 2004 1
1411 4365 1
1411 3112 1
1411 8698 1
1411 3812 1
1411 3891 1
1411 4893 1
1411 7830 1
1411 1396 1
1411 2314 1
1411 998 1
7062 1523 1
7062 4678 1
7062 5680 1
7062 7389 1
7062 5688 1
8563 5190 1
8563 4392 1
2670 7498 1
2670 3099 1
2670 4537 1
2670 4764 1
2670 3238 1
2670 1180 1
2670 2855 1
2670 3247 1
2670 744 1
2670 1605 1
2670 397 1
2670 4674 1
2670 1998 1
2670 3122 1
2670 211 1
2670 8376 1
2670 3346 1
2670 2055 1
7850 8125 1
7850 6736 1
7850 2948 1
7850 4861 1
7143 3207 1
7143 7629 1
3423 7229 1
3423 5631 1
3423 5818 1
3423 4591 1
3423 517 1
3423 252 1
3423 2463 1
3423 3751 1
3423 6336 1
3423 489 1
3423 3454 1
3423 5332 1
6972 2631 1
6972 4583 1
6972 2818 1
6972 593 1
6972 1465 1
6972 8090 1
6972 300 1
6972 8413 1
6972 5309 1
6565 8520 1
6565 5321 1
6565 7702 1
6565 3635 1
6565 8475 1
6565 8448 1
6565 425 1
6565 8423 1
6565 504 1
6565 6961 1
6565 2059 1
6565 1686 1
6565 4926 1
6565 5475 1
6565 3345 1
6565 3514 1
6565 6091 1
6565 1074 1
7762 7293 1
7762 3439 1
2167 4704 1
2167 4916 1
2167 2143 1
2167 3301 1
2167 3264 1
2167 4405 1
2167 1943 1
2167 4976 1
2167 157 1
2167 6902 1
2167 5790 1
2167 7970 1
2167 3901 1
2167 4503 1
2167 1441 1
2167 7265 1
2167 385 1
2167 4671 1
2167 1840 1
2167 3322 1
6543 7976 1
6543 2349 1
6543 8243 1
7380 4187 1
7380 4966 1
7380 5916 1
7380 2531 1
7380 8445 1
7380 5537 1
7380 1098 1
2330 5695 1
2330 6434 1
2330 3100 1
2330 5051 1
2330 1454 1
2330 2724 1
2330 7005 1
545 5487 1
1481 6755 1
5334 8221 1
5334 6582 1
5334 8821 1
5334 3556 1
5334 5028 1
5334 3361 1
5334 4478 1
5334 6438 1
5334 6007 1
5334 4109 1
5334 6155 1
5334 6778 1
5334 7856 1
5334 7264 1
5334 4369 1
5334 5324 1
4539 813 1
4539 4768 1
5844 955 1
5844 843 1
5844 7507 1
5844 7221 1
5844 7496 1
5844 8216 1
5844 6580 1
5844 7538 1
5844 4246 1
4086 3213 1
4086 3048 1
4086 1443 1
4086 5500 1
4830 7801 1
4830 7535 1
4830 3556 1
4830 6328 1
8309 4767 1
8309 5844 1
8309 2370 1
8309 3340 1
8309 5157 1
8309 1079 1
3176 5922 1
3176 7877 1
3176 4440 1
3176 1234 1
3176 2325 1
3176 4693 1
3176 7753 1
3176 3296 1
3176 5978 1
3176 1567 1
3176 2327 1
3176 2528 1
3176 5409 1
3176 2013 1
3176 639 1
3176 5849 1
8469 2692 1
8469 1796 1
8469 6728 1
8469 6393 1
8469 1650 1
8469 3582 1
8469 7546 1
8469 2502 1
8469 5146 1
8469 2107 1
8469 2520 1
8469 7237 1
8469 5897 1
2014 1273 1
3980 1977 1
3980 4128 1
3980 916 1
3980 5766 1
3980 8017 1
3980 92 1
3980 4913 1
3980 7021 1
3980 651 1
3980 4530 1
3980 3837 1
3980 5608 1
3980 2771 1
3980 2195 1
3980 5501 1
3980 290 1
3980 2884 1
6212 1936 1
6212 4578 1
6212 2407 1
6212 8531 1
6212 6213 1
6212 3609 1
6212 3769 1
6212 2508 1
6212 4928 1
6212 1535 1
6212 6880 1
6212 676 1
6212 4982 1
6212 3599 1
6212 2709 1
5607 2277 1
5607 6326 1
5778 7518 1
5778 3314 1
5778 1748 1
5778 6369 1
5778 4243 1
5778 7398 1
5778 7934 1
2671 6425 1
2671 8482 1
2671 7434 1
2671 6309 1
2671 5425 1
2671 1504 1
6080 4708 1
6080 6844 1
7574 5837 1
7574 7857 1
7574 884 1
5706 7462 1
1919 7267 1
1919 5503 1
3924 49 1
3924 771 1
3924 1946 1
3924 7641 1
3924 7353 1
6369 8366 1
2336 5983 1
2336 6909 1
2336 6539 1
2336 460 1
2336 5339 1
2336 5645 1
2336 3437 1
2336 1664 1
5441 4130 1
1738 4752 1
1738 648 1
1738 1351 1
1738 1101 1
1738 8715 1
1738 650 1
1738 6838 1
1472 5701 1
1472 5395 1
1472 3395 1
1472 6616 1
1472 4237 1
1472 7935 1
6215 5693 1
6215 2212 1
6215 2841 1
6215 6789 1
6215 6046 1
6215 2150 1
6215 4808 1
6215 301 1
6215 3356 1
6215 989 1
6215 6071 1
6215 8172 1
6585 6826 1
6585 7719 1
6585 5411 1
6585 3058 1
6585 8177 1
6585 8317 1
3460 5776 1
3460 4871 1
8538 1781 1
8538 6289 1
8538 6735 1
8538 2482 1
8538 2959 1
8538 8315 1
8538 1311 1
8538 7136 1
3000 3607 1
3000 107 1
3000 3104 1
3000 6243 1
3000 6971 1
3000 1140 1
3000 8011 1
3000 6770 1
3000 7603 1
3000 4582 1
1692 5330 1
1692 5273 1
1692 2364 1
1692 2368 1
1692 7882 1
1692 2213 1
1692 5752 1
1692 7008 1
1692 3497 1
1692 7946 1
1692 3584 1
1692 3377 1
1692 5697 1
7305 2798 1
7305 1263 1
4854 2128 1
4854 7059 1
4854 6796 1
6247 5020 1
6247 4937 1
6247 3239 1
6247 7779 1
6247 8152 1
265 4691 1
265 3274 1
265 5044 1
265 5833 1
265 2595 1
265 1489 1
265 7036 1
6930 7183 1
6930 5829 1
6930 2170 1
6930 2554 1
600 4040 1
600 1238 1
600 2397 1
600 1226 1
600 7145 1
600 1420 1
7930 8149 1
1878 5553 1
1878 3561 1
7622 7794 1
7622 1397 1
7622 4208 1
7622 4711 1
2996 2907 1
2996 1310 1
8236 2776 1
8236 4891 1
5171 2180 1
5171 1208 1
6302 4271 1
6302 3644 1
6302 8018 1
6302 1874 1
6302 5227 1
6302 7634 1
6302 3024 1
4117 4116 1
4117 1200 1
2781 1229 1
2781 115 1
2781 6115 1
2781 6313 1
2781 3975 1
2781 1987 1
2781 1248 1
2781 5186 1
2781 3517 1
2781 5763 1
2781 4895 1
2781 1810 1
2781 2829 1
2781 1679 1
2781 4516 1
2781 2114 1
3932 1953 1
3932 1078 1
3932 4831 1
3932 6235 1
3932 6476 1
7642 3888 1
647 5767 1
647 6719 1
647 6893 1
349 932 1
349 712 1
349 8278 1
4173 4753 1
7399 8543 1
7399 834 1
7399 5823 1
7399 4083 1
6759 3775 1
6759 5664 1
7958 2655 1
7958 6786 1
1500 1702 1
1500 7103 1
6552 6959 1
6552 5527 1
2587 360 1
2587 3870 1
2587 5136 1
2587 7726 1
2587 3348 1
3361 8737 1
3361 7836 1
8752 684 1
8752 720 1
6454 7215 1
6454 6156 1
6454 8367 1
6454 2321 1
6454 6887 1
6454 5480 1
6454 5238 1
6454 1558 1
6454 4839 1
6454 8220 1
161 2858 1
161 6366 1
161 4917 1
8729 3484 1
8729 6478 1
8729 8661 1
8729 8356 1
8729 6167 1
8729 5570 1
8729 2224 1
8729 4738 1
8729 1336 1
8729 6787 1
8729 6354 1
3669 8721 1
60 3796 1
60 901 1
60 2574 1
60 8501 1
60 34 1
60 7052 1
60 6386 1
60 1830 1
60 8000 1
60 2445 1
60 6848 1
60 185 1
60 8194 1
60 3951 1
60 1647 1
60 3879 1
7678 5182 1
7678 5189 1
7678 428 1
7678 3739 1
7678 4623 1
7678 4885 1
7678 4881 1
3826 5648 1
3826 7492 1
3826 8639 1
3826 4577 1
3826 6400 1
6385 3805 1
6385 295 1
6385 1032 1
6385 918 1
7331 4870 1
7331 8812 1
7331 2216 1
7331 155 1
7331 3294 1
7331 2761 1
7331 956 1
7331 3565 1
613 1624 1
7150 2455 1
7150 6936 1
7150 4430 1
7150 7863 1
7150 7061 1
7150 7592 1
7150 6912 1
7150 2823 1
7150 3265 1
7150 2899 1
7150 246 1
7150 5149 1
8576 2034 1
8576 6622 1
8576 4728 1
568 4811 1
568 2614 1
3140 4991 1
3140 3721 1
3140 2494 1
3140 4473 1
3140 5281 1
3140 303 1
3140 5675 1
3140 58 1
3140 8521 1
3140 5346 1
3140 4736 1
3140 4317 1
3140 6224 1
3140 2232 1
3140 1030 1
3140 4465 1
3140 426 1
4151 1104 1
3327 3486 1
3327 6978 1
3327 6520 1
3327 2029 1
1335 5884 1
1335 6869 1
166 5239 1
166 3970 1
166 5033 1
166 5195 1
166 5376 1
166 2398 1
166 7664 1
166 810 1
166 7803 1
166 4560 1
1362 584 1
1225 8643 1
1225 4372 1
1225 1166 1
4170 753 1
6193 900 1
6193 2406 1
6193 7210 1
6193 3177 1
6193 4920 1
6193 312 1
6193 653 1
6486 7474 1
6486 2061 1
6486 2480 1
6486 5026 1
6486 1156 1
4247 7026 1
4247 158 1
5540 2912 1
5540 8435 1
5540 1539 1
4858 3267 1
4858 8634 1
4858 4076 1
4858 7539 1
4858 897 1
4525 8598 1
2683 2555 1
1463 3770 1
7955 5432 1
7955 2727 1
5516 3336 1
5516 6832 1
5516 6969 1
5516 1632 1
5516 5586 1
5516 5858 1
5516 1633 1
1135 3359 1
1135 3091 1
1135 3483 1
1135 7730 1
6268 7875 1
6268 4017 1
6268 18 1
6268 1819 1
6268 869 1
6268 6472 1
6268 7033 1
6268 1376 1
6268 3795 1
7749 6358 1
7749 5938 1
7566 1105 1
5452 733 1
6685 2377 1
6685 1640 1
6685 5138 1
6685 8341 1
6685 3197 1
6685 6981 1
6685 2154 1
6685 6798 1
6685 439 1
6685 1279 1
6685 4019 1
7671 6471 1
7671 2002 1
7671 3032 1
7671 984 1
2964 8722 1
6628 6813 1
6628 2271 1
6628 908 1
6628 1940 1
3034 6138 1
3034 5873 1
1033 554 1
1033 1999 1
8251 1516 1
8251 6388 1
8251 532 1
8251 3162 1
8251 2637 1
8251 2104 1
8251 123 1
8251 8213 1
8251 6525 1
8251 7346 1
8251 2009 1
6964 2543 1
6964 4263 1
6964 7772 1
6964 6050 1
6964 3732 1
6964 968 1
6964 4330 1
3842 1536 1
3842 3623 1
3842 4251 1
3842 4148 1
3842 1091 1
6797 3208 1
6797 3221 1
6797 5089 1
6797 8291 1
6797 4664 1
6797 3804 1
6797 7709 1
6683 120 1
6683 8523 1
6683 852 1
6683 1989 1
6683 1391 1
6683 3653 1
6179 7484 1
6179 559 1
6179 8089 1
6179 1466 1
6179 7658 1
6179 5711 1
6179 2941 1
6179 3919 1
6179 7829 1
6179 6989 1
6179 6875 1
3922 1082 1
3922 3120 1
3922 7650 1
3922 2441 1
531 3451 1
531 7885 1
531 7701 1
531 4984 1
531 6059 1
531 2256 1
531 6144 1
531 2597 1
531 5030 1
531 3988 1
531 38 1
531 4851 1
531 6801 1
531 481 1
531 6344 1
531 4680 1
531 616 1
531 3675 1
531 6669 1
8764 6238 1
8764 6600 1
8764 3914 1
5378 776 1
5378 5419 1
5378 5719 1
5378 2429 1
5378 3478 1
3969 2931 1
3969 1659 1
3969 5595 1
496 4322 1
496 787 1
496 5481 1
6954 1554 1
6954 5460 1
494 7289 1
7260 4853 1
5572 3956 1
3299 2886 1
1790 2332 1
1790 3194 1
8045 2442 1
8045 5206 1
8045 3456 1
8045 2290 1
8045 8645 1
8045 7478 1
8045 823 1
8045 2532 1
8045 3374 1
8045 7554 1
8045 5310 1
8045 5826 1
5976 8187 1
5976 7104 1
5976 4094 1
5976 6564 1
5976 2560 1
6073 5585 1
6073 5623 1
1994 8680 1
1994 2028 1
1994 1359 1
1994 4030 1
1994 4814 1
1994 1824 1
416 5053 1
416 8436 1
416 3876 1
416 1041 1
416 2161 1
416 5025 1
416 844 1
416 6649 1
416 8180 1
416 5255 1
416 6170 1
416 103 1
416 4272 1
416 6404 1
416 6604 1
416 6086 1
416 6572 1
416 7066 1
6691 1071 1
6691 6269 1
6691 2814 1
6691 3041 1
6691 8021 1
8046 4114 1
6461 6531 1
6461 6703 1
309 8514 1
699 1198 1
699 2770 1
699 7799 1
699 5338 1
7044 2330 1
7044 2991 1
6477 3624 1
6477 902 1
6477 4502 1
6477 7526 1
6477 1460 1
6477 3834 1
6477 6683 1
6477 2732 1
6477 5668 1
6477 6747 1
6477 4454 1
429 2686 1
429 5261 1
429 7541 1
429 8091 1
429 6648 1
429 775 1
3933 5210 1
3933 2714 1
3933 3550 1
3933 1177 1
3933 4846 1
3933 5692 1
3933 3941 1
8735 1773 1
8735 2878 1
8735 5819 1
8735 100 1
8735 369 1
8735 3562 1
8735 4245 1
1519 8203 1
1519 2486 1
1519 5764 1
1519 1330 1
1519 7859 1
1519 3071 1
1519 2617 1
1519 7740 1
1519 3664 1
1519 3249 1
223 5167 1
223 896 1
3915 1602 1
3915 8484 1
3915 6089 1
3915 2298 1
3915 5397 1
3915 5567 1
3915 8011 1
3915 186 1
3915 7039 1
3915 6922 1
3915 5424 1
3915 272 1
3915 4582 1
2628 3133 1
2628 5504 1
2628 458 1
2628 1272 1
2628 4213 1
2628 8295 1
2628 3251 1
2628 2924 1
2628 3051 1
2628 1190 1
2628 7890 1
2628 2240 1
2628 5706 1
2628 8239 1
2628 6096 1
2628 7376 1
2628 7720 1
2628 7653 1
2628 2496 1
2628 4004 1
2628 5713 1
7843 4210 1
4426 4545 1
4426 4533 1
4426 6563 1
4426 6873 1
4426 2984 1
4426 1090 1
4426 7743 1
4426 2869 1
4426 7680 1
4426 5787 1
4426 3758 1
4426 7317 1
4426 5360 1
4884 5333 1
4884 2654 1
4884 992 1
5544 2094 1
5544 5209 1
5544 2807 1
3072 3868 1
3072 7327 1
3072 5944 1
4044 5416 1
4044 4227 1
4029 4434 1
4029 7334 1
4029 673 1
4029 6519 1
4029 7144 1
4029 1745 1
4029 7982 1
5529 7200 1
5529 4011 1
5529 5213 1
5529 5555 1
8132 8553 1
8132 3211 1
4651 5797 1
4651 5201 1
4651 1993 1
4651 377 1
4651 3373 1
1828 8350 1
1828 5619 1
238 3184 1
238 1437 1
238 102 1
238 5714 1
238 6535 1
238 4218 1
238 2735 1
238 7471 1
238 3271 1
238 5968 1
238 5408 1
238 4612 1
238 7431 1
238 419 1
238 6560 1
238 2211 1
238 176 1
238 3744 1
238 6548 1
7206 1962 1
7206 15 1
7206 7486 1
7206 1676 1
7206 3164 1
2897 7645 1
2897 690 1
2897 6405 1
2897 6740 1
2897 7693 1
2897 3625 1
8258 1178 1
8258 7914 1
8258 8798 1
8258 5245 1
8258 2515 1
7913 507 1
7913 7450 1
6707 5546 1
6707 4613 1
6707 2876 1
6707 2047 1
6707 6457 1
6707 7424 1
6707 4205 1
6707 8694 1
3776 3370 1
3776 4121 1
3776 6573 1
8004 3232 1
8004 1024 1
8004 3753 1
8004 8793 1
8004 8342 1
8004 3421 1
8004 2352 1
8004 2750 1
8004 5613 1
8004 8764 1
8004 7517 1
8004 2712 1
8004 8414 1
4174 2027 1
8607 865 1
8607 4489 1
8607 8570 1
8607 5876 1
561 740 1
561 6734 1
561 457 1
561 244 1
561 5917 1
4349 5802 1
4349 4256 1
1884 2485 1
1884 2816 1
1884 2279 1
1884 2039 1
3038 6512 1
3038 4034 1
3038 7827 1
3038 6187 1
3038 1626 1
3038 4543 1
3038 952 1
3038 2889 1
3038 1400 1
3038 7699 1
3038 5414 1
3038 2619 1
3038 6549 1
3038 7654 1
3038 8226 1
3038 5070 1
3038 8327 1
3038 4687 1
7871 1350 1
7746 2874 1
7746 3840 1
3841 3338 1
3841 6760 1
3841 1749 1
3841 4149 1
3841 6785 1
3841 4193 1
3841 5229 1
3841 610 1
6571 7041 1
6571 1253 1
6571 2725 1
767 3895 1
5381 6812 1
5381 874 1
5936 7158 1
5936 7637 1
3587 792 1
3587 8031 1
6459 4929 1
6459 4534 1
6459 6181 1
6459 3326 1
1187 731 1
1187 3310 1
1187 8468 1
1187 6497 1
1187 983 1
4336 7324 1
4336 7214 1
4336 3106 1
5466 8142 1
5466 7504 1
4620 7309 1
4977 8464 1
6934 536 1
6934 8506 1
7040 5620 1
7639 3015 1
7639 299 1
7639 6729 1
7639 5000 1
7639 3903 1
7639 4967 1
7639 3854 1
7639 3995 1
7639 550 1
3245 6312 1
3245 8744 1
3245 159 1
3245 3698 1
3245 906 1
3245 6065 1
3245 8489 1
3245 687 1
3245 722 1
3245 931 1
3245 1281 1
1441 4340 1
1441 2227 1
1441 7902 1
1441 8691 1
1441 4165 1
1441 228 1
1441 8787 1
1441 3800 1
1441 778 1
1441 2932 1
1441 7757 1
1441 8729 1
1441 2895 1
1441 7111 1
1441 6376 1
1441 6348 1
1441 6776 1
7787 1786 1
7787 8355 1
7787 595 1
7787 226 1
7787 5047 1
7787 4444 1
7787 8197 1
7787 6439 1
7787 433 1
7787 7736 1
7787 8534 1
7787 4765 1
4307 3925 1
4307 964 1
4307 6257 1
4307 4398 1
2009 3297 1
2009 8312 1
2009 4837 1
2009 5034 1
2009 4385 1
2009 7350 1
880 2413 1
880 6198 1
880 1811 1
880 4124 1
7438 8188 1
7438 6265 1
7438 8541 1
7438 4963 1
7438 3641 1
7438 5287 1
7438 7092 1
7438 5573 1
7438 202 1
7438 8529 1
7438 3369 1
50 1673 1
50 243 1
2238 5649 1
2238 5972 1
2238 4788 1
2238 3341 1
2238 5990 1
2238 3014 1
4979 178 1
4979 3277 1
4979 2144 1
4979 4707 1
4979 8331 1
4979 4864 1
4979 2832 1
4979 5673 1
4979 1135 1
4979 396 1
4979 7029 1
4979 466 1
4979 216 1
4979 1119 1
4979 1369 1
4979 320 1
565 2822 1
7658 7950 1
7658 5700 1
7658 5629 1
7658 7599 1
2694 1666 1
407 4010 1
407 5671 1
407 1092 1
407 3143 1
7216 7862 1
628 4778 1
628 4665 1
628 8260 1
628 5578 1
628 2556 1
4694 6315 1
4694 3380 1
4694 6949 1
4694 1484 1
4694 4312 1
4694 1775 1
4694 180 1
4694 976 1
3108 191 1
7463 949 1
3166 5618 1
3166 7497 1
3166 2037 1
3166 863 1
3166 3258 1
7376 7992 1
7376 1904 1
7376 6236 1
7376 8672 1
7376 8823 1
7376 3353 1
7376 7266 1
7376 179 1
2731 7598 1
6882 5258 1
6882 8572 1
2793 2086 1
2793 4023 1
2793 1778 1
2793 3129 1
2793 1510 1
4091 2788 1
4091 8238 1
4091 1570 1
8518 8181 1
8518 214 1
8518 2607 1
8518 7095 1
8518 8344 1
8518 37 1
8518 4296 1
8518 6298 1
8518 1784 1
7985 2427 1
7985 4924 1
4394 7321 1
3452 4878 1
3452 4936 1
3452 4480 1
3452 5611 1
5341 5689 1
4636 4493 1
4636 3157 1
4823 6631 1
743 6433 1
743 5298 1
3830 1618 1
6323 2317 1
6323 2902 1
6323 251 1
1173 4123 1
3407 1911 1
3407 6429 1
5971 4487 1
3009 5774 1
3009 8733 1
3009 6049 1
3009 6270 1
3009 6642 1
3009 6462 1
3009 4483 1
3009 7591 1
6990 2968 1
1798 6857 1
1798 3137 1
1798 8676 1
1798 3005 1
1798 6165 1
3766 2755 1
4987 5348 1
8281 4175 1
8281 268 1
8281 8749 1
8281 3537 1
8281 3549 1
8281 3116 1
1810 1604 1
1810 1863 1
1810 3597 1
3170 257 1
3170 516 1
3170 6640 1
3170 2785 1
3170 8063 1
3170 2780 1
3170 4370 1
3170 1086 1
3170 2492 1
1866 2716 1
1634 987 1
1634 1825 1
1634 8792 1
1634 6338 1
1634 5118 1
1634 3126 1
1634 1949 1
5204 3371 1
1450 5031 1
1450 3223 1
2016 482 1
2016 3396 1
2016 6395 1
2016 3352 1
2016 6647 1
727 6858 1
6204 1201 1
6204 8546 1
6204 7988 1
6204 3088 1
6204 3803 1
6204 1711 1
6204 126 1
6204 6195 1
6204 6273 1
6204 6849 1
6204 6864 1
6204 7536 1
551 8723 1
551 3627 1
551 1332 1
551 8066 1
551 5521 1
551 6976 1
551 8784 1
551 6677 1
551 8524 1
551 3916 1
551 7642 1
551 7955 1
551 223 1
551 2908 1
551 4118 1
551 5557 1
551 1553 1
551 131 1
551 6591 1
551 2411 1
551 8210 1
551 5952 1
551 8678 1
551 4876 1
551 245 1
551 3798 1
1829 437 1
464 4580 1
464 7615 1
464 1235 1
464 790 1
464 4442 1
464 7314 1
464 8173 1
464 448 1
464 8675 1
464 4605 1
464 6633 1
2594 1572 1
2594 6859 1
2594 6671 1
2594 7406 1
2594 5175 1
2594 858 1
2594 412 1
2594 5036 1
2594 2420 1
2594 8163 1
2594 3243 1
2594 3188 1
2594 5953 1
2594 1654 1
2594 8252 1
2594 1179 1
2594 7741 1
2594 443 1
2594 4498 1
2594 5392 1
2594 2456 1
2594 5453 1
2594 7922 1
2329 2484 1
2329 6442 1
2329 1822 1
2329 1042 1
2329 1607 1
2329 3642 1
304 6783 1
304 8644 1
304 5571 1
6848 6500 1
5652 5534 1
5652 490 1
796 7384 1
1913 7667 1
1913 4990 1
1913 2050 1
1913 8658 1
1913 8460 1
1913 2046 1
1913 2239 1
1913 7705 1
1913 382 1
3474 5839 1
3474 5646 1
3474 5166 1
3474 6451 1
8421 2537 1
8421 798 1
8421 5661 1
8421 714 1
8421 6100 1
8421 2843 1
8421 7275 1
8421 2404 1
8421 7414 1
8421 1277 1
8421 453 1
6119 8398 1
6119 4647 1
6119 6508 1
6119 5247 1
6119 6043 1
6119 2254 1
6119 2987 1
6119 7445 1
6119 7590 1
6119 1002 1
6119 6067 1
6119 6811 1
6119 315 1
6119 533 1
6119 7006 1
6119 4143 1
6119 4660 1
6119 6953 1
6119 8139 1
6119 601 1
6119 7953 1
6119 1446 1
75 132 1
8610 4527 1
8610 1792 1
8610 2032 1
8610 5069 1
8610 5716 1
8610 7952 1
8610 1776 1
8610 888 1
2448 6800 1
2448 5380 1
2960 7357 1
7233 4911 1
7233 7053 1
4857 8109 1
5606 1948 1
7403 2582 1
7403 5816 1
7403 3073 1
7403 3458 1
7403 8332 1
7403 5177 1
7403 1769 1
7403 2113 1
7403 2115 1
7403 3529 1
3657 4841 1
3657 1930 1
7705 8068 1
7705 1501 1
1232 8137 1
1232 2638 1
1232 5760 1
1232 5382 1
5526 6177 1
5526 7408 1
5526 6916 1
5526 5081 1
5220 6910 1
5220 6925 1
5220 6837 1
5220 586 1
5220 5067 1
1455 1191 1
1455 1274 1
1455 6668 1
1455 604 1
1455 169 1
7912 260 1
7912 2105 1
7912 629 1
1778 3021 1
1778 2999 1
1778 7771 1
1778 1736 1
1778 723 1
8754 4761 1
8754 2066 1
8754 3691 1
8754 5417 1
8754 6200 1
7306 1264 1
7306 4298 1
7306 7259 1
7306 2646 1
7306 3001 1
7306 7048 1
8026 5185 1
6049 8064 1
6049 7439 1
6049 661 1
6049 4547 1
1963 5635 1
3285 1592 1
3285 1347 1
3285 862 1
8500 3218 1
8500 2294 1
592 4634 1
592 7584 1
592 1965 1
592 5665 1
592 4500 1
592 5960 1
592 1412 1
592 5758 1
592 829 1
592 8494 1
592 5428 1
8368 8345 1
8368 4156 1
8368 1389 1
8368 135 1
8368 2572 1
2264 7067 1
2264 4417 1
1419 2341 1
1419 2309 1
1419 7973 1
1419 7832 1
1956 3499 1
1956 2062 1
1956 583 1
3588 4064 1
3588 1846 1
3588 1252 1
3588 6340 1
3588 4022 1
3588 3010 1
1649 3546 1
1649 8290 1
1649 5582 1
1649 519 1
1649 5920 1
1649 3586 1
1649 7565 1
1179 6109 1
756 6725 1
756 7552 1
756 6256 1
756 4067 1
3432 1715 1
3432 3260 1
3432 4868 1
3432 1280 1
3432 4770 1
3432 8277 1
5485 3016 1
5485 1169 1
5485 5811 1
5485 7429 1
5485 8316 1
5485 5464 1
5485 1296 1
5485 128 1
5485 3119 1
5485 8735 1
5485 345 1
5485 3477 1
5485 4328 1
5485 3317 1
1935 4003 1
5469 7860 1
5469 7499 1
1479 5748 1
1479 7125 1
8216 729 1
8216 3551 1
8216 367 1
8216 5015 1
8216 8774 1
8216 4777 1
6326 3304 1
6326 108 1
6326 2927 1
6326 2156 1
7011 7373 1
7011 2141 1
7011 5113 1
7011 4018 1
7011 934 1
7011 6220 1
7011 4261 1
7011 6867 1
7011 8443 1
5041 7031 1
5041 7910 1
5041 7812 1
5041 4031 1
5041 7975 1
4950 2681 1
7703 8640 1
3502 8169 1
3502 6589 1
3502 6423 1
5115 1114 1
6040 1670 1
6040 4774 1
4376 8352 1
4376 371 1
4376 1564 1
4376 1683 1
7435 7387 1
7435 1853 1
7435 3688 1
8403 8200 1
8403 4334 1
8346 2400 1
8346 235 1
8346 5765 1
8346 2308 1
8489 2892 1
8489 4081 1
8489 7090 1
4055 4909 1
6484 1060 1
6484 6188 1
6484 7755 1
6484 7383 1
6484 4756 1
5084 6636 1
5084 5197 1
5084 4066 1
5084 2185 1
5084 3643 1
5084 1493 1
5084 5780 1
994 970 1
994 1687 1
994 3328 1
994 2851 1
6865 3621 1
6865 5111 1
6865 4760 1
6865 3650 1
6865 8275 1
7265 3815 1
7265 6458 1
7265 8014 1
7265 2824 1
7265 218 1
7265 3506 1
7265 5626 1
7265 4446 1
7265 6794 1
7265 162 1
7265 8700 1
7265 2612 1
8178 3453 1
8178 5509 1
702 6714 1
702 573 1
702 8666 1
702 1382 1
702 3286 1
702 1521 1
702 3977 1
702 8161 1
702 4248 1
702 2969 1
702 7604 1
702 172 1
385 3802 1
385 3117 1
385 5460 1
5611 381 1
5611 3275 1
5611 2756 1
5611 5032 1
5611 2497 1
5611 617 1
8552 5347 1
8552 5389 1
6150 1320 1
6150 3990 1
6150 2644 1
2155 2153 1
2155 1293 1
4867 1735 1
4867 8010 1
4867 2367 1
4867 163 1
4867 2320 1
4867 2076 1
4867 5712 1
4867 3759 1
4867 8077 1
8732 4801 1
255 3745 1
5353 2789 1
5353 1268 1
5748 164 1
5748 5490 1
5748 4290 1
5748 6807 1
5748 2867 1
5748 6829 1
5748 2891 1
5748 6865 1
5748 5234 1
5748 2270 1
5748 8165 1
5748 6661 1
6140 2284 1
6140 4515 1
3165 5158 1
3165 1872 1
3165 3631 1
3165 5102 1
3165 910 1
1230 2539 1
2838 5721 1
2838 3625 1
4390 8683 1
4390 1763 1
3246 1608 1
3246 3618 1
3246 5882 1
8306 2365 1
8306 1502 1
8306 413 1
8306 3389 1
8306 1937 1
8306 193 1
8306 1116 1
8306 6908 1
8306 7018 1
8306 5275 1
8306 1044 1
8306 2744 1
8306 7655 1
8306 8059 1
8306 7081 1
8306 7991 1
8306 7795 1
8306 6441 1
549 1064 1
549 1136 1
549 4510 1
549 1879 1
549 47 1
549 6585 1
549 472 1
549 5337 1
549 190 1
549 6611 1
549 230 1
2021 3092 1
2021 3557 1
2021 3563 1
5769 8532 1
4753 7792 1
4753 3528 1
2136 1547 1
2726 6744 1
2726 1306 1
2726 4950 1
2726 1058 1
2726 4469 1
2726 5681 1
3124 4421 1
3124 5491 1
3124 6926 1
3124 6675 1
4358 3839 1
5030 2753 1
3198 6956 1
5385 8410 1
5385 2662 1
5385 8013 1
5385 4035 1
5385 867 1
5385 7837 1
5385 2960 1
5385 8621 1
5385 2311 1
5385 8039 1
5385 578 1
5385 5386 1
7171 5533 1
7171 2774 1
7171 2181 1
7171 2379 1
7171 2048 1
7171 7451 1
7171 4640 1
7171 2324 1
7171 2428 1
7171 1627 1
3942 6217 1
8499 1468 1
8499 8768 1
8499 730 1
2639 7251 1
2639 7676 1
7994 250 1
7994 975 1
7994 3664 1
8261 1870 1
8261 7707 1
1004 1737 1
1004 3095 1
1004 2766 1
642 2436 1
642 468 1
642 5851 1
642 8825 1
642 5171 1
805 7344 1
805 7983 1
805 2971 1
805 951 1
805 4331 1
805 7710 1
805 8418 1
2346 3743 1
2346 6075 1
7325 6579 1
7325 4944 1
7325 6856 1
7325 1957 1
7325 7330 1
7325 1751 1
7325 60 1
7325 8178 1
1620 520 1
1620 6688 1
1620 2316 1
1620 6553 1
1620 3165 1
1620 7063 1
1620 4566 1
1620 8351 1
1620 3004 1
3080 6443 1
3080 2903 1
3080 2261 1
3080 1942 1
3080 170 1
5205 197 1
5205 904 1
5205 6450 1
5205 1610 1
5205 3905 1
5052 53 1
5052 8788 1
1354 1428 1
1354 1926 1
1354 3482 1
1354 622 1
1354 3540 1
1354 6994 1
1354 564 1
1354 7643 1
1354 5290 1
1354 1401 1
1354 2063 1
1354 6300 1
1354 1405 1
1354 1287 1
1354 4337 1
1354 3485 1
3056 8055 1
3056 3574 1
3056 3349 1
3056 8480 1
3056 4695 1
3056 7594 1
3056 113 1
3056 5654 1
3056 1665 1
3056 3602 1
3056 7002 1
3056 7489 1
3056 663 1
3622 4103 1
3622 6790 1
3622 8263 1
3622 406 1
3622 7322 1
3622 8204 1
4243 5046 1
5126 8276 1
5126 124 1
5126 7083 1
5126 715 1
5126 907 1
5126 7574 1
5126 735 1
5126 3242 1
5126 2136 1
5126 7567 1
5126 946 1
5126 129 1
2232 8264 1
2232 5350 1
2519 5602 1
2519 4709 1
2519 1723 1
2519 748 1
2519 4425 1
2519 2934 1
574 1492 1
574 171 1
8214 1361 1
8214 1134 1
8214 8107 1
8214 6225 1
8214 4100 1
8214 3248 1
8214 2122 1
8214 6998 1
8214 6274 1
8214 4 1
8214 1321 1
8214 1985 1
8214 5326 1
1920 3457 1
1920 3569 1
1920 6058 1
1920 1425 1
1920 2805 1
1920 175 1
1920 1841 1
1920 5108 1
222 2322 1
5065 5294 1
5065 655 1
3428 8166 1
3428 6897 1
5998 3667 1
5998 7978 1
5998 2778 1
5998 2306 1
5998 4355 1
4540 1297 1
8806 1589 1
354 1800 1
354 7783 1
6979 8070 1
1266 2390 1
1266 1067 1
1266 5518 1
1266 4649 1
1266 6124 1
3837 4147 1
3837 4367 1
3837 1833 1
4494 4176 1
4494 7382 1
4574 4191 1
4574 5314 1
4574 3003 1
4574 4212 1
4574 7769 1
4574 630 1
4574 2350 1
4574 2081 1
4574 4194 1
4574 7708 1
5527 2940 1
5527 6125 1
8011 2472 1
8011 2152 1
8011 8437 1
8011 2609 1
8011 937 1
8011 4046 1
6779 756 1
6779 1070 1
6779 5561 1
6779 6036 1
2752 5456 1
2752 298 1
2752 6343 1
2752 6982 1
2752 368 1
2752 1256 1
2752 2833 1
2752 3968 1
2752 5402 1
2752 4673 1
2752 3308 1
2752 3089 1
2752 3760 1
2752 1088 1
2752 6759 1
2752 6955 1
2752 6073 1
2752 5134 1
2752 6003 1
2752 6119 1
2752 1651 1
2752 6350 1
2752 5060 1
2752 4309 1
2752 8690 1
2752 8287 1
2752 112 1
2752 8422 1
6249 6914 1
6249 7898 1
6249 7780 1
4481 2162 1
4481 5861 1
4481 1722 1
131 2184 1
131 139 1
131 2586 1
6795 237 1
4304 638 1
7230 5144 1
7230 2234 1
7230 1984 1
7230 7626 1
6102 5383 1
6102 7725 1
6102 3559 1
6102 5539 1
5200 7900 1
7990 2772 1
7990 5887 1
7990 95 1
8767 7777 1
8767 1701 1
8767 8074 1
8767 495 1
8767 4472 1
8767 262 1
8767 4576 1
328 8759 1
328 7131 1
328 2403 1
328 7961 1
328 1805 1
328 3159 1
8738 8429 1
6491 644 1
6491 1244 1
6491 2106 1
183 2808 1
183 6629 1
3147 6062 1
3147 4627 1
3147 3240 1
7063 1233 1
7063 4490 1
1549 19 1
1549 4696 1
1549 7405 1
1549 3512 1
1549 3066 1
345 1753 1
345 5795 1
345 8519 1
345 705 1
345 5422 1
345 8797 1
345 8808 1
688 831 1
8816 6727 1
8816 4619 1
8816 5276 1
8816 6379 1
8816 8394 1
8816 6460 1
8816 4775 1
8816 1087 1
8816 1802 1
8816 3904 1
8816 4636 1
8816 667 1
8816 3339 1
8816 5084 1
8816 2049 1
8816 6202 1
8816 3053 1
777 7685 1
777 543 1
777 2412 1
6912 2853 1
4391 8805 1
487 4364 1
487 8587 1
487 8130 1
487 1271 1
7501 1329 1
7501 7558 1
7501 4318 1
7501 7839 1
7501 470 1
7501 5250 1
7501 5176 1
7501 9 1
7752 2067 1
7752 5143 1
3281 8665 1
3281 3257 1
3281 8728 1
3281 4279 1
6643 2982 1
6643 728 1
6643 484 1
6643 8477 1
6643 4825 1
6643 4787 1
6643 7784 1
6643 5240 1
6643 909 1
6643 7920 1
6643 8131 1
6643 3290 1
8305 7925 1
8305 5218 1
8305 8348 1
8305 4108 1
8305 3059 1
8305 4178 1
3129 8370 1
3129 893 1
4600 5429 1
4600 1609 1
1955 4799 1
1955 7728 1
1955 1255 1
1955 8237 1
5177 4188 1
5177 5465 1
5177 8530 1
2718 1290 1
5750 5354 1
5750 8466 1
2049 1457 1
2049 2175 1
2049 5057 1
2049 3683 1
2049 3713 1
2049 7903 1
2049 3334 1
2049 2505 1
2049 3096 1
2049 5551 1
2049 7917 1
2049 8184 1
2049 2353 1
2049 7472 1
2049 1512 1
2049 7909 1
2049 8664 1
2049 4257 1
2049 5181 1
2049 783 1
2049 2656 1
2049 1254 1
2049 7883 1
2049 3050 1
2049 2135 1
2049 1442 1
2049 2422 1
2049 1076 1
2049 7797 1
2049 6469 1
2049 511 1
2049 2022 1
2049 7174 1
5627 2435 1
4586 380 1
4586 5233 1
7317 4001 1
2954 5956 1
2954 7124 1
3470 6218 1
3470 1546 1
3470 4013 1
3470 6223 1
3470 5800 1
3470 3042 1
3470 3963 1
3470 3292 1
3470 672 1
3470 6872 1
3470 5875 1
3470 150 1
3470 1225 1
3470 6304 1
3470 5452 1
3470 689 1
3470 2509 1
3470 5115 1
3470 2810 1
3470 7361 1
3470 4716 1
1511 5130 1
1511 6465 1
1511 4947 1
7367 3522 1
7367 7454 1
7367 6455 1
7367 4646 1
7367 2800 1
4856 76 1
4856 3447 1
5632 6415 1
5632 2884 1
7729 2695 1
7729 5319 1
7729 192 1
7729 614 1
7729 3261 1
7729 7181 1
7729 2335 1
7236 7884 1
7220 7732 1
7220 8510 1
7220 2559 1
7220 741 1
7220 4862 1
5097 27 1
5097 3875 1
5097 206 1
5097 4810 1
5939 7348 1
5939 7088 1
5939 6962 1
5939 8412 1
5939 3475 1
5939 2535 1
5939 3773 1
5939 4384 1
5939 1900 1
5939 1894 1
5939 993 1
5939 8282 1
5939 8190 1
5939 1899 1
5939 1719 1
5738 1034 1
5738 5913 1
5738 2315 1
2656 3152 1
2656 7272 1
1376 101 1
1376 523 1
1376 8133 1
1376 6995 1
3408 7404 1
3408 2738 1
3408 3358 1
5807 751 1
5807 3674 1
5807 1072 1
5807 6229 1
5807 3787 1
5807 8240 1
5807 7057 1
1585 2674 1
1585 5986 1
1585 4101 1
1585 7328 1
1585 8120 1
1585 704 1
5282 4630 1
5282 1027 1
5282 1680 1
5282 374 1
5282 5178 1
5282 7367 1
5282 344 1
8616 5226 1
8616 6997 1
8616 7419 1
8616 602 1
8616 3628 1
5495 4905 1
7432 1986 1
1639 125 1
1639 1807 1
8381 2544 1
8381 2540 1
8381 1461 1
8381 1885 1
8381 7037 1
8381 8048 1
8381 6860 1
8381 524 1
8381 681 1
8381 1591 1
8381 4840 1
8108 7301 1
8108 2291 1
8108 8174 1
8108 6306 1
8108 3228 1
8108 5355 1
8108 5672 1
336 1380 1
336 3782 1
336 1283 1
336 3704 1
336 6694 1
336 2310 1
336 6208 1
336 1963 1
336 966 1
336 4559 1
336 7009 1
336 4158 1
42 3282 1
42 2478 1
42 2626 1
42 8790 1
42 8783 1
42 2514 1
42 5536 1
42 2909 1
42 271 1
42 8205 1
42 513 1
5991 2282 1
5991 4675 1
5991 3860 1
5991 6099 1
7151 6874 1
7712 3219 1
7712 2754 1
7712 2769 1
4701 4824 1
7954 6260 1
6445 7377 1
1907 2616 1
1907 3390 1
1907 3284 1
409 4006 1
5964 5658 1
5603 3103 1
5603 2819 1
5603 4032 1
5603 5278 1
5603 6088 1
5603 1507 1
5603 4692 1
5603 2672 1
5603 4234 1
5603 8795 1
5603 3972 1
5603 8667 1
258 6532 1
258 4182 1
258 3469 1
258 4552 1
258 7294 1
258 4855 1
258 6663 1
258 5022 1
7495 4299 1
7495 8584 1
7495 5164 1
8057 514 1
8057 4852 1
8057 930 1
8057 7046 1
8057 6172 1
8057 7734 1
8057 7152 1
4962 5900 1
4962 1433 1
4962 3288 1
4962 1928 1
4962 7148 1
4962 5847 1
4727 1843 1
4727 5454 1
4727 7573 1
4644 7885 1
4644 1941 1
4644 4451 1
4644 5071 1
4644 7616 1
4644 1739 1
4644 7100 1
4644 4511 1
4644 8754 1
7721 4616 1
7721 4570 1
7721 2051 1
7721 7188 1
7721 8078 1
7721 4992 1
4873 590 1
1284 4621 1
1284 5768 1
1284 1594 1
1284 7746 1
1284 2199 1
1284 1339 1
1284 4079 1
3881 7503 1
3881 5393 1
5339 4717 1
5339 4747 1
7856 4684 1
7856 2268 1
7856 6063 1
7856 1486 1
7856 7851 1
7016 1881 1
7016 3636 1
7016 43 1
7016 5220 1
7016 3130 1
5470 2951 1
2928 3008 1
2598 5246 1
2598 353 1
2598 7415 1
2598 8329 1
2005 2763 1
2005 3709 1
2005 198 1
2005 5889 1
2005 5514 1
2005 4041 1
2005 3881 1
2005 3843 1
2005 4447 1
8161 6132 1
8161 2452 1
8161 2036 1
4710 3430 1
4710 8387 1
6299 8630 1
6299 8736 1
6299 323 1
6299 4942 1
6299 3136 1
6299 2304 1
6299 7570 1
6299 707 1
6299 2945 1
6299 2868 1
6299 977 1
6299 1004 1
6299 1469 1
6299 6409 1
5705 1842 1
5705 2493 1
5705 2786 1
5705 446 1
5705 1636 1
5705 6773 1
5705 6593 1
5705 2592 1
5705 1727 1
5705 6427 1
5705 8757 1
8199 2949 1
8199 1768 1
8199 6672 1
8199 6850 1
8199 6889 1
8721 6758 1
8721 7931 1
8721 3706 1
8721 6805 1
8721 7960 1
8721 6153 1
8721 1210 1
8721 4710 1
1947 788 1
1947 3918 1
6952 329 1
6952 4935 1
6604 338 1
7519 1845 1
7519 6665 1
7519 6324 1
7519 3183 1
7519 5606 1
7519 5230 1
7519 5497 1
2287 3476 1
2287 8612 1
2287 6639 1
2287 5754 1
2287 1333 1
3118 8185 1
3118 7444 1
3571 7426 1
3571 1110 1
3031 6951 1
3031 5095 1
3031 7320 1
3031 4666 1
1240 6019 1
1925 1012 1
4755 589 1
4755 7516 1
4755 7177 1
4755 5192 1
4755 1282 1
4755 1725 1
4755 7798 1
4755 8378 1
4755 8472 1
8353 2025 1
8353 8705 1
7281 3991 1
7281 7132 1
7281 3542 1
2619 3945 1
2619 1982 1
2619 22 1
2619 6913 1
2270 8303 1
2270 1421 1
6182 2865 1
6182 6365 1
6182 3405 1
6182 801 1
6182 1619 1
6182 4941 1
6182 6877 1
6182 4989 1
6182 1057 1
6182 6391 1
6182 7853 1
6182 2966 1
6182 2694 1
6182 2603 1
6182 3411 1
6182 1580 1
6182 2079 1
6182 5525 1
6182 3929 1
6182 960 1
6182 7804 1
7981 1409 1
5264 8072 1
5264 8731 1
5264 5923 1
5264 979 1
5264 2095 1
5264 8129 1
5264 351 1
5264 2967 1
3217 4048 1
3217 8079 1
3217 7607 1
4712 3939 1
4712 2221 1
4288 4168 1
8628 3604 1
8628 2992 1
8628 1875 1
3596 5081 1
5369 7845 1
5369 2857 1
5369 2281 1
5369 8392 1
5369 203 1
5369 2581 1
5369 44 1
5369 4459 1
5369 2275 1
5369 6915 1
5369 6584 1
5369 4198 1
59 7576 1
59 5707 1
59 3355 1
59 6840 1
59 6185 1
59 2183 1
59 8126 1
4882 2272 1
3173 7410 1
3173 6782 1
3173 7381 1
3173 4951 1
5903 1068 1
3372 305 1
3372 5817 1
3372 1648 1
8003 1385 1
8580 7368 1
141 2149 1
141 293 1
141 2295 1
141 7112 1
136 5172 1
136 4282 1
3799 7416 1
3799 763 1
3799 2925 1
3799 3774 1
3799 2425 1
3799 742 1
4019 4730 1
4019 7180 1
6175 7761 1
6175 7074 1
6175 45 1
6175 3867 1
2864 7694 1
736 995 1
7984 4112 1
7984 6169 1
7984 5433 1
1478 5638 1
1478 6136 1
1478 8467 1
1478 5615 1
1478 7258 1
1478 4954 1
8196 8092 1
8196 3329 1
8196 4826 1
8196 925 1
8196 7760 1
6348 4565 1
6348 7810 1
6348 4211 1
6348 1550 1
954 3393 1
954 2942 1
954 3679 1
954 4224 1
954 881 1
954 282 1
1693 5625 1
1693 4697 1
1693 7437 1
1693 3351 1
1693 4945 1
7834 3244 1
4287 2947 1
4287 2600 1
4287 8330 1
4287 6306 1
4287 3728 1
3703 6651 1
3703 562 1
3703 8485 1
3703 4065 1
3703 5591 1
3703 4672 1
3703 5621 1
3703 8648 1
3703 6421 1
4488 6945 1
247 4823 1
25 6074 1
7741 6775 1
7741 359 1
7741 3822 1
7741 1785 1
7741 4214 1
7741 7865 1
3354 5152 1
6111 8202 1
6111 3189 1
993 8719 1
993 1927 1
993 3131 1
7189 4289 1
7189 1882 1
7189 6327 1
7189 3175 1
7189 4807 1
7189 5400 1
7189 699 1
7189 3049 1
7189 5361 1
7189 1656 1
7189 555 1
1369 2640 1
1369 6161 1
4739 6992 1
4739 5289 1
4739 7781 1
4739 3871 1
2100 1431 1
2100 2854 1
2100 2345 1
2100 685 1
2100 8096 1
2100 2848 1
2100 5867 1
2100 4617 1
2100 2661 1
2100 3293 1
4894 1300 1
4894 3151 1
4894 2836 1
4894 1924 1
4894 2900 1
818 1211 1
857 1712 1
857 7460 1
857 2065 1
5650 4995 1
5650 2962 1
5650 5857 1
5650 6083 1
5650 8535 1
5650 5601 1
5650 6398 1
5650 6861 1
5650 7638 1
5650 8613 1
5650 4962 1
5650 5002 1
5650 6940 1
5650 4598 1
3676 6948 1
3676 1374 1
3676 7305 1
3676 5377 1
3676 440 1
263 3128 1
263 8373 1
263 7099 1
263 3480 1
263 628 1
263 220 1
263 7580 1
263 2288 1
263 2405 1
263 6424 1
5180 6021 1
5180 2369 1
8655 6804 1
5799 4538 1
5799 7195 1
5799 3501 1
5799 917 1
37 7315 1
8100 8711 1
4369 7159 1
4369 2058 1
2844 4310 1
2844 8415 1
2844 7899 1
2844 3463 1
2844 7945 1
2844 5675 1
2844 6911 1
2844 2014 1
2844 2020 1
2844 2291 1
2844 4955 1
2844 1854 1
2844 1623 1
2844 3906 1
2844 5855 1
2844 2503 1
2844 2060 1
2844 7190 1
2844 1439 1
1510 4628 1
1510 1529 1
1510 3890 1
7710 633 1
7392 2875 1
7392 325 1
7392 3155 1
7392 1338 1
7392 2280 1
7392 8650 1
7392 5404 1
7392 29 1
7392 1795 1
5337 928 1
5337 2743 1
5337 6745 1
5337 1426 1
5337 3838 1
5337 3135 1
5337 7207 1
5337 8053 1
5337 4090 1
5337 7249 1
5337 4874 1
5337 2302 1
3797 144 1
7805 2356 1
8540 6632 1
8245 3781 1
8245 6510 1
8245 7235 1
8245 2112 1
8245 2510 1
2163 668 1
2163 5151 1
2163 4386 1
6627 4541 1
6627 772 1
6627 1945 1
6627 7393 1
6627 779 1
6627 7225 1
6627 3944 1
6627 8481 1
6627 1075 1
6627 4650 1
6627 1386 1
6627 493 1
6627 6231 1
6627 2042 1
8285 5523 1
8285 6966 1
8285 1672 1
8285 1392 1
8285 2467 1
1499 5655 1
1499 8002 1
1499 423 1
5881 6134 1
5881 784 1
5881 4189 1
5881 4676 1
5881 4344 1
8318 671 1
8318 8441 1
7307 140 1
7307 7739 1
7273 7822 1
7273 6646 1
7273 1020 1
7273 3300 1
7273 6896 1
7273 3105 1
7273 7926 1
7273 297 1
7273 3054 1
7273 4230 1
503 224 1
503 1006 1
503 1961 1
503 6436 1
503 7 1
503 6241 1
503 3206 1
503 6335 1
503 3979 1
503 4884 1
503 3432 1
503 3622 1
503 6154 1
503 3950 1
503 1514 1
503 8340 1
7125 4420 1
7125 1046 1
7125 3712 1
7125 6209 1
7125 7547 1
7125 4055 1
6679 3772 1
6679 2313 1
6679 1186 1
6679 6047 1
6679 4497 1
6679 7466 1
6679 7457 1
6679 1918 1
6679 3711 1
6679 7045 1
3647 3002 1
3647 174 1
3647 3419 1
3647 8428 1
3647 515 1
5409 3064 1
6757 3149 1
6757 4658 1
6757 5372 1
6757 3030 1
6757 4933 1
3386 7636 1
3386 2650 1
3386 7577 1
3386 1133 1
3386 387 1
3386 8029 1
3386 1747 1
3386 3347 1
3386 5771 1
6387 4740 1
6387 4519 1
1642 2583 1
1642 7662 1
1642 7027 1
2060 3035 1
2060 1427 1
2060 953 1
2060 4872 1
2060 1816 1
1309 3986 1
1309 6069 1
1309 2894 1
1309 8183 1
1309 4652 1
1309 8106 1
1309 6974 1
1309 4809 1
1309 7510 1
1309 1129 1
1309 400 1
1309 6868 1
1309 3226 1
1309 3302 1
1309 7003 1
1309 4930 1
1309 8318 1
1309 7553 1
1309 4258 1
1309 4501 1
384 1485 1
384 4145 1
384 7119 1
384 2217 1
384 6210 1
384 6708 1
384 2591 1
384 8258 1
384 4388 1
384 7395 1
1125 88 1
4606 420 1
4606 2278 1
4606 6277 1
4606 7030 1
3778 7184 1
3778 5840 1
2085 2373 1
3059 615 1
3059 5188 1
3059 8147 1
3059 1869 1
3059 7244 1
7318 3029 1
7318 63 1
7318 8257 1
7318 3994 1
7318 2246 1
7318 7850 1
7318 2950 1
7318 3311 1
7318 1956 1
7318 503 1
7318 8547 1
7318 7013 1
7318 386 1
210 8819 1
210 4819 1
210 3747 1
210 5265 1
210 3406 1
5840 1797 1
5840 1132 1
2269 1093 1
2269 5969 1
2269 7004 1
6214 701 1
6214 5345 1
6214 4149 1
6214 1912 1
6214 5957 1
6214 4422 1
6214 365 1
6214 239 1
6214 3600 1
6146 1966 1
5612 3212 1
1305 1635 1
1305 8763 1
2701 5989 1
2701 5477 1
2701 6635 1
2701 6183 1
2701 3057 1
2701 3479 1
2701 5921 1
2701 5388 1
2701 6114 1
2701 5904 1
2701 5156 1
2701 7380 1
2701 3933 1
2701 2802 1
2701 5485 1
2701 3272 1
2701 5807 1
2701 7231 1
2701 3462 1
7232 3527 1
5150 7908 1
5150 1456 1
5150 1251 1
5150 3134 1
5150 3863 1
5150 5214 1
5150 6426 1
5150 5710 1
5150 4025 1
5150 6650 1
3351 1494 1
8076 1868 1
5877 2821 1
5877 1185 1
5877 1509 1
5877 2803 1
5877 3779 1
5877 1393 1
5877 835 1
5877 7223 1
5877 3969 1
5877 5641 1
5877 5616 1
5877 7545 1
5877 3844 1
5877 828 1
5877 7440 1
5877 2570 1
5877 6737 1
5877 2109 1
5877 5896 1
5877 459 1
5877 8335 1
7946 4359 1
5725 4069 1
5725 477 1
4309 8707 1
4309 4002 1
5985 1352 1
3216 7666 1
3216 2072 1
3216 1288 1
3216 1261 1
3216 7768 1
3216 4915 1
8559 7366 1
8559 8620 1
8559 5027 1
8559 7948 1
3872 5981 1
3872 2751 1
3872 6820 1
3872 4129 1
3872 8638 1
3872 2010 1
3872 464 1
3872 8199 1
3872 6684 1
758 4794 1
3287 839 1
4597 985 1
4597 1991 1
4597 8629 1
2716 3028 1
2716 7407 1
1537 3761 1
1537 6673 1
1537 8791 1
1537 1758 1
1537 5396 1
1537 4127 1
1537 1125 1
7724 5846 1
7724 5667 1
4167 5617 1
4167 682 1
4167 1557 1
4167 1059 1
4167 6931 1
6254 8695 1
6254 7464 1
6254 6494 1
6254 4378 1
2975 4689 1
2975 2633 1
2975 7502 1
2975 4843 1
5078 6935 1
5078 4596 1
5078 8209 1
5078 7247 1
7058 2026 1
7697 5140 1
7697 167 1
7697 3521 1
7697 557 1
7697 2883 1
7697 7339 1
4804 6297 1
4804 5494 1
4804 4115 1
4804 4027 1
4804 8104 1
4804 3831 1
4804 1695 1
4804 8115 1
4804 6234 1
4804 1560 1
4804 7949 1
4804 2864 1
4804 7986 1
1388 8573 1
1388 656 1
1388 7686 1
1388 5821 1
3298 8360 1
3298 1099 1
3298 2739 1
3298 8577 1
3298 4659 1
3298 1847 1
283 6103 1
283 2901 1
283 6286 1
283 4085 1
283 7494 1
283 6166 1
283 1598 1
283 8669 1
283 3493 1
283 3505 1
2084 1787 1
1363 3783 1
2258 8586 1
2258 7428 1
2258 1849 1
2258 4952 1
2258 5782 1
8699 4408 1
3462 7115 1
3462 2978 1
3462 4397 1
3462 7867 1
3462 1934 1
3462 4044 1
3462 8616 1
3462 1260 1
3462 3797 1
3462 5745 1
3462 6687 1
3462 7351 1
3462 7692 1
3462 337 1
3462 3193 1
3465 1205 1
3465 2358 1
3465 8758 1
1 3882 1
1 1699 1
1 1217 1
6113 4877 1
6113 8495 1
6113 2914 1
6113 5964 1
6113 2137 1
465 3191 1
465 4338 1
465 3923 1
465 5696 1
465 6841 1
465 2241 1
465 7627 1
465 1219 1
465 7079 1
465 2440 1
465 1588 1
465 3074 1
465 1990 1
465 6160 1
465 3045 1
465 7635 1
465 965 1
465 6247 1
465 6193 1
465 8288 1
465 3776 1
465 449 1
465 933 1
465 2594 1
465 1577 1
465 6879 1
465 8651 1
465 212 1
465 6182 1
465 5074 1
465 2765 1
465 3298 1
465 837 1
465 8145 1
465 8050 1
465 7295 1
465 8589 1
837 8505 1
837 6870 1
837 1242 1
6202 8585 1
6202 3496 1
6202 6540 1
6202 5848 1
3340 3399 1
3340 7196 1
3340 2196 1
3340 133 1
3340 6095 1
3340 2193 1
3340 4019 1
3340 2677 1
617 981 1
1366 7515 1
5110 4334 1
5110 8591 1
5110 5792 1
5110 4206 1
5110 5444 1
5110 2139 1
5110 8171 1
5110 4698 1
8404 6765 1
8404 4504 1
2545 7155 1
2545 4303 1
2545 4914 1
2545 2289 1
2545 3330 1
2545 3786 1
2545 6321 1
2545 7905 1
2545 5215 1
2545 1147 1
525 5927 1
6370 391 1
6370 5892 1
6370 8581 1
6370 2549 1
6370 2673 1
6370 1265 1
6370 8801 1
6370 6052 1
1760 4902 1
1760 4832 1
1760 3153 1
3828 3658 1
3828 3507 1
4735 6384 1
4735 3997 1
4735 5076 1
4735 2922 1
2566 855 1
7943 3859 1
7943 3387 1
7943 7477 1
7943 7944 1
6526 4239 1
6526 2920 1
6526 8044 1
6526 54 1
6526 1145 1
4004 6977 1
4004 1714 1
4105 4875 1
7953 8323 1
5698 8227 1
1899 4762 1
1899 3420 1
1899 6614 1
1899 2164 1
1899 5783 1
1899 7226 1
4615 6380 1
4615 8803 1
4615 8588 1
4615 3201 1
4615 4342 1
6349 7096 1
6349 6135 1
6349 5895 1
1488 7564 1
3951 147 1
3951 5925 1
3951 4520 1
3951 2958 1
3951 4757 1
3951 1353 1
3951 4604 1
3874 5421 1
3874 5496 1
3874 5596 1
3874 6347 1
3874 1606 1
3874 8578 1
3874 3934 1
3874 3680 1
3874 2124 1
4295 8697 1
233 7423 1
233 3579 1
233 3591 1
233 1459 1
233 6329 1
233 5703 1
233 3043 1
233 501 1
233 7142 1
233 1764 1
3736 2243 1
4793 4505 1
4793 4242 1
4793 693 1
4793 4536 1
4793 8682 1
4793 5835 1
4793 485 1
4793 620 1
4793 8511 1
4793 2470 1
4793 6726 1
4793 6468 1
2147 8049 1
2147 1528 1
2147 1182 1
2147 6575 1
2147 5685 1
2147 1901 1
2147 1995 1
2147 5012 1
2147 3823 1
2147 444 1
2147 3989 1
2147 781 1
1777 6487 1
1777 6842 1
1777 3756 1
1777 1708 1
1777 7358 1
8361 8420 1
8361 8249 1
8361 6068 1
8361 4151 1
8361 7219 1
8361 1146 1
8361 6428 1
8361 7936 1
8361 5193 1
8361 5794 1
3055 4974 1
3055 3564 1
5946 1765 1
5946 618 1
5946 6594 1
6988 4526 1
4845 4035 1
4845 4450 1
2490 3967 1
2490 3209 1
2490 7670 1
2490 4723 1
2490 3629 1
2490 7764 1
760 2690 1
760 4601 1
760 8042 1
760 436 1
760 5545 1
760 6444 1
760 2389 1
760 3799 1
760 1008 1
760 563 1
760 2990 1
760 3489 1
1611 6906 1
3225 1307 1
3225 2759 1
3225 2177 1
3225 8406 1
3225 7656 1
3225 6151 1
3225 4637 1
3225 6881 1
649 1039 1
4859 5659 1
4859 7043 1
4859 6131 1
4859 4758 1
4859 1971 1
4859 1690 1
4859 2168 1
4859 3850 1
4859 1692 1
4859 161 1
4859 1634 1
4859 856 1
4859 7482 1
4859 8381 1
4859 4407 1
4859 6944 1
4859 5824 1
4859 6128 1
3342 6752 1
3342 4362 1
7514 6757 1
6296 6551 1
6296 7996 1
6296 2748 1
6296 6852 1
6296 1411 1
6296 5894 1
6296 8357 1
6296 2388 1
6296 962 1
6296 8646 1
6296 7954 1
6296 7016 1
6296 1144 1
6296 3647 1
6296 3114 1
6296 3320 1
6296 7388 1
6296 2489 1
2438 1718 1
2438 7833 1
2438 8156 1
2438 4026 1
2438 3585 1
2438 8775 1
2438 2194 1
2438 8430 1
2438 4119 1
2796 4748 1
2796 6833 1
2796 6555 1
2796 7191 1
2796 1755 1
2796 7522 1
2796 39 1
2796 5841 1
2131 1159 1
2131 8347 1
2131 2138 1
5587 7625 1
5587 4185 1
5587 6283 1
6692 3526 1
6692 1063 1
6692 187 1
5966 7243 1
5966 2775 1
3864 316 1
1262 3123 1
4178 6041 1
4178 8067 1
4178 6534 1
4178 659 1
4178 585 1
4178 795 1
4178 339 1
4178 5418 1
4178 5292 1
4178 5739 1
4178 3902 1
4178 2237 1
4178 5820 1
1295 5806 1
2712 8465 1
4501 5584 1
7713 4197 1
7713 991 1
7713 6888 1
4054 4785 1
4054 4797 1
4054 1889 1
4054 726 1
4054 8297 1
2125 8369 1
1669 3851 1
1669 4437 1
1669 6180 1
1669 355 1
1669 491 1
1669 6952 1
1669 5704 1
1669 2101 1
6287 4219 1
8192 3764 1
8192 3241 1
8039 2421 1
8039 7714 1
8039 1398 1
1892 6367 1
1892 7042 1
1892 8006 1
1892 5699 1
1892 1422 1
4569 8326 1
4569 2460 1
4569 3291 1
4569 4461 1
4569 1552 1
4569 7648 1
4569 3000 1
4569 4586 1
5222 1341 1
623 5755 1
623 3656 1
623 5510 1
623 7766 1
5963 6157 1
5963 5390 1
5963 6410 1
5963 2402 1
5963 5842 1
5963 2040 1
5963 1269 1
5963 1586 1
5963 7347 1
5963 1181 1
5963 4912 1
5963 5253 1
5963 3468 1
5963 5965 1
5963 8403 1
5963 6378 1
4347 6047 1
4347 7624 1
4347 6693 1
4347 7745 1
142 1378 1
142 6748 1
142 2415 1
142 240 1
2296 7963 1
8088 5236 1
8088 2651 1
8088 3434 1
8088 2518 1
7742 2174 1
7742 1222 1
7742 7756 1
7742 508 1
7742 5391 1
7742 4186 1
372 1759 1
372 6613 1
372 2584 1
2820 20 1
2820 4379 1
5940 5852 1
5277 5006 1
5277 3068 1
5277 7817 1
5277 4880 1
5277 8040 1
5277 6402 1
5277 3973 1
5277 7596 1
5277 2082 1
5277 5202 1
5277 6558 1
5277 2119 1
5277 2414 1
5277 6000 1
5277 2123 1
5277 8192 1
8751 1331 1
8751 2541 1
8751 6009 1
8751 3061 1
8751 6605 1
8751 7062 1
8751 1335 1
8751 7749 1
8751 6466 1
8751 8478 1
8751 4844 1
8751 183 1
8751 5254 1
8751 6892 1
5834 6509 1
5834 3948 1
5834 232 1
5834 1628 1
5834 4139 1
5834 8684 1
5834 6717 1
5834 7227 1
7175 5931 1
7175 6381 1
7175 1358 1
6892 2923 1
6892 6346 1
6892 6538 1
6892 4471 1
4986 5122 1
6493 5492 1
430 362 1
430 4553 1
430 3233 1
430 2395 1
430 1026 1
430 8709 1
5010 2228 1
4038 7283 1
1294 3856 1
7400 7282 1
7400 3518 1
7400 923 1
7400 7891 1
7400 6221 1
7400 8082 1
7250 3719 1
7250 1214 1
7250 4466 1
7250 662 1
7250 3731 1
7250 8337 1
3752 450 1
2109 853 1
2109 2526 1
2109 2527 1
2109 640 1
2109 2589 1
2109 8526 1
2109 3645 1
2109 4705 1
1193 8590 1
1193 3886 1
1193 7821 1
7020 3381 1
7020 3263 1
7020 4071 1
7020 4102 1
3083 6830 1
1239 8390 1
1239 6946 1
3459 7468 1
5474 1684 1
7326 287 1
7326 7818 1
7326 3536 1
91 4429 1
91 819 1
91 7086 1
91 6793 1
91 7391 1
91 6322 1
8395 2439 1
8395 7121 1
8395 308 1
8395 2660 1
8395 919 1
8395 5317 1
8395 7173 1
8395 4159 1
8395 4588 1
8395 3306 1
8395 3848 1
4980 5656 1
4980 2728 1
4980 1951 1
4980 6485 1
1215 5257 1
1215 7688 1
4460 7312 1
4460 1028 1
4460 3682 1
4460 422 1
7565 8488 1
2080 1301 1
5605 8232 1
4126 7209 1
4126 5524 1
4126 3075 1
4126 8022 1
4126 40 1
4126 5260 1
5415 8554 1
5415 7245 1
5415 8201 1
7618 6004 1
7618 1316 1
7618 7619 1
6831 7298 1
6831 5199 1
6831 6658 1
6831 1540 1
6831 5038 1
6831 55 1
6831 8119 1
6831 304 1
2562 2697 1
2562 3723 1
2562 5007 1
2562 875 1
2562 619 1
2562 914 1
2562 4222 1
2562 8343 1
2562 7561 1
2562 435 1
2562 1886 1
2562 3589 1
1890 1340 1
1890 4906 1
1890 5733 1
1890 3167 1
6680 8693 1
6680 5427 1
6680 4436 1
6680 3849 1
6680 7000 1
6680 6116 1
6680 4953 1
6680 4956 1
6680 6626 1
6680 3205 1
6680 8756 1
6680 5448 1
6680 8324 1
8230 2625 1
8230 838 1
8230 694 1
8230 826 1
8230 8158 1
8230 2449 1
5232 3920 1
5232 1172 1
5232 1883 1
4722 8241 1
4722 754 1
4722 1395 1
4722 7084 1
4722 6681 1
4722 5291 1
7696 2542 1
7696 3790 1
5304 1837 1
5304 2729 1
5304 3044 1
5304 8802 1
1167 5302 1
4594 266 1
4594 8809 1
4320 119 1
4320 3785 1
4320 6505 1
4320 7548 1
4320 5793 1
4320 546 1
4320 4215 1
4320 5328 1
4320 3912 1
4320 8649 1
4320 6502 1
4320 3198 1
4320 943 1
4320 7932 1
4320 7602 1
4320 6146 1
4320 5761 1
4320 2380 1
4320 4460 1
4320 7716 1
5777 967 1
5777 6917 1
5777 3076 1
5777 4233 1
5777 7166 1
6148 5183 1
6148 1109 1
541 6814 1
5958 1734 1
2773 1979 1
2773 6739 1
1368 8175 1
1368 8536 1
1368 3127 1
1368 6754 1
6684 695 1
6684 3681 1
6684 8086 1
4252 8815 1
4252 3935 1
4252 5023 1
4252 4542 1
4028 2075 1
4028 3962 1
4028 2222 1
5841 7038 1
5841 5129 1
5841 2166 1
5841 6954 1
5841 5508 1
5841 5196 1
773 1209 1
773 5862 1
3154 5208 1
3154 1121 1
3154 455 1
3154 860 1
3154 3780 1
3154 302 1
3154 5801 1
1691 4556 1
1691 2641 1
1691 3883 1
1691 1613 1
1691 71 1
1691 4496 1
1691 5106 1
1691 2225 1
1691 5502 1
1691 1480 1
1691 580 1
3718 6038 1
3718 1929 1
3718 6207 1
3718 6659 1
3718 7035 1
3718 4512 1
3718 5899 1
3718 686 1
5283 5356 1
5283 7340 1
5283 2666 1
5283 7813 1
5283 7186 1
5283 4387 1
5283 5438 1
5283 8179 1
8222 4996 1
7246 3878 1
7246 3936 1
1157 3666 1
1157 2361 1
876 6076 1
876 5930 1
876 5048 1
876 4414 1
876 611 1
876 1584 1
876 1978 1
876 1888 1
6845 4772 1
5561 2590 1
5561 6104 1
5561 6556 1
5561 3581 1
1030 5161 1
1030 5165 1
1030 7715 1
1030 8703 1
1030 8162 1
1030 7942 1
1030 2702 1
1030 1757 1
1030 6077 1
1030 8557 1
1030 8608 1
1030 5579 1
1030 2622 1
1030 5647 1
1030 1980 1
5107 241 1
2419 3659 1
2419 6542 1
2419 4443 1
2419 3255 1
2419 5827 1
2419 935 1
134 3098 1
134 8490 1
134 5554 1
134 8461 1
134 4294 1
134 8727 1
134 3889 1
134 6035 1
134 3158 1
134 5135 1
6240 4877 1
6240 2914 1
5251 8653 1
8391 2178 1
8391 7969 1
8391 6637 1
363 5640 1
363 8537 1
363 8336 1
5443 3429 1
5443 1703 1
5443 2859 1
5443 3926 1
5443 3337 1
5443 6002 1
5443 1974 1
6 4746 1
6 7858 1
4579 7010 1
4579 6743 1
4579 3254 1
4579 6918 1
6871 6885 1
6871 802 1
6871 534 1
6871 2749 1
6871 4551 1
7745 3576 1
7745 2704 1
7745 8084 1
6227 3224 1
2451 5486 1
4564 1470 1
4564 3552 1
4564 1018 1
4564 2475 1
4564 3754 1
4564 3610 1
4564 2713 1
4564 194 1
4564 8143 1
8250 5826 1
3611 2120 1
3611 5008 1
3611 1471 1
3611 8750 1
3611 2337 1
3611 2056 1
3611 5888 1
3611 1720 1
3611 67 1
3611 2033 1
2976 8283 1
3358 5674 1
3358 883 1
3358 2645 1
3358 1142 1
3358 7846 1
3358 5123 1
3358 6284 1
5352 3464 1
5352 6638 1
5352 7137 1
5352 1103 1
5352 1499 1
5352 2664 1
5352 2477 1
2990 5977 1
2990 2624 1
2990 6230 1
2990 1435 1
2990 8712 1
151 498 1
151 7572 1
151 6980 1
7013 8159 1
7013 7691 1
7013 1660 1
7013 5812 1
972 1440 1
972 1700 1
2893 6825 1
2893 570 1
3489 8102 1
3489 4061 1
3489 5860 1
3489 5120 1
3489 6048 1
3489 2091 1
555 7582 1
555 5412 1
555 8438 1
555 5833 1
555 1218 1
2921 7015 1
2921 2915 1
2921 1732 1
6957 4077 1
8635 213 1
8635 2632 1
8635 3520 1
8635 5104 1
8635 1377 1
8635 3474 1
8635 3372 1
8635 1305 1
8635 8230 1
4863 1673 1
8189 2394 1
8189 3672 1
8189 6602 1
8189 5011 1
8189 6822 1
8189 3946 1
8189 1171 1
8189 1793 1
8189 6597 1
8189 4390 1
8189 2813 1
1741 110 1
1741 8034 1
1741 1122 1
1741 2133 1
1741 5014 1
1741 719 1
4915 7255 1
4915 8325 1
4915 4509 1
4915 2468 1
4915 7446 1
3069 4255 1
3069 1779 1
3069 4528 1
3069 8745 1
7152 7303 1
3601 4236 1
3601 2736 1
3601 2791 1
3601 1812 1
3601 1809 1
3601 3960 1
7374 8124 1
7374 389 1
7374 4150 1
4582 1003 1
4763 3530 1
4763 3793 1
386 3019 1
386 1237 1
386 6414 1
386 3046 1
386 8692 1
386 7879 1
386 5924 1
386 6607 1
386 7025 1
386 7417 1
6332 5219 1
6332 8083 1
1138 2933 1
1138 1364 1
1138 4495 1
1138 3701 1
1138 5530 1
1138 3578 1
1138 4177 1
1138 8069 1
1138 4981 1
1138 2838 1
1138 3312 1
1138 7841 1
1138 3444 1
1138 4180 1
1138 6352 1
1138 6792 1
1138 7297 1
1138 6963 1
1138 2839 1
6252 291 1
205 8233 1
3193 2223 1
1996 4382 1
1996 1658 1
1996 7253 1
1996 1959 1
1996 1160 1
1996 8637 1
1996 1334 1
1996 4779 1
1996 7608 1
1996 2943 1
1996 4571 1
1996 1258 1
1996 8016 1
1996 8231 1
1996 1381 1
1996 7770 1
1996 1848 1
1996 6524 1
8122 5577 1
8122 7773 1
8122 208 1
8122 5092 1
8122 1284 1
8116 1762 1
8116 6121 1
8116 3383 1
8116 7213 1
8116 4632 1
8116 7091 1
8116 6641 1
8116 710 1
8116 7342 1
8116 5799 1
8116 2326 1
8116 3115 1
8116 3501 1
8116 697 1
8116 5756 1
1921 6711 1
1921 4249 1
1921 378 1
1921 6308 1
4686 227 1
8670 2102 1
8670 2682 1
8670 2521 1
8670 6921 1
2007 982 1
2007 885 1
2007 7458 1
2007 1043 1
2007 8005 1
6082 3040 1
7628 6654 1
7628 8654 1
7628 7873 1
1550 2041 1
5694 6199 1
5694 1709 1
6625 5058 1
6625 165 1
6625 3702 1
6625 4470 1
6625 32 1
6625 1458 1
6625 5854 1
6625 8136 1
1270 8528 1
1270 587 1
1270 6164 1
1270 7085 1
1270 1814 1
1270 1100 1
3417 7542 1
3417 424 1
2994 3677 1
2994 626 1
2994 5624 1
2994 6070 1
2994 1534 1
2994 3922 1
2994 7501 1
2994 8305 1
2994 2870 1
2994 4653 1
2994 2545 1
2994 7201 1
5224 152 1
5224 4838 1
812 4744 1
812 6244 1
812 5757 1
7632 3648 1
7632 2719 1
7632 3707 1
6515 2354 1
6515 8769 1
1867 1992 1
5284 2347 1
7937 5259 1
7937 3182 1
683 1322 1
5907 8409 1
5907 7284 1
5907 3613 1
5907 8549 1
5907 4625 1
5907 173 1
5907 2548 1
5907 6886 1
5907 3705 1
5907 7278 1
5907 5119 1
1113 7508 1
1113 4302 1
1113 5813 1
1113 7356 1
6022 1766 1
6022 8371 1
6022 8313 1
6022 2157 1
6022 2926 1
6022 5179 1
6022 6878 1
6022 696 1
6022 4457 1
6022 2831 1
6022 7291 1
6022 2696 1
6022 2762 1
6022 454 1
6022 2274 1
7716 4368 1
7716 3612 1
6803 3762 1
6803 1324 1
6803 7633 1
6803 7606 1
1668 8679 1
1668 4161 1
1668 7254 1
1668 4805 1
4068 878 1
4068 7217 1
4068 2000 1
4068 6612 1
4068 2257 1
4068 3196 1
4068 879 1
4068 3231 1
