833 1095 1
833 726 1
833 167 1
622 882 1
710 628 1
710 819 1
710 729 1
710 90 1
710 686 1
710 632 1
710 767 1
710 1006 1
576 1028 1
576 757 1
576 442 1
576 694 1
629 796 1
852 86 1
852 470 1
865 103 1
865 1015 1
865 851 1
865 815 1
865 991 1
865 1067 1
865 383 1
465 1092 1
465 429 1
465 840 1
465 809 1
465 275 1
190 387 1
1068 936 1
605 98 1
605 974 1
605 943 1
605 245 1
605 403 1
605 835 1
234 495 1
234 506 1
234 299 1
1066 1045 1
1066 457 1
286 642 1
286 774 1
286 862 1
286 505 1
286 473 1
219 998 1
219 1083 1
493 124 1
493 794 1
493 215 1
493 134 1
493 813 1
493 491 1
493 979 1
493 791 1
493 873 1
493 676 1
493 27 1
493 461 1
493 685 1
493 803 1
493 135 1
590 646 1
1002 643 1
938 60 1
824 323 1
824 73 1
124 516 1
124 144 1
124 1038 1
124 406 1
110 634 1
110 956 1
110 823 1
110 624 1
793 438 1
793 944 1
793 93 1
793 283 1
793 191 1
304 236 1
304 618 1
304 922 1
304 443 1
304 119 1
304 887 1
304 57 1
304 368 1
906 196 1
906 863 1
906 656 1
906 1096 1
906 11 1
906 649 1
29 143 1
29 666 1
29 59 1
29 775 1
369 958 1
369 220 1
369 876 1
834 137 1
834 758 1
834 821 1
834 619 1
574 559 1
875 982 1
875 546 1
875 510 1
777 957 1
777 478 1
530 186 1
530 699 1
530 748 1
530 981 1
530 1090 1
103 175 1
103 756 1
209 753 1
209 536 1
300 72 1
916 194 1
693 984 1
816 414 1
459 508 1
456 20 1
456 617 1
456 308 1
573 1073 1
573 468 1
437 607 1
437 583 1
437 926 1
437 173 1
437 535 1
920 228 1
920 393 1
920 1053 1
920 1019 1
920 82 1
920 1027 1
741 598 1
49 537 1
752 778 1
752 9 1
752 537 1
752 364 1
1091 1109 1
808 317 1
581 603 1
581 426 1
581 430 1
581 772 1
581 773 1
109 1074 1
109 169 1
109 905 1
310 503 1
80 567 1
80 464 1
213 902 1
213 560 1
213 658 1
213 1062 1
480 885 1
480 50 1
229 907 1
229 554 1
229 37 1
229 415 1
1072 71 1
879 1037 1
252 238 1
584 615 1
584 397 1
561 116 1
561 687 1
561 463 1
561 795 1
561 826 1
561 409 1
561 292 1
561 545 1
497 172 1
653 99 1
878 977 1
65 291 1
65 51 1
65 230 1
65 355 1
54 1072 1
54 787 1
54 802 1
54 392 1
54 35 1
84 300 1
84 916 1
84 716 1
84 66 1
84 396 1
895 321 1
895 38 1
933 33 1
933 711 1
933 539 1
247 645 1
1054 487 1
1054 271 1
253 590 1
253 105 1
253 43 1
253 867 1
253 389 1
623 737 1
623 301 1
670 114 1
670 193 1
729 669 1
729 384 1
729 222 1
729 564 1
908 276 1
908 255 1
908 111 1
908 404 1
908 955 1
908 483 1
62 512 1
62 429 1
62 712 1
62 924 1
62 405 1
62 275 1
74 159 1
74 155 1
74 1032 1
74 138 1
87 439 1
87 993 1
87 342 1
87 547 1
531 822 1
915 488 1
915 327 1
915 965 1
915 316 1
990 967 1
1009 903 1
832 232 1
832 203 1
832 805 1
832 423 1
832 1103 1
1084 940 1
233 246 1
896 710 1
896 561 1
896 1022 1
896 761 1
896 446 1
896 1039 1
569 971 1
569 575 1
569 400 1
569 664 1
569 724 1
569 266 1
398 29 1
398 988 1
398 204 1
398 719 1
398 221 1
398 1021 1
398 858 1
398 408 1
398 34 1
210 847 1
841 254 1
841 1005 1
980 744 1
980 891 1
980 1107 1
980 806 1
980 259 1
980 930 1
980 149 1
980 1033 1
980 6 1
980 850 1
980 178 1
980 53 1
980 391 1
980 357 1
980 265 1
980 996 1
980 17 1
980 747 1
980 367 1
980 69 1
980 698 1
980 26 1
980 455 1
980 88 1
980 22 1
980 469 1
980 609 1
980 857 1
980 968 1
472 808 1
472 1049 1
472 935 1
472 937 1
472 113 1
472 818 1
472 853 1
889 715 1
771 684 1
771 594 1
771 934 1
838 354 1
332 440 1
332 206 1
332 185 1
332 241 1
332 667 1
332 568 1
332 910 1
332 273 1
332 690 1
332 55 1
200 738 1
200 1014 1
200 542 1
200 1 1
200 555 1
1030 67 1
739 533 1
1004 648 1
1004 787 1
1004 870 1
1004 139 1
1004 849 1
1004 877 1
1004 760 1
295 523 1
295 58 1
295 180 1
295 945 1
21 458 1
21 158 1
256 416 1
256 373 1
199 921 1
199 418 1
199 428 1
199 661 1
199 341 1
199 976 1
199 467 1
199 1058 1
199 610 1
199 1102 1
898 164 1
898 1065 1
898 768 1
898 963 1
696 969 1
696 601 1
696 84 1
696 501 1
306 1087 1
306 1057 1
68 831 1
68 78 1
68 1100 1
68 83 1
68 972 1
68 709 1
682 633 1
682 725 1
682 960 1
682 730 1
682 94 1
682 580 1
319 243 1
319 200 1
319 15 1
319 597 1
81 892 1
81 216 1
81 344 1
460 509 1
460 538 1
460 994 1
460 959 1
460 779 1
460 890 1
460 1042 1
843 695 1
280 496 1
484 782 1
484 720 1
484 582 1
484 946 1
484 1024 1
484 174 1
484 290 1
484 318 1
309 326 1
309 350 1
309 450 1
762 606 1
848 23 1
848 511 1
848 727 1
848 267 1
524 380 1
524 477 1
524 635 1
524 1097 1
524 864 1
524 621 1
604 183 1
604 893 1
604 978 1
604 798 1
604 54 1
604 717 1
604 377 1
604 692 1
604 14 1
604 413 1
604 723 1
604 1093 1
604 1075 1
604 743 1
604 1099 1
604 671 1
604 248 1
604 817 1
604 30 1
604 445 1
604 163 1
1011 764 1
1011 543 1
1077 713 1
1077 897 1
1077 939 1
1077 763 1
1077 755 1
1077 24 1
1077 558 1
39 257 1
39 1035 1
39 381 1
39 799 1
39 162 1
552 286 1
85 115 1
1085 117 1
1085 688 1
1085 293 1
1085 947 1
1085 336 1
984 407 1
984 148 1
984 829 1
984 1046 1
1101 205 1
1101 188 1
1101 879 1
1101 562 1
1101 854 1
1063 346 1
1063 359 1
96 218 1
96 118 1
96 42 1
96 410 1
1094 789 1
1094 1048 1
1094 786 1
1094 447 1
345 700 1
597 923 1
597 331 1
597 296 1
45 462 1
31 949 1
31 8 1
31 489 1
31 128 1
1001 36 1
1001 1098 1
1001 1082 1
1001 800 1
1001 62 1
1001 46 1
1001 678 1
1001 337 1
1001 100 1
1001 1069 1
1001 314 1
1001 351 1
1001 1029 1
1093 284 1
791 662 1
358 675 1
358 95 1
358 792 1
358 914 1
964 307 1
964 431 1
338 181 1
947 540 1
743 376 1
743 481 1
743 600 1
521 4 1
343 140 1
999 298 1
432 324 1
432 44 1
836 435 1
141 425 1
141 1009 1
141 21 1
141 251 1
141 745 1
141 1060 1
812 966 1
812 616 1
812 1052 1
812 282 1
812 736 1
812 679 1
812 577 1
812 502 1
812 187 1
812 129 1
760 16 1
237 872 1
237 593 1
237 570 1
237 950 1
237 1016 1
237 453 1
919 759 1
106 18 1
106 620 1
640 1010 1
640 168 1
640 63 1
1024 121 1
1024 525 1
1024 7 1
1024 807 1
231 411 1
515 297 1
515 433 1
515 239 1
515 1043 1
732 663 1
732 305 1
732 152 1
548 707 1
1026 793 1
1026 574 1
1026 91 1
1026 550 1
1026 722 1
1026 983 1
1026 701 1
1026 733 1
557 417 1
492 718 1
287 131 1
424 482 1
424 150 1
424 585 1
424 948 1
424 595 1
424 388 1
361 370 1
361 526 1
361 961 1
361 127 1
422 217 1
422 1051 1
226 625 1
226 363 1
226 672 1
226 449 1
226 677 1
226 708 1
226 89 1
151 986 1
151 899 1
587 1020 1
587 588 1
520 32 1
520 697 1
520 1031 1
520 549 1
340 975 1
340 728 1
444 466 1
444 1080 1
444 650 1
251 766 1
251 534 1
251 989 1
251 451 1
776 260 1
776 689 1
776 352 1
776 335 1
776 942 1
776 529 1
776 680 1
776 432 1
776 519 1
47 571 1
47 1081 1
47 647 1
47 599 1
47 101 1
278 883 1
278 1025 1
941 421 1
941 1018 1
941 288 1
941 869 1
941 192 1
941 153 1
941 136 1
1070 419 1
1070 839 1
657 765 1
657 906 1
657 490 1
657 855 1
657 382 1
657 1055 1
657 1104 1
657 995 1
987 182 1
12 211 1
1000 320 1
1000 721 1
1000 142 1
1000 130 1
784 911 1
302 1076 1
881 578 1
925 333 1
925 195 1
925 48 1
925 639 1
925 836 1
925 263 1
925 932 1
1056 670 1
1056 1078 1
1056 651 1
1056 227 1
1056 626 1
1056 652 1
261 452 1
668 888 1
668 207 1
126 657 1
828 334 1
674 931 1
19 530 1
665 504 1
156 120 1
156 242 1
156 201 1
156 861 1
156 962 1
156 825 1
264 951 1
77 660 1
77 1047 1
77 952 1
77 330 1
77 365 1
77 313 1
77 97 1
77 1007 1
77 1012 1
77 189 1
479 434 1
479 553 1
797 702 1
797 448 1
783 472 1
783 1011 1
783 917 1
783 412 1
608 816 1
608 638 1
461 347 1
461 471 1
461 64 1
461 868 1
461 102 1
461 378 1
866 125 1
866 513 1
866 161 1
866 214 1
685 589 1
685 785 1
820 878 1
820 673 1
731 909 1
731 399 1
731 202 1
176 1059 1
176 985 1
176 272 1
176 394 1
322 315 1
570 770 1
570 390 1
570 566 1
1041 900 1
101 212 1
101 884 1
749 714 1
705 303 1
240 157 1
240 856 1
240 385 1
240 2 1
1106 636 1
1106 325 1
614 602 1
637 1068 1
637 1063 1
637 810 1
637 814 1
244 40 1
244 1105 1
223 348 1
223 360 1
223 1061 1
769 754 1
769 208 1
769 630 1
769 147 1
769 79 1
769 1071 1
769 485 1
1034 235 1
547 285 1
374 494 1
368 356 1
368 122 1
596 801 1
596 1086 1
596 908 1
596 281 1
596 311 1
596 681 1
596 250 1
596 274 1
596 1088 1
596 563 1
379 827 1
379 436 1
379 375 1
379 528 1
379 1036 1
379 644 1
379 353 1
379 704 1
954 804 1
954 1110 1
954 871 1
954 631 1
474 1050 1
474 655 1
474 780 1
474 441 1
474 10 1
3 476 1
3 500 1
483 927 1
483 154 1
483 145 1
483 734 1
483 641 1
1064 565 1
170 405 1
170 328 1
249 1017 1
249 752 1
249 579 1
249 486 1
249 627 1
249 1040 1
249 518 1
270 659 1
270 912 1
270 846 1
250 499 1
250 929 1
250 25 1
250 107 1
250 904 1
250 146 1
250 970 1
4 742 1
4 522 1
551 262 1
551 507 1
551 918 1
551 268 1
132 591 1
132 210 1
132 5 1
132 859 1
386 842 1
177 1066 1
177 532 1
177 269 1
408 703 1
408 165 1
408 264 1
408 171 1
408 894 1
230 886 1
572 790 1
860 349 1
860 41 1
860 541 1
860 1079 1
860 746 1
860 544 1
355 395 1
355 454 1
355 928 1
355 901 1
355 224 1
355 503 1
355 683 1
355 788 1
355 179 1
61 401 1
61 781 1
61 12 1
197 880 1
197 613 1
197 279 1
197 198 1
837 339 1
837 312 1
837 258 1
837 953 1
837 556 1
837 1044 1
837 691 1
837 1013 1
837 1023 1
166 123 1
166 104 1
166 992 1
166 475 1
166 13 1
277 997 1
277 706 1
277 830 1
277 741 1
277 184 1
277 1108 1
277 611 1
277 592 1
277 92 1
277 329 1
108 514 1
108 371 1
108 844 1
108 56 1
108 366 1
108 498 1
108 427 1
152 517 1
402 811 1
453 1089 1
453 751 1
453 740 1
453 76 1
420 735 1
1003 372 1
383 289 1
383 75 1
383 294 1
383 133 1
1008 586 1
1008 70 1
394 973 1
394 874 1
527 845 1
34 913 1
34 612 1
34 160 1
34 654 1
34 52 1
269 750 1
269 112 1
269 28 1
269 362 1
899 225 1
