331 543 1
331 208 1
331 1323 1
331 1625 1
331 158 1
331 1004 1
331 2195 1
331 2148 1
331 2491 1
331 1189 1
331 1730 1
331 1217 1
331 770 1
677 848 1
677 1067 1
677 2053 1
677 2317 1
2193 819 1
2193 789 1
1205 1298 1
650 2105 1
650 462 1
650 2073 1
650 1881 1
650 1979 1
486 901 1
486 719 1
486 2272 1
551 2552 1
492 436 1
492 1197 1
492 822 1
492 2222 1
14 1882 1
14 62 1
14 1144 1
14 1223 1
14 1967 1
14 2303 1
14 958 1
46 1577 1
2270 842 1
2270 2242 1
2270 666 1
2270 2334 1
2270 202 1
2270 1377 1
2270 913 1
321 1026 1
321 116 1
321 249 1
321 914 1
776 269 1
776 1490 1
776 1362 1
776 347 1
776 162 1
776 2291 1
448 560 1
1023 1613 1
1023 546 1
1023 1027 1
1023 1494 1
1023 82 1
1023 1632 1
1023 939 1
1023 1946 1
1023 1950 1
94 405 1
94 283 1
94 2547 1
94 513 1
94 2465 1
94 987 1
1103 325 1
1103 112 1
1103 583 1
1103 542 1
591 1710 1
591 1972 1
198 169 1
1069 1232 1
1069 2309 1
1736 2288 1
1736 1084 1
1736 1425 1
1736 572 1
837 70 1
837 2449 1
837 478 1
837 2228 1
837 20 1
837 1057 1
1415 196 1
1415 2315 1
1415 1485 1
1415 748 1
2356 591 1
2356 2087 1
2356 1343 1
2356 777 1
2356 1148 1
2356 2457 1
387 1157 1
387 1574 1
387 720 1
387 2192 1
387 308 1
498 1165 1
498 1996 1
498 1447 1
498 381 1
498 1595 1
498 2111 1
2008 2374 1
2008 816 1
2031 688 1
2031 288 1
137 1001 1
137 1938 1
2002 547 1
2002 189 1
2002 634 1
2002 1489 1
2002 1107 1
2002 1501 1
2002 425 1
2002 1260 1
2002 1777 1
2002 1204 1
2002 1983 1
2002 2311 1
2002 1146 1
2002 1324 1
2002 983 1
2002 85 1
2002 310 1
2002 1234 1
2002 773 1
2002 2233 1
1909 1156 1
1909 1060 1
1909 407 1
1909 2025 1
1909 1947 1
1909 52 1
1909 413 1
2398 1971 1
1932 1831 1
855 1736 1
855 2167 1
855 1629 1
855 733 1
855 1182 1
855 814 1
855 2293 1
855 459 1
855 561 1
855 2141 1
855 479 1
855 1802 1
855 2532 1
855 744 1
855 274 1
855 863 1
855 1218 1
2479 1599 1
2479 803 1
212 470 1
212 406 1
212 2477 1
212 2341 1
2339 2146 1
2339 322 1
2339 1703 1
2339 1633 1
2339 1337 1
2339 1818 1
2339 31 1
2339 569 1
2339 344 1
834 2180 1
1294 2162 1
1294 2218 1
1294 2158 1
1840 1541 1
1840 1732 1
1840 163 1
1840 385 1
1840 2486 1
1840 1830 1
1840 2358 1
1840 2011 1
1840 674 1
1840 1381 1
1840 2202 1
1840 444 1
1840 1648 1
1840 2077 1
846 1963 1
90 2321 1
582 16 1
582 19 1
1905 1592 1
965 1305 1
965 664 1
965 107 1
965 1394 1
965 1980 1
965 601 1
965 644 1
965 1412 1
965 435 1
965 1404 1
965 1608 1
965 1015 1
965 696 1
965 889 1
965 1438 1
965 474 1
2173 74 1
2173 1113 1
2173 875 1
2173 2431 1
2173 1304 1
2173 1509 1
2173 1010 1
2173 1865 1
2173 65 1
2173 1872 1
2173 97 1
2173 1596 1
1945 1585 1
1945 1512 1
2007 1681 1
2007 1678 1
2379 2129 1
2487 93 1
2149 330 1
2167 2131 1
2167 1754 1
2167 2240 1
2167 800 1
2167 419 1
2384 2094 1
2384 314 1
2384 264 1
2384 862 1
2384 318 1
226 766 1
102 475 1
1921 598 1
1122 668 1
1122 890 1
1122 151 1
1122 2485 1
1122 1270 1
1825 989 1
782 2319 1
782 985 1
782 2035 1
2447 2230 1
2365 2446 1
2365 1147 1
2365 928 1
2473 1291 1
2473 1097 1
440 2007 1
440 1612 1
440 532 1
440 333 1
440 825 1
440 88 1
440 1708 1
440 1025 1
440 1311 1
440 57 1
440 1965 1
2058 2379 1
2058 2487 1
2058 1446 1
2058 2033 1
2058 2391 1
2161 356 1
2161 1328 1
1734 2010 1
1734 903 1
1734 362 1
1734 623 1
1734 2060 1
1734 164 1
1734 845 1
1734 2132 1
1734 1661 1
1734 775 1
1564 287 1
1564 1616 1
1564 1115 1
1564 2306 1
1564 316 1
1564 1151 1
1564 491 1
1564 1607 1
1108 2434 1
1108 629 1
1108 235 1
1108 1630 1
2264 1534 1
2264 226 1
2264 2447 1
2264 988 1
2264 2305 1
2264 2325 1
2264 1040 1
2264 1141 1
2264 1330 1
2264 1130 1
2264 1503 1
2264 1259 1
2264 1233 1
2264 1895 1
2264 2492 1
2264 916 1
2264 1444 1
2264 315 1
2264 1187 1
2264 361 1
2264 1063 1
2264 223 1
2264 145 1
2264 256 1
1732 2152 1
1732 1496 1
1732 647 1
1732 711 1
1732 2019 1
1732 1178 1
1732 1815 1
1732 175 1
15 2385 1
15 1492 1
15 1600 1
15 2243 1
1811 1205 1
1811 2527 1
1811 679 1
405 1200 1
405 190 1
405 1386 1
405 1183 1
2041 1642 1
2041 1772 1
2041 2181 1
861 2531 1
861 1170 1
861 1594 1
861 1289 1
1327 466 1
1713 79 1
1517 2367 1
1517 1214 1
1517 4 1
1517 178 1
1517 1575 1
1517 2307 1
1517 1235 1
1517 24 1
2404 2032 1
2404 1277 1
2404 1406 1
2404 2524 1
2404 1215 1
2404 1667 1
1988 995 1
1988 1948 1
1988 764 1
1988 497 1
1988 627 1
1988 1859 1
1928 1278 1
1928 2092 1
1928 824 1
1928 2284 1
817 2144 1
817 1525 1
817 1511 1
1527 1718 1
1527 1550 1
1527 2041 1
1527 1988 1
1527 302 1
1527 1361 1
1527 1805 1
1527 1704 1
1527 297 1
1527 1901 1
1527 1290 1
1527 616 1
1527 1658 1
1527 657 1
1527 1674 1
1527 675 1
1527 1089 1
1527 487 1
1527 1388 1
1527 1368 1
1527 1430 1
1527 942 1
1527 2342 1
1527 1439 1
1527 2506 1
1527 2295 1
1527 2107 1
1527 2499 1
2347 1022 1
2347 550 1
2347 2281 1
2098 1167 1
1123 922 1
1123 1432 1
1123 2424 1
1123 685 1
1123 2461 1
1123 414 1
1123 2407 1
1123 563 1
1123 1357 1
126 458 1
126 1285 1
1269 562 1
1269 1760 1
1269 1794 1
1269 1778 1
1269 512 1
1269 564 1
1269 2117 1
2526 1637 1
2526 449 1
2526 762 1
2526 1073 1
2526 931 1
2426 1532 1
270 2085 1
2221 2016 1
2221 881 1
2221 1369 1
2221 2216 1
2221 1935 1
2221 1518 1
2221 1478 1
2221 2498 1
2221 1952 1
2221 1828 1
92 970 1
375 677 1
375 2454 1
375 2365 1
375 302 1
375 1803 1
375 575 1
375 665 1
375 1140 1
375 1993 1
375 2163 1
375 2421 1
2428 1966 1
2428 687 1
2428 1839 1
865 184 1
865 1943 1
865 1821 1
865 1287 1
865 2042 1
865 721 1
865 1181 1
865 943 1
807 917 1
807 2104 1
960 611 1
1612 1720 1
2343 1920 1
2343 272 1
2343 1799 1
2343 885 1
2343 1244 1
2343 306 1
2343 640 1
1920 600 1
1920 1408 1
1920 1537 1
1920 1397 1
1920 123 1
1920 552 1
1920 808 1
1920 1554 1
1920 528 1
1920 77 1
1920 506 1
1236 925 1
1236 1358 1
1236 1074 1
1236 89 1
1236 950 1
1236 1303 1
1237 614 1
1237 1196 1
1237 2399 1
1237 765 1
891 1452 1
891 258 1
484 2160 1
484 633 1
117 2031 1
117 2258 1
117 1109 1
117 2175 1
117 1695 1
117 700 1
117 250 1
117 2504 1
117 1768 1
117 1701 1
117 2093 1
117 1812 1
117 313 1
117 26 1
117 401 1
117 2518 1
117 993 1
117 124 1
1113 1930 1
1113 1981 1
1113 996 1
481 1854 1
481 792 1
481 2370 1
481 1693 1
481 1211 1
481 1464 1
481 2483 1
481 354 1
481 2268 1
481 816 1
481 409 1
481 2338 1
481 367 1
481 1243 1
481 1013 1
481 431 1
481 1039 1
637 364 1
637 1085 1
637 40 1
2177 2522 1
2177 1231 1
1850 293 1
1850 2123 1
1850 2030 1
1850 11 1
1850 465 1
2466 1638 1
2466 2198 1
2466 329 1
2466 2493 1
2466 1208 1
2466 618 1
2194 791 1
2194 224 1
2194 157 1
2194 2513 1
2194 222 1
2194 1044 1
2194 617 1
2194 1423 1
2194 1158 1
2194 1529 1
1245 956 1
1245 1028 1
1245 701 1
1245 1474 1
1245 1555 1
1245 1318 1
1245 1990 1
596 1301 1
596 1563 1
997 2351 1
997 1923 1
1820 2116 1
1974 693 1
1974 2482 1
1974 1007 1
1974 941 1
1974 1491 1
1974 1654 1
1974 1771 1
1974 895 1
502 1971 1
502 1657 1
502 426 1
502 1202 1
1797 1393 1
114 2350 1
114 1179 1
114 214 1
114 2043 1
875 1956 1
875 1623 1
875 1520 1
875 1161 1
875 1329 1
2175 984 1
2175 1308 1
2175 1773 1
2175 954 1
2175 1424 1
2175 32 1
2175 2536 1
2175 282 1
2175 1241 1
2175 1837 1
2175 115 1
1785 1731 1
1785 1615 1
1785 2285 1
1785 1143 1
1704 113 1
1704 446 1
1704 860 1
1704 522 1
1704 1117 1
1704 558 1
578 1294 1
578 2149 1
578 439 1
578 1102 1
60 1785 1
60 2337 1
60 1603 1
60 812 1
2238 749 1
297 2157 1
297 1849 1
297 83 1
297 2539 1
297 839 1
297 2333 1
297 584 1
297 738 1
297 1314 1
297 2095 1
297 1082 1
297 1440 1
297 1016 1
297 1079 1
297 991 1
297 2488 1
297 907 1
297 1407 1
297 384 1
297 1524 1
297 138 1
297 2501 1
333 2174 1
333 630 1
333 2068 1
333 209 1
333 654 1
333 155 1
333 1213 1
333 752 1
333 1252 1
27 2364 1
1646 14 1
1646 137 1
1646 490 1
1646 2177 1
1646 697 1
1646 1257 1
1646 1450 1
1249 776 1
1249 817 1
1249 1061 1
1249 2505 1
1249 801 1
1249 1691 1
1249 415 1
1249 768 1
1192 1997 1
1192 2135 1
1192 280 1
1192 1207 1
1192 2015 1
793 1698 1
793 1414 1
482 964 1
482 1907 1
482 1530 1
482 1505 1
482 525 1
482 106 1
482 204 1
482 1552 1
482 588 1
1486 35 1
1486 2183 1
1486 1942 1
2128 1984 1
2128 396 1
2128 856 1
2441 1893 1
2441 161 1
2039 71 1
2039 2190 1
2039 1798 1
2039 1333 1
1803 1843 1
1169 1128 1
1169 2415 1
1169 919 1
1832 718 1
1832 54 1
1832 95 1
575 450 1
2256 2508 1
2256 998 1
2256 1513 1
2256 28 1
2256 2066 1
2256 2001 1
2256 1536 1
2256 2420 1
2256 853 1
2256 1666 1
1083 2490 1
1083 799 1
1083 2179 1
1083 2209 1
737 2438 1
737 1417 1
737 851 1
737 1639 1
737 296 1
737 1687 1
737 994 1
737 1668 1
36 2282 1
36 772 1
36 1415 1
36 621 1
36 1037 1
36 295 1
36 1692 1
36 553 1
36 1917 1
36 590 1
554 1195 1
554 2151 1
554 1110 1
554 576 1
554 1959 1
554 1752 1
554 1856 1
554 2017 1
554 671 1
554 25 1
554 156 1
554 1418 1
554 199 1
554 1367 1
554 1759 1
272 2088 1
272 2232 1
272 1300 1
272 1626 1
424 2140 1
424 342 1
2300 1745 1
2300 1271 1
2300 227 1
2300 1970 1
2486 1643 1
2486 2215 1
2486 1263 1
2486 292 1
2486 149 1
2486 716 1
2486 778 1
1497 1649 1
1497 460 1
1497 341 1
1497 978 1
1497 1714 1
1497 1395 1
1155 731 1
1155 1086 1
1155 2330 1
1155 1740 1
1155 1919 1
1155 755 1
1155 1173 1
1155 412 1
1155 2099 1
2549 643 1
2549 902 1
2549 1384 1
2549 327 1
2549 1385 1
857 1961 1
857 2468 1
857 689 1
857 1046 1
857 2159 1
857 355 1
1061 371 1
593 102 1
593 1939 1
593 597 1
593 1346 1
593 23 1
593 1363 1
593 1790 1
593 794 1
1848 399 1
1848 898 1
1848 2103 1
1848 2412 1
1848 1342 1
1848 232 1
1506 1186 1
1506 99 1
1506 2387 1
1506 1319 1
1506 411 1
1506 2464 1
1506 421 1
1935 1255 1
1935 1985 1
1992 1092 1
1992 1126 1
1992 1463 1
1992 1281 1
1794 714 1
1794 1135 1
1794 335 1
2087 918 1
2087 1256 1
2087 1437 1
1578 391 1
1578 1121 1
1903 2428 1
1903 2300 1
1903 1848 1
1903 1286 1
1903 1436 1
1903 2182 1
1901 515 1
1901 165 1
653 2226 1
653 1982 1
336 571 1
336 2448 1
1140 1224 1
1140 30 1
1140 423 1
1140 468 1
1140 2359 1
1140 451 1
1140 365 1
1791 1808 1
1791 366 1
1791 645 1
1791 39 1
1791 1528 1
1791 536 1
1791 1292 1
1791 787 1
1964 2440 1
1964 2054 1
1964 949 1
1964 2453 1
1964 1601 1
1964 2266 1
1964 2100 1
966 717 1
966 1884 1
966 932 1
966 2027 1
966 1364 1
966 923 1
756 844 1
756 139 1
756 408 1
2550 268 1
2550 739 1
2550 67 1
2510 69 1
2510 1370 1
2510 1873 1
2510 275 1
2510 91 1
2510 1827 1
2510 1813 1
2510 2267 1
659 847 1
659 2507 1
659 1111 1
659 829 1
1005 894 1
1005 2476 1
1005 870 1
1005 2115 1
1005 2451 1
1005 555 1
1005 2515 1
1005 1390 1
1005 1887 1
1005 18 1
1005 352 1
1005 866 1
180 1411 1
180 1460 1
180 1852 1
2250 926 1
2250 1487 1
2250 1470 1
924 912 1
924 1748 1
1660 1652 1
1660 1176 1
1556 2332 1
1556 2512 1
1556 1480 1
1556 44 1
1556 754 1
2297 1041 1
2297 1836 1
2297 859 1
2297 1473 1
1599 1008 1
1106 1651 1
2540 1654 1
864 2335 1
864 1968 1
864 1721 1
818 193 1
818 473 1
1483 1940 1
1483 43 1
1483 290 1
1483 1184 1
647 615 1
395 746 1
395 311 1
395 304 1
388 1673 1
388 1442 1
388 1280 1
388 694 1
388 605 1
388 1709 1
388 753 1
388 1266 1
644 670 1
644 1163 1
644 1750 1
644 241 1
2340 1715 1
2340 920 1
2340 888 1
2340 1240 1
2340 1428 1
2340 326 1
2340 1858 1
2340 722 1
2340 1080 1
2340 1320 1
2340 103 1
2340 781 1
2340 1032 1
1869 1589 1
1100 1844 1
1100 728 1
1100 531 1
1100 2548 1
1100 389 1
587 2048 1
1708 2304 1
1708 2133 1
1708 1268 1
1708 2410 1
1708 2308 1
1708 683 1
1708 2544 1
1708 788 1
1708 707 1
814 638 1
680 2400 1
680 2378 1
680 1786 1
276 1098 1
1687 1762 1
1687 121 1
1687 2072 1
1687 345 1
1687 872 1
1687 1569 1
1687 1738 1
1687 607 1
1687 5 1
1687 1051 1
1190 980 1
1190 1535 1
1190 2275 1
1190 2373 1
1190 2261 1
2052 2514 1
2052 2034 1
2052 2402 1
937 291 1
1806 2423 1
1806 1829 1
1806 974 1
1766 231 1
1766 793 1
1766 160 1
1766 1019 1
1766 447 1
1766 759 1
1766 2489 1
1766 1851 1
1766 1782 1
1766 453 1
1766 2121 1
1766 1465 1
1766 962 1
1766 2414 1
1766 135 1
1766 350 1
2416 1138 1
2416 2125 1
2416 211 1
2416 2294 1
2416 1227 1
2416 2091 1
2416 2380 1
2416 1448 1
2416 1995 1
2416 2199 1
2416 397 1
2416 811 1
1042 655 1
1042 1756 1
1042 520 1
1042 2003 1
1042 2467 1
2472 1641 1
2472 2331 1
2472 1316 1
2472 1870 1
2472 2224 1
1272 742 1
382 695 1
382 1797 1
382 783 1
382 2029 1
382 12 1
382 276 1
382 595 1
382 1937 1
382 437 1
382 757 1
1976 2134 1
1864 180 1
1864 1457 1
1864 1767 1
1864 1855 1
1864 2013 1
908 973 1
908 13 1
908 2207 1
908 613 1
908 1659 1
867 228 1
867 1081 1
867 2419 1
1799 1486 1
1799 1124 1
1799 49 1
1145 1784 1
1145 691 1
1145 549 1
1614 526 1
1614 1468 1
80 2411 1
80 2217 1
80 493 1
80 1000 1
80 1934 1
80 1356 1
80 153 1
303 2296 1
303 1306 1
303 186 1
303 2302 1
303 2279 1
303 639 1
303 2271 1
303 346 1
303 168 1
303 2509 1
303 1860 1
303 1345 1
303 98 1
835 2008 1
835 1775 1
835 2021 1
835 2537 1
835 1171 1
835 967 1
835 887 1
835 795 1
1227 159 1
1227 1261 1
1227 1095 1
1227 8 1
1012 2169 1
1012 1050 1
1012 1455 1
1343 1325 1
1343 2463 1
1343 1573 1
1343 427 1
1343 1699 1
1343 2425 1
2062 262 1
2437 1705 1
2437 836 1
2437 2020 1
2437 1834 1
2437 1053 1
2437 1383 1
2437 727 1
2437 1398 1
2437 1058 1
2437 1722 1
2437 2376 1
2437 1072 1
2437 2326 1
2437 1174 1
758 1246 1
758 625 1
758 2349 1
2353 1336 1
1349 2203 1
1349 373 1
516 1899 1
6 357 1
961 198 1
961 867 1
961 1087 1
961 769 1
171 1035 1
2534 33 1
2534 581 1
2534 1461 1
2044 2274 1
2044 1006 1
452 181 1
452 766 1
2046 726 1
2311 1819 1
356 2528 1
356 51 1
356 110 1
1002 416 1
1002 580 1
1002 523 1
1679 1977 1
1679 663 1
1679 1886 1
1679 1054 1
1679 2127 1
1679 1896 1
1679 1445 1
1679 1531 1
1679 1636 1
1025 761 1
1025 2187 1
1025 394 1
1025 503 1
1025 2251 1
2377 2250 1
2377 2436 1
2377 652 1
2089 1426 1
2089 442 1
2089 2067 1
2089 1522 1
2089 47 1
2089 233 1
1009 1387 1
1009 1372 1
1009 1253 1
1009 1741 1
1009 1237 1
1009 785 1
1009 127 1
1009 1842 1
1009 736 1
1009 2236 1
1009 428 1
1009 712 1
1009 1716 1
1009 1099 1
1009 1427 1
1009 886 1
1009 1302 1
1009 454 1
1009 1472 1
1064 2137 1
1267 166 1
1267 1033 1
1267 1723 1
1378 2276 1
1378 1262 1
1378 1562 1
1378 2049 1
2028 1696 1
592 1631 1
592 247 1
592 2287 1
592 2418 1
592 1254 1
592 1471 1
261 1958 1
261 1103 1
261 828 1
261 999 1
261 1477 1
261 2074 1
261 170 1
261 2039 1
261 2549 1
261 593 1
261 969 1
261 612 1
261 1209 1
261 1499 1
261 1689 1
261 882 1
261 1889 1
261 1838 1
261 2063 1
230 242 1
1739 1139 1
1739 1587 1
1878 371 1
508 126 1
508 534 1
508 1017 1
508 1913 1
508 1476 1
508 979 1
508 1656 1
508 1193 1
508 349 1
508 2533 1
508 2456 1
508 279 1
508 1876 1
508 838 1
508 376 1
508 183 1
899 660 1
899 667 1
899 1602 1
899 132 1
2461 172 1
2287 263 1
2287 2023 1
711 1495 1
711 1874 1
711 1986 1
2085 343 1
2085 1579 1
1448 1647 1
1448 1441 1
609 1523 1
609 45 1
609 1206 1
609 2458 1
609 2055 1
609 1402 1
609 653 1
609 1964 1
609 1422 1
609 2150 1
609 702 1
609 2430 1
609 786 1
609 1580 1
609 573 1
609 734 1
609 1065 1
609 2327 1
609 1566 1
2500 2045 1
2500 741 1
2500 1634 1
2500 1482 1
2500 1614 1
2500 910 1
2500 743 1
2500 1902 1
2500 1382 1
441 2478 1
441 1774 1
441 976 1
447 1043 1
447 368 1
447 2249 1
447 108 1
447 1191 1
447 1029 1
2397 837 1
2397 599 1
2397 2354 1
2397 1929 1
2397 1711 1
2397 2018 1
2397 758 1
2397 990 1
2397 530 1
2397 379 1
2397 830 1
2397 2038 1
2397 2433 1
2397 1644 1
2070 936 1
2070 849 1
215 1484 1
215 2081 1
215 1590 1
215 2413 1
215 1853 1
215 1817 1
215 904 1
215 1900 1
1264 1570 1
1264 393 1
1264 2014 1
1264 1242 1
521 46 1
521 1159 1
521 2189 1
521 1443 1
521 570 1
521 1892 1
521 2292 1
521 1733 1
521 1758 1
521 1645 1
521 1792 1
521 2176 1
521 2024 1
521 2120 1
521 1553 1
521 1376 1
521 2494 1
648 2383 1
648 1429 1
648 1353 1
648 1677 1
648 2036 1
648 285 1
648 265 1
648 420 1
648 312 1
648 1326 1
648 1 1
1229 735 1
1229 141 1
1229 1339 1
1229 1160 1
1229 76 1
1229 1514 1
1229 2502 1
1229 433 1
1229 1340 1
1229 2210 1
2096 661 1
1311 1077 1
1311 1366 1
1311 1894 1
136 1548 1
136 992 1
1751 2298 1
1751 1282 1
1751 2286 1
1751 1275 1
1751 348 1
1751 1928 1
1751 1816 1
1751 1401 1
1751 1264 1
1751 2445 1
1751 1989 1
1751 1635 1
1751 301 1
1751 1807 1
1751 2462 1
2469 565 1
2469 236 1
873 2439 1
873 1707 1
873 68 1
873 986 1
2040 834 1
2040 484 1
2040 1506 1
2040 966 1
2040 1766 1
2040 1416 1
2040 133 1
2040 2136 1
2040 2084 1
1093 197 1
2496 1551 1
2496 2355 1
2496 676 1
2496 940 1
2496 1251 1
2496 443 1
1975 884 1
1975 821 1
1975 1769 1
1975 1359 1
1975 1164 1
1975 1274 1
1975 690 1
1975 574 1
1975 191 1
2262 1036 1
2262 2061 1
2262 626 1
2262 2139 1
2262 2114 1
2262 476 1
2262 171 1
2262 2500 1
2262 2318 1
2262 1137 1
2262 1066 1
2262 1998 1
2262 1493 1
2262 240 1
2262 192 1
2262 2497 1
2262 779 1
2262 2432 1
1680 2289 1
1680 517 1
1680 1093 1
1680 1515 1
1680 234 1
2178 353 1
2178 1670 1
2178 977 1
2178 1488 1
2178 246 1
2178 2405 1
2178 1451 1
2178 704 1
2178 225 1
57 400 1
2021 477 1
2021 1180 1
2021 2395 1
2021 2257 1
2021 2344 1
72 2109 1
72 2170 1
72 9 1
1617 260 1
1617 1479 1
1010 1978 1
1010 429 1
1010 2495 1
464 2475 1
464 622 1
464 1031 1
2406 1132 1
2406 1987 1
1048 831 1
1048 2194 1
2290 602 1
216 2450 1
216 505 1
216 945 1
216 456 1
216 527 1
2412 905 1
2412 309 1
2248 1787 1
2248 2211 1
351 2382 1
351 2375 1
351 809 1
351 982 1
351 471 1
351 1747 1
2348 1083 1
2348 2301 1
2348 897 1
617 210 1
617 2166 1
786 219 1
786 2398 1
786 2360 1
786 1683 1
786 724 1
786 370 1
786 1724 1
786 2252 1
786 951 1
1847 1131 1
1580 909 1
2537 1076 1
2537 642 1
2537 1694 1
1830 658 1
1624 1640 1
1624 1540 1
1624 1885 1
1624 2460 1
178 2191 1
1004 1344 1
1944 820 1
1944 2165 1
1944 681 1
1944 2273 1
1944 2324 1
1944 378 1
1944 2059 1
1944 284 1
1944 2204 1
17 1288 1
675 883 1
675 1144 1
675 2443 1
914 1591 1
1583 1052 1
1583 438 1
1583 1904 1
1583 1462 1
1047 1737 1
1047 2253 1
1047 1449 1
1047 1059 1
1047 953 1
1047 2346 1
1047 488 1
1047 2097 1
1047 1433 1
1047 1973 1
1047 692 1
1047 1586 1
1047 2283 1
1047 179 1
963 1219 1
2000 1684 1
2000 1861 1
2000 114 1
2000 1891 1
2000 1005 1
2000 252 1
2000 1809 1
2000 177 1
678 975 1
678 300 1
1380 2212 1
1380 1175 1
1380 1068 1
1380 2223 1
1380 699 1
1380 1350 1
1380 1100 1
1380 869 1
1380 1162 1
1380 1617 1
1380 2290 1
1380 185 1
1380 1338 1
1380 798 1
1380 1265 1
1380 34 1
329 2171 1
329 955 1
435 1230 1
404 1104 1
404 1825 1
404 2520 1
404 1781 1
404 1789 1
404 1194 1
404 1456 1
404 1421 1
404 278 1
404 494 1
404 1610 1
404 1116 1
1055 2357 1
1055 81 1
1055 1105 1
1055 1871 1
1055 257 1
1055 1003 1
1055 221 1
1055 1953 1
1055 457 1
1055 390 1
1055 2130 1
1055 243 1
1055 1049 1
1055 2138 1
1055 1619 1
2208 896 1
2208 2516 1
2208 656 1
2208 780 1
2208 2145 1
2208 1841 1
2208 1898 1
972 1846 1
972 200 1
972 1543 1
972 2312 1
972 251 1
972 1078 1
972 386 1
1342 1776 1
1342 1719 1
1342 2004 1
1137 324 1
1137 900 1
1137 2 1
1137 2313 1
1137 2403 1
44 331 1
44 1622 1
44 500 1
44 1009 1
44 2234 1
44 2299 1
44 631 1
44 2328 1
44 2164 1
635 485 1
635 1335 1
603 1765 1
603 868 1
603 1118 1
603 1312 1
603 1321 1
603 705 1
603 1729 1
603 1700 1
603 2523 1
603 1845 1
1457 142 1
1457 1374 1
1457 55 1
1457 305 1
1457 2442 1
1457 539 1
2401 472 1
379 934 1
379 1878 1
379 871 1
379 1795 1
379 2153 1
2148 2470 1
1593 1624 1
1593 1225 1
1581 706 1
729 1297 1
729 1868 1
729 832 1
729 594 1
729 146 1
729 1070 1
729 2213 1
933 1299 1
1572 1726 1
684 147 1
684 167 1
684 259 1
684 461 1
684 215 1
684 1557 1
684 877 1
433 182 1
1475 22 1
1475 1293 1
1475 2472 1
1475 2427 1
1475 136 1
1475 1365 1
1475 1203 1
63 2096 1
63 892 1
63 589 1
63 266 1
682 61 1
337 1129 1
1804 273 1
1804 1166 1
1804 1749 1
1804 662 1
1804 790 1
1436 1467 1
1436 2535 1
2307 1020 1
2307 244 1
2307 2168 1
2307 2201 1
556 2051 1
556 2259 1
556 2543 1
556 751 1
556 2429 1
556 760 1
556 1201 1
556 1434 1
556 2155 1
556 1307 1
535 1389 1
512 2231 1
887 1682 1
887 403 1
887 1823 1
887 540 1
887 628 1
1153 745 1
1153 878 1
1153 1755 1
1153 1295 1
1153 1770 1
1153 254 1
1549 2064 1
1549 2314 1
1549 1133 1
1549 2241 1
1549 372 1
1549 1510 1
1549 2529 1
1549 1796 1
1549 568 1
1549 2260 1
1549 2102 1
1549 392 1
1549 880 1
1549 841 1
1782 504 1
1782 2263 1
1782 1545 1
340 1665 1
306 1664 1
306 434 1
306 1811 1
306 1273 1
306 807 1
306 2124 1
306 48 1
306 669 1
306 3 1
306 524 1
306 2090 1
248 10 1
248 2435 1
248 1669 1
248 2381 1
248 1628 1
248 1199 1
248 972 1
248 586 1
248 1403 1
248 1030 1
1812 217 1
1812 1014 1
2396 2545 1
2396 763 1
2396 1826 1
2396 2101 1
258 267 1
710 2336 1
710 148 1
710 1396 1
710 2076 1
672 771 1
152 2006 1
1399 2046 1
1045 2110 1
1045 203 1
1045 336 1
514 120 1
514 2444 1
514 1075 1
514 641 1
514 2265 1
360 879 1
360 144 1
360 1212 1
1062 567 1
1062 271 1
1062 1742 1
1916 2225 1
1916 201 1
1916 2056 1
1208 826 1
1208 2200 1
1354 467 1
1354 1690 1
29 971 1
1872 509 1
1872 2352 1
904 87 1
750 1500 1
750 374 1
750 1558 1
750 2173 1
750 1564 1
750 1108 1
750 1897 1
750 277 1
750 2366 1
750 388 1
750 944 1
750 723 1
750 1576 1
750 1154 1
2337 1527 1
469 935 1
2390 2057 1
2390 1820 1
2390 499 1
2390 1373 1
2390 2511 1
2390 1627 1
1444 1021 1
1444 673 1
1444 1675 1
1444 78 1
1444 2037 1
1444 1185 1
1444 1332 1
1444 2089 1
1444 2022 1
1444 328 1
1444 823 1
1444 176 1
1416 1313 1
1416 507 1
1416 1142 1
1416 1112 1
1416 383 1
1416 1933 1
1416 2471 1
1416 858 1
1416 1149 1
1416 41 1
1416 2106 1
1416 906 1
1416 2188 1
1416 1216 1
801 846 1
801 2196 1
801 1247 1
801 1317 1
801 2028 1
801 337 1
801 708 1
801 359 1
801 1409 1
1225 1101 1
1225 1764 1
1604 1735 1
1604 1420 1
1604 418 1
1604 1284 1
2227 1152 1
1888 2098 1
2433 619 1
1813 1341 1
1726 377 1
1726 2108 1
1726 1088 1
1726 1890 1
1726 1507 1
1726 134 1
1726 2389 1
1726 7 1
480 131 1
480 2347 1
480 37 1
480 1597 1
480 2220 1
480 1835 1
480 1927 1
480 150 1
1685 1810 1
1685 2409 1
1685 1355 1
1685 2083 1
1685 1565 1
1685 1559 1
1685 921 1
1685 1168 1
2163 496 1
2163 56 1
2163 686 1
2163 1717 1
2163 709 1
2163 2480 1
2163 810 1
281 2172 1
281 796 1
850 2079 1
850 1276 1
361 582 1
361 207 1
361 1539 1
361 604 1
1790 319 1
1790 38 1
1114 2185 1
1114 118 1
1114 2012 1
586 58 1
893 188 1
893 747 1
893 1822 1
893 1371 1
893 2184 1
1862 122 1
1862 833 1
1381 1090 1
2254 1419 1
229 1863 1
229 1866 1
229 2345 1
229 1969 1
229 21 1
1154 1746 1
1154 1560 1
1154 1375 1
1154 1431 1
318 1504 1
318 715 1
318 608 1
318 105 1
318 1994 1
183 1248 1
454 784 1
454 130 1
454 579 1
454 2503 1
454 154 1
606 1582 1
2181 1134 1
2181 1676 1
2181 237 1
1663 86 1
1767 53 1
1779 1727 1
1779 2082 1
1779 815 1
1779 1833 1
962 1991 1
777 2078 1
777 1924 1
2474 128 1
2474 502 1
2474 545 1
2474 1672 1
2474 2550 1
2474 521 1
2474 1957 1
2474 1279 1
2474 220 1
2474 1908 1
2474 843 1
194 541 1
194 874 1
194 2481 1
2373 205 1
2373 1905 1
2373 1127 1
2373 1763 1
2373 636 1
2373 398 1
2373 813 1
2373 239 1
2373 109 1
2373 101 1
2373 511 1
2373 703 1
2261 624 1
2261 206 1
2261 797 1
2261 489 1
2261 924 1
2261 2320 1
2261 255 1
2261 915 1
2261 2122 1
2261 774 1
2261 725 1
1400 1697 1
1400 1936 1
1400 320 1
1400 1094 1
1400 2277 1
1400 2368 1
1400 1954 1
1400 946 1
1400 2118 1
2328 430 1
2328 1783 1
2328 2156 1
2328 632 1
2328 2147 1
2119 1334 1
2119 1508 1
2119 173 1
2119 2069 1
1553 253 1
1553 1568 1
1553 1546 1
1553 1096 1
843 238 1
843 1911 1
843 445 1
843 1910 1
843 2197 1
843 432 1
843 2386 1
843 1824 1
843 2278 1
843 2050 1
843 1788 1
843 1618 1
843 2280 1
1999 2269 1
1999 1757 1
1999 1296 1
1999 2154 1
1999 620 1
2244 298 1
176 1459 1
1102 2219 1
1102 2551 1
1102 2521 1
1102 1949 1
1102 911 1
1102 2525 1
1102 1188 1
1102 1238 1
548 730 1
548 1588 1
548 1912 1
548 59 1
548 1544 1
1926 1761 1
1926 2113 1
1926 2080 1
1315 1542 1
2455 802 1
2455 1620 1
2455 440 1
2455 578 1
2455 80 1
2455 961 1
2455 1229 1
2455 2040 1
2455 1331 1
2455 684 1
2455 480 1
2455 2119 1
2455 1653 1
506 533 1
2186 75 1
415 740 1
415 852 1
415 1453 1
225 119 1
294 2239 1
294 1322 1
359 463 1
359 1091 1
359 1609 1
1466 577 1
1466 767 1
1466 1725 1
1466 1481 1
1466 299 1
133 1250 1
133 1951 1
133 2408 1
752 455 1
752 104 1
752 854 1
2392 1519 1
2392 1011 1
2392 1269 1
2392 481 1
2392 1210 1
2392 2128 1
2392 96 1
2392 1880 1
2392 382 1
2392 213 1
2392 537 1
2392 672 1
2392 2538 1
2392 1926 1
2392 483 1
2392 1662 1
2392 1150 1
1148 417 1
1148 245 1
1148 338 1
1148 1650 1
1148 1347 1
1148 2388 1
1148 2329 1
1148 1941 1
192 2214 1
192 501 1
192 2246 1
1780 2235 1
1780 1867 1
1780 1379 1
1780 2322 1
1780 1533 1
1780 2452 1
1780 1605 1
1780 216 1
1780 840 1
1780 804 1
1780 1621 1
1780 1598 1
1391 1571 1
1391 1671 1
1567 1469 1
1567 2062 1
1567 1458 1
649 410 1
649 90 1
649 1055 1
2182 1931 1
2182 538 1
2182 1348 1
2182 1172 1
2182 1034 1
352 218 1
352 317 1
352 1258 1
1875 2142 1
1875 805 1
1875 1056 1
1875 2372 1
2506 334 1
2506 1702 1
2506 143 1
2506 2026 1
1925 968 1
1925 2316 1
1925 2361 1
1925 1502 1
1925 518 1
2126 1840 1
2126 981 1
2126 737 1
2126 1687 1
2126 2363 1
2126 2396 1
2126 1793 1
2126 2065 1
2126 1743 1
2362 1309 1
2362 84 1
2362 2519 1
2362 2393 1
2362 1410 1
2362 1198 1
2362 1221 1
2362 2255 1
179 2542 1
179 2009 1
806 1038 1
806 1521 1
1857 1922 1
1828 1360 1
1828 1136 1
2164 281 1
2499 1744 1
2499 1119 1
2499 2247 1
2499 2205 1
2211 1018 1
2532 42 1
2532 1220 1
2532 1526 1
2532 2237 1
2532 1454 1
2532 307 1
2532 1125 1
2532 1352 1
2532 1962 1
2532 2530 1
2532 1413 1
2532 1686 1
2532 2394 1
2532 2369 1
2532 323 1
2013 2075 1
2013 2005 1
768 510 1
768 422 1
768 1655 1
2084 1879 1
744 2193 1
744 1435 1
744 732 1
744 2086 1
744 566 1
1516 1071 1
1307 1800 1
1307 1918 1
2422 2270 1
2422 289 1
2422 1713 1
2422 2310 1
2422 957 1
2422 2071 1
2422 908 1
2422 1561 1
2422 402 1
2422 535 1
2422 893 1
24 1906 1
111 64 1
111 369 1
111 50 1
111 1222 1
111 1960 1
111 1753 1
111 1283 1
111 92 1
111 1611 1
111 610 1
111 1405 1
111 303 1
111 100 1
111 66 1
111 873 1
111 1606 1
111 1955 1
111 729 1
111 63 1
111 2245 1
111 125 1
111 1801 1
111 2417 1
111 2541 1
111 1120 1
111 559 1
111 1706 1
111 1877 1
111 646 1
2224 2229 1
2224 651 1
380 927 1
380 1945 1
380 140 1
380 2484 1
380 947 1
380 519 1
380 332 1
380 1226 1
640 2161 1
640 529 1
640 195 1
640 585 1
640 1466 1
640 1538 1
2233 1712 1
2233 1324 1
2233 286 1
646 938 1
646 929 1
646 187 1
646 930 1
1150 1728 1
1150 952 1
1150 827 1
177 2047 1
177 1024 1
177 2112 1
177 495 1
177 1814 1
177 2406 1
177 129 1
177 339 1
177 557 1
1547 2371 1
1547 713 1
618 174 1
256 2546 1
1239 948 1
1239 1584 1
1239 2459 1
698 2323 1
698 1914 1
698 544 1
698 1228 1
698 1498 1
2432 1177 1
2432 959 1
1218 1883 1
1218 1688 1
1218 1327 1
1218 876 1
1218 2206 1
1218 358 1
1218 1392 1
1218 363 1
1218 1915 1
1472 73 1
323 1310 1
323 2517 1
1351 2143 1
