264 106 1
264 401 1
264 135 1
264 377 1
119 76 1
119 569 1
119 660 1
119 133 1
119 63 1
119 505 1
119 409 1
119 420 1
119 56 1
119 239 1
119 392 1
119 217 1
119 510 1
273 455 1
273 441 1
273 74 1
728 122 1
290 49 1
290 230 1
290 225 1
226 699 1
226 676 1
226 220 1
226 583 1
333 411 1
333 393 1
748 75 1
748 464 1
748 438 1
748 707 1
748 236 1
748 150 1
475 710 1
475 743 1
475 444 1
475 113 1
475 380 1
170 691 1
170 70 1
346 412 1
346 522 1
132 152 1
132 623 1
132 215 1
366 567 1
97 80 1
424 35 1
424 267 1
424 624 1
563 227 1
563 95 1
283 647 1
283 611 1
283 370 1
283 144 1
283 428 1
283 341 1
283 729 1
283 296 1
200 64 1
200 404 1
200 764 1
442 451 1
442 88 1
442 218 1
442 532 1
442 594 1
442 50 1
442 639 1
442 51 1
442 469 1
442 27 1
442 137 1
607 172 1
607 725 1
607 247 1
325 304 1
238 422 1
654 587 1
654 524 1
654 24 1
654 37 1
716 23 1
716 531 1
716 17 1
716 462 1
716 77 1
716 145 1
470 666 1
470 460 1
578 560 1
578 243 1
578 140 1
578 29 1
22 188 1
22 549 1
22 570 1
22 309 1
22 178 1
546 361 1
546 430 1
546 491 1
546 614 1
546 708 1
546 285 1
546 337 1
546 260 1
546 609 1
546 416 1
546 255 1
546 383 1
546 352 1
329 311 1
435 388 1
244 650 1
244 493 1
244 577 1
244 192 1
244 646 1
244 161 1
605 630 1
605 57 1
605 439 1
605 763 1
605 68 1
605 483 1
605 544 1
605 211 1
605 414 1
691 672 1
691 692 1
216 403 1
216 538 1
216 432 1
216 626 1
21 252 1
410 19 1
410 705 1
410 234 1
410 198 1
410 553 1
410 635 1
410 425 1
756 30 1
404 32 1
404 310 1
404 186 1
502 181 1
502 41 1
502 530 1
372 492 1
372 550 1
372 298 1
372 168 1
372 275 1
372 512 1
372 742 1
372 123 1
372 508 1
372 720 1
372 151 1
372 284 1
372 241 1
445 657 1
173 419 1
173 693 1
173 520 1
173 316 1
173 413 1
173 78 1
183 142 1
183 25 1
183 555 1
183 324 1
183 754 1
183 596 1
516 357 1
330 305 1
753 564 1
87 105 1
87 250 1
87 700 1
87 373 1
87 663 1
212 257 1
212 603 1
212 134 1
212 480 1
212 245 1
212 488 1
212 387 1
212 755 1
212 272 1
212 496 1
212 641 1
212 336 1
212 458 1
212 651 1
212 100 1
212 110 1
212 258 1
212 10 1
212 46 1
212 292 1
212 656 1
212 235 1
212 353 1
3 58 1
3 685 1
714 212 1
714 406 1
714 20 1
714 484 1
714 427 1
463 447 1
463 501 1
463 471 1
463 195 1
463 11 1
463 551 1
406 398 1
406 586 1
406 240 1
406 166 1
406 629 1
406 556 1
406 578 1
406 126 1
406 568 1
406 358 1
406 565 1
406 160 1
406 719 1
406 246 1
406 116 1
406 42 1
406 678 1
406 706 1
406 60 1
406 644 1
406 199 1
406 722 1
406 669 1
406 640 1
406 319 1
406 104 1
406 66 1
406 479 1
44 40 1
44 418 1
44 417 1
44 633 1
44 278 1
44 303 1
44 523 1
44 461 1
662 740 1
662 681 1
662 317 1
128 436 1
128 631 1
128 752 1
533 119 1
533 758 1
533 679 1
533 208 1
533 687 1
533 486 1
533 446 1
533 472 1
533 698 1
610 566 1
602 184 1
602 665 1
602 167 1
602 423 1
602 173 1
602 146 1
602 139 1
602 327 1
602 498 1
602 593 1
602 429 1
602 120 1
582 389 1
582 649 1
582 318 1
81 333 1
81 312 1
81 601 1
81 384 1
81 331 1
118 329 1
118 222 1
118 591 1
118 287 1
118 452 1
118 311 1
118 626 1
259 761 1
259 164 1
197 362 1
197 153 1
197 346 1
197 412 1
197 522 1
197 121 1
197 628 1
197 391 1
197 519 1
197 332 1
197 207 1
197 684 1
197 342 1
661 47 1
313 653 1
313 443 1
313 622 1
45 340 1
45 658 1
228 749 1
228 686 1
713 265 1
713 625 1
713 155 1
713 694 1
713 348 1
713 350 1
713 576 1
713 528 1
713 274 1
5 62 1
162 696 1
162 321 1
162 39 1
162 477 1
162 347 1
162 747 1
162 90 1
162 12 1
162 301 1
322 338 1
322 655 1
322 563 1
322 547 1
322 525 1
322 156 1
322 745 1
368 314 1
400 371 1
400 670 1
400 645 1
400 189 1
400 308 1
400 176 1
400 494 1
224 746 1
634 378 1
678 354 1
678 262 1
678 335 1
762 187 1
762 53 1
762 580 1
762 765 1
762 615 1
91 407 1
91 598 1
91 266 1
91 299 1
91 375 1
91 509 1
91 731 1
91 659 1
91 396 1
91 506 1
91 497 1
355 636 1
355 697 1
355 386 1
355 734 1
355 254 1
355 89 1
355 548 1
355 83 1
709 261 1
709 619 1
709 453 1
515 85 1
515 478 1
515 674 1
515 193 1
515 344 1
487 421 1
499 132 1
499 521 1
402 459 1
402 351 1
402 584 1
402 738 1
679 179 1
679 251 1
679 141 1
679 539 1
316 573 1
316 232 1
390 102 1
390 402 1
390 482 1
427 111 1
427 281 1
382 31 1
382 702 1
382 680 1
382 269 1
382 533 1
382 634 1
382 28 1
382 175 1
382 500 1
433 735 1
433 473 1
433 741 1
433 606 1
433 306 1
433 38 1
433 13 1
433 750 1
433 339 1
433 703 1
433 96 1
202 288 1
280 592 1
280 507 1
113 98 1
113 326 1
113 466 1
113 489 1
113 6 1
291 279 1
609 527 1
737 514 1
737 732 1
557 26 1
557 618 1
557 465 1
557 54 1
557 581 1
557 295 1
557 495 1
230 512 1
230 117 1
230 147 1
230 540 1
242 667 1
242 286 1
242 730 1
652 671 1
130 107 1
130 717 1
130 572 1
130 138 1
130 360 1
541 653 1
541 443 1
541 622 1
754 711 1
356 2 1
7 8 1
7 643 1
535 517 1
535 231 1
535 476 1
535 600 1
535 739 1
201 715 1
334 474 1
334 558 1
334 627 1
334 3 1
334 760 1
334 504 1
334 385 1
334 67 1
334 343 1
334 724 1
334 320 1
334 426 1
33 43 1
542 4 1
542 209 1
747 468 1
747 180 1
253 190 1
253 545 1
219 205 1
229 16 1
52 154 1
52 381 1
726 191 1
726 185 1
726 125 1
82 196 1
82 721 1
82 131 1
82 434 1
82 71 1
82 503 1
704 481 1
114 597 1
574 14 1
506 561 1
221 529 1
221 437 1
221 294 1
221 328 1
221 204 1
221 72 1
221 1 1
221 399 1
221 688 1
221 101 1
221 440 1
55 263 1
55 248 1
55 18 1
55 736 1
55 450 1
55 202 1
55 280 1
55 99 1
55 405 1
55 588 1
55 213 1
55 277 1
55 48 1
302 571 1
648 457 1
648 599 1
648 9 1
648 229 1
648 395 1
648 408 1
648 271 1
648 543 1
616 759 1
158 157 1
158 315 1
158 397 1
158 206 1
559 537 1
61 513 1
309 69 1
327 448 1
327 376 1
327 108 1
327 282 1
327 114 1
327 86 1
363 757 1
363 109 1
363 585 1
363 214 1
415 668 1
297 273 1
413 163 1
413 638 1
413 642 1
632 605 1
632 511 1
632 158 1
174 182 1
174 210 1
174 112 1
174 689 1
174 751 1
588 148 1
588 608 1
552 467 1
552 673 1
552 554 1
552 15 1
214 177 1
595 579 1
595 364 1
595 612 1
595 237 1
595 203 1
595 129 1
595 589 1
595 307 1
595 323 1
595 683 1
595 449 1
595 727 1
664 682 1
289 93 1
289 718 1
289 79 1
744 534 1
695 617 1
695 34 1
562 374 1
562 620 1
562 365 1
300 169 1
300 590 1
300 115 1
300 268 1
300 233 1
300 518 1
300 394 1
300 213 1
479 159 1
479 149 1
359 379 1
359 103 1
359 454 1
359 59 1
359 536 1
359 652 1
359 637 1
136 367 1
675 165 1
127 735 1
127 94 1
127 256 1
127 194 1
127 345 1
127 733 1
127 143 1
127 223 1
127 124 1
127 526 1
127 490 1
127 369 1
127 621 1
127 276 1
241 723 1
241 456 1
241 613 1
241 712 1
241 171 1
270 36 1
270 84 1
270 737 1
431 92 1
485 331 1
485 349 1
701 249 1
701 65 1
701 604 1
701 73 1
137 677 1
137 690 1
137 293 1
120 575 1
120 750 1
