19 11 1
22 59 1
37 73 1
37 142 1
37 101 1
105 53 1
105 128 1
105 89 1
53 1 1
53 154 1
18 35 1
18 157 1
18 33 1
18 23 1
77 176 1
77 26 1
77 172 1
49 115 1
97 13 1
84 164 1
84 48 1
84 1 1
84 89 1
84 166 1
84 98 1
93 57 1
93 170 1
93 21 1
9 145 1
167 117 1
177 185 1
177 127 1
121 99 1
121 66 1
80 137 1
64 181 1
64 50 1
71 43 1
71 119 1
182 40 1
182 116 1
182 74 1
182 56 1
182 61 1
182 183 1
182 138 1
32 36 1
90 85 1
90 160 1
90 164 1
90 71 1
90 12 1
90 109 1
90 163 1
90 38 1
51 82 1
51 136 1
51 158 1
51 179 1
124 3 1
124 63 1
124 130 1
139 29 1
156 4 1
156 173 1
96 76 1
96 83 1
96 44 1
96 135 1
14 149 1
151 2 1
178 52 1
178 165 1
178 28 1
104 68 1
104 120 1
42 16 1
131 150 1
17 15 1
17 78 1
92 86 1
92 100 1
171 75 1
69 125 1
69 143 1
153 164 1
117 25 1
117 111 1
5 114 1
5 94 1
133 85 1
107 184 1
109 129 1
45 84 1
45 140 1
140 168 1
140 184 1
148 180 1
148 55 1
148 169 1
148 54 1
148 112 1
148 117 1
148 47 1
148 65 1
148 27 1
87 58 1
88 146 1
88 31 1
88 161 1
88 41 1
88 162 1
88 147 1
88 123 1
110 30 1
159 33 1
102 108 1
102 34 1
144 174 1
144 39 1
144 7 1
144 113 1
20 43 1
20 101 1
20 71 1
20 10 1
20 79 1
20 100 1
20 166 1
20 67 1
20 118 1
20 106 1
61 70 1
61 60 1
61 24 1
61 116 1
61 8 1
91 134 1
91 95 1
46 30 1
46 6 1
122 175 1
122 103 1
122 72 1
122 152 1
122 141 1
122 107 1
122 132 1
122 45 1
122 102 1
122 155 1
122 126 1
62 81 1
