86 1661 1
86 1070 1
1564 996 1
1192 882 1
1192 1189 1
1192 884 1
1192 555 1
1192 1753 1
1192 557 1
1192 1230 1
1192 638 1
1192 519 1
1192 316 1
1192 997 1
1192 404 1
1192 1670 1
1192 450 1
1192 1256 1
832 201 1
832 220 1
832 480 1
832 119 1
832 356 1
693 654 1
693 239 1
693 364 1
693 1607 1
693 618 1
984 899 1
984 1576 1
927 1631 1
927 168 1
927 1003 1
229 706 1
707 749 1
707 672 1
741 1279 1
741 762 1
741 1495 1
741 960 1
741 325 1
741 786 1
741 554 1
225 987 1
225 913 1
225 656 1
1341 602 1
173 299 1
173 583 1
173 145 1
173 897 1
173 1434 1
173 914 1
173 517 1
173 262 1
173 1770 1
173 483 1
1778 592 1
1778 1561 1
729 1154 1
120 771 1
120 135 1
120 267 1
120 658 1
120 1289 1
120 678 1
120 545 1
120 285 1
120 52 1
1152 609 1
1738 319 1
353 1789 1
353 1000 1
353 1660 1
353 1092 1
353 1079 1
353 863 1
353 1533 1
353 948 1
353 604 1
162 1234 1
162 1053 1
162 781 1
162 463 1
162 1812 1
162 1620 1
523 314 1
523 507 1
523 443 1
523 104 1
887 1065 1
887 836 1
887 1743 1
887 1759 1
540 379 1
540 420 1
540 481 1
540 1168 1
540 1797 1
540 599 1
540 692 1
540 883 1
540 1428 1
540 35 1
702 1724 1
702 1704 1
1234 801 1
158 241 1
158 516 1
158 1212 1
158 276 1
158 1492 1
158 1071 1
85 873 1
1631 1447 1
1631 1521 1
1631 1302 1
1631 871 1
1631 1286 1
1631 851 1
1631 100 1
1631 1372 1
1631 568 1
1631 1340 1
1631 525 1
1631 872 1
1631 630 1
1631 831 1
1631 1222 1
1121 748 1
1121 474 1
1121 1499 1
1121 1645 1
1121 1527 1
170 1601 1
761 977 1
761 1568 1
922 1113 1
922 1175 1
922 1810 1
922 576 1
922 1007 1
614 1370 1
1807 1388 1
1807 1310 1
1807 343 1
1807 763 1
1807 794 1
1807 694 1
1807 1052 1
1807 915 1
1807 318 1
1362 1316 1
966 1294 1
238 746 1
238 1787 1
238 132 1
238 1325 1
238 454 1
1476 335 1
775 1490 1
98 1493 1
98 1408 1
98 1056 1
98 615 1
98 439 1
98 22 1
432 308 1
432 1423 1
432 806 1
834 1088 1
834 436 1
1463 1271 1
315 1732 1
315 946 1
315 110 1
1659 242 1
1659 1221 1
384 666 1
384 41 1
384 472 1
384 1111 1
384 1237 1
384 1782 1
547 1491 1
547 203 1
547 1822 1
547 431 1
547 351 1
1139 250 1
1139 10 1
414 505 1
414 571 1
414 502 1
414 1252 1
414 1726 1
414 363 1
414 1219 1
414 508 1
414 1760 1
414 109 1
414 565 1
414 664 1
64 1308 1
64 213 1
64 726 1
1664 254 1
1664 196 1
1664 1744 1
1664 584 1
682 357 1
682 1534 1
1439 619 1
1439 1121 1
1439 513 1
1439 282 1
1439 76 1
1439 848 1
1439 657 1
1439 1371 1
1383 1496 1
670 451 1
670 521 1
1699 910 1
1603 779 1
759 741 1
759 887 1
759 1306 1
759 712 1
1558 1551 1
579 1464 1
579 1266 1
539 854 1
1212 1169 1
1212 331 1
1212 550 1
1212 36 1
1212 936 1
1212 1129 1
69 464 1
69 1690 1
1177 153 1
1092 840 1
695 144 1
695 665 1
1758 1085 1
1758 1364 1
1758 1032 1
1758 1762 1
1758 855 1
1758 89 1
1758 1133 1
1758 725 1
955 739 1
955 292 1
955 844 1
955 69 1
955 613 1
955 1795 1
955 764 1
955 1675 1
955 140 1
955 527 1
955 102 1
955 473 1
955 333 1
955 570 1
955 1089 1
955 1059 1
955 1416 1
896 1804 1
896 65 1
418 90 1
418 600 1
1083 453 1
1083 1415 1
1083 421 1
1083 471 1
1083 1574 1
1083 1818 1
1083 278 1
680 288 1
849 669 1
1008 1115 1
1008 1093 1
1008 246 1
1008 1473 1
1008 1623 1
219 534 1
219 1719 1
219 133 1
219 678 1
219 53 1
219 452 1
219 369 1
219 892 1
677 1808 1
677 485 1
677 1590 1
1455 941 1
1455 341 1
1455 339 1
1715 1515 1
1715 642 1
1715 1107 1
1715 773 1
1715 1706 1
1715 21 1
1466 603 1
1466 1258 1
1466 1402 1
1466 1136 1
1466 1335 1
1157 187 1
1244 1334 1
1206 1483 1
1728 131 1
1728 1772 1
1728 1591 1
1728 1791 1
1728 1094 1
1728 47 1
1728 1188 1
634 783 1
634 1761 1
634 378 1
634 699 1
279 841 1
283 962 1
283 1211 1
283 716 1
283 1100 1
283 1050 1
283 661 1
283 4 1
283 233 1
283 503 1
283 437 1
283 326 1
283 50 1
751 756 1
751 26 1
751 322 1
751 1624 1
751 327 1
751 1087 1
564 1640 1
209 1575 1
209 460 1
920 961 1
920 486 1
1570 1078 1
1570 1005 1
995 902 1
995 1347 1
995 355 1
995 1249 1
995 132 1
995 999 1
995 900 1
995 1425 1
203 1588 1
203 183 1
203 891 1
537 856 1
537 106 1
1357 1456 1
1357 320 1
1384 1120 1
1384 562 1
312 778 1
357 679 1
80 120 1
80 1484 1
80 277 1
80 670 1
80 1757 1
80 1173 1
80 1432 1
80 1611 1
80 218 1
80 121 1
80 742 1
80 1196 1
80 673 1
1626 1017 1
1626 46 1
1626 376 1
1581 1126 1
1581 496 1
1581 675 1
1581 1413 1
1581 1702 1
1581 1494 1
1581 465 1
1581 649 1
1581 1399 1
1581 1698 1
1581 1637 1
1581 228 1
1581 755 1
49 579 1
49 945 1
1386 1651 1
1386 11 1
1386 1657 1
1386 1004 1
1395 1629 1
1395 1682 1
1395 63 1
396 1250 1
396 1081 1
396 765 1
396 1612 1
396 181 1
396 128 1
396 1459 1
396 580 1
396 88 1
1184 1108 1
1184 790 1
1184 574 1
1184 274 1
941 744 1
367 490 1
1314 1134 1
1314 83 1
1314 933 1
1314 415 1
1314 470 1
1314 16 1
950 1226 1
950 760 1
302 324 1
302 264 1
302 5 1
302 1448 1
302 1326 1
302 195 1
302 6 1
302 1030 1
916 791 1
916 1373 1
492 1380 1
492 289 1
1328 1699 1
1328 1212 1
1328 640 1
1328 1355 1
1328 1348 1
1328 51 1
1328 397 1
1328 758 1
1328 538 1
1328 1098 1
1328 37 1
1328 407 1
1328 1454 1
1328 115 1
1511 84 1
1511 954 1
1511 93 1
1511 1036 1
1511 1477 1
1708 247 1
1708 427 1
1708 700 1
1452 823 1
1392 1171 1
1392 1610 1
1392 1067 1
1392 747 1
1392 738 1
1392 1438 1
1392 1185 1
1392 1794 1
1392 589 1
1392 633 1
552 1091 1
552 413 1
78 1751 1
78 1149 1
78 1135 1
78 1571 1
78 718 1
78 697 1
78 624 1
78 864 1
1155 306 1
1155 768 1
1155 1710 1
1155 493 1
1155 784 1
1155 122 1
1155 298 1
1155 1239 1
1155 1780 1
1155 1752 1
1155 1316 1
1155 1035 1
1155 938 1
1155 838 1
1155 1248 1
1155 1277 1
1155 202 1
1155 185 1
1155 905 1
1155 690 1
1155 1506 1
1155 531 1
1155 727 1
1155 500 1
1155 57 1
1155 1015 1
1155 212 1
1155 1793 1
1155 166 1
1155 1747 1
1155 67 1
1155 515 1
1155 1485 1
1442 309 1
1442 1696 1
1442 1653 1
280 631 1
280 967 1
113 1225 1
113 1769 1
113 1101 1
113 488 1
113 1375 1
113 1433 1
113 498 1
144 442 1
343 623 1
830 757 1
830 1393 1
830 392 1
830 347 1
830 879 1
830 290 1
830 1125 1
1330 908 1
1330 1351 1
1330 1246 1
1330 717 1
1330 377 1
947 1390 1
947 491 1
947 993 1
1649 20 1
1649 219 1
1649 804 1
1649 455 1
1649 304 1
1649 852 1
1649 970 1
381 1397 1
587 1042 1
991 380 1
738 1741 1
738 1067 1
738 747 1
738 362 1
738 1060 1
1816 1179 1
1816 222 1
1816 1616 1
1816 1356 1
1816 1339 1
1816 988 1
1816 1291 1
713 154 1
588 867 1
588 511 1
588 1469 1
588 845 1
588 1774 1
588 1273 1
588 1269 1
588 585 1
588 281 1
588 1763 1
588 1047 1
588 504 1
588 194 1
588 178 1
588 1295 1
588 1652 1
588 1422 1
588 137 1
1305 97 1
1305 1374 1
1305 1082 1
1305 737 1
1514 1153 1
1514 985 1
1514 223 1
1514 553 1
1514 1319 1
1514 610 1
1514 383 1
1514 1605 1
1514 676 1
1514 817 1
782 779 1
932 1073 1
58 279 1
58 850 1
58 551 1
58 1207 1
58 1366 1
58 1567 1
58 482 1
901 1247 1
520 691 1
520 982 1
520 332 1
520 1716 1
520 1730 1
520 179 1
1602 918 1
1602 235 1
1602 815 1
1602 129 1
1602 975 1
1602 1020 1
1602 1562 1
1602 637 1
732 399 1
732 1109 1
732 512 1
732 1707 1
732 1733 1
1471 1544 1
1471 1511 1
1471 79 1
1471 1178 1
1471 1520 1
1471 1159 1
1076 171 1
1076 1799 1
1076 208 1
1076 1543 1
230 1564 1
230 1159 1
903 1384 1
903 1431 1
903 593 1
903 1596 1
903 1503 1
903 1691 1
903 769 1
903 1458 1
903 152 1
903 295 1
903 66 1
903 719 1
903 813 1
903 1174 1
903 1276 1
1802 634 1
1802 1112 1
1814 645 1
1662 1788 1
1573 951 1
1573 61 1
1573 1141 1
1099 1283 1
1099 112 1
1099 1627 1
76 563 1
76 1349 1
305 350 1
976 1194 1
976 1470 1
976 1278 1
976 963 1
976 698 1
976 1798 1
976 1585 1
1078 156 1
1078 1265 1
1343 1180 1
1343 294 1
1005 48 1
1005 1231 1
899 406 1
1438 1235 1
1438 1545 1
1438 180 1
1438 1587 1
1438 317 1
1438 271 1
1438 497 1
1438 620 1
1438 1421 1
1438 998 1
1563 1013 1
1563 523 1
1563 1453 1
1563 479 1
1563 1130 1
1563 858 1
1563 635 1
1563 1764 1
1563 92 1
1563 30 1
1563 714 1
1563 659 1
1563 906 1
1003 1420 1
1003 1481 1
1003 1580 1
1003 818 1
1003 189 1
1003 1800 1
1003 444 1
1003 546 1
1003 1701 1
1509 1322 1
1509 1413 1
1509 1014 1
1509 157 1
983 1604 1
983 1581 1
983 1708 1
983 144 1
983 843 1
983 701 1
983 1197 1
983 931 1
983 1727 1
983 868 1
983 865 1
983 1531 1
983 1650 1
983 704 1
1288 1614 1
1288 653 1
1742 686 1
1742 861 1
1742 1409 1
1742 433 1
1742 1257 1
1742 1236 1
1742 556 1
334 932 1
334 445 1
334 1486 1
334 800 1
609 990 1
609 1412 1
609 799 1
609 1131 1
1443 1592 1
252 177 1
252 972 1
252 1158 1
252 1480 1
252 462 1
252 1315 1
252 1170 1
252 1497 1
1817 114 1
1297 798 1
1297 232 1
1297 1811 1
1297 1216 1
1297 184 1
1297 1187 1
1297 1114 1
1297 426 1
1299 1717 1
1299 374 1
1299 33 1
1299 337 1
1299 466 1
1299 499 1
1299 1145 1
1299 1656 1
415 91 1
415 812 1
969 1206 1
969 721 1
969 240 1
1058 163 1
1058 1550 1
1058 705 1
940 1529 1
940 1768 1
940 477 1
940 102 1
940 253 1
940 1208 1
557 1603 1
557 1784 1
557 1210 1
557 176 1
557 1332 1
557 1765 1
557 548 1
586 124 1
586 59 1
1006 1327 1
1006 1686 1
1006 1027 1
1006 31 1
1006 116 1
447 720 1
447 1386 1
447 1689 1
447 3 1
596 1546 1
1689 885 1
1689 34 1
1689 591 1
1689 1633 1
1689 1323 1
1669 671 1
1214 265 1
1214 1487 1
1214 1391 1
1214 1638 1
1474 1150 1
1474 1703 1
1474 1414 1
1474 1048 1
814 594 1
27 974 1
27 973 1
216 238 1
216 197 1
216 1333 1
216 1215 1
216 1582 1
216 1452 1
216 409 1
14 350 1
1472 99 1
1472 1731 1
1472 616 1
1472 1621 1
217 522 1
217 930 1
217 275 1
217 1164 1
217 1251 1
217 1061 1
478 321 1
160 39 1
160 1292 1
160 330 1
160 689 1
1557 354 1
1557 1259 1
1557 268 1
1557 1095 1
859 917 1
859 1776 1
859 103 1
859 958 1
1228 177 1
1228 358 1
1342 1684 1
1342 575 1
1047 245 1
127 776 1
127 581 1
127 261 1
127 1043 1
127 1608 1
127 1671 1
127 939 1
127 1193 1
127 459 1
127 1161 1
127 408 1
127 567 1
127 878 1
127 146 1
127 1057 1
127 1746 1
127 1024 1
616 780 1
616 929 1
1021 745 1
1021 1357 1
1021 193 1
1021 926 1
1021 1019 1
1021 684 1
1021 837 1
1611 42 1
1611 992 1
1270 237 1
1270 315 1
1270 1177 1
1270 1142 1
352 839 1
1668 147 1
1668 820 1
1668 921 1
1668 159 1
1668 134 1
1668 1526 1
1668 1648 1
1668 1123 1
1668 824 1
1105 1096 1
25 405 1
1344 1709 1
1665 1301 1
1665 537 1
1665 598 1
1665 1369 1
1665 1318 1
1665 1354 1
1764 104 1
207 1341 1
207 709 1
207 416 1
207 105 1
207 1116 1
207 1261 1
207 736 1
1734 1080 1
1734 1031 1
1734 1756 1
186 300 1
186 1462 1
186 1442 1
186 1224 1
186 1293 1
1025 729 1
1025 1538 1
1025 215 1
1025 440 1
1025 1535 1
1025 1630 1
1025 286 1
1025 243 1
1025 283 1
1025 1676 1
1025 1406 1
1025 1151 1
1025 273 1
1025 994 1
1025 1517 1
1025 160 1
1025 468 1
1025 1202 1
1025 1086 1
1025 731 1
1025 964 1
1025 387 1
1025 1072 1
1025 572 1
1025 1016 1
269 803 1
1647 1777 1
1647 1014 1
638 1444 1
638 808 1
638 770 1
638 458 1
826 495 1
826 1102 1
1377 45 1
1377 853 1
612 386 1
612 1426 1
612 428 1
612 287 1
612 372 1
1204 529 1
1204 259 1
1204 1321 1
1204 1524 1
1204 1540 1
1204 1099 1
1204 151 1
1204 118 1
1204 360 1
1204 441 1
1204 301 1
1204 1311 1
1204 952 1
1371 1681 1
70 1805 1
503 1394 1
370 893 1
839 1786 1
839 680 1
839 1268 1
839 1034 1
839 476 1
839 1346 1
839 674 1
728 1785 1
728 1011 1
728 811 1
728 1082 1
728 632 1
728 270 1
728 1028 1
728 1002 1
728 1635 1
489 876 1
1707 1191 1
72 1738 1
446 1055 1
1465 715 1
1465 869 1
68 1723 1
68 1430 1
68 1190 1
68 1075 1
68 1440 1
68 214 1
68 980 1
663 1643 1
663 62 1
663 1642 1
663 419 1
663 935 1
663 9 1
663 1437 1
663 1594 1
663 190 1
1232 880 1
1287 1528 1
1287 1711 1
1287 846 1
1287 1595 1
1287 506 1
1287 937 1
412 422 1
412 461 1
412 608 1
412 732 1
412 1103 1
412 1613 1
412 683 1
412 890 1
1084 1253 1
1685 1352 1
1685 1713 1
1685 1118 1
188 614 1
188 236 1
188 1418 1
188 881 1
188 710 1
188 928 1
1064 73 1
1187 1312 1
1187 957 1
1187 658 1
1187 1725 1
1187 285 1
621 1275 1
411 1737 1
411 1407 1
411 1411 1
56 702 1
56 1674 1
56 724 1
56 1001 1
3 1360 1
3 822 1
3 449 1
3 303 1
886 94 1
886 1037 1
886 210 1
886 1712 1
886 1641 1
886 7 1
886 543 1
911 752 1
911 1296 1
911 1410 1
911 1041 1
911 647 1
911 1345 1
911 1172 1
310 1467 1
310 870 1
310 1303 1
310 1229 1
310 651 1
310 1429 1
310 617 1
310 1680 1
310 1264 1
310 328 1
310 272 1
310 248 1
310 1385 1
323 1749 1
323 38 1
323 107 1
323 1062 1
323 1199 1
323 1666 1
323 307 1
1102 175 1
1102 495 1
1102 1272 1
1102 398 1
1534 1267 1
1534 1143 1
1534 1779 1
1534 403 1
1534 1039 1
1534 1790 1
1534 344 1
1767 662 1
1767 385 1
1242 797 1
1242 393 1
1242 968 1
1242 1654 1
1242 1512 1
1242 1478 1
1242 1298 1
1242 1074 1
1242 1381 1
1242 1622 1
1584 117 1
1584 796 1
389 830 1
206 1518 1
206 1307 1
206 1395 1
206 1541 1
206 296 1
206 730 1
206 595 1
206 1513 1
148 1338 1
66 1619 1
66 1398 1
66 256 1
66 1565 1
66 907 1
66 425 1
66 40 1
66 394 1
66 1022 1
66 1443 1
66 1474 1
66 1615 1
66 1457 1
66 1156 1
66 366 1
66 533 1
66 1242 1
66 1441 1
66 142 1
66 1376 1
66 338 1
66 373 1
66 819 1
66 735 1
66 1739 1
66 1536 1
1569 139 1
1569 586 1
1569 469 1
1634 1195 1
1634 1148 1
1634 1365 1
1634 857 1
1634 157 1
1634 714 1
204 1766 1
1530 1026 1
1530 912 1
860 807 1
860 1009 1
1186 1745 1
1186 1331 1
1186 1378 1
1186 221 1
1186 901 1
1186 1555 1
1186 291 1
1186 1090 1
1186 1379 1
1254 340 1
1254 628 1
1254 1821 1
1254 359 1
400 164 1
400 108 1
1147 1033 1
1449 1066 1
1449 1436 1
1449 1300 1
1449 687 1
1449 874 1
1449 934 1
989 688 1
989 263 1
989 457 1
989 1504 1
1482 1044 1
1482 249 1
1482 1553 1
1482 191 1
1482 1238 1
1482 1063 1
1482 74 1
1482 1117 1
1482 536 1
1482 1200 1
1482 484 1
1482 734 1
1482 136 1
1482 435 1
1482 1304 1
1482 1359 1
1482 1045 1
1482 1309 1
1482 1589 1
1482 866 1
1482 123 1
1482 1617 1
1700 644 1
1656 1124 1
1656 226 1
1656 1220 1
1656 510 1
1656 266 1
1656 55 1
1656 1160 1
1656 524 1
1656 754 1
1656 368 1
102 1507 1
102 1097 1
102 772 1
199 509 1
199 293 1
199 2 1
199 577 1
473 1460 1
473 777 1
333 646 1
375 1498 1
375 1748 1
375 650 1
375 1181 1
375 1119 1
1577 1 1
468 528 1
468 1461 1
12 1401 1
12 1137 1
1243 192 1
23 401 1
23 1358 1
23 1427 1
23 767 1
297 1282 1
1531 1367 1
1531 590 1
1531 1254 1
1531 17 1
1531 1038 1
275 77 1
275 1162 1
275 582 1
275 711 1
275 1223 1
909 1389 1
909 943 1
909 348 1
909 1176 1
541 740 1
541 1606 1
541 1405 1
1687 1508 1
1687 1262 1
1754 1663 1
1754 224 1
1754 1336 1
1754 1290 1
1644 1314 1
731 535 1
1781 560 1
1010 1548 1
1502 722 1
1747 1697 1
1051 143 1
1051 828 1
1051 1104 1
1051 1572 1
1051 1532 1
1051 15 1
1051 448 1
1051 544 1
1809 86 1
1809 810 1
1809 1816 1
1809 1465 1
1809 753 1
1809 1687 1
1809 1446 1
1809 1435 1
18 1138 1
18 842 1
18 1396 1
18 1438 1
18 1363 1
1639 1735 1
1639 766 1
743 155 1
813 1431 1
1132 643 1
1132 252 1
1132 733 1
1132 809 1
1132 211 1
1020 1566 1
1020 514 1
1020 795 1
1020 227 1
1020 1632 1
1020 12 1
1020 13 1
200 432 1
200 1260 1
200 606 1
1479 805 1
1479 401 1
1479 1069 1
1479 1554 1
1479 627 1
1479 1621 1
862 1240 1
501 981 1
501 424 1
501 542 1
501 467 1
501 788 1
501 888 1
501 280 1
501 1705 1
501 390 1
501 365 1
501 1106 1
501 1329 1
501 284 1
43 518 1
43 1720 1
1695 1771 1
1695 1068 1
1695 1166 1
1695 1403 1
1695 1593 1
664 1274 1
1233 1678 1
1233 345 1
1233 138 1
1233 1796 1
1233 1549 1
1233 78 1
1233 113 1
1233 569 1
1233 371 1
1233 814 1
1233 1658 1
1233 924 1
1233 1740 1
1233 411 1
1233 1046 1
1233 1577 1
1233 1201 1
28 652 1
1673 172 1
8 82 1
8 130 1
8 101 1
8 925 1
8 165 1
8 847 1
8 1245 1
8 1598 1
8 1819 1
8 1203 1
8 1813 1
8 456 1
8 95 1
8 1489 1
894 1122 1
944 1820 1
1792 1516 1
1792 1217 1
1792 430 1
29 167 1
29 1629 1
29 1012 1
29 141 1
1576 1475 1
1576 349 1
1576 1542 1
1110 834 1
1110 667 1
1110 32 1
1110 1523 1
1110 1054 1
1110 1368 1
1110 1218 1
1110 1040 1
1110 1422 1
1110 494 1
1110 169 1
785 636 1
1167 1361 1
1167 1505 1
1167 1597 1
1167 423 1
1167 1767 1
1167 87 1
1167 1285 1
1167 1714 1
1167 438 1
1547 558 1
1547 1522 1
1547 695 1
1547 161 1
1547 1445 1
1547 875 1
1547 1029 1
1547 526 1
449 1803 1
1722 949 1
1533 942 1
1755 417 1
15 1609 1
15 1559 1
626 1773 1
626 1387 1
626 1023 1
487 1750 1
487 821 1
251 629 1
251 919 1
251 81 1
1227 1618 1
1227 1450 1
1227 889 1
1281 1451 1
1281 1205 1
1417 1353 1
1417 1775 1
407 789 1
407 703 1
1337 860 1
1337 457 1
1029 311 1
1029 1636 1
1029 601 1
971 995 1
971 520 1
971 1140 1
971 410 1
971 829 1
971 258 1
971 375 1
971 391 1
971 1213 1
971 231 1
683 1693 1
792 723 1
792 255 1
792 1182 1
792 774 1
792 611 1
792 530 1
792 475 1
792 1317 1
792 1729 1
1694 1556 1
1694 234 1
1694 150 1
1694 578 1
750 342 1
1488 1646 1
1652 149 1
1652 1320 1
1652 617 1
1652 1583 1
1164 1146 1
1164 329 1
1164 561 1
1164 1579 1
1164 1128 1
1164 1600 1
978 1144 1
978 1688 1
448 257 1
448 1077 1
1183 953 1
1183 597 1
1183 1667 1
1183 303 1
1030 429 1
816 825 1
816 96 1
816 1815 1
816 1721 1
816 205 1
816 501 1
816 1018 1
303 1501 1
303 959 1
303 1360 1
303 474 1
303 346 1
303 822 1
303 260 1
1625 1525 1
1589 1806 1
1589 1404 1
1589 1519 1
1589 382 1
668 1263 1
802 54 1
802 607 1
573 308 1
573 616 1
573 313 1
1655 1049 1
1655 71 1
1655 1672 1
1655 532 1
1801 395 1
1163 549 1
1163 1692 1
796 566 1
796 1241 1
796 639 1
796 75 1
796 198 1
796 434 1
796 895 1
1736 625 1
1736 1679 1
1736 1500 1
1736 361 1
1736 1510 1
1276 648 1
1683 1288 1
833 898 1
833 1677 1
833 1255 1
833 1468 1
289 1419 1
289 1628 1
877 622 1
877 1322 1
877 1209 1
877 1165 1
877 549 1
877 125 1
877 923 1
877 750 1
1280 1539 1
1280 111 1
1280 1599 1
1280 605 1
1280 660 1
413 182 1
413 835 1
413 904 1
123 1578 1
123 1313 1
123 1382 1
123 388 1
123 1127 1
544 1664 1
544 1634 1
559 965 1
559 655 1
559 244 1
559 402 1
606 1718 1
606 126 1
606 665 1
986 708 1
986 60 1
986 793 1
986 1400 1
986 70 1
986 1284 1
986 336 1
986 1586 1
787 1350 1
1198 641 1
1198 685 1
1198 1424 1
1198 19 1
1198 174 1
1198 681 1
1198 1783 1
1552 1560 1
1585 24 1
1585 44 1
1585 827 1
1585 1537 1
1585 1324 1
1585 979 1
1585 696 1
1585 956 1
