107 2218 1
598 899 1
598 624 1
598 2199 1
598 1901 1
598 3006 1
1083 952 1
1083 1646 1
1083 2073 1
2235 2401 1
2235 1952 1
2235 547 1
2235 2388 1
2235 2683 1
2235 2921 1
2228 2665 1
2228 409 1
177 970 1
177 1801 1
177 2424 1
177 260 1
177 1054 1
177 869 1
177 402 1
2404 2357 1
2815 2561 1
2815 1005 1
2815 3131 1
2815 568 1
2815 2996 1
2815 192 1
2815 622 1
2815 1912 1
2815 796 1
2588 217 1
2588 2618 1
2588 1728 1
2588 464 1
2588 2437 1
2588 556 1
2588 1824 1
2588 2752 1
2588 2541 1
855 1986 1
855 2523 1
855 1139 1
855 2246 1
3017 2941 1
3017 3504 1
3017 964 1
3355 2956 1
3355 2012 1
3355 1224 1
3355 1627 1
437 2818 1
437 81 1
437 2740 1
437 2374 1
437 924 1
1207 2720 1
1207 3402 1
1207 3043 1
2393 1671 1
2393 1090 1
2393 828 1
2393 1472 1
2393 3097 1
1784 184 1
1784 1783 1
674 2478 1
3306 468 1
643 1221 1
1771 3392 1
1771 1383 1
1032 386 1
241 2312 1
2786 915 1
2786 2064 1
2786 1563 1
37 1007 1
37 1365 1
230 763 1
1877 3235 1
1877 1020 1
1877 3278 1
1202 2235 1
1202 1239 1
1202 474 1
1202 147 1
2036 2666 1
1450 1550 1
1450 3210 1
1450 2811 1
1450 120 1
1450 1778 1
1450 2615 1
1450 3346 1
1450 2038 1
1450 1096 1
1450 1981 1
1450 469 1
3320 991 1
3320 3222 1
3320 1524 1
3320 501 1
3320 2111 1
3320 1894 1
3320 516 1
3320 733 1
3320 310 1
3320 73 1
3320 3358 1
3320 98 1
3320 1035 1
2395 911 1
2395 2247 1
783 1917 1
27 2181 1
1034 1737 1
1034 2378 1
1034 1317 1
1034 3496 1
1034 3155 1
1034 337 1
1034 1966 1
2290 230 1
2290 2161 1
2290 3094 1
2290 3292 1
2290 2033 1
2290 189 1
2290 1922 1
2290 1394 1
2290 2317 1
2290 973 1
2290 2630 1
2290 3051 1
2290 218 1
2290 1992 1
2290 2506 1
2290 1597 1
2290 3254 1
2290 2943 1
2290 999 1
2290 1474 1
2290 2105 1
2290 2637 1
1303 2997 1
1303 2700 1
1303 1976 1
1303 2093 1
3049 2514 1
3049 99 1
3049 1121 1
3049 2482 1
3049 1463 1
3049 1859 1
371 1816 1
371 277 1
371 2932 1
371 1484 1
807 1875 1
807 1211 1
1513 736 1
1513 1153 1
1513 465 1
1513 953 1
1513 1097 1
1513 425 1
1513 2343 1
1513 2308 1
1513 2964 1
1513 185 1
1513 2416 1
1513 2847 1
1513 112 1
1513 2223 1
1513 626 1
1513 2924 1
1513 2819 1
1513 72 1
1513 1686 1
1513 3045 1
1513 2479 1
1513 2221 1
1513 418 1
1513 41 1
1513 2569 1
1513 3336 1
1791 2800 1
1791 2265 1
1791 421 1
1791 1077 1
1791 353 1
1791 2354 1
1791 2677 1
1791 1787 1
1791 3170 1
3172 2192 1
15 2904 1
15 819 1
335 2711 1
3343 2788 1
3344 3257 1
3227 3018 1
3227 496 1
3227 2089 1
3227 2682 1
3227 2939 1
857 1842 1
857 3476 1
857 1775 1
2028 3459 1
2028 1690 1
354 1709 1
2020 2807 1
2020 2868 1
2020 366 1
2020 2693 1
2020 1903 1
2020 1869 1
2020 767 1
3327 83 1
3327 3021 1
3293 1951 1
3293 429 1
1747 1084 1
88 115 1
88 3321 1
1512 2010 1
1911 1385 1
1911 211 1
1911 445 1
739 1310 1
739 1000 1
739 2498 1
739 751 1
739 1259 1
739 606 1
2046 2014 1
1274 2792 1
1274 94 1
1274 2787 1
1274 1878 1
1471 761 1
1471 2415 1
1471 43 1
1471 17 1
1471 2981 1
1471 2335 1
1502 2150 1
1502 1440 1
3429 1839 1
3429 1933 1
3429 1628 1
3429 380 1
1487 2726 1
1487 527 1
1487 2853 1
1487 3161 1
1487 2390 1
1487 615 1
1487 193 1
1487 350 1
2473 1153 1
2473 160 1
2473 3237 1
2473 3354 1
2473 1790 1
2473 2251 1
2473 2819 1
2473 3061 1
2473 2537 1
2473 901 1
983 244 1
983 1967 1
983 2741 1
983 2629 1
983 2397 1
983 2579 1
983 808 1
983 1305 1
154 1419 1
154 779 1
154 3265 1
154 634 1
154 104 1
154 3250 1
154 2731 1
154 677 1
154 25 1
154 1988 1
154 1464 1
154 2316 1
154 3132 1
154 2989 1
154 1813 1
154 2280 1
2504 2074 1
2867 1759 1
3179 3275 1
3179 1293 1
3179 129 1
3179 786 1
3179 1228 1
3179 1607 1
1416 3034 1
1416 354 1
1416 675 1
1416 2243 1
1416 2952 1
1416 3063 1
1416 1370 1
509 2384 1
2543 129 1
2543 1002 1
2543 1228 1
382 295 1
2686 947 1
2686 1207 1
2686 1870 1
2686 1495 1
2686 2533 1
2686 648 1
2686 2358 1
2686 188 1
2686 2122 1
2686 144 1
2686 2061 1
2686 1711 1
2686 1413 1
2686 1946 1
2686 3180 1
2686 2724 1
2686 1556 1
2686 2203 1
2686 167 1
2686 3518 1
2686 2974 1
2686 2528 1
2686 50 1
2686 3395 1
2686 1500 1
2686 301 1
2686 1987 1
2686 1880 1
2686 2808 1
2686 2458 1
2686 1546 1
2686 756 1
1236 1319 1
1236 2635 1
787 1065 1
787 1996 1
787 2935 1
787 2483 1
787 3010 1
1591 699 1
619 1864 1
1458 2616 1
571 1130 1
2864 161 1
2864 1117 1
2864 1861 1
2864 422 1
2864 980 1
2794 1553 1
2794 1129 1
2794 75 1
2794 3067 1
2794 1333 1
2794 1675 1
2794 3146 1
2794 76 1
578 384 1
578 3282 1
578 3187 1
578 2460 1
578 2796 1
578 798 1
578 3375 1
578 2966 1
578 2295 1
578 3322 1
578 597 1
578 1226 1
578 2324 1
578 3341 1
2132 2804 1
2132 2534 1
2132 667 1
2990 2721 1
2990 2051 1
2990 921 1
1217 672 1
1217 1414 1
1217 1070 1
1217 1302 1
698 4 1
698 1972 1
799 275 1
1720 1087 1
1720 1156 1
2103 2030 1
2715 323 1
2715 3052 1
2715 1093 1
2715 1879 1
2715 3033 1
2715 1885 1
2358 3247 1
2358 2838 1
2358 18 1
758 1188 1
128 2892 1
86 35 1
86 3126 1
182 546 1
182 393 1
182 1352 1
182 1437 1
182 728 1
492 873 1
492 348 1
492 2441 1
2484 2163 1
2484 930 1
2484 1827 1
2484 1273 1
2484 1953 1
2484 234 1
2484 1039 1
2484 477 1
2484 3519 1
2484 902 1
1482 3318 1
520 910 1
520 3039 1
520 1196 1
520 714 1
520 3202 1
520 165 1
520 1341 1
520 1934 1
520 3448 1
520 1036 1
835 2421 1
835 820 1
2101 2306 1
2101 857 1
2101 1210 1
2101 3190 1
2101 979 1
2101 3144 1
2101 2488 1
2101 3510 1
2101 1407 1
2101 842 1
2101 100 1
2101 843 1
2101 2499 1
3140 2734 1
3140 2173 1
3140 1772 1
483 1157 1
483 3409 1
483 258 1
562 2530 1
3450 1720 1
3450 2372 1
3450 1649 1
3450 124 1
3450 3337 1
344 2323 1
3338 3277 1
3338 2524 1
3338 1850 1
3338 753 1
3338 1166 1
3338 1676 1
2748 1396 1
2748 1353 1
2748 611 1
2748 1969 1
2017 916 1
2017 436 1
2017 299 1
2017 3500 1
1078 2318 1
1078 2413 1
1078 1899 1
1078 478 1
1078 2208 1
1258 3087 1
2897 2678 1
2897 1578 1
2897 696 1
2897 1184 1
2897 2696 1
815 3077 1
2762 2224 1
2762 1623 1
2762 800 1
774 250 1
774 2360 1
774 1137 1
774 106 1
774 485 1
774 2905 1
774 2945 1
774 5 1
774 827 1
774 2456 1
1267 431 1
1267 2302 1
1267 693 1
1267 146 1
1267 896 1
1267 1317 1
1267 3416 1
393 1540 1
2060 2442 1
2060 2646 1
2060 3088 1
2060 1136 1
2060 1103 1
866 2178 1
172 1331 1
172 1094 1
172 196 1
172 2447 1
172 497 1
172 1595 1
172 2331 1
172 678 1
600 813 1
600 1536 1
600 3219 1
600 2516 1
600 2160 1
600 3194 1
194 2120 1
194 2091 1
194 1650 1
194 1810 1
194 1264 1
194 1583 1
194 1729 1
194 1250 1
194 432 1
194 1805 1
194 315 1
194 1024 1
1185 291 1
2403 1373 1
2403 607 1
1548 2903 1
1548 3427 1
1548 1867 1
3000 1982 1
3000 1757 1
296 2893 1
296 1585 1
296 942 1
3279 1178 1
3279 3213 1
3279 1439 1
3279 1840 1
2553 2075 1
1130 833 1
1130 2987 1
1130 3380 1
1130 3492 1
1130 1044 1
1130 1237 1
1130 1330 1
1130 661 1
1130 1949 1
1130 2262 1
1130 3032 1
1130 1110 1
1130 2255 1
1130 306 1
1130 1150 1
1130 2367 1
1130 3391 1
2679 2650 1
2679 173 1
2679 2332 1
2679 2944 1
2679 303 1
91 582 1
91 3487 1
91 3436 1
647 1707 1
647 2121 1
647 307 1
647 2175 1
647 3501 1
647 2322 1
2485 3053 1
2485 1959 1
2485 2691 1
2485 1499 1
2485 2325 1
2485 2407 1
2485 2930 1
2485 2327 1
2485 33 1
2485 1320 1
2485 2593 1
2485 587 1
2485 191 1
486 498 1
486 1015 1
1208 2933 1
3118 1888 1
631 1702 1
631 1968 1
631 1219 1
631 3199 1
631 536 1
631 1602 1
631 1689 1
631 2908 1
631 1919 1
631 2569 1
2167 2128 1
2167 1165 1
2167 45 1
2167 2124 1
2167 3451 1
3228 3260 1
2158 267 1
2158 1191 1
2158 802 1
204 962 1
2853 2889 1
2853 3308 1
2853 3400 1
2853 507 1
2853 2820 1
2853 1915 1
2853 1523 1
2211 1067 1
2211 3255 1
2211 2168 1
2211 2790 1
2211 1455 1
2211 3098 1
2211 2237 1
2211 1962 1
2211 346 1
2211 3437 1
2821 724 1
2821 1390 1
1704 679 1
1704 2549 1
1704 412 1
1704 716 1
1404 2602 1
1404 2299 1
1404 1282 1
1404 2249 1
1404 665 1
1404 1520 1
1404 487 1
3458 2337 1
3458 1120 1
3324 2619 1
3324 3239 1
3324 2100 1
3324 2519 1
3324 3046 1
3324 3274 1
3324 2627 1
3324 3226 1
3324 47 1
3324 447 1
812 1566 1
812 3303 1
1257 1708 1
1257 2642 1
1399 364 1
1399 3483 1
1399 1616 1
3111 637 1
3111 111 1
3111 2005 1
3111 1797 1
3111 502 1
3111 2454 1
3111 938 1
3111 96 1
254 2128 1
254 2265 1
254 2369 1
254 2125 1
254 1077 1
254 45 1
254 2124 1
254 133 1
254 1642 1
254 996 1
1926 2902 1
1926 1045 1
1786 1587 1
1786 524 1
1786 3342 1
1786 2674 1
2842 1300 1
2842 3430 1
2842 2309 1
2842 134 1
2842 3473 1
2842 148 1
2842 1315 1
2842 2601 1
2842 3261 1
2842 729 1
2842 3167 1
2842 2870 1
2842 2567 1
2778 187 1
3333 2427 1
3333 502 1
3333 2653 1
3333 1470 1
3333 1061 1
3333 1377 1
379 1618 1
644 1119 1
1677 2946 1
1677 441 1
1677 3145 1
1677 419 1
1677 1900 1
1677 1420 1
1677 2810 1
1677 1329 1
1092 715 1
1092 2568 1
1092 821 1
1092 2217 1
1092 175 1
1092 1718 1
1239 889 1
1239 1063 1
1239 1344 1
1239 1923 1
1239 1321 1
1239 1126 1
1239 1105 1
1574 2663 1
1574 3357 1
1574 2538 1
1574 1467 1
944 853 1
944 171 1
3087 62 1
3087 455 1
3087 773 1
3087 3206 1
3087 1758 1
1653 2123 1
1653 2293 1
1653 3022 1
1281 551 1
3328 2970 1
3328 1361 1
3328 1408 1
737 1301 1
737 859 1
737 123 1
737 74 1
3255 1035 1
624 2029 1
624 2197 1
624 1402 1
2814 2906 1
2570 2525 1
2570 523 1
274 2090 1
274 2008 1
274 1349 1
274 278 1
2548 932 1
3240 1017 1
1921 1081 1
1921 488 1
1921 2844 1
1921 1294 1
1789 2037 1
1789 358 1
1789 3112 1
998 56 1
1234 825 1
2685 1308 1
2296 1940 1
2296 984 1
2296 1379 1
2296 2457 1
2296 3146 1
2296 1359 1
2296 236 1
2796 342 1
2796 2587 1
2299 86 1
2299 1338 1
2299 1411 1
2299 2027 1
2299 2135 1
2299 2865 1
2299 1740 1
2299 1395 1
2299 1365 1
2299 2042 1
2299 2451 1
2299 333 1
109 697 1
109 2703 1
109 1041 1
2644 2613 1
2644 141 1
1197 1284 1
1197 3507 1
1197 2470 1
1197 3319 1
1197 2077 1
1197 168 1
1197 847 1
468 1562 1
468 245 1
2326 2065 1
2326 2730 1
2326 58 1
3075 1195 1
2664 1141 1
2664 1817 1
2664 352 1
2664 2612 1
53 1937 1
53 211 1
53 3138 1
989 2965 1
989 3241 1
989 2968 1
646 3140 1
646 3281 1
646 1332 1
646 2382 1
646 2129 1
654 928 1
654 2031 1
591 1316 1
1761 1173 1
2399 2718 1
2399 2995 1
2768 1447 1
2768 459 1
2768 3289 1
2857 2586 1
2857 3128 1
1167 1611 1
448 1791 1
272 2284 1
272 456 1
1794 3200 1
1794 13 1
1794 1558 1
1794 91 1
1794 1541 1
1794 738 1
1794 635 1
1794 202 1
1794 3256 1
1794 2858 1
1794 1138 1
1794 1001 1
1794 890 1
1794 2489 1
1794 1131 1
1794 2363 1
1794 1751 1
1794 1581 1
457 1764 1
457 1162 1
457 2912 1
457 2193 1
457 553 1
457 757 1
457 2477 1
1010 1531 1
1010 3076 1
1010 784 1
2092 2182 1
2092 3008 1
2092 3127 1
603 663 1
603 1386 1
603 2361 1
603 2709 1
832 1369 1
832 1027 1
832 521 1
832 3147 1
1765 401 1
70 1424 1
70 636 1
70 2634 1
70 2414 1
70 3339 1
70 2279 1
70 2574 1
70 3229 1
70 533 1
70 1366 1
70 1182 1
70 2232 1
778 3352 1
1425 961 1
1425 765 1
1425 630 1
1425 877 1
1425 2384 1
1425 1857 1
1425 1456 1
1425 2303 1
1425 2931 1
1425 816 1
1425 1893 1
1425 417 1
1425 1756 1
1425 3019 1
1425 2184 1
1425 355 1
1425 2134 1
1425 2032 1
152 1180 1
152 1663 1
152 992 1
152 284 1
3295 3090 1
3295 453 1
3295 2391 1
3295 3081 1
3295 6 1
2859 1222 1
2859 1537 1
2859 2655 1
465 2144 1
1596 3441 1
1596 178 1
1596 135 1
1596 509 1
1596 703 1
1596 545 1
1596 2133 1
1596 2432 1
1596 3454 1
1596 2597 1
1596 2430 1
1596 1930 1
1596 3014 1
2659 585 1
2659 398 1
2659 2481 1
2659 993 1
1567 2911 1
798 906 1
2854 2954 1
2854 1056 1
1423 2582 1
411 1488 1
411 395 1
411 1328 1
411 2772 1
411 650 1
411 1673 1
411 2873 1
411 1431 1
411 1698 1
2305 570 1
2305 1872 1
2081 1203 1
3417 1504 1
3417 265 1
3417 153 1
3417 2094 1
3417 1248 1
3417 638 1
3417 3262 1
3417 2782 1
1649 2737 1
2102 2797 1
2102 237 1
2102 3363 1
108 228 1
3002 616 1
3002 2000 1
3457 3178 1
3457 2079 1
3457 2245 1
3457 1088 1
3457 2362 1
3457 3217 1
3457 627 1
249 603 1
249 1785 1
249 186 1
249 2209 1
1456 1846 1
2886 1147 1
2886 2039 1
988 3016 1
988 3004 1
376 1914 1
376 281 1
376 145 1
1605 1392 1
1605 3244 1
1605 2043 1
84 240 1
84 3423 1
84 741 1
2866 396 1
2547 2560 1
2547 2143 1
2190 2285 1
2190 908 1
2190 2474 1
2190 856 1
2190 1232 1
2190 2412 1
2016 1849 1
2016 1814 1
485 324 1
2421 2230 1
2421 1876 1
2421 3238 1
2421 2743 1
3439 2098 1
3439 255 1
3439 29 1
3439 1748 1
3439 1389 1
3439 597 1
3439 2286 1
3439 1265 1
3439 968 1
543 895 1
921 3283 1
136 2649 1
136 801 1
136 660 1
1767 1444 1
1767 1160 1
1767 40 1
1767 2443 1
1241 1693 1
1241 1555 1
1241 778 1
1241 3384 1
1241 3367 1
1241 2212 1
1241 1505 1
917 1637 1
2268 2117 1
2268 2770 1
2268 2119 1
2268 719 1
2268 1848 1
2268 581 1
2268 1113 1
3234 1947 1
322 2795 1
322 3075 1
322 1318 1
1489 3482 1
1489 3069 1
1489 3058 1
1489 830 1
1489 1712 1
1489 2613 1
2890 2554 1
392 862 1
392 1633 1
392 755 1
392 208 1
392 2761 1
2052 1198 1
2052 897 1
1132 1973 1
1132 2840 1
2446 584 1
2446 946 1
2446 2633 1
2446 1560 1
2446 2531 1
2446 2578 1
2446 2258 1
2013 2887 1
2459 2860 1
1063 376 1
1063 2739 1
1063 63 1
1063 494 1
1063 1466 1
1063 3223 1
1063 1533 1
3084 2475 1
3084 90 1
316 221 1
316 1112 1
687 2214 1
687 685 1
687 900 1
1406 2882 1
3362 2450 1
1948 1963 1
1948 861 1
1948 280 1
1948 3309 1
1948 2015 1
1948 3068 1
1948 1621 1
1948 213 1
1948 1694 1
1948 3521 1
1948 1430 1
1948 2536 1
1948 730 1
1948 2300 1
623 2589 1
85 2738 1
85 495 1
85 151 1
85 1159 1
85 1725 1
85 339 1
2048 273 1
2048 2594 1
3307 1417 1
3307 1721 1
3307 3153 1
3307 2863 1
3307 1547 1
3307 2379 1
3307 1799 1
3307 514 1
2222 2527 1
2222 2982 1
2222 1653 1
2222 848 1
2222 2289 1
2222 3095 1
2222 470 1
2222 1445 1
2222 2879 1
2222 1904 1
2112 2680 1
2112 1046 1
2112 68 1
2112 1388 1
2877 2011 1
2877 542 1
2681 2827 1
2681 452 1
2681 1655 1
2681 2135 1
334 633 1
334 2909 1
642 1242 1
642 3208 1
642 1367 1
642 2047 1
642 965 1
2249 2602 1
2249 92 1
2249 2690 1
2249 620 1
2249 2463 1
2249 2847 1
2249 1520 1
2249 814 1
2249 149 1
2249 3138 1
2249 2274 1
2249 1278 1
3191 1573 1
3191 2659 1
3191 849 1
3191 2338 1
3191 300 1
2791 3249 1
2791 1766 1
2791 740 1
2791 1205 1
2791 2934 1
2791 1101 1
2791 3073 1
2851 548 1
2851 645 1
2851 22 1
2851 71 1
2851 3442 1
724 1257 1
724 1874 1
724 528 1
724 3468 1
1122 2302 1
156 599 1
2624 305 1
579 207 1
579 2940 1
579 2130 1
579 2556 1
579 2544 1
1387 2662 1
844 3324 1
1490 515 1
1490 2021 1
1490 1380 1
1490 30 1
1490 2510 1
780 2676 1
780 2798 1
780 974 1
780 1401 1
1231 2405 1
3182 734 1
721 1741 1
721 1177 1
721 704 1
721 2110 1
721 2496 1
721 3083 1
134 1970 1
134 1233 1
134 933 1
134 2994 1
134 2900 1
134 1252 1
134 163 1
942 103 1
942 2426 1
942 1299 1
1018 205 1
1018 1289 1
1018 2252 1
1018 2836 1
1018 3189 1
1018 3176 1
1018 1339 1
2045 2785 1
479 2822 1
3520 2194 1
3520 2977 1
3520 2656 1
3520 413 1
3520 2573 1
3520 407 1
3520 1155 1
3520 2042 1
3520 2566 1
3520 1192 1
3378 2026 1
3378 3000 1
3378 1279 1
3378 2624 1
3378 3236 1
404 983 1
404 1364 1
404 1183 1
404 2875 1
404 2190 1
404 1336 1
404 1337 1
404 3498 1
404 3042 1
404 219 1
1004 919 1
1004 978 1
1004 3246 1
1004 1920 1
1356 1750 1
1356 2149 1
1356 2001 1
2006 3270 1
1028 1076 1
282 3387 1
3216 2036 1
3216 3183 1
3216 1298 1
3216 64 1
3216 2535 1
1215 1961 1
1215 879 1
1215 3197 1
1215 2869 1
1215 3508 1
1215 711 1
2157 1787 1
2871 887 1
2871 1043 1
2871 2307 1
2871 2983 1
1654 2191 1
1654 2508 1
1654 1755 1
1654 2055 1
1654 203 1
1654 1314 1
1654 3125 1
1654 850 1
2285 60 1
2285 1643 1
2370 3297 1
1823 2314 1
1823 3178 1
1823 2282 1
1823 1656 1
1823 2583 1
1823 2626 1
1823 2276 1
1823 1409 1
1823 1510 1
1823 1459 1
1823 3461 1
1823 2071 1
610 2621 1
2571 3344 1
2571 803 1
2571 602 1
2571 2465 1
2571 39 1
356 26 1
356 917 1
356 1858 1
356 3047 1
356 2776 1
356 3192 1
2195 702 1
2195 51 1
2195 1216 1
1104 2339 1
1104 2745 1
1104 2927 1
3230 1808 1
3230 2898 1
3230 2495 1
2172 2746 1
1818 2710 1
1818 1423 1
1818 38 1
1818 2998 1
1818 804 1
2375 3506 1
2375 772 1
2375 3408 1
710 1620 1
710 2244 1
710 3026 1
560 1342 1
560 304 1
560 3366 1
1894 336 1
1266 3089 1
1266 858 1
1266 3390 1
1266 613 1
1266 1737 1
1266 3506 1
1266 111 1
1266 2005 1
1266 1122 1
1266 772 1
1266 159 1
1266 1806 1
1266 1668 1
1266 3408 1
1266 2701 1
1266 2719 1
1266 671 1
1266 1271 1
1266 2884 1
1266 2108 1
1266 2277 1
853 1494 1
775 985 1
775 2313 1
775 1731 1
775 918 1
3264 1565 1
3264 503 1
3264 475 1
3264 2402 1
3264 2088 1
3264 326 1
3264 1461 1
1287 2660 1
1287 592 1
1854 1483 1
954 446 1
954 2009 1
954 1717 1
954 214 1
954 201 1
954 7 1
954 810 1
3051 3110 1
3051 3432 1
3051 472 1
458 2835 1
458 3361 1
458 2049 1
458 2147 1
458 727 1
3023 1449 1
3023 2885 1
3023 2799 1
3023 2204 1
3023 3381 1
3023 754 1
3023 882 1
3023 3064 1
3023 639 1
3023 818 1
1072 1026 1
1072 3193 1
1072 1903 1
2068 2139 1
705 340 1
705 706 1
3027 2271 1
3027 430 1
3027 3037 1
3027 1071 1
1807 510 1
1807 805 1
1807 3174 1
1807 438 1
1807 2817 1
1807 1204 1
1807 829 1
664 694 1
664 2645 1
664 2461 1
664 1931 1
664 939 1
664 1100 1
664 2992 1
664 870 1
1703 1152 1
2675 3109 1
2675 3148 1
2675 3401 1
1819 1255 1
1819 2113 1
1374 851 1
1374 1066 1
1025 572 1
1025 2070 1
1025 2575 1
1025 253 1
1025 2626 1
1025 117 1
1025 549 1
2605 2896 1
1655 3345 1
1655 351 1
1695 1187 1
1695 963 1
764 3024 1
764 880 1
764 2115 1
764 2947 1
764 2169 1
764 762 1
764 3185 1
764 1454 1
764 2993 1
1441 2028 1
1441 20 1
1441 489 1
1441 3396 1
1441 1882 1
1441 1538 1
1441 1768 1
2690 2833 1
1554 2971 1
1554 1040 1
1554 264 1
1554 2198 1
1554 231 1
1554 454 1
1554 1561 1
1554 2062 1
1554 3397 1
1554 1684 1
1554 1033 1
1554 2517 1
1554 2767 1
1554 2832 1
1847 3035 1
1847 1357 1
1261 839 1
1261 279 1
321 3472 1
321 657 1
321 718 1
321 2784 1
321 955 1
321 232 1
2781 2572 1
2781 2824 1
2781 1213 1
2781 2874 1
2781 2082 1
1164 2342 1
1164 3393 1
1164 1098 1
387 875 1
2018 1046 1
2018 2263 1
2018 1498 1
2771 3164 1
2771 3007 1
2771 268 1
2308 1750 1
2308 2149 1
2308 2001 1
2829 1877 1
2518 2631 1
2518 2269 1
2518 2196 1
2518 3334 1
2518 1181 1
2518 2894 1
2518 2389 1
1022 707 1
1022 1645 1
1557 3129 1
1557 1678 1
1557 1610 1
1557 2756 1
1557 2851 1
1557 2259 1
1557 1218 1
1557 609 1
1557 2801 1
1557 723 1
1557 2238 1
1557 2380 1
1174 1460 1
3491 1925 1
3491 2350 1
3491 666 1
3491 3502 1
3491 2922 1
3491 3489 1
3491 1243 1
531 788 1
426 2376 1
426 793 1
3031 743 1
3031 3085 1
3031 1079 1
3031 2580 1
3041 1485 1
2135 1855 1
1426 2543 1
1426 956 1
3471 89 1
3471 2764 1
3471 2614 1
3471 2054 1
3471 1045 1
2173 247 1
2173 143 1
2173 1246 1
876 3497 1
876 1762 1
876 3514 1
1093 1047 1
2603 1939 1
2603 1358 1
2603 863 1
2603 1953 1
2603 174 1
2603 2114 1
2603 3519 1
2603 1492 1
2603 1200 1
2603 3013 1
3203 1798 1
3203 1108 1
2346 1598 1
2364 2962 1
2364 884 1
2364 2126 1
373 2862 1
373 2294 1
373 1699 1
373 1158 1
373 1652 1
373 3305 1
1371 195 1
1371 176 1
1371 2692 1
1371 944 1
1371 97 1
1371 222 1
1371 2492 1
1371 2189 1
1371 794 1
1371 1625 1
1218 2215 1
1218 2926 1
1218 1457 1
1218 2598 1
2979 1993 1
2979 480 1
2979 2056 1
2979 1029 1
2979 1323 1
2979 2435 1
2979 2657 1
2979 1354 1
2979 1774 1
1161 2957 1
1161 1465 1
1161 1745 1
2107 512 1
2107 2985 1
2107 1579 1
462 336 1
1670 2507 1
1670 1295 1
1670 1662 1
1670 3340 1
1670 3117 1
1066 3513 1
1066 150 1
1066 1980 1
2152 330 1
717 2852 1
717 2480 1
554 590 1
554 605 1
554 2509 1
554 31 1
554 2383 1
554 1994 1
3116 3149 1
3116 2617 1
3116 569 1
3116 3460 1
2122 2392 1
2122 3412 1
2122 2648 1
2122 1845 1
2170 2425 1
2063 3204 1
2063 493 1
3364 343 1
3364 2002 1
3364 2557 1
3364 449 1
3364 2849 1
3364 2628 1
3364 2419 1
848 680 1
848 1715 1
848 834 1
3348 490 1
3348 1564 1
2592 3245 1
2592 2942 1
1107 3276 1
1107 374 1
1107 1217 1
1107 2668 1
1107 859 1
1107 1852 1
1107 2417 1
1107 2812 1
1107 1892 1
1107 1398 1
1107 2276 1
1107 2919 1
1107 1432 1
1107 2116 1
1107 3113 1
1107 923 1
1107 2438 1
1107 3466 1
1107 1347 1
1107 1459 1
1107 1309 1
1107 1769 1
2315 2916 1
2315 676 1
2315 519 1
2315 614 1
2315 2146 1
2315 1651 1
332 3141 1
332 2351 1
332 3499 1
332 1049 1
332 1971 1
332 21 1
332 116 1
332 1661 1
2604 2861 1
2604 2605 1
662 3091 1
662 1225 1
602 3312 1
28 1776 1
28 2106 1
28 2156 1
28 2563 1
28 368 1
28 3198 1
28 2155 1
28 257 1
28 2078 1
28 1913 1
28 130 1
1013 3361 1
1992 2975 1
1992 3232 1
1931 2717 1
1268 1771 1
1268 2411 1
1268 558 1
1268 2856 1
1268 845 1
1268 1998 1
1268 183 1
1268 564 1
1268 823 1
1268 3490 1
1268 2760 1
733 3222 1
733 2111 1
2704 2076 1
2704 1905 1
2704 3177 1
2704 725 1
2704 1644 1
537 2765 1
537 1630 1
1696 2837 1
1696 3057 1
1696 1313 1
1696 2816 1
1696 2436 1
1168 122 1
1168 327 1
1168 1434 1
1168 360 1
1168 596 1
1168 3159 1
1168 157 1
1168 1727 1
3452 2278 1
3452 860 1
3452 3406 1
3452 2301 1
3452 428 1
2468 2440 1
3284 1220 1
3284 557 1
3284 3218 1
3284 1453 1
3284 1624 1
3284 1647 1
1711 2234 1
1536 865 1
1536 951 1
795 1240 1
795 385 1
795 2843 1
795 3298 1
795 2355 1
795 3291 1
795 2326 1
795 2179 1
795 1262 1
795 1528 1
795 3411 1
795 2986 1
795 1989 1
795 2210 1
795 2185 1
795 3294 1
969 632 1
969 1910 1
969 3162 1
1841 1493 1
1841 242 1
1841 2273 1
1841 1571 1
1841 3455 1
1841 852 1
1841 2148 1
1841 768 1
1841 3505 1
1841 399 1
1475 2694 1
1475 688 1
1475 2066 1
1475 953 1
1475 1097 1
1475 2877 1
1475 2343 1
1475 2011 1
1475 744 1
1475 625 1
1475 1687 1
1475 1788 1
1475 2416 1
1475 3368 1
1475 212 1
1475 1689 1
1475 2924 1
1475 542 1
1475 220 1
1475 2819 1
1475 2732 1
1475 308 1
1475 41 1
2502 261 1
2502 3221 1
2502 1794 1
2502 3295 1
2502 3426 1
2502 440 1
2502 1285 1
2502 1672 1
2502 397 1
2502 87 1
2502 2281 1
1532 365 1
1532 2825 1
1532 1543 1
1532 2256 1
1532 288 1
1532 1384 1
1532 3470 1
1532 2512 1
1532 78 1
1532 2233 1
1532 1516 1
1133 289 1
1983 224 1
1983 1577 1
1983 128 1
1983 2336 1
1983 1640 1
1983 1929 1
1983 1918 1
1983 2599 1
3304 898 1
3135 2661 1
3135 2107 1
3135 2722 1
3054 1179 1
3054 2725 1
3054 442 1
3054 538 1
3054 367 1
1191 1415 1
185 423 1
2731 246 1
2731 971 1
422 681 1
422 1060 1
3070 1804 1
2465 1391 1
1743 3446 1
1743 2914 1
1743 416 1
1949 950 1
1949 2839 1
1949 566 1
1949 121 1
2652 3449 1
2652 3386 1
913 2287 1
913 3474 1
913 934 1
913 2948 1
913 2590 1
913 2219 1
990 649 1
990 2400 1
2813 241 1
2813 1786 1
2813 3040 1
669 1679 1
2298 243 1
2702 1985 1
2944 3382 1
303 864 1
3281 311 1
3281 2651 1
3281 3165 1
1600 3252 1
1600 424 1
1600 215 1
1600 3268 1
1600 3205 1
1600 2373 1
1600 2236 1
2110 437 1
2110 945 1
2110 139 1
2110 2716 1
2110 331 1
2110 114 1
2110 2311 1
2491 1014 1
2491 2270 1
2491 2949 1
2928 562 1
1883 640 1
1883 1442 1
1883 2888 1
1883 1586 1
1883 2822 1
349 1199 1
349 1074 1
505 981 1
505 2705 1
505 2365 1
505 2850 1
3484 1937 1
3484 590 1
3484 1486 1
3484 760 1
3484 1307 1
3484 3078 1
3484 2780 1
3484 1542 1
3484 1580 1
3484 1518 1
3484 1099 1
3484 211 1
3484 2434 1
3484 3211 1
3484 1115 1
3484 2383 1
3484 2539 1
3484 451 1
3484 1895 1
3484 52 1
3484 840 1
3484 403 1
3484 149 1
3484 3045 1
3484 3138 1
3484 529 1
3484 1278 1
1722 282 1
1722 14 1
1722 2759 1
2600 2834 1
2600 1612 1
3076 388 1
3076 2493 1
3076 1549 1
3076 769 1
3076 2044 1
3076 36 1
3076 1889 1
3076 2434 1
3076 1619 1
3076 3509 1
3076 2529 1
594 561 1
594 3114 1
594 1657 1
594 1506 1
594 1655 1
594 2742 1
594 3347 1
594 2497 1
651 2961 1
651 3329 1
3019 997 1
3019 2729 1
1452 3300 1
1344 1909 1
1344 2242 1
1344 1552 1
1344 518 1
1344 405 1
1212 338 1
1212 3472 1
1212 657 1
1212 3405 1
1212 623 1
1212 718 1
1212 3323 1
1212 321 1
1212 2784 1
1212 955 1
1212 232 1
1212 2086 1
2109 1073 1
1631 1997 1
1631 1664 1
1631 748 1
1631 867 1
1631 972 1
1631 1140 1
1631 3060 1
684 1697 1
2095 1326 1
2209 357 1
2209 1719 1
2209 2774 1
1008 995 1
1008 1348 1
1008 871 1
1008 325 1
1008 935 1
1008 1568 1
3462 617 1
3462 1942 1
3462 3410 1
3462 891 1
3462 2913 1
3462 3399 1
3462 460 1
1320 2793 1
1901 450 1
1901 841 1
1901 2188 1
1901 3158 1
1901 3082 1
1901 2501 1
1901 1795 1
1901 914 1
1901 318 1
2297 1792 1
2297 2328 1
2297 2581 1
2297 927 1
2297 48 1
2297 473 1
2297 3311 1
2297 2200 1
2297 2749 1
2297 3025 1
2297 576 1
2297 2298 1
2297 846 1
2297 831 1
2297 3360 1
2687 1884 1
592 1069 1
592 309 1
592 1072 1
592 2502 1
592 1660 1
592 2067 1
592 1260 1
592 2735 1
592 2003 1
3163 3271 1
3163 1055 1
3163 725 1
3163 2736 1
3163 169 1
1871 1154 1
1871 1863 1
1871 1692 1
2919 3299 1
2919 2176 1
2919 2490 1
2919 2023 1
2919 1229 1
2919 652 1
2919 2953 1
2919 2207 1
3 164 1
3 118 1
3 12 1
3 683 1
3 1526 1
3 1062 1
2682 1142 1
192 504 1
192 2845 1
192 1170 1
192 2333 1
192 2229 1
1935 2261 1
1935 1592 1
1935 668 1
1935 3137 1
1935 976 1
1935 2248 1
1935 3012 1
1935 2532 1
1935 3005 1
1935 817 1
2379 2225 1
1418 2103 1
1418 3517 1
1990 256 1
1990 812 1
1990 1393 1
1990 883 1
1990 3290 1
1990 3418 1
1990 2872 1
1990 2937 1
1990 2518 1
1990 2275 1
1990 3433 1
1990 3518 1
1990 1451 1
1990 414 1
1990 726 1
1990 2430 1
1990 2915 1
1990 1590 1
2266 3055 1
530 822 1
3219 3248 1
3219 3301 1
732 2340 1
732 623 1
732 1270 1
612 3413 1
612 2878 1
612 481 1
1003 377 1
1003 263 1
1003 966 1
1003 1685 1
1003 1648 1
1003 2960 1
1003 1683 1
3389 586 1
3389 65 1
3389 82 1
3389 785 1
3389 959 1
3389 975 1
3389 2283 1
2638 79 1
3481 3419 1
3415 1227 1
3415 2444 1
3415 618 1
110 1945 1
110 8 1
1576 1443 1
1576 2969 1
325 1448 1
325 960 1
3166 3494 1
3166 866 1
3166 2158 1
3166 1834 1
3166 93 1
3166 746 1
1059 61 1
1059 1860 1
3214 1048 1
3214 552 1
2334 1263 1
3349 59 1
3349 3338 1
3349 3279 1
3349 701 1
3349 1514 1
3349 1244 1
3349 2109 1
3349 3314 1
3349 3096 1
3349 1965 1
3349 2371 1
3349 2019 1
2359 1938 1
2359 3228 1
2359 1223 1
2359 3139 1
2359 292 1
2408 2201 1
2408 372 1
2408 3251 1
2408 1591 1
2408 1958 1
2408 1480 1
2408 559 1
2408 1593 1
2408 3181 1
1280 2366 1
68 1517 1
68 1378 1
68 1286 1
68 982 1
1 125 1
1 1974 1
1 1836 1
1 888 1
3456 3231 1
3456 239 1
3456 287 1
3456 491 1
3456 1545 1
312 1551 1
312 170 1
312 2789 1
312 1584 1
312 1781 1
482 1767 1
482 1820 1
482 2394 1
131 3030 1
131 2555 1
131 313 1
3280 1634 1
3280 691 1
3280 1132 1
3280 1838 1
3280 198 1
3280 2266 1
3280 909 1
3280 375 1
3280 926 1
2806 1095 1
2806 32 1
2806 1023 1
3133 2431 1
3133 670 1
3133 3065 1
3133 1109 1
3133 2727 1
2846 1363 1
3433 573 1
275 505 1
3015 2418 1
3015 1822 1
3015 1135 1
3015 2433 1
3015 1588 1
3015 206 1
3015 1569 1
3015 589 1
3015 3009 1
3015 2671 1
3015 641 1
3015 1381 1
3015 3225 1
3015 1760 1
3015 885 1
1249 2980 1
1249 3488 1
1249 2171 1
1249 3134 1
1249 3243 1
1249 1800 1
1249 1291 1
886 1902 1
1290 3286 1
345 1491 1
345 1034 1
345 3327 1
345 3365 1
345 3169 1
345 2268 1
345 1080 1
345 3284 1
345 42 1
345 2848 1
345 131 1
345 1844 1
345 1297 1
345 3369 1
2610 621 1
2610 2669 1
1768 294 1
1768 1235 1
1768 467 1
1768 2779 1
1768 731 1
1768 226 1
1057 1851 1
2974 235 1
2974 948 1
2974 3515 1
2974 749 1
2974 298 1
2974 1544 1
3206 905 1
3206 3272 1
2963 1866 1
2963 113 1
2963 695 1
2963 3130 1
2797 2513 1
2797 941 1
2797 2072 1
262 577 1
262 1932 1
262 1665 1
262 1311 1
2410 2815 1
2410 2 1
2410 1617 1
2410 3220 1
2410 700 1
2410 3373 1
2410 2202 1
2410 1236 1
2410 567 1
2410 1658 1
2410 2715 1
2410 658 1
2410 483 1
2410 2672 1
2410 1827 1
2410 1525 1
2410 272 1
2410 70 1
2410 3385 1
2410 427 1
2410 319 1
2410 1830 1
2410 3121 1
2410 3434 1
2410 3086 1
2410 2321 1
2410 1539 1
2410 1194 1
2410 3119 1
2410 1161 1
2410 3054 1
2410 1906 1
2410 2636 1
2410 2347 1
2410 1825 1
2410 1777 1
2410 2600 1
2410 3163 1
2410 1835 1
2410 3108 1
2410 2428 1
2410 2625 1
2410 1106 1
2410 2766 1
2410 1635 1
2410 902 1
2410 166 1
2410 3315 1
2410 248 1
2410 3351 1
2410 1125 1
1315 2145 1
1315 2733 1
1315 2754 1
1315 2654 1
1315 892 1
1315 1724 1
179 227 1
237 3485 1
237 3342 1
237 1736 1
237 197 1
1772 2140 1
2620 2217 1
2620 2448 1
722 2744 1
3468 1666 1
3468 3371 1
3468 2137 1
3468 1773 1
3468 3263 1
3468 1924 1
3468 1145 1
2449 1891 1
2769 3156 1
2769 1469 1
2769 1322 1
2769 872 1
2769 2714 1
940 1149 1
940 2828 1
940 2164 1
940 2396 1
940 1609 1
397 1636 1
397 1936 1
397 1782 1
397 2689 1
397 1163 1
1752 2572 1
1752 3405 1
1752 1296 1
1752 2824 1
1752 1213 1
1752 2874 1
1752 2082 1
3414 709 1
137 1111 1
137 3106 1
137 2632 1
137 1209 1
137 1012 1
137 954 1
137 2545 1
745 949 1
745 2034 1
745 3124 1
745 2895 1
2231 1950 1
1795 1050 1
1795 1433 1
1795 2917 1
1795 2823 1
39 1127 1
39 389 1
39 3463 1
39 1793 1
39 3092 1
39 3011 1
39 328 1
39 2747 1
39 2576 1
39 1681 1
158 2206 1
2516 37 1
2516 2395 1
2516 1911 1
2516 1399 1
2516 84 1
2516 2526 1
2516 1956 1
2516 2099 1
2516 1570 1
209 1907 1
209 2041 1
209 1754 1
2471 1733 1
2601 1735 1
2601 994 1
2601 132 1
2601 628 1
2601 836 1
2601 158 1
2601 2606 1
2601 2706 1
2165 271 1
2165 300 1
49 492 1
49 2141 1
49 286 1
49 46 1
49 3099 1
49 1523 1
49 3066 1
1362 1508 1
1362 1019 1
1362 3115 1
1362 314 1
1362 893 1
565 3209 1
565 2069 1
1884 1511 1
1884 2777 1
1884 1632 1
1884 2409 1
1884 2704 1
1884 826 1
1884 1148 1
3192 1134 1
3192 341 1
3028 506 1
1412 344 1
1412 1086 1
1412 1476 1
1412 3447 1
1412 2267 1
1412 1631 1
1412 102 1
1412 2386 1
3424 254 1
3424 3333 1
3424 1144 1
3424 3404 1
3424 2701 1
3424 2454 1
3424 1201 1
3424 1811 1
3188 1462 1
3188 3207 1
69 525 1
69 1068 1
1868 1615 1
1868 3079 1
474 759 1
474 674 1
474 593 1
474 2153 1
474 2791 1
474 2177 1
474 1085 1
474 776 1
474 1037 1
474 1280 1
474 434 1
474 907 1
474 2449 1
474 1334 1
474 1856 1
474 2880 1
474 54 1
2819 2057 1
1245 3201 1
1245 2607 1
920 1304 1
2750 1667 1
2750 285 1
2750 1009 1
2750 2707 1
2750 653 1
2750 105 1
2883 1730 1
1332 977 1
1332 1723 1
460 476 1
802 408 1
929 3511 1
929 2151 1
522 276 1
3059 1991 1
3059 2016 1
3059 28 1
3059 361 1
2766 1975 1
2766 2186 1
2766 3350 1
2766 686 1
2766 2574 1
2766 3287 1
2766 1742 1
2766 720 1
2766 3003 1
2766 1529 1
2809 1943 1
2809 2243 1
2809 3266 1
1710 1254 1
1710 2341 1
1710 1779 1
1710 1114 1
1710 2546 1
2348 2852 1
2348 3173 1
2348 2831 1
2348 2480 1
2348 717 1
2348 3091 1
403 3435 1
2670 1606 1
2670 88 1
2670 173 1
2670 2976 1
2670 3041 1
2670 1133 1
2670 3407 1
2670 303 1
2670 2511 1
2670 2830 1
2670 200 1
2670 1089 1
2670 302 1
3314 3374 1
3314 2991 1
3314 1189 1
3314 3048 1
3314 426 1
3314 1403 1
3314 3420 1
3314 2183 1
3314 588 1
3314 2797 1
3314 237 1
3314 2550 1
3314 2695 1
3314 2938 1
3314 3103 1
3314 1682 1
3314 3370 1
3314 391 1
3314 3107 1
1923 1829 1
1923 1231 1
1923 3335 1
1923 1382 1
1923 2022 1
1923 2486 1
3454 1705 1
3454 2304 1
3454 3394 1
3454 1410 1
3454 2257 1
3454 2712 1
3454 1802 1
3454 2542 1
3454 508 1
2240 2955 1
2240 443 1
2240 127 1
2240 3465 1
2240 1746 1
2240 2622 1
2240 3478 1
2240 2781 1
2240 922 1
2240 1763 1
2240 601 1
2240 44 1
2240 3142 1
2240 1826 1
2240 1752 1
2240 1362 1
2240 1143 1
2240 1809 1
2240 1589 1
2240 2024 1
1887 513 1
1887 550 1
1887 708 1
1113 3398 1
1853 3258 1
1853 194 1
1853 2170 1
1853 3214 1
1853 604 1
1853 1594 1
1853 3150 1
2551 10 1
2551 1052 1
2551 2154 1
2551 659 1
2551 378 1
2551 3269 1
2551 3029 1
2551 1042 1
3224 484 1
3045 2464 1
3045 2964 1
3045 3403 1
583 2253 1
583 392 1
583 2564 1
2641 3212 1
2042 3477 1
3083 517 1
2353 444 1
2353 1944 1
2353 1405 1
2353 2260 1
2353 747 1
2353 2239 1
1375 2059 1
1375 771 1
2380 2216 1
2380 199 1
2380 1559 1
2380 3168 1
555 1355 1
555 1847 1
555 3388 1
555 511 1
555 2758 1
2723 1897 1
2500 1346 1
2500 3093 1
2500 463 1
2500 2814 1
2500 1599 1
2500 1674 1
2500 936 1
2500 2920 1
2500 2918 1
2500 2136 1
320 2973 1
320 656 1
320 689 1
2142 3439 1
2142 225 1
2142 1611 1
1169 3285 1
1169 2778 1
1169 563 1
1169 2643 1
1169 2455 1
1169 1964 1
1169 1622 1
1169 2398 1
1169 1613 1
3261 2591 1
3261 2007 1
1400 1497 1
1400 2855 1
1321 1784 1
1321 2967 1
1321 3056 1
1321 3331 1
1321 3151 1
1321 1030 1
2381 3443 1
784 2187 1
784 1051 1
967 2958 1
967 2803 1
3466 2559 1
3466 3472 1
3466 2521 1
3466 253 1
3466 1102 1
3466 2910 1
3466 1955 1
3466 3495 1
3466 925 1
3331 1796 1
3331 466 1
3331 2162 1
3331 2310 1
3331 2127 1
3331 119 1
3331 1498 1
3331 2515 1
3453 2950 1
3453 3499 1
3453 2345 1
3453 1608 1
3453 1713 1
3296 2623 1
3296 2595 1
3296 3050 1
3296 2420 1
2382 520 1
2382 3417 1
2382 937 1
2382 1146 1
2382 1350 1
2382 2165 1
2382 369 1
1124 3330 1
1124 2708 1
362 381 1
362 2064 1
362 3038 1
362 878 1
2320 572 1
2320 95 1
2320 1759 1
2320 1714 1
2320 2131 1
2320 117 1
2320 1701 1
2320 293 1
2320 750 1
2320 2406 1
1519 1471 1
1519 2616 1
1519 1458 1
1519 2929 1
1519 2999 1
1519 3105 1
1519 499 1
1519 2097 1
1519 1828 1
16 3175 1
574 2773 1
1700 1477 1
1700 2452 1
1700 1831 1
1700 1427 1
2584 283 1
2584 2180 1
1253 1206 1
1253 2775 1
1253 2988 1
1253 1890 1
1253 1277 1
1145 3080 1
2466 2370 1
2545 238 1
692 1580 1
692 2308 1
692 2847 1
692 1895 1
692 403 1
692 3045 1
1171 3100 1
2472 3512 1
2472 1279 1
3006 3062 1
3006 2045 1
1739 3400 1
1739 216 1
728 629 1
728 3184 1
2688 705 1
140 363 1
140 2087 1
140 2684 1
140 2751 1
140 806 1
140 1031 1
140 1732 1
140 2368 1
140 3071 1
140 1753 1
1105 824 1
1105 1837 1
1105 3273 1
1105 1688 1
1105 3160 1
1105 2315 1
1956 390 1
1956 2138 1
1522 500 1
1522 457 1
1522 2058 1
1459 2361 1
1459 400 1
3376 2547 1
3376 3379 1
1309 2802 1
1609 2291 1
1609 2828 1
1885 777 1
1435 1103 1
2585 682 1
2585 1501 1
2129 359 1
2129 77 1
2129 1706 1
2129 2118 1
2129 2014 1
2129 1082 1
2129 2936 1
2129 1238 1
2058 2503 1
2058 742 1
604 3101 1
604 3486 1
1116 1360 1
792 3171 1
792 1941 1
792 2084 1
792 3421 1
87 3464 1
87 1124 1
1872 3431 1
1872 3001 1
1872 3503 1
2736 2083 1
811 362 1
808 1011 1
808 3072 1
808 2159 1
808 1503 1
808 1821 1
808 539 1
808 1397 1
808 2429 1
2207 1016 1
3480 3233 1
3480 690 1
3480 2469 1
2763 1957 1
2763 2577 1
2763 1535 1
2763 1807 1
2763 3332 1
2763 3074 1
2763 2359 1
2763 2166 1
2763 1327 1
2763 766 1
2763 797 1
2763 290 1
2763 3310 1
2763 3313 1
2763 1123 1
1421 3493 1
1421 2959 1
1421 534 1
1421 415 1
1421 544 1
1421 1908 1
1421 1190 1
1421 406 1
1421 912 1
1421 2639 1
1421 2018 1
1421 2901 1
1421 735 1
1421 1478 1
1421 1193 1
1421 1995 1
1421 1368 1
1421 1058 1
2220 2250 1
1862 1083 1
1862 3293 1
1862 1502 1
1862 2080 1
1862 2358 1
1862 1832 1
1862 3516 1
1862 3152 1
1862 3044 1
1862 3445 1
1862 3475 1
1862 987 1
1862 2638 1
1862 1075 1
1862 1780 1
1862 1979 1
1862 23 1
1862 1247 1
1862 1283 1
2879 3136 1
2879 1726 1
2879 2755 1
2879 3390 1
2879 2288 1
2879 2982 1
2879 3316 1
2879 655 1
2879 142 1
2879 848 1
2879 1091 1
2879 3267 1
2879 1984 1
2879 2907 1
2879 223 1
2879 2272 1
2879 3120 1
2879 2697 1
2879 1904 1
2879 471 1
2879 1680 1
2430 11 1
2430 608 1
2430 1288 1
2430 1343 1
2430 2352 1
2430 3422 1
1604 1521 1
1604 181 1
1604 1691 1
1604 1187 1
1604 1479 1
1604 903 1
2069 138 1
1283 1376 1
1639 2025 1
2611 2485 1
2611 1168 1
2611 3359 1
2611 1803 1
2611 1375 1
2611 931 1
1238 2608 1
1238 1053 1
333 86 1
433 3302 1
433 1473 1
433 2387 1
3096 1626 1
3096 837 1
3096 2174 1
3096 1716 1
3096 1324 1
3096 3036 1
3096 101 1
3096 1582 1
3096 752 1
3096 986 1
3096 1272 1
3096 1534 1
266 1306 1
266 155 1
1812 1583 1
1812 2053 1
1812 1722 1
2486 580 1
2486 1770 1
2462 269 1
2462 347 1
2462 2876 1
3150 3215 1
3150 1507 1
3150 2565 1
1960 297 1
1960 3353 1
1960 1881 1
1960 2349 1
1960 3122 1
1960 2826 1
1960 943 1
925 210 1
925 1251 1
3356 3172 1
3356 835 1
3356 2520 1
3356 2859 1
3356 2702 1
3356 1276 1
3356 439 1
1292 3242 1
1292 2972 1
1292 2085 1
1292 3104 1
3315 904 1
3315 2364 1
3315 3195 1
3315 3154 1
3315 1230 1
66 2596 1
2213 1167 1
2213 832 1
2213 2854 1
2213 1886 1
2213 334 1
2213 1468 1
2213 126 1
76 1333 1
1064 2439 1
1064 24 1
1064 2344 1
1064 1638 1
1064 2540 1
1064 410 1
3102 1345 1
3102 3270 1
3102 2264 1
3102 610 1
3102 2226 1
3102 1532 1
3102 2658 1
2319 535 1
2319 1896 1
2319 3264 1
2319 1843 1
2319 2254 1
3467 55 1
3132 2562 1
746 2467 1
746 575 1
248 1749 1
248 34 1
248 3438 1
248 2241 1
2419 673 1
791 580 1
2476 1446 1
2476 2640 1
2476 2422 1
2476 532 1
2476 320 1
926 1038 1
926 2453 1
3288 1340 1
3288 881 1
3288 2841 1
318 229 1
1965 461 1
1965 3469 1
1965 1269 1
1965 2783 1
1965 1372 1
1965 1021 1
2609 809 1
2609 259 1
2609 3196 1
2609 1256 1
2609 1572 1
2609 2104 1
2552 770 1
2552 1175 1
2552 2329 1
2552 233 1
2552 1815 1
2552 838 1
2552 1738 1
2552 1325 1
2552 2667 1
2552 2522 1
2552 2805 1
2552 2004 1
2552 595 1
2552 69 1
2552 3425 1
2552 1351 1
394 383 1
394 2377 1
270 2228 1
270 1241 1
270 1422 1
3186 1916 1
3186 765 1
3186 2096 1
3186 1603 1
3186 3259 1
3186 2035 1
3186 1006 1
3186 1515 1
3186 1999 1
3186 57 1
329 2227 1
1751 2923 1
1751 3317 1
1751 2385 1
1751 1214 1
767 2891 1
767 1436 1
767 1386 1
767 1614 1
767 252 1
219 782 1
219 2040 1
219 3157 1
3123 1833 1
3123 1312 1
3123 1428 1
3123 789 1
854 370 1
854 3444 1
854 2445 1
854 3020 1
854 1629 1
854 957 1
854 1744 1
854 2881 1
854 2494 1
854 1954 1
854 781 1
2567 874 1
1151 526 1
1151 329 1
2292 371 1
2292 2984 1
2292 2487 1
2292 1641 1
2292 2698 1
2292 1496 1
147 3143 1
147 3325 1
3421 2558 1
2951 19 1
2951 2864 1
2951 3253 1
2371 1977 1
2371 1927 1
2371 712 1
2371 541 1
2371 3383 1
2371 162 1
1978 2167 1
1978 435 1
1978 1530 1
1978 920 1
1118 2728 1
1118 317 1
1118 894 1
2978 1734 1
2978 2813 1
2978 3467 1
1275 1438 1
1865 1527 1
1865 1575 1
180 1509 1
2019 190 1
2019 1481 1
901 2505 1
901 1128 1
901 2753 1
713 540 1
713 2699 1
713 3428 1
713 1429 1
958 868 1
958 420 1
958 1669 1
958 2899 1
958 1164 1
958 1873 1
958 2757 1
958 2205 1
958 790 1
1172 1296 1
9 3326 1
1928 2356 1
1928 1601 1
1928 2748 1
1928 411 1
1928 2050 1
1928 3479 1
1928 1176 1
1928 2330 1
514 1186 1
514 67 1
514 2423 1
514 1335 1
3377 3440 1
3377 1659 1
3377 2647 1
3377 2673 1
3377 80 1
3377 2925 1
3377 251 1
3377 3372 1
3377 1898 1
3377 2713 1
