49 521 1
49 394 1
182 128 1
182 137 1
176 56 1
176 186 1
469 63 1
184 470 1
92 563 1
92 512 1
151 96 1
323 82 1
325 253 1
325 354 1
39 611 1
39 195 1
39 240 1
39 633 1
39 634 1
635 469 1
635 10 1
635 265 1
635 509 1
635 569 1
415 497 1
415 416 1
415 357 1
415 164 1
415 7 1
415 247 1
415 318 1
415 375 1
415 183 1
415 334 1
415 193 1
415 24 1
415 34 1
415 425 1
415 315 1
415 496 1
415 359 1
415 307 1
415 486 1
415 527 1
415 636 1
415 427 1
100 540 1
100 386 1
590 87 1
446 226 1
446 421 1
446 544 1
446 117 1
446 605 1
446 330 1
446 592 1
446 396 1
446 541 1
446 254 1
185 97 1
185 526 1
185 424 1
185 39 1
185 531 1
185 173 1
185 494 1
185 244 1
185 321 1
185 88 1
185 518 1
616 411 1
69 223 1
69 101 1
69 395 1
165 129 1
403 535 1
403 362 1
150 429 1
150 207 1
150 498 1
150 260 1
150 453 1
150 264 1
150 167 1
385 383 1
385 208 1
23 213 1
435 204 1
435 166 1
435 89 1
435 370 1
435 556 1
435 594 1
421 189 1
421 301 1
245 356 1
245 355 1
245 479 1
245 461 1
245 58 1
245 50 1
245 205 1
245 384 1
285 473 1
285 268 1
372 390 1
372 436 1
372 399 1
372 179 1
372 348 1
372 319 1
372 133 1
372 345 1
372 335 1
372 598 1
372 441 1
372 593 1
372 601 1
372 637 1
372 8 1
372 44 1
372 145 1
489 475 1
595 218 1
316 5 1
406 630 1
406 81 1
269 360 1
269 502 1
269 493 1
269 402 1
269 442 1
269 152 1
269 530 1
269 196 1
269 612 1
269 579 1
269 287 1
269 70 1
269 169 1
269 519 1
269 552 1
269 481 1
269 170 1
638 575 1
638 130 1
626 187 1
626 450 1
626 596 1
626 480 1
626 580 1
216 338 1
216 477 1
216 144 1
216 250 1
68 128 1
68 215 1
68 364 1
68 627 1
430 574 1
319 62 1
319 513 1
133 404 1
133 445 1
133 379 1
133 629 1
133 578 1
133 138 1
164 230 1
164 131 1
164 64 1
164 276 1
164 25 1
164 212 1
164 346 1
164 40 1
164 511 1
164 295 1
164 472 1
650 339 1
650 42 1
105 378 1
105 177 1
105 550 1
105 30 1
105 143 1
523 476 1
523 16 1
387 444 1
647 337 1
647 73 1
647 280 1
647 248 1
647 221 1
647 433 1
647 465 1
9 197 1
9 190 1
9 168 1
568 116 1
573 400 1
573 292 1
573 361 1
266 273 1
266 38 1
405 157 1
454 141 1
437 19 1
437 532 1
643 154 1
329 551 1
329 368 1
244 407 1
244 93 1
332 114 1
318 12 1
318 134 1
417 314 1
417 13 1
417 485 1
417 303 1
417 649 1
376 546 1
376 401 1
376 132 1
312 77 1
642 331 1
642 86 1
642 615 1
642 455 1
645 492 1
125 528 1
125 84 1
484 220 1
375 560 1
375 341 1
33 447 1
320 561 1
320 620 1
438 499 1
183 545 1
183 66 1
183 27 1
183 398 1
632 463 1
520 410 1
520 454 1
520 516 1
520 554 1
413 482 1
619 616 1
103 124 1
103 391 1
103 313 1
222 174 1
311 160 1
311 106 1
85 162 1
85 388 1
473 504 1
473 350 1
473 514 1
473 439 1
473 414 1
283 2 1
283 17 1
345 262 1
345 65 1
548 200 1
548 304 1
548 324 1
420 595 1
420 123 1
420 59 1
373 628 1
373 380 1
373 618 1
373 419 1
373 608 1
349 288 1
349 281 1
279 146 1
279 178 1
358 181 1
358 426 1
358 71 1
13 199 1
13 296 1
13 448 1
3 278 1
3 188 1
3 149 1
321 225 1
321 431 1
321 302 1
321 500 1
107 239 1
107 646 1
107 418 1
107 306 1
107 272 1
336 533 1
336 460 1
336 584 1
409 52 1
161 582 1
18 98 1
359 127 1
359 299 1
359 235 1
326 487 1
326 547 1
156 217 1
614 99 1
451 534 1
451 501 1
451 112 1
201 83 1
567 369 1
567 180 1
506 456 1
506 238 1
108 110 1
108 503 1
108 282 1
108 553 1
468 641 1
43 263 1
43 510 1
43 242 1
43 525 1
43 113 1
474 246 1
474 491 1
474 1 1
474 342 1
474 205 1
598 557 1
158 478 1
158 576 1
158 202 1
158 597 1
158 412 1
158 249 1
233 147 1
233 413 1
233 214 1
233 61 1
233 462 1
233 142 1
233 591 1
284 333 1
41 610 1
41 577 1
558 54 1
572 322 1
572 6 1
572 236 1
572 297 1
601 327 1
601 340 1
601 74 1
601 153 1
601 602 1
601 206 1
601 377 1
601 286 1
601 95 1
601 115 1
549 422 1
621 270 1
621 171 1
621 72 1
621 198 1
621 639 1
191 381 1
191 507 1
191 363 1
191 55 1
191 76 1
191 290 1
191 589 1
328 542 1
328 543 1
328 102 1
328 586 1
328 529 1
565 118 1
565 148 1
585 257 1
585 522 1
238 209 1
238 456 1
75 395 1
518 644 1
518 20 1
518 320 1
518 466 1
518 508 1
458 490 1
458 163 1
458 452 1
458 294 1
458 367 1
458 57 1
458 194 1
458 241 1
648 488 1
648 227 1
648 464 1
648 269 1
648 9 1
648 467 1
648 371 1
648 432 1
648 94 1
648 122 1
648 347 1
648 625 1
648 252 1
251 599 1
505 440 1
505 23 1
505 606 1
53 228 1
53 274 1
600 21 1
527 126 1
527 353 1
527 293 1
527 91 1
308 120 1
119 343 1
119 566 1
119 219 1
139 571 1
139 365 1
139 326 1
139 255 1
139 32 1
317 78 1
317 631 1
637 28 1
524 285 1
47 67 1
423 155 1
423 36 1
423 175 1
423 291 1
347 389 1
347 172 1
290 256 1
624 613 1
624 224 1
587 15 1
587 232 1
382 192 1
382 100 1
382 26 1
382 229 1
382 109 1
382 374 1
382 417 1
382 309 1
382 548 1
382 539 1
382 211 1
382 201 1
382 471 1
382 79 1
382 119 1
382 46 1
382 298 1
382 210 1
382 408 1
382 267 1
382 60 1
382 90 1
382 583 1
570 11 1
46 495 1
607 646 1
607 418 1
310 351 1
310 515 1
310 562 1
310 37 1
35 258 1
35 243 1
588 609 1
588 483 1
588 564 1
588 45 1
588 617 1
588 457 1
588 111 1
588 80 1
588 14 1
588 140 1
588 428 1
588 231 1
588 271 1
588 640 1
159 559 1
159 397 1
300 392 1
300 29 1
305 622 1
305 4 1
305 277 1
305 261 1
305 443 1
623 51 1
623 393 1
623 259 1
623 136 1
31 581 1
90 366 1
90 603 1
90 344 1
90 537 1
90 604 1
90 237 1
90 48 1
90 135 1
90 275 1
90 517 1
90 538 1
90 459 1
90 203 1
42 352 1
42 555 1
104 121 1
449 22 1
289 536 1
289 234 1
289 434 1
