84 79 1
84 27 1
84 120 1
84 74 1
84 24 1
84 97 1
84 5 1
84 106 1
84 28 1
84 91 1
84 10 1
84 108 1
67 71 1
79 27 1
79 87 1
79 46 1
129 9 1
129 82 1
54 84 1
54 8 1
54 105 1
54 13 1
54 86 1
54 114 1
134 99 1
134 104 1
134 94 1
134 32 1
118 33 1
118 101 1
118 109 1
102 29 1
102 41 1
102 132 1
102 90 1
102 17 1
102 123 1
52 69 1
52 107 1
52 124 1
52 95 1
52 55 1
52 37 1
52 125 1
52 56 1
62 30 1
70 116 1
70 78 1
70 3 1
70 18 1
133 88 1
133 103 1
120 66 1
120 43 1
120 6 1
104 113 1
104 100 1
20 75 1
68 22 1
68 15 1
26 83 1
26 47 1
37 89 1
126 38 1
126 12 1
126 25 1
126 34 1
126 127 1
96 59 1
96 63 1
96 92 1
96 48 1
96 62 1
96 70 1
96 31 1
96 16 1
96 73 1
96 68 1
96 128 1
96 1 1
96 36 1
96 65 1
96 21 1
53 42 1
53 23 1
53 49 1
50 44 1
50 111 1
50 117 1
50 80 1
50 39 1
50 93 1
58 35 1
91 81 1
91 122 1
91 51 1
91 85 1
91 40 1
91 2 1
91 45 1
91 64 1
86 76 1
86 131 1
86 61 1
14 72 1
14 112 1
14 19 1
14 57 1
14 110 1
14 77 1
14 98 1
14 130 1
11 121 1
11 4 1
11 115 1
60 7 1
60 119 1
