166 33 1
234 102 1
234 126 1
26 60 1
146 120 1
146 180 1
146 59 1
112 162 1
74 179 1
89 229 1
213 78 1
31 121 1
55 164 1
55 167 1
177 46 1
177 32 1
149 20 1
149 233 1
149 134 1
195 108 1
195 223 1
224 143 1
85 124 1
85 76 1
8 51 1
93 90 1
139 18 1
139 131 1
139 92 1
115 35 1
115 23 1
115 100 1
115 44 1
231 20 1
230 147 1
230 218 1
66 81 1
66 186 1
192 197 1
192 145 1
119 104 1
79 67 1
181 122 1
193 107 1
86 227 1
190 118 1
190 71 1
190 215 1
220 202 1
24 54 1
24 28 1
56 26 1
56 203 1
56 115 1
56 230 1
56 173 1
56 57 1
56 136 1
56 189 1
56 87 1
56 2 1
56 187 1
56 10 1
204 116 1
129 114 1
65 54 1
65 24 1
65 221 1
65 38 1
65 110 1
65 117 1
65 28 1
70 5 1
114 105 1
114 88 1
154 3 1
83 144 1
83 106 1
198 37 1
198 201 1
198 11 1
232 137 1
76 97 1
76 75 1
76 39 1
76 184 1
76 182 1
76 160 1
76 216 1
76 141 1
125 142 1
221 24 1
64 49 1
64 1 1
64 128 1
176 123 1
176 169 1
176 226 1
176 148 1
176 34 1
176 9 1
13 99 1
141 157 1
29 135 1
50 208 1
50 77 1
50 61 1
98 217 1
98 199 1
228 52 1
80 116 1
80 209 1
80 130 1
80 17 1
80 75 1
80 39 1
80 79 1
80 160 1
80 204 1
80 161 1
80 172 1
80 111 1
80 110 1
80 183 1
80 132 1
80 53 1
80 158 1
185 95 1
185 165 1
185 152 1
45 150 1
45 15 1
174 196 1
145 194 1
222 178 1
222 91 1
222 16 1
222 190 1
222 151 1
222 103 1
222 82 1
222 156 1
22 12 1
22 41 1
22 98 1
22 163 1
113 21 1
113 66 1
113 6 1
113 207 1
101 72 1
101 191 1
101 7 1
94 4 1
94 58 1
94 170 1
63 225 1
63 140 1
63 96 1
63 153 1
63 220 1
63 30 1
63 47 1
63 219 1
158 209 1
158 109 1
158 53 1
188 200 1
68 171 1
159 175 1
48 168 1
48 210 1
48 155 1
48 40 1
212 214 1
212 19 1
212 138 1
212 42 1
212 84 1
205 31 1
205 36 1
205 127 1
205 62 1
205 14 1
205 27 1
211 43 1
69 206 1
69 25 1
69 73 1
69 133 1
