1249 32 1
1249 1535 1
1249 825 1
1249 1173 1
1249 393 1
1249 1169 1
760 280 1
524 74 1
524 1279 1
1247 166 1
1247 683 1
1616 1193 1
1616 775 1
1616 1070 1
1616 1688 1
1616 209 1
1616 1607 1
1616 761 1
1616 263 1
281 1142 1
1530 801 1
520 219 1
520 371 1
520 396 1
520 1667 1
1205 515 1
1205 154 1
657 1578 1
1226 1007 1
1226 105 1
1226 1601 1
96 983 1
96 455 1
96 791 1
96 678 1
96 250 1
1558 1495 1
1558 230 1
1558 1646 1
1558 1680 1
1558 1157 1
1558 1141 1
1558 254 1
1170 179 1
1170 669 1
1170 546 1
1170 167 1
1170 1385 1
1170 68 1
1170 1568 1
62 736 1
493 264 1
493 461 1
212 1117 1
212 818 1
939 1104 1
345 859 1
1210 245 1
1210 376 1
1210 1182 1
1210 531 1
513 1238 1
513 1259 1
513 1086 1
513 673 1
513 1433 1
513 1315 1
1348 120 1
430 220 1
430 283 1
430 467 1
430 1362 1
430 359 1
134 1677 1
134 421 1
134 170 1
134 993 1
134 552 1
134 1336 1
134 826 1
134 707 1
134 1154 1
134 574 1
134 623 1
134 836 1
134 16 1
134 1175 1
134 374 1
134 720 1
134 1342 1
134 1053 1
134 491 1
1 118 1
377 898 1
377 1508 1
1582 592 1
1582 61 1
1582 1311 1
205 1138 1
205 457 1
205 998 1
205 541 1
205 626 1
205 111 1
205 1610 1
447 1462 1
447 281 1
447 375 1
447 1380 1
447 171 1
447 180 1
447 1054 1
447 987 1
447 641 1
1231 345 1
1231 1711 1
1231 290 1
1231 1361 1
1231 18 1
1231 1263 1
1231 60 1
1231 969 1
1231 808 1
1231 650 1
1231 767 1
1231 964 1
1231 1509 1
1231 903 1
1231 1106 1
1231 1435 1
1231 183 1
998 262 1
998 1499 1
1078 1510 1
1078 645 1
1635 1436 1
1635 485 1
215 214 1
215 1439 1
215 1381 1
215 990 1
215 1079 1
215 1517 1
215 639 1
215 948 1
215 516 1
215 1560 1
215 1233 1
215 880 1
215 1050 1
215 1682 1
215 310 1
215 1705 1
215 870 1
215 1695 1
215 685 1
215 1659 1
215 196 1
925 1081 1
925 1605 1
925 1046 1
960 589 1
785 1290 1
785 28 1
1440 361 1
1440 330 1
1440 933 1
1009 207 1
446 733 1
446 97 1
446 40 1
446 565 1
446 29 1
446 1194 1
446 889 1
127 719 1
127 1224 1
127 829 1
127 1281 1
127 269 1
127 213 1
127 1221 1
127 907 1
127 324 1
127 1185 1
127 765 1
127 944 1
127 725 1
127 691 1
1207 1148 1
1207 435 1
1207 1511 1
1207 936 1
1207 927 1
1207 553 1
1207 1088 1
1207 358 1
1207 54 1
1207 306 1
1207 512 1
560 1395 1
560 788 1
560 1514 1
560 176 1
241 722 1
241 558 1
241 1191 1
241 2 1
1414 1615 1
1414 1482 1
1414 1652 1
1414 422 1
1414 560 1
1414 726 1
1414 655 1
1414 881 1
1414 1049 1
1414 1420 1
1414 928 1
1414 690 1
1414 620 1
1414 1513 1
942 821 1
942 73 1
942 1152 1
942 1158 1
942 98 1
942 1356 1
942 1546 1
1275 856 1
1275 663 1
1275 1284 1
1275 407 1
1275 537 1
1275 747 1
1275 1683 1
1275 63 1
1275 615 1
1275 956 1
1275 790 1
1275 66 1
136 1024 1
136 1425 1
1630 1166 1
1630 1501 1
1630 834 1
1630 53 1
1630 242 1
1630 972 1
1391 1085 1
1660 1225 1
252 1004 1
252 686 1
252 112 1
252 1201 1
1437 1246 1
1437 130 1
827 513 1
827 343 1
827 174 1
1033 1445 1
1033 1133 1
1033 451 1
1033 697 1
1033 799 1
1033 1377 1
1033 33 1
1131 204 1
1131 1345 1
1131 876 1
1131 1253 1
1131 1332 1
1131 1431 1
1031 1058 1
1254 142 1
1254 1231 1
1254 136 1
1254 595 1
1254 234 1
1254 352 1
1254 721 1
1254 1092 1
1254 564 1
1254 877 1
1254 299 1
1254 778 1
1254 487 1
1254 4 1
804 1552 1
1239 568 1
1239 1645 1
1239 199 1
1239 593 1
1239 402 1
1239 1576 1
1239 973 1
1239 1307 1
1411 571 1
1411 1094 1
1411 709 1
1411 1086 1
1411 630 1
1411 1091 1
1411 1690 1
1411 159 1
852 1658 1
852 27 1
852 1672 1
554 1319 1
554 860 1
554 1636 1
554 1392 1
554 1298 1
554 1073 1
1079 87 1
1079 1082 1
1079 1216 1
1079 575 1
1079 794 1
1079 1405 1
1079 1101 1
1079 590 1
1487 1459 1
1487 1001 1
530 1305 1
530 945 1
588 392 1
588 1359 1
588 312 1
588 1219 1
588 801 1
588 762 1
1334 1402 1
1334 1491 1
1250 1123 1
1250 900 1
1250 931 1
1250 1260 1
1250 409 1
1250 1685 1
1250 1103 1
1250 51 1
1250 1288 1
1250 1469 1
1250 1422 1
1250 1066 1
1250 340 1
1250 1200 1
1250 42 1
1250 872 1
1250 1518 1
1250 1071 1
1250 1261 1
1250 1016 1
1287 1623 1
1287 731 1
1287 1396 1
246 428 1
246 1333 1
246 509 1
246 551 1
724 1139 1
724 1077 1
1251 604 1
50 276 1
50 190 1
50 1105 1
50 1551 1
50 1203 1
50 1498 1
50 540 1
489 1195 1
489 153 1
489 397 1
489 802 1
489 640 1
259 102 1
259 1302 1
259 1502 1
259 1159 1
259 1240 1
259 582 1
259 298 1
259 1110 1
259 1673 1
259 1471 1
259 1228 1
259 484 1
1685 1473 1
1685 1026 1
1685 643 1
885 1009 1
885 226 1
885 207 1
1230 882 1
1230 1018 1
1235 1418 1
1235 232 1
1387 854 1
1387 47 1
1387 1165 1
1387 1369 1
1387 80 1
1387 883 1
1387 143 1
1387 1373 1
1387 702 1
1387 89 1
1387 872 1
1387 336 1
1387 1709 1
1387 559 1
1387 1500 1
1387 1413 1
1490 468 1
1490 1363 1
1490 1394 1
851 645 1
851 893 1
851 1571 1
820 930 1
523 915 1
523 732 1
523 1536 1
523 69 1
523 479 1
523 1097 1
523 606 1
523 92 1
1129 46 1
108 962 1
108 94 1
108 1423 1
700 1144 1
500 614 1
500 499 1
500 198 1
500 896 1
500 704 1
1183 905 1
1183 712 1
454 741 1
454 971 1
454 67 1
1338 431 1
1338 979 1
1338 1293 1
1338 557 1
1338 434 1
61 192 1
1404 55 1
1309 1232 1
1309 378 1
738 1613 1
1145 1687 1
1145 1060 1
1145 182 1
1145 1353 1
1145 868 1
1145 909 1
1145 275 1
1145 739 1
260 191 1
260 966 1
260 17 1
260 1429 1
260 1130 1
260 303 1
260 82 1
260 123 1
260 631 1
260 389 1
260 172 1
260 684 1
260 267 1
260 1504 1
260 563 1
260 43 1
260 555 1
260 125 1
260 758 1
260 71 1
260 892 1
929 1034 1
1533 1565 1
1533 1150 1
1438 708 1
1438 139 1
1438 1567 1
1406 1399 1
331 974 1
331 1534 1
186 237 1
838 206 1
838 850 1
883 126 1
883 1712 1
883 1566 1
883 1714 1
883 195 1
883 1265 1
946 1555 1
946 1271 1
946 759 1
946 240 1
946 1021 1
113 414 1
113 727 1
113 162 1
210 1337 1
210 1331 1
210 607 1
1238 66 1
1238 1072 1
1664 1454 1
1664 1065 1
1664 1306 1
1664 477 1
1664 1424 1
1664 1353 1
1664 84 1
1664 976 1
1664 598 1
1664 34 1
1664 1604 1
1664 1449 1
1664 147 1
1168 916 1
769 329 1
769 1554 1
769 116 1
1263 858 1
1263 1062 1
1263 321 1
1263 1057 1
1263 661 1
1263 292 1
1263 416 1
1263 789 1
952 1616 1
952 106 1
952 101 1
952 304 1
952 1368 1
952 1417 1
952 282 1
952 1346 1
60 88 1
60 1272 1
60 414 1
60 1229 1
60 1190 1
60 822 1
60 344 1
19 622 1
19 772 1
382 803 1
382 1100 1
1539 421 1
1539 594 1
1539 363 1
1539 1696 1
1539 90 1
1539 744 1
1539 1515 1
1539 671 1
1539 992 1
1539 156 1
1539 16 1
1539 578 1
1539 1223 1
1539 653 1
1539 491 1
1539 1128 1
235 315 1
1329 1398 1
1329 792 1
1329 1386 1
178 1537 1
178 940 1
178 668 1
178 1507 1
178 369 1
178 366 1
969 1382 1
601 1411 1
601 1115 1
601 1572 1
601 1407 1
601 249 1
601 1561 1
601 475 1
318 1041 1
318 988 1
502 1548 1
502 1480 1
502 1130 1
502 642 1
502 634 1
502 632 1
502 1412 1
502 978 1
502 15 1
1032 429 1
1032 1095 1
1032 659 1
1032 967 1
1032 1256 1
616 832 1
616 1372 1
616 293 1
616 734 1
99 1047 1
99 1699 1
99 1296 1
99 635 1
99 1427 1
99 1192 1
99 997 1
99 1463 1
99 580 1
99 1039 1
1011 833 1
1011 1379 1
1011 1592 1
1220 1371 1
1220 768 1
1220 351 1
1220 873 1
1220 923 1
1220 1327 1
1220 1196 1
1220 676 1
1220 208 1
1668 1255 1
1668 470 1
1668 572 1
1668 1058 1
718 1186 1
1172 387 1
1172 261 1
1172 243 1
1172 419 1
1172 1408 1
1172 1642 1
1172 968 1
1172 5 1
1172 1222 1
1172 1542 1
553 1512 1
405 573 1
452 1655 1
452 1505 1
982 200 1
228 9 1
228 337 1
518 840 1
518 296 1
518 866 1
518 1294 1
518 1355 1
518 855 1
518 477 1
518 782 1
518 1664 1
518 1596 1
518 486 1
518 452 1
518 595 1
518 748 1
518 234 1
518 64 1
518 150 1
518 56 1
518 132 1
518 168 1
518 1449 1
518 364 1
518 1118 1
518 1575 1
518 894 1
518 755 1
518 807 1
1389 627 1
1389 395 1
1389 448 1
149 1428 1
149 888 1
312 771 1
312 599 1
312 762 1
1594 793 1
1594 444 1
1594 1524 1
1594 1550 1
1594 806 1
1594 478 1
1486 1397 1
1486 1213 1
1549 1009 1
1549 472 1
1549 1350 1
1564 1540 1
1564 140 1
1564 188 1
1564 14 1
1564 612 1
1564 348 1
1593 989 1
1593 529 1
1593 700 1
1593 994 1
1593 861 1
1593 1638 1
1593 137 1
1593 1300 1
1593 1295 1
1593 317 1
1593 1316 1
1653 1442 1
1653 441 1
1283 913 1
1283 1323 1
1283 1137 1
1283 981 1
474 481 1
787 44 1
672 1478 1
672 383 1
672 949 1
648 430 1
648 1270 1
648 1676 1
648 1455 1
648 991 1
648 1159 1
648 1679 1
648 301 1
648 239 1
648 1283 1
648 291 1
648 1000 1
648 1143 1
648 390 1
648 753 1
648 773 1
748 465 1
1243 610 1
1243 386 1
1243 1525 1
1243 1557 1
1243 391 1
197 222 1
197 445 1
197 342 1
197 307 1
197 218 1
197 1654 1
197 897 1
197 1084 1
197 823 1
197 917 1
197 566 1
197 1691 1
197 1516 1
48 1241 1
48 1434 1
965 1497 1
965 1598 1
965 869 1
965 1042 1
965 705 1
965 347 1
440 525 1
631 191 1
631 1155 1
631 82 1
631 1538 1
766 1119 1
766 980 1
766 365 1
766 1366 1
1641 76 1
1067 1523 1
1067 1627 1
1067 52 1
935 1698 1
935 874 1
935 1030 1
935 313 1
935 504 1
1673 711 1
1310 871 1
1310 586 1
1310 284 1
1310 1441 1
63 911 1
297 1055 1
1368 1177 1
1368 1035 1
1340 25 1
1340 774 1
1340 1494 1
1340 274 1
1340 1025 1
1340 1153 1
1340 476 1
1340 918 1
1340 1390 1
1340 1180 1
1088 1349 1
1088 1198 1
1088 1608 1
322 701 1
1331 985 1
1331 539 1
1331 934 1
1331 1024 1
1331 577 1
1331 1339 1
1331 353 1
1331 1292 1
1331 1632 1
1331 1354 1
1331 1620 1
1331 57 1
1459 1559 1
1459 646 1
1459 1584 1
1459 1415 1
1459 1168 1
1459 1541 1
1459 1037 1
1459 338 1
1459 1594 1
1459 131 1
1459 1248 1
1459 849 1
1459 496 1
1459 652 1
1459 1045 1
3 1268 1
3 372 1
3 600 1
751 591 1
751 1244 1
459 216 1
1234 588 1
1234 658 1
750 22 1
1452 824 1
1452 1015 1
1452 1280 1
1452 675 1
1452 1657 1
980 1317 1
609 144 1
609 323 1
609 729 1
229 583 1
229 1651 1
229 1581 1
1503 664 1
1503 1325 1
1503 879 1
1503 937 1
1503 1388 1
1503 798 1
1503 681 1
1503 542 1
1503 1127 1
884 805 1
884 31 1
884 776 1
884 7 1
884 1597 1
884 653 1
633 1703 1
633 32 1
633 1328 1
633 689 1
633 288 1
633 117 1
633 649 1
880 1132 1
880 1465 1
880 289 1
880 354 1
880 543 1
880 1308 1
150 269 1
150 213 1
150 1197 1
185 1188 1
185 737 1
185 842 1
185 1697 1
185 977 1
185 885 1
185 926 1
185 1204 1
185 715 1
185 169 1
185 809 1
185 1637 1
185 1208 1
185 109 1
185 1589 1
185 225 1
1453 1537 1
1704 463 1
1704 497 1
1704 72 1
570 687 1
1191 955 1
862 165 1
862 1147 1
862 654 1
1412 1548 1
132 449 1
132 49 1
132 1700 1
132 400 1
132 399 1
132 596 1
132 425 1
132 76 1
132 1318 1
132 1238 1
132 959 1
132 412 1
132 634 1
132 452 1
132 30 1
132 197 1
132 1162 1
132 1641 1
132 786 1
132 427 1
132 706 1
132 1083 1
132 1603 1
132 884 1
132 1617 1
132 680 1
132 811 1
132 1257 1
132 189 1
132 184 1
132 544 1
132 1212 1
132 1022 1
132 561 1
132 1493 1
132 867 1
132 328 1
910 1457 1
702 1044 1
1326 899 1
70 857 1
70 1621 1
70 160 1
70 1648 1
70 1236 1
70 327 1
70 935 1
70 1074 1
70 938 1
70 1599 1
70 1626 1
70 277 1
70 1040 1
70 651 1
70 602 1
70 1335 1
70 161 1
341 535 1
424 1661 1
424 238 1
424 813 1
424 1419 1
424 1291 1
326 1467 1
1556 13 1
1556 450 1
1556 466 1
1556 112 1
1556 360 1
37 703 1
217 914 1
217 456 1
217 562 1
217 1364 1
217 1437 1
217 692 1
217 1400 1
217 1472 1
217 1056 1
217 1109 1
217 523 1
217 1547 1
217 538 1
217 887 1
217 258 1
217 1526 1
217 302 1
217 133 1
217 451 1
217 1384 1
217 1160 1
217 796 1
217 104 1
217 23 1
217 816 1
217 781 1
217 297 1
217 194 1
217 1628 1
217 423 1
217 1453 1
217 1485 1
217 743 1
217 1585 1
217 285 1
217 1136 1
217 1692 1
217 100 1
217 954 1
217 26 1
217 173 1
217 287 1
217 122 1
217 735 1
217 895 1
217 433 1
217 1451 1
217 644 1
217 384 1
217 394 1
217 398 1
784 1370 1
784 1569 1
784 1663 1
784 1176 1
784 224 1
1633 480 1
1633 383 1
1633 84 1
1633 1604 1
1633 1665 1
1633 147 1
54 1464 1
54 912 1
54 797 1
510 780 1
510 527 1
510 730 1
510 218 1
510 746 1
510 984 1
510 1529 1
510 1215 1
510 581 1
1091 1577 1
1091 373 1
1091 956 1
1091 1448 1
1446 1170 1
1446 236 1
1446 1670 1
1446 1675 1
1446 624 1
1446 356 1
1446 1364 1
1446 1237 1
1446 1069 1
1446 1245 1
1446 996 1
1446 1662 1
1446 1579 1
1446 820 1
1446 1187 1
1446 454 1
1446 929 1
1446 932 1
1446 78 1
1446 221 1
1446 1014 1
1446 638 1
1446 961 1
1446 605 1
1446 1010 1
1446 1112 1
1446 522 1
1446 141 1
1446 420 1
1446 1374 1
1446 1443 1
1446 1609 1
1446 1678 1
1446 357 1
1446 1409 1
1446 922 1
1446 986 1
1446 256 1
1446 963 1
1446 458 1
1446 349 1
1098 1167 1
1098 1285 1
1149 1686 1
1149 508 1
1149 1343 1
1149 110 1
1149 1376 1
1149 1365 1
1149 1531 1
1149 1003 1
1149 332 1
1149 1320 1
1149 710 1
1149 462 1
1149 505 1
316 1474 1
316 536 1
316 1527 1
316 1532 1
316 611 1
316 346 1
316 890 1
316 587 1
316 6 1
1068 576 1
1068 670 1
336 1206 1
865 1629 1
865 1562 1
754 418 1
1707 1357 1
1707 1322 1
1649 20 1
964 503 1
964 1521 1
964 1093 1
964 1352 1
964 819 1
1694 1289 1
1694 294 1
1694 1611 1
1694 1631 1
1694 908 1
1694 533 1
1694 311 1
1694 608 1
1694 1650 1
1694 1634 1
1694 677 1
1694 958 1
1694 211 1
1694 1351 1
1694 494 1
295 270 1
295 135 1
295 1476 1
295 1211 1
295 273 1
295 547 1
295 1586 1
295 408 1
295 1299 1
295 1506 1
295 995 1
295 807 1
295 892 1
295 1178 1
181 1276 1
181 556 1
65 843 1
65 1102 1
65 79 1
65 440 1
65 1087 1
65 886 1
438 1545 1
438 146 1
438 864 1
438 265 1
438 1286 1
438 362 1
343 1701 1
343 1218 1
343 1573 1
343 841 1
343 1164 1
343 103 1
343 1689 1
343 482 1
343 1442 1
343 333 1
343 174 1
343 367 1
343 636 1
343 441 1
343 757 1
343 119 1
249 1099 1
249 567 1
249 1108 1
249 698 1
249 187 1
249 1708 1
1606 1282 1
1606 863 1
1606 331 1
1227 628 1
1671 1048 1
1671 148 1
1124 493 1
1124 817 1
1124 1287 1
1124 596 1
1124 461 1
1124 1220 1
1124 1083 1
1124 884 1
1124 1617 1
1124 570 1
1124 1378 1
1124 1528 1
1124 561 1
1124 328 1
585 716 1
1587 617 1
352 127 1
352 1304 1
352 1161 1
1242 1681 1
1242 1530 1
1242 1075 1
1242 1303 1
1242 924 1
1242 667 1
1242 814 1
1242 1593 1
1242 10 1
1242 253 1
1118 919 1
1118 439 1
1118 674 1
1118 999 1
1118 779 1
1118 517 1
1118 1591 1
1118 783 1
1118 1602 1
1118 155 1
1118 1209 1
1118 1544 1
1118 1028 1
1588 828 1
1588 847 1
1588 666 1
1588 432 1
1588 145 1
1588 1043 1
1588 488 1
752 223 1
752 1179 1
1107 1117 1
1543 107 1
1543 1486 1
1543 319 1
1543 1278 1
1543 569 1
1543 368 1
694 1348 1
694 1618 1
58 660 1
58 1639 1
58 1002 1
58 1334 1
58 50 1
58 35 1
58 648 1
58 1595 1
58 322 1
58 1452 1
58 326 1
58 464 1
58 1470 1
58 1005 1
58 417 1
58 621 1
1274 1456 1
613 257 1
613 1450 1
613 532 1
613 469 1
1575 1162 1
1575 1358 1
410 1701 1
410 45 1
410 548 1
410 175 1
410 1031 1
410 471 1
410 1151 1
410 11 1
410 1267 1
410 1570 1
410 950 1
410 380 1
410 943 1
410 677 1
410 1383 1
410 742 1
1470 891 1
1470 405 1
1470 1347 1
1266 970 1
1266 81 1
1266 128 1
379 1460 1
379 1426 1
379 1134 1
379 1375 1
379 1076 1
379 38 1
379 1704 1
1421 750 1
606 498 1
157 717 1
1669 1217 1
1669 1477 1
1669 436 1
1669 121 1
1669 231 1
1669 1341 1
1669 1447 1
1669 453 1
1321 1096 1
1321 309 1
1321 835 1
404 682 1
540 756 1
1644 1558 1
1644 693 1
1644 810 1
1644 388 1
1644 1301 1
1644 597 1
1644 403 1
1644 201 1
1644 1647 1
1644 953 1
1644 255 1
1644 314 1
1644 350 1
1644 355 1
1644 334 1
1644 957 1
1644 695 1
1644 21 1
1644 426 1
564 1146 1
564 1488 1
564 1199 1
564 679 1
564 1382 1
564 947 1
564 91 1
564 490 1
564 584 1
564 749 1
564 1425 1
564 483 1
564 1431 1
696 1624 1
696 519 1
696 1706 1
579 96 1
579 618 1
579 763 1
579 844 1
579 1660 1
579 1553 1
579 1239 1
579 495 1
579 339 1
579 1479 1
579 271 1
579 318 1
579 800 1
579 1344 1
579 625 1
579 266 1
579 846 1
579 1314 1
1273 1694 1
144 1126 1
144 75 1
144 713 1
278 840 1
278 921 1
278 406 1
278 260 1
278 1258 1
278 1596 1
278 115 1
278 151 1
278 673 1
550 1330 1
550 203 1
550 747 1
550 848 1
550 1036 1
550 41 1
550 1189 1
550 1416 1
550 77 1
550 656 1
550 1269 1
550 1612 1
550 1264 1
1640 272 1
1430 3 1
131 534 1
131 853 1
174 1135 1
174 1257 1
85 830 1
85 325 1
85 1020 1
85 1369 1
85 1038 1
85 1012 1
85 1461 1
85 777 1
85 795 1
85 975 1
85 815 1
85 714 1
1163 158 1
1163 1252 1
1713 545 1
1713 1674 1
1713 1401 1
1713 227 1
401 381 1
279 261 1
93 193 1
93 1255 1
93 164 1
93 1006 1
894 1116 1
894 1625 1
894 49 1
894 1700 1
894 1287 1
894 1122 1
894 1318 1
894 30 1
894 631 1
894 1603 1
894 482 1
894 758 1
894 1614 1
894 119 1
894 1360 1
894 941 1
1080 437 1
1080 1019 1
1080 1483 1
1080 1522 1
1080 770 1
1080 1520 1
1262 370 1
1262 901 1
1262 688 1
1262 333 1
957 1051 1
695 1059 1
695 1171 1
695 831 1
695 1114 1
8 335 1
8 244 1
8 254 1
8 1140 1
8 1023 1
277 86 1
277 662 1
277 1052 1
413 588 1
413 920 1
138 129 1
287 1489 1
287 473 1
287 669 1
287 226 1
287 728 1
287 442 1
1156 839 1
1156 1063 1
1156 286 1
83 921 1
83 251 1
83 1429 1
83 406 1
83 260 1
83 123 1
83 684 1
83 267 1
83 1643 1
83 555 1
83 125 1
83 878 1
83 24 1
83 647 1
1619 1519 1
621 1590 1
621 268 1
621 1710 1
621 1444 1
621 124 1
621 506 1
1022 385 1
1111 1521 1
1111 163 1
1111 603 1
1111 812 1
1111 39 1
1111 819 1
1111 1481 1
1111 1013 1
1111 1225 1
1184 1313 1
1214 1146 1
1214 91 1
1214 1253 1
1214 460 1
1214 875 1
1484 1277 1
1484 59 1
528 1666 1
528 1029 1
1528 1297 1
1528 1121 1
1528 514 1
1528 1393 1
1528 837 1
1528 1064 1
1528 1120 1
1300 1466 1
443 1061 1
177 12 1
177 724 1
177 902 1
177 415 1
177 1684 1
177 619 1
1583 899 1
1583 1214 1
1493 152 1
1493 218 1
1493 305 1
1493 906 1
1493 904 1
637 521 1
308 1089 1
308 1250 1
308 1475 1
308 95 1
308 1008 1
308 114 1
1568 167 1
644 549 1
644 248 1
36 320 1
36 1125 1
1622 1693 1
1622 1324 1
1622 1027 1
1315 1574 1
511 699 1
867 449 1
867 665 1
1492 1600 1
453 1202 1
453 764 1
1090 300 1
1090 1403 1
1468 1210 1
1468 554 1
1468 259 1
1468 629 1
1468 247 1
1468 965 1
1468 740 1
1468 229 1
1468 526 1
1468 1113 1
1468 1636 1
1468 1432 1
1468 1580 1
1468 1644 1
1468 1017 1
1468 507 1
1468 1563 1
1468 745 1
1468 1702 1
328 1290 1
501 411 1
501 1410 1
501 1458 1
501 1656 1
501 1312 1
501 492 1
501 202 1
501 723 1
512 1367 1
512 845 1
512 233 1
512 1174 1
1181 1496 1
1181 951 1
