91 962 1
91 746 1
91 177 1
91 640 1
91 71 1
91 1053 1
91 1136 1
91 385 1
91 867 1
494 225 1
494 1153 1
494 982 1
494 101 1
494 739 1
494 635 1
494 805 1
337 554 1
809 1154 1
809 470 1
144 1031 1
144 222 1
144 76 1
144 421 1
144 672 1
529 455 1
744 162 1
744 901 1
744 882 1
688 811 1
1159 3 1
1159 166 1
1159 422 1
1159 892 1
1159 297 1
1159 722 1
1159 968 1
1159 258 1
1159 1175 1
1159 9 1
627 111 1
763 92 1
763 1147 1
763 917 1
763 755 1
763 1020 1
578 66 1
578 762 1
578 675 1
578 158 1
578 587 1
578 413 1
578 548 1
578 556 1
578 561 1
578 918 1
578 187 1
578 44 1
578 876 1
578 678 1
578 599 1
578 848 1
578 743 1
578 1038 1
578 119 1
578 545 1
578 1073 1
468 520 1
394 656 1
775 1167 1
775 367 1
775 757 1
775 1013 1
775 155 1
775 405 1
1076 446 1
1076 833 1
1076 639 1
223 230 1
828 1100 1
828 235 1
828 981 1
828 519 1
828 435 1
828 259 1
828 339 1
828 897 1
828 319 1
828 816 1
828 977 1
828 1108 1
828 352 1
828 1037 1
828 978 1
828 754 1
828 452 1
567 136 1
567 143 1
567 10 1
567 778 1
567 1145 1
567 987 1
567 357 1
567 234 1
567 707 1
567 1005 1
1018 842 1
1018 1097 1
1018 492 1
276 364 1
276 594 1
162 102 1
120 323 1
312 868 1
312 117 1
312 407 1
1021 847 1
1021 798 1
1021 485 1
1021 256 1
1021 696 1
1021 1060 1
902 836 1
902 156 1
902 456 1
902 643 1
902 862 1
628 1114 1
20 497 1
20 1105 1
20 813 1
20 1190 1
20 135 1
20 572 1
358 866 1
358 89 1
313 838 1
313 365 1
313 871 1
313 1000 1
313 791 1
313 890 1
313 920 1
204 444 1
204 763 1
204 775 1
204 1014 1
204 159 1
191 160 1
191 713 1
5 1 1
5 719 1
5 779 1
5 1074 1
5 1087 1
5 1126 1
5 759 1
5 167 1
5 442 1
5 505 1
5 427 1
5 1022 1
5 426 1
397 1110 1
397 889 1
277 293 1
277 490 1
277 661 1
277 725 1
277 310 1
97 466 1
536 767 1
536 1124 1
536 273 1
536 37 1
189 1003 1
464 1133 1
4 875 1
4 1142 1
19 720 1
125 374 1
235 770 1
447 1135 1
447 820 1
447 388 1
447 420 1
447 1134 1
395 157 1
710 795 1
240 726 1
240 30 1
240 465 1
240 1148 1
240 1120 1
240 885 1
95 362 1
95 534 1
95 1043 1
95 781 1
95 851 1
95 161 1
95 887 1
239 872 1
399 474 1
399 1039 1
399 957 1
399 137 1
399 648 1
463 112 1
463 311 1
463 331 1
463 173 1
463 373 1
463 679 1
463 1133 1
463 243 1
463 484 1
618 761 1
618 859 1
618 602 1
618 341 1
618 205 1
618 433 1
618 359 1
618 68 1
981 711 1
981 939 1
981 729 1
22 717 1
22 84 1
22 190 1
22 1035 1
22 793 1
22 689 1
22 580 1
22 745 1
133 636 1
25 1002 1
25 606 1
25 829 1
25 197 1
508 402 1
508 634 1
508 660 1
508 1188 1
543 209 1
543 966 1
543 769 1
543 1033 1
210 735 1
210 979 1
24 305 1
24 1172 1
24 249 1
24 242 1
24 206 1
24 1179 1
24 1183 1
24 630 1
24 247 1
945 448 1
945 884 1
38 1101 1
38 552 1
38 525 1
38 1019 1
38 180 1
38 443 1
192 913 1
192 223 1
192 295 1
192 830 1
192 1042 1
192 532 1
192 703 1
192 1195 1
192 682 1
192 1079 1
192 596 1
192 537 1
192 278 1
192 549 1
551 1011 1
551 436 1
551 260 1
551 653 1
551 669 1
551 748 1
551 170 1
551 496 1
551 921 1
1086 292 1
1086 126 1
1086 716 1
1086 216 1
1086 1173 1
1086 861 1
203 1163 1
203 582 1
203 856 1
248 428 1
248 708 1
248 290 1
248 1116 1
248 749 1
248 583 1
248 555 1
248 702 1
248 326 1
1092 747 1
1092 31 1
1092 53 1
1092 517 1
383 91 1
383 744 1
383 1160 1
383 237 1
383 686 1
383 20 1
383 1164 1
383 1040 1
383 1177 1
383 980 1
383 558 1
383 212 1
383 1055 1
383 423 1
383 152 1
383 386 1
383 378 1
383 13 1
782 253 1
787 812 1
787 139 1
875 481 1
875 699 1
875 564 1
195 366 1
1144 710 1
1121 975 1
1121 499 1
1121 919 1
112 831 1
112 317 1
112 390 1
112 854 1
1168 379 1
1168 457 1
1168 1050 1
1168 1006 1
1168 1109 1
124 483 1
124 841 1
124 329 1
124 535 1
124 267 1
124 728 1
124 1162 1
124 676 1
124 704 1
124 903 1
124 526 1
124 999 1
124 283 1
124 642 1
124 944 1
845 16 1
845 221 1
845 923 1
845 307 1
845 96 1
845 780 1
845 550 1
845 93 1
845 174 1
845 514 1
845 684 1
845 32 1
776 513 1
776 715 1
776 1152 1
776 46 1
1177 122 1
1177 432 1
1177 1023 1
1177 730 1
291 107 1
727 1122 1
857 244 1
857 43 1
857 460 1
857 1161 1
994 997 1
994 70 1
217 391 1
406 109 1
406 1054 1
406 417 1
406 734 1
406 1194 1
406 368 1
406 771 1
406 21 1
406 1173 1
406 396 1
406 974 1
510 377 1
510 611 1
163 904 1
94 389 1
485 287 1
1157 777 1
1157 565 1
584 207 1
584 203 1
584 818 1
584 626 1
584 959 1
584 858 1
584 1048 1
179 638 1
179 1075 1
179 299 1
179 1170 1
179 563 1
179 577 1
179 592 1
179 1057 1
179 49 1
179 34 1
179 503 1
897 118 1
897 113 1
897 1118 1
897 895 1
897 900 1
897 178 1
897 843 1
897 839 1
897 39 1
897 542 1
897 905 1
973 335 1
267 294 1
267 800 1
267 1107 1
348 983 1
348 524 1
348 824 1
348 1077 1
409 419 1
409 202 1
409 929 1
409 261 1
409 877 1
409 1115 1
409 411 1
409 169 1
298 347 1
515 1071 1
515 304 1
515 6 1
515 738 1
980 1010 1
980 77 1
1112 330 1
1112 147 1
1112 692 1
1112 1016 1
865 765 1
424 946 1
424 54 1
424 528 1
698 667 1
698 625 1
698 300 1
698 949 1
442 808 1
1027 153 1
1027 1178 1
1027 1106 1
324 849 1
324 1088 1
324 288 1
324 479 1
324 963 1
324 1169 1
351 1076 1
351 81 1
351 951 1
1042 673 1
1137 562 1
1137 193 1
1137 86 1
1137 996 1
1137 262 1
509 701 1
509 75 1
509 458 1
1044 991 1
1044 14 1
1044 976 1
1044 646 1
1044 42 1
1165 783 1
214 888 1
214 410 1
214 151 1
214 590 1
214 546 1
214 369 1
214 475 1
214 995 1
214 621 1
1029 521 1
1029 576 1
1029 633 1
1029 55 1
569 194 1
593 1080 1
1127 969 1
988 35 1
988 629 1
988 1152 1
988 773 1
988 1111 1
988 11 1
486 1140 1
486 105 1
486 1125 1
486 404 1
486 1065 1
486 597 1
486 1089 1
196 605 1
196 33 1
196 737 1
196 227 1
196 145 1
196 232 1
622 924 1
622 799 1
622 544 1
622 140 1
622 1049 1
622 459 1
622 1180 1
622 1102 1
622 266 1
622 956 1
622 333 1
67 229 1
67 527 1
67 349 1
67 869 1
67 200 1
67 213 1
67 1131 1
67 990 1
1036 211 1
1036 1072 1
212 461 1
212 380 1
212 1113 1
1091 741 1
353 24 1
353 960 1
566 114 1
566 973 1
566 1063 1
566 731 1
616 1081 1
1077 40 1
1077 321 1
1077 553 1
1077 45 1
1077 1189 1
1077 78 1
935 788 1
935 342 1
810 437 1
1055 226 1
1055 680 1
1055 370 1
1055 378 1
176 182 1
176 245 1
176 922 1
408 758 1
737 912 1
737 449 1
737 1085 1
737 79 1
737 663 1
737 15 1
737 906 1
737 309 1
737 659 1
1174 325 1
1174 224 1
1174 815 1
1174 750 1
1174 1095 1
188 1117 1
148 121 1
148 657 1
588 568 1
588 289 1
588 853 1
588 28 1
588 668 1
588 608 1
360 1171 1
360 408 1
360 601 1
154 931 1
154 355 1
154 804 1
154 1029 1
154 1001 1
154 149 1
154 932 1
154 674 1
570 188 1
418 90 1
208 1128 1
208 619 1
208 1030 1
208 927 1
208 301 1
208 607 1
384 1181 1
682 940 1
682 860 1
682 784 1
891 363 1
891 863 1
728 1096 1
694 852 1
694 613 1
694 898 1
694 415 1
694 1070 1
971 69 1
487 1009 1
487 231 1
487 480 1
487 947 1
487 198 1
487 1036 1
487 340 1
487 557 1
487 941 1
487 1119 1
412 495 1
412 942 1
1090 327 1
1090 220 1
1090 171 1
1155 878 1
1155 1051 1
1155 764 1
1155 302 1
1155 685 1
1155 1008 1
1155 802 1
1155 1012 1
1155 1064 1
1052 208 1
146 1018 1
146 315 1
146 348 1
146 1084 1
146 384 1
146 2 1
530 345 1
766 662 1
766 218 1
766 632 1
766 181 1
766 523 1
766 928 1
766 438 1
766 718 1
375 992 1
1093 429 1
1093 536 1
1093 774 1
1093 104 1
1093 721 1
1093 1123 1
1093 250 1
1093 644 1
1093 533 1
1093 7 1
934 424 1
52 228 1
28 1129 1
28 938 1
28 954 1
83 381 1
83 371 1
83 936 1
83 414 1
83 732 1
83 17 1
1103 57 1
1103 751 1
668 1182 1
516 8 1
516 961 1
516 797 1
516 26 1
445 58 1
445 251 1
445 883 1
445 1025 1
445 700 1
445 142 1
445 274 1
445 316 1
445 1028 1
445 1139 1
664 694 1
165 449 1
851 933 1
557 547 1
557 834 1
557 138 1
557 585 1
557 665 1
557 108 1
557 430 1
557 318 1
557 705 1
557 320 1
557 306 1
557 573 1
557 184 1
557 835 1
557 972 1
557 501 1
696 233 1
526 483 1
879 1184 1
879 1158 1
23 1143 1
23 641 1
23 85 1
453 930 1
63 531 1
63 79 1
832 454 1
832 637 1
832 817 1
832 768 1
832 467 1
832 498 1
832 907 1
832 723 1
832 61 1
832 334 1
832 554 1
832 785 1
832 476 1
832 958 1
832 943 1
832 908 1
832 579 1
832 214 1
832 844 1
832 127 1
832 695 1
832 772 1
832 282 1
832 794 1
832 807 1
832 709 1
832 742 1
832 623 1
832 469 1
832 825 1
832 752 1
832 518 1
832 600 1
832 687 1
72 343 1
72 478 1
72 286 1
72 893 1
72 257 1
72 172 1
72 984 1
72 440 1
72 1056 1
72 88 1
72 1098 1
72 1066 1
254 106 1
378 1061 1
378 1138 1
382 59 1
382 56 1
382 690 1
827 268 1
827 970 1
827 1191 1
827 500 1
827 241 1
827 164 1
827 80 1
827 649 1
827 909 1
837 275 1
21 163 1
21 693 1
21 296 1
73 846 1
361 462 1
623 50 1
989 263 1
989 1078 1
910 24 1
910 1141 1
185 502 1
185 559 1
185 1041 1
185 712 1
185 504 1
185 522 1
185 658 1
185 482 1
185 128 1
185 796 1
185 332 1
185 488 1
855 807 1
855 308 1
855 538 1
855 322 1
855 1067 1
41 998 1
41 1094 1
41 986 1
41 403 1
41 651 1
41 1146 1
41 1130 1
595 591 1
595 129 1
595 303 1
595 1068 1
595 280 1
595 372 1
595 603 1
115 683 1
965 1159 1
965 914 1
965 899 1
965 346 1
840 252 1
840 471 1
840 219 1
840 439 1
840 539 1
840 400 1
840 1082 1
840 272 1
840 1004 1
840 826 1
840 873 1
691 255 1
691 82 1
691 819 1
1104 756 1
1104 1007 1
1104 493 1
1104 894 1
1104 508 1
1104 864 1
1104 787 1
1104 915 1
1104 1132 1
1104 434 1
264 786 1
264 609 1
264 1150 1
264 753 1
264 925 1
264 1185 1
264 670 1
264 238 1
264 132 1
264 123 1
264 416 1
264 964 1
264 993 1
264 1166 1
264 74 1
264 1069 1
264 1186 1
264 1187 1
264 51 1
264 706 1
752 334 1
752 282 1
111 589 1
645 801 1
645 615 1
645 571 1
645 543 1
645 248 1
645 541 1
645 727 1
645 98 1
645 971 1
645 766 1
645 375 1
645 934 1
645 516 1
645 989 1
645 279 1
645 1024 1
645 1026 1
881 850 1
1176 131 1
814 236 1
814 168 1
814 401 1
814 733 1
596 821 1
596 911 1
978 926 1
978 47 1
978 948 1
978 789 1
978 652 1
540 477 1
540 103 1
540 512 1
285 697 1
285 874 1
285 30 1
285 631 1
285 952 1
285 87 1
285 857 1
285 736 1
285 12 1
1024 1156 1
1024 141 1
518 314 1
518 677 1
489 134 1
489 724 1
269 451 1
269 506 1
269 270 1
269 130 1
1023 450 1
604 655 1
604 328 1
604 96 1
604 354 1
604 945 1
604 845 1
604 681 1
604 790 1
604 183 1
604 1083 1
604 376 1
604 879 1
604 27 1
604 62 1
604 624 1
604 265 1
507 666 1
18 650 1
18 392 1
18 647 1
18 284 1
18 291 1
18 398 1
18 916 1
18 336 1
1149 950 1
574 806 1
574 1045 1
387 199 1
387 201 1
387 614 1
387 714 1
387 1192 1
387 740 1
725 586 1
725 29 1
1015 617 1
1015 150 1
431 792 1
431 822 1
937 453 1
671 809 1
671 124 1
671 967 1
1026 1058 1
1026 271 1
1026 425 1
1026 25 1
1026 1099 1
1026 356 1
1026 246 1
1026 880 1
1026 612 1
1026 1062 1
1026 560 1
491 1017 1
491 1046 1
491 48 1
215 1151 1
278 64 1
620 281 1
620 175 1
620 953 1
393 350 1
393 110 1
575 441 1
967 344 1
967 823 1
967 1193 1
62 598 1
62 760 1
62 1047 1
528 581 1
473 955 1
549 186 1
549 99 1
803 1032 1
803 246 1
60 896 1
886 472 1
886 610 1
886 116 1
886 1034 1
886 870 1
985 654 1
36 100 1
452 511 1
338 65 1
338 1059 1
