93 222 1
93 45 1
93 72 1
93 127 1
93 163 1
210 33 1
210 236 1
71 68 1
71 211 1
71 64 1
71 201 1
100 153 1
100 95 1
198 219 1
101 53 1
101 85 1
128 213 1
128 218 1
11 26 1
11 58 1
11 130 1
11 5 1
11 86 1
11 195 1
11 87 1
1 43 1
131 63 1
157 224 1
157 96 1
157 141 1
142 7 1
142 32 1
142 176 1
135 216 1
99 131 1
99 182 1
99 12 1
99 75 1
99 106 1
99 152 1
99 136 1
99 83 1
99 37 1
99 202 1
211 116 1
211 81 1
211 49 1
211 2 1
211 151 1
205 22 1
52 47 1
52 56 1
52 238 1
52 192 1
52 29 1
52 30 1
52 92 1
19 23 1
19 143 1
19 109 1
190 155 1
24 17 1
228 146 1
228 107 1
156 66 1
184 78 1
184 190 1
184 228 1
184 168 1
184 189 1
184 41 1
184 158 1
184 97 1
184 74 1
184 16 1
184 133 1
6 194 1
226 208 1
226 213 1
162 103 1
162 164 1
162 105 1
162 161 1
162 175 1
34 3 1
34 229 1
34 173 1
219 98 1
122 171 1
209 120 1
209 230 1
126 102 1
126 179 1
126 159 1
126 191 1
126 40 1
126 28 1
126 84 1
126 137 1
126 27 1
126 8 1
125 154 1
125 178 1
125 4 1
125 82 1
125 199 1
125 225 1
232 110 1
232 88 1
232 239 1
231 20 1
231 197 1
231 14 1
231 212 1
9 89 1
9 39 1
9 232 1
9 113 1
9 160 1
138 183 1
138 115 1
138 76 1
138 94 1
138 132 1
38 114 1
38 198 1
38 157 1
38 50 1
38 170 1
38 205 1
38 165 1
38 187 1
38 118 1
38 61 1
38 166 1
38 60 1
38 108 1
41 196 1
41 13 1
41 233 1
41 169 1
41 214 1
62 144 1
61 140 1
61 15 1
174 46 1
174 65 1
174 117 1
203 200 1
203 90 1
169 148 1
48 185 1
48 150 1
167 54 1
42 177 1
42 67 1
42 55 1
42 111 1
42 180 1
42 35 1
42 124 1
21 79 1
21 220 1
21 10 1
37 68 1
37 25 1
37 139 1
37 206 1
37 62 1
37 57 1
37 237 1
74 193 1
74 77 1
74 186 1
51 181 1
51 31 1
51 36 1
51 121 1
51 227 1
51 44 1
27 215 1
27 18 1
27 145 1
27 149 1
27 129 1
27 207 1
27 223 1
27 80 1
27 234 1
27 188 1
188 172 1
123 147 1
123 59 1
123 158 1
123 73 1
90 204 1
90 69 1
112 235 1
112 70 1
112 221 1
104 217 1
104 134 1
104 91 1
104 119 1
