61 30 1
61 37 1
67 42 1
67 50 1
67 11 1
67 17 1
67 63 1
67 8 1
57 58 1
59 55 1
59 3 1
59 20 1
59 70 1
38 24 1
38 39 1
38 35 1
38 13 1
38 28 1
38 90 1
38 18 1
38 46 1
43 34 1
43 71 1
43 9 1
43 60 1
43 66 1
43 91 1
43 80 1
43 86 1
19 14 1
19 5 1
48 15 1
48 7 1
48 41 1
48 31 1
48 64 1
48 79 1
48 68 1
74 1 1
74 4 1
74 29 1
74 87 1
74 89 1
74 10 1
82 6 1
82 27 1
82 78 1
82 49 1
84 40 1
84 47 1
94 62 1
32 16 1
51 26 1
95 22 1
56 23 1
56 69 1
56 76 1
56 44 1
85 12 1
88 24 1
25 36 1
25 92 1
93 65 1
45 83 1
45 32 1
45 93 1
45 77 1
45 54 1
72 21 1
22 52 1
53 2 1
53 33 1
53 75 1
81 73 1
