22 115 1
89 69 1
126 189 1
126 213 1
126 148 1
126 211 1
126 24 1
126 191 1
126 125 1
126 139 1
126 168 1
126 237 1
126 163 1
126 95 1
126 249 1
126 172 1
126 13 1
126 134 1
126 142 1
126 226 1
126 262 1
126 245 1
126 63 1
126 17 1
126 86 1
126 204 1
126 150 1
126 116 1
126 10 1
126 228 1
126 240 1
126 241 1
126 143 1
126 6 1
126 180 1
126 51 1
126 227 1
126 39 1
126 25 1
141 90 1
141 73 1
141 18 1
102 49 1
176 258 1
176 212 1
176 206 1
159 174 1
168 238 1
235 164 1
235 222 1
235 160 1
235 56 1
235 36 1
235 52 1
235 43 1
235 185 1
235 45 1
235 137 1
92 188 1
26 250 1
37 122 1
93 183 1
93 254 1
93 158 1
93 53 1
93 260 1
93 154 1
93 56 1
93 118 1
93 173 1
93 259 1
93 103 1
93 151 1
93 205 1
2 27 1
2 119 1
2 256 1
2 11 1
33 75 1
257 143 1
160 76 1
160 182 1
160 169 1
160 195 1
160 149 1
147 91 1
147 214 1
147 23 1
217 161 1
217 136 1
203 114 1
166 12 1
162 85 1
81 46 1
41 108 1
41 123 1
41 117 1
41 192 1
41 28 1
261 19 1
261 84 1
261 152 1
261 216 1
127 104 1
144 38 1
144 223 1
34 93 1
34 186 1
229 105 1
229 98 1
229 215 1
229 209 1
229 181 1
229 82 1
229 83 1
229 232 1
229 47 1
229 74 1
229 243 1
229 55 1
229 258 1
66 175 1
77 9 1
77 50 1
4 217 1
4 68 1
4 29 1
14 236 1
14 246 1
14 87 1
207 153 1
207 199 1
75 15 1
68 230 1
68 201 1
68 145 1
68 128 1
170 198 1
204 237 1
204 150 1
204 10 1
54 94 1
186 158 1
186 260 1
186 27 1
186 52 1
186 259 1
186 43 1
186 151 1
186 205 1
171 218 1
10 148 1
106 197 1
106 31 1
106 177 1
106 178 1
240 85 1
240 162 1
240 129 1
240 80 1
240 146 1
240 124 1
240 156 1
240 57 1
240 132 1
65 251 1
65 20 1
65 233 1
65 210 1
179 58 1
97 170 1
120 107 1
130 193 1
42 16 1
40 62 1
40 157 1
247 140 1
69 59 1
219 100 1
231 78 1
5 67 1
5 30 1
5 7 1
194 8 1
194 239 1
194 96 1
194 231 1
103 221 1
61 212 1
174 224 1
174 64 1
35 70 1
35 242 1
35 252 1
35 21 1
35 184 1
35 234 1
35 72 1
35 106 1
35 244 1
35 138 1
35 99 1
35 165 1
35 32 1
155 109 1
155 190 1
71 9 1
248 200 1
101 225 1
101 110 1
101 1 1
101 79 1
258 222 1
258 28 1
190 131 1
167 113 1
25 189 1
25 162 1
25 129 1
25 57 1
44 111 1
44 60 1
44 253 1
44 48 1
44 220 1
44 157 1
44 61 1
44 133 1
196 121 1
196 255 1
196 208 1
196 202 1
112 3 1
88 187 1
88 135 1
