927 135 1
469 467 1
469 1587 1
2033 663 1
2033 271 1
1815 2058 1
1815 522 1
1815 1536 1
1815 1566 1
1815 1871 1
1815 837 1
1815 688 1
1815 893 1
1815 1692 1
1815 985 1
1815 1394 1
1815 598 1
1815 1862 1
1815 2203 1
1815 201 1
701 1008 1
701 476 1
701 2180 1
701 407 1
701 2167 1
701 645 1
701 934 1
701 1964 1
701 431 1
701 521 1
701 2204 1
701 207 1
701 1033 1
701 532 1
701 1853 1
265 1542 1
265 1237 1
265 1563 1
265 1821 1
265 310 1
265 1460 1
265 1847 1
1586 759 1
1875 809 1
1875 1666 1
1875 97 1
1875 88 1
1875 1468 1
1875 322 1
1875 1691 1
1875 1614 1
1875 1623 1
1875 1929 1
1875 387 1
1875 730 1
1875 2034 1
1875 69 1
1875 1690 1
1875 233 1
1875 1233 1
992 1922 1
992 1147 1
992 1252 1
992 1188 1
992 831 1
992 202 1
535 928 1
535 1728 1
535 2011 1
535 1415 1
535 510 1
734 5 1
1565 1267 1
1008 1526 1
1008 532 1
1008 1853 1
2159 171 1
2159 1352 1
2159 267 1
383 596 1
383 2152 1
2069 966 1
2069 1781 1
2069 1527 1
2069 210 1
1955 2068 1
19 978 1
19 413 1
2022 1593 1
2022 1594 1
2022 558 1
2022 1505 1
2022 743 1
503 1982 1
794 56 1
794 1 1
794 1848 1
1713 964 1
1713 1522 1
1713 942 1
1713 1946 1
1713 1618 1
1713 1604 1
1713 995 1
1713 641 1
1713 2015 1
1713 1200 1
1250 1832 1
1250 1857 1
1250 1216 1
1782 2098 1
1782 118 1
1782 744 1
1782 859 1
1930 112 1
297 526 1
297 1133 1
297 560 1
297 268 1
297 2173 1
297 1120 1
297 1365 1
297 259 1
297 720 1
1666 2125 1
1160 1151 1
1160 343 1
1160 570 1
1160 474 1
1160 1373 1
1160 534 1
1160 786 1
1160 432 1
1160 304 1
1160 1059 1
1978 1926 1
1978 747 1
1978 116 1
1978 153 1
1978 955 1
95 1916 1
95 1340 1
95 384 1
95 650 1
95 199 1
95 2164 1
95 1316 1
95 193 1
95 950 1
95 452 1
95 2108 1
95 414 1
1542 2129 1
1542 2056 1
1542 604 1
1542 1555 1
1542 2195 1
805 163 1
805 1546 1
805 755 1
805 1592 1
805 1372 1
805 1305 1
805 129 1
805 798 1
805 141 1
805 331 1
805 86 1
805 1569 1
805 1665 1
805 2037 1
805 909 1
805 2020 1
805 818 1
805 2132 1
805 1838 1
805 1503 1
805 149 1
805 633 1
805 2004 1
805 1739 1
1558 375 1
88 1547 1
88 508 1
2061 477 1
2061 1608 1
2061 266 1
2061 1577 1
2061 1789 1
2157 1325 1
2157 136 1
2157 1255 1
2157 493 1
1901 1878 1
1901 2066 1
1901 218 1
1901 1731 1
1901 583 1
1901 1300 1
1901 419 1
1901 67 1
1901 594 1
1901 897 1
1901 48 1
1901 1413 1
1901 817 1
1901 1219 1
1901 1392 1
1548 1962 1
1548 2060 1
1548 347 1
1548 869 1
1548 880 1
1548 1911 1
1997 589 1
429 671 1
429 1691 1
429 1434 1
429 933 1
483 1942 1
483 2191 1
483 1306 1
1084 4 1
647 957 1
647 592 1
647 1077 1
2121 1429 1
2121 1298 1
2121 825 1
2121 1568 1
2121 1994 1
2121 1622 1
2121 363 1
2121 2036 1
2121 342 1
2121 1890 1
2121 2145 1
2121 192 1
2121 2103 1
2121 482 1
125 741 1
125 1598 1
125 1400 1
612 1802 1
612 1792 1
612 6 1
1090 1228 1
1090 318 1
1635 1234 1
1635 910 1
1635 1362 1
100 1435 1
100 824 1
1277 1798 1
1277 1043 1
1067 1992 1
1067 1620 1
1067 1256 1
907 196 1
1966 754 1
1497 1220 1
1497 96 1
1497 611 1
1497 459 1
1497 9 1
1497 1934 1
45 460 1
729 540 1
729 275 1
166 546 1
166 1207 1
523 483 1
523 1949 1
523 502 1
623 1005 1
954 785 1
954 2169 1
954 1730 1
954 1353 1
1404 224 1
1404 1344 1
1404 1280 1
1404 1986 1
1404 368 1
1404 437 1
1404 728 1
1404 545 1
1404 38 1
1404 370 1
407 1733 1
407 1369 1
407 1104 1
1629 504 1
1629 1402 1
1629 2064 1
727 1514 1
727 965 1
325 787 1
2041 1680 1
2041 1583 1
2041 1290 1
2041 613 1
2041 164 1
2041 2078 1
2041 473 1
2041 1241 1
2041 82 1
2041 1627 1
1390 138 1
1197 424 1
327 997 1
327 1069 1
327 161 1
1523 115 1
1523 458 1
1523 1647 1
1499 1242 1
1499 1202 1
1499 159 1
332 1072 1
898 1650 1
898 2162 1
898 520 1
912 1724 1
142 1481 1
142 890 1
142 738 1
142 835 1
142 20 1
142 1246 1
142 553 1
142 1777 1
142 800 1
142 221 1
1756 1109 1
75 1311 1
75 1070 1
385 92 1
144 1613 1
144 1595 1
1892 2079 1
400 58 1
41 564 1
1473 1332 1
1473 1452 1
1473 1969 1
1473 543 1
1473 468 1
1473 1287 1
1473 1471 1
1473 1467 1
1473 1284 1
1473 1170 1
1473 1425 1
1473 784 1
1473 2047 1
1473 353 1
1473 1179 1
1473 2134 1
1473 1599 1
1473 2109 1
1473 634 1
1396 865 1
1396 433 1
1042 990 1
1042 1426 1
1042 524 1
585 2085 1
585 1794 1
585 1936 1
585 2199 1
585 1224 1
585 179 1
1814 2117 1
1814 930 1
1814 377 1
1814 2150 1
445 2016 1
445 534 1
445 1567 1
1331 603 1
1331 2201 1
1331 1079 1
1331 299 1
788 1166 1
788 1494 1
1162 1498 1
1162 357 1
1162 1827 1
1162 1032 1
1162 464 1
1162 974 1
1162 943 1
1162 845 1
1162 187 1
1089 1651 1
1089 154 1
1973 1643 1
1973 391 1
1973 102 1
791 1779 1
1350 323 1
593 1451 1
593 2042 1
751 695 1
2086 1186 1
2086 441 1
2086 1544 1
2086 2205 1
2086 1206 1
2086 2158 1
2086 1198 1
62 2018 1
1034 1189 1
1081 1511 1
983 1860 1
983 41 1
983 1508 1
110 1314 1
645 989 1
645 1050 1
320 576 1
336 137 1
1915 1058 1
1915 672 1
172 567 1
309 140 1
309 547 1
309 382 1
772 2157 1
772 509 1
772 1535 1
772 804 1
772 222 1
693 1078 1
693 1906 1
693 1212 1
1752 1135 1
1752 877 1
1752 1999 1
1807 868 1
1807 1637 1
1807 127 1
1807 76 1
1807 630 1
1068 541 1
1068 682 1
1068 956 1
1068 862 1
306 1534 1
306 1102 1
1091 1722 1
1091 1829 1
1727 105 1
1700 640 1
1700 211 1
1593 1063 1
1049 1380 1
1592 1238 1
1592 113 1
1592 1014 1
1592 1532 1
1944 602 1
1944 1913 1
1944 336 1
1944 281 1
1944 1823 1
1944 60 1
1944 26 1
1944 1702 1
1944 1083 1
1944 1199 1
1944 1745 1
1944 1276 1
1944 915 1
1944 1187 1
1944 770 1
1944 1159 1
1944 2120 1
1644 1719 1
1644 1919 1
1644 2080 1
1048 1976 1
1048 66 1
1450 621 1
1450 1956 1
1450 1443 1
1450 1940 1
1011 1218 1
1011 1732 1
1171 1371 1
1248 1479 1
1269 1974 1
1269 2168 1
1269 1972 1
1269 488 1
1269 1662 1
1269 2128 1
1269 1545 1
1269 1749 1
1269 1051 1
1720 1683 1
1720 687 1
455 1813 1
455 2113 1
455 1657 1
455 388 1
455 1814 1
455 1541 1
455 358 1
455 819 1
455 506 1
455 462 1
455 1017 1
455 425 1
455 1312 1
455 1883 1
455 13 1
455 699 1
455 792 1
455 333 1
2050 314 1
2050 1112 1
2050 1266 1
2050 1925 1
2050 1873 1
287 1863 1
287 158 1
287 2070 1
287 1845 1
287 2136 1
287 2166 1
287 1116 1
287 209 1
287 2055 1
287 1736 1
287 1463 1
721 929 1
953 536 1
953 1639 1
953 1093 1
757 1140 1
757 683 1
757 971 1
757 237 1
261 1993 1
261 2021 1
261 1323 1
261 1339 1
261 1496 1
261 764 1
261 960 1
1689 1677 1
1689 320 1
1689 70 1
1689 1422 1
1689 1562 1
1689 714 1
77 2054 1
1851 124 1
1851 642 1
1851 1168 1
1799 1004 1
1799 519 1
1799 575 1
1799 733 1
1804 578 1
1556 777 1
1556 1027 1
559 1939 1
1912 568 1
1912 1024 1
1912 1440 1
1912 602 1
1912 783 1
1912 336 1
1912 1868 1
1912 281 1
1912 1417 1
1912 724 1
1912 1345 1
1912 1702 1
1912 773 1
1912 279 1
1912 344 1
1912 1103 1
1912 1276 1
975 789 1
975 385 1
975 1260 1
975 1038 1
507 541 1
507 1067 1
507 607 1
507 894 1
507 1052 1
507 682 1
507 498 1
507 1620 1
507 1632 1
507 1256 1
507 862 1
507 2006 1
282 627 1
282 879 1
876 1261 1
914 1869 1
703 1084 1
703 655 1
742 2038 1
742 1370 1
742 1693 1
742 1895 1
742 1520 1
742 1533 1
692 737 1
60 1121 1
946 659 1
2056 846 1
294 451 1
294 988 1
294 1538 1
294 2024 1
294 574 1
294 119 1
278 1377 1
1305 1204 1
1305 436 1
1305 1664 1
1305 1676 1
1305 293 1
1305 1164 1
17 2009 1
903 1094 1
903 660 1
903 111 1
903 1958 1
903 1865 1
903 2189 1
1061 1074 1
165 1761 1
364 2070 1
364 332 1
364 206 1
364 923 1
364 587 1
364 194 1
364 991 1
364 2031 1
364 2096 1
364 420 1
364 305 1
364 2184 1
364 348 1
364 290 1
364 27 1
364 240 1
624 1131 1
624 1182 1
624 591 1
624 1129 1
624 1138 1
719 1057 1
1337 1506 1
609 169 1
609 1571 1
609 813 1
609 2039 1
609 456 1
609 1547 1
609 334 1
609 1395 1
609 123 1
2092 1485 1
2092 1885 1
2092 1397 1
2092 1409 1
2092 339 1
2092 760 1
766 617 1
1110 2017 1
1110 1065 1
1110 74 1
1796 1711 1
1796 1455 1
1796 597 1
1796 1797 1
2057 1385 1
2057 24 1
129 2131 1
129 273 1
129 2035 1
548 2170 1
774 562 1
774 1476 1
774 599 1
774 610 1
774 1249 1
774 1758 1
774 1914 1
774 1041 1
774 643 1
1095 2062 1
1095 19 1
1095 1850 1
1095 938 1
1095 1708 1
1095 1374 1
1095 565 1
1095 1174 1
1095 246 1
1095 2083 1
1095 1920 1
1095 1766 1
1095 1446 1
1095 1167 1
1268 478 1
1268 891 1
1268 2187 1
1268 620 1
1268 517 1
1268 151 1
1268 1010 1
1268 1405 1
1268 1099 1
1268 162 1
746 570 1
746 786 1
746 1466 1
746 432 1
231 78 1
307 341 1
307 1952 1
307 1943 1
307 1808 1
1605 1054 1
1190 1178 1
706 1029 1
706 631 1
706 1793 1
706 2010 1
99 573 1
99 951 1
99 2135 1
1980 544 1
1778 538 1
547 1686 1
547 1235 1
1185 449 1
1185 1068 1
1185 2149 1
1185 1322 1
2074 2003 1
2074 1486 1
2074 2049 1
2074 1324 1
1970 763 1
888 87 1
888 864 1
888 527 1
888 270 1
2102 1134 1
1009 551 1
195 860 1
195 794 1
195 2100 1
195 1633 1
195 1477 1
195 857 1
195 757 1
195 2075 1
195 197 1
195 683 1
195 814 1
195 1062 1
195 882 1
195 1431 1
195 1780 1
195 1293 1
195 426 1
195 971 1
195 237 1
1854 1036 1
1854 211 1
1854 238 1
1854 328 1
1854 366 1
1854 657 1
1854 619 1
1854 782 1
924 1433 1
924 793 1
924 450 1
924 959 1
924 1333 1
924 371 1
924 1816 1
926 1642 1
926 1807 1
926 1524 1
926 1696 1
926 1296 1
926 948 1
1822 1687 1
1822 1921 1
1822 146 1
1822 1810 1
1822 1379 1
1626 2033 1
1626 1738 1
1626 779 1
1626 711 1
1626 1778 1
1626 73 1
1626 1923 1
1626 529 1
1626 1628 1
1626 1367 1
1626 1518 1
1626 1624 1
1626 632 1
1626 39 1
1626 972 1
1119 469 1
1119 1501 1
1119 2171 1
1119 1973 1
1119 77 1
1119 1016 1
1119 625 1
1119 1835 1
1119 889 1
1119 176 1
1119 1384 1
1119 698 1
2082 97 1
2082 2154 1
2082 1623 1
2082 2204 1
2082 920 1
1156 1066 1
1156 765 1
1156 1101 1
1156 152 1
1156 1769 1
1156 1935 1
1156 394 1
1156 1309 1
1156 1144 1
1156 1315 1
1156 1222 1
492 53 1
1318 1478 1
1318 122 1
1318 614 1
1318 2114 1
1318 1454 1
1318 1996 1
234 1771 1
234 1910 1
234 1337 1
234 1967 1
234 1759 1
234 255 1
234 1784 1
234 1945 1
234 1903 1
710 167 1
183 525 1
386 866 1
386 808 1
386 615 1
386 1364 1
386 618 1
386 963 1
386 1846 1
386 2105 1
1336 408 1
1336 1044 1
368 224 1
1467 81 1
1467 1652 1
1141 1075 1
46 1658 1
46 967 1
46 1672 1
46 1867 1
46 1968 1
250 979 1
700 1019 1
700 1669 1
700 1385 1
700 557 1
700 1917 1
700 1960 1
700 2057 1
700 46 1
700 1550 1
700 873 1
700 1247 1
700 1965 1
700 2144 1
700 925 1
700 418 1
700 1035 1
700 1111 1
700 24 1
700 1211 1
700 969 1
700 1551 1
700 920 1
725 2192 1
725 23 1
725 1236 1
1145 1607 1
1145 31 1
1145 2050 1
1145 903 1
1145 1449 1
1145 1095 1
1145 71 1
1145 694 1
1145 2102 1
1145 1445 1
1145 1130 1
1145 944 1
1145 1265 1
1145 246 1
1145 718 1
1145 962 1
1145 1886 1
1145 2175 1
1145 1959 1
1145 369 1
1145 1500 1
1145 1981 1
1145 822 1
1145 1707 1
1145 258 1
1145 1979 1
1145 1640 1
1272 1060 1
1272 2116 1
1163 354 1
1163 1939 1
1163 577 1
1163 673 1
1414 324 1
1414 300 1
1414 128 1
1414 2097 1
1414 622 1
1414 1032 1
1414 702 1
1414 1406 1
1414 796 1
1414 104 1
1414 285 1
1949 1183 1
1949 1581 1
847 423 1
847 247 1
847 1866 1
847 398 1
847 836 1
847 2197 1
847 1787 1
847 2193 1
847 1791 1
847 1262 1
847 1783 1
847 1071 1
847 616 1
847 228 1
847 114 1
2031 1270 1
1457 693 1
1457 1799 1
1457 345 1
1457 1938 1
1457 1366 1
1457 1748 1
1457 1880 1
952 761 1
952 203 1
952 905 1
952 1904 1
952 1080 1
1918 280 1
1918 826 1
1918 1108 1
1918 277 1
1918 514 1
1918 1591 1
1918 365 1
1918 1056 1
1918 1483 1
1918 1899 1
1918 2077 1
111 501 1
1694 185 1
1694 396 1
1694 1412 1
1694 401 1
1971 1991 1
1809 500 1
537 2146 1
537 919 1
232 2019 1
1046 173 1
1146 1830 1
1146 1403 1
1146 1031 1
1146 447 1
1146 1585 1
1146 1251 1
1146 1742 1
1146 1525 1
1146 2074 1
1146 1803 1
1146 1378 1
1146 1458 1
1146 1998 1
1146 1274 1
1146 939 1
1639 1363 1
147 1148 1
1515 719 1
1515 2177 1
1515 239 1
1515 2005 1
981 1215 1
1725 212 1
1208 1295 1
1208 1447 1
1208 572 1
1208 1735 1
1208 412 1
1208 961 1
1208 2160 1
1208 1407 1
718 63 1
873 1965 1
188 1539 1
188 90 1
188 885 1
188 470 1
188 2072 1
188 1767 1
188 1785 1
188 1948 1
188 2181 1
241 1342 1
461 1401 1
461 1107 1
654 1411 1
264 1020 1
264 2112 1
264 1399 1
264 51 1
248 756 1
248 1376 1
248 1090 1
248 1269 1
248 15 1
248 2027 1
248 537 1
248 486 1
248 2002 1
248 235 1
918 899 1
918 1837 1
918 1915 1
918 1248 1
918 1689 1
918 1765 1
918 624 1
918 2092 1
918 1334 1
918 1336 1
918 250 1
918 550 1
918 705 1
918 54 1
918 390 1
918 750 1
918 319 1
918 321 1
918 652 1
556 1826 1
556 229 1
406 802 1
406 1436 1
406 1856 1
2161 471 1
2161 2065 1
2161 1381 1
2161 2155 1
2161 1492 1
2161 1893 1
2161 940 1
1762 1716 1
1762 307 1
1762 1843 1
1762 1718 1
1762 778 1
1762 1908 1
2067 2069 1
2067 680 1
2067 668 1
2067 32 1
2067 245 1
2067 188 1
2067 679 1
2067 117 1
2067 1554 1
2067 379 1
925 871 1
925 557 1
925 823 1
925 1553 1
799 217 1
1775 1723 1
371 1114 1
371 2156 1
371 1811 1
1660 1790 1
1660 1375 1
1660 581 1
1660 1472 1
1660 1755 1
1660 2028 1
1660 1932 1
1660 130 1
1660 1715 1
1660 49 1
1660 775 1
1660 389 1
10 1416 1
10 1132 1
10 216 1
10 2179 1
10 2076 1
10 2007 1
10 707 1
1357 1896 1
1357 1609 1
1357 612 1
1357 780 1
1357 1013 1
1357 234 1
1357 1673 1
1357 184 1
1357 1918 1
1357 639 1
1357 1984 1
1357 14 1
1357 1097 1
1357 359 1
1357 1743 1
1357 1430 1
495 2200 1
148 156 1
148 2124 1
148 496 1
148 272 1
148 448 1
148 1456 1
148 1858 1
148 397 1
148 2095 1
148 1513 1
1601 2059 1
1601 1961 1
1601 569 1
1601 977 1
442 1303 1
442 906 1
442 155 1
442 1621 1
442 816 1
390 1117 1
390 1697 1
390 561 1
390 1154 1
466 811 1
844 208 1
844 230 1
844 463 1
844 372 1
844 395 1
844 1825 1
844 980 1
1123 291 1
1123 1817 1
1123 2091 1
1123 475 1
1123 439 1
962 1681 1
1201 1423 1
1201 872 1
1597 257 1
1161 1435 1
1161 337 1
1161 908 1
1161 606 1
1161 566 1
1161 1774 1
1161 101 1
1161 145 1
1161 1768 1
1161 1469 1
1161 579 1
1161 875 1
1161 824 1
1984 1516 1
269 945 1
1026 213 1
712 1877 1
1419 542 1
1419 1927 1
1924 1983 1
2001 1685 1
2001 2048 1
2001 644 1
2001 2025 1
1301 1747 1
2002 302 1
2002 132 1
355 539 1
305 1540 1
305 637 1
305 1194 1
107 658 1
107 306 1
107 47 1
107 457 1
883 513 1
883 1021 1
883 465 1
883 746 1
883 170 1
883 1391 1
883 1466 1
883 1149 1
605 1475 1
605 453 1
605 1388 1
605 1616 1
605 1661 1
605 430 1
605 1313 1
605 1950 1
605 1442 1
605 691 1
605 1645 1
605 1834 1
605 190 1
605 739 1
605 958 1
605 435 1
605 1610 1
605 180 1
418 2154 1
418 1746 1
418 1658 1
418 967 1
418 1672 1
418 1421 1
418 1968 1
1788 2046 1
1788 1688 1
1788 1259 1
1788 797 1
1788 881 1
1788 664 1
1788 1573 1
1788 904 1
1788 1763 1
1788 1191 1
1788 1480 1
1788 34 1
1788 2026 1
1788 220 1
1788 289 1
1788 870 1
1788 1353 1
1788 1519 1
1788 25 1
1304 1963 1
1954 143 1
1954 30 1
1954 505 1
1954 399 1
1213 1631 1
1213 1356 1
1213 1203 1
1213 1517 1
28 205 1
28 315 1
28 662 1
28 709 1
28 1424 1
28 856 1
28 226 1
1947 1935 1
1947 64 1
1947 1315 1
313 1528 1
641 1037 1
641 1842 1
641 767 1
641 1887 1
641 1975 1
641 995 1
374 52 1
361 487 1
361 1023 1
356 1451 1
1470 1085 1
1470 636 1
1470 917 1
94 1153 1
94 1321 1
94 1482 1
94 1282 1
94 580 1
94 421 1
94 1638 1
94 1812 1
94 941 1
94 2043 1
723 1502 1
723 1177 1
723 1580 1
1320 22 1
1320 2153 1
722 2090 1
1864 1909 1
1864 1565 1
1864 1635 1
1864 828 1
1864 1335 1
1864 1794 1
1864 1560 1
1864 2030 1
1864 1184 1
1864 900 1
1864 1828 1
1864 833 1
181 752 1
181 150 1
181 303 1
181 296 1
181 982 1
2024 1666 1
2024 88 1
2024 83 1
2024 322 1
2024 1354 1
2024 1444 1
2024 1128 1
2024 1150 1
2024 1018 1
2024 36 1
2024 730 1
2024 1317 1
2024 854 1
2024 2034 1
2024 69 1
2024 1690 1
2024 233 1
2024 402 1
2024 902 1
2024 422 1
2024 987 1
2024 676 1
2024 1679 1
784 139 1
784 1045 1
784 484 1
784 2111 1
1438 685 1
1109 1428 1
1109 1257 1
1109 996 1
16 1139 1
16 1341 1
16 771 1
16 330 1
16 1667 1
457 1504 1
1576 1239 1
1750 1530 1
1750 499 1
1750 1386 1
1750 2141 1
1750 99 1
1750 479 1
1750 427 1
1750 415 1
1750 801 1
1750 635 1
1750 1941 1
1750 1223 1
1750 2147 1
1750 1833 1
1750 626 1
1750 276 1
1750 1192 1
1750 393 1
1750 563 1
1750 1003 1
810 1648 1
249 7 1
249 2130 1
249 1404 1
249 736 1
249 2014 1
249 50 1
249 1854 1
249 147 1
249 1419 1
249 878 1
249 2023 1
249 109 1
249 2202 1
249 1143 1
249 1882 1
2138 380 1
2138 37 1
2138 174 1
2138 2196 1
2138 791 1
2138 1800 1
2138 1040 1
2138 497 1
2138 91 1
2138 1086 1
2138 243 1
2138 227 1
2138 1279 1
2138 2178 1
2138 2172 1
2138 2127 1
2138 1951 1
2138 1264 1
1600 1055 1
1600 316 1
1600 2137 1
1600 1349 1
1600 821 1
1600 1491 1
1600 530 1
1600 2188 1
1136 108 1
863 1152 1
863 1709 1
863 378 1
863 2053 1
768 1852 1
768 1884 1
1839 1578 1
1839 968 1
1839 686 1
1839 175 1
1988 1840 1
1988 360 1
1806 1836 1
1806 191 1
1806 93 1
1806 726 1
1351 2115 1
1351 1805 1
1351 2163 1
1351 1030 1
1351 1137 1
1002 98 1
1002 1552 1
1002 89 1
1002 1432 1
1002 935 1
1002 1831 1
1002 1210 1
1002 1025 1
1002 1022 1
1002 79 1
1002 283 1
1002 1064 1
1002 1059 1
1360 2174 1
1360 2073 1
1360 142 1
1360 68 1
1360 2198 1
1360 2044 1
1360 851 1
1360 704 1
1308 1076 1
1308 983 1
1308 214 1
1308 2045 1
1308 59 1
1308 834 1
1308 600 1
1308 1663 1
1308 984 1
1308 1245 1
494 1706 1
1035 586 1
1035 2110 1
1035 1512 1
1035 667 1
1035 21 1
1035 491 1
1035 2151 1
1035 855 1
1035 80 1
1035 677 1
1035 298 1
1035 381 1
1035 1695 1
1035 689 1
394 1985 1
697 204 1
697 403 1
697 1330 1
697 815 1
1223 29 1
1678 1225 1
2147 1316 1
1888 1319 1
1888 973 1
1888 1570 1
1888 1579 1
1888 1310 1
319 1510 1
319 1221 1
319 1126 1
72 1439 1
72 511 1
72 1933 1
72 999 1
82 2099 1
1437 1326 1
911 670 1
911 1819 1
911 1655 1
911 1285 1
911 916 1
911 2183 1
911 1668 1
911 1754 1
2020 629 1
2020 884 1
2020 1410 1
867 898 1
867 1450 1
867 1671 1
867 742 1
867 167 1
867 1012 1
867 656 1
867 1931 1
867 1213 1
867 1173 1
867 1389 1
867 2194 1
867 1286 1
867 43 1
1833 2082 1
1833 2112 1
1833 675 1
1833 264 1
1833 350 1
1833 317 1
895 1523 1
895 351 1
404 1782 1
404 1714 1
404 933 1
329 927 1
329 1713 1
329 725 1
329 1283 1
329 749 1
329 1155 1
2186 2008 1
2186 1048 1
1907 1824 1
1907 200 1
1907 1350 1
1907 1015 1
1907 61 1
1907 853 1
1907 1465 1
1907 1172 1
1346 2013 1
1122 1142 1
1122 1299 1
1122 1382 1
348 1176 1
348 438 1
348 1590 1
348 731 1
348 1855 1
348 1229 1
348 2 1
1897 806 1
1897 1876 1
1897 1408 1
1897 758 1
1897 1455 1
1897 762 1
1897 1195 1
1897 1741 1
1897 1839 1
1897 1654 1
260 2106 1
1243 297 1
1243 584 1
1243 1556 1
1243 1897 1
1891 1327 1
1891 1870 1
1891 1087 1
1891 1209 1
1891 416 1
653 84 1
653 666 1
653 1589 1
653 133 1
653 1289 1
653 803 1
310 490 1
310 472 1
310 588 1
310 126 1
949 1561 1
949 2029 1
949 1441 1
949 1418 1
2202 2165 1
2202 301 1
2202 376 1
2202 1427 1
2202 1488 1
2202 2084 1
1252 2159 1
1252 340 1
1252 1851 1
1252 1338 1
274 2051 1
428 1042 1
428 1110 1
428 852 1
411 261 1
1770 1487 1
1770 1751 1
1770 1292 1
1770 1861 1
1770 223 1
1088 1497 1
1088 346 1
1088 953 1
1088 1529 1
292 1453 1
292 1297 1
889 740 1
889 103 1
889 1682 1
889 552 1
889 1701 1
1554 2185 1
1554 1273 1
2032 1894 1
2032 1280 1
2032 437 1
2032 11 1
2032 2042 1
2032 554 1
2032 426 1
321 485 1
1615 674 1
1772 404 1
590 1278 1
2052 2063 1
2052 1894 1
2052 1786 1
2052 1710 1
2052 1879 1
2052 1230 1
2052 1634 1
2052 1113 1
2052 994 1
2052 1625 1
2052 673 1
2052 2139 1
2052 1757 1
1274 827 1
1274 44 1
1274 1606 1
1205 1393 1
1690 36 1
1690 1889 1
1690 1317 1
1737 362 1
1737 1331 1
1737 2190 1
1737 1049 1
1737 1127 1
1737 148 1
1737 2107 1
1977 1165 1
1684 85 1
716 2104 1
931 781 1
931 690 1
931 1776 1
931 16 1
1157 1092 1
1157 849 1
1695 684 1
1695 1348 1
1695 2182 1
1695 1649 1
1144 1448 1
831 665 1
1306 1930 1
1306 661 1
1306 186 1
1306 841 1
1306 1734 1
1306 1358 1
253 1489 1
253 1253 1
253 232 1
253 1619 1
253 1474 1
1549 1307 1
1006 1125 1
1006 1193 1
1244 1521 1
1244 18 1
335 1582 1
335 936 1
502 533 1
502 937 1
502 582 1
502 2148 1
502 888 1
502 1254 1
502 1028 1
502 434 1
502 649 1
502 1231 1
502 1630 1
502 295 1
502 1557 1
1559 1169 1
1559 858 1
1559 440 1
1559 850 1
1559 131 1
1559 367 1
1559 2142 1
1559 1461 1
1559 1588 1
1559 1175 1
1559 748 1
1559 1636 1
1559 970 1
1559 1646 1
1559 1721 1
1559 1459 1
1659 1795 1
1659 729 1
1659 1674 1
1659 1936 1
1659 1240 1
1659 842 1
1659 795 1
1659 1180 1
1659 1902 1
1659 1953 1
1659 1820 1
1659 669 1
1659 1495 1
1659 1267 1
1659 1047 1
338 177 1
338 1096 1
338 812 1
338 40 1
1670 1543 1
1670 1990 1
1670 1596 1
1670 986 1
108 512 1
1460 1237 1
1460 555 1
1460 392 1
1460 1602 1
760 807 1
1764 1989 1
812 1214 1
812 12 1
812 57 1
812 1705 1
812 518 1
812 1841 1
812 2088 1
1296 1740 1
1296 715 1
1296 830 1
1296 1271 1
1296 1328 1
1296 472 1
561 1359 1
1584 901 1
1584 932 1
1584 106 1
1073 373 1
1073 1000 1
1073 1291 1
1073 1703 1
922 1368 1
922 886 1
922 708 1
922 2140 1
922 839 1
922 735 1
922 2119 1
922 1361 1
922 2123 1
922 1744 1
922 1726 1
922 33 1
922 1106 1
922 311 1
1849 489 1
1872 242 1
749 168 1
749 349 1
749 1572 1
749 678 1
749 284 1
749 1288 1
749 134 1
749 225 1
749 1612 1
749 1617 1
749 1484 1
749 1001 1
749 1675 1
749 1900 1
1329 1957 1
1329 713 1
1329 1801 1
1343 383 1
1343 776 1
1343 790 1
1343 1387 1
1343 2089 1
1343 443 1
1343 1158 1
1343 861 1
1343 65 1
1343 651 1
2143 2087 1
40 717 1
40 198 1
40 35 1
40 1181 1
40 2093 1
40 326 1
40 843 1
40 1859 1
40 896 1
40 692 1
40 2137 1
40 1928 1
40 1905 1
40 1641 1
40 1383 1
40 1347 1
40 2081 1
40 2118 1
40 252 1
40 257 1
40 1491 1
40 1096 1
40 1898 1
40 2015 1
40 288 1
40 681 1
515 120 1
515 838 1
1192 1892 1
1192 219 1
1192 549 1
1192 1226 1
1192 993 1
1192 2079 1
1192 1760 1
1192 2101 1
1192 696 1
1698 1398 1
1698 601 1
1698 122 1
1698 648 1
1698 1712 1
1893 410 1
393 746 1
1882 254 1
1882 1531 1
1882 444 1
1882 42 1
1882 1053 1
840 352 1
840 481 1
840 2126 1
840 1124 1
840 1039 1
840 121 1
874 769 1
258 1611 1
258 732 1
948 1275 1
948 1575 1
948 1007 1
948 189 1
948 1704 1
948 1462 1
948 1574 1
948 244 1
948 646 1
948 829 1
948 160 1
1937 590 1
1196 1281 1
1196 3 1
1196 1420 1
1196 1115 1
1196 976 1
1196 1729 1
1196 1355 1
1196 1717 1
1196 263 1
947 1773 1
202 446 1
202 1881 1
628 832 1
628 1653 1
628 848 1
628 608 1
1739 1490 1
1739 1874 1
1739 157 1
1739 1818 1
1739 2122 1
1118 1537 1
1155 1263 1
1155 2133 1
1155 405 1
531 892 1
531 745 1
531 1987 1
595 409 1
1493 2012 1
1493 236 1
1493 182 1
1995 2094 1
1995 262 1
1995 1603 1
1995 516 1
833 1753 1
753 55 1
753 251 1
753 215 1
753 1258 1
753 1302 1
753 308 1
753 820 1
753 2000 1
753 1304 1
987 1444 1
987 402 1
987 1679 1
187 1656 1
1384 2071 1
1384 312 1
1640 286 1
1640 417 1
1640 1464 1
1640 1082 1
1640 1232 1
1640 2040 1
1640 8 1
1640 1105 1
2107 1100 1
1509 998 1
1509 1844 1
2176 1294 1
2176 1217 1
638 1067 1
638 607 1
638 498 1
638 1620 1
256 1021 1
256 445 1
256 1432 1
256 287 1
256 1507 1
256 480 1
256 313 1
256 1002 1
256 454 1
256 571 1
256 1564 1
256 1098 1
256 922 1
887 1699 1
887 1227 1
698 178 1
698 913 1
921 528 1
