702 1449 1
1622 1158 1
1061 1793 1
1061 1625 1
1061 1370 1
1061 118 1
1835 801 1
504 1300 1
1771 256 1
1771 157 1
1923 1496 1
769 1373 1
769 1289 1
1564 2007 1
1350 1678 1
1350 2 1
1350 677 1
837 2028 1
744 215 1
744 20 1
744 274 1
1739 2005 1
491 373 1
491 1264 1
491 1128 1
491 628 1
491 1421 1
491 165 1
1307 1036 1
1595 1518 1
1595 325 1
1595 749 1
1595 884 1
1595 57 1
1595 797 1
1595 1925 1
1595 1414 1
1595 1686 1
1595 355 1
1433 314 1
1433 941 1
1433 1927 1
1322 1640 1
1322 345 1
1322 1385 1
1322 1463 1
1322 1239 1
1210 66 1
1210 93 1
1210 801 1
1210 1108 1
1210 885 1
1210 2021 1
1210 1244 1
1210 1240 1
1210 1832 1
1327 1981 1
1327 86 1
1327 806 1
1327 1584 1
1327 1075 1
1327 221 1
965 1661 1
965 1954 1
965 1871 1
965 149 1
965 1582 1
965 229 1
927 647 1
927 308 1
927 671 1
1095 1374 1
1095 716 1
1095 1922 1
731 727 1
731 549 1
1766 1262 1
1766 2060 1
1766 1950 1
1766 820 1
1766 1938 1
1766 114 1
1766 1148 1
1782 401 1
1398 681 1
1706 2048 1
1706 62 1
1706 746 1
1706 559 1
1706 380 1
1706 1585 1
1706 1213 1
1640 610 1
449 322 1
449 1097 1
449 1936 1
449 1972 1
449 320 1
1845 1546 1
1743 1129 1
1743 879 1
1743 1941 1
1743 1486 1
87 786 1
306 153 1
555 1884 1
555 223 1
555 1712 1
555 1958 1
555 1796 1
555 1971 1
555 1436 1
555 611 1
555 810 1
555 687 1
555 1419 1
555 1185 1
555 1610 1
555 944 1
555 736 1
555 714 1
311 591 1
876 253 1
1437 497 1
1969 805 1
1969 1007 1
1692 614 1
2011 1931 1
2011 751 1
2011 1184 1
709 1120 1
709 742 1
709 1960 1
709 1772 1
709 2015 1
709 1561 1
709 1522 1
709 1627 1
709 1072 1
709 1117 1
163 964 1
163 1664 1
1974 1767 1
1974 429 1
1974 715 1
1974 643 1
1974 935 1
1900 427 1
1900 724 1
928 680 1
928 230 1
423 791 1
423 1680 1
423 581 1
423 5 1
423 1211 1
423 386 1
423 818 1
423 244 1
423 617 1
423 1041 1
423 718 1
423 1418 1
423 841 1
423 137 1
423 1356 1
582 1216 1
582 1888 1
582 51 1
1346 411 1
1346 726 1
1346 250 1
473 1045 1
473 224 1
473 572 1
473 1598 1
473 1963 1
1477 1001 1
1471 89 1
1471 710 1
1471 992 1
1471 570 1
1471 1004 1
1471 1364 1
1885 121 1
1885 21 1
1885 1623 1
1885 475 1
1885 1646 1
1885 477 1
322 147 1
322 361 1
1372 1490 1
976 1454 1
946 358 1
946 2002 1
682 280 1
682 1943 1
1215 1893 1
1215 408 1
2039 949 1
2039 243 1
2039 703 1
2039 1043 1
701 1622 1
701 1057 1
701 1952 1
701 1868 1
701 1429 1
701 1050 1
701 187 1
701 1992 1
701 323 1
701 955 1
701 799 1
701 1878 1
701 780 1
701 920 1
701 1874 1
701 1501 1
701 471 1
701 1814 1
1774 1924 1
1774 615 1
1774 484 1
1774 191 1
1254 1393 1
282 1852 1
282 387 1
282 1703 1
1342 1750 1
1342 398 1
1342 854 1
1342 1250 1
1342 1494 1
1342 1328 1
633 777 1
633 258 1
540 1825 1
1930 1413 1
1930 167 1
1930 1880 1
1019 1320 1
1758 334 1
1758 492 1
882 1018 1
1750 502 1
1750 1074 1
1976 950 1
1976 522 1
1976 393 1
1976 2013 1
141 1201 1
141 850 1
777 527 1
291 1718 1
730 747 1
730 1764 1
730 813 1
365 1077 1
562 564 1
562 811 1
220 737 1
220 489 1
1323 1854 1
1958 1624 1
1958 364 1
1958 460 1
931 678 1
931 428 1
931 822 1
931 2052 1
38 659 1
38 2056 1
38 150 1
38 1323 1
38 699 1
38 568 1
38 651 1
38 1968 1
38 1988 1
38 1914 1
38 351 1
38 871 1
38 1806 1
38 1166 1
225 1555 1
1818 2037 1
1818 1671 1
1818 1286 1
1818 987 1
1818 764 1
1818 318 1
1818 1109 1
1818 352 1
1818 1709 1
1818 1279 1
1818 1424 1
1818 1790 1
1628 446 1
1034 1684 1
1034 192 1
1319 1655 1
1319 67 1
645 1563 1
645 362 1
645 1644 1
645 1959 1
914 520 1
914 936 1
914 1776 1
914 1014 1
914 1206 1
914 1064 1
914 1008 1
894 1365 1
652 2020 1
652 1187 1
652 1168 1
652 629 1
652 1406 1
652 145 1
652 1654 1
652 292 1
652 357 1
652 1652 1
652 1699 1
652 1427 1
652 2031 1
652 1528 1
108 419 1
1684 458 1
1684 981 1
1684 1233 1
849 787 1
269 738 1
1792 1682 1
1792 1502 1
1792 437 1
1792 865 1
1792 14 1
1792 1432 1
1792 273 1
1340 655 1
1674 1768 1
458 838 1
1798 326 1
1798 959 1
205 596 1
205 1749 1
205 1567 1
1911 468 1
1911 64 1
300 943 1
300 1631 1
300 1984 1
300 766 1
300 1053 1
300 1219 1
300 732 1
300 177 1
300 1840 1
616 1397 1
616 1596 1
616 1251 1
1505 488 1
1505 826 1
1446 926 1
1446 976 1
1446 1379 1
1446 1904 1
1446 509 1
1446 692 1
1446 1500 1
1446 1076 1
1446 539 1
1446 649 1
1446 887 1
1446 1665 1
1446 1722 1
878 1512 1
878 1826 1
878 1268 1
878 845 1
878 821 1
878 857 1
1935 1532 1
1935 1439 1
1935 1464 1
1935 660 1
839 272 1
288 2049 1
288 2043 1
1126 48 1
1126 2022 1
1126 957 1
906 122 1
906 535 1
906 1514 1
332 1748 1
386 1086 1
550 536 1
550 429 1
550 1174 1
550 715 1
550 1492 1
550 1249 1
550 328 1
550 643 1
550 935 1
795 85 1
795 1921 1
996 1700 1
996 412 1
952 855 1
818 176 1
818 239 1
818 1167 1
818 613 1
818 409 1
818 1507 1
818 1214 1
818 646 1
818 929 1
818 606 1
529 1710 1
1195 1059 1
1217 883 1
1217 281 1
1217 1956 1
1217 189 1
1217 956 1
1217 1358 1
226 1779 1
226 132 1
226 808 1
226 673 1
78 1047 1
254 370 1
254 1676 1
474 299 1
609 504 1
609 1616 1
609 1372 1
609 1019 1
609 526 1
609 220 1
609 1352 1
609 1505 1
609 1894 1
609 486 1
609 251 1
609 1495 1
609 598 1
609 17 1
609 1012 1
609 432 1
609 1545 1
609 2041 1
609 1474 1
609 1860 1
609 2065 1
609 664 1
609 24 1
42 1912 1
1121 47 1
1121 263 1
1121 453 1
248 1061 1
248 163 1
248 1222 1
248 424 1
248 59 1
1480 836 1
1480 172 1
1480 653 1
1480 2046 1
1650 705 1
1520 317 1
1520 1011 1
1520 110 1
1520 1265 1
1520 171 1
1143 1376 1
1143 94 1
1143 109 1
1143 359 1
1143 33 1
1143 1104 1
1143 156 1
1143 457 1
1143 1069 1
1143 743 1
1143 1982 1
1143 1681 1
1143 1220 1
1169 31 1
1169 1098 1
1169 1816 1
541 803 1
1409 702 1
1409 1510 1
1409 863 1
1409 18 1
1409 827 1
1899 1094 1
1899 22 1
1899 830 1
1899 869 1
1899 988 1
1899 482 1
1899 1051 1
1899 2045 1
1899 270 1
1899 1063 1
1293 1245 1
977 10 1
2049 999 1
2049 2043 1
756 1291 1
756 366 1
756 1349 1
89 517 1
89 991 1
89 1343 1
383 1759 1
1130 1017 1
1130 1949 1
1130 1297 1
1093 608 1
1093 901 1
1093 377 1
617 1447 1
617 27 1
8 524 1
8 1800 1
8 556 1
856 848 1
856 823 1
856 421 1
2047 356 1
1886 108 1
333 69 1
1552 1325 1
1387 968 1
1387 1238 1
1387 505 1
1387 870 1
1387 1353 1
381 1829 1
1276 507 1
1133 342 1
968 1762 1
968 984 1
968 1717 1
968 63 1
503 1384 1
503 1491 1
503 472 1
503 1144 1
1110 1246 1
1402 1544 1
1402 1160 1
1402 125 1
1402 2008 1
1402 1946 1
1402 1163 1
1402 908 1
997 1803 1
997 400 1
997 843 1
997 1021 1
997 285 1
1070 940 1
1070 1485 1
1070 661 1
1070 365 1
1070 1282 1
1070 1549 1
1070 565 1
1070 1336 1
1070 586 1
1070 1611 1
145 1271 1
145 1836 1
145 532 1
145 1048 1
145 1860 1
145 1020 1
145 1369 1
2016 1426 1
1928 1215 1
1928 494 1
1928 1420 1
1928 283 1
1384 668 1
209 1786 1
209 1990 1
1473 1863 1
479 311 1
479 682 1
479 695 1
479 689 1
479 1321 1
1112 1907 1
80 1322 1
80 1010 1
80 1446 1
80 288 1
80 330 1
80 1926 1
80 164 1
80 1548 1
80 1079 1
80 1788 1
80 513 1
80 1234 1
1983 506 1
1983 712 1
1983 454 1
1983 235 1
1983 1389 1
1983 1955 1
1016 1534 1
1016 266 1
1016 1338 1
1016 1180 1
1016 1523 1
1016 778 1
1016 30 1
1016 859 1
1016 1723 1
434 133 1
434 1181 1
1732 654 1
1732 641 1
1732 1138 1
1732 1815 1
1732 1887 1
918 1458 1
1062 337 1
1062 1721 1
1062 1366 1
1062 627 1
1062 1478 1
910 1911 1
910 755 1
1630 1780 1
1630 392 1
1630 445 1
1630 700 1
1630 1838 1
1630 793 1
1630 1497 1
1630 287 1
1630 983 1
1141 767 1
904 216 1
904 1607 1
904 852 1
904 144 1
904 126 1
904 1469 1
904 567 1
904 155 1
904 1881 1
904 319 1
327 962 1
327 134 1
327 1667 1
667 874 1
812 986 1
812 952 1
812 1626 1
812 891 1
812 912 1
812 431 1
812 399 1
812 1052 1
812 969 1
812 304 1
1333 1235 1
1333 2027 1
1333 1127 1
1333 1702 1
1333 1445 1
1333 1425 1
1333 388 1
1333 790 1
1333 1326 1
284 335 1
524 898 1
1263 989 1
1408 37 1
1408 139 1
1408 754 1
656 1746 1
656 530 1
656 1515 1
937 1202 1
937 1539 1
277 464 1
2054 152 1
2054 897 1
2054 953 1
2054 1335 1
2054 98 1
195 1628 1
195 1484 1
195 104 1
195 1828 1
195 1377 1
195 998 1
195 1726 1
195 1751 1
195 1789 1
195 499 1
195 877 1
195 948 1
195 1301 1
195 43 1
1207 698 1
1207 384 1
1207 81 1
1207 548 1
1207 1188 1
1207 279 1
1207 1896 1
1207 1196 1
1207 580 1
1207 1466 1
1149 1903 1
1149 1060 1
1149 35 1
1149 618 1
1149 849 1
1149 977 1
1149 1621 1
1149 493 1
1149 1258 1
1149 825 1
1149 1025 1
1149 1760 1
1149 2051 1
1149 1348 1
1149 1859 1
1149 1305 1
1149 925 1
1537 1030 1
679 648 1
1173 711 1
148 762 1
148 1236 1
148 623 1
148 102 1
148 508 1
148 1764 1
148 909 1
148 1690 1
148 938 1
2033 456 1
2033 1303 1
2033 545 1
2033 1145 1
2033 1255 1
720 1295 1
720 1551 1
105 1923 1
105 1753 1
105 2035 1
802 1066 1
802 1811 1
802 1299 1
802 1091 1
802 639 1
802 980 1
802 1542 1
802 1058 1
249 1589 1
445 836 1
445 1698 1
445 172 1
445 653 1
445 1997 1
445 1802 1
445 120 1
470 260 1
470 1159 1
470 1632 1
470 739 1
470 1242 1
789 1980 1
789 34 1
7 371 1
7 459 1
785 56 1
785 261 1
12 1719 1
12 473 1
12 1290 1
12 1913 1
12 529 1
12 1560 1
12 1591 1
12 1822 1
12 193 1
12 579 1
12 289 1
12 1850 1
863 846 1
863 350 1
863 1819 1
863 1837 1
863 1685 1
863 1889 1
863 770 1
863 1190 1
863 1378 1
863 1065 1
764 87 1
1229 1905 1
1229 1403 1
1229 1895 1
1198 378 1
1198 15 1
1198 832 1
1198 1909 1
1391 301 1
2044 1399 1
2044 1537 1
2044 127 1
2044 1151 1
2044 1493 1
26 593 1
26 758 1
26 415 1
26 257 1
26 531 1
26 1966 1
26 1797 1
26 619 1
26 1131 1
543 6 1
543 1647 1
543 982 1
543 1853 1
442 1256 1
442 1588 1
1487 1499 1
1487 1257 1
1487 55 1
1106 485 1
1106 1939 1
1106 994 1
1106 1861 1
1106 75 1
2006 349 1
834 717 1
834 1590 1
834 1191 1
834 291 1
922 1536 1
922 435 1
922 888 1
922 1157 1
922 707 1
252 1444 1
154 824 1
154 128 1
154 1175 1
154 1459 1
154 620 1
154 1227 1
294 1885 1
294 105 1
294 68 1
469 1583 1
469 774 1
469 11 1
1386 282 1
1386 500 1
387 768 1
585 886 1
686 1794 1
425 1359 1
425 597 1
425 1118 1
494 1573 1
1451 1674 1
1451 382 1
1302 1807 1
1302 587 1
1302 1883 1
1302 694 1
1302 455 1
1302 1841 1
1302 1754 1
1302 719 1
1302 1452 1
1302 1315 1
1302 942 1
704 3 1
690 547 1
690 1132 1
690 1161 1
690 1787 1
690 490 1
690 1633 1
690 2063 1
690 817 1
690 1824 1
690 240 1
690 814 1
690 978 1
690 259 1
690 1593 1
690 1662 1
690 1280 1
690 1864 1
690 1571 1
690 782 1
690 1902 1
303 924 1
1560 1088 1
1731 336 1
1731 1695 1
305 1851 1
305 899 1
305 1102 1
305 621 1
1641 917 1
1641 551 1
1641 1143 1
1641 1293 1
1641 503 1
1641 1314 1
1641 305 1
1641 1361 1
1641 796 1
206 1856 1
206 44 1
206 1568 1
206 1443 1
206 135 1
206 1738 1
206 1942 1
206 99 1
206 194 1
732 1689 1
732 858 1
1331 1581 1
576 343 1
576 277 1
576 546 1
576 538 1
1693 1398 1
1693 227 1
1693 1714 1
1693 1668 1
1693 309 1
1476 106 1
1476 331 1
1476 844 1
1476 1024 1
1939 160 1
1209 83 1
403 599 1
403 278 1
403 1932 1
403 397 1
403 1944 1
403 185 1
403 1543 1
403 52 1
403 1172 1
853 558 1
853 169 1
1175 1812 1
1037 1212 1
1037 1269 1
1037 1441 1
1037 1663 1
1037 972 1
797 1741 1
1361 1415 1
1361 1917 1
29 553 1
29 194 1
625 1765 1
625 2025 1
625 1270 1
625 592 1
625 1860 1
625 1529 1
625 203 1
625 179 1
625 231 1
1533 1226 1
1533 265 1
1533 201 1
1238 1483 1
1238 1516 1
1238 1970 1
1238 1411 1
1238 679 1
1238 175 1
358 737 1
358 369 1
829 1556 1
745 720 1
1410 2012 1
1410 763 1
1410 417 1
1410 1243 1
1410 375 1
1410 1006 1
1410 1602 1
1410 1600 1
1410 1092 1
1410 1085 1
1410 809 1
851 1579 1
851 1031 1
851 1105 1
1395 1752 1
1395 1599 1
1395 951 1
1395 2029 1
1395 204 1
1395 1401 1
1395 1979 1
1395 636 1
1395 1154 1
1395 1363 1
1395 481 1
1395 71 1
1395 1973 1
1395 663 1
1395 1783 1
1395 1977 1
1395 1107 1
1395 1557 1
1565 407 1
1565 1993 1
1565 202 1
1565 1230 1
1033 1866 1
1033 669 1
1033 1805 1
1033 1869 1
1033 1042 1
1033 1115 1
372 1987 1
138 1046 1
138 1781 1
138 1156 1
452 1396 1
443 1276 1
443 1998 1
542 430 1
318 584 1
318 975 1
318 1009 1
318 1975 1
318 2061 1
318 1381 1
379 338 1
379 1777 1
637 112 1
637 1637 1
637 1306 1
637 1081 1
637 1229 1
637 1720 1
637 344 1
637 394 1
110 2032 1
696 381 1
696 999 1
1833 1965 1
1833 1857 1
1833 142 1
1833 1304 1
1833 1170 1
1119 1605 1
1733 1908 1
1559 560 1
1559 961 1
1559 528 1
1978 267 1
537 1195 1
537 904 1
537 284 1
537 162 1
537 207 1
537 1221 1
537 390 1
312 1766 1
312 45 1
312 1613 1
312 1298 1
312 1991 1
1572 168 1
1572 1208 1
1572 264 1
1572 1830 1
1572 601 1
1572 1114 1
1347 1697 1
1347 217 1
1347 1755 1
1347 1368 1
1347 461 1
1347 916 1
955 483 1
955 963 1
955 1461 1
955 174 1
955 1770 1
955 1791 1
955 1698 1
955 1552 1
955 1023 1
955 815 1
955 1078 1
955 2046 1
955 1802 1
955 1233 1
1788 1404 1
1788 540 1
1788 1580 1
840 1948 1
840 1643 1
840 2023 1
840 1442 1
840 881 1
840 1164 1
840 911 1
1136 36 1
1136 391 1
1651 1455 1
1651 1371 1
1651 74 1
1651 487 1
1651 1339 1
1218 1744 1
1218 939 1
1067 1177 1
799 1429 1
1000 225 1
1000 1319 1
1000 300 1
1000 993 1
1000 1999 1
1000 1067 1
1000 1989 1
1000 1711 1
1000 1380 1
1000 58 1
1000 2000 1
1000 1843 1
1000 563 1
1989 1247 1
1989 182 1
1813 1604 1
1929 574 1
1929 1028 1
1929 1985 1
1929 1407 1
1929 438 1
1929 1277 1
1080 363 1
1080 1656 1
825 1039 1
825 1231 1
825 688 1
421 103 1
1073 1316 1
1918 1696 1
1918 1309 1
1918 102 1
1918 1558 1
1918 2057 1
1453 2016 1
1453 2054 1
1194 566 1
1194 1747 1
1194 1736 1
760 1745 1
760 1248 1
760 1205 1
760 1417 1
760 480 1
760 184 1
1519 1470 1
967 1732 1
967 571 1
967 1049 1
967 1136 1
967 79 1
1283 1477 1
1283 645 1
1283 2059 1
1283 1994 1
1448 735 1
1294 1467 1
1882 1540 1
905 1608 1
905 1013 1
905 1642 1
905 329 1
433 2017 1
31 2024 1
27 2050 1
27 1253 1
27 1570 1
27 561 1
27 1310 1
27 247 1
27 1122 1
27 1199 1
1083 872 1
1083 1178 1
92 1489 1
1431 1810 1
1545 1388 1
1701 1725 1
1701 1795 1
1701 1278 1
1701 307 1
1701 82 1
1701 1089 1
1701 1087 1
1701 1679 1
1701 1362 1
1701 1891 1
1734 1919 1
1734 1488 1
1625 441 1
1625 733 1
268 779 1
268 1203 1
418 1804 1
418 275 1
418 670 1
418 296 1
418 1134 1
2041 2038 1
2041 181 1
2041 1481 1
2041 819 1
2041 354 1
2041 521 1
140 934 1
140 1260 1
140 196 1
140 405 1
140 902 1
140 1423 1
140 683 1
689 2053 1
689 186 1
136 1135 1
136 91 1
136 1062 1
1044 1055 1
1044 1612 1
1044 947 1
1044 2030 1
1715 781 1
1715 1727 1
1715 759 1
1715 444 1
1715 995 1
1715 1785 1
1715 1287 1
1715 1139 1
1715 420 1
1416 1189 1
1809 448 1
945 1911 1
556 151 1
556 2009 1
556 1635 1
556 1707 1
556 1920 1
1675 1576 1
1675 1594 1
1848 674 1
1764 368 1
1764 1096 1
772 130 1
772 218 1
772 1870 1
2018 1713 1
2018 1898 1
2018 684 1
583 1440 1
583 882 1
583 816 1
583 1176 1
583 750 1
583 1724 1
583 1995 1
583 913 1
583 1360 1
583 146 1
1321 1976 1
1321 662 1
1321 853 1
1321 516 1
1321 1475 1
1311 890 1
1311 1778 1
1311 1400 1
642 603 1
642 915 1
642 1351 1
23 1346 1
23 552 1
23 158 1
23 1332 1
23 1274 1
2040 1784 1
2040 360 1
2040 753 1
2040 1951 1
2040 2026 1
2040 771 1
1550 173 1
2062 1769 1
2062 1029 1
2062 1223 1
2062 1272 1
2062 1056 1
2062 396 1
2062 1615 1
1281 1099 1
1281 298 1
1281 107 1
1281 2010 1
1940 1749 1
1940 28 1
1940 1035 1
1474 605 1
1474 1774 1
1474 1669 1
1474 1034 1
1474 1844 1
1474 161 1
1474 376 1
1474 39 1
1474 631 1
1348 1603 1
1288 1821 1
1465 1618 1
1465 1649 1
575 316 1
1859 426 1
1859 1456 1
1859 1103 1
1859 117 1
1859 1578 1
1859 2058 1
1859 1683 1
1859 1412 1
1200 422 1
1200 2036 1
1200 795 1
1200 501 1
1200 1933 1
1200 77 1
1200 1704 1
1200 1846 1
1200 734 1
1200 1521 1
626 1691 1
626 1341 1
626 183 1
626 129 1
626 1986 1
626 2001 1
1150 1204 1
1150 1569 1
1150 170 1
691 293 1
691 1527 1
691 1801 1
691 131 1
691 124 1
1003 862 1
798 684 1
1113 990 1
1113 92 1
1964 640 1
1964 932 1
1964 1547 1
1964 533 1
1964 518 1
1964 197 1
1535 740 1
1535 1498 1
1535 2047 1
1535 612 1
1535 600 1
1535 433 1
1535 1383 1
1535 1324 1
1535 650 1
644 928 1
644 88 1
644 708 1
644 1462 1
644 84 1
644 1566 1
644 783 1
644 880 1
644 2019 1
1214 1171 1
1214 13 1
1214 115 1
297 554 1
743 658 1
743 722 1
743 523 1
743 635 1
1232 1367 1
1232 374 1
276 1210 1
276 1831 1
276 1823 1
276 634 1
276 116 1
276 1244 1
276 919 1
276 96 1
276 313 1
276 321 1
276 1729 1
276 1879 1
1541 903 1
1541 900 1
1541 4 1
1728 211 1
1142 1934 1
1142 573 1
1142 238 1
1142 310 1
1142 101 1
1142 1192 1
842 831 1
842 367 1
842 788 1
842 1636 1
286 2003 1
1914 190 1
1914 1224 1
889 1617 1
889 228 1
889 1357 1
889 954 1
90 1344 1
90 1670 1
90 49 1
2004 463 1
1910 232 1
1910 985 1
1910 395 1
1910 1237 1
1906 295 1
59 1428 1
59 1334 1
59 713 1
59 353 1
765 875 1
765 1645 1
765 604 1
1468 286 1
1468 2003 1
1146 1553 1
1146 602 1
1146 1882 1
1111 447 1
1111 212 1
1111 1619 1
1111 1858 1
158 1562 1
1493 1152 1
1493 1506 1
1493 514 1
1493 70 1
1493 828 1
1493 119 1
1843 1569 1
1405 25 1
1405 211 1
1756 971 1
1756 40 1
1756 1648 1
1756 1073 1
1756 1873 1
1756 123 1
1756 233 1
1756 1329 1
1756 242 1
1996 450 1
1996 73 1
1996 1757 1
1996 341 1
1996 46 1
1707 414 1
510 410 1
510 1629 1
510 65 1
510 271 1
510 1847 1
510 1435 1
510 1666 1
510 868 1
510 1763 1
19 340 1
19 1962 1
19 1820 1
1201 346 1
1052 466 1
1190 1509 1
1190 465 1
1190 1876 1
1190 1355 1
1190 866 1
1737 1 1
1737 1275 1
68 1531 1
1261 324 1
1479 1677 1
1479 53 1
1479 835 1
1479 1183 1
1815 404 1
1815 729 1
476 1875 1
1345 847 1
234 1577 1
234 1040 1
234 896 1
234 406 1
234 495 1
234 1285 1
1646 1740 1
1646 1084 1
18 219 1
663 76 1
663 970 1
663 1761 1
827 2042 1
771 1375 1
771 1392 1
771 302 1
1308 1855 1
1308 1817 1
1308 1897 1
1308 180 1
1308 1090 1
1308 1482 1
1308 95 1
1308 262 1
1308 166 1
1308 246 1
1308 895 1
451 402 1
451 222 1
451 667 1
451 930 1
451 1124 1
1614 725 1
1614 860 1
1614 761 1
1614 416 1
1742 1267 1
1742 1123 1
1742 1877 1
1742 1511 1
1742 1026 1
569 1457 1
569 1517 1
569 594 1
569 1228 1
569 1910 1
569 752 1
676 833 1
676 922 1
676 452 1
676 1957 1
1775 213 1
921 213 1
1116 1974 1
1116 550 1
1116 1538 1
120 804 1
1574 1575 1
1574 1137 1
1574 657 1
1574 1503 1
1574 1619 1
1574 1111 1
1574 1858 1
241 1890 1
241 557 1
241 1849 1
241 622 1
241 1872 1
864 214 1
807 339 1
807 1524 1
807 236 1
515 741 1
515 1688 1
893 1005 1
893 462 1
893 198 1
893 1032 1
893 685 1
893 1147 1
1015 1592 1
188 199 1
188 209 1
188 1526 1
188 41 1
188 665 1
188 861 1
188 1394 1
188 385 1
1730 607 1
1874 1844 1
2064 776 1
2064 2014 1
2064 1140 1
2064 595 1
2064 290 1
2064 143 1
1639 1609 1
1639 704 1
1639 389 1
1639 1197 1
2034 723 1
2034 111 1
2034 590 1
496 1808 1
32 1194 1
390 873 1
390 706 1
390 1660 1
390 1337 1
390 1842 1
390 1186 1
390 1945 1
390 1179 1
748 1687 1
748 632 1
1255 1252 1
484 245 1
72 498 1
72 757 1
72 1110 1
72 1658 1
72 892 1
72 315 1
72 1311 1
72 1940 1
72 1002 1
1162 178 1
1162 1634 1
1162 1839 1
1162 907 1
1162 589 1
1162 436 1
1162 1967 1
1162 9 1
1162 666 1
1511 1735 1
1511 1438 1
1511 1182 1
1354 200 1
1354 923 1
1354 1513 1
197 675 1
197 1273 1
197 159 1
1673 933 1
1673 113 1
1673 1313 1
1673 577 1
1065 784 1
1065 519 1
1065 966 1
1065 1862 1
1065 1694 1
1065 867 1
229 1312 1
1486 1597 1
1486 511 1
1486 1071 1
1486 1937 1
1486 792 1
1486 1434 1
1144 1125 1
1144 1638 1
1144 1209 1
1144 1834 1
1144 1508 1
1144 1225 1
1144 100 1
973 1708 1
1390 1317 1
1390 1620 1
1390 1460 1
1390 1530 1
321 1962 1
321 1705 1
563 1835 1
563 1082 1
563 371 1
563 1053 1
563 1391 1
563 1947 1
563 459 1
563 638 1
563 478 1
1799 578 1
1799 544 1
1799 1068 1
1601 1504 1
1601 1165 1
1601 974 1
1601 2055 1
1054 54 1
1054 16 1
960 958 1
1723 348 1
1107 1554 1
413 50 1
320 1027 1
1953 1022 1
1953 1773 1
1953 773 1
1953 542 1
1953 439 1
1814 347 1
800 1606 1
800 1382 1
1716 1867 1
1716 440 1
794 60 1
794 775 1
794 1587 1
794 525 1
794 1193 1
794 1827 1
794 1241 1
794 1525 1
1284 697 1
1284 97 1
1284 763 1
1284 1292 1
1284 534 1
1266 1586 1
1100 1318 1
273 1472 1
210 467 1
210 1430 1
728 1916 1
728 693 1
728 1296 1
1865 630 1
1865 624 1
1865 512 1
1865 1672 1
1865 237 1
255 672 1
1155 1259 1
1155 1288 1
1891 1450 1
1891 1892 1
1891 588 1
1891 721 1
1891 1422 1
1891 1961 1
1891 979 1
1330 61 1
1330 1153 1
1330 208 1
1330 1659 1
1330 1657 1
1330 1915 1
385 1901 1
385 1101 1
385 1653 1
24 1038 1
