351 949 1
351 670 1
351 159 1
351 674 1
351 635 1
351 118 1
351 839 1
351 912 1
351 300 1
351 837 1
771 351 1
771 515 1
771 405 1
436 993 1
436 155 1
190 572 1
381 626 1
926 64 1
926 371 1
926 444 1
926 616 1
926 403 1
926 600 1
926 462 1
926 360 1
926 384 1
926 934 1
926 347 1
926 793 1
926 798 1
926 688 1
926 28 1
926 242 1
926 24 1
926 43 1
321 573 1
321 711 1
321 590 1
321 495 1
321 417 1
722 752 1
722 157 1
722 424 1
993 207 1
401 834 1
401 306 1
401 447 1
401 50 1
401 897 1
401 647 1
401 595 1
401 63 1
955 809 1
729 580 1
243 925 1
243 867 1
243 282 1
243 90 1
243 998 1
243 117 1
243 222 1
243 743 1
243 521 1
243 213 1
243 868 1
72 494 1
678 778 1
445 817 1
445 599 1
64 690 1
64 286 1
64 524 1
64 705 1
278 321 1
278 772 1
278 304 1
278 516 1
278 718 1
278 103 1
278 892 1
278 137 1
278 749 1
278 877 1
278 83 1
871 759 1
761 379 1
821 549 1
821 352 1
821 638 1
821 885 1
821 713 1
821 40 1
821 982 1
821 489 1
821 970 1
821 609 1
821 826 1
821 439 1
821 661 1
309 945 1
983 477 1
716 262 1
677 650 1
677 453 1
677 941 1
552 830 1
552 127 1
552 846 1
552 169 1
552 932 1
552 872 1
552 345 1
606 734 1
606 816 1
606 827 1
606 715 1
745 205 1
745 21 1
745 751 1
745 421 1
745 344 1
745 467 1
538 108 1
404 677 1
404 935 1
404 58 1
404 814 1
404 382 1
404 561 1
437 163 1
437 52 1
437 961 1
437 162 1
437 671 1
19 946 1
19 109 1
61 143 1
119 457 1
119 727 1
119 608 1
119 442 1
119 234 1
119 134 1
119 411 1
119 48 1
119 418 1
119 732 1
119 652 1
119 915 1
119 458 1
119 77 1
119 369 1
119 918 1
119 203 1
683 714 1
392 280 1
392 330 1
764 786 1
764 459 1
764 547 1
217 795 1
151 456 1
591 916 1
591 559 1
591 307 1
591 921 1
591 312 1
591 69 1
591 26 1
32 947 1
352 687 1
352 884 1
352 994 1
638 150 1
1 536 1
1 392 1
1 920 1
1 776 1
1 763 1
1 963 1
654 805 1
654 383 1
654 802 1
654 443 1
444 631 1
444 507 1
444 271 1
466 632 1
466 555 1
466 956 1
466 246 1
466 354 1
466 110 1
500 852 1
500 313 1
500 610 1
712 409 1
712 592 1
712 1 1
712 166 1
712 400 1
712 59 1
712 138 1
712 89 1
712 113 1
398 264 1
885 542 1
144 831 1
144 642 1
144 35 1
144 808 1
144 773 1
144 158 1
332 183 1
332 977 1
34 175 1
34 482 1
581 258 1
581 596 1
581 944 1
581 695 1
581 2 1
581 860 1
267 253 1
971 663 1
616 704 1
616 366 1
616 844 1
616 492 1
616 968 1
616 603 1
616 244 1
471 859 1
471 240 1
471 192 1
471 171 1
471 754 1
471 446 1
471 364 1
637 285 1
386 410 1
386 628 1
984 152 1
984 273 1
600 185 1
600 528 1
600 41 1
600 890 1
600 748 1
70 291 1
478 428 1
519 257 1
39 818 1
888 997 1
888 738 1
684 927 1
146 483 1
179 761 1
179 548 1
614 476 1
614 70 1
614 879 1
200 433 1
200 397 1
200 828 1
10 156 1
10 388 1
10 420 1
365 903 1
365 815 1
365 597 1
365 56 1
365 326 1
365 980 1
484 499 1
484 796 1
484 865 1
703 757 1
245 60 1
245 237 1
245 675 1
485 550 1
485 180 1
485 348 1
485 8 1
462 760 1
462 186 1
462 460 1
462 755 1
462 960 1
115 981 1
115 62 1
115 341 1
752 938 1
913 243 1
913 119 1
913 591 1
913 34 1
913 735 1
913 340 1
913 539 1
913 940 1
571 984 1
571 179 1
255 584 1
787 248 1
787 800 1
787 23 1
441 679 1
475 782 1
510 122 1
510 209 1
510 848 1
510 396 1
510 710 1
510 569 1
510 45 1
57 128 1
57 266 1
57 323 1
57 488 1
57 691 1
178 387 1
66 874 1
66 832 1
66 25 1
193 681 1
601 36 1
601 566 1
601 534 1
601 529 1
995 633 1
201 370 1
201 781 1
67 930 1
67 909 1
67 563 1
67 957 1
67 489 1
67 333 1
67 100 1
67 953 1
366 385 1
838 986 1
838 562 1
838 510 1
360 522 1
78 299 1
362 359 1
362 68 1
127 583 1
127 194 1
127 513 1
84 415 1
535 511 1
535 811 1
933 160 1
933 452 1
254 794 1
254 250 1
254 339 1
254 829 1
254 448 1
254 408 1
254 952 1
254 149 1
553 116 1
498 585 1
486 71 1
486 955 1
486 281 1
486 876 1
486 79 1
486 863 1
486 696 1
486 822 1
486 20 1
486 256 1
357 301 1
357 231 1
482 812 1
611 422 1
611 378 1
611 294 1
611 598 1
611 320 1
611 161 1
611 379 1
611 219 1
556 168 1
556 276 1
556 22 1
556 601 1
556 742 1
556 655 1
556 423 1
556 211 1
556 594 1
556 990 1
556 184 1
875 639 1
875 141 1
875 451 1
875 51 1
875 558 1
247 567 1
247 621 1
247 765 1
473 672 1
473 144 1
473 502 1
473 659 1
666 984 1
666 519 1
666 929 1
666 602 1
666 922 1
496 314 1
496 469 1
508 263 1
514 568 1
514 697 1
514 106 1
514 187 1
227 277 1
989 606 1
989 95 1
989 950 1
625 74 1
721 47 1
721 685 1
910 445 1
910 490 1
910 593 1
992 481 1
992 139 1
992 87 1
992 201 1
992 689 1
992 813 1
992 288 1
384 783 1
350 664 1
350 564 1
350 275 1
350 893 1
350 972 1
350 882 1
350 855 1
350 654 1
350 331 1
350 833 1
350 440 1
350 648 1
350 501 1
350 514 1
350 973 1
350 653 1
350 187 1
350 788 1
350 454 1
350 425 1
350 274 1
350 574 1
15 607 1
869 948 1
869 133 1
869 393 1
869 857 1
432 651 1
124 99 1
124 750 1
124 769 1
124 239 1
856 226 1
856 665 1
719 419 1
719 767 1
719 18 1
719 107 1
497 835 1
497 98 1
340 560 1
934 694 1
934 367 1
863 896 1
617 919 1
617 129 1
617 434 1
617 496 1
617 974 1
617 589 1
329 429 1
810 871 1
810 19 1
810 883 1
810 472 1
810 426 1
181 530 1
118 29 1
997 355 1
164 862 1
539 746 1
539 165 1
539 235 1
539 906 1
539 215 1
539 94 1
363 667 1
363 779 1
363 44 1
363 565 1
363 73 1
363 787 1
363 739 1
363 181 1
363 791 1
363 474 1
363 131 1
363 836 1
363 14 1
363 620 1
363 797 1
689 145 1
75 111 1
75 376 1
75 673 1
75 503 1
525 463 1
540 680 1
839 85 1
866 728 1
866 16 1
47 854 1
47 526 1
47 259 1
47 233 1
47 958 1
813 223 1
939 88 1
939 602 1
939 322 1
939 700 1
939 308 1
939 290 1
725 969 1
725 130 1
808 236 1
76 523 1
81 310 1
777 225 1
777 686 1
964 191 1
964 975 1
964 153 1
593 898 1
784 142 1
784 279 1
784 53 1
344 841 1
344 147 1
334 317 1
334 13 1
334 747 1
334 28 1
334 911 1
629 487 1
172 587 1
709 93 1
709 538 1
709 861 1
709 254 1
709 319 1
709 891 1
709 988 1
31 983 1
31 42 1
31 349 1
887 894 1
887 218 1
887 847 1
887 733 1
887 581 1
887 637 1
887 723 1
887 178 1
887 76 1
887 649 1
887 527 1
887 293 1
887 302 1
887 730 1
887 531 1
3 91 1
645 361 1
645 342 1
645 46 1
645 4 1
645 858 1
645 517 1
645 801 1
645 399 1
645 380 1
645 936 1
645 196 1
211 11 1
211 12 1
211 889 1
211 27 1
826 551 1
826 407 1
826 774 1
826 512 1
826 287 1
826 917 1
826 136 1
826 843 1
826 375 1
322 224 1
322 270 1
491 985 1
685 195 1
685 789 1
685 268 1
685 717 1
685 845 1
685 537 1
612 292 1
612 324 1
612 676 1
612 856 1
612 951 1
731 7 1
731 101 1
731 624 1
731 724 1
798 622 1
798 232 1
798 102 1
527 895 1
527 646 1
527 806 1
527 643 1
527 412 1
527 372 1
368 873 1
368 745 1
368 39 1
368 614 1
368 154 1
368 220 1
368 479 1
368 357 1
368 414 1
368 461 1
368 976 1
188 544 1
188 971 1
188 478 1
188 962 1
188 311 1
188 465 1
188 491 1
726 249 1
726 904 1
726 432 1
726 532 1
726 878 1
293 582 1
700 996 1
700 954 1
241 493 1
688 182 1
688 577 1
688 464 1
688 30 1
688 206 1
688 785 1
688 297 1
688 656 1
688 430 1
688 260 1
688 197 1
688 905 1
688 49 1
335 86 1
335 365 1
335 613 1
335 780 1
335 164 1
335 540 1
335 269 1
335 135 1
120 634 1
915 54 1
915 578 1
915 305 1
915 732 1
738 851 1
738 318 1
738 870 1
450 965 1
770 886 1
17 202 1
717 230 1
173 167 1
173 701 1
430 208 1
353 821 1
353 437 1
353 853 1
353 644 1
353 189 1
353 810 1
353 649 1
353 737 1
480 604 1
668 792 1
295 121 1
295 80 1
295 515 1
295 140 1
295 819 1
295 325 1
251 756 1
424 682 1
424 825 1
424 389 1
424 453 1
424 943 1
228 658 1
228 692 1
219 378 1
219 161 1
662 82 1
662 533 1
662 699 1
662 453 1
242 741 1
242 327 1
242 820 1
242 880 1
543 557 1
543 586 1
543 914 1
669 358 1
824 190 1
824 391 1
976 842 1
976 221 1
976 923 1
976 468 1
976 924 1
991 657 1
92 303 1
545 683 1
545 216 1
545 343 1
570 575 1
570 959 1
570 545 1
369 928 1
63 212 1
63 283 1
63 284 1
942 619 1
942 627 1
942 504 1
942 636 1
942 296 1
65 438 1
65 506 1
65 33 1
65 6 1
850 67 1
850 508 1
850 390 1
850 864 1
346 413 1
105 298 1
864 55 1
864 753 1
5 431 1
174 176 1
174 289 1
174 132 1
174 37 1
174 177 1
174 125 1
174 65 1
174 402 1
336 703 1
336 485 1
336 775 1
336 81 1
336 199 1
336 708 1
126 505 1
126 807 1
126 937 1
126 377 1
126 471 1
126 624 1
126 362 1
126 875 1
126 823 1
126 227 1
126 315 1
126 373 1
126 978 1
126 907 1
126 623 1
126 123 1
126 229 1
126 316 1
620 967 1
620 518 1
620 999 1
509 736 1
509 112 1
509 766 1
509 799 1
509 641 1
509 435 1
881 204 1
541 762 1
541 470 1
758 966 1
758 803 1
758 245 1
758 148 1
758 804 1
758 660 1
290 579 1
290 724 1
840 702 1
840 394 1
840 520 1
840 228 1
840 96 1
840 693 1
840 210 1
574 576 1
574 38 1
574 979 1
574 406 1
574 605 1
574 398 1
574 706 1
574 261 1
574 630 1
574 546 1
574 987 1
574 698 1
574 416 1
911 272 1
911 214 1
238 902 1
238 615 1
238 374 1
238 114 1
238 768 1
238 104 1
238 720 1
238 9 1
238 455 1
285 908 1
285 901 1
375 640 1
375 395 1
554 309 1
554 933 1
554 337 1
554 238 1
618 252 1
618 900 1
737 278 1
737 66 1
737 78 1
730 427 1
730 881 1
660 707 1
660 97 1
748 588 1
265 142 1
265 552 1
265 356 1
265 332 1
265 338 1
265 170 1
265 866 1
265 784 1
265 740 1
265 744 1
265 198 1
265 251 1
265 662 1
265 174 1
203 899 1
203 849 1
203 449 1
203 790 1
203 328 1
203 719 1
203 931 1
