575 1191 1
874 318 1
1267 1061 1
1267 1263 1
904 843 1
904 47 1
1224 883 1
1041 281 1
1041 1275 1
1041 840 1
1041 1161 1
1041 580 1
1041 1045 1
1041 161 1
1041 211 1
1073 631 1
1073 452 1
581 905 1
581 1197 1
581 1072 1
581 437 1
581 812 1
581 110 1
581 804 1
581 790 1
746 1354 1
746 427 1
746 1208 1
746 451 1
746 941 1
746 1188 1
746 190 1
1109 1056 1
1109 628 1
1252 116 1
1252 307 1
1252 170 1
1252 276 1
1252 1010 1
1185 1008 1
409 433 1
409 558 1
409 907 1
409 898 1
409 1052 1
409 636 1
409 590 1
409 1238 1
877 1106 1
877 487 1
877 475 1
877 956 1
877 85 1
877 1093 1
567 851 1
567 1015 1
567 1137 1
567 717 1
567 1280 1
567 576 1
624 511 1
624 41 1
947 1077 1
947 83 1
589 268 1
589 1129 1
589 424 1
589 1135 1
589 1088 1
589 724 1
589 380 1
589 670 1
589 551 1
589 342 1
589 234 1
589 1259 1
892 277 1
892 1303 1
892 1285 1
892 400 1
892 343 1
892 1349 1
892 1315 1
892 744 1
892 488 1
892 224 1
1236 210 1
208 753 1
208 300 1
97 238 1
174 148 1
174 15 1
174 686 1
174 586 1
965 1293 1
965 1118 1
965 1178 1
965 184 1
965 218 1
965 176 1
965 696 1
965 648 1
965 229 1
965 980 1
458 573 1
458 1265 1
458 1140 1
458 975 1
458 875 1
119 861 1
119 708 1
119 1158 1
119 692 1
119 192 1
1144 23 1
1144 784 1
1144 528 1
1144 684 1
1144 964 1
1144 393 1
1 101 1
1317 185 1
1317 1350 1
64 772 1
64 336 1
64 678 1
64 1016 1
64 621 1
64 378 1
64 415 1
312 320 1
312 269 1
312 757 1
1121 372 1
1121 463 1
1121 1257 1
1121 464 1
1121 1126 1
1121 479 1
1121 494 1
536 890 1
536 1217 1
536 1068 1
536 492 1
536 857 1
536 231 1
536 431 1
536 1044 1
98 358 1
98 508 1
257 196 1
605 254 1
566 524 1
566 873 1
566 999 1
566 1266 1
566 186 1
566 270 1
566 103 1
1177 32 1
837 1329 1
1064 243 1
360 95 1
360 858 1
33 1062 1
33 847 1
33 1274 1
33 759 1
33 976 1
33 619 1
979 397 1
150 690 1
352 560 1
1234 1090 1
158 923 1
158 329 1
158 1342 1
158 1100 1
158 1270 1
158 62 1
158 439 1
158 1181 1
158 1026 1
158 28 1
158 1297 1
158 903 1
158 265 1
158 37 1
158 939 1
158 1260 1
158 1305 1
148 76 1
148 1247 1
148 69 1
148 917 1
148 935 1
148 1198 1
148 760 1
943 782 1
943 577 1
171 333 1
496 429 1
721 946 1
721 331 1
721 334 1
721 775 1
62 899 1
1346 249 1
1346 141 1
893 223 1
1284 133 1
1284 1356 1
1284 1283 1
1284 912 1
403 1268 1
403 200 1
403 754 1
1134 1123 1
1065 88 1
937 205 1
937 129 1
178 809 1
178 1120 1
178 405 1
178 1027 1
178 323 1
293 561 1
293 1101 1
293 1107 1
371 716 1
131 608 1
131 311 1
131 213 1
131 499 1
131 1199 1
131 839 1
131 779 1
131 65 1
131 1116 1
131 286 1
131 87 1
131 94 1
134 247 1
134 166 1
134 983 1
134 604 1
134 598 1
134 1187 1
134 209 1
769 344 1
650 264 1
650 1089 1
650 698 1
650 52 1
650 609 1
638 255 1
638 740 1
638 943 1
638 219 1
638 1084 1
638 635 1
638 1258 1
638 518 1
638 483 1
473 853 1
473 798 1
473 793 1
414 1292 1
414 1207 1
414 1352 1
414 949 1
414 973 1
414 826 1
414 515 1
414 765 1
414 152 1
414 723 1
414 914 1
414 1057 1
414 552 1
1276 1063 1
1276 1182 1
1276 455 1
1276 42 1
1276 1143 1
771 438 1
771 776 1
771 815 1
771 504 1
771 484 1
771 39 1
771 1277 1
771 1313 1
771 54 1
236 1154 1
236 435 1
236 989 1
236 321 1
236 446 1
745 1022 1
539 114 1
539 1365 1
539 340 1
955 476 1
955 1195 1
955 733 1
955 202 1
955 75 1
1145 1125 1
1145 230 1
1145 222 1
1145 350 1
1145 827 1
1145 1011 1
1145 1173 1
1145 20 1
1145 814 1
303 106 1
303 781 1
303 253 1
303 289 1
1207 477 1
1175 758 1
1175 43 1
517 316 1
155 1080 1
155 1165 1
932 913 1
932 1114 1
932 1059 1
1019 954 1
1019 1282 1
1019 498 1
1019 519 1
836 886 1
1328 102 1
1328 317 1
1328 240 1
1328 955 1
1328 942 1
1328 1104 1
1328 1326 1
1328 363 1
1328 1007 1
1157 1078 1
7 296 1
7 641 1
831 629 1
1337 971 1
600 1300 1
601 700 1
601 587 1
601 309 1
601 139 1
601 1105 1
601 1004 1
206 252 1
206 410 1
206 1157 1
206 1099 1
206 179 1
206 1228 1
206 1168 1
206 351 1
206 382 1
807 507 1
807 953 1
885 108 1
529 1033 1
482 887 1
879 466 1
879 140 1
879 327 1
879 656 1
879 1255 1
879 897 1
879 1069 1
879 623 1
879 144 1
294 641 1
553 6 1
1076 694 1
1076 100 1
1076 704 1
261 1205 1
261 267 1
261 649 1
157 687 1
157 767 1
157 1194 1
157 669 1
157 109 1
1048 279 1
1048 719 1
1048 801 1
1048 922 1
1048 1339 1
1048 770 1
1048 1102 1
1048 1264 1
1048 1204 1
1048 1319 1
1048 1214 1
1048 988 1
1048 748 1
1048 130 1
1048 630 1
1048 198 1
1081 295 1
1081 1312 1
481 909 1
481 660 1
1206 617 1
1206 422 1
1206 654 1
1206 652 1
863 123 1
863 12 1
903 813 1
903 284 1
903 880 1
903 84 1
903 1291 1
903 355 1
903 550 1
933 1329 1
933 785 1
933 1262 1
933 297 1
933 73 1
933 810 1
933 1131 1
796 806 1
796 61 1
990 493 1
990 1250 1
990 896 1
1302 120 1
1302 486 1
1302 365 1
1302 67 1
154 1241 1
154 675 1
154 997 1
1094 901 1
1094 893 1
1094 1086 1
1094 852 1
1094 747 1
1094 681 1
686 555 1
1196 651 1
1196 1203 1
1196 1237 1
1196 535 1
1196 712 1
1196 16 1
1196 1327 1
1196 1314 1
1196 305 1
1196 514 1
1196 1362 1
1196 646 1
1196 808 1
199 1261 1
275 373 1
275 856 1
275 248 1
1013 1218 1
1013 432 1
1013 582 1
1013 273 1
187 1041 1
187 503 1
187 207 1
187 203 1
187 1151 1
187 1183 1
187 570 1
586 862 1
758 884 1
758 731 1
758 386 1
401 278 1
869 737 1
869 3 1
869 773 1
817 4 1
817 870 1
828 541 1
828 952 1
828 1361 1
828 1170 1
828 421 1
828 10 1
828 554 1
828 1136 1
828 603 1
834 1174 1
1200 1018 1
1200 583 1
1200 667 1
1200 1024 1
1200 516 1
135 246 1
135 72 1
135 930 1
168 916 1
168 81 1
1092 549 1
412 663 1
412 602 1
412 245 1
412 910 1
412 215 1
412 212 1
412 361 1
412 1243 1
412 705 1
950 8 1
950 379 1
950 908 1
950 471 1
391 802 1
391 1213 1
9 454 1
1325 974 1
1325 1096 1
1325 559 1
1325 729 1
125 308 1
125 1031 1
125 138 1
125 588 1
125 569 1
125 92 1
125 1087 1
1277 1219 1
1277 1338 1
1277 647 1
1277 996 1
1277 36 1
1277 396 1
1277 968 1
1277 545 1
1277 411 1
1277 1028 1
1277 722 1
944 1193 1
944 849 1
944 962 1
1288 322 1
1288 1055 1
1288 304 1
1288 74 1
1288 182 1
1288 1009 1
1288 60 1
1288 592 1
1288 730 1
470 68 1
470 500 1
470 250 1
470 291 1
470 1128 1
470 115 1
470 217 1
906 734 1
344 544 1
344 634 1
344 637 1
1212 562 1
1212 501 1
258 142 1
80 1036 1
80 1256 1
80 829 1
80 287 1
80 714 1
80 597 1
80 242 1
80 469 1
80 1231 1
80 918 1
80 426 1
80 1160 1
80 288 1
594 1309 1
594 1043 1
594 1345 1
310 811 1
310 251 1
310 836 1
310 1117 1
310 1289 1
310 156 1
310 639 1
310 595 1
310 709 1
310 578 1
931 940 1
931 394 1
931 366 1
931 1295 1
1086 77 1
1086 357 1
1086 1179 1
859 718 1
859 924 1
859 799 1
859 613 1
859 285 1
859 17 1
859 832 1
859 752 1
63 1172 1
63 90 1
63 1332 1
63 111 1
963 89 1
1279 436 1
1279 335 1
1301 1002 1
1301 1344 1
1301 821 1
1301 537 1
653 403 1
653 356 1
653 1245 1
1221 63 1
1221 688 1
72 749 1
70 1035 1
280 624 1
280 49 1
280 547 1
280 691 1
280 51 1
280 928 1
280 1095 1
280 395 1
280 332 1
280 460 1
280 866 1
445 339 1
40 388 1
1308 1083 1
336 841 1
336 992 1
336 596 1
697 1003 1
697 666 1
697 1167 1
697 18 1
697 1235 1
697 986 1
183 751 1
183 1005 1
183 1159 1
183 1111 1
1244 444 1
1244 1286 1
1244 341 1
1244 226 1
456 891 1
993 197 1
993 404 1
993 530 1
241 527 1
825 216 1
242 1363 1
214 1230 1
214 1254 1
214 136 1
214 1081 1
214 820 1
214 1012 1
214 27 1
214 680 1
214 124 1
214 423 1
214 994 1
214 145 1
214 34 1
214 390 1
214 791 1
214 543 1
153 353 1
153 995 1
153 48 1
506 532 1
506 643 1
506 882 1
506 93 1
800 1209 1
800 1113 1
800 1025 1
1006 599 1
1006 703 1
1006 1169 1
1006 626 1
1006 29 1
180 1078 1
921 1249 1
921 521 1
921 1070 1
921 468 1
921 1162 1
921 169 1
921 1348 1
921 1227 1
1009 881 1
1009 449 1
1009 364 1
1009 274 1
149 936 1
149 24 1
149 105 1
149 1054 1
149 1142 1
149 261 1
149 627 1
149 1306 1
149 359 1
149 1210 1
149 1115 1
149 762 1
149 1299 1
149 657 1
149 450 1
149 1097 1
149 345 1
149 448 1
149 389 1
149 1273 1
149 1163 1
149 623 1
897 693 1
897 413 1
1053 165 1
1053 1211 1
1053 1281 1
1053 615 1
434 892 1
434 292 1
434 78 1
434 985 1
434 406 1
434 112 1
434 860 1
434 929 1
434 399 1
434 1359 1
434 525 1
434 819 1
434 889 1
434 579 1
434 489 1
434 1060 1
434 625 1
434 465 1
961 1058 1
961 794 1
1326 375 1
1326 122 1
1326 1284 1
1326 1201 1
1326 315 1
1326 845 1
1326 262 1
1326 835 1
1326 168 1
1326 957 1
1326 271 1
1326 697 1
1326 1215 1
1326 823 1
1326 1139 1
1326 850 1
107 1285 1
107 1294 1
107 655 1
765 368 1
765 374 1
1016 1020 1
1112 283 1
518 677 1
163 925 1
163 546 1
593 658 1
593 384 1
593 1341 1
593 195 1
593 1190 1
674 632 1
674 1149 1
674 1347 1
674 172 1
551 237 1
551 756 1
551 1357 1
551 970 1
22 739 1
520 201 1
520 620 1
430 640 1
430 707 1
430 878 1
430 846 1
355 1127 1
35 1324 1
159 803 1
130 795 1
497 1343 1
497 235 1
497 701 1
497 11 1
497 967 1
497 1186 1
497 1180 1
497 816 1
497 685 1
523 556 1
523 987 1
457 1225 1
457 256 1
175 1353 1
175 567 1
175 55 1
175 46 1
175 538 1
175 140 1
175 838 1
175 30 1
175 888 1
175 682 1
175 1244 1
175 354 1
175 1040 1
175 1153 1
175 1039 1
175 512 1
175 533 1
348 1351 1
348 911 1
633 1271 1
633 346 1
633 659 1
998 1239 1
421 1316 1
421 164 1
421 1066 1
421 13 1
421 977 1
421 777 1
421 1184 1
421 2 1
509 1229 1
509 419 1
509 978 1
509 683 1
509 725 1
509 720 1
1186 920 1
1186 443 1
1067 959 1
1051 783 1
1051 99 1
1051 526 1
1051 298 1
1139 679 1
1139 787 1
1139 661 1
1139 742 1
1139 14 1
462 193 1
1223 502 1
1223 662 1
1223 447 1
1223 137 1
1223 1176 1
1223 1071 1
1223 1023 1
228 676 1
228 1304 1
228 121 1
228 1103 1
228 611 1
228 158 1
228 157 1
228 1037 1
228 1331 1
228 177 1
228 699 1
228 926 1
228 1192 1
228 416 1
228 381 1
228 1032 1
485 1240 1
485 1336 1
485 1290 1
485 407 1
485 764 1
868 574 1
868 91 1
868 1333 1
868 689 1
824 915 1
564 548 1
290 610 1
290 491 1
234 194 1
234 53 1
21 984 1
21 895 1
21 5 1
1130 960 1
1130 871 1
1130 299 1
1130 919 1
1130 908 1
1130 117 1
1130 1330 1
1130 126 1
1130 162 1
1130 1323 1
147 461 1
147 585 1
416 606 1
416 642 1
833 1085 1
34 726 1
1278 981 1
1278 428 1
1278 1021 1
1278 711 1
1278 1232 1
301 143 1
301 1360 1
301 376 1
301 792 1
301 348 1
301 266 1
1034 283 1
510 572 1
1350 1335 1
1350 417 1
530 505 1
530 671 1
530 118 1
855 513 1
474 1132 1
66 738 1
66 398 1
472 96 1
472 789 1
472 233 1
472 842 1
472 522 1
713 710 1
645 1148 1
645 534 1
645 1216 1
645 1122 1
645 622 1
645 1287 1
645 900 1
645 788 1
645 982 1
645 440 1
645 1163 1
645 59 1
1313 1257 1
1138 1272 1
1138 306 1
151 1030 1
151 1091 1
151 665 1
151 173 1
958 204 1
673 865 1
673 706 1
673 616 1
673 1298 1
673 453 1
1334 1311 1
614 1017 1
614 1246 1
19 282 1
19 1320 1
563 220 1
563 402 1
563 385 1
822 244 1
822 127 1
938 362 1
938 591 1
938 370 1
938 797 1
938 260 1
938 50 1
1318 325 1
1318 25 1
1318 927 1
1318 668 1
1318 1296 1
1318 695 1
1318 420 1
1318 728 1
1318 495 1
1318 763 1
1318 735 1
1340 1355 1
1340 584 1
1340 778 1
1340 702 1
338 864 1
338 872 1
338 780 1
338 328 1
425 867 1
425 969 1
425 86 1
425 1233 1
425 418 1
221 761 1
1321 167 1
1321 876 1
1321 31 1
1321 1146 1
1321 1141 1
1321 818 1
38 1366 1
38 727 1
38 1047 1
1364 1079 1
1136 367 1
349 1226 1
1110 239 1
1110 259 1
1110 557 1
1110 1166 1
369 743 1
1075 324 1
1075 71 1
1075 571 1
1075 272 1
1358 1171 1
1358 786 1
1358 672 1
1358 490 1
1358 618 1
58 945 1
58 408 1
58 480 1
58 1124 1
58 1119 1
58 57 1
58 1046 1
58 766 1
58 383 1
58 82 1
79 848 1
132 1150 1
132 844 1
132 387 1
132 1133 1
132 830 1
132 932 1
132 302 1
132 1074 1
132 1156 1
132 1322 1
132 1222 1
132 713 1
132 750 1
132 1242 1
132 1307 1
644 442 1
644 633 1
533 542 1
533 1147 1
533 1038 1
533 313 1
533 664 1
533 232 1
533 56 1
533 347 1
533 894 1
533 26 1
533 531 1
533 330 1
533 1001 1
189 1310 1
934 568 1
934 966 1
934 1098 1
934 227 1
934 565 1
1029 902 1
1082 319 1
1082 715 1
1082 225 1
1082 1269 1
1082 1000 1
326 459 1
326 755 1
326 1049 1
326 612 1
326 337 1
326 104 1
326 774 1
326 441 1
326 478 1
326 19 1
1253 972 1
607 1050 1
607 1189 1
160 187 1
741 1202 1
741 113 1
741 1152 1
263 1155 1
263 1108 1
263 1220 1
263 146 1
263 44 1
392 1164 1
392 1042 1
392 732 1
392 736 1
188 1248 1
188 314 1
188 991 1
188 1014 1
188 951 1
188 45 1
188 768 1
188 128 1
188 191 1
705 467 1
705 854 1
705 540 1
705 377 1
181 948 1
805 1251 1
