1805 172 1
1805 1294 1
278 1442 1
1488 1071 1
1488 1670 1
1488 1089 1
1488 1168 1
1488 705 1
1488 1148 1
1488 1099 1
1488 342 1
1488 1656 1
1619 772 1
1619 122 1
1619 1816 1
1619 628 1
1619 1284 1
1619 1202 1
1619 372 1
1619 529 1
1619 34 1
1619 753 1
1619 1857 1
1619 1960 1
1955 1828 1
1955 238 1
1955 53 1
1955 1051 1
1340 1838 1
1340 945 1
1340 878 1
1340 46 1
1340 138 1
1340 1481 1
1340 1003 1
294 1351 1
294 649 1
294 1435 1
294 1252 1
294 834 1
294 725 1
294 1574 1
294 523 1
294 1204 1
294 1164 1
294 1763 1
294 1009 1
294 80 1
1600 1190 1
1600 548 1
1600 884 1
1600 139 1
133 1083 1
133 1036 1
133 1753 1
133 1179 1
133 17 1
133 1860 1
653 1274 1
653 503 1
607 1799 1
607 1541 1
607 1483 1
607 1120 1
607 1217 1
832 1198 1
832 1280 1
832 1862 1
832 1272 1
832 14 1
832 171 1
832 1806 1
832 481 1
832 537 1
832 785 1
832 627 1
832 757 1
741 413 1
1046 746 1
1046 1577 1
1046 817 1
1495 600 1
1495 851 1
1665 1821 1
1665 407 1
1172 641 1
601 1312 1
58 1028 1
58 560 1
58 1729 1
58 1839 1
58 176 1
58 37 1
58 717 1
58 1952 1
58 1254 1
513 1415 1
513 902 1
1706 1095 1
1706 492 1
1358 1195 1
1358 289 1
1358 1381 1
1358 1925 1
1358 624 1
1358 83 1
1358 1655 1
1358 703 1
1358 595 1
1358 1893 1
1358 1760 1
1358 75 1
1358 680 1
1358 722 1
1358 1868 1
1358 1588 1
1358 589 1
1358 1079 1
1475 1563 1
1060 977 1
1060 968 1
1060 1258 1
1547 1256 1
1547 1422 1
1547 224 1
1547 1389 1
1547 250 1
1547 1802 1
1547 1626 1
1547 25 1
1547 1820 1
1547 530 1
1547 115 1
1547 1378 1
1547 417 1
1547 890 1
1547 64 1
1547 1663 1
1547 1076 1
1547 422 1
754 271 1
754 1846 1
754 15 1
553 1364 1
553 1932 1
553 312 1
971 702 1
1243 1698 1
1149 1187 1
1149 1790 1
1149 1935 1
1255 1798 1
1255 142 1
1255 1251 1
1255 863 1
361 1777 1
361 620 1
723 453 1
723 91 1
723 1631 1
954 1804 1
435 648 1
435 846 1
435 1363 1
2 356 1
2 239 1
246 154 1
246 712 1
246 1894 1
721 1535 1
721 409 1
782 652 1
782 41 1
782 1744 1
782 1194 1
782 1591 1
1613 1479 1
1613 152 1
1613 1293 1
1613 1281 1
1613 1048 1
1673 1950 1
1673 924 1
1673 1125 1
930 147 1
930 1776 1
386 806 1
386 327 1
1914 500 1
289 849 1
289 1613 1
289 1433 1
289 31 1
289 124 1
289 43 1
289 990 1
289 1871 1
289 821 1
289 423 1
1039 1525 1
484 1358 1
484 387 1
484 1302 1
484 1579 1
55 829 1
55 168 1
55 1953 1
55 1878 1
55 1715 1
55 1209 1
1412 1376 1
1412 230 1
1412 1011 1
1412 319 1
1412 699 1
1412 1564 1
1412 357 1
1412 1409 1
1412 182 1
1412 1936 1
1412 3 1
1412 121 1
1412 287 1
1412 1630 1
575 1421 1
575 669 1
575 895 1
980 804 1
980 1883 1
1349 334 1
1349 756 1
1349 1455 1
1349 162 1
1349 48 1
1349 245 1
1349 1614 1
1349 1116 1
1349 1616 1
796 134 1
796 887 1
796 84 1
796 325 1
796 1882 1
796 697 1
796 1319 1
755 1282 1
755 120 1
755 1123 1
1153 99 1
1153 146 1
1153 1290 1
1153 580 1
1153 192 1
1153 1137 1
415 1027 1
415 800 1
415 198 1
1628 468 1
913 1223 1
913 1162 1
913 158 1
736 840 1
736 556 1
1559 407 1
1559 1544 1
1140 1207 1
1320 1945 1
760 1325 1
760 95 1
760 1057 1
1401 635 1
1915 1170 1
1440 1505 1
1440 1554 1
497 1464 1
497 1646 1
110 449 1
110 329 1
110 688 1
110 179 1
110 349 1
110 105 1
110 1812 1
110 254 1
110 510 1
110 326 1
110 1015 1
586 1509 1
586 1791 1
586 259 1
586 61 1
714 682 1
21 1487 1
21 1043 1
21 1933 1
21 1191 1
21 175 1
1298 954 1
1298 57 1
1298 1859 1
1298 161 1
1298 1110 1
1298 1920 1
1298 531 1
1298 1534 1
1298 1163 1
1298 1061 1
1298 1593 1
1298 388 1
1298 1756 1
1298 1814 1
1006 794 1
1006 86 1
1006 233 1
1006 471 1
1006 1441 1
1006 272 1
1006 951 1
1006 1134 1
1006 1117 1
1006 1002 1
1006 77 1
1006 1077 1
885 1109 1
301 1518 1
301 545 1
459 1521 1
459 112 1
366 215 1
366 89 1
366 1516 1
1612 1863 1
1612 819 1
1612 1434 1
1612 1339 1
1612 335 1
1612 1884 1
1612 567 1
1612 1192 1
684 943 1
1542 583 1
1542 1807 1
1542 797 1
1542 1778 1
1542 1484 1
1542 104 1
1542 1174 1
1542 674 1
1542 1710 1
1542 217 1
1088 1177 1
1214 1836 1
1214 1602 1
1214 879 1
1214 493 1
1214 958 1
1214 629 1
1214 1713 1
1214 1233 1
1214 1552 1
1214 1216 1
1203 85 1
1203 881 1
1203 282 1
1431 358 1
1472 986 1
1472 1606 1
1472 1948 1
1472 1244 1
1472 1498 1
1472 872 1
1472 1843 1
1458 1285 1
1458 345 1
1458 917 1
1458 1348 1
1451 815 1
1451 45 1
650 1502 1
650 165 1
650 1438 1
650 1468 1
650 989 1
650 1354 1
336 485 1
336 1810 1
336 1303 1
336 991 1
336 559 1
336 516 1
336 1794 1
336 231 1
336 429 1
336 1425 1
336 337 1
336 302 1
1154 1087 1
1154 424 1
1154 1000 1
1154 1469 1
1154 1403 1
1154 1299 1
109 1406 1
1303 1138 1
1303 978 1
1303 613 1
1303 883 1
1303 959 1
1303 1949 1
1303 912 1
1303 393 1
1303 1029 1
1303 557 1
374 447 1
374 362 1
374 462 1
730 540 1
730 369 1
1004 676 1
1004 317 1
1004 853 1
1004 1238 1
1004 1870 1
1004 1090 1
1004 398 1
1004 157 1
1004 1462 1
1004 1512 1
1004 1746 1
1004 1694 1
1004 1430 1
1004 495 1
1004 499 1
1762 1774 1
1762 212 1
1762 1903 1
1762 476 1
1747 1674 1
1747 452 1
1747 1420 1
1747 608 1
1747 971 1
1747 55 1
1747 684 1
1747 634 1
1747 119 1
1747 525 1
1747 315 1
1747 1369 1
1747 262 1
1747 1944 1
1747 1783 1
1747 78 1
1747 661 1
1747 501 1
1747 1097 1
1747 1917 1
1747 1059 1
1747 799 1
1747 1056 1
1747 915 1
1747 281 1
1747 605 1
1747 888 1
1747 1457 1
1747 1840 1
1747 880 1
1747 1720 1
1747 1047 1
1747 389 1
1747 825 1
1747 502 1
1747 675 1
624 718 1
624 750 1
624 1081 1
624 956 1
624 378 1
624 320 1
274 352 1
274 823 1
274 1333 1
274 1557 1
360 425 1
360 925 1
960 1246 1
960 1082 1
960 1813 1
960 1699 1
654 809 1
797 1853 1
797 1266 1
797 520 1
909 1538 1
909 1155 1
909 781 1
909 1548 1
909 129 1
909 827 1
909 114 1
909 1632 1
1904 148 1
683 607 1
683 1153 1
683 229 1
683 113 1
683 1250 1
683 1437 1
683 1345 1
683 1831 1
683 135 1
683 731 1
683 1373 1
683 1546 1
685 694 1
685 1031 1
685 1641 1
408 10 1
1205 133 1
1205 1026 1
1205 1650 1
1205 1193 1
1205 1572 1
1205 1872 1
1603 1592 1
1603 1149 1
1603 400 1
1603 930 1
1603 777 1
1603 738 1
1603 180 1
1603 145 1
1603 581 1
1603 265 1
1603 213 1
1603 1943 1
1603 758 1
1023 1711 1
146 169 1
694 1867 1
992 123 1
992 375 1
992 1858 1
992 381 1
486 870 1
486 88 1
486 373 1
486 801 1
1122 218 1
1122 1287 1
1122 1007 1
1122 1330 1
928 1335 1
1042 1391 1
1948 570 1
1218 1719 1
1218 1740 1
1218 1240 1
1218 969 1
577 749 1
577 1937 1
577 210 1
577 896 1
577 742 1
478 1787 1
478 1772 1
478 1785 1
1126 761 1
1126 922 1
1086 1239 1
83 313 1
83 333 1
83 787 1
83 727 1
83 1703 1
83 1927 1
83 1696 1
83 1506 1
241 1416 1
241 318 1
1850 1754 1
991 622 1
991 47 1
991 28 1
991 480 1
991 66 1
991 1386 1
991 482 1
991 1627 1
801 1875 1
801 1849 1
1676 1158 1
1689 1499 1
315 1856 1
315 639 1
315 636 1
315 706 1
315 1700 1
315 1105 1
1669 1451 1
1669 1248 1
1669 996 1
1669 716 1
1669 1959 1
1669 609 1
1669 743 1
1669 59 1
1669 1905 1
1669 1934 1
1669 643 1
1669 512 1
1669 1429 1
181 1342 1
181 1050 1
181 1668 1
181 1649 1
181 1752 1
1942 464 1
728 1503 1
728 1185 1
728 587 1
728 739 1
728 1873 1
1775 818 1
1788 1938 1
1490 970 1
1757 1308 1
1757 1758 1
1757 927 1
309 886 1
309 642 1
1160 1359 1
1160 430 1
1160 664 1
1160 1530 1
1262 637 1
1262 905 1
1262 1436 1
1262 1834 1
1262 1387 1
1262 1851 1
1262 901 1
261 1529 1
261 1714 1
261 267 1
261 550 1
261 667 1
261 299 1
261 871 1
144 304 1
144 214 1
144 1062 1
144 1926 1
144 1417 1
73 936 1
1583 1092 1
1583 353 1
1751 1208 1
6 125 1
340 1175 1
340 42 1
340 1336 1
340 1832 1
340 243 1
340 1108 1
340 681 1
856 1093 1
1865 1605 1
1865 1539 1
1865 70 1
1865 1423 1
1829 1837 1
1829 602 1
387 13 1
1482 1742 1
1482 185 1
1482 596 1
1482 618 1
1482 1587 1
1682 995 1
1682 1270 1
1682 894 1
1682 1104 1
1682 590 1
1682 1234 1
1682 1795 1
1682 869 1
1682 1507 1
1682 1896 1
1682 692 1
184 891 1
1912 1625 1
1912 1269 1
492 101 1
492 527 1
935 555 1
935 1897 1
935 1680 1
935 645 1
935 1930 1
691 1540 1
691 1759 1
691 1010 1
1257 1647 1
368 862 1
368 1102 1
368 63 1
368 1146 1
368 903 1
328 552 1
328 1495 1
328 554 1
328 824 1
328 707 1
328 698 1
328 573 1
328 1024 1
328 469 1
328 1724 1
220 1869 1
220 591 1
220 201 1
220 1819 1
220 199 1
1534 987 1
1534 106 1
1248 1034 1
1248 1166 1
1248 1022 1
1248 780 1
1248 412 1
1248 574 1
1248 1253 1
1248 1130 1
1248 1724 1
1248 1222 1
1825 49 1
291 237 1
291 933 1
291 1033 1
1283 1314 1
1283 893 1
1283 1212 1
1379 1575 1
1379 52 1
1379 455 1
1379 1021 1
1379 359 1
1379 1486 1
1379 724 1
1671 770 1
1671 1030 1
1741 934 1
1741 623 1
1741 260 1
1954 965 1
765 1424 1
765 1476 1
765 1716 1
765 826 1
765 1800 1
765 841 1
765 1589 1
765 1823 1
765 1131 1
765 1708 1
1210 1360 1
1210 519 1
1167 910 1
1167 1765 1
1167 766 1
1167 1956 1
1167 496 1
1167 735 1
1167 275 1
1951 1501 1
1951 1946 1
1951 380 1
1951 1320 1
1951 952 1
1951 1686 1
1951 1159 1
1951 328 1
1951 1677 1
1951 611 1
1951 1941 1
1951 444 1
201 1069 1
786 625 1
786 1147 1
786 1460 1
786 1707 1
786 351 1
786 511 1
786 18 1
786 183 1
786 671 1
1653 1432 1
1653 1277 1
1653 689 1
451 1205 1
451 1111 1
187 1301 1
187 1526 1
187 1063 1
306 94 1
306 839 1
306 1635 1
306 463 1
306 854 1
306 1609 1
306 939 1
306 1644 1
306 1356 1
306 1398 1
1399 407 1
1038 1154 1
1038 1639 1
563 1046 1
563 26 1
563 1482 1
563 1846 1
563 1271 1
563 659 1
563 22 1
563 1566 1
563 253 1
563 404 1
563 1555 1
563 771 1
563 1413 1
563 406 1
563 1899 1
563 1078 1
203 1445 1
1731 1243 1
1731 438 1
1623 1346 1
1623 1215 1
1623 640 1
1623 401 1
1623 1431 1
1623 1017 1
1623 1523 1
1623 1732 1
1623 1370 1
1623 1328 1
1623 1307 1
1623 1595 1
1623 1730 1
1623 1845 1
1623 957 1
1623 1957 1
1193 999 1
1193 1570 1
1193 488 1
1193 1391 1
1193 710 1
1193 994 1
1193 593 1
1193 1008 1
1193 1189 1
1193 1121 1
1193 137 1
1666 1107 1
1666 163 1
1666 1132 1
1666 111 1
1666 1058 1
1666 437 1
955 1769 1
599 1545 1
599 1414 1
1562 156 1
1562 744 1
1241 822 1
1241 1025 1
1241 1001 1
1241 441 1
1241 12 1
1241 298 1
1241 562 1
1241 1450 1
1241 1237 1
1241 1242 1
1241 1822 1
1241 614 1
1241 4 1
1864 193 1
1864 1695 1
1864 116 1
875 535 1
236 1064 1
236 603 1
1736 993 1
616 1263 1
616 305 1
616 1717 1
564 1492 1
564 588 1
564 470 1
564 433 1
5 558 1
5 1911 1
5 1658 1
1846 128 1
1846 90 1
1091 1766 1
1091 232 1
1091 397 1
1091 565 1
1091 865 1
1091 1139 1
1091 907 1
1091 108 1
1733 1112 1
1733 1657 1
467 877 1
467 310 1
1550 1135 1
1550 164 1
1760 1313 1
1760 1527 1
1760 1792 1
1760 227 1
1760 347 1
532 665 1
1861 1690 1
1861 1907 1
1861 1885 1
1861 1722 1
1861 1620 1
1861 673 1
1861 1127 1
1861 858 1
1861 1833 1
1861 1598 1
1861 225 1
1861 789 1
1861 1808 1
1861 1648 1
1861 1288 1
1861 1119 1
130 1610 1
130 65 1
1827 1684 1
1827 1197 1
1827 1662 1
1827 149 1
1827 1543 1
1827 891 1
1827 189 1
1827 838 1
1827 1014 1
1827 541 1
1827 837 1
1827 1459 1
1827 693 1
1827 830 1
1827 1041 1
1827 69 1
1827 355 1
1827 1353 1
1827 1887 1
1827 522 1
420 784 1
420 283 1
420 1073 1
420 1898 1
420 331 1
420 1122 1
420 1433 1
420 1019 1
420 1640 1
420 1361 1
420 127 1
420 235 1
420 696 1
420 733 1
420 1582 1
504 704 1
528 729 1
631 1337 1
631 1341 1
631 1958 1
631 612 1
631 963 1
631 1088 1
631 1583 1
631 1133 1
631 1085 1
631 1465 1
631 1782 1
631 1065 1
631 450 1
631 200 1
855 1513 1
855 1928 1
1275 291 1
1275 1181 1
1459 1772 1
1333 292 1
1333 1947 1
1333 897 1
23 1 1
23 791 1
23 1151 1
908 1142 1
908 1660 1
908 747 1
908 1032 1
908 1723 1
104 1388 1
104 461 1
104 1789 1
843 592 1
775 472 1
775 473 1
775 497 1
775 1536 1
775 131 1
775 538 1
775 1489 1
775 443 1
775 1156 1
775 100 1
775 1091 1
775 808 1
775 195 1
775 1636 1
775 582 1
775 1315 1
775 1739 1
775 926 1
775 1084 1
775 719 1
775 1480 1
775 1338 1
1477 1352 1
1477 1411 1
1477 1268 1
1477 1318 1
1820 1427 1
1820 1709 1
1820 285 1
606 597 1
606 1295 1
606 1597 1
606 1377 1
606 918 1
606 483 1
606 167 1
606 93 1
606 807 1
606 923 1
606 498 1
606 273 1
606 394 1
606 1453 1
1143 1400 1
1143 1688 1
1143 188 1
937 1326 1
98 1590 1
98 734 1
98 421 1
1522 506 1
1522 1343 1
1522 1826 1
1522 1144 1
1522 1317 1
1522 1419 1
1522 1514 1
1522 844 1
1522 748 1
1522 1372 1
1522 1392 1
1522 912 1
1522 621 1
1522 1891 1
1522 997 1
1522 1286 1
1522 1045 1
1522 118 1
419 1227 1
419 1494 1
419 946 1
419 1130 1
1115 1404 1
1115 1745 1
1115 24 1
1115 431 1
1115 255 1
1115 19 1
1115 1020 1
1115 29 1
1115 1322 1
1115 633 1
1176 1537 1
1176 1879 1
1176 657 1
1176 76 1
1176 288 1
1176 1355 1
1176 44 1
1176 1796 1
1176 300 1
1176 961 1
1176 656 1
1176 367 1
1176 1864 1
1176 1918 1
1176 914 1
1176 1461 1
1176 475 1
1176 695 1
1176 677 1
1176 341 1
1176 678 1
1176 805 1
49 50 1
49 859 1
615 726 1
615 852 1
1225 949 1
1225 1921 1
1225 831 1
1225 1910 1
1225 666 1
1225 1136 1
195 1528 1
195 720 1
195 816 1
138 67 1
138 1220 1
138 343 1
1779 1106 1
1779 1906 1
1779 1186 1
1779 546 1
514 1037 1
514 1601 1
1681 1855 1
1681 1098 1
1895 268 1
1895 54 1
1895 594 1
737 904 1
737 228 1
737 1780 1
737 1165 1
737 882 1
737 1889 1
737 1467 1
737 370 1
737 1615 1
737 303 1
737 1584 1
737 547 1
737 1394 1
1321 1712 1
75 617 1
1467 517 1
391 1153 1
391 964 1
391 1150 1
1103 377 1
1103 1734 1
1103 196 1
107 8 1
792 385 1
792 1693 1
792 1818 1
792 1877 1
143 1367 1
747 257 1
747 96 1
747 1180 1
747 395 1
747 322 1
920 1049 1
920 323 1
920 1128 1
1182 1046 1
1182 1362 1
1182 1017 1
1182 1651 1
1182 1743 1
1182 1393 1
1182 1380 1
1182 1567 1
1182 416 1
1182 1511 1
1182 1016 1
1182 1622 1
1182 539 1
1182 390 1
768 653 1
768 308 1
768 1517 1
768 1289 1
768 1558 1
768 1675 1
768 1621 1
768 1508 1
768 474 1
768 655 1
1260 973 1
1260 1493 1
1446 314 1
1585 1161 1
1585 1560 1
1585 1561 1
1585 1586 1
1585 998 1
1585 1954 1
1585 835 1
1585 102 1
1585 920 1
1585 103 1
1585 140 1
1585 1697 1
962 1173 1
864 533 1
864 1485 1
1396 1344 1
1396 1347 1
1396 1249 1
1066 247 1
1066 136 1
1066 1781 1
1066 931 1
1066 204 1
1066 1637 1
610 1470 1
610 1052 1
610 857 1
610 1397 1
610 714 1
610 944 1
610 984 1
610 251 1
610 1786 1
610 191 1
610 1100 1
610 1748 1
610 279 1
610 1634 1
1454 1264 1
1454 630 1
1454 845 1
985 1665 1
985 932 1
985 382 1
985 668 1
985 813 1
985 339 1
1566 1531 1
745 466 1
745 1228 1
745 1604 1
1508 1922 1
135 454 1
135 1261 1
135 953 1
1931 638 1
1931 544 1
1931 166 1
1931 1811 1
1931 1497 1
561 708 1
561 202 1
561 338 1
1900 126 1
1900 1114 1
1886 967 1
1848 1624 1
1848 410 1
1848 508 1
1848 465 1
1323 1735 1
1323 1803 1
1510 1129 1
1510 132 1
1510 1908 1
1510 418 1
1510 280 1
1797 802 1
1919 1213 1
1919 263 1
1919 928 1
1919 82 1
1919 314 1
1919 1773 1
1919 911 1
1919 92 1
1919 579 1
1302 1491 1
1302 248 1
1302 578 1
1302 1094 1
1302 81 1
1302 411 1
1679 1466 1
1679 1642 1
1679 762 1
1679 518 1
1679 976 1
1679 848 1
1679 1291 1
1679 1704 1
1679 264 1
1068 11 1
9 434 1
9 647 1
9 1184 1
9 604 1
1309 820 1
1309 1401 1
1309 384 1
1309 1751 1
1309 855 1
1309 1585 1
1309 354 1
1332 1504 1
1332 736 1
1332 446 1
1332 174 1
1332 859 1
1070 1408 1
416 1659 1
416 1913 1
416 662 1
416 1841 1
416 35 1
416 539 1
416 16 1
1478 1171 1
354 515 1
354 159 1
1500 1498 1
1738 173 1
1738 536 1
1738 363 1
1738 268 1
1738 1304 1
1738 1297 1
1738 219 1
1738 478 1
1738 1226 1
1738 1206 1
1738 1895 1
1738 60 1
1738 293 1
1738 1961 1
1738 1305 1
1738 1654 1
1738 1245 1
898 1366 1
898 1200 1
571 874 1
571 783 1
571 1888 1
571 1667 1
571 284 1
571 1571 1
1726 1340 1
1726 832 1
1726 1515 1
1726 553 1
1726 332 1
1726 1039 1
1726 586 1
1726 1725 1
1726 1044 1
1726 788 1
1726 109 1
1726 1902 1
1726 1276 1
1726 1942 1
1726 295 1
1726 1160 1
1726 1876 1
1726 316 1
1726 1737 1
1726 1701 1
1726 1623 1
1726 1296 1
1726 491 1
1726 1681 1
1726 1418 1
1726 307 1
1726 847 1
1726 221 1
1726 276 1
1726 364 1
1726 644 1
1726 1229 1
1726 256 1
1726 1916 1
1726 983 1
1726 1324 1
1511 1365 1
1511 155 1
605 1524 1
605 448 1
605 97 1
605 1385 1
605 1382 1
1868 33 1
1868 1405 1
1868 194 1
1868 1768 1
1868 62 1
1118 992 1
1118 1219 1
888 428 1
888 1718 1
1763 1573 1
1418 117 1
1418 721 1
1418 1673 1
1418 1914 1
1418 950 1
1418 796 1
1418 415 1
1418 1471 1
1418 790 1
1418 1549 1
1418 445 1
1418 286 1
1418 477 1
1418 1371 1
1418 1854 1
1418 144 1
1418 1809 1
1418 765 1
1418 663 1
1418 1407 1
1418 348 1
1418 1736 1
1418 383 1
1418 1733 1
1418 892 1
1418 211 1
1418 504 1
1418 1236 1
1418 399 1
1418 186 1
1418 584 1
1418 1054 1
1418 585 1
1418 36 1
1418 1444 1
1418 1874 1
1418 1520 1
1418 460 1
1418 779 1
1418 1448 1
1418 1750 1
1418 972 1
858 1842 1
1755 1196 1
1755 1292 1
1755 7 1
1755 1815 1
1755 1727 1
1755 408 1
1755 752 1
1755 432 1
1755 10 1
1755 1265 1
1755 1770 1
1755 776 1
1755 1310 1
1755 1892 1
1755 1924 1
1755 773 1
1755 632 1
1755 1569 1
1755 403 1
1755 542 1
1755 1012 1
1755 1551 1
1755 919 1
1755 1074 1
1894 740 1
1894 1844 1
1894 981 1
767 576 1
767 68 1
767 1687 1
767 774 1
767 1439 1
767 490 1
1934 1771 1
1934 1018 1
1934 1072 1
1934 1578 1
1934 1334 1
1934 1691 1
1934 1183 1
1934 521 1
1934 32 1
1934 1901 1
1934 1053 1
1934 296 1
1428 1426 1
1428 566 1
1428 1075 1
1428 290 1
1428 324 1
1428 1141 1
1457 1324 1
711 1940 1
711 1199 1
711 392 1
1847 1909 1
1847 507 1
1847 921 1
731 1532 1
731 160 1
731 244 1
731 534 1
731 456 1
731 836 1
1468 297 1
1618 74 1
1618 1767 1
1618 72 1
1618 1113 1
1618 1797 1
1618 974 1
1618 1306 1
1618 1035 1
1395 1923 1
1395 87 1
1395 1331 1
1395 20 1
1395 660 1
847 760 1
847 331 1
847 1881 1
847 1912 1
847 1705 1
847 1449 1
847 812 1
1520 1568 1
1520 30 1
1520 151 1
1146 906 1
1146 795 1
170 828 1
170 1350 1
170 960 1
170 181 1
170 1788 1
170 803 1
170 1678 1
170 1278 1
170 899 1
170 1463 1
1519 619 1
850 1728 1
1267 866 1
1267 1643 1
1267 1474 1
1267 1329 1
1016 701 1
1016 810 1
1016 1384 1
1784 658 1
276 1101 1
276 379 1
276 270 1
276 1262 1
276 1273 1
276 875 1
276 141 1
276 311 1
276 79 1
276 876 1
276 1456 1
40 1672 1
40 249 1
40 1201 1
40 197 1
40 1852 1
1588 715 1
1880 439 1
1661 1055 1
1629 1764 1
1629 1235 1
1629 1824 1
1629 1311 1
1629 427 1
1629 941 1
1629 1218 1
1629 130 1
1629 528 1
1629 1556 1
1629 442 1
1629 1368 1
411 1375 1
411 679 1
751 929 1
751 222 1
751 431 1
751 487 1
235 1327 1
235 1866 1
235 1761 1
235 1580 1
235 686 1
235 526 1
235 942 1
235 868 1
235 1830 1
235 1638 1
1749 1607 1
1749 479 1
1749 226 1
1749 1793 1
1749 240 1
1448 769 1
1448 1013 1
1448 207 1
868 1533 1
868 811 1
868 457 1
860 371 1
860 569 1
860 440 1
861 1594 1
861 209 1
1546 1801 1
1546 458 1
1546 509 1
1546 713 1
1546 321 1
1546 1671 1
1546 216 1
1546 646 1
1546 1260 1
1546 1294 1
1546 365 1
1546 1124 1
1546 344 1
1546 1661 1
687 543 1
442 1573 1
1300 1247 1
256 1835 1
256 330 1
256 1890 1
256 842 1
256 1596 1
256 909 1
256 6 1
256 489 1
256 1210 1
256 1005 1
256 988 1
256 524 1
256 1633 1
256 38 1
256 793 1
436 982 1
436 426 1
436 1473 1
436 1617 1
436 1581 1
436 1685 1
436 1886 1
436 940 1
436 150 1
436 1608 1
1096 549 1
1096 1889 1
1096 1929 1
1096 414 1
1096 1615 1
1096 614 1
1096 40 1
1096 303 1
1035 1316 1
1035 1692 1
1035 269 1
1035 948 1
1035 190 1
1035 1169 1
1035 568 1
1035 153 1
1710 223 1
1710 759 1
71 975 1
71 1395 1
71 206 1
234 58 1
234 935 1
234 814 1
217 494 1
1080 1447 1
1053 626 1
1750 396 1
1750 1279 1
1750 376 1
1750 947 1
1750 1224 1
1750 798 1
938 1152 1
572 143 1
177 1576 1
56 1565 1
56 1145 1
1211 266 1
1067 242 1
1067 1178 1
1067 651 1
1067 1410 1
1067 1374 1
1067 1266 1
1067 979 1
1067 252 1
1067 205 1
1067 346 1
1067 405 1
1067 178 1
1067 833 1
1067 1357 1
1067 551 1
1067 1645 1
1067 938 1
1067 732 1
1664 1452 1
1664 402 1
983 778 1
1219 709 1
1219 873 1
1219 505 1
1338 867 1
1338 1230 1
1338 690 1
27 980 1
27 1221 1
27 792 1
27 1599 1
27 1390 1
671 1168 1
671 889 1
671 700 1
671 1157 1
671 1443 1
671 1817 1
671 1383 1
1899 763 1
258 277 1
1939 670 1
1939 1040 1
672 1793 1
672 51 1
1394 1611 1
1394 1683 1
1394 1553 1
302 916 1
302 1652 1
302 764 1
302 1496 1
302 208 1
302 900 1
302 598 1
302 350 1
302 1231 1
302 1702 1
302 1188 1
302 1402 1
302 1232 1
689 1721 1
1634 966 1
65 1259 1
65 39 1
