1216 976 1
1216 1242 1
1216 860 1
1216 49 1
828 102 1
77 407 1
955 1045 1
955 846 1
955 869 1
955 95 1
955 713 1
955 911 1
955 292 1
955 621 1
955 1141 1
955 529 1
721 105 1
721 803 1
329 79 1
329 798 1
329 702 1
329 1168 1
559 814 1
559 214 1
559 26 1
1119 765 1
1119 423 1
1119 557 1
218 212 1
218 853 1
218 527 1
218 594 1
218 918 1
218 757 1
218 265 1
218 258 1
218 653 1
218 862 1
218 1034 1
218 728 1
218 991 1
218 1201 1
218 431 1
1215 766 1
1215 558 1
601 749 1
601 451 1
1239 1065 1
1239 193 1
1239 1117 1
1239 693 1
1239 254 1
1239 917 1
378 308 1
378 549 1
378 963 1
378 1238 1
554 120 1
97 984 1
97 683 1
97 526 1
931 1100 1
680 566 1
680 256 1
680 327 1
680 983 1
1068 279 1
1068 1105 1
1068 1231 1
1068 667 1
1068 280 1
1068 457 1
72 158 1
72 895 1
72 336 1
1110 634 1
1110 978 1
1110 478 1
1110 98 1
1110 192 1
1110 1199 1
1110 53 1
212 351 1
847 1139 1
197 80 1
853 809 1
853 734 1
480 270 1
480 112 1
480 772 1
480 675 1
480 159 1
1189 463 1
269 1048 1
269 1113 1
269 355 1
333 579 1
333 511 1
333 840 1
333 400 1
333 347 1
333 288 1
333 804 1
333 443 1
333 562 1
333 848 1
624 914 1
635 136 1
635 615 1
635 398 1
468 564 1
714 1207 1
714 687 1
714 206 1
714 965 1
714 356 1
714 458 1
807 1069 1
807 69 1
807 332 1
116 563 1
116 618 1
116 758 1
116 722 1
116 725 1
584 255 1
584 23 1
802 271 1
802 416 1
802 580 1
802 948 1
802 384 1
171 209 1
41 739 1
41 651 1
985 813 1
985 1116 1
985 637 1
985 570 1
1193 1114 1
553 1128 1
550 1223 1
550 414 1
550 42 1
29 630 1
29 1107 1
29 368 1
383 137 1
383 211 1
383 743 1
383 567 1
32 1237 1
32 510 1
32 1175 1
32 59 1
32 28 1
32 883 1
32 1160 1
32 986 1
32 875 1
32 907 1
32 356 1
32 259 1
402 33 1
475 1120 1
430 1124 1
193 84 1
193 1064 1
1183 530 1
1183 987 1
1183 933 1
1183 496 1
1183 636 1
1183 1042 1
263 838 1
263 575 1
263 195 1
995 331 1
603 108 1
418 1135 1
484 760 1
1091 1060 1
1091 988 1
1091 780 1
1091 1111 1
1091 974 1
1091 839 1
1091 162 1
1091 669 1
1091 953 1
1091 849 1
1091 302 1
1091 435 1
309 365 1
309 896 1
309 205 1
309 922 1
309 535 1
561 76 1
561 899 1
561 1200 1
561 1043 1
561 25 1
561 887 1
561 795 1
561 231 1
561 1180 1
561 660 1
561 290 1
561 880 1
561 962 1
561 450 1
561 56 1
561 1202 1
561 121 1
268 266 1
1229 514 1
1105 996 1
278 920 1
518 760 1
518 1212 1
1122 714 1
1122 622 1
1122 111 1
1122 99 1
1122 388 1
1122 866 1
1122 1224 1
1122 861 1
1122 303 1
1122 864 1
1122 199 1
1122 685 1
1122 753 1
1122 334 1
1122 1230 1
1122 176 1
200 652 1
592 3 1
592 453 1
592 584 1
592 1056 1
592 967 1
592 992 1
592 173 1
592 319 1
592 147 1
592 70 1
592 15 1
592 317 1
592 485 1
592 1086 1
592 487 1
592 1127 1
592 1154 1
592 692 1
592 419 1
592 593 1
592 362 1
592 863 1
592 208 1
819 1112 1
819 1123 1
819 115 1
306 773 1
306 116 1
306 134 1
306 1244 1
306 491 1
306 854 1
306 762 1
306 141 1
971 500 1
971 1181 1
230 696 1
701 135 1
701 320 1
701 993 1
701 221 1
701 1011 1
872 1140 1
872 1219 1
872 93 1
872 1203 1
872 546 1
872 75 1
872 771 1
1111 742 1
1111 371 1
1111 252 1
1190 38 1
1190 981 1
1121 196 1
1218 886 1
1218 876 1
678 623 1
276 727 1
276 504 1
519 128 1
519 1107 1
519 1217 1
519 882 1
519 248 1
519 160 1
519 1136 1
519 682 1
519 379 1
519 1098 1
519 688 1
519 312 1
519 781 1
618 1198 1
618 360 1
729 931 1
729 847 1
729 788 1
729 1100 1
729 756 1
729 718 1
729 1176 1
729 946 1
729 156 1
729 94 1
729 826 1
729 296 1
729 799 1
729 1146 1
729 1074 1
729 1220 1
729 595 1
235 730 1
235 233 1
235 1167 1
235 686 1
857 293 1
338 1225 1
1084 712 1
367 576 1
367 394 1
367 480 1
367 807 1
367 550 1
367 472 1
367 520 1
367 1044 1
367 829 1
367 842 1
367 1204 1
367 873 1
367 415 1
367 342 1
367 793 1
367 393 1
367 73 1
367 87 1
367 1081 1
367 796 1
367 497 1
367 119 1
367 767 1
367 422 1
367 318 1
367 465 1
367 908 1
367 348 1
1019 345 1
1019 518 1
1019 1123 1
1019 819 1
1019 897 1
1019 934 1
1019 375 1
1019 359 1
1019 888 1
1019 815 1
1019 273 1
757 48 1
757 124 1
974 1085 1
974 406 1
226 715 1
226 1147 1
226 1067 1
547 2 1
829 1044 1
829 822 1
716 932 1
956 1057 1
956 921 1
956 5 1
978 534 1
978 1152 1
281 625 1
281 1017 1
281 71 1
281 373 1
189 1103 1
189 390 1
189 835 1
1161 282 1
1161 219 1
1161 1012 1
1161 343 1
571 223 1
715 138 1
715 140 1
715 1039 1
994 350 1
425 878 1
758 499 1
842 1208 1
823 57 1
823 663 1
823 40 1
823 315 1
823 676 1
823 972 1
823 949 1
1204 88 1
1204 512 1
1204 935 1
1204 915 1
1204 672 1
1204 374 1
1204 657 1
1204 287 1
1204 1033 1
1204 620 1
654 1078 1
513 22 1
513 874 1
513 961 1
258 1022 1
258 322 1
687 531 1
687 412 1
980 997 1
980 200 1
980 994 1
980 413 1
980 1004 1
662 294 1
572 548 1
577 104 1
960 777 1
960 938 1
960 837 1
960 834 1
708 34 1
862 677 1
375 401 1
375 364 1
375 507 1
39 1184 1
39 747 1
39 16 1
532 1076 1
91 912 1
91 499 1
91 476 1
411 31 1
411 194 1
936 1131 1
936 708 1
323 673 1
323 1001 1
70 501 1
70 923 1
70 1226 1
70 805 1
70 24 1
50 216 1
50 11 1
50 719 1
337 1118 1
337 824 1
337 459 1
337 825 1
337 190 1
337 588 1
337 227 1
337 149 1
851 174 1
851 238 1
851 716 1
851 1144 1
851 445 1
665 1041 1
665 939 1
665 1101 1
665 701 1
665 349 1
665 243 1
665 1132 1
665 697 1
665 812 1
665 900 1
1005 542 1
865 269 1
865 222 1
865 913 1
865 125 1
865 517 1
61 289 1
61 203 1
61 596 1
61 399 1
61 964 1
61 505 1
61 1087 1
61 668 1
1155 689 1
1155 646 1
1155 1137 1
161 613 1
943 1171 1
943 305 1
943 1106 1
943 337 1
943 330 1
943 521 1
943 1188 1
943 267 1
1227 232 1
359 877 1
359 1006 1
359 1214 1
650 444 1
650 655 1
650 424 1
650 589 1
650 157 1
71 998 1
671 96 1
671 41 1
671 257 1
671 1051 1
671 1166 1
597 544 1
597 1239 1
597 276 1
597 1061 1
597 380 1
597 738 1
597 776 1
597 627 1
597 982 1
597 106 1
78 449 1
78 1232 1
78 1108 1
78 898 1
283 736 1
283 438 1
283 770 1
283 740 1
283 186 1
283 151 1
283 759 1
283 1095 1
1004 944 1
1004 745 1
19 143 1
186 298 1
1217 524 1
1217 481 1
1217 397 1
904 641 1
517 565 1
930 1097 1
930 844 1
187 1104 1
187 784 1
1243 389 1
1243 100 1
1243 454 1
142 1019 1
142 187 1
972 659 1
972 1170 1
972 395 1
494 1205 1
1058 74 1
1058 970 1
1058 260 1
1058 1157 1
1058 297 1
1058 62 1
573 515 1
573 951 1
573 163 1
573 855 1
441 249 1
441 492 1
855 245 1
855 172 1
711 885 1
711 867 1
711 791 1
711 277 1
711 437 1
506 185 1
506 794 1
991 1049 1
991 638 1
991 1024 1
991 1133 1
991 316 1
991 462 1
991 124 1
155 196 1
155 169 1
155 228 1
155 1121 1
155 324 1
155 528 1
155 909 1
155 432 1
155 1186 1
585 122 1
1153 936 1
1153 8 1
774 129 1
774 890 1
495 218 1
495 180 1
495 785 1
495 240 1
495 188 1
495 44 1
495 1161 1
495 513 1
495 307 1
495 650 1
495 958 1
495 60 1
495 460 1
495 498 1
495 381 1
487 611 1
487 286 1
487 1126 1
487 658 1
604 959 1
604 123 1
604 479 1
604 691 1
604 346 1
604 90 1
604 821 1
303 1185 1
303 1070 1
303 13 1
303 6 1
303 698 1
303 1142 1
303 1032 1
303 1075 1
303 723 1
605 202 1
1165 707 1
590 1079 1
464 789 1
464 937 1
464 699 1
464 583 1
464 469 1
464 506 1
464 1025 1
464 578 1
464 1010 1
464 755 1
883 321 1
1066 665 1
427 1088 1
427 167 1
427 545 1
427 614 1
427 19 1
427 891 1
427 640 1
427 429 1
427 241 1
942 957 1
942 1040 1
1211 820 1
1211 956 1
1211 114 1
1211 706 1
63 680 1
63 383 1
63 901 1
63 1046 1
299 1218 1
299 274 1
380 543 1
380 426 1
380 1003 1
380 858 1
664 783 1
664 1191 1
709 870 1
87 110 1
87 1189 1
87 4 1
87 335 1
87 377 1
87 415 1
87 598 1
87 763 1
87 1071 1
87 9 1
87 1150 1
87 386 1
726 403 1
726 1221 1
726 201 1
726 541 1
47 275 1
217 139 1
217 1233 1
217 574 1
491 1080 1
1052 1062 1
1081 1 1
486 555 1
706 679 1
706 420 1
706 447 1
706 357 1
706 902 1
879 919 1
879 1173 1
879 703 1
879 391 1
879 244 1
879 471 1
1125 609 1
775 1091 1
775 582 1
775 217 1
775 884 1
816 1234 1
51 940 1
51 1093 1
1138 616 1
1138 1162 1
168 46 1
168 339 1
168 639 1
168 411 1
168 700 1
168 1015 1
168 926 1
168 482 1
168 27 1
903 146 1
903 385 1
392 1055 1
392 690 1
392 968 1
426 177 1
426 782 1
738 1026 1
738 284 1
738 85 1
738 979 1
126 1096 1
126 1090 1
786 647 1
786 198 1
642 587 1
642 1245 1
642 778 1
811 369 1
811 945 1
811 183 1
811 656 1
811 1235 1
811 213 1
64 456 1
606 1020 1
606 995 1
606 204 1
606 540 1
606 643 1
606 552 1
1228 272 1
1228 624 1
1228 483 1
1228 67 1
1228 52 1
1228 1035 1
1228 144 1
1228 801 1
148 184 1
148 941 1
1169 516 1
1169 1182 1
1169 493 1
1169 341 1
1169 1083 1
1169 833 1
1169 1196 1
1169 1031 1
1169 1089 1
1169 1143 1
1169 161 1
1169 352 1
1169 661 1
1169 404 1
1169 1148 1
1169 586 1
311 30 1
674 845 1
674 1209 1
674 644 1
132 417 1
132 436 1
132 1023 1
132 333 1
132 1158 1
132 1177 1
132 790 1
132 1159 1
132 1145 1
132 1014 1
132 1222 1
132 421 1
132 191 1
132 1169 1
132 1018 1
538 340 1
538 591 1
538 1240 1
538 43 1
538 1172 1
538 893 1
452 754 1
127 408 1
127 894 1
127 92 1
127 537 1
127 817 1
127 508 1
199 153 1
199 694 1
199 1063 1
199 645 1
1213 36 1
1213 470 1
1213 626 1
990 969 1
376 1149 1
376 871 1
376 353 1
376 328 1
950 607 1
950 118 1
950 35 1
950 1206 1
1027 257 1
1098 523 1
1098 363 1
1098 484 1
1098 831 1
1098 1094 1
1098 617 1
1098 942 1
1098 966 1
1098 704 1
462 779 1
462 433 1
909 733 1
909 473 1
909 229 1
909 830 1
909 396 1
909 610 1
909 489 1
909 14 1
909 239 1
909 684 1
909 10 1
909 313 1
422 619 1
422 247 1
422 361 1
633 81 1
633 792 1
633 1084 1
633 455 1
633 1102 1
633 1241 1
633 410 1
973 1163 1
1037 985 1
1037 841 1
1037 82 1
1037 281 1
1037 215 1
539 442 1
925 488 1
925 568 1
925 910 1
737 827 1
1036 797 1
1174 170 1
1174 242 1
1174 152 1
1174 1149 1
1174 101 1
1174 608 1
1174 376 1
90 175 1
1129 764 1
366 1125 1
821 924 1
852 1050 1
318 628 1
318 117 1
318 1077 1
318 164 1
1009 251 1
1009 107 1
1009 178 1
1009 850 1
1009 533 1
1009 748 1
85 649 1
75 405 1
285 744 1
285 741 1
285 975 1
285 1047 1
302 137 1
302 133 1
465 210 1
465 236 1
465 310 1
465 300 1
465 1109 1
465 632 1
724 906 1
372 868 1
372 434 1
372 291 1
372 705 1
372 253 1
881 629 1
881 536 1
881 250 1
1016 181 1
1016 818 1
1016 581 1
1016 556 1
1016 358 1
1016 295 1
1016 1165 1
1016 522 1
1016 382 1
1016 1115 1
1016 148 1
1016 1178 1
1016 207 1
1016 448 1
1013 103 1
1013 1210 1
1013 304 1
1013 1099 1
1013 569 1
787 1021 1
768 338 1
768 1000 1
768 769 1
768 261 1
776 21 1
908 466 1
908 817 1
908 806 1
65 731 1
65 37 1
65 54 1
1166 1156 1
1166 954 1
445 387 1
445 1130 1
445 409 1
445 145 1
445 605 1
445 927 1
445 1197 1
445 681 1
224 1028 1
952 1216 1
952 599 1
952 220 1
952 1179 1
952 446 1
952 674 1
952 558 1
952 1073 1
1134 892 1
1134 648 1
1187 1195 1
1187 66 1
1187 461 1
1187 301 1
1187 1007 1
560 726 1
560 370 1
762 1029 1
762 83 1
762 234 1
762 761 1
884 1030 1
1092 18 1
1092 631 1
1092 225 1
109 717 1
109 600 1
109 428 1
109 710 1
109 856 1
109 889 1
109 130 1
109 602 1
109 916 1
109 732 1
109 150 1
109 750 1
109 344 1
109 237 1
109 1015 1
109 1053 1
109 502 1
109 1009 1
109 68 1
109 787 1
109 467 1
1059 960 1
1059 1192 1
1059 800 1
490 45 1
490 17 1
490 832 1
490 182 1
928 20 1
1236 89 1
1236 1038 1
1236 1054 1
1236 999 1
1236 1082 1
1236 154 1
1236 503 1
1236 439 1
1236 752 1
612 751 1
612 559 1
612 808 1
612 695 1
612 1194 1
612 131 1
612 58 1
612 262 1
612 810 1
325 947 1
562 836 1
859 475 1
681 326 1
681 905 1
681 735 1
681 474 1
106 525 1
159 746 1
666 354 1
666 1164 1
666 179 1
666 670 1
666 7 1
86 55 1
86 12 1
86 977 1
86 1151 1
86 930 1
86 477 1
86 573 1
86 245 1
86 1072 1
86 664 1
86 551 1
86 989 1
86 843 1
86 264 1
431 509 1
165 113 1
165 246 1
1002 272 1
1002 166 1
1008 720 1
1008 314 1
1008 929 1
1008 440 1
