446 548 1
446 18 1
446 259 1
446 19 1
184 478 1
275 558 1
359 241 1
359 301 1
333 276 1
333 148 1
432 565 1
432 451 1
119 207 1
119 356 1
119 98 1
119 316 1
119 268 1
119 514 1
29 171 1
29 32 1
29 426 1
561 467 1
561 230 1
561 254 1
550 266 1
550 73 1
249 469 1
249 397 1
249 196 1
249 272 1
186 23 1
135 282 1
135 463 1
135 234 1
535 462 1
535 414 1
535 243 1
117 449 1
117 429 1
117 48 1
117 420 1
117 352 1
457 533 1
141 156 1
141 288 1
512 318 1
407 475 1
331 165 1
235 434 1
487 182 1
487 389 1
10 83 1
10 306 1
10 252 1
10 555 1
10 238 1
10 2 1
10 505 1
574 561 1
574 550 1
574 279 1
574 150 1
574 519 1
574 176 1
574 500 1
574 41 1
574 520 1
574 187 1
574 452 1
574 8 1
574 168 1
574 442 1
574 594 1
574 271 1
574 153 1
574 559 1
574 562 1
113 445 1
113 348 1
113 557 1
113 91 1
113 366 1
113 72 1
113 197 1
113 170 1
113 325 1
113 585 1
113 221 1
133 518 1
133 362 1
133 484 1
133 12 1
133 213 1
133 523 1
133 37 1
133 149 1
133 436 1
133 340 1
360 136 1
360 309 1
88 260 1
88 503 1
194 95 1
190 138 1
190 172 1
190 589 1
190 588 1
3 402 1
3 378 1
3 129 1
3 399 1
3 159 1
3 255 1
3 66 1
3 471 1
524 236 1
524 530 1
242 215 1
242 416 1
566 108 1
147 544 1
147 501 1
578 415 1
578 62 1
578 310 1
597 75 1
508 582 1
307 54 1
307 336 1
307 604 1
307 55 1
307 84 1
307 516 1
307 312 1
347 173 1
347 474 1
347 160 1
347 507 1
354 94 1
354 204 1
283 504 1
283 341 1
283 568 1
362 120 1
313 137 1
313 258 1
313 181 1
422 250 1
422 302 1
376 560 1
376 89 1
376 343 1
376 351 1
376 203 1
376 223 1
376 61 1
541 527 1
541 552 1
350 251 1
350 495 1
350 42 1
350 188 1
350 240 1
350 477 1
350 447 1
350 364 1
350 571 1
350 24 1
350 198 1
176 7 1
176 154 1
176 47 1
176 281 1
169 158 1
169 573 1
169 329 1
169 345 1
169 80 1
169 556 1
69 287 1
489 454 1
489 464 1
211 161 1
498 430 1
395 102 1
395 127 1
395 320 1
395 264 1
395 139 1
395 39 1
128 15 1
128 517 1
128 540 1
128 110 1
128 303 1
128 492 1
128 409 1
128 201 1
13 381 1
13 569 1
438 441 1
438 337 1
438 387 1
438 145 1
205 116 1
205 9 1
205 200 1
34 580 1
34 304 1
357 293 1
357 239 1
357 68 1
551 344 1
551 361 1
551 132 1
551 596 1
494 270 1
494 439 1
494 365 1
592 380 1
592 226 1
592 273 1
592 388 1
592 118 1
453 35 1
192 334 1
50 109 1
50 237 1
50 509 1
50 183 1
538 246 1
25 545 1
25 358 1
25 411 1
25 321 1
247 576 1
406 163 1
406 274 1
311 359 1
311 164 1
311 440 1
311 433 1
311 322 1
311 472 1
292 417 1
22 371 1
22 529 1
22 162 1
208 105 1
208 546 1
208 189 1
208 142 1
289 52 1
289 470 1
289 130 1
289 598 1
465 51 1
465 459 1
465 410 1
465 496 1
404 86 1
404 326 1
404 567 1
404 581 1
174 210 1
174 408 1
174 383 1
174 112 1
174 53 1
174 212 1
174 374 1
55 570 1
248 218 1
248 167 1
248 231 1
248 285 1
175 71 1
175 564 1
583 448 1
400 593 1
400 603 1
493 122 1
493 575 1
493 6 1
493 485 1
493 391 1
493 216 1
493 114 1
493 435 1
493 553 1
493 57 1
146 390 1
146 393 1
178 335 1
178 363 1
178 294 1
178 314 1
178 577 1
178 490 1
178 70 1
178 228 1
178 104 1
178 49 1
178 151 1
178 26 1
178 502 1
178 396 1
178 220 1
195 121 1
195 602 1
195 13 1
195 353 1
195 67 1
195 233 1
195 44 1
195 185 1
195 107 1
195 536 1
28 543 1
28 295 1
28 64 1
460 418 1
460 591 1
460 473 1
460 401 1
460 327 1
460 595 1
460 43 1
168 229 1
168 601 1
265 483 1
265 506 1
265 31 1
265 508 1
265 296 1
265 253 1
265 493 1
265 511 1
265 419 1
265 123 1
265 131 1
480 491 1
480 427 1
442 382 1
442 476 1
442 367 1
442 217 1
442 59 1
442 152 1
349 155 1
349 547 1
349 324 1
349 368 1
87 423 1
466 111 1
466 16 1
466 77 1
222 521 1
482 191 1
482 499 1
468 481 1
468 85 1
468 284 1
443 424 1
443 526 1
78 563 1
166 513 1
299 510 1
299 58 1
299 579 1
92 531 1
92 209 1
92 298 1
92 413 1
92 45 1
92 412 1
92 262 1
92 319 1
92 63 1
92 166 1
92 180 1
92 486 1
92 132 1
193 60 1
193 124 1
193 169 1
193 392 1
193 100 1
193 458 1
193 79 1
193 317 1
193 65 1
193 76 1
149 384 1
157 346 1
157 386 1
115 4 1
115 328 1
115 539 1
115 431 1
372 263 1
144 82 1
244 370 1
244 280 1
244 444 1
586 379 1
586 315 1
586 428 1
586 373 1
497 525 1
46 232 1
46 297 1
101 330 1
101 290 1
101 421 1
101 572 1
101 97 1
101 479 1
101 96 1
257 38 1
30 99 1
30 267 1
542 599 1
542 308 1
542 14 1
419 355 1
419 305 1
419 286 1
419 90 1
419 461 1
405 256 1
277 455 1
277 202 1
277 584 1
277 522 1
277 74 1
17 140 1
396 27 1
396 261 1
396 228 1
396 332 1
396 40 1
396 338 1
396 93 1
278 600 1
278 488 1
278 375 1
398 554 1
398 214 1
398 177 1
562 534 1
437 125 1
131 403 1
131 33 1
131 103 1
131 179 1
131 56 1
131 219 1
131 369 1
81 450 1
81 143 1
515 456 1
515 425 1
340 225 1
340 300 1
107 126 1
20 377 1
20 206 1
20 269 1
20 11 1
20 532 1
20 21 1
20 245 1
20 339 1
20 549 1
20 394 1
20 134 1
1 590 1
1 323 1
1 385 1
537 5 1
537 36 1
537 199 1
537 106 1
537 587 1
536 224 1
528 342 1
528 227 1
528 291 1
