23 67 1
33 146 1
33 108 1
249 152 1
206 113 1
206 172 1
187 354 1
187 215 1
198 96 1
198 18 1
198 188 1
198 148 1
198 197 1
198 149 1
198 367 1
198 144 1
198 179 1
198 118 1
198 209 1
198 353 1
198 293 1
198 323 1
198 89 1
198 164 1
260 21 1
260 309 1
347 205 1
347 207 1
347 135 1
347 224 1
220 50 1
220 193 1
220 287 1
220 183 1
220 71 1
54 88 1
54 91 1
54 123 1
54 13 1
72 266 1
72 199 1
72 288 1
119 143 1
119 264 1
119 314 1
119 78 1
228 16 1
228 334 1
228 274 1
228 246 1
257 136 1
257 31 1
257 5 1
257 366 1
257 243 1
257 203 1
257 277 1
257 80 1
182 3 1
182 109 1
255 79 1
255 338 1
255 55 1
255 253 1
255 51 1
255 46 1
255 196 1
255 319 1
255 307 1
255 36 1
255 157 1
255 97 1
139 175 1
139 219 1
141 86 1
141 239 1
141 37 1
141 110 1
250 201 1
250 165 1
250 236 1
250 369 1
250 32 1
316 45 1
316 265 1
316 174 1
335 365 1
359 53 1
223 282 1
223 153 1
189 26 1
189 163 1
189 332 1
189 289 1
189 234 1
189 226 1
107 20 1
65 339 1
283 254 1
283 356 1
283 297 1
301 238 1
301 286 1
301 168 1
42 1 1
42 300 1
42 73 1
61 68 1
61 342 1
61 4 1
61 102 1
61 326 1
61 75 1
61 299 1
61 357 1
61 348 1
61 17 1
61 117 1
61 325 1
211 111 1
184 271 1
184 285 1
28 161 1
28 247 1
321 216 1
34 87 1
34 320 1
34 284 1
217 147 1
217 170 1
217 81 1
92 159 1
92 56 1
92 298 1
92 105 1
92 189 1
92 315 1
92 112 1
92 279 1
92 70 1
92 275 1
92 98 1
92 317 1
92 202 1
92 9 1
92 240 1
92 337 1
92 350 1
327 302 1
327 229 1
291 12 1
291 77 1
291 101 1
291 154 1
291 194 1
291 58 1
291 133 1
291 252 1
291 263 1
291 231 1
294 324 1
355 132 1
169 14 1
208 346 1
208 178 1
208 212 1
145 49 1
144 248 1
343 167 1
343 258 1
343 24 1
343 368 1
160 90 1
160 52 1
160 176 1
160 103 1
160 126 1
215 259 1
215 190 1
209 363 1
209 341 1
209 204 1
6 120 1
6 195 1
6 44 1
6 60 1
6 185 1
6 222 1
6 244 1
6 122 1
57 322 1
57 94 1
57 218 1
57 214 1
227 310 1
227 281 1
227 35 1
227 63 1
227 66 1
227 69 1
227 237 1
127 269 1
202 74 1
171 221 1
171 48 1
171 267 1
171 292 1
168 318 1
125 192 1
125 40 1
125 361 1
125 38 1
330 270 1
330 313 1
330 2 1
330 177 1
39 290 1
158 233 1
158 306 1
8 22 1
8 116 1
8 268 1
8 169 1
8 121 1
8 173 1
8 10 1
8 7 1
8 115 1
351 142 1
333 25 1
138 311 1
138 131 1
273 166 1
273 64 1
273 150 1
222 360 1
222 344 1
222 129 1
222 47 1
331 200 1
134 30 1
134 295 1
128 156 1
128 130 1
256 349 1
256 245 1
256 27 1
256 114 1
256 41 1
15 140 1
15 340 1
15 303 1
59 352 1
210 308 1
210 95 1
180 304 1
180 328 1
180 336 1
180 162 1
180 305 1
180 99 1
180 76 1
180 155 1
180 151 1
180 213 1
180 312 1
180 358 1
62 186 1
62 43 1
62 345 1
62 19 1
362 11 1
362 232 1
362 329 1
362 93 1
242 280 1
242 82 1
242 104 1
100 124 1
100 272 1
100 241 1
100 296 1
100 191 1
100 83 1
181 225 1
261 29 1
261 137 1
261 84 1
262 278 1
262 364 1
262 85 1
262 235 1
262 106 1
262 158 1
262 251 1
276 230 1
