3890 4389 1
4932 2503 1
4932 1209 1
4932 3367 1
4932 1493 1
4932 2706 1
4932 2270 1
4932 2340 1
4932 884 1
4932 3541 1
4697 4230 1
4697 1047 1
4697 2558 1
4697 3087 1
4697 5054 1
4697 3047 1
2000 2224 1
2000 1947 1
2000 3645 1
2000 2413 1
2000 2298 1
1059 4454 1
1059 3957 1
1059 3605 1
952 4685 1
952 945 1
952 5147 1
1840 2106 1
4460 3206 1
4460 1541 1
2427 5186 1
2427 1073 1
4002 4879 1
4002 1629 1
877 1812 1
877 4161 1
877 4214 1
877 2798 1
877 5079 1
3365 3033 1
3365 2040 1
3365 5162 1
3200 4208 1
2470 3450 1
4531 1033 1
443 2432 1
443 5127 1
443 4355 1
443 1613 1
443 3277 1
443 2351 1
443 3291 1
2863 2107 1
2863 2091 1
2863 3859 1
2863 1757 1
2863 2859 1
2863 1696 1
4767 4769 1
3385 2666 1
3385 2942 1
3385 3448 1
3385 1825 1
937 4461 1
937 578 1
1653 1983 1
3674 22 1
3674 2935 1
3674 3724 1
3674 825 1
3674 3014 1
3674 1717 1
2896 630 1
2896 1234 1
4671 3686 1
2639 4707 1
2015 3652 1
2015 2671 1
2015 3730 1
4589 1083 1
4314 65 1
4314 933 1
1161 4099 1
620 2346 1
620 2541 1
620 735 1
1053 4509 1
1053 2463 1
1053 1018 1
1053 38 1
1053 2792 1
4921 3052 1
4921 2243 1
4921 4011 1
4921 4537 1
4921 3034 1
4921 907 1
4921 1871 1
4921 1258 1
4921 4504 1
4953 792 1
4953 383 1
4953 244 1
4953 3045 1
4953 359 1
4953 3935 1
2085 3681 1
2085 1939 1
2085 4220 1
348 4521 1
348 372 1
348 4368 1
4798 436 1
1441 2489 1
387 3586 1
4994 222 1
4994 237 1
2718 4518 1
664 1897 1
664 4107 1
3926 4279 1
3926 998 1
2521 4525 1
2521 1779 1
2521 2510 1
3954 1203 1
3954 639 1
2817 3179 1
2929 1529 1
2929 3542 1
2929 10 1
2929 4661 1
2932 5239 1
2932 1166 1
2932 3567 1
2932 3832 1
2932 5121 1
4347 469 1
4347 5166 1
4347 2051 1
4347 2014 1
4347 885 1
5124 97 1
5124 5158 1
1402 3710 1
1402 1900 1
1402 1610 1
1402 5025 1
2750 2788 1
3165 977 1
212 265 1
212 2103 1
212 702 1
212 1164 1
212 5184 1
3970 1373 1
3970 2860 1
1813 1204 1
1813 2895 1
2409 1295 1
2409 1233 1
2409 145 1
2409 3408 1
2409 1110 1
4326 2698 1
4075 4538 1
4075 1712 1
4075 4104 1
4075 142 1
4075 4068 1
3502 693 1
3502 4282 1
3502 2179 1
3502 2221 1
3502 3160 1
3502 4202 1
2376 135 1
772 2059 1
3588 2163 1
3588 204 1
3588 4274 1
3588 655 1
3588 1934 1
3588 4641 1
3588 1964 1
2432 704 1
2432 3278 1
2432 1916 1
3943 2034 1
3943 2660 1
3943 5152 1
3943 2257 1
3604 2475 1
3604 1687 1
3604 4516 1
3604 4808 1
3604 2908 1
3604 1374 1
3604 4659 1
3604 309 1
2852 1774 1
2852 1694 1
3083 75 1
3083 4413 1
3083 3054 1
3083 2187 1
3083 402 1
3083 2561 1
3083 3891 1
3083 2524 1
3083 3802 1
3083 3506 1
178 2787 1
178 688 1
5254 4173 1
5254 4256 1
1664 1972 1
3240 3220 1
4572 872 1
721 3281 1
721 754 1
721 2190 1
721 5213 1
721 11 1
721 332 1
721 256 1
721 347 1
1359 4616 1
1359 5278 1
1359 1408 1
1359 918 1
1359 5179 1
1359 2026 1
1359 3696 1
1359 3857 1
1359 2531 1
1359 967 1
1359 4215 1
1747 612 1
1747 525 1
1747 3942 1
1747 1060 1
1747 4384 1
1747 4455 1
1747 2568 1
1747 1962 1
1747 370 1
1747 4116 1
1450 902 1
1450 79 1
1450 550 1
1450 5141 1
1450 3079 1
1952 2455 1
1952 1574 1
1952 1034 1
5076 4094 1
5076 4738 1
5076 1614 1
2068 789 1
2068 1157 1
2068 4963 1
2842 686 1
1713 3197 1
1713 280 1
1713 2359 1
1713 4185 1
1713 3662 1
4100 4725 1
4100 2410 1
4100 3613 1
4100 4875 1
3136 3325 1
3136 1836 1
3230 2470 1
3230 4668 1
3230 472 1
3230 3081 1
3230 3587 1
3230 1151 1
3230 4788 1
3230 4859 1
1624 1979 1
1872 650 1
1872 152 1
1872 3384 1
1872 2677 1
1872 4625 1
1872 2213 1
1872 113 1
4817 3481 1
4817 4317 1
4817 3088 1
4817 2977 1
4817 4030 1
4817 784 1
4817 2576 1
4817 3882 1
3033 1587 1
3033 2037 1
1429 3338 1
1429 1382 1
1429 3140 1
177 3423 1
146 593 1
146 3854 1
146 3153 1
160 699 1
160 886 1
160 2019 1
160 3099 1
3614 3627 1
3614 136 1
3614 4189 1
3614 4444 1
3614 2713 1
456 1360 1
456 4291 1
456 1748 1
456 4278 1
456 951 1
456 40 1
5035 5135 1
5035 477 1
5035 2149 1
5035 5151 1
5035 1460 1
5035 2651 1
5035 4726 1
5035 5058 1
5035 2722 1
3712 910 1
3712 577 1
3712 2569 1
3712 936 1
3712 3290 1
3286 689 1
5016 3193 1
5016 3082 1
5016 1607 1
4935 532 1
4935 813 1
775 241 1
775 3518 1
775 3805 1
775 627 1
775 4982 1
948 4192 1
948 5224 1
948 3192 1
948 1435 1
2215 1506 1
2215 2294 1
2215 2373 1
2215 1198 1
3454 1103 1
4992 1597 1
4438 4766 1
4438 2041 1
4438 1618 1
4438 3595 1
4438 5244 1
4438 4207 1
4438 1117 1
4438 1341 1
1675 5242 1
2838 3543 1
2838 3555 1
2838 1245 1
2838 2377 1
2838 1159 1
2838 2369 1
3496 2332 1
3496 3960 1
3496 3685 1
3774 2829 1
3774 3623 1
4390 1292 1
3746 3558 1
3746 45 1
3746 2478 1
3746 2707 1
3330 997 1
3330 23 1
3330 2844 1
3330 4353 1
3330 1137 1
3330 1246 1
3330 2378 1
3330 934 1
2108 713 1
2108 421 1
2108 3317 1
2108 2811 1
2108 5247 1
2108 5019 1
2108 2950 1
1530 4575 1
1530 941 1
3035 716 1
3035 1764 1
3035 3702 1
3035 3364 1
3035 4936 1
3035 3644 1
3035 3171 1
3035 4997 1
3035 4457 1
3035 1092 1
3035 1551 1
3035 5046 1
3035 755 1
3035 4893 1
3035 4914 1
3035 3868 1
3035 4429 1
3035 3769 1
300 4471 1
3557 3415 1
3557 3245 1
3557 2456 1
3557 4125 1
3557 1931 1
3557 582 1
3557 4598 1
3557 4586 1
5063 4588 1
5063 1737 1
5063 4201 1
5264 4378 1
5264 3373 1
5264 1061 1
5264 3113 1
5264 4114 1
5264 3029 1
5264 1404 1
5264 3747 1
3742 3449 1
3742 1966 1
4210 3146 1
4210 756 1
4210 3357 1
4210 5037 1
5075 4965 1
2027 4746 1
2027 2222 1
2027 1510 1
2473 1392 1
2473 2499 1
2473 1650 1
2473 881 1
2473 1465 1
1462 3026 1
1462 5153 1
1462 4063 1
1462 5176 1
1462 2238 1
903 544 1
903 2684 1
903 2640 1
903 1336 1
903 1223 1
903 5243 1
903 887 1
903 3371 1
1139 2609 1
4573 4240 1
3743 1780 1
365 727 1
3671 3517 1
3671 2756 1
3671 4999 1
4879 1773 1
3636 3954 1
3636 4373 1
3636 211 1
3636 4090 1
3636 1583 1
3636 1399 1
3636 5108 1
3636 3757 1
3636 4245 1
3636 2924 1
3636 4723 1
2354 1955 1
2354 1451 1
2354 1271 1
2354 3911 1
2354 2793 1
2354 3440 1
2354 572 1
2354 2910 1
1204 4899 1
1204 4607 1
1204 3130 1
1204 2723 1
1204 880 1
1204 4949 1
1204 2092 1
1204 2632 1
1204 3720 1
4622 4948 1
4622 4705 1
4622 4670 1
3387 1350 1
3387 2992 1
3387 3876 1
1004 3938 1
3701 56 1
3701 3552 1
3701 4451 1
3701 35 1
3701 5022 1
3701 284 1
3479 1480 1
3479 169 1
2939 4613 1
2939 1375 1
3388 2641 1
3388 4870 1
3388 3520 1
3388 4231 1
3955 2732 1
3955 2333 1
4248 4543 1
4248 3499 1
4248 4348 1
4248 4069 1
4248 2931 1
4248 5049 1
4248 965 1
4248 3714 1
4248 1206 1
4248 1293 1
4248 4794 1
4248 5018 1
3248 4896 1
2914 319 1
2522 2142 1
2522 4351 1
349 806 1
4655 4462 1
4655 2120 1
4655 3482 1
4655 4147 1
4655 1656 1
1706 3028 1
1706 3699 1
4843 633 1
4843 4477 1
4843 208 1
4843 1488 1
4843 2234 1
4843 1829 1
4843 1193 1
4843 3427 1
4843 447 1
2330 2172 1
2330 3919 1
2963 3001 1
4434 722 1
4434 349 1
4434 4545 1
1507 3653 1
1507 1320 1
1507 1896 1
1507 2185 1
1507 856 1
1507 2685 1
3147 4911 1
1899 4288 1
1899 708 1
1524 4458 1
5198 1985 1
736 1963 1
736 3313 1
736 4008 1
736 114 1
736 2835 1
736 562 1
2229 3736 1
2229 1344 1
2229 4181 1
613 1415 1
2878 1363 1
2878 660 1
2878 638 1
988 3390 1
988 4235 1
988 1079 1
988 4237 1
988 5056 1
988 1218 1
988 2043 1
988 85 1
988 4632 1
988 5074 1
988 2020 1
988 583 1
988 123 1
855 3828 1
855 4889 1
3524 61 1
3524 1719 1
3524 2054 1
3524 2089 1
3524 1007 1
3524 1281 1
3524 1512 1
2641 1534 1
4542 3672 1
4542 3669 1
4542 1805 1
4542 1102 1
4542 5014 1
2499 5196 1
2499 2661 1
4818 1887 1
4818 2225 1
4818 3002 1
4818 3748 1
1599 3916 1
1599 4865 1
1599 4513 1
1599 1941 1
1599 947 1
1599 2898 1
796 565 1
796 390 1
796 3480 1
796 5017 1
2115 1620 1
2115 83 1
2115 4894 1
2295 1445 1
2295 1724 1
2858 4789 1
2858 1970 1
2858 450 1
2858 1405 1
2858 624 1
2858 3508 1
2858 1992 1
5125 308 1
5125 942 1
5125 3405 1
4895 1604 1
4895 2984 1
4895 731 1
509 1032 1
509 1212 1
3308 3043 1
3308 2220 1
3308 376 1
3308 2836 1
3550 2324 1
1134 2870 1
1134 7 1
1134 1129 1
1134 1349 1
1134 2819 1
1134 3670 1
1134 4323 1
1134 2743 1
1134 1185 1
1134 1143 1
1067 3678 1
1067 2368 1
1067 2957 1
1067 3472 1
1067 742 1
1067 4514 1
2543 943 1
2543 2955 1
2543 380 1
2543 1118 1
2388 3692 1
1114 3553 1
1114 4105 1
1114 2259 1
1114 2823 1
1114 5128 1
3111 1571 1
4263 4166 1
4263 991 1
4263 1700 1
4263 4534 1
4263 4842 1
3758 3212 1
3077 1734 1
2400 765 1
327 2144 1
327 1898 1
327 2272 1
327 1710 1
2573 1248 1
4749 5245 1
1804 4456 1
1804 4648 1
1804 271 1
1804 88 1
1804 3017 1
1804 4275 1
1804 278 1
1804 3383 1
1804 3287 1
1804 407 1
1927 2253 1
3215 1406 1
3215 564 1
3215 766 1
3215 548 1
3215 3455 1
4883 1869 1
4883 3656 1
4883 1433 1
4883 1274 1
4883 1658 1
3703 3381 1
2082 5236 1
2082 726 1
4462 1276 1
5281 4039 1
5281 4872 1
5281 2004 1
5281 1974 1
5281 2511 1
4221 3521 1
1678 3852 1
1678 820 1
1678 4563 1
1678 298 1
1678 3695 1
3216 2076 1
3216 3218 1
3216 2158 1
2086 1625 1
2086 2194 1
2086 2945 1
2086 2073 1
340 3483 1
340 4644 1
340 2881 1
340 4329 1
340 1301 1
340 1749 1
4084 3581 1
4084 1418 1
4084 4623 1
4426 2481 1
4426 5171 1
4426 1810 1
4904 2750 1
4904 3743 1
4904 3162 1
4904 2275 1
4904 1740 1
4904 1090 1
4904 3866 1
4904 4037 1
4904 631 1
4904 597 1
4904 739 1
1925 2414 1
2684 5006 1
2684 4925 1
2684 3796 1
2684 3545 1
2684 1540 1
4528 4176 1
4528 4360 1
4528 4816 1
3546 2488 1
3546 1637 1
429 350 1
2258 4086 1
2258 4479 1
2258 814 1
2258 24 1
333 1932 1
1419 5027 1
439 4319 1
2642 2790 1
2861 1098 1
3924 3157 1
3924 3504 1
1981 4594 1
1613 3176 1
1613 1467 1
1613 1948 1
1613 1268 1
3552 1196 1
790 2614 1
790 3275 1
790 2921 1
790 1680 1
790 3638 1
790 4416 1
790 622 1
566 4657 1
566 3188 1
3120 1025 1
423 1396 1
423 1254 1
423 1726 1
423 2938 1
625 159 1
625 3945 1
3046 2866 1
3046 5219 1
3046 4637 1
4565 3870 1
5112 2412 1
5112 5020 1
2871 1236 1
2871 4664 1
2871 3901 1
2121 4142 1
5144 3424 1
5144 1714 1
2182 442 1
699 866 1
699 3093 1
525 4996 1
525 853 1
525 4425 1
267 560 1
4274 891 1
4421 3010 1
4421 4343 1
4421 1202 1
4421 1882 1
3164 2235 1
130 776 1
130 143 1
130 599 1
130 4809 1
5009 2628 1
5009 3528 1
5009 2459 1
5009 4605 1
5009 3280 1
2045 5061 1
2045 3289 1
2045 326 1
2045 758 1
2045 4556 1
2045 2659 1
3518 2930 1
2719 3279 1
2719 3228 1
2719 174 1
2074 1933 1
3734 1167 1
3734 3398 1
3734 5070 1
3734 2278 1
3734 4519 1
4420 3940 1
4420 4330 1
4420 1220 1
4420 4804 1
4420 670 1
4420 2160 1
4420 2480 1
4638 3458 1
4638 1699 1
4638 3999 1
4638 3382 1
4638 3983 1
4489 2734 1
4802 3459 1
2058 4022 1
3221 2161 1
3221 3226 1
3221 197 1
3221 4862 1
3221 4172 1
1741 3114 1
1741 2883 1
1741 1846 1
1741 1091 1
1741 299 1
1741 2822 1
1741 672 1
1741 3934 1
1741 1560 1
4771 2025 1
4771 4830 1
1582 3589 1
5232 3328 1
5232 3231 1
5232 1489 1
5232 1848 1
5232 1376 1
5232 1945 1
5232 1890 1
5232 541 1
5232 5238 1
3006 2514 1
3006 3498 1
3006 4361 1
3006 3725 1
3006 3139 1
3006 3377 1
2839 3057 1
2839 2733 1
2839 2867 1
2839 74 1
2839 392 1
2839 313 1
2839 4481 1
2839 2039 1
2839 4322 1
2839 601 1
2839 2126 1
2839 3629 1
2423 3333 1
2423 3056 1
2970 4239 1
1543 2574 1
1543 1554 1
1543 2680 1
3700 2597 1
4570 153 1
4570 5174 1
1862 5194 1
1862 1008 1
1862 4978 1
3344 3615 1
2919 2323 1
2919 526 1
2491 4004 1
2491 1484 1
2494 3786 1
2494 1543 1
2494 410 1
2494 4571 1
2494 1174 1
2494 4031 1
2494 1471 1
2925 3862 1
2925 2809 1
2925 1993 1
864 4250 1
864 185 1
864 362 1
1380 4635 1
1380 3944 1
4668 157 1
4668 4954 1
4668 3687 1
4668 3667 1
4668 4880 1
4668 4490 1
4668 2202 1
4668 2196 1
4668 4861 1
4668 2830 1
4668 3131 1
4668 227 1
2966 2542 1
2966 1302 1
2794 2779 1
2794 4430 1
2794 3688 1
2794 4675 1
2794 1508 1
2794 5233 1
4428 2953 1
2301 1673 1
2228 3548 1
2228 4081 1
2228 2277 1
2111 2453 1
2111 193 1
5151 721 1
5151 1035 1
5151 8 1
5151 4057 1
5151 2119 1
5151 1019 1
1915 1905 1
4844 1255 1
5021 4712 1
5021 3933 1
520 4711 1
4247 3061 1
4247 2990 1
4247 4097 1
4247 497 1
753 647 1
753 1576 1
753 277 1
753 3072 1
753 4646 1
199 1315 1
199 1646 1
199 2311 1
199 2960 1
4377 905 1
3678 322 1
3678 4411 1
2552 3797 1
4373 2868 1
4373 3988 1
4884 4754 1
4776 3779 1
4776 4054 1
4776 3464 1
4776 3522 1
5269 4676 1
339 2141 1
4027 4003 1
119 4654 1
119 5033 1
3158 3737 1
3158 1253 1
4191 5103 1
2321 1205 1
5263 3426 1
20 4182 1
20 4612 1
20 4761 1
3765 251 1
3765 1256 1
4174 1227 1
4174 4929 1
4327 832 1
3818 1716 1
3818 2013 1
3818 1284 1
3818 12 1
2309 2653 1
2309 2180 1
2309 2191 1
2309 1242 1
3001 743 1
3001 944 1
3001 581 1
2335 4904 1
2335 4539 1
2335 3946 1
2335 1080 1
2335 1108 1
2335 3869 1
2335 3764 1
2335 2908 1
1431 1893 1
1431 279 1
1431 1434 1
1431 4473 1
1431 2815 1
1431 4412 1
1431 5149 1
1431 1457 1
1431 4480 1
1431 1006 1
1431 2293 1
1431 3759 1
1431 1464 1
1431 2675 1
1431 931 1
2551 1178 1
2551 785 1
2551 823 1
1864 1161 1
1864 736 1
1864 269 1
1864 1152 1
1864 3257 1
1864 1527 1
1864 2493 1
1864 274 1
1864 993 1
1864 37 1
1864 4584 1
1864 2577 1
1864 2909 1
1864 1906 1
1864 5260 1
1864 4366 1
1864 262 1
1864 337 1
1864 1968 1
1864 4387 1
1864 762 1
1864 377 1
1864 1001 1
1725 1442 1
1725 75 1
1725 3518 1
1725 3839 1
1725 5007 1
1725 3484 1
1725 2898 1
1725 5207 1
4610 3754 1
4610 1420 1
4610 3491 1
4610 3925 1
4610 2804 1
4610 3036 1
4610 3282 1
4610 1544 1
4610 2157 1
4610 2828 1
4610 2102 1
4610 4704 1
4508 2268 1
4508 2184 1
1969 4713 1
1969 5159 1
1969 1701 1
1969 4012 1
1969 2563 1
1969 2850 1
1969 1154 1
1969 2128 1
1969 1889 1
1969 4333 1
2471 2249 1
1949 3477 1
1949 470 1
1949 741 1
1949 2703 1
1817 4874 1
1817 300 1
1817 3463 1
1817 3892 1
4544 3186 1
4195 2079 1
4195 3500 1
4195 89 1
4195 273 1
723 4082 1
723 481 1
723 1099 1
723 3126 1
723 71 1
723 1901 1
723 1689 1
723 2319 1
723 1879 1
2007 1407 1
3028 2848 1
3028 67 1
3028 2594 1
4298 106 1
4298 833 1
4298 4709 1
4298 2884 1
4298 1177 1
4298 2751 1
4298 4681 1
4298 5111 1
4298 609 1
4298 1561 1
4298 1950 1
4298 4459 1
249 2716 1
249 231 1
249 99 1
249 1120 1
249 915 1
249 2649 1
120 2394 1
4235 4714 1
4235 5270 1
4235 2831 1
4235 1619 1
4235 4645 1
4235 124 1
3037 1675 1
3037 1565 1
3037 2985 1
3037 533 1
3126 3658 1
3126 3843 1
882 3469 1
882 1960 1
882 797 1
1492 1155 1
1492 4306 1
2627 3928 1
2627 1323 1
2627 2620 1
2627 4029 1
3021 4951 1
3021 510 1
3021 1453 1
3021 1626 1
3021 4831 1
4836 2064 1
4836 1012 1
4281 2610 1
4281 2817 1
4281 924 1
1079 356 1
1079 134 1
1079 2206 1
1079 920 1
1079 2744 1
1079 3369 1
1079 3689 1
1079 1294 1
4870 2355 1
4870 2861 1
4870 4827 1
2647 250 1
3663 1530 1
3663 1085 1
3663 3762 1
3663 2046 1
3663 2269 1
3663 2999 1
3663 4961 1
3663 626 1
1860 3279 1
1860 2500 1
1860 4819 1
1860 4154 1
2893 620 1
2893 615 1
2893 2728 1
2893 4527 1
5145 1975 1
1991 4803 1
1259 1771 1
1298 2806 1
1298 3368 1
1298 3507 1
1298 5138 1
1298 2136 1
3616 2129 1
3616 4992 1
3616 5078 1
3616 2028 1
3616 2236 1
3616 568 1
3616 4791 1
3616 1884 1
3616 4110 1
3616 4219 1
3616 2622 1
3616 1194 1
2198 777 1
2347 3539 1
2368 1391 1
2368 4628 1
2368 2001 1
4016 908 1
4016 1727 1
4016 1119 1
4016 1432 1
987 2913 1
190 3262 1
190 1536 1
190 5221 1
190 628 1
190 3324 1
190 263 1
190 3305 1
190 4806 1
190 1564 1
190 3521 1
190 1426 1
190 3967 1
190 4799 1
2567 3690 1
2567 1804 1
2567 1605 1
2567 2049 1
2567 4752 1
2567 1369 1
826 1455 1
826 1782 1
826 855 1
826 4579 1
826 1853 1
826 1446 1
826 1606 1
826 144 1
826 1093 1
826 5072 1
826 4727 1
826 804 1
826 4785 1
826 1986 1
826 938 1
826 432 1
826 1443 1
826 448 1
826 1334 1
826 3733 1
826 4590 1
826 4649 1
826 2166 1
826 4401 1
826 4673 1
826 3798 1
826 697 1
826 3735 1
826 3799 1
826 1778 1
826 5028 1
826 121 1
1243 2813 1
1243 2055 1
1243 4834 1
1243 1327 1
4851 331 1
4851 4005 1
4851 1466 1
4851 3298 1
4851 4550 1
4851 3341 1
2150 3217 1
2150 3229 1
2150 807 1
2150 92 1
2150 3845 1
2150 189 1
2150 4602 1
2150 1735 1
2727 4956 1
2727 4905 1
3989 1980 1
3763 66 1
3763 759 1
3763 4440 1
3763 1878 1
1224 5036 1
1224 1786 1
1224 2435 1
1224 63 1
2062 3359 1
2062 333 1
2062 4775 1
2062 2350 1
684 4397 1
684 394 1
684 3569 1
4748 5148 1
421 2606 1
5256 2720 1
5256 4897 1
5256 1169 1
5256 3376 1
138 32 1
845 3721 1
845 2374 1
845 228 1
724 3068 1
724 935 1
724 1680 1
2530 4113 1
2530 4077 1
2530 4823 1
2530 3154 1
2530 3174 1
2530 4567 1
2530 4296 1
2530 2468 1
2530 2066 1
310 4013 1
310 2391 1
310 3921 1
310 4338 1
4858 2379 1
4858 1715 1
444 2056 1
444 2327 1
444 4372 1
704 1830 1
704 2035 1
271 4275 1
3063 773 1
3063 2820 1
3063 3523 1
3063 5012 1
3063 1958 1
3063 4316 1
3063 1987 1
3063 2167 1
3063 3362 1
3063 1744 1
3063 1611 1
2268 4391 1
2268 3572 1
4885 213 1
4885 1912 1
4885 4686 1
4885 2148 1
4885 4309 1
4885 3936 1
1182 4302 1
2117 1681 1
320 4144 1
320 3163 1
320 1732 1
320 4710 1
320 2604 1
999 4848 1
999 2050 1
999 4119 1
999 2057 1
999 2276 1
999 4642 1
999 1917 1
999 5156 1
999 3224 1
999 1542 1
999 5077 1
1575 1039 1
4759 1062 1
200 2230 1
200 824 1
200 4606 1
200 930 1
2288 154 1
744 4223 1
744 896 1
744 361 1
1232 4650 1
1232 2872 1
1232 2565 1
1232 1014 1
1232 3173 1
1232 3266 1
1325 1642 1
3078 2341 1
2430 4337 1
2430 5274 1
2430 1479 1
2986 3774 1
2986 4167 1
2986 1361 1
2986 355 1
2986 4985 1
2986 1285 1
1628 1370 1
1628 2262 1
1628 2047 1
2266 1154 1
4770 569 1
4770 4689 1
4770 2193 1
2813 2197 1
2813 4915 1
33 3897 1
33 2263 1
3931 3640 1
3931 146 1
3931 5177 1
3931 3386 1
3931 507 1
1727 4422 1
2729 2074 1
2729 857 1
3895 2334 1
3895 4428 1
3007 911 1
3007 893 1
3007 3457 1
1180 4970 1
4237 4271 1
4237 1682 1
4237 3951 1
4237 4876 1
4237 5217 1
3391 1478 1
3391 4574 1
3391 2060 1
2807 800 1
2807 5109 1
2807 1849 1
632 2846 1
632 3134 1
632 4324 1
632 5203 1
632 96 1
632 2375 1
632 301 1
3704 4737 1
3704 1531 1
3704 4058 1
3704 4903 1
2276 2770 1
1914 1379 1
1914 4603 1
1914 2333 1
1914 3668 1
3867 4007 1
3867 264 1
2095 423 1
2095 5064 1
2095 1160 1
2095 2508 1
2095 2204 1
4199 4377 1
4199 1725 1
4199 1146 1
4199 2344 1
4199 4406 1
4199 3501 1
4199 627 1
4199 3141 1
4199 579 1
4199 1001 1
4199 4227 1
1822 2690 1
1822 3077 1
1822 5118 1
1822 3123 1
3422 4407 1
3422 3684 1
1648 4320 1
1648 4053 1
1648 1026 1
1648 158 1
3395 3053 1
3395 4321 1
3395 4260 1
3395 4786 1
2619 5086 1
2619 3296 1
3246 1313 1
786 1666 1
786 2376 1
786 1004 1
786 2624 1
786 1802 1
786 1800 1
786 1181 1
786 5265 1
786 1567 1
786 4651 1
786 4339 1
786 2583 1
786 1135 1
786 2758 1
786 5181 1
786 757 1
848 1184 1
848 3835 1
2466 334 1
2466 3430 1
1743 3908 1
1063 3700 1
1063 1239 1
3937 4137 1
1146 1823 1
1146 695 1
1146 1999 1
1146 4280 1
1146 3336 1
1146 3447 1
1146 3813 1
3570 3288 1
3570 4364 1
3570 3100 1
3122 1215 1
3122 3392 1
3122 723 1
3122 249 1
3122 4122 1
3122 3532 1
2087 2584 1
2087 341 1
2087 3579 1
1907 5165 1
1907 2467 1
1907 4482 1
4036 4342 1
4036 3432 1
4036 527 1
4036 1458 1
4036 2088 1
4036 1892 1
2098 3306 1
2098 2395 1
2629 1752 1
2629 2678 1
2629 2372 1
2629 4038 1
2629 3617 1
2181 186 1
2181 1672 1
2181 475 1
2181 2776 1
2181 1338 1
2181 1705 1
2061 4009 1
1381 3858 1
1381 1988 1
1252 2289 1
4023 5116 1
4023 2123 1
4023 5029 1
4023 161 1
4023 2742 1
4023 3606 1
4940 3233 1
3563 4549 1
3563 2513 1
367 4787 1
367 3880 1
311 2702 1
311 4117 1
311 2007 1
311 3785 1
311 122 1
4379 4687 1
810 3793 1
42 838 1
42 2251 1
4591 4423 1
4591 2917 1
4591 1153 1
4591 4729 1
4591 1857 1
3238 4145 1
3238 4908 1
3238 111 1
5197 2416 1
5197 590 1
3378 1082 1
2156 1745 1
2156 3642 1
2156 5112 1
2156 304 1
2156 4344 1
2156 2183 1
2156 2764 1
2156 1690 1
2156 2920 1
4364 1197 1
4364 2865 1
4364 4824 1
3875 4146 1
3352 2718 1
3352 894 1
3352 4483 1
3352 2233 1
3352 239 1
3352 2096 1
3352 4196 1
1400 3544 1
1367 3462 1
1367 1134 1
1367 1298 1
1367 4169 1
1367 1537 1
1367 3210 1
1367 3094 1
1367 4463 1
1367 3912 1
1367 1100 1
1367 760 1
1367 946 1
1367 1880 1
1367 3121 1
2490 2485 1
2892 1352 1
2892 1084 1
2892 375 1
3226 3841 1
3226 4995 1
4699 4757 1
5012 5011 1
5012 4593 1
3918 2967 1
3918 1925 1
3918 771 1
3918 728 1
3918 4706 1
3918 3142 1
3918 1183 1
2993 4768 1
2993 3465 1
2993 2643 1
2993 2572 1
2993 2556 1
2993 3413 1
2993 4786 1
252 1909 1
252 3137 1
252 4608 1
252 4388 1
3269 1965 1
3269 1865 1
3269 1257 1
3269 1496 1
76 259 1
76 4072 1
76 3241 1
3716 5267 1
1568 4955 1
1568 1828 1
1568 2442 1
1568 2176 1
1101 1631 1
1101 1685 1
1101 1330 1
266 1868 1
4630 4215 1
3184 1278 1
3184 531 1
3184 1891 1
3184 4484 1
1092 3219 1
1092 4424 1
1092 2260 1
1092 386 1
1845 1994 1
1845 1851 1
3655 4089 1
2747 2462 1
408 5087 1
408 822 1
4540 1612 1
4540 2648 1
4540 3184 1
4540 3982 1
4540 2725 1
4540 1497 1
4540 4958 1
4540 2411 1
4540 3256 1
953 296 1
640 2940 1
640 312 1
640 3856 1
640 2765 1
2891 5198 1
2891 1468 1
2891 522 1
2891 4839 1
2891 1803 1
2891 4376 1
2891 4211 1
2891 748 1
2891 3597 1
2891 452 1
4740 1401 1
4740 4190 1
3827 2544 1
3803 2063 1
3803 4826 1
3803 5262 1
3803 3998 1
1647 4551 1
1647 692 1
3145 2313 1
3145 4019 1
3145 2837 1
3145 4811 1
3145 904 1
3145 2147 1
3145 427 1
3145 5055 1
3145 725 1
3145 3485 1
3145 3975 1
4090 3303 1
4090 908 1
4090 4301 1
4090 2523 1
4090 3864 1
4090 1354 1
4090 4847 1
4090 4977 1
1009 3547 1
2873 3252 1
2077 3343 1
2077 3514 1
2077 4464 1
5102 4952 1
2952 2036 1
3996 2314 1
1376 3961 1
1376 3261 1
1376 382 1
3055 2124 1
3055 4933 1
2888 5209 1
2888 2613 1
2888 1482 1
4724 3460 1
4724 2010 1
3389 3560 1
3389 2438 1
3389 1286 1
3389 3576 1
3389 4405 1
2985 5043 1
2985 2735 1
2985 4465 1
2985 661 1
2985 196 1
2985 4980 1
2985 5210 1
2985 4496 1
2985 4112 1
2985 4983 1
2985 4180 1
2985 1806 1
2985 3920 1
2985 4812 1
2985 3329 1
2934 5178 1
2934 2137 1
2934 4922 1
2934 1234 1
2662 3020 1
2662 4840 1
4741 393 1
3089 4210 1
3089 3387 1
3089 3989 1
3089 1807 1
3089 4083 1
3089 2273 1
3089 1297 1
4835 248 1
4835 3363 1
2916 1326 1
3992 3885 1
3992 2671 1
3992 1843 1
3992 4555 1
3992 1856 1
3992 2630 1
94 1046 1
94 897 1
2854 3788 1
2391 685 1
2391 1505 1
2391 3182 1
4131 657 1
4578 2759 1
4578 2595 1
4026 643 1
4026 3239 1
4026 180 1
2344 2397 1
3270 1261 1
3270 561 1
3270 1942 1
4652 2451 1
4652 297 1
4652 706 1
4652 4095 1
5010 4860 1
5010 3929 1
3386 2065 1
1935 15 1
1935 3334 1
1935 4183 1
1935 2679 1
888 1342 1
1976 4395 1
3088 4264 1
181 2611 1
181 908 1
181 1328 1
181 3902 1
181 1329 1
3401 1162 1
3860 3312 1
3860 3155 1
3860 5117 1
3860 2880 1
4592 1307 1
5255 2479 1
5255 1913 1
5255 1801 1
5255 3650 1
5255 2539 1
3094 5168 1
3094 1393 1
3094 2422 1
3094 794 1
3094 1199 1
3094 240 1
3094 1041 1
3094 4415 1
4730 2672 1
4730 4631 1
4730 1498 1
4730 5175 1
4103 1428 1
4103 2998 1
4103 780 1
4356 3691 1
4356 658 1
4356 3985 1
4356 3728 1
4356 4715 1
4356 662 1
4356 4841 1
4356 351 1
4356 4255 1
4356 4410 1
4356 2360 1
2987 3393 1
2987 3292 1
2987 4900 1
2987 4419 1
5092 925 1
5092 3806 1
5092 4947 1
5092 2596 1
5092 2564 1
5092 1496 1
5092 3166 1
5092 4365 1
1260 2603 1
1260 4653 1
1260 4755 1
1260 3049 1
1260 2726 1
1260 4118 1
3394 955 1
3394 2484 1
788 4662 1
788 3673 1
1247 1423 1
1247 905 1
1247 2285 1
371 4014 1
371 774 1
371 654 1
371 3535 1
371 4690 1
371 1452 1
371 4652 1
371 5040 1
371 1553 1
179 3703 1
179 1668 1
547 270 1
1922 1189 1
1922 3826 1
2902 403 1
2902 2516 1
2902 2730 1
2902 3101 1
1977 43 1
1977 2839 1
1977 2154 1
1977 1780 1
1977 2623 1
1977 1272 1
1977 25 1
1977 437 1
1977 1188 1
1977 4987 1
1977 3610 1
1977 1283 1
2264 130 1
2264 4017 1
2264 4825 1
2264 2979 1
2264 3025 1
2264 5066 1
2264 2097 1
2264 1578 1
821 373 1
821 2018 1
821 3556 1
821 4289 1
821 4716 1
821 3307 1
821 1355 1
821 2362 1
709 5069 1
3766 3907 1
3766 4139 1
3766 2911 1
4814 2473 1
4814 20 1
4814 2200 1
4814 652 1
4814 4059 1
3 3005 1
4135 1368 1
4135 4379 1
1518 4006 1
1518 4731 1
1518 2207 1
1518 1226 1
1518 1820 1
1518 1867 1
1518 696 1
2493 4529 1
2493 3723 1
2493 2282 1
2493 3314 1
1629 1337 1
1629 127 1
1629 4781 1
1218 5208 1
1218 3707 1
1218 2553 1
1218 3128 1
1218 3456 1
1218 1863 1
3444 4205 1
2024 3575 1
2093 3529 1
2093 2745 1
291 1176 1
291 3887 1
291 528 1
291 3738 1
291 749 1
291 2791 1
291 666 1
291 534 1
291 3717 1
5057 4292 1
3423 4633 1
5239 837 1
5239 2515 1
4539 5071 1
4539 3701 1
4539 3892 1
4539 4773 1
4539 4328 1
2206 4268 1
2206 4170 1
2206 1186 1
2206 2627 1
2206 4175 1
2206 4863 1
2206 2356 1
2206 2799 1
2206 4 1
2206 4728 1
2206 411 1
2206 1603 1
2206 3315 1
2206 986 1
4756 4941 1
4756 1069 1
5267 4771 1
5267 2021 1
5267 616 1
1888 155 1
1888 1138 1
969 2427 1
969 1201 1
969 4283 1
969 737 1
969 844 1
969 2972 1
489 898 1
489 5173 1
489 2138 1
489 2117 1
489 3705 1
492 2099 1
3115 4680 1
3115 1409 1
3115 1211 1
3115 3161 1
3115 4639 1
3115 1824 1
3118 5041 1
3118 4629 1
557 495 1
4901 4912 1
4901 1584 1
4901 1949 1
4901 1609 1
4901 4178 1
4901 4805 1
4901 3519 1
4901 3466 1
4901 851 1
4901 4040 1
1131 3649 1
1131 464 1
1131 2736 1
1310 3755 1
1310 17 1
1310 2681 1
1310 5227 1
1310 102 1
314 1163 1
314 2656 1
314 1156 1
314 335 1
314 3794 1
314 5129 1
314 4222 1
314 110 1
445 4204 1
3430 952 1
3430 1664 1
3430 4792 1
3430 1309 1
3968 790 1
4041 1319 1
354 1211 1
354 827 1
3946 1290 1
3946 3933 1
3946 81 1
3946 5021 1
3946 199 1
3946 2550 1
3946 2103 1
3946 3729 1
3946 1200 1
3946 518 1
3946 5195 1
3946 815 1
3946 4888 1
3946 3476 1
3946 767 1
3946 1808 1
1262 64 1
1262 3625 1
4361 529 1
4361 3105 1
4032 4499 1
4032 1469 1
4032 2208 1
4032 530 1
4032 787 1
2342 4085 1
2342 1463 1
3463 1500 1
4467 2214 1
4467 4688 1
4467 972 1
474 1511 1
474 3389 1
474 4943 1
474 4672 1
474 4512 1
4500 2943 1
4500 808 1
4500 285 1
2895 2336 1
2895 1676 1
2895 4986 1
2895 2975 1
2895 617 1
2895 417 1
2895 858 1
2760 846 1
2760 2151 1
1080 3550 1
1080 3046 1
1080 4627 1
1080 2928 1
1080 287 1
1080 5231 1
2608 4346 1
2608 782 1
913 4171 1
913 2325 1
2532 1056 1
2532 4587 1
2532 4964 1
4076 4334 1
2584 4408 1
2584 275 1
5259 1064 1
5259 2302 1
2731 2838 1
1324 710 1
598 1957 1
598 4335 1
598 859 1
598 2112 1
2578 19 1
2578 5264 1
2578 1346 1
2578 3881 1
2578 168 1
2578 3727 1
1751 4284 1
1751 364 1
4469 4155 1
4469 2348 1
4469 2894 1
4922 3744 1
4922 3995 1
4922 5034 1
2380 2633 1
2380 4515 1
2785 1158 1
2785 4420 1
2785 4188 1
2785 3143 1
2785 3402 1
295 1353 1
295 1831 1
3223 2153 1
318 1015 1
318 2067 1
870 3156 1
1399 2897 1
1399 2460 1
4497 1287 1
4497 1288 1
4497 3620 1
4497 4800 1
4497 2457 1
4497 979 1
2200 3084 1
2200 879 1
2200 415 1
2200 4138 1
3584 1042 1
3584 336 1
3584 3618 1
3584 2461 1
3584 87 1
3584 729 1
829 4869 1
829 778 1
829 3076 1
829 3023 1
829 2446 1
1809 3861 1
3780 5000 1
1460 2923 1
1460 761 1
1460 2722 1
422 2271 1
422 2 1
422 2498 1
422 2777 1
422 1333 1
4927 1000 1
4927 5281 1
4927 3420 1
4927 2854 1
4927 1191 1
3947 3515 1
3947 1723 1
3947 634 1
3947 3598 1
3947 4024 1
3947 3593 1
3947 1842 1
3947 3800 1
3947 732 1
3947 2433 1
3976 3543 1
3976 1244 1
3976 48 1
3976 1858 1
685 1766 1
685 1539 1
559 4488 1
4216 3481 1
4216 976 1
4216 1683 1
1748 1633 1
1748 753 1
1748 3247 1
1748 1440 1
1748 2625 1
1748 956 1
1748 1436 1
1748 2343 1
1748 3032 1
1748 53 1
3538 3590 1
3538 5161 1
3538 1754 1
3538 1910 1
3538 4916 1
3538 3048 1
3538 206 1
3538 1936 1
4382 906 1
4382 714 1
4382 294 1
587 3622 1
587 2288 1
587 2315 1
587 2495 1
587 2069 1
587 3675 1
587 899 1
587 2808 1
587 2211 1
587 2946 1
2575 5042 1
2575 5163 1
2575 449 1
2575 3335 1
2575 1339 1
2575 4106 1
2575 1697 1
3651 1503 1
3585 3494 1
3585 4821 1
3520 4596 1
4946 3712 1
4946 805 1
4946 5182 1
4946 558 1
4946 4478 1
4946 4881 1
4946 2308 1
4946 3453 1
4946 3564 1
1132 4967 1
1605 2737 1
2725 4253 1
1826 1002 1
3177 2965 1
3177 3704 1
3177 3041 1
3177 3600 1
5026 3159 1
5026 3807 1
5026 4957 1
5026 1311 1
5026 1454 1
5026 3664 1
5026 1362 1
5026 3731 1
5026 4290 1
1144 2886 1
1144 4719 1
1144 232 1
758 3980 1
1789 1841 1
1789 2882 1
1789 1883 1
1789 395 1
1585 2555 1
1585 4212 1
4010 2139 1
4010 3151 1
4010 4855 1
4010 5252 1
4010 72 1
4010 2537 1
4010 3331 1
4010 994 1
4010 4435 1
4010 3319 1
1237 3273 1
1013 266 1
13 3346 1
321 1684 1
4217 467 1
3805 3683 1
4300 1577 1
4300 681 1
2562 3509 1
1772 3790 1
1466 4772 1
1466 2570 1
2976 1709 1
2976 3495 1
2976 3085 1
2976 671 1
2976 646 1
2976 2476 1
2976 2615 1
2976 751 1
2605 5160 1
3848 2602 1
5253 4906 1
5253 214 1
5253 2980 1
5253 2322 1
2673 2748 1
2673 2155 1
2673 4267 1
1898 3074 1
2223 3972 1
2223 2522 1
2223 691 1
2223 3853 1
2223 629 1
2223 5119 1
2223 2772 1
2223 1228 1
3986 2968 1
4283 5052 1
4283 4857 1
4283 2775 1
3906 1071 1
4067 3709 1
4067 1978 1
4067 2936 1
4104 4678 1
4104 2616 1
2133 889 1
802 1431 1
802 1580 1
802 311 1
802 1789 1
4785 5199 1
4785 4501 1
4785 1470 1
4785 268 1
2132 2509 1
2599 667 1
1643 2587 1
1643 698 1
1643 4702 1
1643 118 1
1643 2070 1
5050 4655 1
5050 5073 1
5050 2669 1
5050 2780 1
5050 5215 1
5050 1029 1
5050 4620 1
5050 4437 1
3941 445 1
3941 295 1
3941 1928 1
3941 3474 1
3941 1811 1
1946 1282 1
3431 3896 1
3431 4924 1
3431 1558 1
3431 928 1
3948 1956 1
3948 230 1
3948 2899 1
3948 3570 1
3948 4364 1
3948 1340 1
2254 2879 1
2254 914 1
627 4047 1
627 1989 1
1124 1371 1
1085 3904 1
1085 3018 1
1085 1581 1
1085 3299 1
1085 1279 1
3277 1095 1
3277 3486 1
4580 3004 1
3414 5001 1
1934 2029 1
1934 4305 1
1934 1695 1
1934 2781 1
1934 2505 1
3892 2852 1
3892 4259 1
5228 2697 1
5228 4299 1
5228 3489 1
5228 457 1
3429 4934 1
3429 5015 1
513 3240 1
513 1899 1
513 3308 1
513 2140 1
513 3886 1
513 13 1
513 3706 1
513 2216 1
4585 2548 1
4585 187 1
4585 5095 1
4585 4076 1
4585 5136 1
4585 2116 1
4585 3635 1
4585 3505 1
4585 2626 1
5195 3204 1
5195 2721 1
5195 4150 1
5195 1447 1
1598 2015 1
1598 1107 1
1598 669 1
1598 1057 1
1598 1686 1
1598 3834 1
1474 406 1
1474 3344 1
1474 323 1
1474 4156 1
1474 3715 1
1474 2145 1
1474 498 1
1474 2995 1
1474 2307 1
16 3913 1
16 3559 1
16 2527 1
3208 2812 1
3208 1713 1
3208 1133 1
168 1077 1
485 451 1
485 4453 1
971 1461 1
812 1356 1
812 4398 1
3745 3012 1
3745 3582 1
3745 3480 1
3745 1300 1
3745 1321 1
2676 346 1
2676 4666 1
2676 848 1
2676 459 1
2676 3561 1
2676 2708 1
2676 3846 1
2676 555 1
1911 2612 1
4299 2247 1
4665 4973 1
4665 3619 1
4665 3249 1
4665 4241 1
3403 917 1
3403 3601 1
1072 3554 1
1072 422 1
1072 1528 1
1112 5273 1
1112 5004 1
1112 3943 1
1112 215 1
1112 786 1
1112 3055 1
1112 4503 1
1112 3932 1
2509 2353 1
2509 537 1
2509 1444 1
2509 3776 1
2746 306 1
1677 2978 1
1677 592 1
5167 2617 1
5167 224 1
5167 4001 1
5167 3873 1
5167 4561 1
5167 3657 1
5167 1394 1
5167 3630 1
5167 4015 1
1192 2919 1
1192 4010 1
29 2843 1
4574 4042 1
4574 4055 1
4574 3049 1
3966 2947 1
3966 1798 1
5266 2279 1
3283 90 1
836 3917 1
836 763 1
1659 575 1
1659 2557 1
1659 3138 1
1659 34 1
1659 4179 1
1659 3478 1
3374 4854 1
3374 2417 1
3374 1231 1
3374 3753 1
3374 2778 1
2803 3347 1
2803 4919 1
4982 3899 1
4982 3910 1
3965 5060 1
3965 5200 1
3965 5089 1
3965 1755 1
3965 1074 1
3965 1640 1
3965 4056 1
1821 2205 1
1821 1043 1
2905 707 1
2905 2963 1
2905 4485 1
2905 4257 1
2905 4132 1
2905 2210 1
2905 4261 1
2905 4468 1
3519 3571 1
3519 1473 1
3519 3172 1
3519 1832 1
828 352 1
828 4742 1
1526 992 1
1526 1951 1
1526 2450 1
3987 1290 1
3148 3265 1
3148 1555 1
3148 1967 1
3148 4148 1
3148 1566 1
3148 3978 1
2824 3102 1
2824 3990 1
2824 4793 1
4152 4940 1
4152 1263 1
4152 1193 1
4152 3487 1
4152 1579 1
4475 871 1
974 1679 1
974 418 1
974 1538 1
1916 3358 1
1916 3178 1
5118 3437 1
5118 1235 1
5118 1570 1
5118 4427 1
5118 1569 1
5118 3276 1
5118 781 1
4782 307 1
4782 3722 1
4782 1885 1
4782 176 1
1958 2654 1
1958 2618 1
1958 4938 1
1958 701 1
1958 768 1
1958 1347 1
3435 3062 1
3435 3665 1
3435 519 1
1193 830 1
2290 3840 1
4654 4506 1
4654 4636 1
4654 4724 1
4654 4229 1
4654 433 1
4654 1834 1
4654 4852 1
4764 4367 1
860 192 1
860 2447 1
860 233 1
860 970 1
860 1357 1
860 2436 1
1763 4200 1
1763 816 1
1763 3116 1
1763 865 1
1763 2774 1
1763 2169 1
1763 1240 1
1763 1595 1
1763 31 1
1763 2814 1
1763 1902 1
1763 966 1
1763 5044 1
1763 2083 1
1763 3271 1
1763 201 1
1763 1627 1
1763 1128 1
1763 3488 1
1763 3009 1
1763 1854 1
1763 3475 1
1763 1535 1
1763 4750 1
1763 487 1
1763 4691 1
1763 5268 1
1763 2657 1
1763 328 1
1763 1217 1
1763 3268 1
1763 2483 1
1763 3434 1
3661 207 1
4696 1427 1
1931 1123 1
1931 329 1
1931 2134 1
1931 2644 1
4717 4671 1
4717 2645 1
4717 3905 1
4717 3436 1
4717 2874 1
4717 80 1
4717 989 1
4717 4123 1
4717 1214 1
4717 981 1
4717 4258 1
4717 3915 1
4717 3337 1
3526 4026 1
3526 5142 1
3526 3602 1
3526 4065 1
1552 1582 1
652 3789 1
652 1114 1
652 5190 1
652 2195 1
652 5039 1
652 3810 1
652 1115 1
652 1335 1
652 3095 1
652 2390 1
652 1876 1
652 2071 1
652 468 1
1711 3767 1
1711 54 1
1711 5180 1
1711 506 1
1711 4784 1
1711 1173 1
1711 5080 1
1711 4232 1
3727 4203 1
3727 2437 1
3493 4141 1
3493 396 1
476 2956 1
1790 1636 1
1790 1791 1
4277 1105 1
4943 4526 1
4943 3566 1
1943 4143 1
1943 4818 1
1943 916 1
1943 4557 1
1943 2712 1
1943 27 1
1943 641 1
1943 1920 1
1943 1472 1
1943 2562 1
1943 694 1
1943 4568 1
1943 4581 1
2011 2832 1
391 5183 1
4611 166 1
4611 927 1
4611 2469 1
4611 576 1
4611 3234 1
4611 4795 1
4611 791 1
2862 3024 1
2795 3107 1
3783 4972 1
3783 5094 1
3783 4998 1
3783 4497 1
3783 344 1
3783 3438 1
3783 95 1
3783 2638 1
3783 3189 1
3783 873 1
3783 3110 1
618 1020 1
1520 3222 1
1520 1908 1
5260 3073 1
973 3416 1
973 2305 1
973 4242 1
973 2267 1
973 875 1
973 3190 1
2477 3117 1
2477 683 1
2477 4630 1
1699 3959 1
1699 4614 1
1699 3536 1
1699 4866 1
1699 126 1
1699 1698 1
1890 1596 1
5130 580 1
5130 1150 1
5130 2761 1
2743 107 1
4689 3067 1
4689 4115 1
4285 2554 1
4285 1648 1
4285 316 1
4285 852 1
4285 234 1
4285 4340 1
4285 2699 1
4285 5240 1
3050 1351 1
3050 1915 1
3050 3756 1
3050 2472 1
3050 132 1
3050 3612 1
3050 978 1
4896 1048 1
4896 1343 1
4896 2364 1
3239 1275 1
4957 2700 1
750 4990 1
2147 2974 1
2147 2186 1
4369 4417 1
4369 2958 1
4369 3468 1
4958 4820 1
1030 140 1
2289 1855 1
2289 2232 1
2289 1086 1
2289 2048 1
2289 4566 1
2289 108 1
514 1277 1
514 3844 1
514 4028 1
514 4700 1
514 2423 1
514 1036 1
514 492 1
514 1704 1
514 949 1
514 3318 1
514 1241 1
514 1924 1
514 3467 1
514 1165 1
514 5241 1
514 400 1
514 1312 1
1715 712 1
1715 3829 1
1715 1448 1
1715 1087 1
1108 1524 1
1108 2686 1
1108 3404 1
1081 3069 1
3711 2517 1
3711 182 1
3711 164 1
3711 3167 1
3711 3739 1
2052 4326 1
1757 4679 1
2525 4923 1
2525 5169 1
2525 2229 1
2525 3395 1
2525 4096 1
2525 2916 1
2525 4592 1
2525 4946 1
2525 2876 1
2525 3075 1
2525 4120 1
2525 4988 1
2525 1040 1
5142 4810 1
5142 3175 1
5142 2701 1
5142 4677 1
678 1762 1
678 3651 1
678 2664 1
678 1424 1
678 3051 1
3760 682 1
3760 3008 1
3760 3225 1
3760 3310 1
2782 2885 1
4310 104 1
4310 4121 1
4310 600 1
4310 4380 1
4310 752 1
4310 1016 1
4310 3591 1
4310 1753 1
4663 747 1
2193 184 1
2193 4942 1
2193 4907 1
1357 1720 1
4124 1768 1
4124 4491 1
4124 238 1
3675 3417 1
3675 677 1
3675 3316 1
2280 4383 1
2280 587 1
2280 16 1
2280 3406 1
35 4308 1
2856 5124 1
2856 3607 1
2856 5193 1
2856 1 1
2856 1386 1
2856 3666 1
4773 289 1
4773 3038 1
4773 2766 1
4773 3284 1
4773 3246 1
4773 3096 1
4773 2982 1
4773 5139 1
4773 5122 1
4773 687 1
4773 368 1
4773 1031 1
389 1980 1
389 4779 1
389 551 1
389 2994 1
389 839 1
389 3787 1
389 435 1
4120 4703 1
4120 378 1
4120 4108 1
4120 673 1
4120 1845 1
4120 4500 1
4120 1416 1
4120 3374 1
4120 2948 1
4120 3676 1
4120 591 1
4120 605 1
4120 4694 1
4120 3847 1
2840 3255 1
4001 4000 1
4001 4336 1
4001 5062 1
413 4243 1
413 4736 1
413 602 1
413 3822 1
413 2901 1
2957 438 1
2957 4877 1
2957 862 1
2957 3872 1
245 1628 1
245 2937 1
245 1144 1
5225 1383 1
5225 2002 1
5225 2032 1
5225 1739 1
293 2621 1
501 5 1
501 3111 1
501 5205 1
501 4981 1
501 4832 1
501 2296 1
501 1494 1
705 1961 1
5133 3778 1
5133 4304 1
5133 3021 1
5133 3339 1
5133 1243 1
5133 1593 1
5133 4352 1
5133 458 1
5133 3403 1
5133 2038 1
5133 4782 1
5133 5155 1
5133 325 1
5133 4226 1
5133 2306 1
1306 4890 1
1306 5008 1
1306 1866 1
1306 1168 1
1306 3863 1
1306 2173 1
1306 3090 1
1903 91 1
1903 4199 1
1903 4764 1
1903 4050 1
1903 5030 1
1903 3232 1
1903 990 1
1903 2448 1
1903 4033 1
150 957 1
3234 3741 1
3234 730 1
3234 4640 1
3234 1516 1
3234 490 1
4974 4312 1
4974 5016 1
4974 1049 1
4974 4960 1
4974 1877 1
4316 3272 1
2411 2724 1
2411 4441 1
2411 3568 1
2411 5172 1
2411 1050 1
2411 1783 1
2411 5220 1
2411 3987 1
2411 3956 1
2411 4079 1
4470 3348 1
2405 3969 1
2405 1904 1
2405 3634 1
3487 1449 1
3487 1721 1
3487 3250 1
2651 434 1
2651 218 1
1303 4572 1
1303 340 1
1303 4495 1
1303 1131 1
1303 4475 1
1303 4091 1
1303 2771 1
1303 3697 1
1303 3952 1
1303 4048 1
1303 4218 1
5123 854 1
5123 573 1
2148 2939 1
2148 5110 1
2148 5157 1
2148 3321 1
2148 4975 1
2148 1414 1
2148 1819 1
3994 2347 1
2286 1172 1
149 4126 1
3127 4510 1
3856 3962 1
4431 3108 1
2797 4552 1
2797 1264 1
2797 3097 1
2797 247 1
2797 1364 1
2797 1984 1
2797 1345 1
2797 5097 1
1145 165 1
1145 5096 1
1145 2605 1
1145 2094 1
1145 1621 1
156 1795 1
156 1252 1
156 4476 1
156 3283 1
156 2525 1
156 4486 1
156 1515 1
156 515 1
156 3000 1
3251 4303 1
5162 5216 1
5162 4910 1
5162 1918 1
5162 3768 1
5162 2399 1
884 1022 1
884 51 1
432 1094 1
4021 5258 1
4021 398 1
779 1291 1
779 4739 1
779 3180 1
779 5134 1
779 4733 1
4795 4070 1
803 1654 1
803 1037 1
803 3323 1
803 2398 1
803 5090 1
803 5031 1
3602 983 1
3602 2381 1
3602 4356 1
3602 3808 1
4738 496 1
899 3150 1
899 4101 1
3849 5104 1
3849 4293 1
3849 1395 1
3849 2486 1
3849 635 1
1501 1264 1
1501 491 1
1501 2357 1
1501 3580 1
1501 1592 1
4060 1314 1
4060 674 1
4060 4062 1
4060 4660 1
2439 2105 1
2439 478 1
2439 128 1
2912 4530 1
2912 4732 1
2912 52 1
591 4307 1
591 2145 1
591 2683 1
4278 1894 1
5251 2255 1
5251 3906 1
1696 3770 1
1696 1111 1
1696 2303 1
1696 3490 1
1696 446 1
3949 3820 1
3949 4450 1
3832 4165 1
3832 217 1
1669 900 1
2738 4774 1
2738 1397 1
2738 2237 1
1632 4266 1
1632 488 1
1632 3996 1
1632 883 1
2754 4439 1
2754 100 1
2754 2246 1
3475 2487 1
4151 453 1
4151 3230 1
4151 1425 1
4151 750 1
4151 4310 1
4151 1634 1
4151 552 1
4151 2482 1
115 216 1
115 303 1
115 4294 1
115 4699 1
115 137 1
115 3584 1
115 3445 1
115 4595 1
115 1010 1
115 3660 1
115 3379 1
115 4087 1
115 2104 1
115 1788 1
3869 4618 1
3869 4399 1
3869 596 1
3869 2769 1
3869 1859 1
3869 1182 1
3869 618 1
3869 690 1
3869 3263 1
3869 3879 1
3869 338 1
3869 4492 1
3850 1937 1
1358 460 1
1358 105 1
1358 826 1
1358 1310 1
1358 5099 1
1358 2281 1
1358 2286 1
1358 4532 1
1358 4815 1
1358 4829 1
1358 2506 1
1358 1038 1
605 3152 1
605 2291 1
558 4193 1
558 2696 1
558 425 1
558 1641 1
558 3551 1
558 511 1
558 4553 1
558 3976 1
558 4797 1
558 1787 1
558 1563 1
558 2598 1
558 1385 1
558 535 1
5013 2177 1
5013 2705 1
5013 563 1
5013 3875 1
5013 1586 1
5013 2254 1
5013 1659 1
5013 2941 1
5013 1661 1
5013 1417 1
5013 4127 1
5013 574 1
5013 1736 1
24 1058 1
355 2949 1
355 2579 1
355 656 1
355 1585 1
355 2135 1
355 939 1
355 3342 1
3473 243 1
4286 3132 1
2528 3409 1
2528 2424 1
2528 2564 1
2528 1496 1
2528 556 1
2783 1027 1
2783 3428 1
4845 1635 1
3991 3011 1
3991 183 1
3991 892 1
3991 3950 1
3991 2316 1
1847 3674 1
1847 3144 1
1847 4413 1
1847 2752 1
1847 3 1
1847 3054 1
1847 3795 1
1847 2501 1
1847 4443 1
1847 831 1
2864 984 1
2864 922 1
4328 1923 1
4328 1995 1
4328 2042 1
1657 62 1
1657 3451 1
1657 2682 1
1657 3609 1
1657 2746 1
1657 2983 1
4988 2159 1
4988 1066 1
4988 1922 1
4988 3775 1
4988 932 1
4988 68 1
1424 2739 1
1424 3977 1
2217 4953 1
2217 3533 1
2217 2740 1
2217 495 1
2217 557 1
648 2012 1
1703 2845 1
1703 1862 1
63 663 1
63 1707 1
63 2580 1
912 4558 1
912 5226 1
912 4469 1
912 4051 1
912 4969 1
912 3611 1
2877 1548 1
2877 1870 1
2588 1475 1
2588 3399 1
2588 2915 1
2588 4902 1
28 84 1
28 2600 1
28 5085 1
1775 4151 1
1775 3594 1
1413 3752 1
4597 3293 1
4597 3814 1
4597 874 1
4597 3419 1
4985 4133 1
4985 1969 1
4985 632 1
4985 2840 1
4985 3963 1
4985 2033 1
4985 2458 1
4985 500 1
4985 1708 1
4985 2265 1
4985 3252 1
1670 1852 1
603 2030 1
603 2871 1
603 2382 1
603 4466 1
603 588 1
603 809 1
603 3974 1
2941 611 1
2941 50 1
2941 1389 1
2941 223 1
2941 798 1
2941 2512 1
2941 1861 1
2941 1051 1
2941 2591 1
2941 171 1
2941 2959 1
2941 2529 1
2941 3329 1
584 4157 1
584 3086 1
584 5106 1
584 4018 1
584 2384 1
584 3209 1
584 4833 1
3256 2784 1
3256 4917 1
8 1142 1
8 173 1
8 1003 1
538 4194 1
538 4442 1
538 2559 1
538 4187 1
538 4718 1
538 3888 1
538 1677 1
538 5201 1
538 2962 1
538 4780 1
538 1617 1
109 1219 1
197 5023 1
197 1728 1
197 1644 1
197 4044 1
197 98 1
1938 647 1
1938 1419 1
1938 2796 1
1884 2691 1
1884 357 1
840 3614 1
840 2588 1
3405 1781 1
3405 649 1
3405 4533 1
3405 1299 1
3405 3421 1
6 4400 1
6 861 1
3927 2113 1
3927 3418 1
3510 1602 1
3510 471 1
5152 1476 1
1880 3984 1
1880 2864 1
1880 1886 1
1880 221 1
1880 4536 1
1880 3375 1
4875 1502 1
5030 3285 1
2173 3098 1
5059 5150 1
5059 1520 1
440 4994 1
440 2552 1
440 1758 1
440 5010 1
440 991 1
440 3109 1
2406 5004 1
2406 4798 1
2406 1747 1
2406 255 1
2406 2581 1
2406 4262 1
2406 5189 1
2406 3443 1
2406 4470 1
2406 746 1
2406 504 1
2406 4269 1
2406 281 1
2406 644 1
4225 3355 1
4225 3894 1
4937 5211 1
4937 2961 1
4937 2688 1
2049 908 1
2248 1837 1
2248 4349 1
2248 1097 1
2248 5100 1
2248 4582 1
2248 4381 1
2248 3516 1
5053 4244 1
5053 796 1
5053 2662 1
5053 715 1
5053 3922 1
5053 420 1
3749 1549 1
4862 2571 1
4862 890 1
4862 116 1
4862 2392 1
4862 3713 1
3232 2023 1
3232 546 1
3232 2491 1
3232 4195 1
3232 2425 1
3232 4325 1
3232 1545 1
3232 3326 1
1917 960 1
1917 3953 1
4030 589 1
448 3884 1
448 3871 1
448 536 1
382 1827 1
382 3022 1
382 4976 1
382 4502 1
382 3340 1
645 1296 1
645 2711 1
645 1756 1
1405 4418 1
4398 5191 1
353 4778 1
3718 3350 1
2039 4892 1
2210 1976 1
2210 2636 1
2210 4891 1
2210 4022 1
234 5249 1
234 4884 1
234 909 1
234 3867 1
234 4487 1
234 1557 1
234 1121 1
234 2783 1
234 4926 1
1928 5230 1
1928 843 1
1928 1124 1
1928 2434 1
1928 516 1
1928 3372 1
4486 926 1
4486 1222 1
479 3103 1
479 4130 1
2337 1122 1
2337 1403 1
2337 486 1
2337 2393 1
3795 539 1
4960 1044 1
4960 3503 1
4960 4871 1
4960 3679 1
4960 1959 1
4960 2383 1
2632 1304 1
2632 4684 1
2632 4402 1
2632 3823 1
2632 3720 1
1454 5202 1
1454 1289 1
1454 1495 1
567 1125 1
1148 4236 1
2786 3253 1
2786 586 1
2786 4131 1
2786 4763 1
2786 621 1
2786 5170 1
1561 3939 1
1561 2072 1
1561 412 1
1249 841 1
1249 3356 1
1249 1045 1
5081 2031 1
5081 3675 1
5081 3031 1
335 4034 1
335 2741 1
335 315 1
3121 3742 1
3121 2090 1
3121 5248 1
3121 4918 1
3121 2175 1
3121 2168 1
3121 3816 1
3121 3534 1
3677 4624 1
2390 1265 1
2390 5279 1
1877 3104 1
1877 1926 1
1877 3624 1
3034 1340 1
3034 2903 1
3034 4720 1
3034 1088 1
397 2345 1
3635 4128 1
3205 2465 1
3205 2825 1
3205 2371 1
3205 5107 1
3205 1546 1
3205 4758 1
3205 2944 1
3205 659 1
3205 4944 1
95 3433 1
95 2843 1
676 1504 1
3123 2005 1
3836 594 1
3836 3898 1
3836 740 1
3836 2401 1
3836 1171 1
2048 276 1
2048 1207 1
2048 3833 1
4255 3461 1
4255 125 1
4255 4064 1
4255 3244 1
1589 4966 1
3327 1126 1
3327 604 1
1726 1562 1
3202 3557 1
3202 3169 1
1515 225 1
2167 4358 1
2167 4433 1
717 4573 1
1579 1005 1
1579 4446 1
1579 4656 1
1579 2396 1
1456 1059 1
1456 4460 1
1456 4846 1
1456 4753 1
1456 3821 1
1456 267 1
1456 2228 1
1456 3471 1
1456 845 1
1456 724 1
1456 968 1
1456 2358 1
1456 3791 1
1456 2934 1
1456 1818 1
1456 1262 1
1456 3947 1
1456 3304 1
1456 170 1
1456 3837 1
2508 929 1
2508 540 1
2991 5038 1
2991 876 1
2991 103 1
2991 2444 1
2991 1175 1
282 4583 1
282 461 1
402 3817 1
402 2415 1
402 1792 1
402 424 1
402 1483 1
402 2877 1
2302 3659 1
3997 3740 1
3167 980 1
4116 3693 1
4788 4164 1
4788 4615 1
4788 4209 1
4788 959 1
4788 636 1
4788 2044 1
4788 3039 1
5244 1921 1
4449 1888 1
4449 1790 1
4449 1316 1
4449 3874 1
4694 2367 1
4694 987 1
4694 5068 1
4626 342 1
2981 4066 1
2981 3168 1
2853 2952 1
1667 1308 1
1667 1187 1
1667 4359 1
1667 1384 1
1667 426 1
4505 4777 1
2016 480 1
2016 302 1
1603 86 1
1136 4743 1
1136 2593 1
3106 3213 1
4867 3646 1
4867 371 1
4867 2876 1
4867 4760 1
1471 4273 1
1471 3577 1
108 46 1
108 811 1
954 2966 1
954 1784 1
954 2283 1
954 2256 1
4919 1011 1
2816 1398 1
2816 44 1
2816 520 1
2816 4701 1
2816 700 1
2816 1875 1
2816 141 1
2816 4939 1
2816 3792 1
2816 2287 1
2816 2011 1
2816 733 1
2816 2973 1
2816 210 1
5276 4434 1
5276 5185 1
5276 3492 1
5276 3170 1
5276 3370 1
5276 2589 1
5276 5088 1
5054 3309 1
5054 3349 1
5054 5113 1
1006 117 1
1006 679 1
1006 395 1
2933 2546 1
4596 1927 1
4596 1521 1
4596 4445 1
4596 288 1
4596 4472 1
4596 1075 1
4596 4370 1
2403 4744 1
2403 913 1
2403 2849 1
2403 253 1
5222 3772 1
4600 69 1
414 4807 1
1348 668 1
1348 4507 1
1590 3165 1
1590 4658 1
1590 1237 1
1590 4393 1
3903 2670 1
3474 4494 1
849 2922 1
849 2199 1
849 4163 1
849 466 1
2361 3596 1
2361 3320 1
5268 366 1
5268 2162 1
5268 1147 1
5268 167 1
5268 1240 1
5268 1693 1
5268 1595 1
5268 703 1
5268 1990 1
5268 175 1
5268 1149 1
34 2404 1
1833 2245 1
1833 363 1
2800 409 1
2711 2988 1
571 3838 1
571 1759 1
4111 2078 1
4111 3758 1
4111 1052 1
4111 4522 1
4111 4520 1
1213 2762 1
1213 4930 1
281 711 1
281 974 1
3923 1919 1
3923 4931 1
3923 3164 1
3923 2805 1
3923 2389 1
3923 1023 1
3923 1229 1
3923 4432 1
3923 1179 1
3923 549 1
3923 1722 1
3923 1130 1
3923 3396 1
3923 2997 1
5045 2875 1
5045 3497 1
5045 1109 1
5045 4186 1
5045 3351 1
5045 2971 1
4249 3621 1
4249 1793 1
4249 431 1
4249 1377 1
1280 4873 1
1280 810 1
1280 3851 1
1280 819 1
4295 4993 1
4295 384 1
9 1729 1
3489 5234 1
3489 2003 1
3489 2170 1
3489 188 1
3489 1390 1
3489 4554 1
3489 1794 1
4410 1437 1
4410 1765 1
4410 286 1
3610 3070 1
3610 1733 1
3610 4928 1
3610 1096 1
3610 1490 1
3610 606 1
3945 4599 1
3945 5272 1
2474 5091 1
2474 962 1
2474 607 1
2474 2663 1
2474 3235 1
2474 3732 1
290 1366 1
290 2365 1
290 441 1
290 3118 1
290 513 1
290 3208 1
290 3297 1
290 4452 1
3071 202 1
3071 4729 1
4370 4634 1
1365 3626 1
1365 554 1
1365 1068 1
3632 867 1
447 2534 1
1547 2951 1
1547 1216 1
1547 2318 1
1547 5257 1
748 2407 1
748 3930 1
748 1730 1
748 2710 1
4530 517 1
39 2419 1
39 4971 1
39 3565 1
39 60 1
3922 1582 1
515 2006 1
515 1408 1
515 851 1
4926 783 1
4926 1630 1
505 1076 1
2109 850 1
2109 1839 1
2109 2996 1
2176 2789 1
2176 4604 1
2176 405 1
2176 151 1
1297 4213 1
1297 55 1
1297 401 1
1297 3815 1
4517 4035 1
4517 112 1
4517 4177 1
4517 3865 1
4517 2188 1
4868 5192 1
4868 1317 1
4868 4228 1
4868 3855 1
4868 653 1
4868 863 1
4868 4184 1
4868 3592 1
4868 3191 1
4868 2385 1
4868 4396 1
4868 1767 1
4868 1113 1
1562 718 1
4576 4617 1
4576 2349 1
4576 3194 1
4576 2526 1
210 5277 1
521 4233 1
521 365 1
521 2295 1
521 4837 1
521 3562 1
521 73 1
521 734 1
521 2490 1
521 3992 1
521 868 1
521 1615 1
521 1280 1
521 1238 1
4440 2869 1
2717 317 1
2717 2231 1
203 1572 1
203 4937 1
995 1517 1
995 5137 1
995 4708 1
995 3777 1
995 1318 1
995 1421 1
995 4813 1
3406 374 1
3406 1662 1
3406 1411 1
1040 3345 1
1040 2192 1
1040 2904 1
1040 3781 1
1040 996 1
1040 834 1
454 219 1
454 4252 1
454 4730 1
454 2987 1
454 3824 1
454 5175 1
454 2658 1
454 4970 1
454 2821 1
454 2767 1
454 3439 1
454 3311 1
454 1660 1
4920 4071 1
4920 1266 1
4920 3842 1
4920 3040 1
4920 2497 1
1394 878 1
4222 1559 1
3578 1208 1
1738 2440 1
4287 2009 1
4287 1106 1
4287 901 1
4287 4777 1
4287 3441 1
4287 2891 1
4287 847 1
4287 4839 1
4287 4762 1
4287 2454 1
4287 3512 1
4287 2602 1
4287 2763 1
4287 3964 1
4287 254 1
4287 3080 1
4287 2017 1
2646 3830 1
2646 2338 1
2646 4721 1
2646 2704 1
2646 5271 1
2646 388 1
851 2650 1
851 1616 1
950 3958 1
950 4772 1
1463 1953 1
1463 3185 1
1463 1331 1
1463 1459 1
5083 330 1
2753 2165 1
2753 2810 1
2753 2121 1
2753 3763 1
2753 3698 1
2753 2665 1
2753 869 1
2753 2689 1
1760 3811 1
1760 2164 1
1760 3119 1
1760 598 1
1760 36 1
4723 305 1
4723 1796 1
4723 3889 1
4723 5045 1
2989 4046 1
2989 162 1
2989 4844 1
2989 975 1
2989 257 1
2989 195 1
2989 4331 1
2989 2687 1
2989 738 1
352 5076 1
352 2749 1
352 1250 1
352 4109 1
352 3877 1
352 4783 1
352 1024 1
352 343 1
352 2538 1
352 3914 1
352 2174 1
352 4375 1
352 2692 1
352 849 1
352 835 1
352 2890 1
4415 2964 1
3637 4765 1
535 3187 1
535 3243 1
2693 2733 1
2833 1221 1
3978 1054 1
3978 4474 1
4272 198 1
4272 542 1
2075 2304 1
2075 3425 1
2075 2110 1
2075 4023 1
2075 2339 1
2075 3782 1
2075 1772 1
2075 77 1
5170 1021 1
5170 4436 1
5170 3694 1
5170 2668 1
3397 585 1
3397 508 1
3397 1814 1
3397 4796 1
3397 5024 1
3397 4801 1
3397 1645 1
3397 2582 1
3397 3407 1
3397 58 1
3979 4414 1
3979 3242 1
2204 194 1
2204 3573 1
1510 2709 1
1510 4535 1
1510 2386 1
1510 2533 1
4102 678 1
4102 3510 1
4102 3015 1
4102 3091 1
4102 258 1
4732 2241 1
4732 1652 1
4732 2540 1
3983 2274 1
26 3400 1
26 1422 1
3064 4080 1
3064 4548 1
3064 3412 1
3064 817 1
3064 1387 1
3064 1929 1
3064 82 1
3064 5048 1
3064 2754 1
3064 3631 1
3064 5047 1
3064 1815 1
482 4950 1
482 2430 1
482 1769 1
482 5067 1
482 4073 1
4065 3955 1
4065 1914 1
4065 5250 1
4065 1844 1
4224 1486 1
4224 4168 1
4224 30 1
4224 3599 1
4224 4683 1
4224 209 1
4224 1195 1
4224 5002 1
1756 1622 1
133 2926 1
2482 3198 1
2482 4609 1
2482 2328 1
2482 5105 1
2482 3719 1
2482 4968 1
2482 1982 1
2482 2652 1
4139 1940 1
4139 1663 1
4139 512 1
2326 499 1
1661 3643 1
1661 2408 1
1661 1770 1
1661 1532 1
2189 3195 1
1749 1742 1
697 2201 1
697 1944 1
5005 2755 1
1508 2504 1
1508 3227 1
381 236 1
68 1430 1
68 3214 1
1718 2340 1
1718 3042 1
1117 2906 1
1117 3264 1
2714 614 1
2714 1070 1
2714 1797 1
2714 269 1
2714 4698 1
2714 1971 1
2714 3628 1
2714 5222 1
2714 2081 1
2714 3979 1
2714 553 1
5206 719 1
5206 1670 1
675 1741 1
675 745 1
3812 1997 1
3812 2464 1
490 1028 1
490 4546 1
4190 4447 1
2242 1998 1
2242 1438 1
2242 5237 1
2242 3058 1
3015 2100 1
1417 3196 1
4048 2507 1
1941 2152 1
1941 4979 1
338 1638 1
338 5032 1
338 1608 1
338 5130 1
338 2496 1
338 4824 1
5235 4962 1
5235 3804 1
5235 4385 1
2502 385 1
2502 665 1
2502 651 1
2502 1372 1
3099 570 1
3099 1170 1
2954 4619 1
2954 4149 1
2954 4129 1
2954 148 1
2954 4270 1
2954 283 1
2954 5126 1
2954 3372 1
3666 2352 1
3666 3981 1
1217 2715 1
1594 5082 1
1594 4032 1
1594 41 1
4742 455 1
1513 4158 1
4913 3065 1
4913 1750 1
4913 764 1
4913 3771 1
4913 3818 1
4913 2218 1
4913 4693 1
4913 5204 1
4913 2818 1
4913 3274 1
4913 2380 1
4913 318 1
4913 5229 1
4913 4251 1
4913 1821 1
4913 4128 1
4913 3149 1
4913 3635 1
4913 1973 1
4913 1996 1
4913 462 1
4913 4074 1
4913 4989 1
4913 842 1
4913 1746 1
4913 2226 1
4913 2907 1
4913 2900 1
4913 3366 1
4913 163 1
4913 3525 1
4913 3784 1
4913 5140 1
2972 2370 1
2972 260 1
2972 57 1
2518 1556 1
2518 2842 1
2518 2543 1
2518 940 1
2518 1305 1
2518 4049 1
2518 2449 1
2518 5120 1
2518 5212 1
2272 3993 1
2272 3181 1
2272 463 1
2272 226 1
2272 4560 1
2272 5145 1
2272 709 1
2272 1671 1
2272 2566 1
2272 21 1
2272 2933 1
2272 1412 1
2272 3648 1
2272 1799 1
2272 2363 1
3831 129 1
985 1702 1
985 4883 1
985 4638 1
985 4045 1
985 1247 1
985 291 1
985 4547 1
985 3809 1
1621 4357 1
1621 4246 1
1621 4134 1
1621 4276 1
1621 483 1
1621 5065 1
1621 5275 1
3705 1600 1
3705 4747 1
3169 399 1
3169 3971 1
3169 369 1
2841 925 1
2841 2250 1
2841 3267 1
2841 2261 1
2841 5084 1
3932 2171 1
3932 2080 1
3932 1065 1
3932 610 1
4127 3124 1
4127 2695 1
4127 4669 1
4127 4392 1
4127 2178 1
574 3112 1
574 1776 1
2143 419 1
2143 1477 1
2143 3470 1
2143 5143 1
2722 428 1
2722 919 1
2722 1180 1
2722 47 1
2722 1439 1
2722 2801 1
2722 4909 1
2722 3354 1
2722 1140 1
2722 3633 1
360 3878 1
360 1232 1
360 4379 1
3353 2694 1
5174 1895 1
5174 2131 1
3532 2212 1
1105 2203 1
4318 3893 1
4318 2227 1
4318 1639 1
5098 2655 1
5098 4511 1
5098 1230 1
5098 1601 1
5098 769 1
5098 2918 1
5098 2757 1
5098 921 1
5098 5154 1
5098 413 1
5098 3030 1
5098 4363 1
5003 1835 1
5003 3211 1
5003 4350 1
5003 4577 1
5003 1881 1
4409 608 1
2292 191 1
2292 1492 1
2292 2156 1
2292 3750 1
2292 3504 1
2292 4621 1
2292 3574 1
4429 3254 1
4429 404 1
4429 3583 1
4429 4734 1
4429 3825 1
4429 1513 1
3513 895 1
3513 3380 1
3513 2146 1
3513 4254 1
3513 2888 1
3513 4041 1
3513 5051 1
3513 4311 1
3513 982 1
3513 502 1
2496 2733 1
52 1441 1
52 205 1
52 2768 1
52 147 1
52 3563 1
52 3773 1
52 3603 1
52 101 1
52 1930 1
52 5214 1
52 5164 1
52 603 1
52 4020 1
52 2252 1
1591 4562 1
1591 2519 1
416 523 1
416 493 1
4961 4959 1
4961 524 1
4961 1322 1
4961 1655 1
4961 172 1
4961 3632 1
4961 4643 1
1481 642 1
1481 4159 1
1481 4078 1
1481 5223 1
1481 484 1
1481 1833 1
1481 330 1
1481 5083 1
1481 1731 1
1481 5187 1
1481 4345 1
1267 2855 1
1267 4061 1
1267 645 1
1267 770 1
4620 2887 1
4620 2441 1
4620 5093 1
4620 3027 1
4620 2209 1
961 3203 1
961 3410 1
961 2008 1
2927 3172 1
757 4341 1
2549 3442 1
2363 2321 1
2363 1674 1
2363 3446 1
2363 2284 1
2363 1691 1
2363 1738 1
3680 2601 1
1778 2637 1
1778 2320 1
3874 503 1
3874 93 1
3874 4790 1
4856 2244 1
4856 4498 1
4856 4332 1
4856 595 1
4856 4898 1
4205 4052 1
4504 3294 1
4256 1225 1
4256 1703 1
4256 203 1
1954 4098 1
1954 2297 1
1954 2387 1
1954 3003 1
1954 3016 1
287 3013 1
287 5132 1
287 3059 1
4202 3761 1
2634 473 1
1371 1487 1
1371 2428 1
1371 4601 1
4541 2331 1
4541 3639 1
2631 4864 1
2631 4088 1
2631 292 1
2631 6 1
4991 958 1
4991 3260 1
4991 2147 1
4991 3060 1
4991 242 1
4991 1816 1
4991 2242 1
4991 2834 1
4667 2667 1
4667 2299 1
4667 3258 1
1791 963 1
4092 3726 1
4092 2560 1
4092 637 1
4092 2420 1
3311 2592 1
1573 2586 1
1573 1104 1
1573 2219 1
1573 18 1
1573 3125 1
1573 4882 1
1573 3696 1
1573 1249 1
1573 3654 1
361 3019 1
3527 720 1
3527 864 1
3527 5114 1
4586 1665 1
795 3135 1
3837 246 1
3837 4828 1
3837 4878 1
3819 1485 1
3819 1519 1
3819 229 1
3819 1761 1
1617 1522 1
626 84 1
626 1378 1
626 14 1
856 272 1
3252 2127 1
3252 3302 1
5143 2635 1
5143 3259 1
5143 4313 1
5143 4206 1
5143 2826 1
5143 3295 1
5143 3300 1
5143 2452 1
5143 1269 1
1238 3028 1
1238 3236 1
4564 2674 1
4564 1692 1
2240 4297 1
2240 2445 1
2240 2053 1
2240 2851 1
2240 1592 1
1785 1874 1
1785 1777 1
1785 3511 1
1785 3360 1
3237 345 1
883 2773 1
883 2585 1
883 908 1
883 3301 1
883 2084 1
883 49 1
883 5115 1
883 5280 1
883 801 1
883 1136 1
883 3883 1
1717 4162 1
619 2022 1
619 5188 1
4033 3199 1
3156 680 1
3156 4043 1
3156 2847 1
3156 1089 1
3156 3322 1
3156 4735 1
3156 3133 1
3156 1651 1
3156 799 1
3156 1514 1
3156 2125 1
3156 4886 1
3156 2130 1
2607 4932 1
2607 4756 1
2607 3431 1
2607 2406 1
3682 923 1
4160 3540 1
78 1078 1
78 3909 1
78 4403 1
78 4371 1
3973 1332 1
3973 505 1
3973 964 1
3329 4945 1
4822 818 1
4822 4887 1
4822 3044 1
1410 2896 1
1410 2300 1
1410 70 1
1410 3223 1
1410 2969 1
1001 2545 1
1001 2187 1
1116 4695 1
1116 2520 1
1116 4523 1
1116 3531 1
1116 3353 1
1116 4448 1
1432 3411 1
5261 4493 1
3537 2857 1
3537 4699 1
3537 2264 1
3537 1491 1
3537 3994 1
3537 109 1
1528 1055 1
1873 4394 1
122 4559 1
122 2101 1
122 4524 1
122 1523 1
122 1499 1
122 3530 1
1017 2735 1
1017 4198 1
1017 4980 1
1017 4849 1
1017 4674 1
1017 2827 1
1525 1273 1
324 623 1
324 1210 1
324 59 1
2366 2547 1
2366 1190 1
2366 5218 1
2366 888 1
2366 2329 1
2366 1550 1
2366 4362 1
2366 2310 1
2366 3801 1
2366 4647 1
2366 4984 1
4527 1838 1
5097 1509 1
1710 2426 1
1611 2027 1
1611 358 1
1611 4140 1
1611 4597 1
1611 4238 1
1611 543 1
1611 3066 1
4682 3647 1
4569 2535 1
4569 2418 1
5131 4315 1
420 4234 1
420 4692 1
420 2114 1
420 2492 1
235 4197 1
235 1251 1
235 9 1
235 2429 1
40 3201 1
40 2925 1
40 2118 1
40 1850 1
4404 4386 1
4404 2122 1
4404 5146 1
139 2402 1
139 4722 1
4965 4741 1
4093 379 1
4093 494 1
4093 2889 1
4093 131 1
4093 3361 1
4093 465 1
4093 545 1
4093 3129 1
4093 4850 1
4093 2317 1
4093 2536 1
1623 1688 1
1623 793 1
1623 3452 1
1623 3900 1
1623 3092 1
1623 2312 1
1623 4354 1
4853 1270 1
4853 220 1
4052 4751 1
4052 1141 1
4052 430 1
4052 5101 1
4052 261 1
4052 4374 1
4052 1649 1
4052 4265 1
4052 4136 1
4052 3751 1
4052 3332 1
4052 1127 1
507 4838 1
1533 3496 1
1533 3608 1
3708 4025 1
3708 4745 1
3708 2239 1
3708 2443 1
3549 2431 1
3549 3183 1
3549 1388 1
1588 5246 1
1588 2421 1
1588 3207 1
4153 2802 1
4153 3641 1
1435 2590 1
