1241 2480 1
1241 994 1
1241 2189 1
1241 702 1
1241 1751 1
1241 2319 1
317 367 1
448 1610 1
448 2110 1
448 1310 1
448 2313 1
448 1056 1
363 1975 1
363 2122 1
363 2051 1
363 229 1
363 741 1
363 1836 1
363 1533 1
363 1402 1
363 2341 1
842 712 1
842 658 1
842 1861 1
842 1078 1
783 1905 1
53 402 1
53 837 1
2263 1846 1
2263 1471 1
2263 29 1
2263 1052 1
2263 843 1
2263 649 1
829 81 1
829 1743 1
1067 970 1
1525 748 1
1525 676 1
1525 1323 1
164 2271 1
1629 597 1
2219 906 1
1438 657 1
1438 1488 1
1438 236 1
1438 614 1
1438 835 1
1438 2119 1
801 15 1
261 1872 1
945 1682 1
945 920 1
1855 672 1
995 1867 1
628 2001 1
628 1983 1
628 464 1
1426 1236 1
1426 1935 1
1426 505 1
1636 600 1
1636 1815 1
1636 1258 1
1636 651 1
1666 2230 1
1666 74 1
1666 861 1
1666 688 1
1666 324 1
1666 55 1
2153 1163 1
2153 1693 1
2153 114 1
2153 1031 1
2153 998 1
2153 222 1
2153 1597 1
2153 1273 1
2153 2259 1
2153 1366 1
2153 1556 1
2153 1140 1
2153 1669 1
2153 272 1
2153 1901 1
2153 1377 1
2153 2475 1
2153 1308 1
2153 793 1
2153 858 1
2153 75 1
2153 1944 1
1785 2360 1
1785 602 1
1785 1093 1
88 2082 1
88 800 1
1256 1464 1
1256 1172 1
1256 212 1
1256 1316 1
302 1818 1
1369 2253 1
1369 175 1
1369 1832 1
1369 1953 1
1369 2118 1
1369 509 1
1369 1098 1
1369 2254 1
1369 2173 1
1369 1902 1
1369 2187 1
1369 328 1
1369 1619 1
1369 2278 1
1369 77 1
1057 353 1
185 341 1
1970 1441 1
1970 799 1
1970 622 1
1598 1108 1
1598 1275 1
310 630 1
310 63 1
171 1380 1
171 1221 1
662 1403 1
715 1755 1
1880 1070 1
1880 375 1
1880 1979 1
1880 252 1
1880 443 1
1811 617 1
1811 1249 1
2006 1027 1
2006 2071 1
2006 1311 1
2006 500 1
2006 541 1
2006 14 1
2006 537 1
2092 954 1
2092 1962 1
2092 2080 1
2092 107 1
2092 1980 1
2093 227 1
2093 1443 1
486 2378 1
486 1398 1
877 574 1
877 282 1
877 1026 1
877 283 1
877 1989 1
297 1420 1
297 476 1
297 176 1
364 273 1
364 1965 1
364 1177 1
364 417 1
2460 2298 1
2460 13 1
2460 972 1
2460 848 1
162 2097 1
162 2101 1
162 1444 1
162 1971 1
162 1528 1
162 556 1
162 2478 1
1889 755 1
1889 48 1
1889 1997 1
1889 398 1
365 186 1
8 1795 1
2057 2149 1
2057 1819 1
2230 448 1
2230 2420 1
2230 729 1
2230 907 1
2230 847 1
2230 1900 1
2230 1375 1
2230 2156 1
2230 1809 1
2230 1639 1
2230 2296 1
2230 1448 1
2230 892 1
2230 2374 1
2230 823 1
2230 316 1
2230 2106 1
2230 2150 1
2230 2477 1
2399 656 1
2399 1242 1
275 124 1
1081 1524 1
1081 742 1
1092 2476 1
1092 2321 1
184 457 1
184 2421 1
184 943 1
184 591 1
184 618 1
67 2400 1
1222 771 1
160 550 1
160 781 1
2310 2369 1
2310 1804 1
2310 691 1
2310 1646 1
1270 2457 1
1270 1395 1
1270 991 1
1270 2028 1
1162 967 1
612 1238 1
612 1466 1
2231 1551 1
2231 209 1
2231 157 1
2231 399 1
2231 1041 1
2231 23 1
973 1101 1
391 1211 1
391 2095 1
810 539 1
810 456 1
810 52 1
810 548 1
810 1296 1
1361 592 1
1361 1243 1
1361 131 1
1361 2284 1
1361 809 1
1361 2482 1
1361 2467 1
1361 1042 1
1361 1763 1
1361 2109 1
1361 1673 1
1361 770 1
1361 1876 1
1361 1926 1
1361 1128 1
1361 2488 1
1361 1735 1
609 1284 1
1790 1103 1
1790 141 1
1790 871 1
1790 1518 1
1790 337 1
966 498 1
433 1023 1
433 1194 1
433 2429 1
433 2262 1
433 985 1
76 1655 1
1729 1727 1
1729 1473 1
1729 1722 1
655 508 1
655 142 1
2037 2040 1
1870 196 1
1870 1641 1
1870 593 1
1870 2260 1
1870 616 1
1870 791 1
1754 1909 1
1754 1257 1
1754 1919 1
1754 1197 1
37 2469 1
37 2005 1
37 621 1
37 949 1
37 118 1
37 1626 1
1015 225 1
1015 218 1
1015 1792 1
1015 2047 1
1015 331 1
1015 2314 1
1015 150 1
1015 544 1
1015 204 1
1015 639 1
1015 1595 1
1015 1679 1
1015 2348 1
1015 159 1
2145 27 1
2145 859 1
2145 1512 1
2145 913 1
1302 1768 1
1302 2337 1
1302 664 1
1302 1390 1
1302 872 1
1302 596 1
1302 278 1
813 929 1
1912 1690 1
1741 1153 1
2127 199 1
2127 615 1
1165 647 1
1165 1766 1
1165 1563 1
881 2200 1
881 1452 1
881 2450 1
881 2370 1
554 1958 1
554 2385 1
554 1947 1
2207 162 1
2207 1472 1
2207 1250 1
2207 1749 1
2207 2072 1
2207 1018 1
222 860 1
222 1623 1
222 1924 1
222 1863 1
222 2196 1
222 1825 1
527 365 1
527 2399 1
527 2364 1
527 772 1
1027 390 1
1027 441 1
1027 792 1
1001 335 1
1001 1394 1
1001 2171 1
1001 123 1
1001 927 1
1425 1738 1
1590 2310 1
1590 763 1
1590 2365 1
1590 1907 1
1600 1824 1
1600 1895 1
1600 560 1
1896 1329 1
1226 100 1
1226 440 1
1226 358 1
1226 807 1
1159 1409 1
1159 982 1
1159 1246 1
1159 976 1
1159 728 1
1159 1285 1
1159 2203 1
1159 410 1
1159 1892 1
1159 2056 1
2301 1549 1
2301 700 1
2301 2316 1
2301 1783 1
757 419 1
2121 1106 1
2121 2387 1
2121 445 1
2121 2151 1
1228 1461 1
1228 1544 1
1012 995 1
1012 1255 1
1012 637 1
1012 1779 1
1012 2464 1
1012 311 1
1012 910 1
313 179 1
313 572 1
547 2176 1
547 1467 1
547 2389 1
547 542 1
547 1634 1
547 629 1
547 1183 1
547 1503 1
1978 2154 1
1978 581 1
1978 1011 1
87 2037 1
87 1854 1
87 1732 1
87 2167 1
87 1170 1
87 654 1
87 19 1
1973 243 1
1973 1680 1
1712 2111 1
1712 1671 1
2211 1635 1
2211 1583 1
2211 2082 1
1063 349 1
1063 1984 1
1063 940 1
1063 1602 1
1113 695 1
1113 1097 1
1113 454 1
1113 1439 1
1113 1870 1
1113 795 1
1113 759 1
1113 778 1
1113 1268 1
1113 2342 1
1113 2416 1
1113 1333 1
1113 1715 1
2479 1315 1
2479 261 1
2479 2019 1
2479 557 1
2479 886 1
2479 1506 1
2479 2223 1
2479 1232 1
2479 173 1
2479 1996 1
2479 384 1
2479 1148 1
2479 1709 1
2479 1848 1
1784 1446 1
1504 2280 1
2339 504 1
2339 1936 1
2339 2199 1
2339 1313 1
2339 1653 1
2339 220 1
2339 1088 1
2339 190 1
2339 400 1
2212 1100 1
2212 1759 1
2212 1952 1
1906 754 1
1906 415 1
1906 964 1
1858 2425 1
1858 1360 1
1858 154 1
1858 1407 1
1858 989 1
1858 1651 1
2046 563 1
2046 1884 1
2046 717 1
2175 143 1
2175 611 1
2175 1125 1
2175 2096 1
2175 1362 1
987 1571 1
987 256 1
987 1201 1
987 935 1
987 247 1
987 675 1
987 1264 1
987 1531 1
987 2451 1
987 1796 1
987 1245 1
520 1149 1
492 198 1
492 1002 1
492 1014 1
492 2247 1
371 784 1
371 181 1
2467 1061 1
2467 2471 1
1633 394 1
1633 673 1
1633 254 1
1633 1600 1
1633 1939 1
1633 106 1
1633 1455 1
1633 1719 1
1633 2103 1
1633 146 1
1633 2039 1
1633 820 1
1798 1654 1
1798 468 1
1798 305 1
1798 401 1
1798 1344 1
2138 1119 1
1472 762 1
32 149 1
32 815 1
213 2245 1
213 1383 1
1993 2139 1
1352 876 1
1352 2142 1
2307 2115 1
2025 1967 1
2025 431 1
2025 1994 1
2025 1202 1
2025 2405 1
2025 502 1
2025 699 1
2025 387 1
2227 2224 1
2227 1198 1
80 285 1
80 2303 1
80 1701 1
80 1587 1
80 161 1
80 255 1
80 902 1
80 1476 1
80 2186 1
80 2315 1
1040 2252 1
1040 1158 1
1040 2025 1
1040 1672 1
1040 1487 1
1040 1704 1
1834 2285 1
852 2182 1
852 2326 1
346 1282 1
1066 2033 1
917 1866 1
917 60 1
917 1862 1
917 426 1
2053 659 1
2053 1437 1
2053 329 1
413 1946 1
413 1914 1
413 818 1
413 1009 1
413 750 1
413 1843 1
413 1579 1
413 1982 1
413 1828 1
1756 1233 1
1756 480 1
1756 1695 1
1756 590 1
1756 2487 1
1756 1179 1
1756 1615 1
1756 1868 1
1079 2232 1
1079 76 1
1079 1169 1
1079 1247 1
1079 1885 1
1320 2034 1
1320 1384 1
298 1581 1
298 1457 1
298 1807 1
298 1354 1
298 472 1
298 420 1
298 2128 1
298 607 1
298 909 1
298 2098 1
1453 267 1
458 274 1
458 595 1
458 354 1
458 1054 1
458 833 1
458 1406 1
458 1612 1
458 1981 1
458 2073 1
458 2088 1
458 1838 1
458 2380 1
937 1391 1
937 156 1
937 1186 1
937 857 1
937 575 1
937 679 1
937 1852 1
1526 1530 1
1526 2120 1
1526 911 1
1493 1312 1
1829 1223 1
637 69 1
637 418 1
637 315 1
637 1713 1
637 1010 1
551 368 1
41 1681 1
863 578 1
863 61 1
863 1816 1
863 1656 1
863 811 1
863 1826 1
863 1248 1
863 1568 1
863 1020 1
863 373 1
863 926 1
863 2193 1
863 648 1
863 1567 1
863 336 1
863 529 1
863 1483 1
863 534 1
863 2160 1
1940 234 1
1940 499 1
325 2212 1
325 2439 1
325 22 1
325 1740 1
325 1780 1
325 503 1
376 745 1
1779 12 1
1779 1977 1
1779 34 1
1045 121 1
1486 851 1
1486 1171 1
1486 1553 1
1486 1951 1
1486 2215 1
1920 705 1
749 580 1
749 2366 1
749 528 1
749 944 1
1447 294 1
1447 1146 1
1447 832 1
2204 495 1
2204 2395 1
289 2020 1
289 497 1
289 1332 1
289 1808 1
289 242 1
289 2295 1
1280 53 1
1280 1940 1
1280 764 1
1280 1760 1
1280 345 1
48 1736 1
1767 2222 1
1767 2343 1
372 2206 1
372 2328 1
372 2240 1
372 2130 1
372 2335 1
372 1286 1
372 1878 1
372 1378 1
372 1359 1
372 1388 1
372 1076 1
372 1490 1
372 20 1
821 144 1
821 875 1
2486 2155 1
2486 435 1
2486 1955 1
2036 1831 1
1372 1192 1
1372 1608 1
1667 1802 1
1131 1555 1
1131 174 1
2248 2041 1
2248 988 1
855 2311 1
855 1932 1
855 308 1
855 2180 1
855 1278 1
855 690 1
855 217 1
855 1434 1
751 1572 1
189 2074 1
1431 404 1
1431 839 1
1599 219 1
1599 1345 1
1599 2241 1
1599 2136 1
1599 610 1
1668 1785 1
1668 2177 1
1668 1062 1
1668 1352 1
1668 1829 1
1668 716 1
1668 631 1
1668 923 1
1668 85 1
1668 137 1
2157 1711 1
957 1440 1
957 1782 1
957 1358 1
2135 2462 1
1456 1577 1
1456 1325 1
1456 38 1
1456 1505 1
1456 796 1
2012 463 1
358 2256 1
358 1077 1
763 1413 1
763 2174 1
763 1365 1
824 1625 1
824 221 1
789 1007 1
264 2065 1
264 2381 1
264 562 1
264 1423 1
264 104 1
264 912 1
264 2076 1
264 2351 1
469 2113 1
469 1592 1
2099 486 1
2099 555 1
2099 1141 1
2099 1495 1
2099 1129 1
248 2042 1
248 1629 1
248 1068 1
248 1453 1
248 767 1
248 2205 1
248 24 1
248 2100 1
248 2029 1
248 1340 1
248 2338 1
248 423 1
248 1133 1
397 1337 1
397 2046 1
397 1281 1
397 2454 1
397 1586 1
397 321 1
397 1160 1
397 224 1
397 1230 1
397 894 1
650 521 1
650 2016 1
650 306 1
601 99 1
601 197 1
601 2388 1
601 666 1
601 1881 1
1744 1799 1
684 2330 1
1436 1548 1
1436 438 1
1436 2070 1
1436 844 1
1436 2000 1
1436 1849 1
2205 2444 1
2205 1620 1
2205 951 1
1471 342 1
1471 633 1
928 432 1
928 707 1
928 1435 1
928 727 1
2385 1871 1
2385 2004 1
2385 2362 1
2385 2349 1
2385 2228 1
2385 598 1
2385 2435 1
2385 487 1
564 2190 1
564 2164 1
564 2356 1
564 231 1
250 1374 1
250 102 1
250 494 1
250 804 1
250 1676 1
250 667 1
250 1480 1
250 1517 1
250 1538 1
250 1632 1
510 2292 1
1933 2007 1
455 152 1
455 2269 1
455 3 1
455 1776 1
455 2407 1
455 1730 1
455 1199 1
59 1618 1
59 2413 1
59 586 1
59 1694 1
59 805 1
2013 1594 1
2013 177 1
2013 28 1
21 515 1
21 588 1
21 1887 1
21 1839 1
2459 378 1
2459 930 1
452 1105 1
452 2169 1
624 1244 1
624 1113 1
624 334 1
624 446 1
624 1761 1
1557 953 1
1557 1903 1
1557 1500 1
2405 1151 1
2405 992 1
2405 1005 1
2405 2481 1
1740 1013 1
1740 840 1
1749 546 1
1749 2331 1
1749 9 1
1749 1770 1
1749 735 1
1749 1356 1
1749 1150 1
1209 645 1
286 1521 1
1604 743 1
1132 963 1
1132 868 1
1132 816 1
1132 2031 1
1132 17 1
1132 2386 1
1132 1908 1
1132 561 1
1458 779 1
1458 946 1
1458 1022 1
1458 893 1
1458 1469 1
1921 1911 1
1921 2268 1
1921 1218 1
1921 1956 1
2112 1501 1
1990 2460 1
1990 1274 1
1224 747 1
2105 1191 1
1873 627 1
1873 1904 1
1873 112 1
1873 1874 1
1873 271 1
1873 2320 1
1873 1145 1
1873 233 1
1873 1287 1
1873 10 1
421 1459 1
421 652 1
421 2236 1
421 1405 1
421 720 1
421 1706 1
421 2347 1
421 512 1
421 660 1
421 1661 1
421 2181 1
421 2158 1
421 1181 1
518 65 1
518 1204 1
518 1987 1
518 1094 1
518 490 1
518 1411 1
929 2426 1
929 182 1
929 653 1
929 1925 1
929 1370 1
129 352 1
129 1820 1
129 1733 1
129 1227 1
1814 884 1
1029 1479 1
1029 714 1
1029 1657 1
2447 760 1
1986 260 1
1986 960 1
1986 2401 1
2354 192 1
1289 2306 1
471 2141 1
471 1949 1
1104 1842 1
2049 257 1
1781 1116 1
1781 350 1
1781 1228 1
1781 1513 1
1781 105 1
1781 129 1
1781 2102 1
1781 1589 1
1781 2185 1
1781 360 1
613 1421 1
613 606 1
613 571 1
613 1520 1
613 2027 1
613 389 1
1142 1703 1
1142 355 1
1142 1178 1
1142 2066 1
1142 549 1
1142 980 1
1142 634 1
1142 2443 1
1142 1167 1
2297 1349 1
2297 1845 1
1591 1636 1
1591 2231 1
1591 547 1
1591 703 1
1591 2359 1
1591 974 1
1591 1801 1
29 414 1
29 1051 1
29 382 1
340 1898 1
340 2060 1
340 1974 1
340 896 1
340 506 1
340 2402 1
340 1321 1
340 1003 1
340 643 1
340 1601 1
340 429 1
340 1468 1
340 280 1
340 594 1
340 971 1
340 1821 1
340 7 1
340 1144 1
340 1805 1
340 1138 1
340 1915 1
255 744 1
1140 1168 1
385 1182 1
385 1460 1
385 2373 1
385 1783 1
385 1351 1
385 1482 1
1511 2372 1
238 1560 1
238 2430 1
2143 2276 1
1639 511 1
319 577 1
319 524 1
319 1425 1
319 2406 1
319 867 1
319 1213 1
319 2250 1
319 434 1
2308 1272 1
2213 79 1
2364 1529 1
2364 788 1
2364 947 1
2364 1368 1
2364 1539 1
2364 1748 1
914 1927 1
914 1449 1
914 2214 1
914 33 1
914 1963 1
914 2433 1
914 2418 1
914 1578 1
914 496 1
914 2008 1
914 1664 1
330 1822 1
330 1082 1
1232 2064 1
1232 101 1
1232 1541 1
481 197 1
1233 346 1
1233 2324 1
1233 1385 1
1233 1537 1
2305 1893 1
2305 2107 1
2305 1794 1
2305 1498 1
1406 1840 1
1406 696 1
1406 145 1
1406 1583 1
1406 195 1
1406 2220 1
1406 362 1
1406 2414 1
884 2397 1
884 551 1
884 1303 1
344 1507 1
172 802 1
172 1918 1
138 692 1
138 1899 1
138 552 1
138 2346 1
138 1648 1
138 559 1
138 827 1
976 553 1
1454 1546 1
1454 125 1
1454 1883 1
1454 1174 1
2072 1190 1
232 1166 1
1102 813 1
1102 371 1
1102 1547 1
898 1813 1
2424 442 1
2424 1611 1
2424 2124 1
2424 1864 1
2424 1686 1
2424 1791 1
2424 1806 1
2424 1535 1
2424 2225 1
1417 2375 1
1417 2454 1
1417 411 1
1417 526 1
1677 1948 1
1677 39 1
480 1109 1
480 1767 1
480 1744 1
480 1557 1
480 1990 1
480 2317 1
480 1334 1
480 348 1
794 841 1
794 484 1
794 54 1
2352 1432 1
2352 697 1
2352 704 1
2352 997 1
2352 888 1
2352 1938 1
2352 1401 1
201 678 1
201 270 1
42 1084 1
42 829 1
42 2123 1
42 482 1
42 2415 1
42 240 1
42 1364 1
42 1607 1
42 725 1
42 2322 1
2412 786 1
2412 184 1
2412 966 1
2412 1723 1
2412 103 1
2412 1447 1
2412 1074 1
2412 2213 1
2412 2305 1
2412 1048 1
2412 128 1
2096 1379 1
2096 1147 1
2096 2117 1
2096 2452 1
2096 1382 1
2188 1465 1
2188 1910 1
2188 990 1
2188 834 1
2188 924 1
2188 686 1
2188 49 1
1220 2383 1
1220 1 1
1220 2484 1
1724 1118 1
1724 1279 1
1724 956 1
940 782 1
405 1259 1
405 899 1
1624 43 1
1624 1383 1
1624 523 1
1624 1121 1
703 1788 1
96 1361 1
96 2392 1
96 510 1
96 535 1
96 1087 1
96 1004 1
96 1707 1
96 1561 1
96 2390 1
96 1477 1
1033 709 1
1033 765 1
1033 846 1
1033 1566 1
1033 130 1
1186 2474 1
1186 84 1
1186 682 1
1186 202 1
1186 1317 1
1186 587 1
1186 582 1
1593 1769 1
2318 68 1
2318 1758 1
2318 1036 1
2318 1038 1
2318 1424 1
1377 369 1
1377 2255 1
1377 825 1
1377 465 1
1377 1941 1
1377 1381 1
1377 301 1
931 1728 1
931 1643 1
2410 565 1
2144 1665 1
1612 1585 1
1612 1288 1
1612 488 1
585 1280 1
585 2195 1
2203 1888 1
1301 2032 1
1221 1134 1
2009 1458 1
1998 1966 1
1998 1714 1
1998 264 1
1998 262 1
1998 1670 1
1998 1485 1
211 2075 1
211 1786 1
211 1877 1
1649 2382 1
283 1596 1
283 307 1
392 312 1
2023 1283 1
2023 125 1
2023 742 1
2023 1454 1
981 1039 1
981 263 1
981 2428 1
981 1959 1
981 2334 1
981 205 1
981 603 1
981 136 1
981 1691 1
981 244 1
981 323 1
1492 386 1
1492 290 1
1492 1256 1
1492 1376 1
1492 2063 1
1492 757 1
1492 309 1
1492 189 1
1492 2221 1
1492 1663 1
1492 567 1
1492 1833 1
1492 1044 1
1492 460 1
1492 1746 1
1492 1720 1
1492 1072 1
1492 1111 1
1492 1269 1
743 1265 1
743 1683 1
743 553 1
743 1030 1
743 1135 1
743 1737 1
743 864 1
743 718 1
743 467 1
743 797 1
2244 281 1
2244 193 1
2244 1773 1
311 347 1
311 246 1
1700 1347 1
2448 810 1
2448 2479 1
2448 525 1
2448 1102 1
2448 1117 1
2448 916 1
279 194 1
279 2035 1
279 1331 1
279 2061 1
279 2077 1
279 2294 1
279 1187 1
279 573 1
279 2218 1
279 1576 1
279 752 1
1018 1392 1
1018 1705 1
1018 2376 1
1018 2290 1
2317 2054 1
2317 1803 1
2317 2090 1
2317 1126 1
2317 635 1
2317 513 1
2317 845 1
2317 1841 1
2317 1155 1
1575 761 1
2442 1707 1
1696 1793 1
1696 230 1
128 94 1
128 1399 1
128 295 1
108 1529 1
108 2058 1
108 1543 1
108 379 1
108 113 1
108 890 1
108 885 1
108 1123 1
108 737 1
2141 2345 1
2141 40 1
2141 993 1
2141 461 1
2141 1216 1
590 1725 1
590 2085 1
590 158 1
590 1305 1
590 2289 1
590 2261 1
590 531 1
1908 640 1
1908 1545 1
1908 2229 1
1908 237 1
1083 2382 1
1554 1185 1
756 1847 1
756 1510 1
756 2166 1
756 1882 1
756 284 1
756 632 1
2260 1865 1
2260 66 1
636 1519 1
636 148 1
636 1206 1
228 2461 1
228 403 1
228 2265 1
228 1200 1
228 361 1
228 95 1
228 1976 1
1152 897 1
1152 1404 1
1152 708 1
1298 517 1
1298 831 1
1298 2086 1
1298 396 1
1298 1430 1
1298 1086 1
1298 1075 1
1298 1716 1
139 1104 1
1745 604 1
1745 351 1
332 433 1
332 44 1
1338 2068 1
1338 952 1
1338 889 1
1338 878 1
1478 1089 1
1478 35 1
1478 31 1
1478 2237 1
1478 1205 1
1478 2233 1
1478 1827 1
638 2091 1
638 2216 1
638 941 1
638 866 1
638 2408 1
638 1627 1
1328 1985 1
2257 1059 1
542 570 1
542 1307 1
542 1046 1
542 1342 1
542 2126 1
2475 1484 1
2475 1006 1
2475 766 1
2475 241 1
2475 1957 1
2475 288 1
2475 1290 1
2475 1107 1
1996 2458 1
1564 436 1
1564 2281 1
1564 948 1
1564 968 1
1564 870 1
1564 1692 1
1564 619 1
1564 879 1
1564 1387 1
548 165 1
975 1393 1
975 2251 1
775 2275 1
775 1894 1
1110 1565 1
1110 670 1
1110 665 1
1110 1844 1
1110 1451 1
1110 1060 1
1110 880 1
1110 1043 1
1110 2210 1
1110 1237 1
1110 1573 1
425 16 1
425 325 1
425 46 1
425 738 1
425 1558 1
425 1225 1
425 1647 1
1498 1292 1
1498 538 1
2201 1314 1
2359 78 1
2359 2165 1
2359 1215 1
2359 2137 1
2359 583 1
2359 4 1
2359 1765 1
2359 518 1
2359 838 1
2359 958 1
2359 2244 1
2359 1047 1
2359 1605 1
2359 836 1
2359 2403 1
2359 900 1
2359 1850 1
1550 1095 1
1550 1973 1
1550 116 1
109 1293 1
109 110 1
1823 1617 1
1823 1851 1
1263 663 1
1263 249 1
1263 1968 1
1263 2394 1
2463 555 1
2463 2242 1
2463 1675 1
2463 1710 1
2463 740 1
2226 803 1
2226 1154 1
974 363 1
974 2219 1
974 1931 1
974 1606 1
974 140 1
974 388 1
974 547 1
974 1609 1
974 2327 1
974 1584 1
974 208 1
974 1916 1
974 1697 1
473 2453 1
473 2344 1
473 6 1
473 70 1
2239 2301 1
2239 1021 1
2239 2048 1
2239 540 1
2239 1783 1
2239 1175 1
472 428 1
2134 2010 1
2146 1309 1
2146 1934 1
2146 1294 1
1427 1739 1
1427 895 1
1427 2078 1
1427 1326 1
1427 721 1
1427 2391 1
1427 119 1
1427 1879 1
1427 1214 1
323 558 1
323 1667 1
323 1289 1
323 693 1
323 1295 1
323 2456 1
323 1860 1
1251 1164 1
2168 1017 1
2423 2147 1
2423 1969 1
2423 516 1
2423 817 1
343 2432 1
343 1750 1
343 1712 1
343 932 1
343 794 1
343 2188 1
343 938 1
259 450 1
111 2353 1
111 477 1
111 701 1
111 1066 1
111 1972 1
111 668 1
111 2125 1
111 2152 1
111 1930 1
111 2286 1
111 214 1
111 2465 1
111 589 1
111 322 1
1499 2384 1
1499 507 1
1499 1886 1
875 1491 1
875 2258 1
1831 853 1
1831 776 1
1831 2018 1
1831 2133 1
1831 357 1
2487 32 1
2487 917 1
2487 71 1
2487 98 1
2487 1324 1
2487 1891 1
2487 1203 1
2487 1823 1
142 1114 1
142 407 1
142 933 1
1253 1049 1
1253 1099 1
710 82 1
1071 1239 1
1071 1339 1
1071 215 1
1071 874 1
1071 383 1
1071 2059 1
2238 286 1
338 2012 1
338 1481 1
326 50 1
326 1582 1
326 292 1
1076 359 1
384 291 1
384 89 1
384 1742 1
384 1414 1
384 1757 1
384 1373 1
384 1929 1
287 304 1
1143 1156 1
1143 1797 1
1143 746 1
203 169 1
203 1494 1
203 942 1
203 132 1
203 2455 1
203 1389 1
203 925 1
203 2044 1
277 1422 1
277 2466 1
277 83 1
277 492 1
126 226 1
641 806 1
641 1687 1
641 1726 1
641 1115 1
641 412 1
641 936 1
641 1050 1
641 2446 1
641 1069 1
641 1988 1
641 293 1
641 934 1
641 180 1
641 380 1
641 2087 1
2329 2179 1
2329 1603 1
2329 955 1
2329 2194 1
2329 2183 1
2329 2170 1
2329 2257 1
2329 996 1
2329 97 1
2329 200 1
2329 1267 1
2329 1514 1
1708 1035 1
1708 819 1
1708 1837 1
1708 47 1
1801 854 1
1801 11 1
339 2003 1
339 1493 1
339 1771 1
1810 2153 1
1810 1637 1
1810 73 1
1810 1674 1
1810 2108 1
1810 1025 1
1810 862 1
1810 2045 1
1810 1297 1
1810 1928 1
1810 1291 1
1810 2114 1
1810 1662 1
1810 2011 1
1810 1718 1
1810 1161 1
1810 1207 1
1810 1261 1
1810 1699 1
1810 1408 1
1810 522 1
1810 187 1
1810 1416 1
1810 915 1
1689 2014 1
1588 2299 1
1588 406 1
2273 45 1
2273 474 1
2273 2083 1
451 2202 1
188 2427 1
1762 1327 1
1762 2350 1
1762 569 1
1762 642 1
1762 2445 1
1762 1787 1
1762 2355 1
1762 2161 1
1762 147 1
1762 1515 1
1762 731 1
1762 2079 1
1762 197 1
1762 2449 1
1762 481 1
1762 1137 1
1762 536 1
1762 1721 1
1762 608 1
1019 2438 1
1508 327 1
1508 2447 1
1508 2297 1
1508 2398 1
2192 849 1
2192 1176 1
2002 485 1
2002 677 1
2002 1015 1
2002 1212 1
2002 1320 1
2002 2204 1
2002 680 1
2002 59 1
2002 319 1
2002 775 1
2002 1991 1
2002 117 1
2002 466 1
2002 730 1
2002 2198 1
2002 265 1
1053 2291 1
1053 1633 1
1053 625 1
1053 2419 1
1053 519 1
1053 1350 1
1053 381 1
1053 1016 1
1053 2081 1
1053 706 1
1053 1897 1
1053 127 1
1053 2434 1
190 1652 1
190 576 1
934 1112 1
934 768 1
934 1660 1
934 377 1
1072 120 1
1607 26 1
1607 1073 1
1090 2325 1
1090 333 1
1090 1540 1
1090 1515 1
1090 2323 1
1090 1685 1
1090 624 1
1090 1814 1
1090 1591 1
1090 318 1
1090 2442 1
1090 332 1
1090 1502 1
1090 1995 1
1090 287 1
1090 1937 1
366 2038 1
909 2483 1
909 489 1
909 1630 1
909 2357 1
909 2279 1
909 905 1
909 2246 1
909 978 1
2195 297 1
2195 2312 1
2195 1717 1
2195 1698 1
2195 51 1
2195 2302 1
2195 430 1
2195 979 1
2195 279 1
2195 1588 1
119 1569 1
119 1120 1
1397 1428 1
2361 1304 1
1208 206 1
1208 224 1
1179 937 1
1179 2410 1
1179 1196 1
1179 2441 1
1602 1688 1
629 2208 1
629 266 1
629 1240 1
629 2332 1
629 2277 1
887 478 1
887 1992 1
887 2404 1
887 1412 1
887 1489 1
887 167 1
1516 2184 1
1516 2264 1
1516 921 1
1516 286 1
1647 777 1
300 842 1
300 2358 1
300 133 1
300 1057 1
300 2043 1
300 1159 1
300 532 1
300 452 1
300 1029 1
300 151 1
300 1998 1
300 1554 1
300 425 1
300 2022 1
300 1037 1
300 2287 1
1642 1330 1
1642 733 1
1642 2217 1
1642 235 1
1642 25 1
1642 726 1
1642 93 1
1642 2333 1
1615 2263 1
1615 1666 1
1615 1386 1
1615 1336 1
1615 609 1
1615 969 1
1615 1590 1
1615 1896 1
1615 1012 1
1615 2363 1
1615 2307 1
1615 216 1
1615 2013 1
1615 172 1
1615 1492 1
1615 1419 1
1615 108 1
1615 1622 1
1615 1322 1
1615 1231 1
1615 338 1
1615 437 1
1615 188 1
1615 1053 1
1615 984 1
1615 1642 1
1615 86 1
1615 93 1
1615 166 1
2472 36 1
2472 1058 1
2472 170 1
2472 1678 1
2472 736 1
999 530 1
999 1789 1
999 1631 1
999 1562 1
999 2140 1
999 1960 1
999 2266 1
999 491 1
999 1812 1
683 646 1
683 2055 1
683 91 1
683 1306 1
683 2459 1
683 1188 1
683 1534 1
683 134 1
683 258 1
1055 1890 1
1055 178 1
1055 2052 1
1344 1130 1
479 2129 1
479 2015 1
479 1254 1
479 739 1
479 1139 1
479 1210 1
479 903 1
479 441 1
479 2274 1
479 713 1
479 1574 1
479 1853 1
479 2354 1
479 1433 1
479 2282 1
479 453 1
479 2243 1
479 1028 1
479 493 1
479 850 1
479 661 1
479 395 1
479 1122 1
479 1299 1
719 1429 1
719 1463 1
1684 1456 1
1684 303 1
393 470 1
1474 320 1
1753 2393 1
1753 2379 1
1753 830 1
1271 2367 1
1271 1875 1
1271 2304 1
1271 865 1
1271 2121 1
1271 533 1
1271 1497 1
1271 1318 1
1271 1570 1
1271 2104 1
1271 245 1
1271 2288 1
1271 1450 1
1857 922 1
1734 2148 1
1734 1367 1
1734 2191 1
1734 2178 1
1734 669 1
1734 1300 1
2441 2069 1
2441 2396 1
2441 798 1
303 269 1
303 1032 1
2116 918 1
2116 2368 1
2116 1542 1
2116 828 1
2116 774 1
2116 72 1
2116 2411 1
2116 901 1
2116 462 1
894 268 1
894 1266 1
894 155 1
894 2050 1
1408 1343 1
1937 58 1
1937 908 1
1937 965 1
1937 364 1
1937 734 1
1937 2145 1
1937 881 1
1937 2053 1
1937 1262 1
1937 824 1
1937 250 1
1937 471 1
1937 613 1
1937 191 1
1937 92 1
1937 1917 1
1937 2300 1
1937 2 1
1937 1418 1
1937 2002 1
1937 117 1
1937 605 1
1937 2084 1
1937 711 1
1937 1747 1
1937 2026 1
537 1252 1
537 1532 1
537 626 1
537 1219 1
537 1775 1
537 1193 1
537 1644 1
537 299 1
168 1438 1
168 2138 1
168 1034 1
168 1189 1
168 2105 1
168 2021 1
168 584 1
168 1091 1
168 1260 1
475 483 1
475 1613 1
475 1616 1
475 2197 1
1697 1964 1
423 1357 1
423 2172 1
423 961 1
423 1522 1
423 644 1
423 1950 1
423 883 1
711 64 1
711 135 1
711 579 1
711 416 1
711 56 1
1008 1276 1
1008 276 1
1008 1943 1
1008 356 1
1290 620 1
444 2209 1
444 1869 1
444 2417 1
444 501 1
444 812 1
444 977 1
444 1033 1
444 1999 1
444 2235 1
444 115 1
444 950 1
444 1777 1
444 1913 1
1355 856 1
1536 1731 1
1536 543 1
1371 1277 1
1371 409 1
1371 1790 1
1371 1124 1
1371 1001 1
1371 1835 1
1371 57 1
1371 599 1
1371 372 1
1371 2385 1
1371 21 1
1371 2089 1
1371 1523 1
1371 42 1
1371 2144 1
1371 773 1
1371 2468 1
1371 1923 1
1371 1251 1
1371 343 1
1371 366 1
1371 683 1
1371 1136 1
1371 2485 1
1371 2163 1
1371 2267 1
1371 1195 1
1671 1065 1
882 1462 1
882 762 1
882 370 1
882 681 1
882 1856 1
882 674 1
882 1400 1
882 959 1
1868 2006 1
1868 1270 1
1868 251 1
424 2131 1
424 822 1
424 689 1
424 1640 1
424 1132 1
424 2017 1
424 1096 1
424 2024 1
424 1478 1
424 2409 1
424 1427 1
424 1235 1
424 641 1
424 1410 1
424 296 1
28 904 1
28 1064 1
28 2336 1
28 447 1
28 1658 1
28 1470 1
28 1628 1
28 1702 1
1945 1650 1
1945 1614 1
1945 1000 1
2163 1341 1
2163 814 1
2163 808 1
503 30 1
503 163 1
503 1363 1
503 1817 1
1267 1659 1
1396 1559 1
1396 1157 1
1396 873 1
1396 566 1
1396 919 1
1396 2371 1
2185 1526 1
2185 1217 1
2185 962 1
2185 1764 1
2185 126 1
1747 253 1
1747 2473 1
1747 2440 1
1747 1922 1
1747 1638 1
1747 1475 1
1747 2132 1
1747 1752 1
1747 1335 1
1747 514 1
1747 2422 1
1747 2162 1
1334 1906 1
1334 1859 1
1334 2436 1
1632 1800 1
1632 724 1
1632 18 1
1632 1774 1
2309 1319 1
2309 2470 1
2309 723 1
2309 439 1
2309 1798 1
2309 2159 1
2309 2062 1
2309 1415 1
2309 408 1
2309 1229 1
2309 1445 1
2309 90 1
2309 1527 1
2309 1152 1
2309 374 1
2309 1689 1
2309 1024 1
2309 2340 1
2309 2030 1
237 2249 1
237 449 1
237 732 1
1477 545 1
1477 2293 1
1477 790 1
1477 1645 1
1477 1552 1
1477 780 1
1477 1778 1
1477 2067 1
1477 671 1
1477 1700 1
1477 427 1
1477 1348 1
1477 223 1
1477 1857 1
1580 826 1
1580 2377 1
1954 2272 1
166 122 1
166 1880 1
166 655 1
166 1858 1
166 2175 1
166 2283 1
166 787 1
166 1085 1
166 2329 1
2431 1772 1
2431 314 1
2431 2437 1
2431 1234 1
2431 2234 1
2431 62 1
2431 939 1
2431 986 1
2431 5 1
2431 1173 1
2431 1621 1
2431 1961 1
2431 1945 1
1416 694 1
915 568 1
915 685 1
915 1942 1
753 623 1
797 1184 1
797 183 1
797 758 1
380 1127 1
380 1080 1
239 1346 1
239 983 1
239 869 1
891 1353 1
891 1496 1
2278 1509 1
2278 422 1
2278 785 1
2278 698 1
2278 328 1
1913 1830 1
1913 2094 1
1913 459 1
1913 687 1
1913 1430 1
1913 2270 1
1913 210 1
1913 1298 1
769 722 1
769 153 1
769 1180 1
1442 207 1
1442 1708 1
