1354 383 1
1354 1639 1
1354 1459 1
1354 1023 1
1354 1636 1
780 1736 1
350 2397 1
350 3020 1
640 82 1
640 1754 1
640 1124 1
640 1725 1
640 2946 1
2233 1301 1
2233 3124 1
2233 376 1
2233 886 1
2233 488 1
2233 3222 1
3163 2993 1
3163 3179 1
1869 2393 1
1869 74 1
3017 1492 1
3017 1541 1
3017 966 1
3017 1535 1
3017 235 1
3017 1751 1
3017 1406 1
3017 1566 1
3017 299 1
1074 3042 1
1074 2730 1
672 1427 1
1803 2022 1
1803 2396 1
1803 1432 1
1803 3091 1
1803 2083 1
1803 230 1
1803 619 1
1803 1017 1
1803 906 1
1803 2236 1
1803 884 1
1803 2695 1
1803 1735 1
1897 2312 1
1479 1050 1
1479 424 1
2107 2830 1
2678 147 1
1184 1817 1
2317 1759 1
2317 2730 1
2888 69 1
2888 2916 1
669 1365 1
1944 972 1
1944 498 1
2069 1250 1
209 548 1
209 2279 1
3030 3139 1
3030 2051 1
3030 1775 1
3030 2985 1
3030 439 1
3030 2348 1
3030 2073 1
3030 3152 1
3030 1390 1
2117 70 1
904 2358 1
904 1015 1
444 2302 1
854 1755 1
854 309 1
854 2765 1
854 2927 1
854 30 1
854 2859 1
854 2543 1
1631 1815 1
431 442 1
431 3208 1
431 1978 1
1305 596 1
1305 665 1
1150 2378 1
1150 76 1
2641 143 1
1805 1434 1
1934 1635 1
1934 2414 1
1220 2950 1
1220 2307 1
120 313 1
59 1606 1
59 546 1
59 236 1
59 1374 1
59 303 1
3008 397 1
3008 1872 1
3008 2819 1
3008 2063 1
3008 2361 1
3008 159 1
3008 1909 1
2722 776 1
1492 2892 1
1768 843 1
2555 634 1
2555 2085 1
2555 976 1
2402 110 1
2402 557 1
965 2364 1
965 1946 1
965 686 1
3135 244 1
3135 787 1
2470 142 1
2837 3257 1
563 2384 1
1574 2943 1
1574 2707 1
1209 817 1
1209 712 1
1209 191 1
1209 182 1
1209 897 1
1209 1683 1
1209 1006 1
1209 1457 1
1209 1001 1
1209 1582 1
1209 662 1
1690 1537 1
1690 229 1
2945 1220 1
2945 3062 1
2945 1162 1
2945 2802 1
2945 998 1
2945 1397 1
2945 1324 1
2945 2289 1
2945 687 1
2945 1907 1
2945 950 1
1835 2409 1
1835 2562 1
1472 2953 1
1013 212 1
1260 2226 1
1260 2733 1
1260 1309 1
1260 1809 1
1260 1966 1
1260 2394 1
1260 1436 1
3265 1526 1
3265 1997 1
3265 1546 1
3265 3216 1
2739 1967 1
1541 122 1
1541 2862 1
1541 3114 1
1846 3010 1
1846 1433 1
2693 1386 1
2693 2815 1
1684 1224 1
2803 473 1
869 2898 1
869 128 1
869 2515 1
869 1670 1
869 2777 1
1950 98 1
1950 1693 1
3062 830 1
3062 2616 1
1942 2457 1
1942 1654 1
1942 561 1
1942 2385 1
1942 2417 1
818 3172 1
818 680 1
1423 1075 1
1423 3119 1
1423 1871 1
1423 2210 1
2897 1276 1
1380 2162 1
2002 254 1
105 58 1
2240 638 1
1668 1507 1
1668 2093 1
1668 971 1
1195 1371 1
1195 668 1
1195 2154 1
1195 623 1
1195 3273 1
1195 1251 1
1195 1701 1
167 335 1
1829 1733 1
1829 2959 1
967 3158 1
967 1789 1
967 3144 1
2383 1804 1
2383 2521 1
2383 2750 1
2383 2391 1
2383 971 1
2383 43 1
2487 29 1
2487 2516 1
3028 2320 1
3028 1855 1
3028 2340 1
3028 2929 1
3028 515 1
255 12 1
255 1936 1
255 121 1
255 2792 1
255 1159 1
99 200 1
1655 714 1
591 673 1
1212 3159 1
1212 2569 1
1212 1902 1
1212 3052 1
1212 2109 1
1212 2086 1
1212 1412 1
1212 1530 1
1212 400 1
1212 2960 1
2359 2691 1
684 151 1
2489 2721 1
2489 964 1
1340 1556 1
1340 2081 1
1340 2586 1
3019 1076 1
3019 1103 1
3019 113 1
3019 2673 1
2907 6 1
1162 2010 1
1162 2436 1
1162 3268 1
1327 677 1
1327 1375 1
3237 3074 1
3237 2967 1
3237 762 1
3237 768 1
3237 1490 1
3237 1418 1
3237 1727 1
3237 2583 1
1488 1698 1
1488 1036 1
1488 1198 1
1274 1639 1
556 2459 1
556 164 1
556 1170 1
556 1963 1
556 300 1
1389 2998 1
1389 1148 1
1389 597 1
1389 2981 1
2152 101 1
2152 3058 1
1906 2145 1
1538 267 1
1538 3012 1
1538 3176 1
1538 2838 1
1538 973 1
1538 1294 1
465 3276 1
465 1534 1
465 1618 1
465 2980 1
465 842 1
2395 2488 1
2395 1431 1
2395 1919 1
668 2165 1
1225 1077 1
1225 1977 1
2061 1835 1
2061 261 1
2061 1729 1
2061 1124 1
2061 2982 1
2061 265 1
3200 2615 1
2401 2546 1
2401 301 1
2401 3168 1
2401 523 1
2401 2464 1
1285 2842 1
2677 107 1
2677 1935 1
2677 610 1
1344 1889 1
1344 1336 1
2143 1432 1
2399 2590 1
2399 890 1
1049 1307 1
1049 203 1
2556 2043 1
2556 1549 1
2556 2424 1
2556 355 1
2556 592 1
2556 1888 1
2556 1540 1
2556 1176 1
2556 1169 1
2556 2625 1
1007 2180 1
102 946 1
102 1020 1
1226 3199 1
2266 988 1
2266 2007 1
715 1981 1
2104 346 1
2104 2326 1
2104 217 1
2104 3181 1
2104 1064 1
2104 1780 1
2104 227 1
2847 3055 1
887 28 1
2731 930 1
2731 1161 1
2731 3183 1
2731 3231 1
2731 2012 1
2731 1232 1
2731 276 1
2731 2499 1
381 1475 1
381 1326 1
2510 157 1
1476 530 1
1476 2105 1
1476 777 1
1476 2748 1
1476 2749 1
1476 2587 1
1476 13 1
1476 649 1
1476 16 1
1476 1330 1
1476 374 1
1476 2623 1
1476 1769 1
1476 3188 1
2039 1360 1
2039 139 1
2015 713 1
2015 2336 1
2015 282 1
2015 1663 1
2015 1474 1
2015 898 1
2015 2303 1
2015 3094 1
2015 1256 1
2015 1215 1
2015 624 1
2015 1627 1
2015 304 1
240 743 1
240 1884 1
240 1306 1
1993 442 1
1383 2813 1
1383 2204 1
1383 1911 1
1383 2860 1
1383 779 1
2450 2454 1
345 2649 1
225 2800 1
225 566 1
2164 1174 1
1413 1528 1
1024 3076 1
1024 2452 1
1024 2830 1
1024 26 1
1024 2251 1
2669 2823 1
2669 688 1
2669 3223 1
2669 1923 1
2669 2108 1
2669 1031 1
1598 129 1
1598 1845 1
1598 1160 1
1598 2781 1
1598 2514 1
1893 2189 1
1893 2266 1
1893 1908 1
1893 2033 1
1893 954 1
1893 2889 1
1893 432 1
1893 2890 1
1893 446 1
1893 2071 1
1893 1570 1
1893 2065 1
1893 1151 1
1893 1719 1
1893 1679 1
1893 1133 1
2879 3215 1
1793 1598 1
1793 875 1
1793 1509 1
1793 1948 1
1149 2679 1
1149 457 1
1149 1227 1
1149 2498 1
1149 1396 1
1149 3150 1
1149 96 1
1149 836 1
626 1955 1
626 2137 1
626 2557 1
626 1493 1
626 2988 1
1999 1934 1
1999 942 1
1999 3162 1
1999 1673 1
1999 1222 1
1999 2301 1
1999 1763 1
1999 3248 1
2461 330 1
2461 1125 1
2461 992 1
929 3117 1
929 2252 1
929 341 1
929 781 1
929 2561 1
929 2304 1
2867 2535 1
2963 863 1
2723 1547 1
2723 462 1
2723 2787 1
2723 1333 1
2723 2549 1
2723 472 1
2723 220 1
2723 2922 1
2723 3001 1
2723 1221 1
2723 422 1
2723 146 1
2723 911 1
1228 3043 1
1228 1671 1
1228 386 1
1228 1685 1
1228 2003 1
1228 188 1
1228 2120 1
267 2002 1
267 24 1
267 482 1
267 3110 1
267 1053 1
267 2372 1
267 2341 1
267 3203 1
267 1349 1
267 1100 1
267 2365 1
2292 2746 1
24 2654 1
24 1345 1
24 2664 1
24 1900 1
1206 34 1
1206 166 1
1206 2684 1
1206 2090 1
1206 1568 1
2894 2680 1
2894 2184 1
2894 2221 1
2187 609 1
2290 3084 1
2290 2224 1
3247 2840 1
3247 963 1
3247 1865 1
3143 3244 1
3143 1786 1
3143 725 1
575 3236 1
575 3063 1
575 504 1
575 3169 1
575 2539 1
575 1213 1
250 1683 1
966 1059 1
966 2706 1
966 3023 1
1118 801 1
1118 60 1
1118 2026 1
1118 1820 1
1118 1051 1
1118 615 1
1118 733 1
1452 71 1
1452 2492 1
452 2872 1
509 2580 1
509 999 1
509 2578 1
509 342 1
509 2708 1
509 8 1
509 1611 1
1484 2211 1
1484 2508 1
1484 2011 1
1484 644 1
1484 1480 1
1484 1083 1
833 1405 1
833 2287 1
2802 1802 1
2802 2500 1
2802 2698 1
2802 3204 1
2802 435 1
2802 460 1
2802 2902 1
1310 2275 1
654 1274 1
654 626 1
654 1705 1
654 1792 1
654 190 1
654 737 1
654 660 1
2989 1524 1
2989 3018 1
3155 889 1
2272 2755 1
2272 3105 1
1347 1637 1
1347 2955 1
93 1531 1
93 2214 1
93 3148 1
93 2128 1
93 377 1
93 2284 1
93 2778 1
2753 2234 1
2753 3255 1
2753 1834 1
2753 1970 1
2753 459 1
2753 2703 1
2753 1504 1
800 646 1
2545 2816 1
2545 3221 1
2545 2267 1
2545 541 1
2545 364 1
2545 1018 1
2545 536 1
2199 563 1
2199 2439 1
2199 1881 1
2199 1257 1
2199 3173 1
109 218 1
109 968 1
109 1572 1
109 1645 1
1536 2207 1
2058 891 1
1258 2481 1
1258 2482 1
1258 797 1
1258 1494 1
1258 326 1
1258 2767 1
1189 792 1
3277 899 1
3277 3192 1
3277 758 1
3277 1119 1
3277 2389 1
3277 908 1
3277 1172 1
3277 2248 1
1737 1841 1
1737 125 1
630 1599 1
630 2027 1
630 588 1
630 2868 1
870 242 1
806 1831 1
806 2407 1
806 2937 1
998 352 1
998 2803 1
998 2044 1
998 957 1
998 2570 1
998 2947 1
998 2205 1
707 2751 1
707 3193 1
604 2402 1
604 1109 1
594 1951 1
87 1296 1
1692 789 1
1028 2568 1
925 3096 1
925 192 1
925 226 1
622 642 1
2434 1642 1
2434 72 1
2434 1132 1
2434 1677 1
3162 19 1
3162 2881 1
3162 1335 1
2386 1840 1
2386 2653 1
2386 3154 1
1620 245 1
1620 2956 1
1620 738 1
1620 931 1
1620 1760 1
1620 264 1
945 222 1
945 1724 1
987 1652 1
2086 1037 1
1580 1846 1
1580 983 1
1580 715 1
1580 2362 1
1580 2187 1
1580 1072 1
1580 2354 1
1580 3201 1
1580 525 1
1580 2111 1
1580 1681 1
1580 1175 1
1580 2941 1
1580 1146 1
1580 3274 1
1580 1954 1
2415 2735 1
2580 771 1
2297 903 1
2297 2600 1
1544 119 1
1544 1667 1
1544 1987 1
720 2987 1
1180 2603 1
1332 652 1
163 3136 1
163 2045 1
1560 3111 1
1560 2866 1
1560 1878 1
1560 3170 1
1560 1181 1
2133 1697 1
181 2268 1
181 2401 1
181 2850 1
181 2919 1
181 2734 1
181 2899 1
181 369 1
181 94 1
2283 2146 1
2508 1004 1
2508 280 1
2508 1499 1
1535 542 1
1535 599 1
1019 133 1
1019 361 1
1019 2279 1
2354 470 1
2354 3004 1
241 2633 1
1960 1060 1
2206 1790 1
802 14 1
802 2239 1
802 2077 1
1545 1361 1
857 2429 1
857 2920 1
857 3166 1
857 1881 1
857 947 1
857 585 1
1929 1745 1
1929 2046 1
1929 1715 1
1929 1542 1
1929 515 1
1929 1771 1
214 1481 1
2814 2261 1
2814 2136 1
2814 2198 1
2814 408 1
2814 2520 1
2814 2160 1
2814 3133 1
2814 1703 1
2647 278 1
2647 2172 1
1203 544 1
1203 873 1
1203 547 1
2991 2474 1
1788 1739 1
1603 2215 1
982 3082 1
982 2089 1
2115 1797 1
2115 2405 1
2115 1042 1
981 554 1
981 683 1
981 1243 1
981 2008 1
3197 84 1
3197 617 1
3236 421 1
154 1626 1
154 2094 1
2742 580 1
263 1417 1
263 2897 1
263 918 1
263 1340 1
263 3189 1
263 806 1
263 1284 1
263 3002 1
263 1084 1
263 961 1
263 2687 1
263 3137 1
263 2825 1
263 1369 1
263 368 1
656 2593 1
709 288 1
2364 120 1
2364 2611 1
2364 798 1
2364 1237 1
2364 2598 1
2364 1040 1
2364 743 1
2364 1193 1
2364 1071 1
2364 2979 1
2364 2300 1
2364 2363 1
2364 447 1
2364 3031 1
2364 1600 1
2364 2418 1
2364 1898 1
2157 117 1
1317 196 1
1317 1744 1
282 2948 1
282 555 1
1333 2138 1
1333 1179 1
1333 2969 1
1333 937 1
1333 2984 1
1333 3214 1
1333 1318 1
1777 1085 1
518 2729 1
245 2801 1
545 1012 1
545 1519 1
293 804 1
1388 2529 1
1388 704 1
1388 398 1
1388 3153 1
1899 706 1
1899 1933 1
1899 2222 1
1899 1281 1
2956 1009 1
2956 1241 1
2956 2972 1
2956 2024 1
2956 3069 1
2218 2747 1
2218 659 1
2218 1863 1
2218 2974 1
2218 234 1
2218 1584 1
2218 100 1
2218 108 1
2218 2249 1
2218 1126 1
2218 636 1
2218 23 1
676 838 1
2950 1821 1
2950 2400 1
1629 572 1
1629 37 1
1117 1564 1
1117 1514 1
1117 3093 1
1057 336 1
1057 3177 1
331 225 1
331 1165 1
331 822 1
331 415 1
331 134 1
3239 2381 1
3239 796 1
3239 219 1
621 1767 1
621 42 1
3110 1910 1
3110 1887 1
2455 1857 1
1657 486 1
1657 941 1
728 2648 1
728 2134 1
728 2754 1
728 204 1
728 2771 1
728 35 1
728 589 1
1014 1302 1
1014 2490 1
1316 2992 1
1316 2175 1
1316 837 1
3070 902 1
3070 1779 1
1458 2308 1
1458 47 1
1110 667 1
823 851 1
823 55 1
823 1347 1
823 1032 1
823 1277 1
823 97 1
823 311 1
1818 416 1
1818 1880 1
1675 1098 1
1675 657 1
1675 2994 1
764 2782 1
764 2756 1
764 2018 1
764 2244 1
764 809 1
764 1239 1
1441 159 1
174 2167 1
174 2327 1
2468 3131 1
2468 3044 1
2468 1315 1
2034 2440 1
1775 1959 1
1775 2225 1
1775 1192 1
2549 1035 1
2021 1066 1
2021 2494 1
2135 1472 1
2135 1391 1
2135 1262 1
2627 2223 1
2627 1127 1
2242 2973 1
3211 2638 1
3211 1530 1
3211 794 1
816 2756 1
816 2018 1
816 216 1
816 2244 1
2295 2846 1
1342 700 1
1145 1403 1
2951 1319 1
351 1249 1
351 378 1
351 3027 1
351 123 1
351 344 1
351 2809 1
351 3184 1
351 901 1
351 1585 1
351 1430 1
1997 1837 1
1997 3003 1
1843 1461 1
1843 1033 1
1843 1695 1
1843 1101 1
2635 756 1
2635 520 1
2635 1034 1
2682 3145 1
3106 2274 1
3106 2699 1
3106 569 1
3106 2253 1
2522 2497 1
2522 54 1
2522 433 1
2522 1764 1
2522 1379 1
2522 1272 1
2522 2446 1
40 2666 1
40 1290 1
2702 2068 1
2702 3194 1
2702 742 1
2702 3066 1
2702 2906 1
2702 2116 1
2702 2946 1
2702 651 1
2702 882 1
2702 3009 1
3112 1616 1
3112 1190 1
3112 202 1
3112 1813 1
3112 871 1
2889 2476 1
2985 2447 1
2985 115 1
3046 1420 1
1053 465 1
1053 1734 1
1053 2342 1
1053 1019 1
1053 2469 1
1053 2770 1
1053 1483 1
1053 1641 1
1053 727 1
1053 2710 1
2151 2609 1
2151 2573 1
2151 2256 1
2151 2048 1
2565 2115 1
2565 2829 1
1643 1743 1
268 2357 1
268 1400 1
3103 1252 1
3103 2475 1
3138 2575 1
3138 1926 1
294 2837 1
294 241 1
294 3213 1
294 3264 1
294 2121 1
294 487 1
294 1765 1
349 1575 1
3221 253 1
3221 2190 1
3221 3243 1
3221 126 1
3221 258 1
3221 803 1
3221 3085 1
3221 2560 1
415 2049 1
415 3061 1
415 670 1
415 62 1
415 2442 1
347 2601 1
347 1548 1
2990 178 1
3179 543 1
2126 3005 1
2126 456 1
2126 755 1
2126 2628 1
2126 2062 1
2126 510 1
694 2076 1
694 2961 1
134 1477 1
134 1002 1
134 2843 1
134 2606 1
134 2826 1
2759 820 1
2759 877 1
2759 570 1
2759 848 1
2759 757 1
2759 1770 1
2759 1609 1
2759 2891 1
2759 506 1
1143 594 1
1143 2796 1
856 255 1
856 2006 1
856 1544 1
856 1464 1
856 2736 1
856 1497 1
856 732 1
856 1171 1
856 1435 1
856 1808 1
856 3097 1
856 2099 1
856 1449 1
2754 2727 1
1392 3164 1
1392 1305 1
1392 2907 1
1392 681 1
1392 3059 1
1392 1972 1
1392 596 1
1392 2185 1
1392 1595 1
1392 665 1
1392 249 1
1392 271 1
1392 1398 1
1392 6 1
1392 1702 1
3108 2553 1
3108 3123 1
3108 1586 1
3108 2944 1
3108 2496 1
3108 1785 1
3108 2632 1
3263 888 1
10 2264 1
10 391 1
10 1142 1
10 1664 1
10 1525 1
10 3054 1
10 2351 1
10 80 1
10 1370 1
1658 2597 1
1658 1942 1
1658 1024 1
1658 2366 1
1658 1774 1
1658 389 1
1658 2082 1
1658 524 1
1658 1470 1
1658 2762 1
1658 1716 1
1658 2155 1
1658 399 1
1658 2530 1
1658 1808 1
2096 2640 1
2096 406 1
2096 2356 1
2096 2480 1
2096 910 1
2096 1800 1
2096 1579 1
735 3226 1
650 2408 1
650 3271 1
650 1753 1
650 865 1
650 767 1
650 197 1
650 753 1
1082 936 1
1867 2474 1
1867 396 1
1867 2483 1
75 2216 1
2269 1607 1
2269 1972 1
2269 958 1
2269 2149 1
2269 2493 1
1972 1588 1
1972 2042 1
1334 2195 1
1334 892 1
1334 1271 1
1334 2537 1
1334 3051 1
1334 2449 1
1334 1351 1
448 1253 1
432 695 1
1730 1278 1
1730 867 1
2756 1605 1
1943 1208 1
317 1810 1
317 1971 1
472 1567 1
2715 1632 1
2715 1578 1
2715 307 1
1751 3185 1
1751 1532 1
2588 2863 1
2588 407 1
2588 1030 1
2588 2697 1
2588 1561 1
2588 1991 1
479 66 1
479 281 1
479 2334 1
2018 1454 1
2018 2178 1
1958 2614 1
1141 2645 1
1141 2910 1
1141 1868 1
674 2596 1
674 1961 1
674 1453 1
674 186 1
1160 1116 1
79 2095 1
2139 895 1
2139 774 1
2139 1099 1
2139 1295 1
2139 2558 1
2139 349 1
2139 595 1
2139 959 1
2139 1329 1
2139 2817 1
1406 1088 1
256 3038 1
256 49 1
256 655 1
256 2789 1
256 679 1
256 951 1
256 2343 1
469 3116 1
469 187 1
469 1925 1
469 2978 1
1428 2728 1
1428 2855 1
1428 417 1
1428 2471 1
1428 2332 1
1428 2084 1
1428 1756 1
1387 2704 1
1387 637 1
1387 2783 1
2411 3190 1
2411 2258 1
2411 2291 1
2411 1689 1
1130 1341 1
1130 1275 1
1130 844 1
63 1173 1
63 1211 1
745 163 1
745 703 1
745 612 1
745 2311 1
745 1604 1
745 896 1
2082 2857 1
2082 1022 1
2082 3098 1
2082 2170 1
2082 3232 1
2082 1502 1
1721 1014 1
1721 3161 1
1721 2478 1
1244 2486 1
3272 1138 1
3272 1468 1
3272 3015 1
1279 2821 1
136 2620 1
136 929 1
136 449 1
785 2150 1
785 2724 1
1152 1513 1
1930 1825 1
3012 631 1
3010 1814 1
3010 1801 1
3010 2375 1
3010 1437 1
3010 849 1
907 2179 1
914 2286 1
914 474 1
914 2431 1
914 577 1
914 1091 1
914 2768 1
914 1551 1
914 1199 1
914 514 1
914 48 1
914 1399 1
914 176 1
914 1411 1
1764 2923 1
1764 2658 1
1849 2114 1
2874 1746 1
2874 2050 1
2874 2080 1
2874 1576 1
2874 1067 1
3121 2238 1
3121 251 1
3121 362 1
2766 1602 1
1856 721 1
1856 2052 1
1856 1731 1
1856 296 1
34 2851 1
3047 1819 1
2016 1269 1
1460 500 1
2736 248 1
1674 375 1
1674 2555 1
1674 3070 1
1674 327 1
1674 1856 1
1674 2350 1
1674 207 1
1674 1038 1
1674 586 1
1674 861 1
1674 2230 1
1350 578 1
1350 625 1
1350 1421 1
1350 1242 1
1350 2141 1
1350 2571 1
1350 1058 1
1350 2484 1
1350 778 1
1350 1139 1
1350 2114 1
2124 2408 1
2124 1156 1
2124 2376 1
2124 38 1
2124 2078 1
2124 290 1
2124 1761 1
2590 1927 1
2590 1550 1
1444 1298 1
2103 2991 1
2103 2349 1
1688 1708 1
1688 2689 1
1918 1928 1
1918 144 1
1918 1288 1
1918 2260 1
1918 1131 1
1860 2608 1
1323 1450 1
1323 1368 1
1323 3040 1
1323 1056 1
2174 826 1
2174 739 1
2174 1787 1
2174 1659 1
2174 194 1
1473 549 1
524 414 1
524 3086 1
524 552 1
524 1400 1
524 661 1
2113 616 1
3218 114 1
3218 1108 1
3218 3047 1
3218 3011 1
2681 1589 1
2681 2722 1
2681 2015 1
2681 2102 1
2681 1638 1
2681 885 1
2681 2835 1
2681 2639 1
440 2905 1
379 2202 1
1080 2444 1
1080 428 1
1080 3013 1
1080 2670 1
1080 2810 1
1080 3160 1
1045 516 1
1045 1922 1
1045 1583 1
1045 3266 1
2643 1409 1
2643 685 1
2643 907 1
2643 1953 1
2200 1377 1
2200 1508 1
2388 2323 1
2388 1446 1
2388 363 1
2388 847 1
39 583 1
39 2705 1
39 1455 1
39 403 1
39 205 1
39 1401 1
39 719 1
39 3269 1
39 1047 1
39 302 1
1207 854 1
1207 2058 1
1207 3195 1
1207 2139 1
1207 318 1
1207 2818 1
1207 402 1
1207 2432 1
1207 477 1
1207 2235 1
2629 1087 1
1270 2479 1
1270 250 1
1270 893 1
1270 1657 1
1270 628 1
1270 3048 1
1753 1885 1
1753 478 1
1753 2318 1
1470 527 1
1470 135 1
314 2485 1
314 1136 1
2578 2419 1
2578 2995 1
1638 1974 1
1434 111 1
426 409 1
426 1984 1
426 357 1
426 1280 1
426 2932 1
2934 2360 1
2934 2410 1
116 1587 1
116 237 1
116 2038 1
116 1982 1
116 1996 1
2922 1410 1
1937 676 1
1937 437 1
1937 539 1
1937 920 1
658 1440 1
658 3037 1
658 1737 1
658 1316 1
658 1188 1
658 2977 1
658 319 1
658 1661 1
658 2634 1
658 722 1
658 1738 1
658 2329 1
658 839 1
2341 1254 1
2341 1853 1
2341 2416 1
2341 1624 1
2341 3219 1
2341 1672 1
2341 614 1
2341 647 1
2341 137 1
246 1061 1
246 2875 1
232 1559 1
232 1312 1
645 1529 1
1892 2584 1
1892 1054 1
1892 3056 1
1892 746 1
1892 2876 1
1892 915 1
1892 3067 1
619 2958 1
619 1672 1
619 1782 1
619 2551 1
876 36 1
876 3258 1
876 3068 1
876 1680 1
2899 3053 1
3245 2884 1
890 1426 1
153 1282 1
153 2019 1
153 83 1
653 2861 1
1608 1998 1
2255 2786 1
2762 1799 1
2762 1891 1
2762 3246 1
763 708 1
763 158 1
763 2541 1
763 748 1
3049 2784 1
3049 2662 1
3049 1776 1
3049 1704 1
2566 1915 1
2566 1983 1
696 1714 1
696 2147 1
696 3115 1
696 956 1
2403 2231 1
2403 1833 1
2403 2321 1
2403 1603 1
2403 1010 1
2403 2682 1
2403 1069 1
2403 2345 1
2403 702 1
2403 246 1
2403 1357 1
2403 567 1
2403 2087 1
2403 160 1
2403 64 1
3176 3017 1
3176 3155 1
3176 1989 1
3176 1292 1
3176 1093 1
3176 1892 1
3176 503 1
3176 1597 1
3176 2900 1
3176 1384 1
812 824 1
812 990 1
812 2853 1
1571 2602 1
1726 350 1
1726 467 1
1726 41 1
1726 154 1
1726 775 1
1726 3142 1
1726 2626 1
1495 2337 1
1495 3026 1
1231 1422 1
1264 3100 1
1264 3089 1
1264 2694 1
1264 140 1
1264 1273 1
607 3259 1
607 977 1
607 394 1
607 286 1
607 805 1
607 1762 1
607 1011 1
607 2279 1
607 2966 1
607 593 1
607 2462 1
607 2131 1
607 606 1
607 2935 1
2428 1921 1
2871 1021 1
2871 641 1
2871 1875 1
2871 1039 1
2871 2657 1
2572 90 1
2930 705 1
2357 1041 1
2357 1472 1
2357 231 1
2357 2013 1
2655 2779 1
2655 1407 1
1932 2433 1
1932 1912 1
1932 1020 1
1932 2743 1
1932 729 1
1932 266 1
1932 2241 1
463 2262 1
1102 2383 1
1102 2367 1
2166 2470 1
2166 962 1
2166 2193 1
1678 1367 1
1678 2564 1
1678 3270 1
1678 878 1
1931 760 1
1931 2505 1
1931 829 1
1931 2406 1
1931 2451 1
1931 1311 1
1931 1978 1
1527 397 1
1527 1876 1
1527 1518 1
1527 2118 1
1527 1823 1
1527 27 1
1527 1962 1
1527 2319 1
1527 388 1
1553 1062 1
1553 2158 1
1553 1187 1
1553 365 1
772 2072 1
772 2808 1
772 1894 1
772 2232 1
3013 2714 1
410 1055 1
410 1686 1
410 735 1
410 786 1
410 558 1
410 618 1
410 195 1
410 1051 1
410 2228 1
2425 2509 1
2361 2757 1
2361 1909 1
2903 2016 1
1851 2144 1
1851 2933 1
1851 1462 1
1851 840 1
1851 1216 1
1851 1155 1
1851 3241 1
418 1829 1
418 1625 1
418 2764 1
418 1783 1
418 1905 1
418 1520 1
418 118 1
418 1851 1
493 184 1
493 2501 1
187 664 1
221 2665 1
693 1543 1
471 3196 1
471 850 1
471 1320 1
471 328 1
471 292 1
471 2398 1
471 799 1
471 1952 1
471 3033 1
471 1300 1
1501 353 1
1501 905 1
1501 3260 1
1501 2622 1
1501 876 1
1501 1931 1
1501 782 1
1501 2503 1
1501 2005 1
1501 1822 1
1501 741 1
1501 1366 1
2838 1917 1
2838 2023 1
2838 2524 1
2838 1773 1
2838 2773 1
2838 2715 1
2838 1104 1
2838 874 1
2838 2125 1
2838 832 1
2838 283 1
2838 2025 1
537 565 1
537 269 1
537 2674 1
423 760 1
1778 2719 1
85 61 1
85 1467 1
2449 1647 1
2449 560 1
233 1214 1
193 1676 1
193 1612 1
193 441 1
193 2962 1
193 828 1
193 2901 1
736 1268 1
629 3167 1
2910 970 1
3078 257 1
3078 835 1
3078 372 1
3078 813 1
3078 3220 1
3078 3099 1
1229 1065 1
1229 2163 1
1229 1644 1
1005 538 1
617 88 1
617 1852 1
2982 1328 1
2982 81 1
2009 2066 1
451 1150 1
451 1960 1
451 1687 1
451 2804 1
243 273 1
243 3081 1
243 2465 1
243 2896 1
243 682 1
1021 2355 1
1021 2663 1
1021 3261 1
1021 1134 1
1982 3016 1
2324 678 1
2324 1985 1
2931 453 1
2931 1376 1
1135 1120 1
1135 3073 1
1135 2574 1
1135 632 1
1842 3064 1
1842 1913 1
1512 1914 1
2720 689 1
2298 3147 1
2626 2397 1
2626 1709 1
2626 775 1
2387 818 1
2387 1806 1
2387 476 1
2387 1633 1
2387 2883 1
986 921 1
986 3171 1
986 454 1
986 2075 1
986 2113 1
2687 468 1
2687 1994 1
2687 2617 1
2687 2852 1
2687 1506 1
2687 2295 1
2687 2377 1
2687 2208 1
2687 750 1
1593 333 1
1593 1196 1
2129 2820 1
3178 562 1
3178 2975 1
3178 808 1
3178 2692 1
2550 3275 1
2550 57 1
2550 2581 1
2550 492 1
2550 1113 1
2550 1068 1
2550 2067 1
2550 3140 1
2550 1988 1
2550 1191 1
1400 3087 1
1400 2263 1
1400 1669 1
2328 2621 1
2328 1346 1
2328 2742 1
2328 528 1
2328 3014 1
2328 2656 1
699 2683 1
699 404 1
699 1696 1
699 2774 1
858 2716 1
1617 1718 1
1617 730 1
1617 1839 1
1617 718 1
1617 1283 1
1617 86 1
1617 156 1
1617 2294 1
1664 512 1
1664 2812 1
1664 1442 1
1664 370 1
439 3034 1
1569 3007 1
2772 969 1
1166 1303 1
2585 1489 1
2585 995 1
2585 1043 1
2585 2159 1
2585 3233 1
2585 2865 1
1194 211 1
1194 2740 1
1194 2576 1
1465 3156 1
2834 1197 1
2834 2430 1
2834 3129 1
2834 1699 1
2834 1373 1
2834 2031 1
2834 1337 1
1696 2110 1
2005 507 1
2005 800 1
2005 2467 1
2005 3122 1
2005 3099 1
795 2854 1
795 568 1
795 1177 1
795 1515 1
795 2642 1
1979 141 1
1979 731 1
2663 717 1
393 981 1
393 1903 1
393 2671 1
393 1016 1
393 322 1
770 445 1
770 790 1
770 148 1
770 260 1
770 1651 1
770 1166 1
770 666 1
770 598 1
770 1352 1
3011 1482 1
3011 1261 1
3011 2686 1
2670 716 1
2670 1650 1
2670 613 1
2146 2391 1
1094 1711 1
1094 765 1
1094 960 1
1094 1164 1
1094 2983 1
1094 2448 1
1094 2293 1
1094 2559 1
1094 2873 1
247 864 1
247 2949 1
1523 39 1
1523 1617 1
1523 991 1
1523 1781 1
2011 401 1
2011 20 1
2011 2276 1
573 2607 1
573 2271 1
573 600 1
573 1505 1
573 1178 1
573 769 1
573 1558 1
573 994 1
573 1791 1
573 2213 1
573 32 1
1167 993 1
1167 791 1
1167 2926 1
1525 2812 1
1722 2472 1
3182 495 1
3182 590 1
2511 3230 1
2511 2346 1
2511 1153 1
1146 337 1
1146 1945 1
2065 2127 1
2065 2379 1
223 2347 1
223 1111 1
405 1466 1
2594 224 1
2594 1144 1
2390 952 1
2390 2618 1
106 3132 1
385 1469 1
1907 1700 1
1907 2917 1
1907 1858 1
1431 2368 1
2227 270 1
2227 1314 1
3253 759 1
3253 3107 1
354 2582 1
2909 3099 1
284 2386 1
284 1510 1
284 3126 1
284 2229 1
284 1562 1
284 711 1
284 2612 1
284 221 1
284 2328 1
284 2437 1
73 984 1
73 2330 1
73 1291 1
73 574 1
73 2092 1
73 3267 1
1308 155 1
2130 2738 1
2130 87 1
2130 1901 1
2130 1521 1
2130 693 1
2130 1353 1
2130 1964 1
2130 92 1
866 2420 1
2004 161 1
1794 1297 1
958 3164 1
958 1702 1
1594 2525 1
1594 371 1
1594 138 1
1594 3 1
1443 1965 1
1443 2502 1
1443 1246 1
3170 505 1
228 2752 1
1581 2246 1
1581 671 1
1581 1873 1
1581 2313 1
1581 773 1
1581 489 1
1581 1763 1
1581 3079 1
1581 297 1
950 602 1
950 208 1
950 1896 1
950 1666 1
950 1640 1
950 259 1
950 2281 1
52 359 1
683 89 1
92 87 1
92 2003 1
1151 2717 1
1662 2797 1
1662 1447 1
1662 329 1
1662 2335 1
1662 633 1
1662 912 1
1662 483 1
1662 149 1
1662 2785 1
741 1897 1
741 3224 1
741 581 1
741 2652 1
985 1694 1
985 1128 1
985 2709 1
2116 2438 1
2116 924 1
1262 51 1
2996 1596 1
2547 1992 1
2547 989 1
2547 2097 1
2547 2156 1
2547 2965 1
2547 2177 1
2547 305 1
2547 2441 1
1925 1995 1
1925 3228 1
1925 2035 1
1925 2056 1
1427 2848 1
1938 1287 1
1438 2247 1
2799 635 1
2799 325 1
2799 2349 1
1435 2769 1
2999 323 1
1304 974 1
2074 1832 1
2074 2548 1
2074 1003 1
2074 490 1
127 975 1
1048 860 1
2904 1732 1
2876 1204 1
2876 310 1
3229 2595 1
3229 392 1
3229 3045 1
3229 1844 1
3229 252 1
3205 179 1
3205 1888 1
1168 2122 1
1168 1313 1
1168 7 1
1168 1621 1
2649 317 1
2649 1807 1
2649 2140 1
53 1348 1
53 2526 1
53 1836 1
53 1516 1
53 45 1
53 290 1
436 1602 1
565 2745 1
3174 1485 1
3174 2491 1
3174 710 1
3174 2885 1
3174 1089 1
3174 1 1
3174 1080 1
3174 1163 1
3174 475 1
3174 1078 1
3174 418 1
3174 3078 1
3174 1106 1
3174 77 1
3174 2528 1
3174 3209 1
3174 438 1
3174 2533 1
2591 3186 1
2576 3191 1
627 3050 1
627 2936 1
239 145 1
239 1394 1
239 900 1
239 1381 1
761 1656 1
761 1356 1
2181 811 1
973 2101 1
1750 535 1
1750 1112 1
1750 2096 1
1750 2458 1
1750 189 1
5 2374 1
2534 2911 1
3109 751 1
497 1339 1
135 1956 1
135 1393 1
135 526 1
135 1027 1
135 332 1
2142 1404 1
2142 150 1
2142 1826 1
2142 3125 1
2142 2273 1
1552 343 1
1552 334 1
1740 2908 1
1740 1223 1
1740 65 1
1740 387 1
1740 1266 1
1740 1265 1
1740 1794 1
1740 289 1
1854 1882 1
1725 2745 1
1725 2538 1
360 868 1
360 1201 1
2301 1000 1
2301 815 1
2301 1861 1
2301 2589 1
2301 2279 1
2301 1048 1
501 2404 1
501 2713 1
3134 1768 1
3134 3029 1
3134 724 1
3134 2250 1
3134 1717 1
1649 1574 1
1649 2316 1
1649 2053 1
1649 1653 1
1649 2201 1
1649 1045 1
1649 955 1
1649 1590 1
1649 1973 1
1498 531 1
1498 2435 1
2567 1557 1
2567 2199 1
2567 2141 1
2567 1257 1
2567 2954 1
2567 2775 1
2527 3227 1
2527 2339 1
2527 338 1
2504 1079 1
2504 485 1
2504 67 1
2504 1205 1
698 939 1
2599 3102 1
2599 22 1
2599 859 1
2599 938 1
298 295 1
1719 1511 1
1719 1742 1
1719 68 1
369 1748 1
369 2795 1
369 2331 1
369 1097 1
369 2788 1
369 2925 1
369 740 1
369 807 1
1796 2711 1
1796 2924 1
1796 744 1
2235 2915 1
2235 690 1
2235 1140 1
2235 2563 1
1539 1784 1
1539 2869 1
1539 763 1
1539 1439 1
1539 2014 1
1255 648 1
265 2051 1
2856 2646 1
2856 2811 1
2856 834 1
2856 827 1
2856 3090 1
587 1691 1
587 1736 1
587 2544 1
587 2870 1
587 3039 1
2277 1623 1
1092 904 1
1092 105 1
1092 1496 1
1092 2411 1
1092 1847 1
1294 519 1
1294 2243 1
1294 974 1
1850 3141 1
1850 2157 1
1850 1448 1
1850 15 1
1850 2538 1
1850 761 1
2168 1939 1
2168 493 1
2168 953 1
466 1414 1
466 821 1
466 923 1
466 481 1
466 879 1
466 1230 1
466 3256 1
1331 1259 1
1331 2832 1
1331 1154 1
1331 2805 1
3264 2153 1
3264 1200 1
3264 1114 1
3264 2952 1
3264 1916 1
2880 2604 1
2880 3249 1
427 2254 1
427 2272 1
427 356 1
427 2422 1
427 2209 1
427 3092 1
427 3146 1
427 2512 1
427 1415 1
1615 46 1
1919 692 1
201 173 1
185 2079 1
2215 2453 1
2215 3080 1
2215 2477 1
291 639 1
2913 2182 1
2913 2592 1
2913 3277 1
2913 2635 1
2913 2466 1
2913 1387 1
2913 1245 1
2913 2183 1
2913 2761 1
2913 2265 1
2913 480 1
2913 734 1
2121 2036 1
2121 2098 1
2121 1236 1
603 1354 1
603 2545 1
603 213 1
603 395 1
603 1207 1
603 1503 1
603 3253 1
603 2913 1
603 1238 1
603 996 1
603 206 1
916 862 1
916 2540 1
916 819 1
916 620 1
916 1707 1
916 1070 1
916 3187 1
916 3035 1
916 2942 1
701 2344 1
701 152 1
701 1355 1
701 2352 1
701 1267 1
701 124 1
701 1947 1
701 2675 1
701 168 1
701 1613 1
3207 669 1
3207 784 1
564 1008 1
564 1682 1
564 183 1
564 576 1
564 3173 1
564 2807 1
564 1491 1
564 1828 1
2798 2660 1
2798 1554 1
2798 502 1
2798 2305 1
2798 1895 1
2798 1363 1
2798 2726 1
2543 841 1
2543 1129 1
2543 1219 1
2543 50 1
2543 2020 1
78 2518 1
2577 1289 1
2577 1285 1
2577 2143 1
2577 2859 1
2577 316 1
2577 2030 1
1990 185 1
1949 3021 1
1949 3128 1
1949 872 1
358 752 1
358 2106 1
358 622 1
358 2123 1
358 1424 1
358 2473 1
358 2088 1
358 508 1
2668 324 1
2668 1816 1
2668 513 1
2668 1877 1
2668 104 1
2744 162 1
2744 1342 1
809 1605 1
262 1874 1
262 2878 1
1375 1862 1
3149 3024 1
3149 44 1
3149 1486 1
3149 2382 1
3149 1563 1
2348 1304 1
2348 413 1
2348 274 1
2348 1217 1
2348 2712 1
1991 3127 1
727 3217 1
727 3065 1
2827 852 1
2827 511 1
2695 2700 1
3057 2059 1
3057 1147 1
3057 2338 1
3057 419 1
3057 463 1
3057 1517 1
3057 2631 1
3057 1601 1
3057 917 1
2073 2506 1
3120 2192 1
3120 793 1
3120 2588 1
3120 423 1
3120 298 1
3202 2359 1
3202 2505 1
3202 1536 1
3202 754 1
3202 1860 1
3202 845 1
3202 2504 1
2427 2833 1
2427 2322 1
2427 3175 1
2427 2017 1
1566 3238 1
1566 2667 1
1566 1378 1
1566 1182 1
1566 1827 1
1235 1158 1
1235 723 1
1107 1184 1
1107 1975 1
1107 3095 1
1107 575 1
1107 2161 1
1107 411 1
1107 116 1
1107 2428 1
1107 795 1
1107 1594 1
1107 1443 1
1107 1362 1
1107 2939 1
1920 1444 1
425 913 1
1402 2610 1
3248 2219 1
2517 2040 1
2517 926 1
1969 33 1
1969 306 1
1969 948 1
1969 927 1
131 1095 1
131 2940 1
277 9 1
2839 1263 1
2839 1838 1
2197 1859 1
2197 491 1
2197 1940 1
2197 2429 1
2197 169 1
2197 2495 1
2197 2685 1
2197 2460 1
2197 1941 1
2825 643 1
2825 2964 1
348 680 1
1808 2836 1
1238 810 1
1238 2957 1
1238 2315 1
1238 2831 1
1238 944 1
1238 450 1
1238 1614 1
1238 3180 1
2392 3165 1
2392 1471 1
2392 1005 1
2392 1904 1
2912 2976 1
2912 1331 1
2912 2844 1
2912 2637 1
2912 2285 1
2087 2314 1
2822 3041 1
189 1233 1
189 2624 1
189 412 1
1463 2858 1
1463 285 1
1463 1299 1
1463 2371 1
1463 553 1
1463 3036 1
1463 1766 1
1463 272 1
484 1372 1
484 2412 1
2132 2456 1
2380 3032 1
2380 2758 1
2380 829 1
2380 1081 1
2380 2718 1
2380 1555 1
2380 321 1
2380 532 1
2380 2688 1
2380 2732 1
2380 308 1
2380 382 1
2804 3240 1
443 2882 1
443 814 1
443 2971 1
443 1063 1
443 1592 1
384 2169 1
322 3072 1
322 3262 1
322 932 1
322 1962 1
322 388 1
2763 2191 1
2763 1069 1
2763 1046 1
2763 243 1
1646 1957 1
996 1929 1
996 373 1
996 728 1
996 2021 1
996 2171 1
996 170 1
996 193 1
996 1137 1
996 1465 1
996 466 1
2981 17 1
2981 2029 1
3157 1240 1
3157 3101 1
3157 1339 1
3157 434 1
3157 3022 1
2079 1293 1
2079 617 1
2079 2531 1
2079 464 1
2079 1408 1
192 1487 1
3252 1690 1
3252 764 1
3252 816 1
861 1728 1
861 2306 1
861 2690 1
579 2661 1
579 933 1
579 2278 1
579 1980 1
1429 180 1
836 1105 1
1720 1665 1
1720 1630 1
1757 2741 1
1757 2001 1
1757 2613 1
1757 2237 1
1757 2605 1
1757 601 1
320 1234 1
320 1096 1
934 18 1
934 366 1
934 1185 1
934 1121 1
1451 56 1
1451 2968 1
675 1619 1
1364 1122 1
1364 894 1
1364 2188 1
1364 522 1
1364 1110 1
1364 2282 1
1364 2806 1
1364 2100 1
1364 2413 1
1364 1073 1
1364 339 1
1364 1115 1
608 2938 1
828 2421 1
1382 2280 1
1382 2333 1
1382 582 1
3151 3083 1
3151 2054 1
1577 429 1
664 2309 1
2785 1747 1
2785 1123 1
368 2523 1
368 1029 1
515 3060 1
2507 1610 1
2057 2532 1
2057 818 1
2057 1741 1
2057 1806 1
2057 2790 1
2057 458 1
2057 1118 1
2057 1044 1
2057 1633 1
2057 2883 1
2057 2119 1
2057 410 1
2057 2387 1
2057 499 1
2057 2649 1
1247 2536 1
2270 2369 1
2270 2986 1
2270 919 1
2270 1395 1
2270 2203 1
2270 3071 1
847 91 1
978 2245 1
978 2650 1
978 214 1
978 1675 1
978 1445 1
978 4 1
978 1420 1
978 1870 1
978 95 1
2760 2849 1
2760 1890 1
2760 1090 1
2760 2259 1
2310 1836 1
2186 2041 1
2186 1389 1
2186 448 1
2186 3000 1
2186 1986 1
2186 2841 1
2186 783 1
2186 2864 1
2186 1968 1
2186 198 1
2186 1706 1
2186 940 1
2186 1186 1
215 2780 1
529 2220 1
529 747 1
160 922 1
160 2176 1
160 1824 1
2828 2288 1
2828 2970 1
2828 3088 1
94 2216 1
94 1046 1
2230 172 1
2230 275 1
2230 2914 1
3025 1648 1
3025 2877 1
3025 2824 1
3025 380 1
380 2701 1
380 390 1
1318 1086 1
1318 2212 1
1318 1758 1
1318 1385 1
1318 3006 1
991 2887 1
991 2443 1
991 540 1
991 367 1
991 130 1
991 3113 1
991 1883 1
991 3104 1
165 943 1
1034 1591 1
1866 1723 1
197 865 1
2307 3225 1
2307 11 1
2307 171 1
880 25 1
880 684 1
880 3198 1
880 2455 1
880 2445 1
880 2672 1
880 3229 1
788 2426 1
788 1416 1
788 1202 1
2070 517 1
2070 2257 1
2070 1812 1
2921 2242 1
2921 351 1
2921 1678 1
2048 2845 1
2048 1795 1
2048 1848 1
2048 1628 1
2048 2173 1
2048 132 1
2048 1191 1
449 2725 1
2676 676 1
2373 210 1
2373 1522 1
2373 2 1
2519 802 1
1533 656 1
605 1879 1
605 420 1
605 766 1
605 1425 1
2978 726 1
2978 175 1
2978 31 1
2978 3254 1
2978 571 1
2978 2886 1
2978 881 1
2978 5 1
2978 550 1
3075 21 1
1218 3250 1
1218 430 1
2928 1924 1
559 1749 1
911 2064 1
911 855 1
831 2619 1
831 1629 1
831 551 1
831 949 1
831 2325 1
831 1854 1
1338 2217 1
1338 611 1
1338 340 1
1366 2895 1
1366 2696 1
1366 199 1
1366 1976 1
2776 3234 1
2776 1660 1
940 909 1
940 1864 1
940 1772 1
2285 2997 1
2463 1358 1
2463 1456 1
2463 2636 1
2463 2296 1
3206 112 1
3206 2791 1
3206 315 1
3206 3210 1
2656 2651 1
2656 979 1
521 2918 1
521 1183 1
521 1343 1
1018 980 1
2642 3242 1
2642 1798 1
1948 1026 1
1948 1325 1
1948 2552 1
1948 2060 1
2793 534 1
2793 1565 1
2873 928 1
455 1500 1
455 645 1
455 262 1
455 880 1
3251 1422 1
1781 533 1
1781 697 1
1781 2737 1
359 2112 1
2194 2739 1
2194 2659 1
2194 2423 1
2194 1025 1
2194 238 1
2194 1157 1
2194 1830 1
749 279 1
749 3118 1
2311 2353 1
2554 2370 1
2554 1573 1
2554 584 1
2554 1752 1
1868 2299 1
969 1419 1
969 1321 1
969 2196 1
969 1886 1
969 2148 1
1712 2047 1
1712 1359 1
1712 2794 1
2228 1652 1
2228 1710 1
953 3072 1
953 2000 1
3090 2893 1
3090 2579 1
3090 2644 1
3090 1811 1
1634 3212 1
1634 1052 1
691 287 1
2732 312 1
839 1622 1
103 1322 1
494 663 1
494 3130 1
2032 496 1
2032 2055 1
2032 461 1
2032 2542 1
779 177 1
2037 2622 1
1713 2513 1
3235 2335 1
1248 1478 1
1248 1286 1
1248 2630 1
1248 825 1
1144 224 1
3077 883 1
3077 2028 1
3077 1210 1
2091 935 1
2091 997 1
853 846 1
