1330 231 1
1330 240 1
1330 415 1
188 503 1
188 1181 1
188 388 1
188 527 1
188 1329 1
188 990 1
188 831 1
188 970 1
188 570 1
188 1191 1
188 1115 1
188 834 1
188 1450 1
188 817 1
188 434 1
188 424 1
188 781 1
188 346 1
188 1426 1
188 1135 1
188 964 1
188 1288 1
343 93 1
343 393 1
343 7 1
968 1248 1
968 199 1
968 1447 1
483 268 1
483 501 1
483 106 1
1348 466 1
687 373 1
687 522 1
109 1297 1
935 318 1
1366 1395 1
276 404 1
1080 1352 1
350 1438 1
350 1407 1
350 822 1
350 575 1
350 474 1
1138 410 1
1138 581 1
1138 735 1
1209 1293 1
1209 648 1
1209 476 1
1209 384 1
1209 1441 1
1209 720 1
938 1311 1
938 498 1
938 843 1
938 133 1
938 1047 1
938 1294 1
938 927 1
938 258 1
938 868 1
938 585 1
938 772 1
12 1025 1
698 608 1
444 657 1
444 985 1
444 1389 1
444 1067 1
444 42 1
444 851 1
444 376 1
444 195 1
444 780 1
444 915 1
453 94 1
453 11 1
453 1186 1
330 324 1
330 1206 1
160 1123 1
160 1029 1
160 315 1
160 1201 1
160 482 1
160 1205 1
160 314 1
160 803 1
160 234 1
160 980 1
1266 1263 1
1266 156 1
1266 1185 1
1266 472 1
1266 922 1
1266 972 1
1266 213 1
421 801 1
421 1037 1
421 1464 1
421 1224 1
421 1160 1
421 196 1
1374 484 1
1374 478 1
1374 907 1
805 1030 1
924 228 1
924 1079 1
311 740 1
943 1287 1
943 1307 1
943 506 1
943 1298 1
943 1087 1
943 290 1
943 204 1
943 303 1
943 594 1
943 996 1
631 330 1
631 595 1
631 898 1
631 689 1
631 786 1
631 693 1
631 1430 1
631 37 1
631 637 1
1133 992 1
1133 35 1
1133 932 1
1133 952 1
1133 104 1
1133 293 1
701 614 1
701 914 1
1054 725 1
1054 392 1
1054 494 1
1054 863 1
1054 115 1
1054 858 1
1054 128 1
1054 724 1
1054 827 1
1054 763 1
1054 905 1
1092 652 1
1092 974 1
1092 1134 1
1092 312 1
1092 618 1
1092 1128 1
1092 1377 1
1394 73 1
1394 422 1
1394 566 1
1448 1455 1
1448 300 1
1448 589 1
1388 248 1
369 973 1
369 25 1
369 1056 1
283 465 1
812 1253 1
812 705 1
812 1229 1
812 43 1
663 1217 1
663 1088 1
663 957 1
663 659 1
487 963 1
487 818 1
487 962 1
487 925 1
487 645 1
487 866 1
487 901 1
487 1337 1
487 1384 1
487 1411 1
844 667 1
844 147 1
844 733 1
844 10 1
844 988 1
844 441 1
1339 479 1
1333 219 1
1333 464 1
1333 153 1
1333 1306 1
1333 1011 1
1333 187 1
1333 447 1
1333 1304 1
1333 1301 1
1333 582 1
1007 209 1
1007 600 1
1007 1291 1
1007 706 1
1007 116 1
1007 836 1
1007 676 1
361 1340 1
269 1063 1
269 749 1
269 218 1
206 1302 1
206 1015 1
1099 541 1
1111 1424 1
1111 635 1
1111 770 1
88 515 1
69 327 1
59 1262 1
59 688 1
59 1212 1
59 1116 1
59 685 1
59 221 1
1231 1281 1
1231 842 1
1231 890 1
1231 208 1
1231 185 1
1231 120 1
1231 1381 1
1231 845 1
1231 1106 1
695 160 1
695 378 1
695 1025 1
695 1345 1
139 1203 1
139 876 1
139 1338 1
139 568 1
139 249 1
139 1152 1
139 951 1
139 89 1
139 99 1
139 729 1
397 1110 1
397 731 1
397 1275 1
397 61 1
397 883 1
397 571 1
397 533 1
397 1399 1
397 723 1
397 991 1
277 70 1
277 58 1
1082 1412 1
1082 1009 1
423 157 1
423 148 1
423 1371 1
423 1198 1
423 247 1
423 564 1
423 1034 1
1170 837 1
1170 1313 1
1182 105 1
1182 1343 1
1182 1242 1
1182 759 1
1182 900 1
1182 236 1
481 193 1
481 862 1
481 1130 1
481 363 1
481 529 1
1247 784 1
1247 1097 1
1247 1416 1
1247 112 1
1247 1228 1
879 329 1
879 686 1
879 429 1
879 396 1
879 1096 1
879 539 1
879 267 1
879 550 1
879 1310 1
879 1050 1
879 288 1
879 1277 1
879 656 1
879 579 1
879 1148 1
879 650 1
909 509 1
909 1104 1
909 758 1
909 583 1
909 1119 1
909 940 1
700 956 1
287 832 1
287 774 1
287 380 1
287 1227 1
287 1192 1
287 1010 1
287 1272 1
1029 291 1
1029 387 1
1029 887 1
623 1257 1
623 616 1
623 457 1
623 947 1
623 666 1
623 850 1
623 237 1
623 897 1
623 174 1
1241 590 1
1241 127 1
1241 371 1
254 1250 1
254 1018 1
254 366 1
254 298 1
254 945 1
254 353 1
254 1068 1
254 355 1
254 1219 1
254 965 1
320 1166 1
198 135 1
198 930 1
198 658 1
328 1101 1
1084 730 1
1084 382 1
1172 1234 1
1172 653 1
1172 123 1
1173 149 1
1173 857 1
1173 166 1
1173 1278 1
1173 238 1
1173 535 1
1173 563 1
1173 672 1
1173 1465 1
1414 704 1
1414 121 1
345 1404 1
1261 1408 1
1261 1103 1
1261 1132 1
1261 256 1
1261 278 1
1392 1070 1
1392 77 1
1392 586 1
1360 636 1
1360 1193 1
1360 999 1
1360 1409 1
1360 703 1
1360 178 1
1360 110 1
1360 273 1
1360 307 1
1360 936 1
1360 162 1
1360 1331 1
1360 1428 1
1360 66 1
1360 389 1
261 155 1
261 599 1
261 361 1
261 1002 1
261 69 1
261 406 1
261 835 1
261 1164 1
261 1264 1
261 859 1
261 1077 1
261 1149 1
261 1064 1
261 1326 1
261 299 1
261 507 1
261 23 1
261 1094 1
261 459 1
261 1174 1
542 344 1
542 56 1
542 1107 1
542 223 1
542 14 1
542 640 1
542 937 1
1385 1213 1
133 828 1
133 794 1
133 702 1
133 1303 1
133 18 1
133 523 1
133 1365 1
245 664 1
245 1370 1
245 226 1
245 102 1
245 274 1
245 814 1
245 1358 1
245 192 1
245 279 1
245 489 1
245 633 1
378 97 1
1004 764 1
1004 200 1
786 602 1
94 119 1
1154 412 1
1154 553 1
1154 1462 1
986 1238 1
986 1155 1
986 518 1
986 1221 1
986 799 1
986 79 1
986 3 1
986 316 1
986 117 1
986 848 1
986 625 1
986 892 1
537 806 1
537 1402 1
537 1073 1
537 151 1
537 189 1
537 1220 1
537 62 1
1382 96 1
1382 1042 1
708 414 1
708 1053 1
708 321 1
500 574 1
285 1085 1
83 442 1
83 736 1
83 111 1
83 559 1
83 340 1
83 400 1
473 826 1
473 260 1
313 1061 1
313 756 1
313 904 1
313 280 1
313 767 1
313 950 1
313 17 1
313 1076 1
313 933 1
313 1177 1
313 263 1
281 142 1
281 1151 1
281 362 1
281 1442 1
281 95 1
281 807 1
281 251 1
281 1189 1
281 1137 1
281 808 1
497 715 1
1332 1255 1
1332 1046 1
1332 580 1
1332 931 1
1091 232 1
1091 577 1
1091 727 1
1091 923 1
1091 1355 1
1091 1005 1
1091 682 1
1091 428 1
1091 710 1
1091 743 1
1091 1244 1
1091 610 1
1091 741 1
1091 1390 1
1091 867 1
227 1108 1
227 975 1
227 27 1
227 881 1
227 235 1
227 1445 1
227 1246 1
227 1176 1
227 920 1
227 129 1
227 308 1
227 460 1
227 755 1
227 297 1
227 1335 1
1164 873 1
1141 51 1
1141 1195 1
1141 606 1
1141 253 1
1141 356 1
1141 846 1
90 44 1
90 976 1
226 1312 1
226 896 1
226 130 1
226 29 1
315 55 1
315 983 1
1162 816 1
1152 420 1
1152 1057 1
1152 1178 1
1152 266 1
891 432 1
751 294 1
751 628 1
751 1127 1
1436 49 1
1436 1043 1
737 885 1
737 944 1
737 202 1
737 644 1
584 177 1
584 634 1
584 132 1
584 492 1
584 1437 1
584 1449 1
584 1024 1
840 92 1
32 1222 1
32 259 1
32 401 1
32 342 1
32 214 1
32 454 1
32 910 1
32 333 1
32 642 1
32 792 1
32 1000 1
32 1376 1
32 124 1
538 264 1
538 152 1
570 1036 1
570 1308 1
570 609 1
570 771 1
570 6 1
570 776 1
570 1168 1
1107 1282 1
1107 593 1
1107 1052 1
1107 370 1
1107 902 1
275 668 1
1240 1035 1
1240 504 1
1240 679 1
1240 52 1
1240 171 1
1240 432 1
1240 349 1
1258 534 1
1258 1336 1
1258 841 1
1258 994 1
1258 1463 1
1258 1320 1
1258 325 1
1258 2 1
1258 1323 1
1258 797 1
1258 918 1
1258 1456 1
1258 1033 1
880 1398 1
880 21 1
880 875 1
880 40 1
880 620 1
1121 1028 1
1121 74 1
1121 461 1
1121 1233 1
1121 761 1
1121 1065 1
170 1359 1
170 1347 1
170 215 1
170 480 1
170 80 1
170 912 1
170 556 1
882 1140 1
882 1289 1
11 59 1
11 1109 1
11 739 1
11 795 1
11 766 1
11 517 1
11 1245 1
11 463 1
11 338 1
11 1243 1
11 1434 1
301 445 1
301 1357 1
301 1362 1
1321 343 1
1321 865 1
1321 1333 1
1321 829 1
1321 339 1
1321 306 1
1321 34 1
1321 351 1
1321 754 1
1321 1324 1
1321 1069 1
1321 959 1
1321 272 1
1321 536 1
1321 358 1
1321 878 1
1321 1372 1
1321 1419 1
1269 1209 1
1269 588 1
1269 145 1
1269 206 1
1269 909 1
1269 713 1
1269 285 1
1269 1239 1
1269 1440 1
1269 899 1
1269 941 1
1269 425 1
1269 903 1
1269 598 1
1269 495 1
1269 1259 1
1269 82 1
1269 383 1
1269 426 1
1269 860 1
1269 1131 1
1269 1342 1
1269 1317 1
779 1366 1
779 176 1
779 871 1
779 605 1
779 1162 1
779 233 1
779 793 1
779 942 1
779 418 1
779 1439 1
779 431 1
779 1461 1
1322 326 1
229 182 1
229 987 1
229 386 1
229 1118 1
367 496 1
367 569 1
367 1006 1
367 513 1
367 1049 1
367 8 1
367 435 1
367 510 1
714 1204 1
714 122 1
714 439 1
1440 680 1
1077 977 1
1315 906 1
1201 889 1
220 12 1
220 1218 1
220 1429 1
220 961 1
220 622 1
220 169 1
220 398 1
220 691 1
1149 331 1
1149 852 1
1149 153 1
1149 224 1
1346 654 1
1346 1060 1
1346 1276 1
1346 403 1
1346 955 1
33 1431 1
33 671 1
1423 1048 1
1423 1083 1
1423 554 1
1406 884 1
1406 186 1
211 1369 1
211 783 1
211 477 1
211 854 1
734 1327 1
734 416 1
734 1208 1
734 210 1
734 1334 1
734 1285 1
395 1470 1
395 816 1
395 699 1
395 1026 1
395 173 1
395 960 1
395 1017 1
395 426 1
395 68 1
565 203 1
565 519 1
565 255 1
565 511 1
899 125 1
899 1420 1
899 50 1
899 991 1
899 161 1
3 144 1
3 760 1
3 712 1
3 1230 1
316 777 1
316 347 1
316 1 1
14 1468 1
14 33 1
1246 455 1
839 669 1
795 514 1
795 469 1
795 103 1
795 546 1
795 886 1
1069 292 1
1069 1446 1
1069 1273 1
742 1124 1
742 1021 1
742 798 1
742 446 1
742 462 1
742 502 1
1139 934 1
307 126 1
307 1296 1
307 926 1
307 1145 1
307 402 1
201 596 1
323 433 1
323 670 1
1074 137 1
1074 971 1
1074 254 1
1074 661 1
1074 864 1
1074 877 1
1074 296 1
1074 709 1
1074 847 1
1157 1469 1
543 1292 1
543 1397 1
543 516 1
543 1171 1
543 159 1
543 140 1
24 981 1
24 1403 1
24 78 1
24 1351 1
36 948 1
36 611 1
545 365 1
545 1175 1
545 286 1
545 490 1
603 154 1
603 1350 1
603 225 1
683 1023 1
683 407 1
683 508 1
683 39 1
683 499 1
683 84 1
168 175 1
168 1188 1
168 1379 1
168 646 1
168 440 1
1415 1467 1
1415 1356 1
1415 1309 1
1415 322 1
1153 1136 1
1153 470 1
1153 547 1
1153 19 1
1153 601 1
1153 270 1
1153 30 1
1153 352 1
1153 870 1
1153 1150 1
1153 722 1
1153 374 1
1153 1432 1
1153 824 1
790 838 1
1444 1396 1
1444 1100 1
1444 1045 1
809 165 1
809 423 1
809 1247 1
809 811 1
809 1113 1
809 532 1
809 946 1
809 1453 1
809 607 1
809 643 1
809 1202 1
809 167 1
809 528 1
809 1425 1
809 681 1
809 1120 1
809 978 1
1199 150 1
1199 557 1
1199 9 1
1199 641 1
587 449 1
640 179 1
640 663 1
640 872 1
640 732 1
640 632 1
640 874 1
640 305 1
677 558 1
677 1237 1
677 190 1
405 101 1
405 821 1
803 1378 1
803 993 1
803 788 1
134 242 1
661 1270 1
486 271 1
486 707 1
486 1044 1
486 747 1
486 1031 1
917 782 1
917 81 1
959 16 1
959 815 1
959 391 1
959 107 1
960 1286 1
960 752 1
960 317 1
436 1167 1
436 1147 1
434 1433 1
1142 191 1
1142 379 1
1142 1182 1
1142 1216 1
1142 1252 1
1142 301 1
1142 211 1
1142 377 1
1142 1328 1
1142 530 1
1142 888 1
1142 427 1
1142 448 1
1142 1410 1
601 665 1
98 979 1
98 1279 1
98 624 1
98 853 1
98 262 1
98 1200 1
1361 1161 1
1225 136 1
1225 958 1
1225 1114 1
1225 41 1
1038 1249 1
1038 163 1
1038 612 1
1038 769 1
1038 802 1
1038 65 1
1038 785 1
1038 485 1
1038 627 1
1038 257 1
1038 894 1
1038 762 1
54 701 1
54 75 1
54 1082 1
54 1360 1
54 143 1
54 997 1
54 1090 1
54 591 1
54 939 1
54 336 1
54 531 1
54 1062 1
54 1139 1
54 800 1
54 1038 1
54 1260 1
54 1391 1
54 613 1
54 615 1
233 158 1
233 989 1
233 621 1
233 1280 1
233 998 1
233 399 1
757 31 1
757 1112 1
250 1413 1
250 304 1
575 1184 1
1202 552 1
1202 239 1
1202 738 1
1202 212 1
921 768 1
921 188 1
921 698 1
921 924 1
921 1180 1
921 524 1
921 283 1
921 413 1
921 1241 1
921 1117 1
921 1084 1
921 71 1
921 1267 1
921 261 1
921 1004 1
921 64 1
921 313 1
921 411 1
921 1458 1
921 734 1
921 395 1
921 302 1
921 72 1
921 1211 1
921 717 1
921 230 1
921 1265 1
921 745 1
921 1183 1
921 855 1
921 1354 1
921 1022 1
921 1158 1
921 1305 1
258 181 1
258 639 1
258 1143 1
258 458 1
258 678 1
258 1163 1
258 381 1
258 787 1
258 46 1
258 1400 1
258 1003 1
258 726 1
114 765 1
114 716 1
114 1422 1
114 180 1
114 1368 1
114 33 1
114 1051 1
114 394 1
114 721 1
114 141 1
114 164 1
114 1078 1
114 246 1
337 1319 1
709 778 1
709 1223 1
709 1251 1
709 521 1
709 76 1
709 560 1
709 919 1
709 385 1
709 134 1
709 744 1
709 1194 1
709 282 1
1196 194 1
763 1435 1
763 1041 1
763 1295 1
763 966 1
1380 1386 1
1380 1353 1
1380 1448 1
1380 1271 1
1380 617 1
1380 1418 1
1380 207 1
1380 183 1
1380 367 1
1380 545 1
1380 1401 1
1380 1055 1
1380 1013 1
1380 216 1
1380 1156 1
1380 629 1
1183 456 1
1183 437 1
1183 1405 1
1183 949 1
1183 1363 1
1183 1072 1
1183 748 1
1183 1095 1
1183 839 1
1183 819 1
1183 4 1
1183 1283 1
1183 662 1
1183 265 1
604 1086 1
604 561 1
762 1284 1
762 823 1
5 1027 1
5 869 1
463 1322 1
463 630 1
1001 197 1
1001 1081 1
1391 684 1
1391 813 1
1391 284 1
1391 243 1
1391 1098 1
901 804 1
901 1387 1
901 753 1
901 1014 1
901 38 1
901 694 1
1210 690 1
1210 252 1
1210 773 1
1210 893 1
1210 995 1
1210 696 1
1210 1344 1
1457 1460 1
1457 53 1
1039 544 1
1039 334 1
1020 718 1
1020 332 1
1020 1012 1
681 1190 1
681 375 1
681 1093 1
681 791 1
681 1144 1
681 879 1
681 372 1
681 708 1
681 1075 1
681 833 1
681 549 1
681 364 1
681 1423 1
681 651 1
681 24 1
681 1122 1
681 849 1
681 796 1
681 1089 1
681 471 1
681 430 1
681 597 1
681 505 1
348 1173 1
348 87 1
348 728 1
348 576 1
348 908 1
348 882 1
348 26 1
348 493 1
348 1207 1
848 573 1
848 1318 1
848 1466 1
848 697 1
913 1451 1
913 1187 1
913 1290 1
913 1032 1
913 1373 1
913 1258 1
913 789 1
913 969 1
913 1316 1
913 1159 1
474 1254 1
474 626 1
474 1325 1
474 1235 1
1454 113 1
1454 746 1
855 1008 1
662 360 1
505 91 1
954 1126 1
954 1197 1
954 1214 1
954 184 1
22 1472 1
22 63 1
613 1179 1
613 984 1
613 118 1
613 820 1
613 1016 1
613 1129 1
613 438 1
613 473 1
613 967 1
613 929 1
613 275 1
613 551 1
613 1314 1
613 467 1
613 289 1
613 895 1
613 138 1
613 1256 1
358 1236 1
358 711 1
1165 916 1
1383 592 1
1383 1102 1
319 357 1
319 1417 1
319 45 1
319 1058 1
319 1232 1
319 85 1
319 1299 1
319 928 1
319 5 1
895 100 1
555 856 1
555 419 1
468 15 1
468 660 1
468 638 1
468 131 1
468 20 1
468 57 1
468 450 1
1375 222 1
1375 1452 1
1375 1019 1
1375 488 1
1375 205 1
964 520 1
1158 48 1
108 368 1
108 408 1
108 578 1
108 512 1
108 491 1
108 1427 1
108 1125 1
108 309 1
655 675 1
655 244 1
655 526 1
655 1341 1
655 1367 1
655 562 1
655 341 1
390 810 1
475 1215 1
475 911 1
13 1169 1
86 982 1
86 172 1
86 775 1
86 619 1
86 1454 1
647 525 1
647 417 1
647 673 1
647 548 1
647 1071 1
647 1471 1
647 674 1
647 1393 1
647 359 1
647 1443 1
647 1268 1
647 719 1
647 540 1
647 1059 1
647 750 1
1459 109 1
1459 812 1
1459 1436 1
1459 229 1
1459 60 1
1300 1066 1
1300 354 1
1300 67 1
1300 47 1
1300 1040 1
1300 443 1
1300 146 1
1300 1226 1
1300 452 1
1300 1349 1
1300 572 1
1300 1364 1
1300 335 1
1300 958 1
1300 830 1
1300 567 1
1300 861 1
1300 1274 1
1300 1421 1
1300 217 1
1300 451 1
1300 1383 1
1300 409 1
953 825 1
953 310 1
953 295 1
953 1105 1
649 241 1
649 1146 1
649 692 1
649 28 1
649 337 1
