1615 640 1
70 1672 1
70 2005 1
70 1996 1
70 2588 1
70 472 1
70 1510 1
70 2371 1
70 1839 1
70 3167 1
70 2152 1
1673 3145 1
1673 1917 1
1673 1969 1
983 2477 1
2610 1228 1
2610 2629 1
2610 1268 1
2610 2450 1
2610 1419 1
3680 3676 1
3680 557 1
3274 1728 1
3274 1547 1
3566 2664 1
3275 1248 1
3275 865 1
2606 2120 1
1818 3186 1
1818 3761 1
1818 218 1
1818 1578 1
1818 579 1
1818 2829 1
1818 2984 1
1818 2322 1
1818 311 1
1818 2360 1
1818 2323 1
1818 2782 1
1818 2126 1
1818 2207 1
1818 2887 1
1818 1048 1
1818 574 1
1818 416 1
1818 2057 1
1818 2547 1
1818 633 1
1818 1642 1
1818 1035 1
2561 25 1
3659 539 1
3659 2580 1
3659 701 1
3659 2747 1
3659 3046 1
1761 3745 1
3305 711 1
2306 1494 1
2306 385 1
2306 3601 1
2306 269 1
2306 3769 1
2306 3757 1
2306 998 1
2306 3458 1
2306 2677 1
2306 1153 1
2306 2896 1
2306 2436 1
2306 3183 1
2306 1874 1
2306 725 1
2306 979 1
2306 2311 1
2306 2296 1
2306 2892 1
2306 1267 1
184 567 1
184 3126 1
184 52 1
2558 3558 1
2558 436 1
2558 1366 1
1610 2038 1
551 3551 1
3748 334 1
3748 3142 1
1400 1186 1
271 645 1
271 3207 1
219 3343 1
219 676 1
219 1387 1
3074 1255 1
3074 3685 1
3074 2631 1
1132 780 1
1132 521 1
2894 1767 1
2894 1294 1
1242 2273 1
1242 2993 1
1242 1503 1
1242 1055 1
1242 1231 1
1242 3703 1
1242 1226 1
1242 1027 1
543 1655 1
245 1125 1
3353 1083 1
3353 2060 1
1209 206 1
3602 2612 1
3602 1783 1
3602 2617 1
600 1181 1
600 2044 1
600 2669 1
600 1322 1
600 586 1
2557 3137 1
2557 1111 1
3615 1535 1
3615 3156 1
3615 541 1
3615 1808 1
3615 1008 1
3615 1004 1
3615 840 1
3615 3646 1
3615 3300 1
3615 2827 1
1428 3197 1
233 2833 1
233 1346 1
233 975 1
233 3149 1
233 3000 1
233 907 1
529 590 1
529 2345 1
529 3049 1
529 227 1
529 352 1
529 779 1
529 1765 1
715 1259 1
715 1078 1
715 2670 1
715 763 1
715 2114 1
715 3192 1
715 2221 1
715 3454 1
715 2520 1
715 2759 1
715 3657 1
715 2936 1
715 1584 1
715 2495 1
715 1713 1
715 808 1
715 2261 1
715 1660 1
715 3636 1
715 2268 1
3060 1356 1
3060 1989 1
3060 2506 1
3060 2010 1
3060 3714 1
3060 3397 1
3060 3399 1
2660 921 1
1232 597 1
1232 2856 1
1232 12 1
1232 1586 1
3546 1992 1
3546 2274 1
3546 3288 1
3546 2729 1
3546 2166 1
3546 1824 1
3546 3718 1
3546 1447 1
3546 1762 1
3546 1066 1
2438 1416 1
2438 3630 1
535 1399 1
912 319 1
912 963 1
912 3214 1
912 2998 1
788 2966 1
3321 526 1
923 3048 1
923 3177 1
923 2817 1
923 1016 1
923 337 1
923 722 1
923 3495 1
923 3096 1
923 3534 1
923 241 1
2534 3361 1
2534 1240 1
2534 194 1
2534 2985 1
2534 309 1
2534 3598 1
2880 2621 1
1621 3735 1
1621 837 1
1621 1051 1
3123 2050 1
3123 1614 1
3123 1829 1
3123 552 1
3123 906 1
3123 1193 1
174 2899 1
174 497 1
174 791 1
174 2604 1
293 2490 1
293 2222 1
293 2553 1
293 414 1
293 3401 1
2269 1211 1
956 1755 1
956 2064 1
956 1406 1
956 2196 1
956 997 1
956 3070 1
956 2104 1
956 3360 1
956 537 1
956 2491 1
956 2691 1
1643 752 1
2098 2315 1
544 1885 1
544 1862 1
544 1162 1
544 2107 1
544 1591 1
544 2320 1
544 2686 1
544 1058 1
544 1474 1
544 1239 1
544 1828 1
544 1223 1
544 999 1
2931 2632 1
2931 1863 1
2931 2180 1
3324 1998 1
3324 2574 1
3324 238 1
3324 1942 1
3324 1031 1
3324 1274 1
3324 237 1
3324 1948 1
3324 2748 1
3324 582 1
3324 1215 1
3324 3481 1
3324 1633 1
3324 3742 1
3324 2643 1
3324 3728 1
3324 2513 1
3324 158 1
3324 428 1
3733 2569 1
3733 3779 1
883 601 1
883 1380 1
883 957 1
883 3371 1
883 3412 1
883 2537 1
883 2198 1
883 2483 1
1141 3100 1
1141 3785 1
1082 475 1
914 1039 1
914 3480 1
3610 3678 1
2096 2842 1
2096 875 1
2096 2283 1
2096 2915 1
2096 463 1
2096 723 1
2096 2869 1
2096 377 1
2096 602 1
2096 2093 1
2096 805 1
2429 3315 1
2429 457 1
2429 41 1
2429 19 1
2429 1857 1
2115 1136 1
2115 1664 1
2115 2694 1
2115 1908 1
960 64 1
960 3381 1
960 3178 1
960 2091 1
960 2969 1
960 287 1
960 1479 1
960 2003 1
960 714 1
960 1436 1
960 1999 1
960 884 1
960 3571 1
960 1172 1
875 1869 1
875 3688 1
875 3759 1
875 2675 1
875 1831 1
875 1563 1
875 2779 1
875 736 1
875 321 1
875 365 1
580 2697 1
1593 3004 1
1593 2536 1
1593 1438 1
1078 2214 1
1078 3425 1
1078 2066 1
1078 2722 1
1078 3224 1
1078 2173 1
2282 1674 1
2282 618 1
2282 2977 1
2282 2877 1
3656 1431 1
3656 785 1
3656 2348 1
3656 1455 1
3656 824 1
3656 893 1
3656 3389 1
3656 1397 1
3656 2663 1
1318 3489 1
1318 51 1
1318 1123 1
1318 3089 1
3432 2905 1
3432 1351 1
3432 1723 1
3432 1076 1
3067 1692 1
3067 2027 1
3067 1575 1
3067 1071 1
3067 3055 1
3067 2891 1
3067 2719 1
2458 1286 1
2458 3153 1
2458 3456 1
2458 1854 1
2458 1518 1
2458 654 1
2458 3244 1
2458 2395 1
2458 359 1
2458 3347 1
2458 3233 1
3146 2920 1
2780 1882 1
2780 1103 1
2780 1923 1
2780 2909 1
2780 1577 1
2780 3424 1
2780 547 1
2780 3393 1
3069 1340 1
3069 1009 1
3069 2015 1
3069 3724 1
3069 777 1
3069 666 1
3069 2793 1
3069 2485 1
237 3200 1
2851 1086 1
2851 1424 1
2851 3648 1
1825 577 1
1825 3606 1
1825 812 1
1825 636 1
1825 2781 1
1825 1864 1
1825 2041 1
1825 3485 1
1825 1860 1
1825 3370 1
1825 3527 1
2692 1348 1
2692 2733 1
498 1708 1
599 1470 1
599 3154 1
599 485 1
599 3469 1
599 3427 1
599 1281 1
599 823 1
599 2570 1
599 1108 1
599 2522 1
599 2589 1
122 1940 1
1243 948 1
3362 2710 1
3362 1570 1
3362 914 1
3362 1367 1
3362 2140 1
3362 2346 1
3362 88 1
3362 3285 1
3362 2625 1
3362 3480 1
3362 2314 1
3362 1326 1
3362 578 1
803 1319 1
803 594 1
1453 2855 1
1453 2939 1
1453 928 1
1453 581 1
3160 1710 1
3160 2037 1
2474 2224 1
1119 3065 1
1119 2755 1
1119 2471 1
1119 1116 1
1517 924 1
3601 647 1
3117 3690 1
3117 3410 1
3117 45 1
3117 68 1
361 3150 1
361 1000 1
855 3434 1
855 3111 1
855 179 1
855 2523 1
855 1629 1
855 3228 1
855 2449 1
855 3344 1
855 421 1
1278 3083 1
1278 3081 1
1278 3086 1
1278 1040 1
1278 2955 1
1278 1218 1
152 1896 1
152 1663 1
152 1876 1
152 2365 1
152 2803 1
152 3780 1
1711 935 1
1711 1532 1
1711 3115 1
1711 2112 1
1711 3263 1
1711 411 1
1711 3057 1
515 1323 1
515 1622 1
2247 2971 1
2818 2888 1
2818 888 1
2818 1315 1
2818 2683 1
2818 1429 1
2818 2431 1
2818 2021 1
3626 1632 1
3626 21 1
3626 1785 1
3452 1910 1
2927 2049 1
2927 1594 1
2927 1191 1
2757 2298 1
2757 1059 1
459 2415 1
459 2193 1
459 288 1
459 1891 1
459 628 1
459 835 1
459 3229 1
459 1188 1
459 585 1
459 1290 1
2107 1052 1
2107 235 1
259 1976 1
259 2478 1
259 3331 1
259 1717 1
259 1291 1
259 3030 1
2711 3362 1
2711 3420 1
2711 156 1
1875 210 1
1875 1045 1
1875 951 1
1875 3763 1
1875 2708 1
1875 262 1
1875 3422 1
1875 3612 1
3306 1605 1
3306 275 1
1388 1981 1
1388 460 1
1388 2266 1
1388 398 1
1388 2597 1
1388 3732 1
1388 3523 1
1388 522 1
1388 3259 1
1388 2277 1
220 461 1
220 1472 1
1030 2260 1
1030 862 1
1030 3444 1
1030 429 1
1030 1163 1
1030 2586 1
1030 1766 1
1030 3400 1
1030 2913 1
1030 3591 1
1030 2922 1
1030 221 1
1030 900 1
1030 2944 1
1030 1466 1
1030 1445 1
1030 1667 1
1030 2069 1
1030 3770 1
1030 915 1
1030 1157 1
1030 2525 1
1030 1617 1
1030 1768 1
2756 2581 1
2756 773 1
2756 2486 1
2756 298 1
2756 2678 1
2477 974 1
2554 801 1
2554 410 1
2554 2800 1
2554 1446 1
2554 2738 1
2554 3133 1
2554 2343 1
2554 789 1
317 1690 1
3759 2108 1
3112 3250 1
611 2857 1
611 528 1
611 95 1
611 708 1
611 3125 1
611 1739 1
743 488 1
743 388 1
743 514 1
743 2826 1
743 3082 1
743 603 1
743 1595 1
743 1081 1
743 3725 1
743 2566 1
743 2690 1
743 392 1
743 1499 1
743 2146 1
743 2204 1
743 3673 1
743 119 1
743 1536 1
743 807 1
743 53 1
2826 405 1
2826 1730 1
2826 800 1
2826 2806 1
3756 2744 1
3756 2712 1
3756 2178 1
3557 3726 1
3557 3563 1
3557 878 1
3557 799 1
3557 3084 1
3557 3575 1
3557 1950 1
3557 1974 1
3557 3165 1
3427 3366 1
3427 1041 1
3427 659 1
3427 3195 1
3427 3707 1
3427 3325 1
3427 1283 1
3427 1572 1
3427 2381 1
3427 2228 1
3427 762 1
3682 2791 1
1634 2294 1
1634 3650 1
1634 2758 1
1634 1318 1
1634 650 1
1634 908 1
1634 3783 1
1634 2556 1
2446 3110 1
2025 576 1
3563 822 1
3563 3383 1
3722 2633 1
3722 2866 1
3722 2796 1
2208 1836 1
458 2113 1
458 396 1
458 3784 1
458 2872 1
458 2213 1
458 2372 1
458 2599 1
458 2161 1
458 2716 1
458 1853 1
458 1014 1
458 1114 1
458 3450 1
458 1306 1
458 299 1
458 831 1
458 2245 1
458 1362 1
458 2400 1
3162 964 1
3162 937 1
2675 3103 1
2675 447 1
2675 1526 1
2675 1715 1
2675 1760 1
2675 1619 1
2675 950 1
1909 1359 1
3178 462 1
3178 828 1
3178 268 1
3178 2950 1
3178 456 1
3178 2219 1
3178 2735 1
3178 1310 1
1463 3463 1
1463 827 1
1463 727 1
1463 934 1
1463 3704 1
1463 1184 1
1463 1105 1
1463 3516 1
2761 1573 1
2761 3698 1
2761 1531 1
2761 531 1
2761 2987 1
2761 79 1
2761 3775 1
2761 3455 1
919 1378 1
919 2119 1
919 3428 1
157 2910 1
157 2077 1
157 1038 1
157 2954 1
157 815 1
157 3025 1
2125 372 1
2125 2437 1
2125 382 1
2125 2254 1
2125 257 1
2125 3502 1
2125 1469 1
2125 704 1
2125 2965 1
713 2165 1
713 1938 1
713 2554 1
713 2402 1
713 748 1
713 2330 1
713 1798 1
713 3106 1
713 3665 1
3245 3491 1
2234 501 1
2234 1173 1
2234 902 1
2234 1930 1
288 2284 1
1567 2982 1
1567 987 1
2008 2981 1
2008 1 1
2008 1789 1
2008 1325 1
2008 2401 1
2008 3241 1
2008 3628 1
2008 3276 1
2008 3459 1
2008 662 1
2008 1845 1
2670 2004 1
2358 3098 1
2243 395 1
2243 3746 1
1028 3493 1
1028 2727 1
3603 2644 1
3603 702 1
3141 2389 1
3141 255 1
2465 3107 1
1204 3777 1
3371 3282 1
3371 2423 1
3371 3594 1
3371 895 1
3513 1145 1
3513 1423 1
3513 1941 1
2209 1954 1
2209 2375 1
2209 1137 1
2134 2794 1
1751 657 1
1751 2879 1
1751 474 1
1751 167 1
1751 2087 1
1751 3097 1
1751 247 1
1751 3128 1
1751 3708 1
1751 39 1
3364 180 1
3364 29 1
3364 3547 1
3364 2822 1
3364 296 1
1483 2390 1
1483 703 1
1483 1770 1
1483 3127 1
1483 426 1
1483 3144 1
1483 3225 1
709 1852 1
709 2333 1
709 2153 1
709 1624 1
709 2131 1
709 2085 1
709 413 1
282 1253 1
282 958 1
282 316 1
282 1555 1
282 1064 1
282 3653 1
16 2820 1
16 3418 1
16 3671 1
16 1916 1
16 1117 1
16 530 1
16 2772 1
16 2026 1
16 17 1
16 570 1
16 234 1
16 171 1
16 2203 1
16 1592 1
16 3029 1
16 1042 1
1159 2144 1
1159 2121 1
1159 2889 1
1159 2275 1
1159 868 1
1159 3540 1
1159 133 1
1159 2267 1
1159 2179 1
1159 236 1
1159 3496 1
1159 3484 1
3776 175 1
3776 3488 1
211 2227 1
211 2444 1
1061 1527 1
1061 83 1
1061 3043 1
1061 3021 1
1061 1207 1
1061 2262 1
1061 1726 1
1061 2028 1
1061 1732 1
1061 341 1
1061 558 1
1061 338 1
1061 598 1
1061 920 1
1061 2099 1
1061 1089 1
1675 2479 1
332 417 1
332 1072 1
332 3064 1
1298 1464 1
2442 3405 1
2442 2159 1
2442 3661 1
2442 2840 1
2442 125 1
270 3279 1
270 1748 1
270 2176 1
270 1960 1
3474 3310 1
269 3681 1
269 2593 1
269 3617 1
269 222 1
269 1639 1
269 1222 1
3457 1371 1
3457 754 1
3457 3356 1
3457 465 1
3457 1214 1
3457 3342 1
3457 3039 1
3457 949 1
3457 1311 1
393 283 1
1106 70 1
1106 2493 1
1106 1265 1
1106 2756 1
1106 3603 1
1106 440 1
1106 1100 1
1106 441 1
1106 1865 1
1106 1011 1
1106 3320 1
1106 381 1
1106 696 1
1106 1943 1
1106 1602 1
1106 1497 1
1106 3211 1
1106 1327 1
1106 952 1
1724 297 1
3439 1056 1
2007 207 1
2007 2458 1
2007 2442 1
2007 3507 1
2007 3404 1
2007 1018 1
2007 239 1
2007 2948 1
2007 699 1
2007 3692 1
2007 2651 1
1144 1132 1
1144 3615 1
1144 3622 1
1144 2398 1
1144 75 1
1144 2626 1
1144 2234 1
1144 2656 1
1144 464 1
1144 1109 1
1144 2830 1
1144 3741 1
1144 2849 1
1144 816 1
1144 972 1
1144 267 1
1144 1178 1
1144 1771 1
1144 56 1
1144 1220 1
1144 205 1
1144 1581 1
1144 3302 1
1144 3672 1
1144 2863 1
608 904 1
2417 415 1
2417 2236 1
2417 2894 1
2417 1587 1
2417 3358 1
2417 3549 1
2417 1174 1
2417 3614 1
2417 1484 1
2417 1929 1
2417 1872 1
2417 1372 1
2417 1164 1
2417 1676 1
2417 278 1
2417 483 1
2417 3716 1
2417 1404 1
2417 3129 1
2417 2305 1
2417 1210 1
2417 2170 1
2417 1221 1
2417 3781 1
120 3264 1
120 2764 1
120 1704 1
120 2117 1
120 1986 1
120 508 1
120 1821 1
120 3440 1
120 2873 1
120 3363 1
120 2956 1
1539 504 1
1539 1868 1
289 1809 1
3785 1444 1
790 185 1
790 2145 1
790 2591 1
790 1487 1
790 2771 1
790 3737 1
790 1544 1
790 412 1
790 3627 1
476 821 1
476 2773 1
476 2813 1
476 217 1
476 2789 1
476 2499 1
476 3283 1
476 2741 1
476 2232 1
476 3478 1
476 1175 1
2801 2610 1
2801 3275 1
2801 3390 1
2801 1810 1
2801 1010 1
2801 3230 1
2801 3486 1
2801 3160 1
2801 1021 1
2801 3018 1
2801 2427 1
2801 134 1
2801 2592 1
2801 746 1
2801 1170 1
2801 1837 1
2801 1087 1
2801 660 1
2801 1449 1
2801 991 1
2801 1893 1
2499 1733 1
2499 2399 1
1677 1564 1
1677 619 1
1677 2331 1
1677 770 1
1046 3169 1
3215 1368 1
3683 3608 1
3683 2572 1
3683 2318 1
3683 2195 1
3683 1069 1
3683 1523 1
2211 339 1
1179 1288 1
1179 2076 1
1179 1053 1
1179 1994 1
1179 3554 1
632 3080 1
632 129 1
632 947 1
632 3431 1
632 3466 1
632 1959 1
632 2597 1
632 2086 1
632 2122 1
632 173 1
632 555 1
632 2233 1
632 2929 1
632 31 1
632 1899 1
632 2810 1
632 478 1
632 1926 1
632 486 1
632 394 1
744 2036 1
2249 2223 1
2805 2582 1
18 2011 1
2934 1780 1
2934 589 1
2543 3182 1
2543 3006 1
2543 1460 1
2543 258 1
2000 1745 1
2000 1736 1
2000 147 1
2000 804 1
2000 244 1
2000 634 1
2000 3322 1
2000 3446 1
2000 3045 1
2000 3379 1
2000 1903 1
191 2309 1
191 2201 1
191 2155 1
191 919 1
191 2528 1
191 2291 1
726 202 1
3348 1333 1
3348 819 1
3348 290 1
3348 1360 1
3348 2332 1
3348 1169 1
3348 1410 1
3348 2945 1
1138 2097 1
2837 1314 1
2837 2989 1
2837 1522 1
2837 284 1
1985 2014 1
1985 2191 1
1985 384 1
612 2029 1
612 489 1
612 3296 1
612 3194 1
612 1701 1
612 1539 1
612 3231 1
612 442 1
612 3472 1
612 1746 1
612 3297 1
612 1085 1
612 229 1
612 1894 1
612 1277 1
612 1258 1
612 2923 1
612 2808 1
612 2339 1
612 642 1
612 556 1
2878 3077 1
2878 1718 1
2878 494 1
1442 2695 1
1442 3246 1
1442 2937 1
1442 604 1
1442 1418 1
2770 810 1
2770 1990 1
2770 2466 1
2770 3003 1
2770 366 1
2770 2568 1
2770 1720 1
2770 1823 1
2770 1802 1
2770 2562 1
2770 3337 1
671 2092 1
671 5 1
671 1202 1
671 3414 1
944 1819 1
944 3112 1
944 3345 1
944 1320 1
944 2564 1
944 2958 1
944 61 1
944 712 1
944 1426 1
3409 1756 1
3409 1448 1
559 3609 1
559 2183 1
1372 1596 1
1372 36 1
3120 3217 1
3120 2141 1
3120 2875 1
3120 1256 1
3120 3336 1
3120 3616 1
3155 2778 1
3155 466 1
3155 3375 1
3155 3265 1
3155 444 1
3155 2787 1
3155 367 1
890 2510 1
890 739 1
818 2446 1
818 859 1
818 3738 1
818 3599 1
818 613 1
441 2619 1
3490 2542 1
3490 2279 1
3490 2743 1
3490 22 1
3490 3720 1
3490 512 1
3490 1241 1
3490 3124 1
3490 1750 1
765 161 1
765 1513 1
1920 3319 1
1920 2071 1
1920 889 1
1796 2302 1
1796 1984 1
1796 3574 1
1796 3075 1
1796 231 1
1796 2539 1
1796 1477 1
1796 3715 1
1796 140 1
1796 3740 1
2782 1781 1
2782 2310 1
2782 3376 1
2782 2248 1
2782 1758 1
2782 2327 1
2782 249 1
764 778 1
2297 1834 1
2297 101 1
2297 351 1
2297 1381 1
2297 3756 1
2297 1554 1
2297 2383 1
2297 2256 1
2297 1871 1
2297 3223 1
2297 1208 1
2297 3179 1
2297 1263 1
2297 2924 1
2297 1650 1
2297 1476 1
1008 77 1
1008 2760 1
1008 3247 1
1349 3022 1
1349 3251 1
44 510 1
1183 2724 1
2221 2295 1
2221 3113 1
2221 716 1
2221 2635 1
2221 718 1
2221 1698 1
2221 3524 1
2221 3053 1
2221 3579 1
2221 3040 1
2221 669 1
2221 467 1
2221 1957 1
3507 1611 1
3507 2062 1
3507 2240 1
3507 2171 1
3507 3467 1
3507 3341 1
3507 3199 1
3507 1651 1
1176 672 1
2492 1610 1
2492 792 1
2492 8 1
2492 1593 1
2492 3548 1
2492 2474 1
2492 3254 1
2492 553 1
2492 3764 1
2492 3439 1
2492 1731 1
2492 2801 1
2492 126 1
2492 2918 1
2492 3163 1
2492 379 1
2492 3782 1
2492 3550 1
2492 1947 1
2492 62 1
2492 1150 1
2492 118 1
2492 1425 1
2492 1353 1
2492 519 1
2492 2453 1
2492 1392 1
2492 403 1
2492 2336 1
2492 839 1
2492 1991 1
2492 3572 1
2492 1525 1
2492 1689 1
261 187 1
261 1276 1
261 449 1
111 291 1
111 3641 1
111 3660 1
111 2715 1
111 3066 1
111 2200 1
111 1719 1
111 3552 1
111 876 1
111 103 1
111 1332 1
111 3773 1
111 3314 1
3497 1264 1
718 2953 1
718 734 1
718 2615 1
718 3101 1
718 2246 1
2194 1149 1
2194 1846 1
2194 1550 1
2194 2264 1
2194 3600 1
2194 693 1
2716 2967 1
2716 2790 1
1952 2306 1
1952 715 1
1952 1331 1
1952 3441 1
1952 1106 1
1952 2634 1
1952 3567 1
1952 1623 1
1952 492 1
1952 787 1
1952 1551 1
1952 1433 1
1952 533 1
1043 3161 1
2772 847 1
2772 2464 1
2772 2039 1
2772 2620 1
2772 155 1
2772 2730 1
2772 3187 1
3553 3778 1
3553 1524 1
3553 1358 1
3000 2804 1
3000 2721 1
3000 2106 1
3000 2507 1
3000 266 1
3000 93 1
705 78 1
705 3196 1
127 903 1
127 2587 1
2355 1435 1
850 190 1
850 1377 1
850 1803 1
850 3629 1
850 2704 1
850 3492 1
850 3694 1
850 673 1
850 2702 1
850 490 1
850 2373 1
850 2600 1
850 81 1
850 1822 1
850 910 1
850 2386 1
1698 2394 1
1698 1411 1
2769 2103 1
2769 189 1
2769 675 1
2769 3171 1
2769 2393 1
2769 2739 1
2769 993 1
2769 3019 1
2769 2359 1
2769 2852 1
2769 1203 1
2769 3438 1
2769 1804 1
2769 14 1
2769 2895 1
2769 2154 1
2769 1224 1
2769 2469 1
2769 1005 1
620 2754 1
620 768 1
620 94 1
620 2185 1
620 3367 1
620 737 1
620 1961 1
620 26 1
620 3130 1
620 2898 1
620 1373 1
520 3269 1
520 3301 1
520 402 1
333 1944 1
333 3152 1
333 3696 1
333 2434 1
333 3291 1
333 527 1
333 1177 1
377 2751 1
377 2974 1
377 355 1
377 1945 1
377 3506 1
377 2073 1
377 1293 1
377 3479 1
377 852 1
377 584 1
377 3786 1
1970 2040 1
1970 1098 1
1970 468 1
1970 3419 1
997 240 1
997 2994 1
2080 1648 1
2080 3475 1
3212 3521 1
3212 295 1
3212 534 1
1534 273 1
1534 1569 1
1534 1118 1
1534 663 1
1534 1488 1
1534 2930 1
1534 2272 1
1129 1774 1
1129 3151 1
1128 1297 1
1128 2868 1
1128 2017 1
1128 3058 1
1128 896 1
1128 182 1
1128 565 1
1074 1233 1
1074 445 1
2520 2605 1
3002 1630 1
3002 2384 1
3002 226 1
3002 315 1
3002 60 1
3002 2838 1
3002 2356 1
3002 1133 1
3002 2637 1
3002 918 1
1150 1962 1
1150 1395 1
1150 2509 1
1150 2412 1
1150 2516 1
1150 2639 1
1150 1558 1
1150 3221 1
1150 3559 1
1150 178 1
1150 1695 1
1150 887 1
1150 3312 1
1150 3562 1
3538 452 1
3538 3028 1
3538 2578 1
3538 1911 1
3538 2999 1
3538 2816 1
3538 3327 1
1108 706 1
1108 1317 1
1108 2674 1
1108 1020 1
1108 1877 1
1108 1475 1
2320 2548 1
2320 2454 1
2320 3498 1
2320 1682 1
340 2418 1
340 1832 1
340 1500 1
340 2189 1
1992 1088 1
1992 2928 1
1992 1537 1
1992 477 1
1992 2839 1
2271 802 1
2271 1644 1
3232 832 1
2703 2031 1
2703 1907 1
3633 2130 1
3633 758 1
3633 1505 1
3633 3050 1
3633 274 1
3633 3669 1
3633 1924 1
2986 1873 1
2986 606 1
2986 1579 1
2986 1820 1
1652 1835 1
3499 3541 1
1746 1338 1
150 569 1
150 995 1
150 955 1
150 1478 1
150 195 1
3462 380 1
3462 1936 1
3462 3517 1
3462 1385 1
1905 3146 1
1905 138 1
1905 40 1
1905 2084 1
1905 772 1
1905 148 1
1905 3293 1
1905 1072 1
1905 1635 1
1905 942 1
1905 331 1
1905 1993 1
1905 959 1
1905 2951 1
1905 1966 1
1865 1120 1
1865 2713 1
1865 292 1
1865 1925 1
2259 1015 1
2259 511 1
1678 2357 1
1678 1440 1
1678 1341 1
2291 1328 1
2291 1541 1
2291 1740 1
2636 2571 1
560 2968 1
560 2135 1
560 566 1
560 3679 1
560 1197 1
560 1334 1
1623 761 1
1623 3114 1
1623 3139 1
1623 1759 1
1623 2502 1
1623 2325 1
1623 3242 1
1623 2638 1
1623 591 1
1623 3666 1
1623 1236 1
1623 196 1
1623 2053 1
480 55 1
480 376 1
480 2684 1
480 2101 1
3297 3674 1
793 561 1
793 2043 1
2494 2319 1
2494 1607 1
2494 626 1
2494 2235 1
2494 917 1
984 2139 1
984 3642 1
464 2424 1
464 605 1
464 1432 1
464 2349 1
1085 2699 1
1085 342 1
1085 609 1
2925 1566 1
2925 540 1
2925 2585 1
2925 2655 1
2925 2419 1
2925 1677 1
2925 1647 1
2925 302 1
2925 82 1
2925 1946 1
2925 308 1
2925 3582 1
2925 3522 1
2925 253 1
2925 1931 1
2925 2342 1
2925 89 1
2925 2055 1
2925 3377 1
2925 1838 1
2925 2197 1
2925 1666 1
2925 1437 1
2452 2511 1
2452 677 1
2452 580 1
2452 1830 1
2452 1879 1
2452 3407 1
2452 1721 1
2753 499 1
1550 3357 1
2594 3033 1
2594 2649 1
2594 848 1
2594 3529 1
2594 2147 1
2594 3494 1
2594 2022 1
2594 1183 1
2594 2769 1
2594 340 1
2594 3339 1
2594 2225 1
2594 1234 1
2594 2440 1
2594 2671 1
2594 1050 1
2594 3623 1
2594 1589 1
472 1618 1
472 1779 1
472 1859 1
1584 3007 1
602 3682 1
602 3555 1
602 1901 1
602 2428 1
602 724 1
602 2016 1
602 2100 1
602 3471 1
908 3675 1
908 3317 1
908 3662 1
908 1200 1
3332 523 1
3332 898 1
3332 34 1
3332 2143 1
3332 1506 1
3332 890 1
3332 3586 1
3332 1608 1
3332 2239 1
3332 1665 1
3332 2926 1
3332 2090 1
3332 1339 1
3332 1735 1
3332 939 1
3332 1140 1
3332 3649 1
1805 90 1
1805 3012 1
1805 3604 1
1805 3556 1
1805 1778 1
1805 2858 1
1805 2897 1
1805 344 1
1805 1024 1
2003 2672 1
2003 279 1
2003 2687 1
1079 2864 1
1079 2726 1
2239 3071 1
2239 1849 1
2616 1881 1
2616 286 1
2616 803 1
2616 2013 1
2616 1282 1
2616 2943 1
2616 3311 1
193 1280 1
193 2035 1
193 1652 1
193 1084 1
3738 1851 1
1627 2518 1
1627 2807 1
1627 2693 1
368 1669 1
368 1187 1
368 3346 1
368 728 1
2503 3620 1
2503 3213 1
1713 437 1
1713 27 1
1713 1383 1
1713 1080 1
1713 3234 1
1713 1757 1
1713 2162 1
1713 2061 1
1713 23 1
1713 2658 1
1713 438 1
1713 2749 1
1625 2447 1
1625 1968 1
1576 3172 1
1576 1443 1
1576 1369 1
1576 3511 1
1576 1656 1
3578 2767 1
1956 142 1
1956 3201 1
1956 3710 1
1956 3062 1
1956 2861 1
1956 2475 1
1956 667 1
248 2666 1
248 2404 1
248 1597 1
248 3396 1
248 132 1
248 749 1
248 1521 1
1574 882 1
1574 2745 1
1574 3729 1
2990 1342 1
2990 771 1
2990 3519 1
2990 2285 1
2990 774 1
3131 686 1
2539 2811 1
2539 407 1
2539 2292 1
552 3298 1
552 3330 1
477 243 1
477 683 1
477 1343 1
2396 3026 1
2396 989 1
2396 115 1
2396 954 1
2396 2853 1
2396 263 1
2396 1812 1
1427 3218 1
1427 1548 1
1427 3387 1
1427 1205 1
1427 806 1
1427 2902 1
1427 554 1
1427 1900 1
1427 3561 1
2603 1752 1
2033 965 1
1487 3560 1
3661 1995 1
3661 264 1
3661 564 1
3661 2012 1
1197 968 1
1197 2652 1
719 223 1
719 1257 1
719 276 1
719 926 1
719 1707 1
719 2344 1
719 3020 1
719 2488 1
808 1590 1
808 1330 1
808 1840 1
808 2886 1
808 3721 1
808 2056 1
808 1565 1
808 91 1
808 2382 1
401 1195 1
2531 2174 1
2531 849 1
2531 3140 1
2531 1683 1
2531 3017 1
2531 1659 1
2531 994 1
2531 2420 1
2531 252 1
2009 1861 1
2971 2601 1
2971 1249 1
2164 2533 1
2164 3500 1
2164 1408 1
2164 1932 1
2164 1335 1
2164 2216 1
2164 2276 1
2508 2792 1
2508 1238 1
2508 325 1
2508 2757 1
2508 2559 1
2508 2304 1
2508 966 1
2508 687 1
2508 2552 1
2508 2753 1
2508 3249 1
2508 96 1
2508 3164 1
2508 549 1
2508 2451 1
2508 192 1
2508 1951 1
131 2001 1
404 149 1
404 781 1
404 3222 1
404 1361 1
404 916 1
404 2795 1
404 2058 1
404 2299 1
404 3095 1
962 2361 1
962 2766 1
962 2512 1
962 1963 1
738 2734 1
738 32 1
738 2978 1
738 3108 1
3763 2814 1
3763 1603 1
1705 3158 1
1705 3436 1
1705 3266 1
1705 2137 1
1958 782 1
1958 1841 1
1958 3273 1
1813 3255 1
1813 909 1
1813 3318 1
1436 610 1
1436 1794 1
1436 170 1
1436 3635 1
1436 1275 1
2565 2667 1
2565 1661 1
2565 2972 1
2565 1515 1
2565 3278 1
2565 3215 1
2565 664 1
2565 2355 1
2565 1134 1
2565 3501 1
2565 209 1
2565 751 1
2565 953 1
2565 84 1
2565 3299 1
2565 2079 1
2565 1161 1
2565 1269 1
2565 3415 1
2067 783 1
2907 336 1
2907 3619 1
2907 1250 1
2907 2470 1
2907 1703 1
2564 2595 1
2564 482 1
2564 2515 1
550 3001 1
550 2900 1
550 1389 1
550 874 1
2462 2247 1
2462 2906 1
2462 2541 1
2462 3079 1
2462 3303 1
2462 2286 1
2462 484 1
2462 1405 1
2462 496 1
3487 2550 1
3487 2762 1
1189 2561 1
1189 543 1
1189 2065 1
1189 3430 1
1189 1604 1
1189 899 1
1189 1043 1
1189 2947 1
1189 3193 1
1189 422 1
1189 1309 1
1189 3631 1
1189 1217 1
1189 1336 1
4 1775 1
4 1606 1
4 2167 1
4 1684 1
4 151 1
2237 1151 1
2237 551 1
2237 3449 1
2237 588 1
2237 2728 1
2237 532 1
2237 705 1
2237 2823 1
2237 1967 1
2237 2210 1
2237 2653 1
2237 3203 1
2237 2321 1
2237 961 1
2237 1902 1
2237 3520 1
2237 1722 1
2237 3730 1
3035 3717 1
3035 1791 1
3035 479 1
3035 100 1
3035 305 1
3035 1585 1
239 2650 1
239 3569 1
681 784 1
681 271 1
681 1243 1
681 3198 1
681 3076 1
681 1626 1
2653 3689 1
2653 3180 1
2653 176 1
483 2645 1
2988 105 1
2988 1421 1
2988 2008 1
2988 1107 1
2988 3652 1
2988 2422 1
2959 1509 1
2959 3391 1
2959 1949 1
2959 1398 1
2959 689 1
3252 1687 1
3252 2249 1
3252 191 1
3252 2259 1
3252 3535 1
3252 3287 1
3252 1057 1
3252 391 1
3543 2188 1
3543 2110 1
3543 2063 1
3543 2184 1
3543 516 1
3543 1417 1
3543 502 1
1481 1403 1
1481 1146 1
3005 2023 1
3005 2317 1
3005 3733 1
3005 3067 1
3005 122 1
3005 1688 1
3005 3162 1
3005 3596 1
3005 2805 1
3005 1155 1
3005 2278 1
3005 2832 1
3005 3181 1
3005 691 1
3005 1026 1
3005 1886 1
3005 2890 1
3005 1496 1
323 2723 1
323 3713 1
255 1643 1
255 1036 1
3327 2883 1
2948 246 1
2948 3085 1
2948 2862 1
2948 2414 1
1582 1454 1
1582 2504 1
1582 1549 1
860 423 1
860 1747 1
860 3208 1
860 1489 1
860 2169 1
860 251 1
1489 846 1
3579 1645 1
3579 1075 1
2387 616 1
2387 2308 1
2387 2374 1
2111 2865 1
2111 1229 1
2111 3010 1
2111 1646 1
2111 2335 1
2111 2750 1
2059 1013 1
2059 2700 1
2059 2338 1
117 3508 1
117 1939 1
117 1773 1
117 3121 1
117 3543 1
117 1749 1
117 162 1
117 304 1
2453 42 1
416 1975 1
416 1329 1
416 2659 1
416 408 1
416 1285 1
1283 1396 1
3716 364 1
3716 2430 1
3716 2834 1
3716 1227 1
3716 3580 1
3716 1270 1
3716 1508 1
3716 87 1
3716 2661 1
3036 50 1
3036 853 1
2212 1545 1
2212 2439 1
2212 400 1
2212 3191 1
2212 2094 1
2212 2579 1
829 2046 1
829 2002 1
829 978 1
2714 1019 1
2714 2736 1
492 3382 1
492 3566 1
492 1528 1
492 1850 1
492 2282 1
492 3743 1
492 3258 1
492 2812 1
492 2859 1
492 3068 1
492 211 1
492 332 1
492 694 1
492 1074 1
492 614 1
492 2809 1
492 2616 1
492 3295 1
492 1576 1
492 2387 1
492 757 1
492 1272 1
492 1826 1
492 1180 1
492 104 1
492 2882 1
492 2307 1
492 2142 1
794 2573 1
794 985 1
794 453 1
794 3413 1
794 2611 1
794 318 1
3122 3587 1
3122 943 1
3122 491 1
3122 1473 1
3122 3216 1
3122 1001 1
3122 3706 1
3122 3091 1
3122 3015 1
2160 2797 1
2160 345 1
2160 1073 1
2160 1912 1
2160 1388 1
2160 2498 1
2160 3031 1
2160 224 1
2160 3768 1
2160 3584 1
2160 826 1
2160 3588 1
2160 431 1
2160 399 1
2116 1313 1
1999 1462 1
1999 3253 1
1999 1987 1
1999 1764 1
1999 2220 1
1999 2410 1
1999 922 1
2831 3639 1
769 326 1
769 2681 1
3605 1609 1
2776 3260 1
1392 2496 1
1392 3116 1
1392 2350 1
1392 1457 1
1392 208 1
1599 3532 1
1599 418 1
1599 1601 1
1599 2871 1
1599 3235 1
1599 63 1
1599 2191 1
1599 3313 1
1599 3476 1
1599 680 1
1599 2408 1
2640 1126 1
2640 2624 1
371 2740 1
371 2158 1
371 1034 1
371 2241 1
371 3044 1
371 2463 1
371 2075 1
371 3308 1
371 1490 1
3341 1129 1
3518 3385 1
144 3766 1
144 2901 1
144 3656 1
144 3374 1
144 3384 1
144 2047 1
144 2975 1
144 3727 1
144 2907 1
144 2828 1
144 3267 1
144 627 1
144 10 1
786 1486 1
786 2476 1
786 2081 1
786 542 1
786 2774 1
786 795 1
786 177 1
2132 2231 1
2132 503 1
2132 168 1
2132 710 1
2132 2068 1
1653 1714 1
2407 3589 1
2206 15 1
2206 3536 1
2206 3277 1
2206 2481 1
1352 3433 1
1352 3515 1
1352 1552 1
1352 2324 1
2443 3016 1
2443 2786 1
2443 2472 1
2443 6 1
2413 3762 1
2413 996 1
2413 1971 1
2413 867 1
2413 1516 1
2413 595 1
2413 383 1
2413 775 1
2413 2409 1
2413 114 1
1742 592 1
1742 419 1
1742 433 1
1742 2109 1
1742 160 1
1742 120 1
1742 2128 1
1742 1370 1
1742 3503 1
1742 3440 1
1742 181 1
1742 869 1
1742 760 1
1375 2467 1
1375 2903 1
1375 3570 1
1375 1491 1
1375 1237 1
1375 1469 1
1375 1112 1
1375 571 1
1375 454 1
1375 2070 1
381 967 1
381 1301 1
381 820 1
381 2717 1
1147 930 1
1147 1142 1
1147 674 1
1147 2962 1
1147 2746 1
1194 1192 1
1194 658 1
1194 3624 1
696 2725 1
696 3712 1
696 1693 1
696 2538 1
1572 1450 1
1572 116 1
1572 2673 1
1272 1316 1
1272 2362 1
1272 2603 1
1272 102 1
1272 798 1
1335 866 1
1335 1485 1
1335 2996 1
1335 3709 1
1335 2324 1
1335 2202 1
1824 2532 1
1824 448 1
1824 3504 1
1824 3595 1
969 2177 1
1413 1492 1
1413 3697 1
1413 3256 1
2428 2618 1
2428 986 1
2428 3209 1
2428 1456 1
2428 624 1
54 648 1
54 2172 1
54 166 1
54 2596 1
54 3378 1
54 1037 1
54 2072 1
54 469 1
54 2992 1
54 2258 1
54 2288 1
1816 3348 1
2287 3510 1
2287 2544 1
2287 3611 1
666 3402 1
666 3316 1
666 2312 1
666 1560 1
666 3286 1
666 1295 1
3652 1121 1
3652 3461 1
3652 1817 1
3652 3280 1
3652 1104 1
3652 2123 1
3652 3731 1
3723 432 1
3723 1062 1
3723 201 1
3723 1451 1
3723 2244 1
3723 1199 1
1553 1892 1
1553 1806 1
1131 225 1
1131 35 1
1131 3174 1
1131 668 1
2455 2696 1
2455 1913 1
2455 1501 1
2455 1190 1
2455 1970 1
2455 2884 1
2455 76 1
2455 1166 1
2455 2364 1
3307 2598 1
3307 2912 1
350 1972 1
2238 1887 1
2238 1553 1
2238 1029 1
3017 375 1
3017 973 1
3017 817 1
3017 630 1
549 524 1
549 1568 1
549 2665 1
629 172 1
629 2742 1
629 1097 1
629 2270 1
629 3744 1
629 1198 1
629 3087 1
629 3593 1
629 2914 1
629 2680 1
629 3008 1
629 80 1
629 1866 1
629 1620 1
629 1135 1
629 940 1
3209 2124 1
3209 3395 1
178 2190 1
178 1856 1
178 139 1
178 977 1
682 1420 1
1452 2181 1
1452 1797 1
1452 1504 1
1452 864 1
1452 3755 1
1452 3354 1
1452 625 1
1452 2048 1
1452 1113 1
877 369 1
109 303 1
109 73 1
109 361 1
109 653 1
109 932 1
109 1800 1
109 2941 1
109 941 1
109 897 1
109 37 1
109 2192 1
109 3684 1
109 2662 1
109 1296 1
2838 3052 1
2838 1883 1
2120 3711 1
2120 844 1
2120 1786 1
2120 1393 1
2120 1588 1
2522 3638 1
2522 317 1
2522 3747 1
2522 362 1
2522 901 1
2522 455 1
2522 145 1
188 2646 1
863 1279 1
863 57 1
1182 3470 1
1694 1143 1
1694 307 1
1694 2376 1
1694 2970 1
891 698 1
891 1702 1
891 378 1
3686 3261 1
3686 2555 1
3686 3739 1
3686 2980 1
3686 242 1
3686 2911 1
2701 2432 1
2701 1716 1
2701 1784 1
2701 1982 1
2701 2456 1
2701 49 1
2701 85 1
2701 1637 1
2844 1638 1
2844 1165 1
2844 1409 1
2844 2524 1
2844 1127 1
2844 2768 1
1096 3403 1
1096 1025 1
1096 2836 1
1844 621 1
470 3034 1
470 661 1
470 2300 1
3183 1006 1
3183 443 1
1498 232 1
1498 3212 1
1498 891 1
1498 1844 1
1771 1434 1
1771 2860 1
1771 2378 1
3304 1888 1
3304 343 1
3304 2078 1
3304 3176 1
3304 1206 1
3304 301 1
3304 1612 1
3304 1465 1
3304 2150 1
3304 811 1
1551 353 1
1551 3027 1
2163 1196 1
2163 1441 1
2163 128 1
2163 3024 1
2163 386 1
2163 2567 1
1263 3758 1
1263 3613 1
1263 2133 1
1263 513 1
3388 2042 1
575 1519 1
3084 517 1
3753 1761 1
3753 1101 1
3753 135 1
3753 2186 1
3753 1225 1
3753 1022 1
3753 3204 1
1254 137 1
1254 879 1
704 730 1
704 2208 1
704 2530 1
704 2251 1
704 1858 1
704 641 1
704 1171 1
704 358 1
704 3236 1
704 169 1
2942 1543 1
2942 350 1
1651 2847 1
1651 2835 1
1651 3292 1
1651 905 1
1651 2995 1
1651 2229 1
1651 348 1
2630 2328 1
3526 2009 1
3526 1482 1
3526 2363 1
3526 1529 1
3526 1878 1
858 1848 1
2825 186 1
2825 1616 1
691 813 1
691 2391 1
691 622 1
43 1697 1
43 2370 1
43 3239 1
43 1355 1
43 3640 1
43 3592 1
1418 69 1
1418 1471 1
106 695 1
2473 741 1
2473 651 1
153 163 1
3780 3063 1
945 3447 1
945 1787 1
945 2289 1
945 684 1
945 2676 1
945 1002 1
945 3537 1
945 3105 1
945 3539 1
945 1811 1
945 2964 1
1786 1561 1
2763 1934 1
2763 1363 1
2763 2018 1
2763 1138 1
2763 2484 1
2763 3490 1
2763 1534 1
2763 1678 1
2763 1937 1
2763 3147 1
2763 312 1
2763 2445 1
2763 2433 1
2763 756 1
2763 623 1
3175 1729 1
3175 3173 1
3175 2519 1
724 1273 1
724 2051 1
724 3072 1
724 439 1
724 3528 1
724 1530 1
724 3453 1
724 2916 1
724 1654 1
724 3736 1
656 2949 1
656 98 1
656 841 1
656 2187 1
3132 2448 1
3132 735 1
3767 856 1
3767 1201 1
3767 3069 1
3767 2851 1
3767 3445 1
3767 198 1
3767 1379 1
3767 1927 1
3767 65 1
3767 1413 1
3767 2337 1
3767 1679 1
3767 1498 1
3767 3227 1
3767 1933 1
3767 370 1
3767 2385 1
2843 3123 1
2843 1102 1
2843 2761 1
2843 3597 1
2843 1144 1
2843 790 1
2843 3509 1
2843 2194 1
2843 3462 1
2843 2654 1
2843 3686 1
2843 2480 1
2843 13 1
2843 306 1
2843 3168 1
3227 446 1
3013 1308 1
1166 2468 1
1166 3542 1
1166 2313 1
1166 2149 1
1166 2526 1
1166 830 1
692 7 1
692 637 1
692 3468 1
1889 1067 1
205 2938 1
205 2695 1
205 1580 1
205 3513 1
205 3257 1
205 1928 1
205 3774 1
205 212 1
205 2425 1
2480 1354 1
2480 219 1
2480 3041 1
2480 3565 1
2480 505 1
2480 2465 1
2480 1061 1
2480 1003 1
2480 86 1
2480 740 1
2480 984 1
2480 617 1
2480 2714 1
2480 759 1
2480 1980 1
2480 2867 1
2480 2500 1
2480 1842 1
2546 3134 1
3344 356 1
3344 2979 1
3344 933 1
3344 3047 1
3344 665 1
3344 9 1
1051 1533 1
1023 280 1
1023 3787 1
1023 2367 1
1023 1266 1
1023 1468 1
1023 2933 1
1023 471 1
1023 3219 1
1092 2575 1
1092 525 1
1092 2489 1
1092 1600 1
1092 2293 1
1092 3185 1
1092 509 1
1092 245 1
1092 3372 1
1092 1280 1
1092 1154 1
1092 1725 1
1092 2134 1
1092 1920 1
1092 2368 1
1092 892 1
1092 520 1
1092 2045 1
1092 1905 1
1092 368 1
1092 814 1
1092 2685 1
1092 1427 1
1092 2707 1
1092 2565 1
1092 2416 1
1092 786 1
1092 3206 1
1092 1452 1
1092 109 1
1092 2129 1
1092 1890 1
1092 2020 1
1092 2127 1
1092 1642 1
1092 2441 1
1092 3700 1
1092 697 1
1092 1657 1
1092 506 1
1092 1160 1
2952 1337 1
2952 1769 1
2952 2881 1
2952 228 1
2952 1884 1
2952 2074 1
861 2250 1
2020 685 1
3347 894 1
3347 615 1
3347 2549 1
3109 3271 1
3109 3765 1
3645 670 1
3645 679 1
3645 3637 1
3645 1247 1
3645 753 1
3645 872 1
3645 3032 1
762 1685 1
762 536 1
762 335 1
762 1292 1
762 2841 1
2156 1825 1
2156 1627 1
887 742 1
887 2352 1
887 1833 1
545 2793 1
2075 2316 1
2075 2973 1
2075 2545 1
2075 1212 1
2551 1312 1
2551 2182 1
2551 3326 1
2016 164 1
2016 2497 1
2016 3210 1
2016 1321 1
2016 1458 1
3654 2217 1
3654 434 1
3654 1347 1
3654 2876 1
1642 1260 1
1642 1252 1
1642 2783 1
1642 2301 1
1642 47 1
1642 2118 1
1642 320 1
1642 1110 1
1642 2705 1
3136 3329 1
3713 3719 1
3713 2777 1
3713 1562 1
3713 1915 1
3713 493 1
3713 1481 1
3713 2326 1
3713 92 1
3713 638 1
3713 3429 1
707 3078 1
707 885 1
2961 1855 1
2961 2608 1
2961 1807 1
2961 327 1
2961 3677 1
2961 2846 1
2961 2765 1
2961 1979 1
2961 981 1
2961 458 1
2961 110 1
2961 476 1
2961 620 1
2961 1079 1
2961 2503 1
2961 3237 1
2961 1958 1
2961 1511 1
2961 159 1
2961 2831 1
2961 3621 1
2961 2083 1
2961 1520 1
2961 3392 1
2961 678 1
2961 2657 1
2961 2024 1
2961 2157 1
2961 797 1
2961 2940 1
2961 2706 1
2961 2199 1
2961 500 1
2961 2642 1
2441 2590 1
2441 515 1
2441 2148 1
2441 450 1
2441 1213 1
2441 520 1
2441 2080 1
2441 548 1
2441 925 1
2441 745 1
2441 1628 1
2336 1567 1
2336 1814 1
2336 559 1
2336 1921 1
2336 1753 1
2336 980 1
2336 3585 1
2336 1302 1
2336 3451 1
310 2957 1
2563 3473 1
3700 1867 1
3700 3573 1
3700 435 1
3700 136 1
3700 575 1
3700 1642 1
3700 1402 1
1886 2648 1
1886 363 1
1886 3352 1
1886 373 1
1886 2718 1
1886 33 1
1886 2627 1
1886 1032 1
1886 3460 1
1886 643 1
1886 2034 1
1886 911 1
1991 2351 1
3734 2459 1
2784 1556 1
538 583 1
538 535 1
538 1507 1
538 2379 1
538 2997 1
538 3514 1
538 1763 1
538 3544 1
329 968 1
329 2025 1
329 1613 1
329 2280 1
329 1167 1
329 1571 1
329 2689 1
329 66 1
329 2242 1
329 1305 1
563 3240 1
563 2874 1
563 1407 1
563 3157 1
563 1077 1
162 639 1
346 2505 1
346 1843 1
346 2105 1
854 2088 1
3668 3687 1
3668 3338 1
3668 1827 1
2607 67 1
2607 1303 1
2607 3238 1
2607 3143 1
2607 2850 1
2607 1430 1
2607 1289 1
2607 260 1
3386 3023 1
3020 387 1
3020 1459 1
3020 1414 1
3020 1244 1
3020 3477 1
3020 2732 1
3020 2815 1
1307 1673 1
1307 788 1
1307 2692 1
1307 1453 1
1307 611 1
1307 1124 1
1307 3188 1
1307 123 1
1307 1512 1
1307 2788 1
1307 3281 1
1307 2482 1
1307 107 1
1307 1788 1
1307 347 1
1307 2976 1
1307 3531 1
1307 1063 1
1307 3088 1
1307 2347 1
1307 2138 1
1307 3533 1
1307 1904 1
1307 3421 1
1307 794 1
1307 2019 1
1307 1439 1
1307 834 1
1307 2546 1
1307 3668 1
1307 3607 1
1307 2252 1
1307 1776 1
1307 2798 1
1307 277 1
845 2426 1
845 1953 1
12 2921 1
12 2366 1
12 97 1
12 3398 1
12 607 1
12 1185 1
635 2340 1
635 2609 1
939 1922 1
939 3359 1
939 3118 1
939 652 1
939 1090 1
939 766 1
939 938 1
939 857 1
939 1898 1
939 3368 1
939 121 1
939 1559 1
697 99 1
697 3349 1
697 154 1
3351 2226 1
3351 1741 1
3351 1914 1
3351 1691 1
3351 562 1
3351 1287 1
2451 3408 1
2451 3760 1
2451 28 1
2451 203 1
2717 3772 1
2651 3037 1
1636 970 1
1636 2095 1
1636 146 1
1636 3576 1
1636 3679 1
1636 420 1
1449 1209 1
1449 3138 1
1449 3752 1
1449 2089 1
1449 2577 1
1449 46 1
1449 3581 1
1449 3643 1
1964 1696 1
1964 1044 1
1964 3011 1
1964 3305 1
1964 2429 1
1964 3148 1
1964 2403 1
1964 1091 1
1964 2775 1
1964 2679 1
1964 2668 1
1964 1300 1
1964 2407 1
1964 3056 1
1964 3309 1
1964 843 1
1964 1261 1
1964 825 1
1964 3051 1
2257 1017 1
2257 3568 1
2257 2457 1
1950 1344 1
1950 793 1
1950 3090 1
1525 655 1
1525 1847 1
1525 130 1
1525 2215 1
1525 3416 1
1525 747 1
1525 2821 1
1525 3272 1
1525 2731 1
1525 1671 1
1525 1415 1
1525 3284 1
1525 1251 1
1525 1375 1
1525 141 1
1525 3749 1
1525 858 1
1525 2341 1
1525 3104 1
1525 982 1
1525 265 1
1525 3094 1
1525 213 1
1525 1152 1
1525 3190 1
1525 2613 1
3644 1709 1
3644 729 1
3644 1668 1
3644 3333 1
3644 2487 1
3644 1734 1
3644 709 1
3644 1598 1
3644 3334 1
3644 480 1
3644 1374 1
3644 3014 1
3644 2082 1
3644 1182 1
3644 74 1
1895 2682 1
1895 294 1
1895 3099 1
1895 3751 1
1895 3373 1
1895 3226 1
1895 1130 1
1895 518 1
1895 3131 1
1895 300 1
1895 1965 1
1895 877 1
1895 3386 1
1895 2527 1
1895 731 1
1895 750 1
1951 2960 1
1951 988 1
1951 946 1
1951 2 1
1951 2435 1
1951 2461 1
3233 2848 1
3233 3634 1
3233 390 1
3233 250 1
843 3417 1
843 197 1
843 3 1
843 3073 1
843 30 1
2940 2102 1
2940 1065 1
2940 572 1
2940 700 1
2940 1386 1
2940 3406 1
3599 3658 1
2882 1390 1
112 2893 1
112 3155 1
112 1538 1
112 3543 1
112 851 1
1099 259 1
1099 2837 1
1099 1801 1
1099 1870 1
1099 1956 1
1099 1897 1
1099 2132 1
1099 1754 1
2406 3771 1
2406 1033 1
2406 183 1
2406 2411 1
2406 3632 1
2406 2230 1
2406 2353 1
2406 1640 1
2406 2529 1
2406 2983 1
2216 3619 1
2216 498 1
2216 256 1
2216 688 1
2216 58 1
2216 2819 1
2216 1235 1
2216 1599 1
2216 1480 1
2216 913 1
2216 2377 1
2216 3365 1
2216 2329 1
1660 487 1
1660 1357 1
74 357 1
74 3038 1
1433 3512 1
1433 1978 1
1433 1744 1
1433 2421 1
1433 3340 1
1866 2052 1
1866 1271 1
1866 1641 1
467 143 1
2963 1394 1
2963 733 1
2963 3545 1
2963 3505 1
427 3289 1
427 1737 1
427 230 1
2576 2885 1
2576 912 1
2576 2709 1
2576 3435 1
1631 3691 1
1670 2397 1
1670 1049 1
1670 1467 1
1670 2628 1
1670 406 1
1670 1216 1
936 372 1
936 631 1
936 596 1
936 1918 1
936 313 1
936 1724 1
936 397 1
936 1495 1
936 3705 1
936 3323 1
936 2698 1
936 690 1
936 3437 1
2263 1384 1
2263 3350 1
2263 128 1
2263 649 1
2263 608 1
2263 59 1
2263 2925 1
2263 809 1
2263 2784 1
424 1304 1
424 2054 1
424 3663 1
424 836 1
424 1706 1
424 1350 1
424 451 1
424 833 1
424 720 1
2798 2854 1
2798 108 1
2798 3061 1
2798 2281 1
2798 1540 1
2798 2265 1
2798 873 1
2798 349 1
693 1148 1
1772 2904 1
1772 3647 1
1772 3583 1
1772 2136 1
1772 1795 1
1772 1906 1
3702 1782 1
281 3699 1
2255 3274 1
2255 3054 1
2255 389 1
2255 976 1
2255 3464 1
2255 3442 1
1027 1284 1
1027 1973 1
1027 2535 1
1027 216 1
3168 1245 1
3168 2870 1
3168 1095 1
3168 1139 1
3168 3443 1
3168 24 1
314 3205 1
314 1686 1
314 1159 1
314 587 1
314 2417 1
314 261 1
314 850 1
314 3577 1
314 248 1
314 3290 1
314 755 1
314 71 1
314 1680 1
314 507 1
314 3664 1
314 3448 1
314 1699 1
314 254 1
2290 881 1
2290 1412 1
2290 2369 1
2290 2919 1
2290 1880 1
910 3411 1
910 3701 1
481 1156 1
2388 360 1
2388 2540 1
2388 3243 1
145 2218 1
1221 1546 1
1221 3220 1
1177 2030 1
1177 3465 1
2315 573 1
1689 838 1
1689 1790 1
1689 1093 1
1689 2785 1
1689 1649 1
1689 1799 1
1689 717 1
1689 199 1
1689 425 1
1689 124 1
2946 1738 1
2946 732 1
2946 2917 1
2946 2737 1
2946 409 1
2946 3335 1
2946 214 1
2946 2824 1
886 3294 1
1974 1792 1
1617 2932 1
1617 1012 1
1617 1094 1
1617 870 1
1617 931 1
1617 2006 1
3525 568 1
3525 470 1
1345 2303 1
1345 923 1
1345 1919 1
1345 3117 1
1345 3059 1
1345 2334 1
1345 612 1
1345 3750 1
1345 3667 1
1345 2799 1
1345 1935 1
3672 2380 1
2385 1230 1
2385 721 1
2385 1158 1
2385 3651 1
3627 48 1
3627 2517 1
3627 2991 1
3627 2908 1
3627 796 1
3627 272 1
3627 2205 1
3627 1007 1
3627 3625 1
3627 927 1
3627 2501 1
3590 3248 1
3590 330 1
3590 285 1
3590 3693 1
3590 3042 1
3590 880 1
3590 1777 1
3590 3482 1
3590 3119 1
3590 2405 1
3590 2903 1
3590 1514 1
3590 1997 1
3590 2253 1
3590 1461 1
3590 1060 1
3590 871 1
929 2802 1
929 1262 1
929 1313 1
929 3262 1
929 2845 1
929 2560 1
929 204 1
2307 2623 1
2307 1681 1
2307 3380 1
2307 328 1
2307 1299 1
2307 1364 1
2307 3166 1
2307 2622 1
2307 3754 1
2307 1376 1
2307 1542 1
2307 374 1
2307 3102 1
2307 3369 1
2307 215 1
2307 3426 1
2307 1324 1
3165 430 1
3165 2460 1
3165 1401 1
3165 3184 1
3165 1700 1
3165 1122 1
3612 324 1
277 1793 1
2074 2269 1
2074 1068 1
2074 3355 1
2074 3655 1
2074 2602 1
2074 3135 1
2199 3170 1
2199 1662 1
2199 593 1
2199 1815 1
2199 3268 1
2199 165 1
2199 1727 1
2199 2647 1
2199 2354 1
2199 776 1
2142 842 1
2142 2935 1
2142 322 1
533 2720 1
533 1502 1
533 2818 1
533 971 1
533 1988 1
533 1751 1
533 2392 1
533 3328 1
533 1658 1
533 3394 1
533 2271 1
533 2521 1
533 1219 1
533 113 1
533 2452 1
533 3202 1
533 3578 1
533 1115 1
533 1743 1
533 2168 1
533 3695 1
533 1493 1
533 3189 1
3312 1365 1
3312 354 1
3312 2688 1
1955 3092 1
1955 1557 1
1955 3564 1
1893 3618 1
3051 2614 1
3051 3670 1
3051 2514 1
3051 72 1
3051 2584 1
2032 473 1
2032 2770 1
2032 3332 1
2032 546 1
2032 3093 1
2032 3270 1
2032 2641 1
2032 1070 1
2032 1382 1
2032 2844 1
2032 20 1
2032 2156 1
2032 1977 1
2032 3590 1
2488 1246 1
2488 2752 1
2642 495 1
200 3245 1
200 16 1
200 38 1
200 1583 1
200 2986 1
200 2990 1
200 2151 1
200 646 1
200 3753 1
200 990 1
200 3423 1
200 992 1
200 3530 1
200 2583 1
3009 3483 1
644 767 1
1168 1047 1
1168 2175 1
1168 1391 1
1168 3159 1
11 1054 1
2583 1422 1
2583 1712 1
2583 1983 1
