157 13 1
395 948 1
395 924 1
395 429 1
395 700 1
395 76 1
395 354 1
395 933 1
395 310 1
395 853 1
544 644 1
544 330 1
163 710 1
163 358 1
685 863 1
685 301 1
685 762 1
212 926 1
212 977 1
212 810 1
212 251 1
212 542 1
212 96 1
212 148 1
212 28 1
198 474 1
198 34 1
198 292 1
282 352 1
282 53 1
282 529 1
282 611 1
282 229 1
282 119 1
342 436 1
741 133 1
19 992 1
19 580 1
19 493 1
97 77 1
97 619 1
97 33 1
97 624 1
97 272 1
532 222 1
296 807 1
296 728 1
296 595 1
296 565 1
296 752 1
296 640 1
296 43 1
893 686 1
893 827 1
893 86 1
396 838 1
273 767 1
273 892 1
273 29 1
273 313 1
751 979 1
751 801 1
751 491 1
751 421 1
751 220 1
751 635 1
751 70 1
751 393 1
751 9 1
751 882 1
751 583 1
751 571 1
751 839 1
751 912 1
751 193 1
751 965 1
751 987 1
751 73 1
751 80 1
751 460 1
581 458 1
581 48 1
630 805 1
980 195 1
980 864 1
980 776 1
980 169 1
980 768 1
980 75 1
980 729 1
980 383 1
980 858 1
980 90 1
980 813 1
980 850 1
980 748 1
980 511 1
980 504 1
980 609 1
980 37 1
980 818 1
980 656 1
980 378 1
199 360 1
199 495 1
199 85 1
199 851 1
199 167 1
868 178 1
868 894 1
276 94 1
857 93 1
338 602 1
338 453 1
338 384 1
338 934 1
338 506 1
979 550 1
979 161 1
917 49 1
917 410 1
917 747 1
47 282 1
47 840 1
612 799 1
303 777 1
303 187 1
319 953 1
676 981 1
676 579 1
366 533 1
366 702 1
366 263 1
366 66 1
417 556 1
417 228 1
417 607 1
183 650 1
482 78 1
482 61 1
482 299 1
663 544 1
663 685 1
663 97 1
663 71 1
663 711 1
663 588 1
463 547 1
463 814 1
367 753 1
948 347 1
948 304 1
985 19 1
985 893 1
985 868 1
985 661 1
985 537 1
985 632 1
985 578 1
985 109 1
985 671 1
985 954 1
985 623 1
985 255 1
985 214 1
985 688 1
573 591 1
573 942 1
573 802 1
573 589 1
573 141 1
573 538 1
295 442 1
295 369 1
295 267 1
295 541 1
295 344 1
295 158 1
295 361 1
295 815 1
295 657 1
295 302 1
295 634 1
295 240 1
258 567 1
258 746 1
258 677 1
62 701 1
62 516 1
819 559 1
159 336 1
159 233 1
159 658 1
159 188 1
159 830 1
159 763 1
159 309 1
648 668 1
648 982 1
648 675 1
648 861 1
648 475 1
648 562 1
648 684 1
648 454 1
648 519 1
648 128 1
648 603 1
648 40 1
648 569 1
888 881 1
888 56 1
888 817 1
490 754 1
59 34 1
564 604 1
491 834 1
901 476 1
106 278 1
106 584 1
106 620 1
106 854 1
106 780 1
106 57 1
106 543 1
106 300 1
106 166 1
723 472 1
400 325 1
400 587 1
91 714 1
91 376 1
324 534 1
324 664 1
324 828 1
324 326 1
324 927 1
324 669 1
324 905 1
324 423 1
324 397 1
324 921 1
324 209 1
599 530 1
993 408 1
993 5 1
993 150 1
945 235 1
210 431 1
756 100 1
756 402 1
951 919 1
951 633 1
951 774 1
524 332 1
232 323 1
232 171 1
274 877 1
592 482 1
592 498 1
592 880 1
592 733 1
592 130 1
592 793 1
592 494 1
592 628 1
592 348 1
50 335 1
22 230 1
144 11 1
144 120 1
126 582 1
126 811 1
126 872 1
126 99 1
343 465 1
169 695 1
169 275 1
349 293 1
349 365 1
129 6 1
129 500 1
129 135 1
129 208 1
152 593 1
152 577 1
388 409 1
388 922 1
388 279 1
388 160 1
388 792 1
585 155 1
321 364 1
321 105 1
321 694 1
321 698 1
321 789 1
321 983 1
811 558 1
811 51 1
290 87 1
290 949 1
290 908 1
290 30 1
290 1 1
441 930 1
87 520 1
87 995 1
87 283 1
87 790 1
87 179 1
87 36 1
75 489 1
659 857 1
659 314 1
659 103 1
659 481 1
659 778 1
63 600 1
63 573 1
63 939 1
63 820 1
63 962 1
63 964 1
63 955 1
63 52 1
63 271 1
45 456 1
45 916 1
45 956 1
45 898 1
45 331 1
45 856 1
45 211 1
45 464 1
45 223 1
45 621 1
45 81 1
45 149 1
45 82 1
561 738 1
561 204 1
561 590 1
561 432 1
561 177 1
561 483 1
561 174 1
499 315 1
499 909 1
499 678 1
499 735 1
499 931 1
105 841 1
105 855 1
105 788 1
670 727 1
670 647 1
670 706 1
670 387 1
670 744 1
670 362 1
670 286 1
670 496 1
670 371 1
191 403 1
996 65 1
996 140 1
996 213 1
996 732 1
996 603 1
362 832 1
362 613 1
362 505 1
362 346 1
362 689 1
362 906 1
962 963 1
962 153 1
962 466 1
962 58 1
962 14 1
962 268 1
962 244 1
266 878 1
266 72 1
825 389 1
566 974 1
566 770 1
566 413 1
566 946 1
566 298 1
89 38 1
89 721 1
143 106 1
143 523 1
143 862 1
143 775 1
143 717 1
536 761 1
536 24 1
536 18 1
925 899 1
925 265 1
925 932 1
925 822 1
333 653 1
333 191 1
333 339 1
333 459 1
333 691 1
333 312 1
882 277 1
803 973 1
27 239 1
368 869 1
368 64 1
368 887 1
368 137 1
283 484 1
711 183 1
711 970 1
711 411 1
574 875 1
574 988 1
170 913 1
170 359 1
170 101 1
170 16 1
170 201 1
170 535 1
170 370 1
170 794 1
170 452 1
170 636 1
170 528 1
170 680 1
170 291 1
289 366 1
289 305 1
289 401 1
289 372 1
289 737 1
289 32 1
602 23 1
31 705 1
254 192 1
254 207 1
339 115 1
339 308 1
248 667 1
248 928 1
248 989 1
98 311 1
98 554 1
98 883 1
98 781 1
98 345 1
766 131 1
766 473 1
305 900 1
697 439 1
697 904 1
697 614 1
955 215 1
955 26 1
955 837 1
955 870 1
955 373 1
976 44 1
976 374 1
306 455 1
83 610 1
83 261 1
617 202 1
617 67 1
351 873 1
485 444 1
485 390 1
485 719 1
485 886 1
200 756 1
200 592 1
200 353 1
456 102 1
916 259 1
916 456 1
916 118 1
916 707 1
633 545 1
588 7 1
588 95 1
588 17 1
382 394 1
418 419 1
418 127 1
418 936 1
517 914 1
517 539 1
517 136 1
517 682 1
517 414 1
517 116 1
908 935 1
880 123 1
880 783 1
522 749 1
522 525 1
522 382 1
522 168 1
522 586 1
522 111 1
112 294 1
14 625 1
145 438 1
145 915 1
145 197 1
145 350 1
961 486 1
961 355 1
961 88 1
961 978 1
234 581 1
234 264 1
234 509 1
234 184 1
407 835 1
739 79 1
739 74 1
739 959 1
842 871 1
842 138 1
842 415 1
842 216 1
842 665 1
598 284 1
598 242 1
629 812 1
629 643 1
629 769 1
629 860 1
526 910 1
526 615 1
526 984 1
526 966 1
526 92 1
526 673 1
526 736 1
526 844 1
526 760 1
796 532 1
796 69 1
796 759 1
796 859 1
796 731 1
941 256 1
941 327 1
250 245 1
250 203 1
250 457 1
250 947 1
250 437 1
923 952 1
626 599 1
626 388 1
626 418 1
626 629 1
626 84 1
41 462 1
41 425 1
902 502 1
720 385 1
720 743 1
720 889 1
720 503 1
950 172 1
898 555 1
898 226 1
898 60 1
898 683 1
898 110 1
785 157 1
785 497 1
785 786 1
785 273 1
785 782 1
785 641 1
785 576 1
785 990 1
785 890 1
785 764 1
785 884 1
785 113 1
775 492 1
775 25 1
775 328 1
775 960 1
380 212 1
380 751 1
380 478 1
380 15 1
933 447 1
724 422 1
724 10 1
279 867 1
944 162 1
944 784 1
944 631 1
944 750 1
944 791 1
944 386 1
944 3 1
944 722 1
128 594 1
128 772 1
128 997 1
268 740 1
764 142 1
764 501 1
764 996 1
764 485 1
764 709 1
764 637 1
764 196 1
764 531 1
764 164 1
764 938 1
764 986 1
35 420 1
831 426 1
357 546 1
377 773 1
377 405 1
146 250 1
813 660 1
813 356 1
813 281 1
813 139 1
918 896 1
918 771 1
918 897 1
918 993 1
918 117 1
918 467 1
918 696 1
918 427 1
918 477 1
850 187 1
151 445 1
151 430 1
21 726 1
54 630 1
54 923 1
54 236 1
54 692 1
54 252 1
481 55 1
379 185 1
379 806 1
895 967 1
895 608 1
748 165 1
748 757 1
748 225 1
748 246 1
943 716 1
958 907 1
958 848 1
765 468 1
765 718 1
765 507 1
765 518 1
765 606 1
765 428 1
765 322 1
765 515 1
765 703 1
765 377 1
765 446 1
765 929 1
329 601 1
329 363 1
329 734 1
329 253 1
329 469 1
329 553 1
329 755 1
329 687 1
329 68 1
329 654 1
329 730 1
329 285 1
329 833 1
4 975 1
4 295 1
4 968 1
4 306 1
4 958 1
636 575 1
636 903 1
636 638 1
636 852 1
433 186 1
433 75 1
433 104 1
433 816 1
433 742 1
224 712 1
224 440 1
692 655 1
692 8 1
642 674 1
642 316 1
642 221 1
642 39 1
247 189 1
247 797 1
247 343 1
247 690 1
531 154 1
957 836 1
957 234 1
957 795 1
957 404 1
586 645 1
231 846 1
231 262 1
231 152 1
231 280 1
231 180 1
231 879 1
231 297 1
231 699 1
231 725 1
231 287 1
464 238 1
391 182 1
391 412 1
443 662 1
443 159 1
443 560 1
470 874 1
470 479 1
470 563 1
470 895 1
969 340 1
804 679 1
804 375 1
549 132 1
920 2 1
735 821 1
735 269 1
521 148 1
931 508 1
931 190 1
931 666 1
931 672 1
654 734 1
722 651 1
665 138 1
665 911 1
260 568 1
260 849 1
829 317 1
829 318 1
416 290 1
609 660 1
609 597 1
609 281 1
119 46 1
119 618 1
119 570 1
699 270 1
823 745 1
823 381 1
823 649 1
823 885 1
823 206 1
758 561 1
758 517 1
758 122 1
528 320 1
528 713 1
528 42 1
528 237 1
164 219 1
164 107 1
164 704 1
693 971 1
693 940 1
693 134 1
693 779 1
693 798 1
80 241 1
80 487 1
80 865 1
252 787 1
252 406 1
252 450 1
252 681 1
252 540 1
252 512 1
800 551 1
800 605 1
800 12 1
800 652 1
181 499 1
124 194 1
124 156 1
808 448 1
404 527 1
404 627 1
404 994 1
404 991 1
404 449 1
404 108 1
404 566 1
404 112 1
404 217 1
715 434 1
715 424 1
715 826 1
715 125 1
307 147 1
288 337 1
288 341 1
399 173 1
175 891 1
175 121 1
175 471 1
175 596 1
227 463 1
227 45 1
227 548 1
227 461 1
227 334 1
227 809 1
227 231 1
227 175 1
986 510 1
986 622 1
986 257 1
986 708 1
986 572 1
986 398 1
986 249 1
986 639 1
986 20 1
986 845 1
460 937 1
460 876 1
972 451 1
972 552 1
866 646 1
866 513 1
866 514 1
866 205 1
847 218 1
847 392 1
847 616 1
847 536 1
847 243 1
847 480 1
978 208 1
122 843 1
122 488 1
122 114 1
122 435 1
122 557 1
824 176 1
