949 250 1
949 2711 1
949 4833 1
4158 2777 1
4158 4619 1
4119 2111 1
4119 1971 1
4119 2137 1
4119 3430 1
4119 4253 1
4119 1646 1
4119 1662 1
4119 4489 1
223 3273 1
223 4747 1
2947 3026 1
869 671 1
869 2725 1
869 1081 1
607 516 1
2160 935 1
1590 2444 1
1590 1526 1
1590 2693 1
959 143 1
959 1307 1
959 2821 1
3650 4330 1
3650 2393 1
3650 531 1
3650 2902 1
3650 2168 1
3650 4131 1
2657 2937 1
4258 2824 1
685 3333 1
685 3846 1
685 3564 1
685 3067 1
685 3379 1
685 3301 1
685 2205 1
685 2675 1
685 98 1
685 811 1
685 1733 1
685 1340 1
685 2081 1
685 3871 1
685 1749 1
685 3961 1
685 274 1
63 4287 1
63 3711 1
1885 1452 1
1885 729 1
2097 3309 1
2097 1057 1
2097 4176 1
2097 2243 1
2097 1899 1
2097 4472 1
2097 2394 1
2097 4599 1
2097 3090 1
2097 1848 1
3122 767 1
2710 3431 1
2710 4027 1
2710 1020 1
2710 2819 1
2118 2328 1
2118 3002 1
2118 2869 1
2118 1761 1
2118 2606 1
2118 3099 1
2118 1567 1
2118 2982 1
2118 4500 1
2349 1080 1
3960 1011 1
3960 3144 1
2417 1336 1
2417 512 1
2417 2745 1
2417 3695 1
2417 2269 1
2417 1156 1
2417 1365 1
2417 2430 1
2417 4075 1
2417 1620 1
2417 3608 1
2417 1084 1
2417 2041 1
2417 4820 1
3200 4093 1
3200 3524 1
3200 3000 1
3070 511 1
3070 3621 1
379 764 1
379 4601 1
254 3822 1
254 2177 1
254 3603 1
254 3434 1
254 4665 1
254 2919 1
254 224 1
1093 2132 1
4579 231 1
4579 3698 1
4579 2390 1
4579 3115 1
4579 4019 1
4579 1205 1
4579 2363 1
4579 2649 1
4579 4285 1
4579 3740 1
4579 714 1
4452 977 1
4452 4427 1
4452 858 1
4452 2179 1
4452 4538 1
4452 51 1
4452 3528 1
4452 2439 1
4452 4056 1
4452 2567 1
4452 2625 1
4452 818 1
2608 4456 1
2608 285 1
5 127 1
1363 4587 1
1363 331 1
1363 313 1
1705 1355 1
1705 2471 1
3831 2207 1
3831 72 1
796 1956 1
796 1560 1
796 4148 1
796 3755 1
796 3962 1
796 2915 1
796 614 1
796 244 1
796 1388 1
2478 3134 1
3066 1363 1
3427 4564 1
3427 2581 1
3427 491 1
3427 2420 1
3427 367 1
3427 723 1
791 3902 1
791 2406 1
4608 1466 1
4608 3055 1
703 1327 1
703 324 1
703 498 1
703 345 1
703 1433 1
1483 3861 1
1483 3984 1
1483 3715 1
1483 3620 1
1483 1608 1
1483 3852 1
1483 3873 1
1483 2383 1
1483 1922 1
1483 682 1
1483 828 1
1483 4138 1
3515 2083 1
3515 1818 1
3515 2874 1
3515 476 1
3515 1693 1
2920 4112 1
2920 1639 1
2920 1986 1
2920 2802 1
2920 3810 1
2920 2907 1
2920 2209 1
1640 3419 1
1241 4156 1
3684 3661 1
3684 2605 1
3684 4090 1
3684 3425 1
3684 4467 1
2358 4657 1
2292 994 1
2292 4380 1
2043 3979 1
1173 1898 1
1173 4275 1
1173 523 1
1173 3127 1
1434 1686 1
1434 579 1
1434 3249 1
1434 3452 1
1434 3208 1
889 2479 1
889 3542 1
889 2309 1
889 1849 1
2944 1601 1
2944 3884 1
2944 3563 1
2944 2604 1
2944 976 1
2944 2865 1
2944 3082 1
2944 4012 1
2944 1834 1
2944 1341 1
2944 2073 1
799 147 1
799 1284 1
3198 1297 1
3198 199 1
3198 3142 1
4514 3161 1
4514 2520 1
4514 350 1
4514 518 1
4514 1770 1
4514 2522 1
4514 2847 1
4514 3731 1
4514 1176 1
1904 4118 1
1904 3531 1
1904 225 1
1904 490 1
1904 3019 1
2857 4025 1
4494 1259 1
4494 4084 1
4494 4020 1
4494 326 1
4494 3679 1
4494 433 1
4494 4092 1
4494 4777 1
651 2135 1
651 2556 1
651 691 1
651 3700 1
651 3706 1
651 1641 1
651 116 1
4436 4539 1
3333 1130 1
2720 4219 1
3214 3568 1
3215 3339 1
3215 4661 1
3215 1281 1
3215 751 1
3215 2128 1
3215 4234 1
3215 4265 1
3215 3851 1
3215 309 1
3215 3375 1
3215 1637 1
3215 1935 1
3215 658 1
3215 2753 1
3215 351 1
3215 1780 1
3215 132 1
4659 2300 1
4659 1839 1
4659 1844 1
4659 774 1
4659 4250 1
1605 2367 1
1605 3165 1
1605 4360 1
1605 780 1
1605 3522 1
1605 4115 1
1605 265 1
1605 1317 1
1605 3785 1
1605 2319 1
1605 356 1
1605 4026 1
1605 1177 1
301 1904 1
301 883 1
301 2547 1
301 901 1
301 4409 1
301 4145 1
301 1427 1
301 1896 1
2425 786 1
3365 2530 1
3365 2579 1
3365 1066 1
2028 934 1
2028 2835 1
2028 4091 1
2028 690 1
2028 4734 1
2028 3180 1
4742 1845 1
4742 3034 1
4742 4632 1
4742 2554 1
4742 4694 1
1722 3642 1
1722 4314 1
1722 166 1
1722 305 1
1722 1298 1
1722 3069 1
1722 2940 1
1722 2878 1
1722 942 1
1722 4425 1
1722 1117 1
1722 3866 1
1722 670 1
3660 4457 1
3660 1687 1
3660 3145 1
3660 693 1
3660 3495 1
3660 4586 1
3660 2858 1
976 4684 1
4824 3595 1
4824 2851 1
4824 3708 1
4824 2514 1
4824 3604 1
4824 3985 1
4824 3195 1
4824 4662 1
2614 1591 1
2614 3355 1
2614 3242 1
2614 4055 1
3579 139 1
3579 1909 1
3579 2412 1
3579 1528 1
3579 484 1
3579 165 1
3579 1715 1
3579 4602 1
3579 3221 1
3579 3813 1
1489 4809 1
1489 171 1
1489 4402 1
1489 3516 1
1489 4630 1
1489 1258 1
1489 4465 1
1489 2210 1
1489 4100 1
4796 3007 1
4796 831 1
4796 2493 1
4796 4208 1
4796 4085 1
4796 3147 1
4796 414 1
4796 2235 1
4796 2640 1
4796 3535 1
4464 1220 1
2822 4647 1
2822 2003 1
2822 2678 1
96 1594 1
96 3606 1
96 588 1
96 3557 1
96 4497 1
96 2453 1
96 267 1
96 2795 1
96 1886 1
96 2195 1
96 3136 1
96 3583 1
96 2061 1
96 1224 1
2806 2617 1
2568 3355 1
3878 2289 1
3878 4164 1
3878 1507 1
3998 4452 1
1539 464 1
1539 3261 1
1539 68 1
1539 4000 1
1539 2814 1
1539 1968 1
1539 4071 1
2328 4007 1
2328 4306 1
2328 622 1
2328 4819 1
2328 3970 1
2328 1871 1
2328 1453 1
2714 2590 1
2714 430 1
2714 3103 1
2714 3611 1
2798 2651 1
2798 4666 1
2798 2921 1
2798 2457 1
2798 2529 1
2798 1389 1
2798 4015 1
3022 337 1
4326 131 1
4326 28 1
4326 3488 1
4326 1555 1
4326 4540 1
4326 4810 1
4326 1654 1
4326 382 1
4326 3857 1
2520 1684 1
2520 2582 1
2520 2015 1
2520 185 1
2520 2967 1
2520 4379 1
2854 3750 1
2854 2225 1
2854 2023 1
2854 1517 1
2854 395 1
2854 4508 1
4111 4251 1
1046 1924 1
1046 733 1
1046 1622 1
2053 3504 1
2053 2488 1
2053 926 1
2053 4591 1
2053 4828 1
2053 4556 1
2053 3991 1
2053 1246 1
2053 3422 1
755 3903 1
4418 3730 1
3263 3819 1
3263 684 1
3263 502 1
4529 687 1
4529 2899 1
4529 4477 1
4529 716 1
4529 493 1
2588 2962 1
782 3955 1
782 1917 1
782 4190 1
896 2436 1
896 4361 1
896 243 1
2338 2695 1
2338 3507 1
2338 3313 1
2338 2949 1
2338 2505 1
2338 674 1
990 3102 1
990 963 1
990 362 1
990 1136 1
990 3988 1
1906 401 1
1906 35 1
1906 44 1
1906 1487 1
1906 3517 1
1906 2973 1
1906 2308 1
1390 2552 1
1390 2964 1
1390 832 1
1155 2885 1
1155 290 1
4079 3982 1
4079 992 1
4079 3353 1
4079 3839 1
4079 1159 1
3334 1479 1
3334 1434 1
3334 1364 1
1265 3831 1
1265 3380 1
1265 2119 1
1265 1793 1
1265 540 1
1265 1444 1
1265 1794 1
1265 4830 1
1265 1154 1
1265 4644 1
475 4695 1
475 2458 1
475 2988 1
2865 4704 1
4136 4649 1
2603 924 1
2603 3350 1
2603 2002 1
2603 3245 1
2603 3832 1
2603 1349 1
837 1865 1
4741 724 1
4741 2409 1
4741 3443 1
4741 4117 1
4327 251 1
4327 4654 1
4327 2782 1
4327 1606 1
4327 3895 1
4327 4315 1
4327 3830 1
4159 1212 1
4389 4153 1
4389 2047 1
4389 885 1
3062 2134 1
3062 2029 1
3062 1894 1
3062 3179 1
2786 3571 1
2786 2703 1
2786 2485 1
2786 2050 1
2786 4788 1
2786 1494 1
2786 4688 1
4304 1008 1
477 1663 1
477 3370 1
477 1060 1
477 1037 1
477 4682 1
477 2538 1
477 3311 1
2715 2440 1
2715 1798 1
4069 3409 1
4069 3894 1
4069 1083 1
1716 2256 1
1716 1792 1
1716 2077 1
1716 4428 1
1716 2566 1
1716 543 1
69 3235 1
69 1048 1
69 220 1
69 2366 1
69 1482 1
2299 458 1
2299 1110 1
2299 730 1
2299 4411 1
2299 3752 1
4147 601 1
4147 3057 1
4147 3789 1
4147 2764 1
4147 4310 1
2264 263 1
3654 3908 1
3654 584 1
3654 718 1
3654 521 1
3654 2410 1
3654 2278 1
3654 1827 1
3654 4639 1
3654 779 1
3654 514 1
3654 31 1
3654 2729 1
3654 4817 1
3654 2368 1
3654 3627 1
677 135 1
677 411 1
677 626 1
4622 4349 1
4622 2480 1
4622 3660 1
4622 4277 1
4622 1410 1
4622 966 1
4403 2657 1
4403 112 1
4403 5 1
4403 3427 1
4403 2512 1
4403 1842 1
4403 32 1
4403 2114 1
4403 3480 1
4403 3026 1
4403 133 1
4403 4113 1
4403 4775 1
4403 3371 1
4403 1773 1
4403 3783 1
4403 2336 1
4403 1546 1
3112 965 1
3112 1272 1
1508 1211 1
1508 4670 1
1508 3107 1
2057 946 1
2057 2185 1
2057 1038 1
3824 507 1
3824 3805 1
3824 4335 1
3824 903 1
3824 673 1
3824 1330 1
3824 39 1
3824 809 1
3824 1674 1
3824 1174 1
3824 3003 1
1121 2626 1
1121 3791 1
1121 1542 1
1121 4798 1
1121 4271 1
1121 639 1
1121 2190 1
1121 4605 1
1121 1554 1
1121 4631 1
1121 1387 1
1121 3106 1
1121 2562 1
1121 3614 1
1121 1305 1
1121 196 1
1121 836 1
1121 1737 1
4573 3236 1
4573 204 1
611 513 1
611 2036 1
611 104 1
611 3079 1
618 2374 1
618 4296 1
1753 1325 1
1753 3185 1
993 1024 1
3474 3521 1
3474 330 1
3474 393 1
4122 439 1
1394 4381 1
1929 53 1
1929 1931 1
1929 4580 1
1929 3315 1
1929 3732 1
1929 4609 1
1929 398 1
1929 2496 1
629 245 1
629 4002 1
629 2052 1
629 1252 1
2077 4106 1
689 1829 1
689 4320 1
689 4017 1
689 327 1
689 217 1
689 1219 1
689 1993 1
689 2075 1
689 3470 1
689 3726 1
689 1664 1
4482 2424 1
4482 54 1
4482 2688 1
4482 933 1
4482 3686 1
4482 2757 1
4482 3285 1
4482 3585 1
4482 1957 1
4482 332 1
4482 655 1
2703 2110 1
1855 952 1
4707 1729 1
4707 1621 1
4707 101 1
4707 3886 1
4707 586 1
4707 1714 1
4707 3829 1
2535 1599 1
2535 2144 1
2535 183 1
2535 591 1
2535 1690 1
2535 3001 1
2535 4123 1
2535 2398 1
4318 2449 1
4318 2829 1
4318 4524 1
4318 3014 1
4318 2242 1
4318 3848 1
4318 1449 1
4318 3395 1
4318 2696 1
4318 2405 1
4318 1784 1
604 4433 1
604 2218 1
604 4534 1
4199 4641 1
4199 3335 1
4199 1809 1
4199 2490 1
4199 2633 1
4199 3738 1
4199 3376 1
4199 2131 1
4199 372 1
311 4067 1
311 4309 1
311 150 1
311 391 1
311 4606 1
311 4716 1
311 2701 1
311 3187 1
311 2665 1
953 4184 1
953 2054 1
953 1704 1
4342 2372 1
4342 3640 1
4342 4098 1
4342 3943 1
4342 349 1
4342 429 1
4342 222 1
1462 2159 1
1462 3744 1
4782 3173 1
4782 1966 1
4782 2635 1
4782 4325 1
4782 2188 1
4782 2227 1
4782 1939 1
4782 1978 1
4782 1945 1
4782 4592 1
4562 805 1
2271 2995 1
2271 794 1
2271 3203 1
2271 1884 1
2271 3922 1
2271 3757 1
2271 2778 1
1963 1381 1
1963 1269 1
1963 3141 1
1963 2664 1
1963 4653 1
2981 2666 1
2981 661 1
2981 4305 1
2981 3770 1
2981 3980 1
2981 1435 1
2981 4392 1
2981 4233 1
2981 1326 1
2981 623 1
2981 640 1
2981 2965 1
2981 4317 1
2981 2340 1
2981 3372 1
2981 4229 1
2981 180 1
2584 1366 1
2584 4492 1
2584 3217 1
3764 572 1
3764 4288 1
3764 3337 1
300 4484 1
300 2726 1
300 2270 1
300 2761 1
300 3098 1
300 2244 1
300 1510 1
300 778 1
2954 4671 1
2954 1150 1
2954 3166 1
2954 1618 1
2954 3598 1
4479 2627 1
4523 593 1
4523 3477 1
4523 2021 1
4523 1480 1
4523 115 1
4523 2216 1
4523 2247 1
4523 3047 1
4523 1379 1
4523 480 1
4523 173 1
342 988 1
342 1624 1
342 3638 1
342 457 1
342 4083 1
2576 3927 1
2576 675 1
2576 2238 1
2576 3347 1
2576 4328 1
2576 1199 1
2576 4731 1
2576 843 1
2576 3625 1
2576 2912 1
2576 2175 1
2576 1371 1
2576 4754 1
4271 3622 1
4271 24 1
4271 3677 1
1391 1075 1
3564 47 1
2096 1732 1
2096 2739 1
2096 800 1
2096 2972 1
2096 2320 1
2096 1417 1
2616 4182 1
2616 3039 1
2616 2971 1
2616 3926 1
2616 1994 1
2616 4341 1
2616 917 1
2616 1619 1
2616 4297 1
2616 4382 1
2616 3792 1
2616 3489 1
1875 4324 1
1875 3964 1
2547 3589 1
2547 1359 1
2547 4745 1
2547 2886 1
4685 3536 1
4685 3071 1
3072 2417 1
3072 2299 1
3072 1253 1
3072 1713 1
3181 4149 1
3181 2702 1
3181 1378 1
3181 510 1
3181 1980 1
3181 1852 1
765 1078 1
765 3806 1
765 2248 1
2922 2933 1
1263 4771 1
4755 2697 1
4755 4362 1
4755 2432 1
4755 1553 1
4755 4374 1
4755 617 1
4755 3408 1
3908 3481 1
1021 3950 1
1021 2836 1
1021 1143 1
1021 4699 1
1021 1018 1
1021 2936 1
1021 3601 1
1021 4103 1
1021 3251 1
4516 1019 1
4516 4244 1
4516 3440 1
4516 4765 1
4516 4215 1
4558 2679 1
4558 2093 1
2784 434 1
2784 91 1
2784 562 1
2784 3065 1
3561 3030 1
3561 4405 1
3561 2506 1
1436 4426 1
1436 785 1
1436 4598 1
1436 2735 1
1436 4570 1
1436 824 1
22 3767 1
22 2446 1
22 3465 1
22 1734 1
3993 3994 1
3993 99 1
3993 409 1
3993 2893 1
3993 1422 1
3993 3381 1
3993 2198 1
3993 107 1
3993 3712 1
3993 3882 1
3993 1683 1
3993 3396 1
3993 1091 1
3993 3963 1
3993 2429 1
4524 1210 1
4524 845 1
4524 205 1
4524 4284 1
4524 3084 1
4524 2427 1
4524 4086 1
4125 279 1
4125 1331 1
4125 526 1
4125 2540 1
4125 3108 1
506 232 1
506 1226 1
506 4685 1
506 558 1
506 681 1
506 2389 1
506 57 1
1481 1367 1
1481 2553 1
1481 499 1
1481 4386 1
1481 1504 1
1278 2286 1
1278 2378 1
1278 157 1
1278 2917 1
1320 2698 1
1320 4785 1
2214 4102 1
3777 3636 1
3777 2333 1
3777 3263 1
3777 103 1
3777 2786 1
3777 2981 1
3777 1481 1
3777 3868 1
3777 2499 1
3777 3416 1
4298 3397 1
4298 3692 1
4298 1712 1
4298 3786 1
4298 2746 1
2704 73 1
117 2477 1
117 3932 1
117 3344 1
117 3933 1
1547 1146 1
1547 3675 1
1547 2925 1
1863 1358 1
1863 3494 1
1302 3853 1
1302 3209 1
1302 2415 1
1302 1128 1
1302 1194 1
1302 3227 1
1302 1936 1
1302 2634 1
1302 4594 1
1302 2945 1
1302 3951 1
2130 3889 1
2130 2142 1
2130 4446 1
2130 1727 1
2130 80 1
2130 4365 1
2130 4192 1
2130 4723 1
2130 3462 1
2130 2239 1
2130 2414 1
2130 1352 1
2130 1805 1
2130 1795 1
2590 3940 1
2590 4826 1
2590 4323 1
2590 1891 1
2590 1803 1
2590 4038 1
2590 1113 1
2590 3965 1
2590 4696 1
1085 1006 1
1085 2058 1
1085 2245 1
1085 3156 1
4642 394 1
4642 2799 1
4642 1345 1
4642 4124 1
2016 3405 1
2016 3068 1
2016 2788 1
2016 3802 1
2016 1992 1
2016 4331 1
2016 4617 1
2016 3602 1
2751 3761 1
2751 958 1
2751 3054 1
2751 3942 1
2751 3493 1
2751 519 1
2751 1458 1
2751 1277 1
2751 1972 1
2751 3897 1
937 1069 1
937 2609 1
2191 851 1
2191 2324 1
2191 3276 1
2191 3843 1
2191 2109 1
2191 1602 1
2191 4209 1
2934 4261 1
2815 1497 1
2815 1469 1
2815 478 1
2815 3373 1
4353 1467 1
4353 2404 1
4353 3104 1
2565 1457 1
2565 770 1
2565 1039 1
2530 2718 1
2530 1717 1
2530 1131 1
2530 1237 1
2530 93 1
2530 1413 1
2530 130 1
2530 4640 1
2530 3803 1
518 4329 1
518 1465 1
906 3850 1
906 3490 1
906 2133 1
906 1944 1
906 768 1
282 4223 1
282 1825 1
282 1137 1
282 1582 1
282 2677 1
282 3060 1
1534 2459 1
1534 932 1
1534 2151 1
1534 1653 1
1534 4289 1
1416 3811 1
1416 916 1
1416 4111 1
1416 3683 1
1416 2122 1
1416 2952 1
1416 1300 1
1416 1872 1
1416 2939 1
1416 722 1
1416 520 1
4453 325 1
4453 4490 1
666 3152 1
666 297 1
666 4442 1
666 1450 1
666 4230 1
666 4700 1
4293 3361 1
4293 2447 1
4293 527 1
3326 128 1
3326 3407 1
3240 4045 1
3240 1044 1
3240 2733 1
3194 3399 1
3194 879 1
3797 1635 1
3797 4165 1
3797 1679 1
4224 2652 1
4224 208 1
1878 1989 1
1878 3109 1
4404 819 1
4404 3591 1
4404 2809 1
4404 2347 1
4404 2828 1
4404 4041 1
4404 793 1
4404 3394 1
4404 2812 1
4404 1418 1
4404 615 1
1879 1861 1
1879 1287 1
1879 3258 1
1879 4636 1
1879 3513 1
1864 2656 1
1864 1162 1
1864 1077 1
1864 26 1
1864 4201 1
2112 2513 1
2112 3202 1
2112 2148 1
2112 1843 1
810 4438 1
810 576 1
810 2877 1
810 2090 1
572 2365 1
572 4175 1
572 4454 1
572 1707 1
572 1302 1
572 1488 1
572 3432 1
572 878 1
572 2202 1
572 847 1
572 454 1
598 253 1
598 4270 1
598 2143 1
598 515 1
3690 379 1
3690 1483 1
3690 96 1
3690 1867 1
3690 1612 1
3690 1964 1
3690 2261 1
3690 4697 1
3690 915 1
3690 1781 1
3690 971 1
3690 4022 1
3690 3133 1
2808 2234 1
2808 387 1
1718 4504 1
1718 1856 1
1718 1423 1
1718 3170 1
3704 650 1
3704 1983 1
3704 1100 1
3704 3037 1
3704 1033 1
3292 2515 1
3292 2689 1
3292 4825 1
3292 1666 1
3384 360 1
3384 118 1
3384 167 1
3384 627 1
3384 1070 1
3384 25 1
3384 2881 1
3384 1789 1
3384 3699 1
3384 1108 1
3384 1569 1
3384 3688 1
3384 2326 1
3384 2724 1
3384 984 1
3384 2495 1
2545 1062 1
2545 2262 1
2545 508 1
2545 1394 1
2545 4801 1
2545 1889 1
2545 3745 1
2545 3120 1
2545 4354 1
2545 914 1
2545 4509 1
2545 2344 1
3291 2896 1
3291 2728 1
3291 2411 1
3291 4502 1
1294 280 1
1294 1022 1
1294 3302 1
1294 373 1
1294 1106 1
1294 2233 1
1294 4023 1
1294 3193 1
1294 728 1
1294 3510 1
1294 1527 1
1294 888 1
1294 1857 1
1294 3803 1
1294 1396 1
1294 3966 1
1294 4783 1
1294 94 1
2914 3956 1
3381 1551 1
3381 2855 1
2312 1016 1
2312 522 1
2312 3433 1
2312 962 1
2312 4556 1
2312 1548 1
2312 1719 1
2312 4355 1
2312 2076 1
911 897 1
911 1887 1
911 410 1
911 4602 1
911 3813 1
807 3338 1
766 720 1
766 4799 1
766 4373 1
766 3526 1
766 672 1
766 1703 1
766 4495 1
4363 4719 1
4363 1655 1
4363 3410 1
4363 1609 1
275 1005 1
275 2948 1
275 1941 1
275 993 1
275 1163 1
275 2042 1
275 3418 1
275 3045 1
275 2426 1
1094 125 1
3057 732 1
3057 2105 1
3057 388 1
4434 2321 1
4434 1558 1
1893 399 1
4672 4240 1
4275 119 1
4275 2098 1
4275 1316 1
4275 4050 1
4275 4135 1
2169 3854 1
2773 1175 1
2773 859 1
2773 4730 1
2773 353 1
2773 4743 1
2773 3359 1
2773 1813 1
2773 4473 1
1437 2548 1
1437 2822 1
1437 3391 1
1437 509 1
1437 3331 1
1437 2263 1
1437 3351 1
1437 248 1
1437 2345 1
1437 4282 1
1437 1943 1
1437 3230 1
1437 4758 1
1437 1738 1
1437 1572 1
1437 4348 1
1437 4173 1
1437 947 1
1437 4821 1
1437 3618 1
1437 4791 1
466 2125 1
1612 33 1
1612 4332 1
1612 3146 1
1612 365 1
635 357 1
532 2001 1
532 488 1
532 857 1
1680 2969 1
1680 4076 1
3770 2240 1
4458 2947 1
4458 3612 1
4458 2951 1
4458 2043 1
4458 1812 1
4458 301 1
4458 4326 1
4458 631 1
4458 4403 1
4458 666 1
4458 323 1
4458 1573 1
4458 2654 1
4458 2384 1
4458 3691 1
4458 1023 1
4458 2531 1
4458 497 1
4458 1257 1
4458 4775 1
4458 3138 1
4458 839 1
4458 1544 1
4458 291 1
4458 2523 1
4458 1665 1
4458 3243 1
4458 2104 1
4458 3533 1
4458 1087 1
3328 2648 1
3328 568 1
2928 1201 1
2928 3411 1
2928 2816 1
2928 4571 1
2928 3320 1
596 2823 1
596 3074 1
596 2993 1
1919 3593 1
1919 814 1
1919 3967 1
1919 633 1
558 21 1
558 369 1
558 2825 1
558 4128 1
558 3343 1
558 1512 1
1019 4212 1
748 3290 1
748 2428 1
748 1058 1
748 3186 1
748 1395 1
748 2310 1
748 3362 1
748 3048 1
748 1518 1
748 4781 1
748 4628 1
748 255 1
1629 3498 1
1629 587 1
1629 1132 1
1629 1147 1
1629 599 1
1629 4180 1
1629 3177 1
1629 628 1
1629 1426 1
1629 2860 1
1629 3910 1
1629 711 1
1629 66 1
358 2619 1
358 2926 1
3087 2306 1
3087 2011 1
3087 3228 1
3087 4532 1
2107 64 1
2107 678 1
2107 4659 1
2107 2259 1
2107 3491 1
2107 4551 1
2107 3233 1
2107 3377 1
2107 848 1
2107 2781 1
2107 3899 1
3184 95 1
3184 4377 1
3184 2527 1
3184 3035 1
3184 3808 1
3184 4444 1
3184 955 1
3184 3341 1
3184 168 1
3184 3841 1
1555 2898 1
1555 3155 1
1555 1125 1
1555 4141 1
1555 2723 1
1555 3981 1
1555 3125 1
1555 30 1
1555 3412 1
851 3281 1
851 137 1
851 2113 1
4744 547 1
4744 4337 1
1496 665 1
1496 1832 1
1496 929 1
1496 868 1
1496 440 1
2434 4517 1
3989 1880 1
3989 1249 1
3989 4254 1
3989 3182 1
467 1590 1
467 3856 1
467 2773 1
467 950 1
467 340 1
467 3890 1
467 1578 1
2261 138 1
1153 1145 1
1153 3020 1
1153 2705 1
1153 1533 1
1153 530 1
1329 1085 1
1329 4451 1
1329 3253 1
1329 2066 1
1329 4245 1
1329 1451 1
1329 3085 1
1329 176 1
1218 1485 1
1218 2007 1
1218 1975 1
1218 2650 1
1285 3641 1
1285 408 1
1285 3110 1
1120 2163 1
1120 2024 1
1120 4388 1
1120 380 1
569 3833 1
3790 3248 1
3790 4001 1
3790 2476 1
3790 761 1
3790 979 1
950 4193 1
950 2219 1
3358 2060 1
195 4581 1
195 2779 1
195 2276 1
195 886 1
4792 2894 1
4792 3775 1
1891 2667 1
3957 19 1
3957 3801 1
3957 1756 1
3902 4471 1
4266 3301 1
1586 3291 1
1586 1571 1
1586 1411 1
1586 4794 1
2050 3220 1
2050 1556 1
2050 3123 1
2050 3199 1
2050 448 1
2050 453 1
2050 3160 1
890 4528 1
890 4686 1
890 2730 1
890 1802 1
890 3322 1
890 737 1
890 1735 1
3469 2325 1
3469 3577 1
3469 3931 1
3469 1052 1
3469 1274 1
319 2037 1
3131 1454 1
3131 1930 1
3131 4796 1
3131 4814 1
3131 1124 1
3131 981 1
3131 1178 1
3131 1505 1
3131 1320 1
3131 1675 1
3131 2221 1
3131 1490 1
3131 1218 1
3131 1120 1
3131 3800 1
3131 4643 1
3131 3207 1
3131 3658 1
3131 3468 1
3131 4151 1
3131 1623 1
3131 4087 1
3131 3006 1
3131 1643 1
3131 124 1
3131 1676 1
3131 4441 1
3131 4174 1
3131 4352 1
3131 4732 1
3131 2044 1
3131 3828 1
3131 4651 1
3131 4674 1
1587 1112 1
2873 2197 1
2873 1232 1
2873 4280 1
2873 359 1
2873 2470 1
2873 3321 1
2873 4752 1
2873 3096 1
2873 4166 1
2873 2875 1
2873 1977 1
2873 833 1
2873 1613 1
2873 2734 1
2873 206 1
2873 3264 1
2873 4439 1
2873 88 1
2873 2561 1
3753 3124 1
3753 3447 1
3753 200 1
3753 1923 1
3753 1593 1
3753 1445 1
3753 2297 1
3753 2639 1
3753 161 1
3753 1658 1
1552 801 1
1552 2583 1
2453 3097 1
2453 4759 1
2453 708 1
2453 2821 1
1559 2364 1
4729 1438 1
2654 2563 1
2654 3914 1
2654 3907 1
2654 4555 1
2654 862 1
2654 1645 1
2049 1171 1
2049 725 1
2049 2970 1
2049 3121 1
2049 546 1
2049 3575 1
2049 1310 1
2049 3586 1
2049 4376 1
2049 2641 1
2049 277 1
2049 1227 1
2049 2413 1
172 4171 1
172 4364 1
172 1561 1
172 4154 1
964 1669 1
964 3558 1
964 4220 1
964 4455 1
2774 2172 1
2774 341 1
2774 524 1
2774 4663 1
2774 298 1
2774 841 1
2774 283 1
200 1610 1
200 4721 1
200 1408 1
200 2789 1
200 38 1
200 1881 1
200 537 1
200 4483 1
1386 4494 1
1386 322 1
1386 4746 1
1386 705 1
1386 2669 1
1386 4728 1
1386 4160 1
1386 4299 1
1386 526 1
1386 3543 1
1386 4774 1
1386 2465 1
1386 4114 1
1386 4137 1
1386 3887 1
1386 1264 1
1386 2254 1
1386 1160 1
1386 1973 1
1386 1312 1
3643 3515 1
3643 1860 1
3643 4122 1
3643 4474 1
3643 1168 1
3643 635 1
3643 9 1
3643 1762 1
3643 2252 1
3643 3479 1
3643 2030 1
3643 1991 1
3643 1202 1
3643 1266 1
3643 3033 1
3643 4590 1
3643 2983 1
3643 233 1
3643 4155 1
3643 1268 1
3643 1101 1
3643 1953 1
3643 3870 1
3643 405 1
3643 1907 1
3643 667 1
3643 900 1
3643 2719 1
3643 553 1
3643 1243 1
3643 2265 1
3643 1301 1
3643 2826 1
4414 2421 1
4414 3919 1
4414 1757 1
4414 2873 1
4414 4802 1
4414 1744 1
463 1161 1
463 3279 1
463 3685 1
463 1034 1
463 2542 1
463 2145 1
4307 1947 1
4262 566 1
4262 2463 1
4350 2903 1
4350 1723 1
4350 1627 1
4350 1052 1
4350 790 1
4383 1026 1
1535 983 1
1535 3733 1
1535 1926 1
1411 84 1
1411 3673 1
1411 1282 1
1411 2544 1
3759 4248 1
3759 726 1
3759 237 1
3759 1967 1
3759 2008 1
3759 384 1
3759 120 1
3759 3549 1
3759 844 1
3759 936 1
3759 812 1
4512 1710 1
4512 3213 1
4512 891 1
174 2385 1
174 3475 1
174 406 1
174 1760 1
2631 1360 1
2631 34 1
2631 1260 1
2631 4499 1
2631 2120 1
2631 3746 1
2631 2930 1
2631 2713 1
2631 1398 1
2503 2307 1
1695 20 1
1695 2053 1
1695 3204 1
1695 3456 1
1695 698 1
1695 2775 1
1695 2026 1
1695 4614 1
1695 3559 1
1695 3163 1
1695 2924 1
1695 2146 1
3691 2768 1
3691 221 1
3691 4263 1
1238 3421 1
1238 2817 1
4283 788 1
4283 3255 1
561 1311 1
561 2872 1
561 2593 1
354 1565 1
354 2805 1
4160 1335 1
4160 2281 1
4160 4518 1
4160 27 1
3458 2354 1
3458 4095 1
3458 3826 1
3458 2699 1
1235 59 1
1235 1468 1
1235 15 1
1235 904 1
1235 3779 1
815 3656 1
815 2059 1
815 762 1
1923 4612 1
1923 4419 1
1923 2831 1
1923 1095 1
1923 1097 1
1923 70 1
1923 1251 1
1923 2670 1
1923 866 1
1923 549 1
3587 3237 1
3587 2311 1
3587 696 1
3587 4773 1
3587 899 1
3923 2382 1
3923 4720 1
3923 2853 1
3923 749 1
4094 1779 1
4094 3865 1
4094 1459 1
4094 4211 1
4094 4216 1
4094 2551 1
4094 3525 1
4094 1007 1
4094 1074 1
4605 449 1
4605 4521 1
4605 3749 1
4605 3426 1
4605 2868 1
4605 1350 1
545 2189 1
545 1716 1
545 2299 1
545 1911 1
545 2800 1
545 3756 1
545 3562 1
545 574 1
545 474 1
545 1728 1
545 679 1
4623 63 1
4623 1179 1
4623 3218 1
4623 1754 1
4623 3990 1
961 4246 1
3858 2790 1
3858 1446 1
3858 1772 1
3858 2510 1
3858 4267 1
3858 2274 1
3858 1123 1
3858 1027 1
3858 4445 1
3858 2516 1
787 3198 1
787 1064 1
787 2537 1
787 2539 1
787 1706 1
787 2136 1
386 3274 1
386 2170 1
4811 3094 1
4811 1598 1
4811 2904 1
1897 3369 1
1897 1323 1
1897 1632 1
1897 2084 1
1897 1283 1
1897 299 1
1897 1574 1
1897 1648 1
1897 2811 1
3501 216 1
3501 2184 1
3501 1254 1
3501 4202 1
3501 3771 1
2400 2468 1
2820 1787 1
4120 2751 1
4120 1096 1
4120 3289 1
4120 3036 1
4120 2843 1
4037 1401 1
4037 4708 1
4037 3284 1
4037 2018 1
4037 260 1
4037 1969 1
4037 3492 1
3014 4242 1
3014 1181 1
3014 1384 1
3014 1135 1
3049 160 1
3418 2787 1
3418 2585 1
3418 1471 1
3418 1509 1
2228 918 1
2228 166 1
2228 214 1
2228 1774 1
2228 1012 1
2228 3727 1
2228 1859 1
2228 4054 1
3162 486 1
2579 4759 1
2579 266 1
2579 1228 1
2579 3874 1
400 186 1
400 2960 1
400 3135 1
400 4533 1
400 1029 1
400 570 1
400 3366 1
400 4368 1
400 2157 1
4643 3385 1
4643 2266 1
4643 238 1
4643 2180 1
1501 4003 1
2252 2232 1
2252 1295 1
2252 3657 1
2252 374 1
2252 144 1
2252 921 1
2252 2282 1
2252 4453 1
2252 2357 1
2252 1755 1
2252 108 1
2252 4140 1
2252 960 1
2252 1354 1
2252 4668 1
2252 4756 1
2252 1918 1
2252 2791 1
2252 77 1
2252 4678 1
2252 4157 1
2252 3817 1
2252 3140 1
2252 931 1
2252 1951 1
2252 4698 1
2252 853 1
2252 1086 1
2252 1990 1
2252 645 1
2252 3336 1
2252 3340 1
3742 2040 1
1128 1763 1
4308 4088 1
343 4437 1
343 611 1
343 710 1
343 4167 1
343 4767 1
343 2732 1
1846 941 1
3906 1425 1
3906 797 1
3906 1746 1
3906 2897 1
3906 896 1
3906 1244 1
3906 4506 1
3906 370 1
3906 3847 1
3906 1937 1
3906 3450 1
3906 647 1
1862 2776 1
1862 1455 1
1862 1428 1
1761 662 1
1761 3234 1
1761 659 1
592 4616 1
592 4185 1
592 4004 1
592 2115 1
592 289 1
592 3317 1
592 293 1
592 2469 1
592 3763 1
1348 1088 1
1348 1532 1
1348 683 1
1348 4789 1
1348 4300 1
1348 2849 1
1348 2867 1
1348 719 1
1348 18 1
1348 2511 1
4257 2998 1
1524 3552 1
1524 1129 1
1524 594 1
1524 4225 1
1298 444 1
1298 3058 1
1298 3778 1
1298 4301 1
3682 2264 1
3682 1342 1
3682 759 1
3682 2797 1
3682 2866 1
3682 4274 1
3682 1543 1
2712 4440 1
2712 3793 1
2712 187 1
2712 2636 1
2712 2355 1
1702 1767 1
1702 2290 1
698 1575 1
698 3252 1
698 2116 1
698 1831 1
698 3855 1
698 2968 1
698 1122 1
752 74 1
752 1296 1
752 4008 1
752 2913 1
3630 4588 1
4779 3954 1
4779 1421 1
4779 4141 1
1192 268 1
1013 1920 1
1013 808 1
1013 2958 1
1013 1009 1
1013 754 1
2610 3388 1
2610 709 1
2610 3453 1
2610 1405 1
1 3484 1
1216 4768 1
4717 4546 1
2775 2491 1
2775 2887 1
2775 2980 1
2775 3471 1
2775 1893 1
2775 302 1
2775 336 1
2775 2315 1
2775 920 1
2775 602 1
2775 4680 1
2775 2153 1
2775 4065 1
2775 2999 1
2775 2303 1
2775 3417 1
2775 1870 1
2775 4247 1
2775 4096 1
2775 856 1
2775 2106 1
2223 4543 1
2223 1229 1
2223 3496 1
2223 3404 1
2223 826 1
2379 2358 1
2379 348 1
2379 1278 1
2379 2130 1
2379 198 1
2379 312 1
2379 385 1
1699 807 1
1699 1382 1
2709 4186 1
2709 1362 1
2709 1529 1
2709 1984 1
392 3952 1
4369 424 1
2519 1615 1
2519 294 1
2519 757 1
2519 4281 1
2519 3534 1
4061 50 1
4061 2062 1
4032 246 1
451 2620 1
2929 3505 1
2929 1397 1
2929 2208 1
2929 1748 1
2929 404 1
2929 2472 1
2929 3631 1
2929 2876 1
2929 1828 1
2929 473 1
4697 4702 1
4697 715 1
4697 3194 1
4697 426 1
4697 1437 1
4697 4094 1
4697 400 1
4697 1778 1
4697 2348 1
4697 1474 1
4697 4034 1
1236 2741 1
1236 2827 1
2396 3018 1
203 177 1
203 4412 1
203 3588 1
203 1092 1
203 1239 1
3658 3389 1
3658 4062 1
3658 3356 1
37 2680 1
37 583 1
37 2464 1
3468 4226 1
4312 1271 1
4196 528 1
4196 163 1
4196 109 1
4196 377 1
4196 299 1
4196 852 1
4196 2681 1
4196 308 1
142 97 1
2070 1694 1
2070 2504 1
2013 1739 1
2013 1790 1
4268 4429 1
1000 1439 1
1000 3091 1
1000 1976 1
1000 1157 1
1000 4432 1
2019 67 1
2019 534 1
2019 3680 1
2019 364 1
2019 4553 1
2019 905 1
2019 2334 1
2019 383 1
2313 2097 1
2313 2660 1
2313 145 1
2313 1985 1
2984 2908 1
2984 4359 1
4288 1280 1
4288 435 1
4288 3626 1
4288 4217 1
4288 2597 1
3472 1292 1
3472 3537 1
3472 4344 1
3238 4249 1
3238 303 1
3238 1391 1
3238 4187 1
3238 813 1
1928 3413 1
1928 4703 1
4420 792 1
4420 3293 1
4420 2618 1
2255 854 1
2255 3664 1
681 2246 1
681 2375 1
681 4522 1
1470 567 1
1470 1164 1
1470 1046 1
1470 980 1
1470 1247 1
1470 3734 1
1470 2845 1
1470 2632 1
1470 2690 1
1470 2063 1
1470 4563 1
1470 3013 1
1148 254 1
1148 651 1
1148 3878 1
1148 4804 1
1148 3538 1
1148 1667 1
1148 4159 1
1148 2596 1
1148 821 1
1148 2576 1
1148 2088 1
1148 3181 1
1148 3222 1
1148 2682 1
1148 450 1
1148 968 1
1148 396 1
1148 71 1
1148 2360 1
1148 1055 1
1148 4351 1
1148 1998 1
1148 2150 1
1148 1286 1
1148 2203 1
1148 4656 1
1148 3023 1
1588 4435 1
1588 1900 1
1588 1234 1
1588 3444 1
4788 4627 1
4788 153 1
4788 4475 1
4788 1484 1
4788 1180 1
4788 706 1
4788 2183 1
4788 4807 1
4788 938 1
4788 1440 1
4788 4780 1
3247 4530 1
4797 535 1
4827 292 1
2525 4561 1
2525 1462 1
2525 288 1
2525 2126 1
2525 692 1
2525 500 1
2525 1699 1
2525 487 1
2525 1031 1
2525 1071 1
2525 78 1
2525 155 1
2525 4236 1
2525 1566 1
2525 2918 1
2615 295 1
2615 1697 1
2615 3613 1
2615 557 1
2615 2399 1
2615 445 1
2615 4179 1
2615 2756 1
2615 1919 1
2615 3148 1
2615 2339 1
2615 538 1
2615 2313 1
2615 4028 1
2615 3316 1
2615 4757 1
2615 3863 1
2615 999 1
2615 2337 1
2615 4712 1
2615 3174 1
3448 3473 1
1991 158 1
1991 2192 1
1991 2595 1
240 3215 1
240 1539 1
240 582 1
240 953 1
240 3867 1
240 3025 1
240 4542 1
240 1441 1
240 2327 1
240 4356 1
240 2017 1
240 1456 1
240 4227 1
240 355 1
240 92 1
240 6 1
240 226 1
1253 3946 1
1253 1974 1
1253 4735 1
1253 4753 1
3560 3244 1
3560 1076 1
3560 1830 1
3560 3278 1
2102 4404 1
3885 2834 1
4689 4080 1
4689 4664 1
4689 3088 1
4689 636 1
4689 2074 1
4689 1 1
4689 203 1
4689 802 1
4689 3378 1
4689 3978 1
4689 3077 1
4689 121 1
4689 4596 1
3299 4669 1
3299 2985 1
1031 3100 1
4370 2673 1
4370 1636 1
4370 4237 1
4370 2141 1
4370 3059 1
4370 3265 1
4370 227 1
4370 3728 1
4370 827 1
2435 2758 1
3117 36 1
3117 542 1
3117 14 1
3117 2808 1
3117 3651 1
3117 4443 1
3117 1045 1
3117 4808 1
3117 3050 1
3117 1724 1
1343 2280 1
1343 2193 1
1343 3398 1
1343 4321 1
1343 4089 1
1343 4687 1
1137 3992 1
734 1869 1
734 1873 1
3932 2124 1
3847 1826 1
3847 436 1
3847 3898 1
3847 2974 1
3847 4709 1
3847 3463 1
3847 1519 1
3847 3216 1
707 735 1
707 2934 1
707 561 1
707 1138 1
707 2637 1
707 428 1
707 3306 1
707 2645 1
707 789 1
707 1337 1
707 3751 1
707 4823 1
4775 4548 1
4775 990 1
4775 4256 1
4775 4161 1
4775 3837 1
4775 4383 1
4775 1463 1
4775 606 1
4775 140 1
3539 2655 1
3539 90 1
3539 889 1
3539 3445 1
3539 1960 1
3539 1172 1
3539 1858 1
3539 179 1
3539 468 1
3539 4049 1
3539 3223 1
3539 3624 1
3539 1892 1
3539 472 1
3539 3386 1
3539 3497 1
3539 2598 1
3539 887 1
3539 3915 1
2360 989 1
2360 1785 1
2360 4834 1
2360 1072 1
2360 4407 1
2360 1938 1
2360 3766 1
2360 4072 1
3572 2870 1
3572 3689 1
3572 973 1
3572 937 1
3572 3820 1
3572 4366 1
3572 1698 1
3572 2569 1
3572 1399 1
3572 3476 1
3572 1987 1
3572 1833 1
3572 4387 1
3572 4637 1
3572 1262 1
3572 1114 1
1649 2078 1
1649 4464 1
1649 431 1
1649 2577 1
1649 3162 1
1649 803 1
1649 533 1
1649 850 1
1649 1764 1
1649 2045 1
1649 2602 1
1649 3157 1
330 3849 1
4765 4406 1
1308 2850 1
2942 2211 1
4010 3637 1
4010 571 1
4010 3893 1
4010 2158 1
2297 2759 1
2297 4345 1
1815 477 1
1815 3794 1
1815 2905 1
1815 554 1
1815 4061 1
1815 3299 1
1815 252 1
1815 2959 1
1815 4142 1
1815 1376 1
1815 536 1
1815 1107 1
1815 4132 1
1815 407 1
3197 1313 1
3197 4393 1
3197 4101 1
2986 4544 1
4527 1368 1
4527 4645 1
4527 2162 1
4264 2356 1
4264 1819 1
3111 3993 1
3111 2112 1
3111 2586 1
3111 1628 1
4535 1814 1
4535 3076 1
4535 2034 1
4535 105 1
4535 4350 1
4535 4024 1
4535 2498 1
3153 4158 1
3153 3210 1
3153 1412 1
3153 1811 1
3153 2638 1
3153 56 1
3153 2396 1
198 4541 1
198 284 1
198 605 1
198 215 1
198 2600 1
948 4051 1
948 2178 1
948 4390 1
948 2938 1
948 1681 1
948 3318 1
948 87 1
948 842 1
1948 3196 1
1948 3913 1
1905 1319 1
1905 4252 1
1905 1464 1
1905 2089 1
496 3645 1
3614 1705 1
3614 3623 1
3614 1223 1
2419 3435 1
2419 2272 1
2419 1745 1
2419 4787 1
2419 2862 1
1979 775 1
1979 4415 1
1230 4064 1
1230 2541 1
4033 2890 1
4033 3762 1
3259 256 1
3259 2350 1
3259 632 1
3259 2101 1
624 697 1
624 1035 1
624 2407 1
624 1997 1
3609 3804 1
3609 1981 1
3609 1541 1
3609 3348 1
3609 4615 1
3609 3466 1
3609 4040 1
3609 1961 1
952 2206 1
952 1979 1
952 4129 1
952 3158 1
952 40 1
952 82 1
3838 2005 1
3838 3920 1
3838 930 1
3838 1547 1
3838 2507 1
3838 4420 1
3838 2837 1
3838 1049 1
3838 4043 1
3838 1056 1
3838 3934 1
4711 2997 1
4711 3769 1
1847 3987 1
1847 2431 1
1847 2217 1
1847 4203 1
1847 3721 1
1847 4462 1
1847 2508 1
141 3089 1
141 2138 1
141 3995 1
141 1082 1
141 3482 1
141 4400 1
3556 3773 1
3556 1808 1
3556 4459 1
3556 1736 1
3556 3031 1
3556 3968 1
3556 328 1
3556 2780 1
3556 2020 1
3556 4177 1
3556 3300 1
3556 2373 1
3556 1025 1
3556 4466 1
3556 2686 1
2977 2852 1
2977 3719 1
2977 1126 1
4590 4589 1
4590 12 1
4590 264 1
4590 1221 1
4590 3129 1
4590 3288 1
4590 1766 1
4590 559 1
4590 1346 1
4590 2658 1
4590 3587 1
4590 3858 1
4590 4430 1
4590 13 1
4590 3948 1
4590 2461 1
4590 2555 1
4590 2754 1
4590 865 1
4590 1105 1
4590 552 1
4590 2570 1
4590 2460 1
4590 4818 1
4590 1520 1
4590 3260 1
4590 2575 1
1985 2450 1
1570 129 1
1570 2397 1
1570 4648 1
1372 148 1
1993 344 1
1993 517 1
1993 1149 1
3949 4384 1
3949 2094 1
3949 2423 1
3949 2249 1
4232 694 1
4232 4294 1
4232 2996 1
3103 1111 1
3103 16 1
3103 4488 1
3103 3188 1
1544 4600 1
1544 2284 1
1544 2643 1
1544 1996 1
1544 2706 1
1544 1952 1
1544 1373 1
4713 4634 1
4713 4257 1
4713 3693 1
3294 4276 1
3294 4259 1
3294 653 1
3294 2838 1
3294 2006 1
3294 329 1
3294 1493 1
3294 441 1
3294 3540 1
3294 910 1
3294 565 1
3294 58 1
3316 4583 1
3316 257 1
3316 2376 1
3316 2027 1
2878 4273 1
2878 129 1
2878 4510 1
2878 1059 1
2878 902 1
3748 1400 1
3748 4395 1
3748 4706 1
2645 769 1
2645 3935 1
2645 390 1
2645 1383 1
2645 1642 1
2645 2888 1
2645 3061 1
2645 2483 1
2645 3436 1
2645 2844 1
1275 2731 1
1275 4231 1
1275 1073 1
1275 1028 1
1275 3229 1
1275 2589 1
4638 3676 1
4638 494 1
4638 4422 1
4638 2943 1
4638 3573 1
4638 864 1
4447 241 1
4447 2914 1
4447 275 1
4447 4461 1
4447 2935 1
4447 7 1
4447 462 1
4447 1595 1
4447 1448 1
4447 4710 1
4447 100 1
4447 3705 1
2247 4507 1
2247 3754 1
2247 3776 1
2247 555 1
2247 646 1
2247 4468 1
1182 4750 1
1182 4572 1
1182 3958 1
1182 810 1
1182 110 1
1182 4766 1
1182 731 1
3904 3383 1
3904 4824 1
3904 2588 1
3904 1820 1
3904 4605 1
3904 3250 1
3904 721 1
1870 1495 1
1870 4690 1
1870 2 1
1870 3092 1
1870 4786 1
1870 1209 1
4682 3875 1
4682 1213 1
3886 1796 1
3886 469 1
3073 29 1
3073 2521 1
417 1460 1
417 23 1
417 1169 1
417 630 1
417 2601 1
417 3390 1
2983 207 1
2983 2571 1
2983 412 1
2983 3171 1
2983 3354 1
2983 2722 1
2983 756 1
2983 4679 1
2983 4283 1
2983 1576 1
2983 2099 1
2983 1392 1
2983 3150 1
2983 4738 1
2983 3270 1
2983 668 1
2983 2285 1
2983 2659 1
2983 3649 1
2983 1592 1
2983 907 1
2983 867 1
2983 840 1
2983 1786 1
2983 1377 1
2983 3974 1
3004 1625 1
3004 944 1
2085 3078 1
2085 4769 1
2085 2489 1
2085 1314 1
2085 2222 1
2085 1577 1
2200 2920 1
2200 755 1
2200 1261 1
2200 1850 1
2200 3024 1
2200 2434 1
2200 3424 1
2200 1183 1
2200 961 1
2200 4487 1
2200 2351 1
2200 3539 1
2200 3080 1
2200 4658 1
2200 1303 1
2200 4347 1
2200 2204 1
2200 1868 1
2200 2474 1
2200 4121 1
2200 4806 1
2200 2607 1
2200 1652 1
3262 2092 1
3262 2103 1
2127 2171 1
2127 1133 1
3205 3527 1
3205 1140 1
3205 1197 1
3205 2273 1
3205 1424 1
3205 1835 1
3205 1184 1
3205 4739 1
3205 1751 1
3205 2572 1
3205 2623 1
4725 1940 1
4725 2707 1
1514 2534 1
1514 271 1
1514 3005 1
1514 2721 1
1514 3042 1
1514 2794 1
1514 3605 1
1514 2448 1
1514 1030 1
1514 4107 1
2536 3877 1
2536 736 1
4227 4218 1
4227 4295 1
2095 3924 1
2095 3716 1
2095 1879 1
2095 2312 1
2095 699 1
2095 1003 1
2095 1144 1
2095 3008 1
2095 262 1
2095 978 1
2095 1513 1
2095 3619 1
2095 967 1
944 2291 1
944 41 1
944 2361 1
944 1822 1
944 1629 1
944 4748 1
944 2977 1
944 2683 1
944 2783 1
944 470 1
944 4607 1
944 1472 1
944 4545 1
944 1536 1
944 2086 1
2022 1118 1
2022 4189 1
2022 4333 1
2022 3696 1
2022 3694 1
2022 276 1
2022 2975 1
991 3189 1
2644 3277 1
3653 4675 1
1912 4829 1
1912 2978 1
1215 4423 1
1215 3971 1
3687 1614 1
3687 2186 1
2460 2953 1
3544 3027 1
3544 3327 1
3544 1304 1
3544 2338 1
3544 4298 1
3544 2565 1
3544 2055 1
3544 3153 1
3544 3352 1
3544 1564 1
3544 162 1
3544 1549 1
3544 1344 1
3544 1801 1
3544 4108 1
2068 2580 1
2583 287 1
3043 995 1
3043 2000 1
3043 3154 1
4053 893 1
4053 2139 1
4053 1499 1
4053 1611 1
4053 1765 1
3139 3016 1
3139 4496 1
3139 2079 1
3139 2293 1
3139 1290 1
3139 1419 1
2847 2501 1
2456 1836 1
2456 2628 1
2456 4397 1
2456 713 1
2226 2509 1
2226 3499 1
2499 869 1
2499 3714 1
2499 4150 1
2499 3246 1
2499 3206 1
2499 1217 1
3163 1783 1
3163 3368 1
3163 2486 1
3163 15 1
3163 269 1
3420 1061 1
3420 415 1
3420 1235 1
3420 1306 1
3420 624 1
3420 2268 1
3420 846 1
4630 4104 1
4630 1562 1
4630 2314 1
4630 2304 1
4630 717 1
4630 2080 1
4630 3169 1
4303 1853 1
4303 2215 1
4303 3617 1
4303 3028 1
4303 2467 1
4303 4375 1
4633 1402 1
3665 2818 1
3665 4536 1
3665 134 1
4456 4413 1
4456 1516 1
4456 2069 1
2742 402 1
2742 3937 1
2742 2167 1
2742 4152 1
2742 2833 1
2742 4650 1
209 3137 1
209 3201 1
209 3087 1
209 4074 1
209 4133 1
209 234 1
209 1673 1
209 3239 1
209 4410 1
209 4550 1
2952 3063 1
2952 258 1
2952 1677 1
2952 2932 1
2952 4044 1
2952 2380 1
2952 2454 1
2952 3114 1
2952 3916 1
351 4029 1
351 3807 1
351 2173 1
2445 201 1
2445 4588 1
2445 1250 1
2992 634 1
2992 3015 1
2992 525 1
2992 1374 1
2992 2994 1
1141 2071 1
1141 3451 1
1141 1768 1
1141 3565 1
1141 3909 1
1141 2524 1
1141 1821 1
1141 3529 1
1141 2224 1
1141 2199 1
1141 4812 1
1141 596 1
1141 3639 1
1141 1185 1
1141 164 1
1141 2743 1
1141 3029 1
1141 1200 1
1141 2526 1
1141 188 1
1141 3303 1
1141 1473 1
1141 48 1
1141 1380 1
1141 2064 1
1141 2668 1
1141 3400 1
4133 3523 1
4133 4228 1
3346 2035 1
3346 4729 1
3346 2987 1
3346 4066 1
3346 114 1
3346 3441 1
3346 4238 1
3346 389 1
3346 4188 1
3346 2418 1
3346 4204 1
371 3701 1
3085 43 1
3085 1318 1
3085 1682 1
3085 2931 1
4253 4278 1
4253 3483 1
2462 771 1
2462 3697 1
2462 4574 1
2462 3151 1
1385 3553 1
1385 890 1
1385 4827 1
1385 3506 1
1299 2253 1
4240 1503 1
4240 306 1
1198 4740 1
1198 3282 1
1198 927 1
3414 3009 1
3414 1901 1
3414 1461 1
3414 2646 1
3414 4048 1
3414 425 1
312 1040 1
312 210 1
312 637 1
312 3938 1
312 2176 1
312 1432 1
312 4770 1
312 912 1
312 641 1
312 2769 1
312 1042 1
4005 2749 1
2166 799 1
2166 738 1
2166 397 1
2166 261 1
2166 2147 1
2166 1659 1
2166 3401 1
2166 363 1
2166 2164 1
2166 3128 1
4030 3183 1
4476 4183 1
4476 4597 1
4476 2494 1
4476 1915 1
4476 2149 1
4476 880 1
3332 2250 1
3332 2161 1
996 3713 1
996 4143 1
1144 1530 1
1144 763 1
1144 580 1
4831 3862 1
4831 4557 1
4831 4079 1
4831 2892 1
4831 3280 1
4831 318 1
4831 3879 1
4831 2979 1
4831 795 1
4831 745 1
4831 975 1
3596 1431 1
3596 1090 1
3596 1740 1
3596 1134 1
3596 2955 1
3596 798 1
3596 4803 1
3596 4097 1
3596 3592 1
3596 1256 1
3596 4006 1
3320 1708 1
3320 3307 1
3320 1010 1
3320 1876 1
3320 727 1
3320 2642 1
1002 3936 1
1002 573 1
1002 1525 1
1002 3126 1
1002 1965 1
2539 776 1
1781 1656 1
1781 877 1
1781 4515 1
1781 1804 1
1781 485 1
2765 2421 1
2765 2251 1
2765 4224 1
2765 2009 1
2765 4057 1
942 1001 1
4629 1759 1
4629 1186 1
4416 4206 1
4416 3393 1
4416 4480 1
4416 2549 1
4416 3765 1
4416 743 1
4416 1393 1
4416 4097 1
4416 3500 1
4416 3323 1
4416 3017 1
4416 218 1
4416 2335 1
4416 4736 1
4416 2046 1
4416 2441 1
1626 2950 1
1626 1032 1
1626 4469 1
1303 4039 1
951 2091 1
1953 4624 1
1953 3798 1
1953 4573 1
1953 4199 1
1953 8 1
1953 1678 1
1953 3402 1
1953 2989 1
1953 3043 1
1953 1293 1
1953 3941 1
1953 1047 1
1953 1339 1
1953 3541 1
1953 2004 1
1953 3518 1
1953 835 1
1953 152 1
1953 75 1
817 4162 1
2187 2906 1
4109 2736 1
4109 855 1
4109 1127 1
4109 4805 1
4109 657 1
2744 2056 1
4565 3784 1
4565 3747 1
4565 2714 1
4565 2798 1
4565 3112 1
4565 3599 1
4565 3633 1
4565 4126 1
4565 4286 1
4565 581 1
4565 2631 1
4565 4037 1
4565 3461 1
4565 501 1
4565 1098 1
2301 4760 1
2301 3266 1
2301 2194 1
2301 3286 1
4279 3944 1
4279 2237 1
1674 3590 1
1674 154 1
1674 4448 1
1674 3901 1
1674 2260 1
1674 529 1
1674 3086 1
1674 3921 1
1674 4292 1
4269 1151 1
3942 76 1
3702 744 1
4116 4652 1
4635 2065 1
4635 503 1
4339 4498 1
4339 4241 1
4339 772 1
4339 211 1
4339 1661 1
4339 3834 1
4339 4058 1
4339 2482 1
4339 3271 1
4339 169 1
4339 1782 1
2594 1333 1
4559 52 1
1341 2740 1
1341 3610 1
1341 2793 1
2152 2401 1
1334 3334 1
1334 3131 1
1334 1524 1
1334 4447 1
1334 739 1
1334 2395 1
1334 2629 1
4767 3241 1
4767 3787 1
4425 898 1
4425 315 1
3493 314 1
3378 4340 1
3378 2408 1
3378 2154 1
3378 2700 1
3378 740 1
17 2032 1
1800 4676 1
1800 2717 1
79 343 1
79 1275 1
79 1206 1
1231 2031 1
2591 471 1
2591 2766 1
2591 3737 1
2591 997 1
2591 3178 1
2591 4396 1
2591 437 1
122 1688 1
1713 1949 1
1713 4073 1
1713 3083 1
1713 3175 1
848 4213 1
848 247 1
848 3367 1
2685 2895 1
2685 1838 1
2685 760 1
2685 433 1
2685 4391 1
285 1500 1
3892 3357 1
3892 235 1
3892 4638 1
3892 1475 1
3892 4011 1
3892 609 1
1568 1170 1
1568 3325 1
1568 1245 1
1568 4691 1
1568 1657 1
1568 2557 1
1568 366 1
1568 4302 1
3870 4200 1
3870 860 1
3870 1823 1
3870 3295 1
3870 4099 1
3870 1222 1
3870 3324 1
3870 1506 1
3870 2622 1
3870 3053 1
3870 4235 1
3870 3795 1
3870 3662 1
3870 3664 1
3870 2727 1
3870 610 1
3870 4620 1
3870 884 1
3870 3010 1
3870 1950 1
3870 3038 1
516 2370 1
516 1476 1
585 475 1
1934 1515 1
1934 2691 1
1934 1004 1
1934 4566 1
1934 2330 1
126 3190 1
126 3796 1
4478 758 1
4478 4667 1
4478 2181 1
4478 2653 1
4478 4191 1
4478 4194 1
4478 908 1
4478 3644 1
4478 3717 1
4478 3707 1
1369 4693 1
1369 2946 1
1369 1962 1
1369 81 1
55 4520 1
55 3670 1
55 1888 1
4192 1711 1
4192 2369 1
4192 913 1
4192 3511 1
4192 2613 1
4192 4481 1
4192 310 1
4192 4047 1
3051 4168 1
3051 2661 1
3051 4832 1
3051 3703 1
3051 3508 1
3051 239 1
3051 3678 1
3051 3718 1
3051 4116 1
3051 3616 1
3051 1403 1
3051 249 1
4247 2750 1
4247 1447 1
2231 3652 1
2231 2226 1
474 178 1
474 2201 1
474 156 1
4239 3406 1
4239 781 1
4239 481 1
4239 3864 1
747 1537 1
747 702 1
747 3113 1
747 2610 1
747 1538 1
747 2528 1
4593 1288 1
4593 1139 1
4593 1946 1
4593 3308 1
4593 2301 1
4593 3780 1
4593 777 1
4593 1927 1
2564 3799 1
1830 4584 1
1830 909 1
1830 2386 1
1830 3722 1
1908 286 1
1908 111 1
1908 3287 1
1908 4290 1
1908 219 1
1908 1700 1
1908 3566 1
1908 3628 1
4081 3040 1
4081 3249 1
2866 4491 1
2866 4681 1
667 2502 1
667 3925 1
1324 1916 1
1324 3464 1
1324 4762 1
1324 2810 1
1324 3519 1
1324 69 1
1324 460 1
1324 189 1
1324 783 1
1324 2067 1
1324 4036 1
1324 2966 1
1324 456 1
1324 4264 1
1324 4197 1
1324 2830 1
1324 804 1
1324 2371 1
1324 3478 1
1324 1921 1
1775 504 1
1775 1557 1
1775 2381 1
113 1068 1
2204 2302 1
2204 4525 1
190 1685 1
190 4123 1
190 954 1
1474 2048 1
3541 4611 1
2839 4378 1
2839 1865 1
2839 3736 1
2839 197 1
4815 4221 1
4815 1954 1
4815 4482 1
4815 871 1
4815 1442 1
4815 2956 1
4815 3052 1
4815 560 1
4815 806 1
4815 1815 1
4815 820 1
4815 2279 1
4815 4554 1
4815 863 1
4815 1477 1
4815 4431 1
4815 3768 1
2674 704 1
2674 1902 1
3569 1600 1
3569 3814 1
3887 1952 1
4352 1429 1
4352 304 1
4352 4021 1
4352 4255 1
4352 3257 1
4352 4751 1
4352 1837 1
1289 2187 1
1289 649 1
173 1053 1
173 2740 1
173 578 1
173 939 1
173 1982 1
173 1196 1
173 1498 1
173 3219 1
173 228 1
1970 4793 1
1970 3646 1
3597 1958 1
3597 3329 1
3597 1321 1
3597 677 1
3597 1214 1
3597 1583 1
3597 1285 1
3597 734 1
3597 3635 1
3597 191 1
3597 1579 1
3597 4705 1
3597 4513 1
2696 3607 1
2696 3758 1
2696 333 1
2696 1791 1
2140 663 1
2140 2856 1
2140 603 1
1264 3296 1
1264 2889 1
1264 3911 1
1264 919 1
1857 3999 1
1857 378 1
1857 1043 1
1473 418 1
1473 2387 1
1473 403 1
1473 4486 1
1473 2550 1
1473 149 1
1473 4170 1
1473 4505 1
3036 3945 1
3036 3947 1
3036 3314 1
3036 3545 1
3036 1895 1
3036 4081 1
3036 3888 1
3036 3512 1
3036 446 1
834 479 1
3615 4169 1
3615 3567 1
4722 3254 1
4722 322 1
4722 1404 1
4722 4016 1
4722 11 1
4722 2072 1
4722 2771 1
2762 4450 1
2405 619 1
2405 169 1
381 4068 1
381 1841 1
943 1115 1
943 2863 1
943 1806 1
943 1361 1
943 320 1
2342 1014 1
2288 3650 1
2288 1276 1
2288 3816 1
2288 974 1
3731 2353 1
3731 3267 1
3731 3917 1
3731 3021 1
3731 1414 1
3731 4198 1
3731 3275 1
3731 2546 1
3731 1816 1
454 4311 1
234 2963 1
234 4576 1
234 3374 1
234 3835 1
234 443 1
234 2220 1
2601 4260 1
2052 3485 1
2052 3669 1
2052 1225 1
1364 3842 1
1364 4172 1
62 2214 1
62 3423 1
62 4613 1
2961 202 1
2961 2473 1
2961 3546 1
2961 1190 1
2961 181 1
2961 1165 1
2961 1550 1
642 3896 1
642 4052 1
642 875 1
642 1995 1
642 2267 1
642 3647 1
642 982 1
642 4 1
642 741 1
642 1328 1
642 3825 1
642 544 1
642 102 1
642 2038 1
4714 2377 1
4714 940 1
4714 2630 1
4714 2517 1
2785 3119 1
2785 278 1
1388 969 1
18 85 1
18 4531 1
2395 2804 1
2395 2438 1
2395 3345 1
2395 652 1
2395 823 1
2395 4139 1
2395 4371 1
4582 3224 1
4582 643 1
2911 2532 1
2911 3018 1
613 825 1
613 2388 1
613 3547 1
613 612 1
971 2573 1
971 4701 1
971 746 1
971 1267 1
971 1988 1
4823 1959 1
2558 985 1
2558 4031 1
3743 3554 1
3743 4485 1
3743 4195 1
3743 307 1
3743 2767 1
3743 3570 1
3743 317 1
620 2941 1
620 4761 1
620 1036 1
620 1597 1
620 3821 1
620 3382 1
620 3486 1
620 2909 1
1433 3164 1
1433 3046 1
3983 1631 1
3983 3231 1
3983 3159 1
3983 3304 1
3983 3655 1
3983 2755 1
3983 4394 1
3983 1067 1
3983 375 1
3983 2911 1
1651 2174 1
2629 4013 1
2629 4479 1
2629 750 1
2629 4077 1
2629 3387 1
2629 4512 1
2629 1343 1
2629 1248 1
2629 3905 1
2629 1369 1
2629 2587 1
2629 1521 1
2629 2871 1
1689 1670 1
1689 2611 1
1689 334 1
1689 608 1
1689 2861 1
1689 1913 1
1689 822 1
1689 3723 1
2101 676 1
2101 4367 1
4718 3392 1
4718 1309 1
4718 512 1
4718 1986 1
4718 892 1
4718 3594 1
4718 616 1
4718 840 1
3781 4741 1
3781 532 1
3781 1083 1
978 3891 1
978 548 1
978 1193 1
978 3310 1
978 461 1
978 1322 1
2080 4618 1
2497 3268 1
2497 335 1
2497 236 1
4391 273 1
4391 49 1
4391 1580 1
4391 2014 1
4391 2346 1
4391 2859 1
4391 1166 1
4391 1777 1
4391 669 1
4391 1406 1
4391 89 1
4391 1840 1
4391 753 1
4391 2275 1
42 1255 1
42 2854 1
42 270 1
42 3132 1
42 3454 1
42 1279 1
42 3283 1
42 4035 1
42 1817 1
4088 2287 1
4385 1671 1
1513 347 1
1513 4014 1
1513 3742 1
1513 4655 1
1513 3555 1
1513 212 1
1513 4178 1
3662 3503 1
3662 3446 1
3662 1409 1
3662 742 1
4022 505 1
649 2316 1
649 3191 1
649 1776 1
649 1393 1
649 4424 1
649 175 1
649 4146 1
649 3457 1
159 2100 1
159 4567 1
159 4813 1
159 4222 1
159 815 1
159 1563 1
159 1955 1
159 4210 1
3883 2391 1
3883 3709 1
1332 421 1
1332 1603 1
550 2832 1
550 1638 1
550 3256 1
1224 4726 1
1224 3149 1
1224 972 1
1224 4078 1
4302 898 1
3455 4537 1
3455 1430 1
3455 4346 1
1750 1545 1
1750 3959 1
1750 2258 1
1750 1242 1
1750 3176 1
1750 3064 1
1750 4547 1
385 1351 1
385 773 1
385 849 1
2676 4603 1
2676 3720 1
2676 1191 1
2518 3297 1
2518 2492 1
2518 3168 1
2518 1158 1
3977 2716 1
3977 765 1
3977 3403 1
3977 1807 1
3977 1050 1
3977 3415 1
3977 4009 1
3977 1741 1
3977 3949 1
3977 2644 1
3977 4683 1
3977 3972 1
3977 1720 1
3977 3809 1
3977 3459 1
3977 4214 1
3977 10 1
3437 2891 1
3437 2543 1
2392 1203 1
520 3269 1
520 2442 1
520 3760 1
520 894 1
520 2087 1
1595 1099 1
1595 3629 1
1595 281 1
1595 638 1
1595 1535 1
1595 1357 1
1595 3584 1
1595 3360 1
1927 1204 1
1927 3632 1
176 2882 1
176 3502 1
4371 712 1
4371 861 1
4371 2033 1
4371 3439 1
4371 3880 1
4371 3548 1
4371 956 1
4371 3729 1
4371 229 1
4568 3363 1
4272 170 1
1797 870 1
1797 4604 1
1797 3272 1
1797 644 1
1797 2884 1
3823 4737 1
3823 1370 1
3823 3576 1
3823 3859 1
3823 1375 1
3823 1769 1
3823 2519 1
3823 142 1
3823 830 1
3823 2848 1
3823 1925 1
3823 816 1
3823 1109 1
3823 2846 1
3823 4449 1
3823 4722 1
3823 455 1
3823 1102 1
3823 2676 1
3823 3724 1
446 2747 1
446 2927 1
446 1051 1
1647 321 1
1647 556 1
1647 4501 1
1647 4822 1
2322 1810 1
2322 923 1
2322 2012 1
2322 4446 1
2322 2612 1
2322 3900 1
2322 3211 1
2322 595 1
2322 942 1
2322 3836 1
2322 1910 1
2322 1478 1
2322 2533 1
2322 4358 1
2203 2621 1
2203 213 1
2203 2298 1
2203 4401 1
2203 368 1
2331 3143 1
2331 259 1
2331 3428 1
2331 2578 1
2331 1015 1
2331 146 1
1877 136 1
1877 4552 1
2045 1486 1
2045 2841 1
2045 4526 1
4181 3739 1
4181 4130 1
4181 2671 1
3809 459 1
3809 1208 1
3809 3116 1
3809 701 1
1195 957 1
1195 539 1
1195 1725 1
1195 1273 1
1079 3118 1
1079 3580 1
1079 3364 1
1079 1420 1
1079 1914 1
1079 2212 1
3871 3101 1
907 45 1
4578 1291 1
4578 2481 1
4578 1338 1
4578 1119 1
4578 4110 1
4578 1584 1
4578 2108 1
2239 2416 1
2239 2574 1
4646 959 1
4646 2352 1
4646 131 1
4646 492 1
4646 2559 1
4646 2323 1
4646 925 1
4646 1730 1
4646 1752 1
4646 1695 1
4646 1148 1
4646 3420 1
4646 1934 1
4646 1854 1
4646 1866 1
4646 1634 1
4646 3312 1
4673 3881 1
4673 3232 1
2414 4322 1
2414 482 1
2414 1701 1
1749 1799 1
4205 2277 1
4205 2662 1
4205 2687 1
4205 589 1
1604 4733 1
1604 1616 1
2474 1726 1
2474 4470 1
2474 563 1
2474 2842 1
2474 2545 1
2474 1116 1
2474 3581 1
2474 2801 1
3133 695 1
3133 4800 1
3133 495 1
3133 4127 1
3133 3 1
3133 4778 1
3133 1187 1
4677 3330 1
884 352 1
884 1142 1
884 2864 1
884 1928 1
884 465 1
884 3659 1
884 1443 1
884 3827 1
884 4625 1
3450 3930 1
3450 4319 1
3450 970 1
3450 3167 1
3450 2123 1
3278 3666 1
2916 1731 1
2916 1188 1
2916 447 1
2916 3467 1
2916 242 1
2542 700 1
4134 3844 1
4134 4560 1
4134 3788 1
3438 3818 1
2283 2452 1
2283 422 1
2283 3975 1
3509 2647 1
3509 654 1
2433 2990 1
2433 3663 1
2433 2039 1
2433 3672 1
2433 3081 1
2433 3681 1
2332 4163 1
2332 3225 1
2332 65 1
826 4660 1
1448 2051 1
1448 625 1
1448 4621 1
1448 3075 1
1448 4610 1
1448 2165 1
1448 1877 1
1448 2455 1
1448 2910 1
416 2991 1
416 2752 1
3003 3041 1
3003 3667 1
3912 3532 1
1531 1270 1
4569 2563 1
4569 419 1
2402 2484 1
2402 3671 1
2402 1788 1
2402 2155 1
2402 339 1
2402 1104 1
4749 1668 1
4749 3130 1
4749 4727 1
4749 1360 1
4749 3735 1
4749 3600 1
4749 2748 1
4749 4334 1
3976 4070 1
4336 685 1
4336 2241 1
4336 3062 1
4336 1718 1
4336 3032 1
4336 4059 1
4336 1890 1
4336 2305 1
4336 193 1
4336 3725 1
4336 190 1
4336 3569 1
4336 3574 1
4336 2923 1
2684 3172 1
2257 998 1
2257 1356 1
2257 551 1
310 656 1
310 2230 1
310 272 1
310 2500 1
1999 4105 1
1999 2213 1
1999 2025 1
1999 2692 1
1999 483 1
1999 2329 1
2827 648 1
2827 3095 1
2827 4575 1
3442 4338 1
3442 688 1
3442 4262 1
3442 2624 1
3442 3845 1
3442 3044 1
609 2672 1
609 2599 1
609 2343 1
609 1721 1
609 3815 1
967 3929 1
967 4585 1
967 184 1
967 4417 1
967 2443 1
967 1502 1
967 3876 1
967 4715 1
967 3973 1
967 3105 1
967 928 1
967 3342 1
967 4207 1
967 876 1
967 1851 1
967 3648 1
967 872 1
967 1041 1
967 4493 1
3634 4764 1
3634 1089 1
3349 4519 1
3349 1882 1
3349 420 1
3349 2901 1
3349 3460 1
3349 2807 1
3349 945 1
3349 4046 1
721 4692 1
721 46 1
966 3298 1
489 1207 1
489 2294 1
4784 4633 1
4784 423 1
2883 432 1
664 1415 1
2918 4790 1
2918 873 1
4460 2813 1
4460 1522 1
4460 4266 1
4460 3774 1
4460 3226 1
4460 1617 1
1660 4816 1
1660 3487 1
4651 2792 1
4651 1653 1
4651 376 1
4651 1017 1
4651 2362 1
4042 1883 1
4500 2117 1
4500 4421 1
1098 4291 1
1098 2359 1
1098 3520 1
1098 4776 1
1098 4408 1
1098 3550 1
1098 3782 1
1644 2880 1
1644 922 1
1644 316 1
1644 61 1
1644 590 1
1644 151 1
1644 895 1
1644 60 1
1644 413 1
1644 4243 1
86 4579 1
86 829 1
86 463 1
86 2942 1
86 4527 1
86 3743 1
660 4795 1
660 3011 1
3312 838 1
3312 597 1
3312 2763 1
3312 182 1
3312 2737 1
3312 1240 1
3312 2592 1
3312 2422 1
3312 1633 1
941 1691 1
941 680 1
2528 2129 1
2528 2182 1
2528 4343 1
2528 4772 1
2528 4316 1
2528 1903 1
2528 361 1
3928 2487 1
3928 2760 1
3915 194 1
2047 1932 1
3674 1540 1
3674 2560 1
3674 2082 1
3674 2840 1
3674 1152 1
3674 1758 1
1771 1063 1
427 230 1
427 2879 1
427 3056 1
427 2803 1
427 1874 1
427 3514 1
427 2121 1
427 2709 1
427 3860 1
427 1215 1
427 3986 1
427 2196 1
427 3996 1
427 1103 1
2708 1570 1
2708 2295 1
2708 4511 1
1206 3812 1
1206 4549 1
1206 2070 1
1206 621 1
340 3969 1
340 2236 1
340 1912 1
340 3582 1
645 4060 1
645 1589 1
3953 2770 1
3953 338 1
3953 575 1
3710 3869 1
3710 2796 1
3710 2156 1
3710 3530 1
3710 986 1
3710 1585 1
3710 2772 1
3710 4724 1
3710 3653 1
3710 3139 1
3710 296 1
3710 4357 1
3710 1315 1
3710 3509 1
1805 1492 1
1805 83 1
1805 2475 1
4771 4119 1
4771 881 1
4771 2451 1
4771 1065 1
4771 1511 1
4771 686 1
4771 2229 1
4771 3544 1
4771 4372 1
4771 1523 1
4771 1672 1
4771 2916 1
4771 2717 1
4771 2976 1
1997 2900 1
1997 874 1
1997 784 1
3890 1155 1
3890 1942 1
3890 600 1
3890 4312 1
3890 2369 1
3890 4503 1
3890 1750 1
3890 2466 1
3890 1747 1
2732 4313 1
2732 4398 1
2732 1189 1
1742 3192 1
1742 3872 1
3899 1709 1
192 452 1
192 2694 1
192 3212 1
192 3668 1
192 3997 1
192 3319 1
192 1933 1
1692 123 1
1692 4626 1
1692 3772 1
1692 2296 1
1692 2957 1
885 1054 1
885 1630 1
885 3840 1
885 3578 1
885 1233 1
885 577 1
885 987 1
885 2437 1
442 2317 1
442 2010 1
442 3093 1
100 541 1
100 1353 1
100 1167 1
100 4063 1
100 3741 1
100 2663 1
100 4082 1
100 106 1
100 3449 1
3305 1607 1
4463 4144 1
4463 2318 1
4463 1347 1
4463 1407 1
4463 1581 1
4463 882 1
1652 425 1
1652 346 1
564 2738 1
3340 4018 1
3340 4577 1
3340 4763 1
2923 3429 1
2923 438 1
2923 1596 1
2923 4399 1
2923 3939 1
2923 2341 1
2923 3918 1
2923 1824 1
1650 1491 1
1650 3551 1
1650 4595 1
1650 1696 1
1650 3012 1
1650 2403 1
4138 1743 1
