672 2396 1
2695 470 1
2695 427 1
2695 87 1
2695 1903 1
2695 698 1
2695 1817 1
2695 589 1
344 1981 1
344 1045 1
344 2715 1
344 823 1
344 303 1
841 1154 1
841 1215 1
841 721 1
841 2754 1
841 1806 1
841 1458 1
841 1103 1
841 1475 1
841 167 1
841 453 1
841 995 1
211 759 1
211 2391 1
211 1282 1
211 601 1
211 1320 1
1080 813 1
1080 1748 1
2807 1898 1
2807 2116 1
772 1063 1
705 1576 1
232 1768 1
364 1865 1
364 1662 1
621 2090 1
621 2511 1
621 2411 1
621 1866 1
621 654 1
621 2109 1
621 317 1
621 2636 1
621 258 1
621 328 1
621 2760 1
621 1498 1
621 2458 1
621 1436 1
621 799 1
621 43 1
621 904 1
621 415 1
621 1564 1
621 1196 1
621 1529 1
525 1599 1
1340 1153 1
359 1650 1
359 1239 1
359 1726 1
359 2500 1
359 1751 1
359 1612 1
359 2167 1
359 1856 1
359 1382 1
1214 1902 1
1214 1991 1
1214 2609 1
1214 1417 1
1214 2478 1
1214 2605 1
2311 1120 1
2311 16 1
2311 1574 1
2311 2122 1
2780 2811 1
2780 2554 1
2780 50 1
2780 149 1
2780 2380 1
2780 1672 1
2780 200 1
2780 2785 1
2780 2451 1
2780 1435 1
2780 225 1
1644 849 1
2169 1820 1
2553 1931 1
2553 2740 1
2553 948 1
2553 1502 1
2553 2042 1
2553 61 1
2553 2400 1
2553 1563 1
2553 1459 1
2351 1226 1
2351 2197 1
2351 884 1
2351 1651 1
1904 1934 1
1904 233 1
1904 2623 1
1904 2192 1
850 613 1
850 1274 1
1623 1921 1
1623 2596 1
1623 1460 1
1623 373 1
1623 1471 1
1882 1052 1
1882 477 1
1882 1478 1
1882 1518 1
2416 1280 1
1374 1591 1
1374 72 1
1374 1596 1
1374 2820 1
1374 82 1
1374 1800 1
1374 2731 1
1374 1296 1
1374 1339 1
1374 2465 1
2325 2819 1
2325 158 1
1570 2640 1
1570 842 1
1570 2743 1
1570 406 1
1570 1469 1
1570 1993 1
1570 1424 1
1570 2309 1
1570 1716 1
1570 1853 1
1570 1060 1
1570 2523 1
1570 2637 1
1036 204 1
1364 1079 1
2179 1585 1
324 1737 1
324 1413 1
324 2722 1
324 1772 1
1978 1669 1
953 1869 1
953 1352 1
953 476 1
953 974 1
953 1043 1
1176 186 1
1176 2748 1
1176 507 1
1176 2693 1
383 2546 1
383 637 1
383 845 1
383 585 1
383 2243 1
383 1504 1
383 971 1
383 630 1
383 2538 1
383 2218 1
2027 1685 1
2027 770 1
2027 2032 1
2027 2097 1
2027 1710 1
2027 2074 1
2027 1150 1
2027 329 1
2027 2510 1
2027 2059 1
2027 713 1
2027 1353 1
2027 1113 1
2027 2258 1
2027 800 1
520 486 1
940 234 1
940 2615 1
940 1351 1
940 2825 1
940 2447 1
940 2425 1
940 269 1
940 2065 1
1657 659 1
1657 1566 1
1657 2519 1
371 822 1
371 436 1
371 668 1
371 474 1
371 236 1
371 2171 1
371 1653 1
371 1020 1
371 277 1
2602 1224 1
57 2419 1
2501 513 1
2794 1149 1
2794 517 1
2794 804 1
2794 679 1
2794 2315 1
2794 1156 1
2794 1698 1
2794 2312 1
2794 1250 1
2794 1273 1
2794 2474 1
2794 389 1
2794 1395 1
2794 238 1
2794 386 1
2794 1760 1
2794 1837 1
2794 1389 1
2794 1803 1
2794 2133 1
2794 500 1
2794 2556 1
2794 735 1
2191 1890 1
2191 1724 1
1253 2766 1
626 855 1
626 2509 1
2567 2017 1
2567 1219 1
2567 575 1
2567 1014 1
2567 2476 1
2567 2471 1
1778 788 1
1778 274 1
218 1037 1
218 1129 1
218 917 1
218 1870 1
218 1606 1
218 378 1
1970 2267 1
1970 764 1
1970 1745 1
1970 489 1
1970 1473 1
25 2795 1
25 2066 1
25 2668 1
102 2420 1
102 633 1
102 2397 1
627 2686 1
627 1058 1
627 2395 1
1262 1997 1
1262 865 1
1262 80 1
1262 121 1
1262 420 1
1262 59 1
1630 1631 1
1261 983 1
1261 1177 1
1261 716 1
1261 296 1
1261 2072 1
237 1419 1
237 270 1
2546 697 1
2546 2099 1
2546 146 1
2546 300 1
2546 2386 1
2546 1072 1
2546 768 1
2647 2539 1
2647 1002 1
2647 1380 1
810 24 1
1383 1075 1
1383 1415 1
1383 1908 1
1383 2574 1
1383 1794 1
1613 916 1
1613 2481 1
1613 165 1
2217 2501 1
2217 1988 1
2217 999 1
2217 2717 1
2564 1519 1
2564 45 1
2564 2444 1
2564 2372 1
2564 2506 1
2564 1244 1
2564 2428 1
2564 469 1
2564 2644 1
853 2725 1
1739 776 1
1739 1442 1
1739 819 1
1739 1859 1
1739 2008 1
1739 1811 1
1739 1802 1
1739 2384 1
1985 1234 1
161 525 1
161 1587 1
161 1942 1
161 391 1
161 2237 1
161 1936 1
161 609 1
161 41 1
161 1493 1
161 1912 1
161 726 1
902 1617 1
902 546 1
902 2800 1
902 1746 1
2528 62 1
2528 1868 1
2528 1334 1
2528 2720 1
2528 693 1
2528 1338 1
2528 2777 1
2528 2497 1
2528 2364 1
2528 2040 1
2528 1385 1
2528 136 1
611 2177 1
667 723 1
667 31 1
1396 473 1
1396 2303 1
242 1516 1
242 1846 1
798 1407 1
798 2712 1
798 160 1
798 1625 1
798 1733 1
798 2180 1
798 587 1
798 48 1
798 330 1
798 493 1
798 408 1
798 2053 1
798 2466 1
1407 2300 1
1407 150 1
1740 793 1
804 975 1
67 2286 1
67 1943 1
67 1024 1
67 223 1
1035 301 1
1035 1729 1
1035 1507 1
1035 1852 1
1035 2494 1
1035 1779 1
2228 989 1
2228 345 1
2228 1042 1
2228 1099 1
866 1331 1
866 2794 1
866 2592 1
866 290 1
866 1764 1
866 2149 1
866 2094 1
866 1269 1
866 429 1
866 1968 1
866 914 1
866 1955 1
866 318 1
866 927 1
866 2366 1
866 1025 1
866 1181 1
866 746 1
866 2526 1
866 3 1
716 1046 1
2009 135 1
523 235 1
523 267 1
523 1481 1
523 1891 1
523 7 1
523 2229 1
523 1354 1
523 1528 1
523 224 1
523 739 1
342 744 1
342 1959 1
342 2285 1
342 1397 1
342 1004 1
342 2181 1
342 1889 1
342 537 1
1577 92 1
1577 2345 1
1577 531 1
1577 502 1
1577 109 1
1442 1422 1
1442 2234 1
1442 2784 1
2187 1309 1
2187 1472 1
2187 325 1
2187 683 1
2187 208 1
2187 790 1
2187 1086 1
2436 2536 1
2436 2719 1
2743 445 1
2743 2470 1
2743 1300 1
2743 1172 1
2743 1440 1
2743 2462 1
2743 2292 1
2743 2326 1
2743 1377 1
2743 2110 1
487 1158 1
487 1641 1
487 2424 1
487 1423 1
487 1725 1
1747 1979 1
2804 535 1
2804 1314 1
1114 1989 1
1114 1321 1
2793 2126 1
2793 920 1
2793 1053 1
2793 1656 1
2793 1784 1
2793 1780 1
2482 1121 1
2482 2232 1
2482 14 1
2482 260 1
2482 1721 1
2482 295 1
2482 173 1
2482 754 1
2482 491 1
2482 1271 1
2482 2147 1
2482 1283 1
2482 636 1
2482 2776 1
2482 964 1
2482 1765 1
2482 1807 1
2383 353 1
2383 669 1
2383 702 1
2383 2129 1
2383 824 1
2383 17 1
2383 2521 1
2383 1190 1
2383 120 1
1361 482 1
1361 1098 1
819 547 1
819 1474 1
1322 2477 1
1322 1510 1
1322 2135 1
1066 938 1
1066 1750 1
1066 1790 1
1066 321 1
1066 26 1
1066 2566 1
1066 1258 1
1066 998 1
1929 434 1
1660 1700 1
1660 2606 1
1660 172 1
1660 1444 1
1660 2034 1
1660 1211 1
1660 2306 1
1660 2560 1
594 737 1
594 934 1
2412 279 1
2412 518 1
2412 1399 1
2412 2459 1
1429 2698 1
882 256 1
882 1204 1
882 1026 1
882 1189 1
1186 220 1
1186 254 1
1186 2266 1
2114 1863 1
1335 941 1
1335 1909 1
1335 1686 1
1335 2552 1
1159 2067 1
1159 2604 1
1159 1775 1
1159 2597 1
1159 1509 1
1159 538 1
88 1134 1
1121 375 1
1121 116 1
1121 1112 1
1121 205 1
1121 2589 1
1121 134 1
1121 1798 1
1121 381 1
1121 900 1
1873 2553 1
1873 1036 1
1873 1738 1
1873 910 1
1873 2733 1
1873 1939 1
1873 1973 1
1873 1 1
1873 959 1
1873 985 1
1873 1275 1
1873 1965 1
1873 2277 1
1873 657 1
1873 2627 1
1873 506 1
1873 2249 1
1873 2654 1
1873 2479 1
1873 2 1
1873 2080 1
1873 870 1
1873 1212 1
1873 1915 1
1873 1307 1
1873 2540 1
1873 903 1
1873 915 1
1873 2639 1
828 71 1
828 442 1
828 118 1
2684 15 1
2684 1264 1
2684 141 1
2684 2357 1
2684 2050 1
1323 2010 1
1323 2207 1
1323 352 1
1323 1142 1
1323 684 1
1323 1998 1
1323 2450 1
1300 424 1
1300 1515 1
1300 1243 1
2616 2321 1
1969 1082 1
1969 1205 1
1210 1344 1
1210 1022 1
1210 104 1
1210 1332 1
1210 320 1
1210 622 1
1210 1708 1
1210 29 1
1210 410 1
1210 1956 1
1210 46 1
1210 1530 1
1210 1217 1
1210 125 1
1210 2143 1
239 556 1
239 1284 1
1119 634 1
1119 780 1
2315 2559 1
2315 2435 1
2315 2454 1
2315 749 1
822 103 1
822 2582 1
2733 857 1
1233 1412 1
1233 2619 1
1233 1102 1
1233 166 1
1232 2283 1
1232 777 1
1232 594 1
1232 767 1
1232 2316 1
1232 1940 1
1232 273 1
1232 704 1
1232 2244 1
1232 1010 1
1232 1827 1
1232 960 1
1232 1705 1
1232 1157 1
1232 2201 1
1232 2362 1
1906 2268 1
2078 979 1
2078 335 1
2078 2262 1
2078 2151 1
45 532 1
45 2789 1
45 2071 1
45 171 1
45 1276 1
45 1197 1
45 1895 1
45 2805 1
45 1096 1
45 458 1
1835 1371 1
1835 1062 1
1835 411 1
1835 2382 1
2081 1777 1
2081 2647 1
2081 189 1
2081 54 1
2081 2565 1
2081 40 1
682 2418 1
290 2028 1
290 331 1
290 1763 1
290 1398 1
290 771 1
290 2031 1
290 351 1
290 2051 1
290 2629 1
290 2188 1
290 379 1
1787 2302 1
1787 239 1
1787 183 1
1787 70 1
1787 766 1
105 1140 1
105 703 1
105 1706 1
105 1735 1
105 1696 1
105 1614 1
1841 51 1
1841 1767 1
1841 2585 1
1841 1963 1
1841 942 1
1841 2269 1
1841 1640 1
1841 954 1
1455 2186 1
1455 98 1
1455 967 1
1455 1715 1
1455 2085 1
1455 993 1
1455 1949 1
1455 2185 1
1455 1461 1
1455 1663 1
1455 2607 1
1455 1379 1
1648 741 1
1648 700 1
1648 1832 1
961 1123 1
584 431 1
1481 2817 1
1481 1540 1
1633 463 1
1633 2409 1
1633 2307 1
1633 856 1
1633 490 1
1633 516 1
1633 1124 1
1633 1752 1
1633 2612 1
1633 398 1
1633 6 1
1633 36 1
702 1235 1
2154 2018 1
2154 1689 1
2154 1913 1
2154 2575 1
2022 221 1
2022 1624 1
2022 1029 1
2022 2438 1
2022 464 1
2022 2460 1
2022 2646 1
2022 281 1
2022 440 1
1688 2245 1
1688 1854 1
1688 1645 1
1688 69 1
321 1470 1
321 2142 1
321 607 1
321 2673 1
321 2404 1
321 1928 1
321 459 1
2590 2318 1
1871 775 1
1871 1434 1
1871 1987 1
1871 2569 1
1871 1836 1
1871 2496 1
90 743 1
90 346 1
2580 1615 1
2580 138 1
1167 728 1
1264 2360 1
44 568 1
44 2278 1
44 1581 1
44 1256 1
44 56 1
44 2096 1
1141 263 1
320 1152 1
320 250 1
1156 2156 1
1156 1652 1
1156 2710 1
1156 2670 1
1156 569 1
1156 1206 1
1156 748 1
1156 1386 1
1156 306 1
1156 1372 1
1156 681 1
1156 1248 1
1156 180 1
1294 1911 1
1294 2191 1
1294 1237 1
1294 1830 1
1294 2371 1
1294 2367 1
1294 1183 1
1294 566 1
1294 1571 1
1294 2467 1
1088 1719 1
1088 1741 1
1088 2429 1
2624 2757 1
632 1267 1
632 2359 1
781 769 1
781 1117 1
781 643 1
781 1456 1
2770 255 1
2770 347 1
854 147 1
854 2824 1
854 2295 1
854 1420 1
2145 266 1
2145 310 1
2145 376 1
2145 2790 1
2145 2472 1
2354 1522 1
271 2048 1
271 1992 1
271 1092 1
96 627 1
96 1262 1
96 2155 1
2577 1185 1
2636 1906 1
2701 405 1
2701 2005 1
2701 897 1
2701 73 1
2701 879 1
2701 2475 1
2633 404 1
2633 1978 1
2517 2026 1
2517 1187 1
2517 2253 1
2517 399 1
2517 1301 1
2517 2705 1
2517 1531 1
2517 380 1
676 843 1
676 827 1
676 2580 1
676 83 1
676 63 1
676 1247 1
676 1303 1
676 571 1
85 2680 1
85 2614 1
1561 801 1
1561 2676 1
2778 970 1
1109 1345 1
1109 27 1
2786 1175 1
2786 931 1
1932 883 1
1932 590 1
1932 2370 1
1932 2002 1
1932 107 1
1932 2522 1
1932 1203 1
1548 1678 1
1029 2294 1
2756 2792 1
2756 2252 1
2756 1160 1
2756 829 1
2756 457 1
2756 2104 1
2756 2172 1
2756 1962 1
2756 779 1
2260 1731 1
2260 1658 1
2260 1930 1
2260 2340 1
2260 1055 1
2260 195 1
2260 179 1
2260 631 1
602 2524 1
602 921 1
602 1057 1
602 2683 1
2669 635 1
2669 1329 1
2669 1035 1
2669 745 1
2669 676 1
2669 422 1
2669 1359 1
2669 1446 1
2669 1101 1
2669 1556 1
2669 2385 1
2669 23 1
2669 1595 1
1578 288 1
1578 91 1
1578 512 1
1578 1559 1
1578 2751 1
422 2399 1
422 1115 1
422 2527 1
422 2165 1
422 2402 1
1860 130 1
1860 2325 1
1860 2707 1
258 1403 1
258 1884 1
258 1213 1
258 1342 1
1971 750 1
1971 651 1
1971 946 1
1766 501 1
1766 450 1
148 2671 1
148 2198 1
148 918 1
550 1067 1
2030 357 1
2030 448 1
2030 706 1
2030 2343 1
2030 1888 1
2643 113 1
1352 2529 1
2760 871 1
2760 282 1
1240 2210 1
1240 1151 1
1359 1340 1
1359 286 1
1359 1648 1
1359 4 1
1359 961 1
1359 913 1
1359 1070 1
1359 972 1
1359 572 1
1359 1356 1
1359 1839 1
1359 2322 1
1359 1304 1
1359 1268 1
1359 1319 1
1359 1647 1
1359 536 1
1359 872 1
1359 874 1
1359 2214 1
249 1089 1
696 2111 1
2174 2033 1
1847 2587 1
1847 830 1
1847 836 1
1847 481 1
1847 1722 1
1847 2667 1
545 1317 1
2207 1553 1
2207 2352 1
2207 193 1
2207 2578 1
2207 2650 1
1679 231 1
572 1030 1
572 555 1
572 2570 1
750 1938 1
750 2361 1
1469 1905 1
1469 455 1
1469 53 1
1469 1788 1
2579 163 1
2579 1897 1
1913 1242 1
1913 503 1
1913 252 1
1913 2544 1
1913 202 1
1913 1946 1
1913 2773 1
1913 1390 1
2253 2127 1
2253 419 1
2253 114 1
1004 1876 1
1004 1483 1
1004 1823 1
1012 1947 1
1012 1918 1
1012 456 1
1012 2236 1
1012 2571 1
1012 1786 1
508 2287 1
2813 926 1
2112 322 1
2112 462 1
2112 978 1
2112 1855 1
2112 1753 1
2112 2073 1
2112 1161 1
2112 2706 1
2112 2044 1
2112 1188 1
2112 1597 1
2203 358 1
2203 1479 1
2203 362 1
2203 1734 1
2203 2363 1
1106 1812 1
319 2422 1
319 1783 1
319 2714 1
319 315 1
1654 922 1
1654 2682 1
1654 2445 1
1654 817 1
1654 39 1
1654 1858 1
1654 2762 1
1654 527 1
1654 514 1
1654 2801 1
2662 2626 1
1957 1064 1
1957 2759 1
2020 600 1
352 2259 1
352 412 1
352 549 1
1936 312 1
1178 2495 1
1178 620 1
1178 143 1
1178 783 1
1178 2199 1
1178 2290 1
1178 2677 1
660 2555 1
680 1840 1
2093 2046 1
2093 209 1
2093 2003 1
2093 923 1
2093 616 1
58 472 1
58 2049 1
567 2656 1
567 1199 1
567 332 1
567 1368 1
567 1277 1
2678 2716 1
2678 1782 1
2678 2593 1
2549 97 1
1413 648 1
1413 553 1
1413 864 1
1413 5 1
2688 1370 1
2094 2323 1
2094 757 1
2094 1263 1
619 1193 1
619 2102 1
2015 968 1
2015 1920 1
2015 1288 1
2015 1541 1
2015 2752 1
2015 1148 1
2297 1292 1
2297 140 1
2518 1453 1
1355 1464 1
1355 1749 1
1355 2507 1
1355 1580 1
1355 860 1
1355 2148 1
1355 2721 1
1355 982 1
751 1164 1
751 2339 1
751 2806 1
751 1517 1
751 2718 1
751 2355 1
1285 344 1
1285 2416 1
1285 996 1
1285 67 1
1285 1588 1
1285 632 1
1285 2689 1
1285 911 1
1285 2659 1
1285 1451 1
1285 2272 1
1 1333 1
1 21 1
1 797 1
2430 1272 1
2430 2681 1
2430 1822 1
2430 647 1
392 2118 1
1013 2233 1
1013 1031 1
1013 747 1
1013 1842 1
1013 2489 1
1200 488 1
1200 952 1
1200 499 1
1200 818 1
1200 2132 1
1200 2734 1
1200 782 1
1200 1954 1
1200 2812 1
1200 1087 1
1200 2057 1
1200 2394 1
1200 1864 1
419 1439 1
417 1886 1
417 1093 1
309 734 1
309 1230 1
623 1819 1
1523 1675 1
1450 1465 1
1450 1561 1
1450 2138 1
1450 1393 1
1450 1808 1
1450 2246 1
1450 673 1
1450 2655 1
1450 1974 1
1450 2728 1
1450 2586 1
1721 816 1
2660 32 1
2660 2137 1
1308 1047 1
1308 2305 1
1308 2055 1
1308 988 1
402 2442 1
402 542 1
402 579 1
402 1496 1
2734 610 1
2734 2403 1
2734 2356 1
2734 2696 1
2734 1681 1
2734 540 1
2734 1438 1
283 1136 1
295 327 1
295 519 1
295 1626 1
1135 2175 1
1135 665 1
1135 162 1
1135 1871 1
1135 1711 1
1135 471 1
1135 909 1
1135 1901 1
1135 924 1
1135 1632 1
1135 2729 1
1135 694 1
1105 1166 1
173 2818 1
173 2014 1
368 117 1
368 1225 1
368 891 1
368 1907 1
368 2551 1
368 599 1
368 1776 1
368 2369 1
997 2194 1
997 615 1
997 191 1
997 1405 1
2613 275 1
2613 1544 1
2613 1892 1
1960 1305 1
1960 2431 1
959 1922 1
959 1594 1
959 2628 1
959 640 1
959 1582 1
1095 2415 1
1095 1999 1
1077 2368 1
1077 2622 1
1077 1155 1
1077 588 1
1077 348 1
1077 2747 1
1010 1554 1
1010 650 1
1010 1844 1
1010 444 1
1010 1785 1
1010 1799 1
839 364 1
839 1791 1
839 76 1
839 736 1
839 2432 1
839 1671 1
839 228 1
839 84 1
839 339 1
839 142 1
839 2239 1
839 1336 1
839 485 1
839 2708 1
839 1018 1
839 586 1
985 2577 1
985 2641 1
1575 711 1
1575 1039 1
1575 691 1
2373 2802 1
2373 763 1
2373 1416 1
2373 1801 1
2373 1137 1
2373 2452 1
1275 2250 1
1275 1402 1
1275 720 1
1883 877 1
111 1690 1
111 1040 1
947 1425 1
947 544 1
947 1919 1
947 1851 1
2008 638 1
2008 1311 1
1658 1904 1
1658 2115 1
229 360 1
229 2793 1
229 2736 1
229 2601 1
229 2145 1
229 573 1
229 2651 1
229 1281 1
229 1833 1
229 1924 1
229 695 1
229 245 1
229 10 1
824 2058 1
337 1490 1
337 1557 1
337 1880 1
337 534 1
337 2772 1
337 2620 1
304 2228 1
304 1603 1
2041 2288 1
2041 729 1
2041 581 1
2041 2334 1
2041 541 1
2041 1558 1
2672 1414 1
2035 2204 1
2190 22 1
563 338 1
563 932 1
2490 730 1
2490 603 1
2767 387 1
2767 928 1
446 708 1
446 2755 1
1965 1573 1
1965 2547 1
1965 1549 1
1965 655 1
1965 2530 1
1965 752 1
1965 2365 1
1965 1944 1
1965 2439 1
2298 1754 1
2298 1378 1
2298 2414 1
2298 1437 1
1441 1163 1
1269 359 1
1269 1290 1
1269 2786 1
1269 795 1
1269 1135 1
1269 154 1
1269 2634 1
1269 2299 1
1269 1637 1
1269 1712 1
1269 2021 1
1269 1202 1
47 2178 1
47 394 1
557 115 1
429 705 1
429 1418 1
429 2128 1
429 1114 1
429 1793 1
429 957 1
429 1443 1
429 789 1
429 2514 1
429 416 1
429 612 1
429 878 1
429 2035 1
429 2581 1
429 2047 1
429 821 1
429 950 1
429 2358 1
429 1514 1
429 966 1
429 1925 1
429 1169 1
429 658 1
980 1007 1
980 1914 1
980 1503 1
980 831 1
980 33 1
980 1348 1
980 1893 1
980 2212 1
2722 1659 1
2722 1299 1
2722 2765 1
2722 2485 1
2722 688 1
2722 1488 1
1705 1983 1
1705 2808 1
1705 1951 1
1705 2168 1
1705 401 1
1705 1762 1
1705 718 1
1705 1634 1
1705 1360 1
1705 2257 1
2031 1568 1
2445 1825 1
2445 1222 1
2445 2761 1
2445 285 1
2001 1041 1
2001 1723 1
2001 2335 1
2001 912 1
817 1466 1
1527 28 1
1527 2735 1
1527 1104 1
1527 1143 1
1527 522 1
1527 2353 1
1527 1358 1
2115 2685 1
2115 1179 1
2115 292 1
1421 2054 1
1421 2265 1
1821 1958 1
1821 2652 1
1821 2803 1
1821 971 1
1821 2610 1
2193 1094 1
576 478 1
576 551 1
576 835 1
1941 962 1
1941 944 1
1941 1628 1
1941 402 1
1941 446 1
1941 2702 1
1941 894 1
1941 2576 1
1941 722 1
1941 578 1
1941 361 1
1941 2159 1
1941 2621 1
2052 1682 1
2052 2463 1
2052 1341 1
2052 670 1
2052 1674 1
2503 1639 1
2503 935 1
2503 889 1
2503 951 1
969 2493 1
969 1804 1
969 2275 1
969 382 1
969 2113 1
2173 2013 1
2173 356 1
2173 644 1
2173 2433 1
2173 350 1
2173 1646 1
2173 8 1
2173 1375 1
2173 1758 1
2173 2537 1
2173 1500 1
820 1069 1
820 1497 1
820 52 1
820 2060 1
1963 2713 1
1426 992 1
1426 2377 1
1426 1945 1
1426 175 1
1426 731 1
1426 690 1
1635 1484 1
1774 435 1
1774 2512 1
1774 77 1
2657 2469 1
2657 1324 1
2657 955 1
2657 1487 1
2657 2255 1
2657 1829 1
2657 1534 1
2657 2658 1
2657 2534 1
1208 2492 1
1208 840 1
1208 1326 1
1208 18 1
1208 2437 1
1208 1180 1
1208 887 1
1208 2091 1
1736 2320 1
495 2486 1
495 1547 1
495 2009 1
495 1088 1
495 1038 1
495 545 1
495 1077 1
495 1805 1
495 2213 1
495 929 1
495 1260 1
495 2024 1
2308 20 1
2006 1630 1
2006 2630 1
2006 454 1
2006 2664 1
2006 1604 1
226 1680 1
226 177 1
226 2227 1
226 1044 1
2163 151 1
2163 2774 1
2163 602 1
2163 2123 1
2163 291 1
2163 2332 1
2163 851 1
2163 1145 1
911 1330 1
911 1550 1
911 137 1
911 2064 1
911 1964 1
911 2069 1
911 2086 1
911 1106 1
911 343 1
911 751 1
911 2613 1
911 837 1
911 2190 1
911 265 1
911 2816 1
911 1251 1
911 128 1
911 2548 1
911 787 1
911 511 1
911 2632 1
911 937 1
911 196 1
911 139 1
911 1238 1
911 2387 1
1478 201 1
666 430 1
666 2379 1
666 2531 1
666 1462 1
666 2502 1
666 1655 1
666 2158 1
40 1170 1
40 2739 1
372 1990 1
372 1609 1
1783 1032 1
1783 1065 1
1783 2333 1
1783 562 1
2249 441 1
2249 625 1
773 2558 1
773 409 1
773 1966 1
34 2310 1
528 1127 1
528 1835 1
528 2196 1
528 1935 1
528 78 1
2381 1697 1
2381 2270 1
1195 1664 1
1195 156 1
1195 1976 1
1195 1683 1
728 2423 1
686 1015 1
580 990 1
580 2771 1
1417 2508 1
492 1872 1
492 2039 1
492 868 1
492 210 1
492 2663 1
1101 2330 1
1101 276 1
1101 595 1
1101 2727 1
1463 2697 1
1463 2331 1
1293 2152 1
1293 834 1
1293 733 1
494 1900 1
1742 1673 1
1845 2704 1
1845 652 1
2346 2388 1
2346 1771 1
2346 738 1
2346 1957 1
2346 2691 1
2346 2498 1
2346 452 1
2346 2209 1
2346 2038 1
2346 2087 1
2346 814 1
2346 2453 1
1021 1218 1
1021 1583 1
1021 1831 1
1961 1167 1
1961 461 1
1961 30 1
1961 1381 1
1961 2222 1
1961 2338 1
1961 1100 1
1961 649 1
1961 2799 1
1961 1003 1
1961 1216 1
1961 956 1
1961 1526 1
2057 2336 1
2057 498 1
2057 756 1
432 100 1
1661 2791 1
1661 340 1
1661 294 1
1661 152 1
107 1536 1
107 2407 1
1313 662 1
1313 570 1
1313 1184 1
219 2036 1
219 724 1
219 190 1
219 1665 1
219 1312 1
2449 49 1
2449 2541 1
808 899 1
808 1810 1
799 55 1
799 425 1
1125 1078 1
1125 1090 1
1125 2700 1
1125 1950 1
1125 60 1
1722 1611 1
1722 1270 1
1722 1362 1
1722 1896 1
79 1257 1
79 699 1
79 284 1
79 1006 1
79 907 1
79 2157 1
1646 2023 1
1646 1347 1
1447 1335 1
1447 1328 1
1447 271 1
1447 1492 1
1447 2182 1
1447 2056 1
1447 1961 1
1447 2464 1
1447 2117 1
1447 1533 1
1447 2131 1
1447 1408 1
1447 68 1
1447 755 1
1813 2070 1
1813 986 1
1813 307 1
1813 2804 1
1813 2383 1
1813 2770 1
1813 1847 1
1813 2200 1
1813 686 1
1813 1447 1
1813 2276 1
1813 2341 1
1813 2631 1
1813 1670 1
1707 605 1
1707 548 1
1707 1520 1
1707 1110 1
1707 725 1
1707 316 1
1707 563 1
1707 1081 1
1707 826 1
1598 1278 1
1598 2741 1
1598 1448 1
2089 1586 1
2089 1107 1
2089 584 1
2089 90 1
2089 2007 1
2089 1769 1
2089 1293 1
2089 466 1
2089 2410 1
2089 264 1
2089 2635 1
2089 2594 1
2089 110 1
2089 2603 1
2089 157 1
2089 1542 1
2089 74 1
2089 2448 1
2814 2408 1
2814 1056 1
2814 593 1
2814 367 1
2814 1454 1
2814 1061 1
2814 1679 1
2814 42 1
2814 2282 1
2814 1691 1
2814 803 1
2814 421 1
2814 2220 1
2814 2317 1
2814 991 1
894 2192 1
1395 19 1
1501 1374 1
1501 2187 1
1501 1159 1
1501 2314 1
1501 515 1
1501 443 1
1501 1467 1
1168 1701 1
1168 1392 1
1168 2796 1
1579 1546 1
1579 280 1
1579 674 1
1384 1642 1
1384 1910 1
2261 336 1
2261 1511 1
127 1173 1
127 1885 1
127 867 1
127 2468 1
127 1427 1
127 2019 1
127 2763 1
1592 497 1
1592 1485 1
1592 1523 1
1592 1050 1
1592 1537 1
1728 2342 1
238 1291 1
1268 326 1
1584 188 1
1584 1325 1
1224 2455 1
2374 761 1
2374 2215 1
2374 1849 1
2374 2491 1
2374 2666 1
2374 1598 1
2374 1445 1
2374 1198 1
2374 2728 1
2374 1227 1
2211 2653 1
2211 1023 1
2211 1297 1
2211 1766 1
2211 696 1
2211 580 1
2211 906 1
2211 2016 1
2211 2281 1
2211 2783 1
2251 395 1
2251 355 1
222 2567 1
222 810 1
222 908 1
222 1727 1
222 2001 1
222 407 1
222 1430 1
222 1980 1
195 2543 1
1838 1074 1
1838 677 1
1838 2107 1
1838 230 1
1838 619 1
1838 1796 1
1838 1105 1
1838 1607 1
1838 528 1
1838 2206 1
1838 1699 1
1838 1011 1
1838 2254 1
1838 629 1
264 794 1
264 1744 1
2488 237 1
2488 2095 1
2488 1732 1
2488 1489 1
2488 1034 1
2488 1146 1
17 958 1
2221 742 1
2221 1972 1
2221 38 1
2221 1524 1
106 930 1
106 2037 1
1899 2618 1
1899 1028 1
1899 558 1
1899 1621 1
1899 1620 1
1899 2390 1
1899 805 1
1899 1480 1
1899 1848 1
1899 2461 1
1702 2166 1
1702 1122 1
1702 2457 1
1702 333 1
1702 2134 1
1702 1499 1
1702 2598 1
1702 2301 1
1702 2063 1
1702 417 1
1702 1016 1
1702 2446 1
1702 1666 1
1559 2242 1
1559 1995 1
1327 1773 1
1327 1132 1
1327 498 1
1327 1302 1
1400 1194 1
2276 2525 1
2276 675 1
2276 1001 1
2276 812 1
2276 174 1
2276 2726 1
2276 2350 1
1449 963 1
1449 784 1
298 2011 1
298 577 1
895 2807 1
895 876 1
895 1021 1
895 483 1
895 2401 1
895 2675 1
895 852 1
656 2114 1
656 88 1
656 181 1
656 423 1
656 2208 1
656 2088 1
656 645 1
656 2480 1
656 936 1
656 176 1
2292 1565 1
2292 261 1
75 2247 1
75 243 1
75 1770 1
2033 1376 1
2033 2161 1
2033 413 1
2033 1986 1
485 2219 1
485 12 1
1881 919 1
1881 2753 1
1881 1887 1
1881 2079 1
2124 414 1
614 2744 1
614 2703 1
614 680 1
614 2389 1
614 363 1
442 1676 1
2634 94 1
2634 1619 1
2634 1085 1
2634 1201 1
2768 1315 1
2768 1755 1
2768 2443 1
1131 178 1
1982 1482 1
1811 262 1
722 873 1
1265 308 1
1265 583 1
1265 133 1
1265 341 1
469 2692 1
437 1562 1
437 666 1
437 1720 1
437 366 1
437 1881 1
437 892 1
1126 246 1
509 1366 1
509 1874 1
509 1387 1
509 1567 1
509 428 1
2164 1622 1
2164 1316 1
2164 2125 1
2164 2271 1
2164 1083 1
2164 2304 1
2164 554 1
2164 976 1
2164 2466 1
1955 2012 1
1955 881 1
1955 297 1
1955 1616 1
1955 1923 1
1955 2004 1
1955 1433 1
1955 709 1
1955 1843 1
35 1310 1
35 1049 1
35 1693 1
851 2100 1
2405 216 1
2405 2532 1
2405 2595 1
1618 1826 1
1618 2649 1
1618 811 1
1618 1494 1
1618 646 1
1618 774 1
1618 1457 1
1618 2499 1
1618 1059 1
1618 89 1
1618 197 1
1618 1051 1
1401 9 1
2545 34 1
2545 1289 1
2545 1409 1
2545 898 1
2545 991 1
168 2083 1
168 614 1
168 2000 1
168 606 1
814 2745 1
814 2029 1
814 785 1
2644 2406 1
2644 99 1
361 2441 1
673 2723 1
2248 994 1
2248 564 1
2248 1249 1
1760 1108 1
1760 1209 1
385 832 1
385 2749 1
385 591 1
385 765 1
385 875 1
385 2193 1
385 495 1
385 2768 1
385 240 1
385 533 1
385 1394 1
385 1816 1
385 479 1
385 1027 1
1138 212 1
1138 1861 1
1138 1717 1
1138 1191 1
2385 374 1
2385 1527 1
2385 2163 1
2385 844 1
2385 2405 1
2385 689 1
2385 272 1
2573 314 1
1260 1636 1
1260 758 1
1260 122 1
1260 187 1
709 846 1
709 604 1
709 2130 1
709 119 1
2189 1778 1
2189 145 1
2189 882 1
2189 671 1
2189 685 1
2189 2328 1
2189 241 1
2189 2184 1
2189 369 1
2189 1668 1
2189 1828 1
2189 354 1
2189 93 1
2189 1709 1
2189 653 1
2189 2456 1
2189 1629 1
2189 1862 1
2189 1171 1
2189 393 1
2189 2075 1
2189 687 1
527 1590 1
2392 2291 1
2392 1286 1
2392 809 1
2392 2146 1
732 1369 1
732 2150 1
732 1917 1
2584 2195 1
1360 370 1
927 1117 1
1975 302 1
973 596 1
973 1255 1
973 1128 1
973 1116 1
973 1692 1
973 2105 1
973 1287 1
2366 2482 1
2366 565 1
1034 1627 1
1034 933 1
1034 1349 1
1034 144 1
1034 1147 1
1034 2504 1
1034 2809 1
2130 710 1
906 213 1
906 1877 1
906 2822 1
906 494 1
906 11 1
906 925 1
906 598 1
906 2694 1
2016 838 1
2708 2337 1
2708 597 1
2708 2153 1
2708 984 1
2708 1033 1
2708 465 1
2708 1937 1
2708 2344 1
2708 1207 1
2708 323 1
2708 2591 1
493 847 1
493 1084 1
493 2648 1
493 334 1
2104 1792 1
2104 1404 1
38 1649 1
1533 64 1
1533 1306 1
1533 1883 1
2131 1759 1
707 1602 1
707 2062 1
1894 945 1
2121 1133 1
2121 2319 1
2121 1220 1
2658 618 1
2658 2378 1
2658 1279 1
185 1505 1
185 1996 1
185 2535 1
185 2779 1
185 2738 1
185 206 1
185 1555 1
1165 1953 1
1165 37 1
1165 965 1
182 1757 1
182 2730 1
2224 2711 1
2224 815 1
2224 1677 1
2224 2568 1
2376 299 1
2376 1703 1
2376 1684 1
2376 1593 1
2376 217 1
2376 896 1
23 890 1
23 1926 1
23 2679 1
23 108 1
23 2550 1
2159 943 1
2159 561 1
2159 2484 1
1358 1572 1
1358 2025 1
1358 2608 1
1493 112 1
1493 806 1
1493 1266 1
176 2427 1
2599 2513 1
2599 1552 1
2599 2256 1
2599 888 1
2599 760 1
2599 2699 1
1212 1797 1
1212 227 1
415 1815 1
415 2562 1
415 1638 1
421 1718 1
421 526 1
421 1298 1
421 1477 1
421 65 1
2053 2348 1
2053 129 1
2053 543 1
1560 2279 1
2103 384 1
692 1144 1
692 504 1
692 153 1
1211 447 1
1211 1111 1
1092 1097 1
1092 2797 1
1000 1182 1
1000 663 1
1000 1878 1
1000 95 1
1000 2781 1
155 365 1
2621 2120 1
2621 1730 1
2621 400 1
2621 1252 1
511 1521 1
511 1391 1
1043 2434 1
1043 2709 1
2108 854 1
2108 1545 1
2108 1224 1
2108 2583 1
2108 2136 1
2108 1068 1
2293 786 1
2293 2160 1
2293 2563 1
2293 1141 1
2293 791 1
2293 1824 1
2293 1054 1
2293 1491 1
159 131 1
159 2230 1
159 2298 1
159 1814 1
159 574 1
159 707 1
159 1506 1
1169 2311 1
1169 1048 1
1169 2426 1
1169 1178 1
1169 2041 1
1169 1610 1
1169 475 1
1169 1977 1
1169 194 1
1169 639 1
120 1818 1
2764 2624 1
2764 2284 1
1146 1259 1
792 641 1
792 1452 1
939 86 1
939 438 1
939 2280 1
2098 2742 1
2098 2611 1
2098 1406 1
257 1704 1
257 505 1
257 1350 1
1085 460 1
1085 1569 1
1085 1005 1
1411 2141 1
1245 902 1
1245 523 1
1245 1429 1
1245 2030 1
1245 2662 1
1245 807 1
1245 1707 1
1245 2251 1
1245 642 1
1601 552 1
1809 2176 1
2306 2092 1
2306 861 1
2306 1246 1
2306 2638 1
377 259 1
652 2815 1
714 1985 1
714 278 1
714 1695 1
714 101 1
714 529 1
714 2750 1
714 1363 1
714 1221 1
714 1984 1
714 2261 1
714 1789 1
714 2103 1
714 617 1
714 1076 1
714 1608 1
1228 582 1
1228 2518 1
1228 198 1
1228 608 1
1228 2440 1
2540 2665 1
2540 2561 1
2540 1254 1
2540 1967 1
2540 1714 1
2540 2324 1
2540 559 1
2540 2274 1
2258 1643 1
196 2273 1
196 247 1
1223 1080 1
1223 1410 1
1223 2101 1
1223 778 1
1223 2061 1
1223 1538 1
1223 1174 1
1223 2473 1
712 1495 1
712 1118 1
712 1192 1
712 214 1
712 1343 1
712 2775 1
712 2264 1
746 2327 1
746 2296 1
746 1017 1
746 2162 1
746 724 1
746 2144 1
746 467 1
746 905 1
746 2084 1
746 2347 1
746 2238 1
1595 439 1
2776 1960 1
2776 2672 1
639 13 1
639 1539 1
639 1091 1
639 1019 1
639 2572 1
1927 1468 1
1927 2225 1
1927 2810 1
1201 1667 1
1201 2487 1
2556 2782 1
2556 2313 1
2556 2421 1
2556 885 1
2556 825 1
1589 1781 1
1318 1512 1
1318 1365 1
1318 524 1
1318 1508 1
2231 1073 1
2231 1295 1
2231 2661 1
2231 268 1
2231 1236 1
2231 1240 1
2231 802 1
2231 997 1
2231 396 1
2231 1008 1
2231 2139 1
2231 880 1
2231 1605 1
2231 664 1
2231 2045 1
2231 2240 1
1525 1879 1
1802 2516 1
1765 2746 1
1765 796 1
1765 170 1
203 1229 1
203 678 1
203 192 1
203 2076 1
203 2205 1
203 753 1
203 390 1
977 2737 1
977 717 1
977 496 1
2586 449 1
2586 81 1
2586 530 1
2586 311 1
1850 719 1
1850 2769 1
1850 2413 1
2526 850 1
2526 2216 1
2526 1513 1
2526 2140 1
2526 1208 1
2526 2170 1
2526 2263 1
2526 403 1
2526 251 1
2106 1535 1
2106 2068 1
2106 1543 1
2106 1428 1
2106 1867 1
2106 1373 1
2106 1551 1
2106 388 1
592 2588 1
592 863 1
592 1970 1
592 667 1
592 2533 1
592 1713 1
592 2674 1
592 521 1
592 2490 1
592 2173 1
592 2381 1
592 2077 1
592 1241 1
592 2121 1
586 2617 1
586 123 1
586 184 1
586 349 1
586 126 1
2614 949 1
2614 2398 1
2614 510 1
2614 1834 1
1687 97 1
1687 2393 1
1687 727 1
1687 2052 1
1687 418 1
1687 981 1
571 164 1
571 1875 1
571 893 1
571 1388 1
2072 2758 1
2072 2235 1
2072 305 1
443 132 1
3 2724 1
3 287 1
3 2082 1
3 2788 1
3 313 1
3 1743 1
3 1009 1
3 624 1
1467 1486 1
1467 124 1
1467 2642 1
1467 1337 1
1467 1933 1
1467 169 1
1467 1130 1
1467 1071 1
1467 2557 1
293 858 1
293 2020 1
293 253 1
293 199 1
1162 2043 1
735 1761 1
1670 468 1
1670 833 1
1670 1431 1
1670 715 1
1670 484 1
1670 848 1
1670 2701 1
1670 2430 1
1670 1200 1
1670 1421 1
1670 539 1
1670 1293 1
1670 2814 1
1670 1168 1
1670 2375 1
1670 2124 1
1670 1756 1
1670 2798 1
1670 939 1
1670 1694 1
1526 1857 1
2747 2183 1
2787 560 1
2667 248 1
2667 2289 1
224 859 1
2349 661 1
2349 2241 1
2349 869 1
2349 2515 1
2349 2202 1
289 480 1
289 740 1
726 1795 1
726 2821 1
726 426 1
726 2645 1
726 1948 1
726 244 1
726 1916 1
726 433 1
726 2505 1
2214 628 1
2214 1994 1
1227 2417 1
1227 1532 1
2450 2687 1
2450 2542 1
2450 701 1
2450 2223 1
2450 1346 1
2450 66 1
2450 2483 1
2450 1357 1
2272 1600 1
2272 1650 1
2272 886 1
2272 451 1
2272 2520 1
2272 2823 1
2272 1982 1
2272 2732 1
2272 2690 1
2272 862 1
1952 1367 1
272 1396 1
272 2600 1
272 397 1
272 2226 1
272 2329 1
272 2625 1
1529 1231 1
1529 1139 1
1529 987 1
1529 1432 1
1529 762 1
1027 901 1
215 2119 1
215 1476 1
215 207 1
