1146 1317 1
1146 901 1
1146 1224 1
1715 2129 1
1715 1938 1
1715 1762 1
1715 1018 1
1715 948 1
1715 563 1
2420 675 1
1367 1945 1
2248 1553 1
611 1423 1
502 644 1
502 537 1
502 1450 1
502 1399 1
502 1113 1
502 2219 1
502 1455 1
502 1272 1
502 813 1
502 814 1
502 342 1
502 2303 1
502 1357 1
502 1178 1
502 1191 1
502 1989 1
502 296 1
502 294 1
502 763 1
2450 1464 1
158 55 1
158 772 1
158 2299 1
158 2110 1
158 1661 1
158 117 1
1302 855 1
1302 491 1
1048 372 1
1048 2044 1
1048 2171 1
1048 2151 1
1048 586 1
215 1149 1
215 190 1
215 2359 1
215 1380 1
215 2009 1
195 1698 1
195 299 1
195 1962 1
195 2262 1
195 526 1
195 22 1
195 1995 1
195 2226 1
195 418 1
195 2441 1
1071 1994 1
1566 1477 1
1566 231 1
1566 1548 1
1566 786 1
1566 557 1
306 1077 1
1769 1610 1
1769 2259 1
1769 1608 1
1769 2305 1
1769 1767 1
1147 707 1
1147 529 1
1147 815 1
1147 606 1
1147 53 1
2202 956 1
2202 1436 1
535 1479 1
535 1629 1
1284 2018 1
292 829 1
292 1782 1
292 49 1
292 2203 1
1335 2419 1
1482 1965 1
1611 614 1
1611 927 1
1611 2481 1
1611 1549 1
1611 1919 1
1611 2209 1
1611 1918 1
1611 427 1
1611 1517 1
1611 1972 1
1683 1349 1
667 1456 1
667 1883 1
843 820 1
843 2122 1
843 1982 1
843 1744 1
843 1235 1
843 1294 1
843 823 1
843 1998 1
843 1526 1
843 1099 1
843 1306 1
843 587 1
843 389 1
843 842 1
843 355 1
843 146 1
843 902 1
843 896 1
843 1208 1
843 2212 1
843 1628 1
843 121 1
843 1977 1
1299 669 1
1299 1334 1
1299 525 1
1299 1156 1
1299 978 1
1398 655 1
664 1771 1
707 609 1
1823 1252 1
1823 401 1
341 724 1
1248 1757 1
838 1619 1
838 2295 1
838 1411 1
838 758 1
838 844 1
838 194 1
838 1738 1
120 283 1
2437 305 1
1556 61 1
1556 1278 1
1556 1785 1
1556 1593 1
1556 922 1
522 2021 1
522 67 1
1040 240 1
1040 2269 1
1040 1346 1
1040 159 1
1040 332 1
1040 219 1
266 1586 1
266 1402 1
266 445 1
670 1870 1
670 30 1
1600 2126 1
1600 1859 1
812 1047 1
812 1368 1
812 921 1
812 1406 1
2469 2325 1
2469 494 1
1682 1651 1
1682 1195 1
727 629 1
811 875 1
811 413 1
811 824 1
143 402 1
116 1729 1
116 2015 1
116 528 1
116 2296 1
116 1657 1
116 438 1
116 2451 1
116 745 1
116 834 1
116 1966 1
794 1424 1
794 83 1
794 2198 1
794 699 1
794 2187 1
794 2444 1
794 565 1
794 1344 1
794 1535 1
880 1184 1
880 1110 1
880 358 1
880 869 1
880 1395 1
880 2394 1
880 2163 1
971 1480 1
971 383 1
971 613 1
971 700 1
971 1865 1
971 791 1
971 1300 1
971 647 1
971 499 1
971 845 1
971 1911 1
1612 1885 1
1612 2340 1
1084 2484 1
755 405 1
1828 81 1
2029 1559 1
2029 1737 1
1183 1253 1
1183 2137 1
1007 1050 1
1007 78 1
1007 1082 1
142 1963 1
216 1326 1
216 840 1
216 2241 1
216 144 1
803 220 1
2338 932 1
913 2142 1
913 1817 1
913 2324 1
913 391 1
913 1225 1
913 250 1
364 2475 1
1846 1290 1
1497 2471 1
1497 2400 1
1497 1122 1
1497 567 1
378 2440 1
378 1437 1
378 18 1
370 805 1
1988 2089 1
1988 1650 1
1988 262 1
1988 1364 1
1988 1311 1
1830 71 1
1710 152 1
39 8 1
39 1789 1
2048 1708 1
1968 984 1
1968 1210 1
1968 581 1
1968 2020 1
1968 1132 1
408 654 1
408 1459 1
408 1155 1
2332 1514 1
1761 1711 1
1761 2345 1
1761 1161 1
1761 132 1
1761 702 1
1761 2432 1
1761 914 1
1761 520 1
1761 2452 1
1761 2375 1
1761 685 1
1761 139 1
1761 1960 1
1761 1821 1
1761 1615 1
1761 2431 1
24 1360 1
24 1090 1
2204 51 1
2204 433 1
2204 2155 1
2204 1873 1
2204 2146 1
2204 1199 1
788 1085 1
788 1374 1
2238 2403 1
2238 778 1
2238 1237 1
2238 1591 1
2238 1790 1
1630 1136 1
1630 1992 1
1630 1061 1
1630 290 1
1630 1415 1
1630 671 1
362 453 1
362 1106 1
756 2435 1
2424 472 1
2424 1845 1
2424 1068 1
2424 204 1
2424 1576 1
2424 1847 1
2424 2331 1
1386 513 1
1386 362 1
1386 1815 1
1386 1474 1
1386 2087 1
1386 682 1
1386 2097 1
1386 711 1
1386 58 1
1386 2116 1
1386 2487 1
1386 1557 1
1386 919 1
1386 1521 1
1386 574 1
1386 1438 1
1386 1162 1
1386 865 1
1386 2276 1
1386 1791 1
234 2024 1
1205 1909 1
1205 2214 1
1205 446 1
1205 2467 1
1205 1579 1
1205 946 1
1205 1342 1
1254 1202 1
293 636 1
293 1365 1
293 227 1
293 1056 1
293 1969 1
293 561 1
293 88 1
293 496 1
958 1550 1
1815 1500 1
1815 32 1
369 1920 1
369 600 1
369 1051 1
369 569 1
369 1910 1
369 72 1
369 836 1
369 1804 1
369 1108 1
369 650 1
1474 575 1
1474 1133 1
728 1088 1
1836 1323 1
1836 1649 1
1836 1336 1
1836 2236 1
1161 1114 1
1120 1778 1
632 2053 1
632 1076 1
632 2178 1
632 1354 1
632 2360 1
632 954 1
1975 2004 1
1975 1003 1
1004 1585 1
1004 953 1
1004 703 1
885 430 1
885 217 1
1235 576 1
1235 1665 1
1235 2362 1
1235 1659 1
485 1612 1
485 2398 1
485 996 1
485 1100 1
485 320 1
485 2416 1
485 856 1
485 1731 1
485 848 1
485 1838 1
485 1498 1
485 2380 1
485 1159 1
485 1478 1
485 1452 1
485 624 1
485 892 1
485 906 1
485 330 1
485 2215 1
485 2156 1
485 473 1
485 770 1
485 1596 1
485 488 1
2130 1087 1
2130 1680 1
2130 2117 1
2167 771 1
2167 1783 1
2167 1856 1
2167 517 1
2167 428 1
2167 1451 1
2167 992 1
2167 2383 1
2167 423 1
2167 1148 1
2167 2158 1
2167 573 1
689 2313 1
689 678 1
689 1172 1
689 2131 1
748 1396 1
2114 747 1
2114 222 1
416 1575 1
416 2228 1
1359 1711 1
1359 1699 1
1359 1481 1
1359 520 1
1359 1892 1
1359 2132 1
2058 1639 1
2058 328 1
2058 710 1
2058 1287 1
2058 1740 1
2161 2016 1
2161 2172 1
2161 1512 1
2161 668 1
2161 377 1
2087 1956 1
2087 1848 1
2087 594 1
2087 421 1
2087 385 1
60 493 1
60 1656 1
60 1316 1
60 164 1
60 1485 1
60 2252 1
60 2094 1
60 2005 1
60 44 1
60 2278 1
60 2060 1
1620 2183 1
1620 514 1
1620 868 1
1620 2346 1
1620 572 1
2330 1398 1
2330 1373 1
2330 298 1
2330 1382 1
2330 122 1
2330 1227 1
2330 1675 1
2330 1658 1
2330 1426 1
181 2326 1
1886 748 1
1886 894 1
1886 486 1
1886 2302 1
2028 439 1
2028 1993 1
2028 33 1
2028 381 1
2028 1448 1
1356 549 1
1356 1240 1
859 1572 1
859 912 1
633 422 1
310 790 1
310 5 1
310 648 1
310 1483 1
310 889 1
630 1507 1
630 2378 1
2006 990 1
2006 1522 1
2006 2140 1
2006 733 1
1786 497 1
1786 163 1
1786 674 1
1786 2312 1
1786 2290 1
1786 333 1
1399 508 1
1399 2093 1
1399 1587 1
1399 113 1
1399 1444 1
1078 1256 1
1078 202 1
1078 416 1
182 625 1
182 1921 1
9 2025 1
1280 1648 1
766 1547 1
766 2170 1
945 696 1
945 1733 1
945 2421 1
945 112 1
945 551 1
1931 1126 1
1931 1631 1
1931 2476 1
1931 2133 1
1931 2247 1
1931 1167 1
1068 980 1
1352 890 1
1352 1561 1
1352 2273 1
169 759 1
169 1417 1
319 2239 1
319 799 1
319 1511 1
863 653 1
450 1829 1
450 1983 1
450 1851 1
2438 2365 1
2438 2384 1
2438 2042 1
2438 2207 1
2438 2229 1
2438 458 1
1334 967 1
1334 669 1
1334 1589 1
269 2402 1
269 891 1
1779 2349 1
1779 74 1
295 1551 1
2154 680 1
2154 161 1
2154 1186 1
280 2191 1
280 780 1
280 935 1
280 1251 1
280 2038 1
1443 1073 1
1443 2334 1
384 100 1
384 2479 1
866 340 1
866 562 1
866 870 1
866 2336 1
866 2000 1
1997 1510 1
1669 256 1
1669 1428 1
1669 618 1
1669 2274 1
1669 1792 1
1669 1403 1
1669 1009 1
1669 70 1
1669 515 1
1669 452 1
1669 1565 1
1669 2427 1
1669 271 1
1669 2395 1
1669 615 1
1669 2315 1
1669 1613 1
1669 895 1
1669 692 1
1669 1064 1
1669 465 1
1669 2045 1
1358 397 1
1358 394 1
1358 893 1
1872 694 1
186 846 1
186 1839 1
186 1950 1
186 909 1
1999 622 1
1999 688 1
495 1537 1
495 464 1
3 410 1
320 420 1
1954 1211 1
2237 1366 1
2237 382 1
2237 898 1
2237 371 1
2237 2355 1
1181 877 1
1181 1633 1
1181 484 1
1181 1716 1
1181 1190 1
201 2389 1
903 2408 1
903 2401 1
570 722 1
570 50 1
931 864 1
931 941 1
931 1818 1
931 783 1
931 1127 1
2138 135 1
2138 2314 1
2138 2179 1
2432 2406 1
2291 1228 1
2291 1096 1
516 137 1
398 1169 1
2022 619 1
2022 1446 1
2057 1631 1
2057 2176 1
2057 272 1
331 1763 1
188 111 1
620 247 1
620 181 1
620 2022 1
620 2223 1
620 1457 1
620 687 1
1176 267 1
1176 2373 1
1176 2071 1
1176 1541 1
1176 559 1
603 1254 1
1418 469 1
1418 2414 1
1418 2177 1
1418 1820 1
131 810 1
131 1570 1
131 1985 1
131 1274 1
131 1008 1
131 160 1
131 252 1
131 2143 1
131 2017 1
2447 1929 1
2447 1145 1
2447 1805 1
2447 1038 1
1099 1308 1
1099 177 1
1099 2182 1
107 802 1
107 2078 1
107 1348 1
1475 419 1
1475 348 1
1475 248 1
1475 1581 1
1475 979 1
691 350 1
1560 1533 1
881 1329 1
1193 743 1
1193 917 1
1232 1813 1
1232 1899 1
2428 1872 1
2428 1017 1
2428 1331 1
2428 553 1
2428 1043 1
2428 268 1
2428 2363 1
712 145 1
712 626 1
712 2240 1
712 213 1
712 2112 1
712 1109 1
712 313 1
999 2385 1
873 141 1
873 210 1
718 2036 1
2071 236 1
2439 2149 1
2439 354 1
2439 2254 1
2439 2049 1
1407 241 1
1407 1905 1
1407 986 1
1407 2370 1
1407 1402 1
1407 400 1
1407 321 1
517 1039 1
1863 324 1
1863 546 1
1863 2461 1
1863 1314 1
1863 1212 1
1863 2337 1
1863 2347 1
1863 1453 1
1124 1026 1
189 1503 1
189 1690 1
189 660 1
189 2159 1
189 2199 1
189 75 1
189 46 1
189 1922 1
1714 1420 1
2101 62 1
2460 77 1
2460 2465 1
2460 1806 1
731 2443 1
731 1759 1
731 2019 1
731 1600 1
731 899 1
731 1837 1
731 448 1
731 1460 1
2322 129 1
2322 821 1
2322 451 1
2322 1094 1
2322 774 1
571 1261 1
571 409 1
571 2309 1
1983 1372 1
2220 4 1
2366 1534 1
2366 99 1
2366 1700 1
2366 1861 1
20 1747 1
20 2230 1
20 375 1
20 1696 1
2188 1703 1
2188 2147 1
2188 282 1
2188 782 1
1685 1831 1
1949 167 1
1949 459 1
1949 2308 1
1949 482 1
1949 1097 1
1949 1578 1
1949 1245 1
179 337 1
1515 2050 1
1849 2410 1
1849 634 1
119 1748 1
119 276 1
119 1119 1
119 1944 1
119 2245 1
119 1751 1
2288 2463 1
2288 182 1
2288 2448 1
2288 467 1
2288 1617 1
387 36 1
382 1377 1
382 2084 1
1927 437 1
1927 239 1
1927 830 1
1866 1165 1
1866 2208 1
2059 1173 1
479 69 1
334 399 1
334 356 1
1852 1788 1
577 1840 1
577 60 1
577 192 1
577 1577 1
577 395 1
577 597 1
577 1041 1
577 1381 1
577 2145 1
1762 1018 1
2459 314 1
2459 274 1
1419 1375 1
1419 1546 1
521 1422 1
521 1288 1
521 1701 1
521 1144 1
1552 442 1
1552 461 1
1552 1496 1
1552 2063 1
544 176 1
380 2120 1
270 1660 1
528 1991 1
352 1142 1
1063 593 1
1063 1010 1
1063 196 1
1063 2328 1
1063 1345 1
1247 1590 1
1247 1753 1
1247 1652 1
1247 1036 1
1905 1745 1
1905 1246 1
1905 1105 1
1905 907 1
1905 808 1
1905 2242 1
1905 1259 1
854 1607 1
854 851 1
854 1343 1
854 1990 1
854 693 1
854 1219 1
854 2152 1
854 1518 1
854 2058 1
854 2464 1
854 1897 1
854 309 1
854 331 1
854 1379 1
854 1271 1
854 1369 1
854 1879 1
854 1973 1
854 1069 1
854 2482 1
854 124 1
854 705 1
854 1416 1
854 804 1
854 910 1
533 1058 1
533 2422 1
1002 1936 1
1002 2107 1
1123 386 1
1123 2470 1
985 1943 1
1260 13 1
1260 1679 1
1260 1011 1
531 2425 1
531 254 1
2007 681 1
2007 2292 1
2007 2327 1
1289 977 1
1289 101 1
1289 1412 1
7 187 1
7 2134 1
7 2282 1
993 965 1
993 3 1
993 251 1
993 133 1
993 1201 1
1454 277 1
1469 552 1
1469 501 1
1469 828 1
734 1273 1
734 1326 1
1915 1140 1
2240 1248 1
2240 1713 1
2240 1687 1
2240 1508 1
2240 933 1
2240 1111 1
2240 564 1
2240 920 1
904 762 1
904 1302 1
904 1686 1
904 983 1
904 1060 1
904 485 1
904 1822 1
904 605 1
904 2003 1
904 760 1
904 571 1
904 936 1
904 2456 1
904 2485 1
904 1135 1
904 1489 1
904 1691 1
904 839 1
904 2164 1
904 1940 1
904 2037 1
904 1637 1
904 592 1
904 208 1
904 366 1
178 245 1
178 991 1
178 2304 1
178 683 1
178 1718 1
178 847 1
1912 1187 1
1912 2168 1
1912 905 1
1912 1449 1
2454 1378 1
886 1081 1
1128 2261 1
1980 1777 1
1980 1545 1
578 1776 1
2329 1071 1
2329 1583 1
2329 1663 1
2329 792 1
2329 1574 1
2091 1092 1
1894 1277 1
1894 887 1
1894 506 1
1894 1871 1
1894 723 1
1894 541 1
1894 1554 1
1894 2333 1
2392 1772 1
2392 1602 1
2392 1624 1
2392 218 1
1758 2275 1
645 2396 1
2225 1727 1
2225 1616 1
991 1735 1
991 1726 1
991 623 1
1216 326 1
1216 1670 1
1216 109 1
1013 757 1
374 1555 1
374 867 1
374 944 1
374 1491 1
374 1835 1
374 1062 1
374 357 1
374 720 1
374 123 1
374 627 1
406 1832 1
406 193 1
406 2270 1
406 23 1
406 263 1
406 706 1
2079 1149 1
2079 2026 1
1121 769 1
1121 2474 1
1741 1196 1
1741 701 1
1741 349 1
1741 555 1
1741 2372 1
1741 300 1
1741 2417 1
1946 1037 1
166 1846 1
166 2210 1
166 866 1
166 138 1
166 170 1
166 1770 1
166 1233 1
1749 1433 1
1749 2184 1
1749 1440 1
2227 2449 1
2227 1620 1
2227 2135 1
2227 1869 1
2227 114 1
487 2068 1
2266 2288 1
2266 2335 1
2266 994 1
1604 882 1
1530 2265 1
1530 2028 1
1530 1418 1
1530 1031 1
1530 2085 1
1530 2193 1
1530 2358 1
1527 492 1
1527 1903 1
1527 1702 1
34 126 1
1843 14 1
659 2004 1
659 1229 1
659 244 1
71 1672 1
71 942 1
1009 2174 1
1009 1244 1
1009 287 1
1009 70 1
1009 1565 1
1009 2315 1
816 1024 1
816 1719 1
816 1462 1
816 1266 1
816 1654 1
816 1439 1
816 612 1
816 1935 1
816 415 1
816 2221 1
816 2090 1
816 1213 1
816 2103 1
816 2066 1
1461 746 1
1461 411 1
1461 1470 1
1461 481 1
1461 1754 1
1461 661 1
1461 610 1
1461 1760 1
1461 1258 1
1461 1655 1
1461 1487 1
1461 1023 1
1461 972 1
2453 26 1
2453 449 1
1027 1045 1
1027 2361 1
1027 1712 1
1027 2102 1
1027 505 1
198 951 1
58 1482 1
58 1836 1
58 698 1
58 1722 1
58 1951 1
58 1151 1
512 1676 1
512 588 1
512 1599 1
512 1392 1
512 1501 1
512 1 1
658 105 1
658 2243 1
658 911 1
658 1849 1
658 1020 1
658 2030 1
658 1463 1
658 2181 1
658 1328 1
316 765 1
1264 1164 1
1694 1330 1
1694 2486 1
1694 1564 1
1694 2316 1
1694 1723 1
2258 566 1
2258 1520 1
2258 1800 1
2258 155 1
1472 591 1
1472 2348 1
1472 2407 1
1472 2258 1
1472 360 1
1472 662 1
1472 1906 1
1472 1504 1
1472 1728 1
1472 1408 1
2140 519 1
1177 1447 1
1177 2111 1
1177 93 1
1177 1139 1
1177 2144 1
1742 1704 1
2148 195 1
606 1351 1
1953 638 1
1953 347 1
1944 1697 1
1944 1621 1
1944 997 1
185 1803 1
185 666 1
185 1089 1
185 440 1
1640 1012 1
1640 1544 1
1640 2351 1
1640 345 1
438 147 1
1976 1901 1
1841 1319 1
1841 95 1
1841 1926 1
1841 19 1
1841 477 1
1841 230 1
1421 2162 1
1421 346 1
1421 303 1
1421 1410 1
1421 1150 1
1421 2099 1
1421 1784 1
1421 1197 1
745 1086 1
745 16 1
1970 739 1
543 1531 1
543 483 1
543 1750 1
543 1739 1
543 818 1
543 2339 1
1787 184 1
1895 1937 1
1324 1035 1
1324 617 1
1324 232 1
1324 2161 1
1324 2418 1
1324 92 1
1324 79 1
1324 228 1
1324 1794 1
1324 1678 1
1324 136 1
1324 2369 1
814 764 1
814 31 1
814 1029 1
814 373 1
814 1340 1
814 203 1
814 1895 1
814 2105 1
814 849 1
814 2080 1
717 365 1
717 1125 1
717 291 1
717 205 1
717 1260 1
717 639 1
717 1645 1
717 229 1
534 388 1
534 158 1
534 2032 1
534 958 1
534 2438 1
534 719 1
534 1765 1
534 374 1
534 816 1
534 130 1
534 988 1
534 1523 1
534 1300 1
534 2281 1
534 140 1
534 2357 1
534 98 1
534 154 1
534 1516 1
534 1505 1
1638 66 1
1638 695 1
1638 1692 1
988 1153 1
988 54 1
988 471 1
988 2300 1
2041 91 1
2041 12 1
1329 2310 1
1157 2166 1
1157 1309 1
1157 2285 1
1157 1014 1
1157 937 1
1157 1188 1
520 785 1
520 2010 1
1179 2388 1
2209 938 1
451 441 1
451 1222 1
452 128 1
494 1695 1
494 1087 1
494 1809 1
494 478 1
1642 547 1
336 279 1
336 1868 1
336 212 1
336 1095 1
564 1033 1
564 943 1
1304 1878 1
1304 2433 1
1304 1597 1
1304 1942 1
1304 757 1
1304 344 1
1304 1404 1
1304 1671 1
530 995 1
530 2073 1
530 281 1
2200 2043 1
2200 579 1
1226 424 1
1226 1801 1
1226 1979 1
1226 1166 1
2335 2379 1
2335 444 1
2335 2466 1
2335 407 1
2335 2289 1
2335 273 1
2335 1216 1
2335 969 1
2335 1874 1
2335 2160 1
2335 822 1
2335 2196 1
2335 1706 1
2335 1987 1
2061 2321 1
2061 275 1
2061 797 1
2061 1189 1
2061 470 1
2061 1384 1
2061 2249 1
2061 390 1
1072 861 1
1072 2320 1
1666 87 1
103 642 1
103 1371 1
317 1361 1
523 1182 1
327 104 1
327 1429 1
2141 2232 1
826 1242 1
826 1276 1
826 516 1
826 487 1
826 97 1
826 523 1
826 1814 1
826 368 1
826 27 1
826 1239 1
826 1174 1
826 2124 1
1605 2157 1
1605 1206 1
1605 1405 1
1691 2279 1
1691 900 1
1858 1282 1
736 1075 1
736 923 1
2187 285 1
2187 2397 1
200 2014 1
200 803 1
200 1022 1
200 1332 1
259 637 1
259 1320 1
259 1467 1
259 476 1
872 1752 1
872 518 1
872 1824 1
872 1539 1
872 243 1
872 225 1
872 589 1
872 503 1
872 1441 1
872 1720 1
1541 1971 1
2319 257 1
2386 2081 1
2386 1158 1
1667 641 1
1667 34 1
1667 1238 1
1667 249 1
1667 206 1
1804 1774 1
1804 2460 1
1804 1494 1
1804 2411 1
1804 2065 1
1804 1363 1
1804 2352 1
1804 2277 1
1150 1724 1
1150 35 1
1150 1890 1
1150 1130 1
1150 1626 1
1150 2253 1
1150 335 1
1150 1802 1
414 1146 1
414 1232 1
414 2046 1
414 2100 1
414 2180 1
567 2150 1
2164 1934 1
2164 1215 1
2164 939 1
2164 1974 1
2164 998 1
621 1466 1
168 964 1
85 1030 1
213 837 1
68 1257 1
68 1550 1
68 962 1
68 1310 1
1523 110 1
1523 1394 1
29 1335 1
29 857 1
29 221 1
29 1141 1
29 742 1
29 649 1
29 1524 1
29 1052 1
1300 1795 1
1300 2076 1
1000 689 1
1000 1207 1
1001 1200 1
1065 1618 1
467 2267 1
1034 835 1
656 474 1
656 1284 1
656 1902 1
191 2250 1
191 878 1
191 2012 1
2205 1016 1
2020 258 1
2020 2054 1
2222 1297 1
2222 2051 1
2222 781 1
2222 779 1
2222 2119 1
2222 1318 1
1780 1180 1
1780 82 1
1780 667 1
1780 852 1
1780 1513 1
1780 115 1
1780 2371 1
1780 2291 1
1780 511 1
1780 1333 1
1780 1298 1
1780 2457 1
1780 1265 1
1780 2287 1
1780 1313 1
1780 462 1
1780 2405 1
1780 2235 1
1780 2128 1
1780 2088 1
1131 2343 1
2380 604 1
1327 468 1
1178 1296 1
2375 2040 1
2375 2293 1
795 1488 1
795 2478 1
795 2255 1
2381 960 1
2381 1668 1
1521 2399 1
1521 480 1
1521 171 1
1521 1634 1
1521 665 1
1521 84 1
1521 2205 1
1521 1234 1
1521 1857 1
1521 1231 1
1521 1967 1
1521 640 1
2367 1636 1
2186 1007 1
2186 585 1
2186 2194 1
2186 157 1
2055 1721 1
2055 1932 1
2055 1091 1
2055 1986 1
2055 1855 1
2067 2263 1
2067 930 1
2067 2175 1
2067 1955 1
2067 630 1
2067 2213 1
2067 1226 1
2067 2233 1
2067 817 1
2067 2064 1
2067 784 1
2067 540 1
2067 1019 1
2067 2284 1
574 2098 1
1415 1262 1
1415 1877 1
1495 1959 1
1495 94 1
1495 777 1
1495 1301 1
1495 1536 1
1495 925 1
926 57 1
926 393 1
646 47 1
793 2301 1
793 1080 1
793 1614 1
793 1121 1
793 425 1
793 2376 1
793 1307 1
793 466 1
793 2008 1
1383 6 1
1383 2323 1
1383 1893 1
1383 1881 1
1383 1070 1
1383 73 1
1383 261 1
1383 807 1
1383 858 1
443 2153 1
1102 2035 1
1102 1688 1
1102 1797 1
1203 1486 1
1203 59 1
1203 1646 1
1203 716 1
1203 1115 1
1203 2190 1
684 1074 1
684 1177 1
684 1913 1
684 2317 1
243 143 1
1337 209 1
1337 2106 1
1337 343 1
685 199 1
963 768 1
963 1054 1
963 776 1
950 311 1
950 1822 1
950 509 1
950 1916 1
1305 507 1
1678 459 1
1678 1567 1
2201 207 1
2201 1978 1
2264 934 1
1598 767 1
973 2446 1
973 556 1
973 1163 1
973 1598 1
973 827 1
973 363 1
1214 310 1
1214 1409 1
1214 265 1
1214 211 1
90 1083 1
1693 1889 1
1693 1641 1
1693 801 1
1438 162 1
1438 1961 1
286 2306 1
149 1773 1
149 1609 1
149 2136 1
149 558 1
149 580 1
2217 1353 1
2217 2121 1
2217 809 1
2217 527 1
2217 1370 1
2217 1768 1
2217 1430 1
2217 1810 1
2217 323 1
2027 897 1
426 1563 1
426 404 1
426 744 1
2318 1673 1
2356 1362 1
2356 928 1
2356 714 1
2356 961 1
1896 651 1
1896 2206 1
1896 1606 1
1896 63 1
1796 148 1
1413 2002 1
1439 2023 1
2387 952 1
2387 1390 1
2387 28 1
2387 307 1
2387 532 1
1427 2450 1
1427 1315 1
1427 237 1
1427 601 1
431 787 1
431 635 1
1888 940 1
1888 500 1
1888 1532 1
429 1249 1
738 308 1
140 304 1
140 266 1
140 670 1
140 812 1
140 37 1
140 1198 1
140 1137 1
140 1677 1
140 1490 1
140 1601 1
140 80 1
140 1866 1
140 2 1
140 1742 1
140 1492 1
140 1709 1
140 1152 1
140 191 1
140 2256 1
140 1746 1
140 1032 1
140 2224 1
140 1627 1
140 10 1
140 2173 1
140 676 1
140 1293 1
140 2077 1
140 1286 1
140 1923 1
76 1542 1
76 1435 1
76 1143 1
2100 153 1
2100 1279 1
2100 947 1
2100 156 1
1385 1107 1
1059 1914 1
1059 1057 1
1059 2307 1
499 2118 1
981 1996 1
457 789 1
457 2387 1
1571 1147 1
1571 2238 1
510 2480 1
827 1338 1
417 1138 1
417 1066 1
417 1493 1
417 1397 1
417 2472 1
417 1594 1
2317 1241 1
2317 1434 1
2317 1388 1
1960 1525 1
1960 2040 1
1960 1540 1
1960 504 1
1960 1283 1
1960 1499 1
1960 1275 1
607 1042 1
1217 2374 1
1217 753 1
2426 1592 1
953 1662 1
953 773 1
953 1543 1
953 2216 1
1635 173 1
1635 2473 1
1635 737 1
1635 1638 1
1635 974 1
1635 233 1
1635 959 1
1635 1432 1
1109 1850 1
86 1046 1
86 2377 1
86 489 1
86 2231 1
86 150 1
86 1028 1
1208 536 1
1941 297 1
1941 1730 1
1941 2413 1
1941 1304 1
1941 1465 1
1941 1506 1
1941 2055 1
1941 1808 1
1941 475 1
1941 1093 1
1941 524 1
1941 1220 1
1941 2344 1
1941 2031 1
2074 1844 1
1807 876 1
1807 108 1
1807 1908 1
118 2432 1
118 2072 1
301 643 1
601 315 1
601 2052 1
601 2364 1
2353 1764 1
2353 1414 1
2353 1827 1
2353 989 1
2353 2434 1
2353 1192 1
2353 732 1
2357 708 1
672 1204 1
2171 690 1
2171 1588 1
2171 2442 1
2171 1984 1
2171 2033 1
2171 1171 1
2171 2108 1
1312 1129 1
1312 1664 1
1312 1743 1
1312 2354 1
1312 1907 1
1312 1236 1
1312 396 1
1312 871 1
1312 975 1
2268 1717 1
2268 455 1
2390 223 1
1325 322 1
2315 2430 1
845 125 1
124 966 1
853 1175 1
1376 2109 1
1376 284 1
1376 216 1
1376 25 1
1376 750 1
1376 1400 1
1376 1595 1
1376 825 1
1376 1267 1
1376 1997 1
1376 398 1
1376 2113 1
1376 1568 1
1376 2456 1
1376 904 1
1376 596 1
1376 550 1
1376 950 1
1376 1214 1
1376 338 1
1376 888 1
1376 1112 1
1067 1101 1
1067 582 1
1067 456 1
1067 884 1
1067 1285 1
1067 1766 1
1067 1584 1
1067 1775 1
1067 246 1
1067 1622 1
1067 2381 1
1067 2462 1
1067 1431 1
1684 1303 1
729 103 1
729 376 1
2423 238 1
2423 1529 1
2224 1442 1
302 235 1
1496 735 1
1496 545 1
1496 1826 1
1496 1250 1
1496 2070 1
1496 1957 1
895 2280 1
895 1898 1
895 1322 1
895 2297 1
1864 632 1
1864 2393 1
1864 214 1
1864 970 1
1864 1734 1
1864 1981 1
1864 1741 1
1864 862 1
1864 1387 1
782 2095 1
782 1476 1
1023 686 1
1509 1674 1
1509 1884 1
1509 2047 1
1705 819 1
1705 1681 1
1705 1391 1
1705 2127 1
1705 1853 1
1207 392 1
2185 968 1
2185 1975 1
2185 1117 1
2185 174 1
2185 1939 1
197 2123 1
197 1830 1
197 1582 1
197 2082 1
197 1812 1
197 544 1
197 1063 1
197 1880 1
197 976 1
197 253 1
197 741 1
197 1168 1
197 278 1
154 1263 1
154 1407 1
154 68 1
154 86 1
154 672 1
154 1862 1
2083 1134 1
1221 987 1
1221 288 1
798 841 1
1441 1799 1
1441 64 1
1441 56 1
1441 2001 1
1441 224 1
804 1834 1
102 1350 1
102 1170 1
102 2034 1
1615 2341 1
1615 2062 1
1387 539 1
1387 1104 1
1387 318 1
586 2286 1
1270 664 1
1270 726 1
2297 1643 1
1558 255 1
1558 709 1
1558 2048 1
1558 560 1
1558 631 1
1558 999 1
1558 1025 1
1558 2141 1
1558 853 1
1558 761 1
2468 1875 1
2468 715 1
2088 2211 1
1098 2283 1
1098 52 1
1098 2332 1
1098 590 1
1098 169 1
1098 620 1
1098 1247 1
1098 166 1
1098 1530 1
1098 40 1
1098 530 1
1098 1072 1
1098 2169 1
1098 1780 1
1098 2382 1
1098 1102 1
1098 684 1
1098 2271 1
1098 2429 1
1098 874 1
1098 1325 1
1924 1573 1
1166 1295 1
2431 1538 1
2431 1625 1
2017 1006 1
676 595 1
676 361 1
850 2165 1
850 435 1
850 1928 1
366 1269 1
366 1819 1
366 677 1
770 359 1
770 949 1
770 2260 1
1528 1904 1
2234 1562 1
2234 1116 1
2234 800 1
2234 1854 1
2077 918 1
2077 38 1
165 570 1
165 1079 1
165 42 1
1628 2251 1
1628 1118 1
1628 657 1
1933 1230 1
1933 1952 1
1933 2412 1
1933 1755 1
45 616 1
1347 1187 1
1347 583 1
1892 172 1
1892 1473 1
1892 879 1
1892 1653 1
1892 725 1
2132 2195 1
2132 41 1
2132 180 1
351 2477 1
351 1954 1
351 379 1
121 353 1
121 1925 1
121 1194 1
121 602 1
121 1021 1
121 1976 1
121 679 1
121 2218 1
554 883 1
1647 1736 1
1647 568 1
975 367 1
975 740 1
1728 403 1
1728 1825 1
1728 542 1
1728 2039 1
1623 2075 1
1623 289 1
1623 432 1
1623 929 1
1623 806 1
1623 1900 1
1623 1218 1
1623 2455 1
134 1779 1
134 704 1
42 1445 1
363 96 1
1811 2342 1
1811 2086 1
465 1403 1
465 2427 1
465 615 1
272 2311 1
272 2244 1
272 226 1
272 673 1
1855 1281 1
1855 2272 1
1855 498 1
663 1154 1
1052 1401 1
831 1569 1
831 1015 1
831 1882 1
831 2454 1
831 1603 1
831 1341 1
1833 1468 1
2133 598 1
2133 1458 1
2133 1425 1
2133 1291 1
2133 749 1
2133 436 1
2133 17 1
910 2104 1
910 1689 1
910 1223 1
2197 2445 1
2197 329 1
2197 434 1
2197 11 1
2197 2368 1
2197 1292 1
548 916 1
548 463 1
1255 1714 1
1255 730 1
1255 1268 1
1255 1044 1
1255 1580 1
1964 1644 1
775 652 1
775 833 1
278 1756 1
278 490 1
278 2391 1
278 697 1
1987 260 1
1987 832 1
538 119 1
538 1034 1
2124 2125 1
2124 106 1
2124 628 1
2092 1358 1
2092 1876 1
2092 2483 1
2092 1389 1
2092 1484 1
721 1339 1
2302 2404 1
2302 2139 1
2302 412 1
2302 608 1
2302 796 1
2302 2056 1
2302 1917 1
841 713 1
841 1683 1
841 1887 1
841 908 1
841 1927 1
841 2294 1
841 2350 1
841 2225 1
841 1694 1
841 2013 1
841 127 1
841 963 1
841 738 1
841 242 1
841 183 1
841 1005 1
841 1867 1
1209 982 1
1209 2298 1
1209 1958 1
1209 43 1
1209 2096 1
1471 89 1
1471 2246 1
1471 2069 1
1471 957 1
1471 1393 1
1471 1160 1
860 915 1
860 454 1
1632 460 1
1632 1732 1
1632 2458 1
1632 151 1
1723 2192 1
1723 1013 1
1723 599 1
1505 325 1
1505 1243 1
1505 2409 1
1505 339 1
1505 1781 1
1505 924 1
1505 15 1
1505 1049 1
1891 1798 1
1891 955 1
1891 21 1
1891 2115 1
1891 1860 1
1891 2415 1
1891 1355 1
1891 1103 1
1891 1519 1
1891 752 1
1891 414 1
1891 1793 1
1891 1707 1
1891 65 1
1891 2257 1
754 1053 1
754 1948 1
726 1725 1
1930 48 1
1930 2436 1
1930 658 1
1930 447 1
312 751 1
312 1055 1
312 584 1
1816 1321 1
2045 1502 1
1185 2189 1
1185 264 1
2011 1842 1
1947 175 1
