1392 2676 1
1392 395 1
1392 321 1
1392 2089 1
1392 1658 1
1392 3199 1
1392 771 1
1392 1847 1
1392 2935 1
1392 1944 1
1392 3223 1
1392 919 1
1392 2891 1
1392 2309 1
315 2678 1
2857 1983 1
2857 465 1
2857 1387 1
2857 1368 1
2857 1181 1
2857 199 1
2857 59 1
2857 1750 1
2857 3083 1
2857 2536 1
2857 961 1
3257 1430 1
1932 2839 1
1932 820 1
1932 137 1
1932 2726 1
1932 99 1
1932 2818 1
1932 1745 1
3381 3261 1
3381 208 1
3381 2582 1
3381 464 1
1249 2685 1
1249 2517 1
1249 1703 1
1249 672 1
1249 2301 1
1249 175 1
1249 2282 1
1249 387 1
3297 1379 1
3297 3508 1
3297 3285 1
3297 746 1
1076 2278 1
1076 2260 1
1076 2413 1
1076 3146 1
1231 2522 1
1231 409 1
1231 679 1
1231 1075 1
1231 1606 1
1231 1785 1
1231 614 1
1231 786 1
1231 803 1
1231 1971 1
2924 1702 1
2924 335 1
182 1377 1
182 2190 1
812 895 1
812 1127 1
812 2580 1
2122 1052 1
2122 875 1
2228 1103 1
2228 2322 1
2228 1154 1
2228 867 1
2228 725 1
2228 2861 1
1550 809 1
1550 1197 1
1550 1991 1
1550 1313 1
1550 2981 1
1550 2219 1
1550 508 1
1550 1639 1
1550 613 1
1550 3058 1
1550 2950 1
1550 765 1
1550 2015 1
171 1189 1
171 1804 1
171 2922 1
171 1245 1
171 2424 1
171 2854 1
171 1138 1
171 1493 1
171 2703 1
171 261 1
171 2535 1
171 1240 1
171 704 1
171 1388 1
171 317 1
171 2993 1
171 900 1
171 2504 1
171 1590 1
171 154 1
171 3233 1
171 327 1
171 3151 1
171 2415 1
171 977 1
171 239 1
171 2605 1
171 400 1
1016 1858 1
1016 1987 1
1016 2586 1
1016 1567 1
1016 607 1
1016 2541 1
1016 1170 1
2549 2868 1
2549 1953 1
1749 514 1
3126 62 1
3126 2852 1
3126 343 1
3126 161 1
2171 466 1
2171 2728 1
1491 2053 1
1491 841 1
1491 2343 1
1491 3361 1
1491 2041 1
1491 1547 1
1491 410 1
1491 2060 1
1491 2825 1
1116 2680 1
1116 2106 1
1116 549 1
1116 802 1
1116 2445 1
1116 619 1
1836 32 1
1836 2747 1
1936 611 1
1936 2983 1
1936 1495 1
1936 3282 1
1690 2897 1
1690 565 1
1690 2860 1
1690 2284 1
1690 2174 1
1690 816 1
2819 192 1
2819 2207 1
2819 388 1
2819 2892 1
2819 3337 1
2819 3116 1
3142 2700 1
3142 3178 1
3142 3167 1
3142 1374 1
3121 1320 1
3121 2215 1
1915 3158 1
1915 1398 1
1915 3395 1
1915 3320 1
1915 1304 1
1915 1425 1
1915 1617 1
1422 1820 1
1653 2665 1
1653 651 1
1653 2896 1
1653 3165 1
1653 2328 1
1653 284 1
1653 1060 1
1653 2242 1
1653 486 1
1653 65 1
1653 542 1
1653 2098 1
1653 2584 1
1653 2853 1
1653 1021 1
1653 3214 1
1653 805 1
1653 204 1
1653 641 1
1653 1777 1
1653 3152 1
1653 1109 1
1653 1394 1
1653 340 1
543 928 1
543 698 1
2090 3249 1
245 98 1
1633 1894 1
1633 2965 1
3220 814 1
3220 2138 1
1265 2416 1
850 3168 1
850 3348 1
173 1914 1
173 2947 1
173 2675 1
173 376 1
173 2749 1
173 1574 1
173 3183 1
173 2003 1
173 1734 1
173 3074 1
173 1978 1
173 1420 1
173 585 1
173 2621 1
173 2039 1
173 369 1
173 2262 1
627 2762 1
627 3109 1
627 2065 1
627 454 1
627 1456 1
627 1494 1
627 2866 1
627 2977 1
627 2511 1
627 1913 1
627 2641 1
627 695 1
627 1432 1
627 3327 1
3369 2532 1
3369 1596 1
3369 880 1
3369 1365 1
396 842 1
396 436 1
396 405 1
396 499 1
396 3271 1
396 537 1
396 774 1
396 302 1
396 1100 1
396 516 1
396 1465 1
3301 2903 1
793 1358 1
793 1549 1
793 2741 1
793 2146 1
793 2400 1
793 2509 1
793 1084 1
793 2763 1
793 2360 1
793 546 1
793 865 1
1193 557 1
3137 1840 1
3137 2508 1
3137 1340 1
3137 331 1
3390 3210 1
3390 3030 1
3390 650 1
3527 2152 1
2926 953 1
2926 2567 1
2926 2306 1
2926 1131 1
2926 235 1
2926 2500 1
2926 449 1
2926 1011 1
2926 2202 1
2926 3086 1
3379 822 1
3379 2396 1
3379 3155 1
3379 1720 1
3379 3136 1
3190 1194 1
3190 980 1
3190 2281 1
743 347 1
2481 2764 1
2481 745 1
2481 1292 1
2481 3169 1
2481 2939 1
2481 713 1
2481 3200 1
2481 1523 1
2481 429 1
2481 2668 1
2481 116 1
2481 1904 1
2481 1986 1
2481 2671 1
2481 645 1
2481 1159 1
1598 3054 1
1598 2836 1
1598 1578 1
1598 1673 1
1598 2034 1
1598 286 1
1520 2398 1
1520 916 1
1520 2523 1
2952 240 1
2952 408 1
1940 2652 1
1940 84 1
2254 735 1
2254 3508 1
2254 2050 1
2254 3285 1
249 2399 1
249 2753 1
249 1791 1
249 982 1
249 2067 1
249 479 1
249 1042 1
249 671 1
249 1638 1
2771 1088 1
2940 2583 1
2940 2674 1
2940 3127 1
1676 567 1
842 2783 1
3070 3150 1
3070 3149 1
3070 1771 1
3070 2391 1
3070 1628 1
3070 2672 1
3070 2696 1
3070 1637 1
3070 2548 1
3070 188 1
3070 1846 1
3070 2784 1
3070 1844 1
3070 2994 1
3070 914 1
3070 703 1
3070 2177 1
3070 824 1
3070 3436 1
2302 599 1
2302 2363 1
2302 3318 1
24 889 1
24 2988 1
24 2073 1
24 2507 1
24 277 1
24 2436 1
24 2581 1
24 2776 1
1782 2251 1
1782 1957 1
356 3487 1
356 3133 1
356 2182 1
356 764 1
356 744 1
356 2714 1
3479 936 1
3479 3172 1
3479 1204 1
1822 2609 1
1822 559 1
2568 1508 1
2568 2759 1
2568 560 1
2568 1742 1
2568 2969 1
2568 1004 1
2568 3060 1
2568 2271 1
2568 2082 1
2568 2345 1
2568 2232 1
1380 417 1
1380 1854 1
1380 3180 1
1380 3313 1
1380 430 1
1380 2740 1
1380 2878 1
1380 528 1
1380 2439 1
1380 1476 1
1250 2492 1
1250 1712 1
43 1277 1
43 724 1
43 3229 1
43 2894 1
43 1401 1
3044 1545 1
3044 1414 1
355 2644 1
355 184 1
355 731 1
3365 53 1
3365 3465 1
3365 3067 1
3365 2191 1
3365 1630 1
3365 201 1
808 3330 1
1881 2070 1
1582 199 1
203 2373 1
203 3529 1
203 3519 1
203 1767 1
203 3084 1
203 2128 1
203 526 1
203 1132 1
3122 517 1
2821 3256 1
2821 2701 1
2821 2029 1
2821 2606 1
2821 2193 1
219 2286 1
219 2802 1
219 1062 1
219 3073 1
219 1081 1
219 3404 1
219 2991 1
219 1557 1
219 609 1
219 3128 1
3310 40 1
3310 657 1
3176 1382 1
3176 1594 1
3176 333 1
3176 39 1
3176 1833 1
3176 2525 1
3176 518 1
3176 1091 1
1424 2105 1
1424 1317 1
1424 103 1
1424 41 1
2929 3029 1
2929 2615 1
2929 334 1
2929 3203 1
2929 407 1
2929 270 1
2929 1583 1
2929 1361 1
2929 3386 1
2929 1765 1
2929 2376 1
954 2144 1
954 2585 1
954 1356 1
954 3031 1
954 902 1
954 3407 1
1059 79 1
1059 3338 1
1059 3417 1
909 974 1
909 1125 1
1202 1675 1
1202 307 1
1202 2329 1
1202 2123 1
1202 2777 1
1202 3140 1
1202 965 1
519 705 1
519 3415 1
1825 1213 1
1825 780 1
1825 2904 1
1825 2551 1
1825 3022 1
1825 1976 1
1005 1480 1
1005 811 1
1005 3336 1
1005 1851 1
1005 728 1
1005 2392 1
1005 2813 1
1005 2173 1
1005 1696 1
1005 193 1
1005 2361 1
1005 1708 1
1005 1035 1
1005 708 1
3378 2942 1
3378 14 1
2990 3368 1
2990 1455 1
2990 2057 1
2990 1298 1
2990 186 1
2990 1061 1
2990 1290 1
849 2466 1
849 2013 1
849 3483 1
1377 3518 1
1377 57 1
1377 1524 1
3523 716 1
3523 1569 1
3523 1716 1
3523 2349 1
3523 2594 1
3523 1123 1
3523 1654 1
3523 3114 1
3523 143 1
3523 220 1
3523 1539 1
3523 5 1
2025 3138 1
2025 3331 1
2025 1135 1
2025 1666 1
2025 3364 1
2025 1554 1
2025 2865 1
2480 3206 1
3005 1418 1
3005 2040 1
1460 2856 1
1460 1643 1
1460 1102 1
1460 176 1
1460 2831 1
1460 3217 1
667 1593 1
667 1768 1
667 3477 1
667 3198 1
667 386 1
667 2499 1
667 3352 1
667 328 1
667 792 1
667 3185 1
667 3345 1
2515 1984 1
2515 532 1
2515 82 1
2515 2131 1
2515 301 1
2515 3319 1
2515 2710 1
2515 656 1
2515 658 1
2515 2555 1
2515 363 1
2515 2323 1
2515 1502 1
2515 3392 1
2515 2872 1
2515 1999 1
2515 2026 1
2486 1323 1
2486 3383 1
2486 726 1
3009 1602 1
514 410 1
514 993 1
514 2165 1
514 337 1
514 444 1
603 849 1
603 2563 1
603 1241 1
603 2743 1
603 2629 1
1351 535 1
1351 1561 1
1351 951 1
1351 2265 1
1351 2843 1
1351 2826 1
1351 770 1
1351 2874 1
2208 818 1
1624 2617 1
1624 2840 1
1624 794 1
1624 2899 1
1624 3033 1
493 462 1
493 2591 1
3034 2811 1
3034 3524 1
3034 2408 1
3034 3278 1
3034 626 1
3034 3003 1
3034 1077 1
3034 1314 1
1916 3148 1
1916 3181 1
1916 2473 1
1916 1481 1
1916 3444 1
1916 1023 1
1916 756 1
2927 2771 1
2927 3495 1
2927 1261 1
2927 1150 1
918 3101 1
918 2858 1
2970 1278 1
2970 2422 1
2970 3500 1
2970 1257 1
2970 329 1
2970 1985 1
2786 22 1
2786 1015 1
2786 3309 1
978 720 1
978 1439 1
1946 2549 1
1946 1402 1
1946 3270 1
1946 2313 1
1946 871 1
1946 2222 1
1946 129 1
74 1677 1
74 1897 1
74 1719 1
2108 1198 1
2108 3291 1
2347 808 1
2347 972 1
2347 2044 1
2347 2484 1
2347 2317 1
2347 1597 1
2347 455 1
2347 2118 1
2347 2653 1
2347 2096 1
2347 1587 1
2347 629 1
2347 1027 1
1878 2932 1
3235 2716 1
453 2644 1
2739 638 1
501 2035 1
501 612 1
501 3464 1
501 1279 1
501 3093 1
1834 2417 1
1834 73 1
1834 1994 1
1834 3426 1
1834 3384 1
1834 1942 1
1834 1032 1
1834 2982 1
2240 800 1
2567 104 1
2567 513 1
3339 2502 1
3339 2028 1
3339 733 1
3339 1349 1
3339 2905 1
3339 1303 1
3339 3153 1
3339 3409 1
3339 108 1
3339 714 1
3118 2542 1
3299 177 1
3451 2374 1
1300 263 1
1300 2870 1
1300 2364 1
1300 1778 1
1300 3201 1
1300 185 1
1300 3398 1
2971 283 1
2971 2717 1
2971 795 1
2178 1961 1
2178 1163 1
2178 1448 1
2178 2859 1
3340 931 1
3340 2812 1
3340 1874 1
3340 2248 1
1228 1106 1
1228 588 1
1228 2367 1
1228 160 1
1228 2588 1
1228 2168 1
1228 1315 1
1228 3025 1
1228 834 1
1228 3516 1
1228 1089 1
1228 1972 1
1228 1350 1
1239 3090 1
1239 128 1
1239 2900 1
1239 411 1
1239 2649 1
1239 95 1
1239 2238 1
1239 2630 1
1239 243 1
1239 1366 1
1239 1994 1
1239 2229 1
1239 332 1
1239 265 1
1239 687 1
1239 711 1
1239 2101 1
1239 496 1
1239 88 1
1239 441 1
1239 3170 1
1532 3347 1
1532 1114 1
1532 575 1
1532 3227 1
1532 2664 1
1532 2008 1
1532 2142 1
561 1770 1
561 3447 1
561 1496 1
561 2679 1
561 105 1
561 2355 1
561 1852 1
638 2694 1
638 221 1
638 1217 1
638 200 1
677 2907 1
677 1345 1
677 2403 1
677 3389 1
677 1693 1
677 2593 1
677 227 1
2715 2961 1
2662 3257 1
2662 1915 1
2662 365 1
2662 512 1
2662 3449 1
2662 1209 1
2662 2661 1
2662 97 1
2662 3111 1
2662 1078 1
2662 2012 1
2662 964 1
1529 1009 1
2418 3333 1
1362 1783 1
1362 1485 1
1362 325 1
1362 1947 1
1362 2556 1
1362 2610 1
1362 1426 1
1809 2957 1
1809 1461 1
1809 467 1
1809 1459 1
1809 394 1
1809 1895 1
1809 3423 1
1809 1715 1
1809 3095 1
1809 480 1
1577 1516 1
2125 1704 1
2125 2725 1
2125 2474 1
2125 1155 1
1164 2697 1
2375 3234 1
2375 1572 1
2375 1258 1
2385 2010 1
2385 1445 1
2385 2972 1
2666 584 1
2666 1887 1
2666 1354 1
2666 2955 1
1603 778 1
1603 8 1
2881 2539 1
2881 3450 1
2881 2809 1
2881 920 1
1670 1823 1
2651 3522 1
2651 2914 1
2651 1208 1
1537 529 1
1537 2369 1
1537 3281 1
1537 1451 1
662 3106 1
662 1625 1
662 2578 1
662 837 1
2791 2518 1
2791 2395 1
2526 959 1
2526 158 1
2526 367 1
2634 2688 1
2634 2712 1
2634 1184 1
2634 1325 1
1112 543 1
1112 2920 1
1112 621 1
1112 696 1
1112 582 1
1112 2423 1
1112 2496 1
1112 3211 1
1112 2855 1
1112 3334 1
1112 3424 1
1112 1373 1
1835 1227 1
2377 3427 1
2377 1167 1
2377 628 1
2377 737 1
2377 1813 1
2377 273 1
2377 1066 1
2377 1017 1
2377 3269 1
905 1207 1
905 75 1
905 1764 1
905 166 1
905 1631 1
905 224 1
905 1560 1
1926 998 1
1926 1433 1
1926 1632 1
2607 2667 1
1295 1968 1
1295 2964 1
2663 2362 1
2663 2454 1
2663 1959 1
2663 11 1
2663 1601 1
1224 2407 1
1224 2996 1
1224 2263 1
1224 1573 1
678 917 1
678 1553 1
678 362 1
678 319 1
678 2414 1
678 1397 1
678 682 1
678 134 1
1266 1484 1
1266 734 1
1266 1786 1
1266 1671 1
1266 2321 1
1266 3154 1
2873 1152 1
2873 1367 1
2873 719 1
2873 2841 1
2873 2344 1
727 1867 1
2514 1932 1
2514 1267 1
2514 2761 1
2514 1918 1
2514 2625 1
2514 1463 1
2514 2918 1
2514 646 1
2514 1604 1
2514 2985 1
2514 1796 1
2514 1478 1
2514 636 1
2514 3103 1
2514 294 1
2514 666 1
2390 1680 1
2390 573 1
2390 274 1
2390 2285 1
2390 1453 1
2390 2934 1
2639 1662 1
2639 303 1
2639 3414 1
2639 381 1
2639 244 1
1618 2917 1
2459 1684 1
2459 806 1
2459 2820 1
1640 633 1
1640 1273 1
1640 3108 1
1640 385 1
1640 742 1
1640 2723 1
1640 1192 1
1640 3171 1
1640 1519 1
1640 1600 1
1611 1891 1
1611 2952 1
1611 3365 1
1611 2014 1
1611 1509 1
1611 1588 1
1611 1344 1
1611 1347 1
1611 864 1
1611 3204 1
1611 2766 1
1611 483 1
1611 1571 1
1243 1113 1
1243 3071 1
1243 3045 1
1243 292 1
1243 2133 1
1243 1383 1
2759 2253 1
2759 1435 1
2759 3294 1
2759 2332 1
2759 189 1
2759 3068 1
3193 2194 1
3193 2622 1
3193 2188 1
3193 1466 1
3193 3088 1
3193 2800 1
3193 1685 1
3193 1110 1
3193 2577 1
3193 2799 1
3193 2258 1
3193 3236 1
3193 3492 1
3193 2612 1
3193 2365 1
3193 3470 1
3193 2427 1
3193 2483 1
3193 2304 1
3193 3355 1
3193 2440 1
3193 380 1
3193 2331 1
3193 2074 1
3193 3050 1
3193 1841 1
3193 777 1
3193 112 1
3193 1868 1
2078 1338 1
2078 2589 1
2078 2076 1
2078 378 1
2078 2005 1
2078 3173 1
503 2620 1
503 3467 1
503 1171 1
503 523 1
503 397 1
503 393 1
503 2901 1
503 2027 1
503 2365 1
503 2449 1
503 2767 1
503 1729 1
3466 262 1
3466 2153 1
3466 1752 1
3466 605 1
3466 3186 1
3466 1467 1
1501 3056 1
1501 2110 1
533 344 1
533 2357 1
533 1705 1
533 1998 1
533 1585 1
499 490 1
499 1899 1
499 130 1
499 1709 1
499 1326 1
499 2198 1
1261 2533 1
1918 1105 1
828 913 1
3433 3284 1
3433 635 1
3433 738 1
3433 3091 1
3433 1321 1
3433 2172 1
85 3490 1
85 2303 1
85 1522 1
85 2099 1
85 3322 1
85 3295 1
85 3018 1
85 3335 1
85 132 1
85 190 1
85 2239 1
85 1655 1
85 2807 1
85 1028 1
85 1230 1
3109 1975 1
3109 1610 1
3109 1049 1
534 583 1
2255 3484 1
2255 1276 1
2255 3193 1
2255 2083 1
2255 829 1
2255 3441 1
2255 3393 1
2255 2845 1
2255 1612 1
2255 3468 1
2255 1145 1
2255 3147 1
2255 1057 1
2255 2047 1
2255 1288 1
2255 1335 1
2838 3063 1
2838 3137 1
2838 2908 1
2838 1324 1
2838 3421 1
2838 550 1
2838 2126 1
2838 3164 1
2838 448 1
2838 544 1
2838 2817 1
2838 2412 1
2838 179 1
2838 524 1
2838 957 1
2838 3528 1
2838 762 1
2838 3429 1
2838 1122 1
2838 2446 1
2838 1043 1
2838 418 1
2838 1492 1
2022 1244 1
2022 2091 1
2022 1479 1
2022 17 1
2022 2266 1
2022 357 1
2022 1186 1
1443 1218 1
1443 2183 1
1443 1902 1
1443 1773 1
3071 3129 1
3071 1232 1
3071 2814 1
1586 2742 1
431 2677 1
1209 1892 1
1209 823 1
1209 2469 1
1209 264 1
1209 1177 1
1209 1078 1
1209 2987 1
1209 279 1
2521 3262 1
2521 1905 1
2521 2294 1
2521 3117 1
1853 351 1
1853 2223 1
178 2842 1
2792 899 1
2792 3044 1
2792 1686 1
2792 1809 1
2792 1751 1
2792 604 1
2792 3016 1
2792 2727 1
2792 3517 1
2792 1256 1
2792 2547 1
2792 3011 1
2792 848 1
2792 1665 1
1591 1225 1
1591 1644 1
1591 2267 1
354 2497 1
354 3510 1
354 3382 1
827 2176 1
827 1697 1
827 2030 1
827 1989 1
2410 2181 1
2410 1738 1
2410 572 1
1247 1863 1
1247 1117 1
1247 686 1
1247 432 1
1247 807 1
1247 3061 1
1247 2830 1
1247 578 1
806 156 1
2570 2775 1
473 2169 1
473 992 1
2089 873 1
2089 3051 1
2089 2660 1
2089 81 1
1652 3122 1
1652 2693 1
1652 3505 1
1652 2256 1
1652 2441 1
1652 517 1
1652 401 1
1652 2574 1
1536 1130 1
1536 2069 1
1536 1376 1
1536 3077 1
1855 669 1
1855 228 1
1855 854 1
1855 991 1
1855 120 1
1855 2724 1
972 1869 1
972 1861 1
972 194 1
3496 598 1
3496 1821 1
1014 1862 1
1014 2316 1
1014 1737 1
2318 1614 1
2318 422 1
2318 2851 1
2318 838 1
2318 382 1
2318 446 1
2318 2054 1
2318 3110 1
2318 2657 1
2318 1462 1
2318 1259 1
2318 3445 1
2318 3394 1
2318 2911 1
2318 1910 1
2318 1505 1
2318 2340 1
2318 1565 1
2318 34 1
2318 139 1
1681 423 1
1681 242 1
3452 2250 1
1845 1907 1
1845 1371 1
1845 477 1
1845 1341 1
1845 601 1
1845 2231 1
1845 460 1
1845 1166 1
1845 1153 1
1845 832 1
1845 1977 1
1845 106 1
880 969 1
880 2465 1
880 1692 1
880 2210 1
880 1576 1
880 890 1
880 940 1
880 1140 1
880 2966 1
2018 2933 1
2018 668 1
2018 1727 1
2018 1966 1
2018 9 1
2018 615 1
2018 870 1
2018 1700 1
2018 3434 1
2637 56 1
2637 2139 1
2637 352 1
2637 90 1
2637 3081 1
2781 2937 1
3133 2120 1
3133 1404 1
947 1818 1
947 855 1
947 2846 1
947 3046 1
2270 653 1
2270 1434 1
2270 616 1
2270 484 1
2270 2274 1
2270 3442 1
2270 2793 1
2270 1221 1
2270 2686 1
2270 3287 1
576 2447 1
576 2056 1
2563 1879 1
2563 989 1
2563 2973 1
2563 3216 1
1154 1711 1
2203 2156 1
2203 169 1
2203 1713 1
1115 3102 1
2109 350 1
2109 1744 1
2951 63 1
3164 2626 1
3164 2709 1
3164 2953 1
3164 600 1
3164 1038 1
3164 1285 1
3164 3279 1
3164 312 1
772 1053 1
772 1339 1
772 167 1
772 1203 1
772 1667 1
772 3123 1
2372 3191 1
2372 2730 1
2372 3406 1
2372 1487 1
2372 1182 1
2372 2419 1
2372 1798 1
2372 2613 1
2372 1876 1
3016 3121 1
3016 858 1
3016 2470 1
3016 3497 1
3016 2930 1
3016 1199 1
3016 1010 1
3016 1678 1
3016 1722 1
3016 10 1
3016 1877 1
2512 1864 1
2512 1950 1
2512 2561 1
385 3166 1
3192 2718 1
1672 1589 1
2862 2579 1
2862 2885 1
2862 1842 1
2862 1306 1
2862 732 1
718 1635 1
718 191 1
718 1477 1
718 846 1
718 2608 1
718 1880 1
718 2 1
718 976 1
718 3312 1
718 2735 1
718 2233 1
718 2915 1
2727 1787 1
2727 1660 1
2727 1607 1
2727 251 1
2727 1743 1
2727 655 1
2727 2119 1
2727 1645 1
2760 2731 1
2760 3041 1
280 445 1
606 3207 1
2962 298 1
2488 3202 1
2488 1390 1
2488 2645 1
2488 246 1
2488 311 1
2488 289 1
2488 1423 1
1200 2178 1
1200 1295 1
1200 2592 1
1200 1900 1
1200 897 1
1200 3332 1
1200 1012 1
1200 2314 1
1200 924 1
1200 761 1
1200 2534 1
3525 1395 1
3525 2462 1
3525 2300 1
3525 1045 1
3525 2543 1
3525 828 1
3525 3244 1
3525 2785 1
3525 1674 1
3525 2692 1
3525 2569 1
3525 1534 1
1559 2720 1
1559 1816 1
1559 493 1
1559 187 1
3443 1282 1
3443 3461 1
3443 2919 1
3443 1982 1
3443 799 1
3443 3302 1
3443 2158 1
3443 2062 1
3443 670 1
625 1268 1
625 2036 1
625 1025 1
625 2808 1
625 3408 1
625 3260 1
955 2557 1
955 2597 1
2681 941 1
2594 2750 1
3463 709 1
3463 3144 1
3225 2431 1
2279 1215 1
1588 2560 1
1588 2234 1
322 504 1
322 3391 1
322 278 1
410 2477 1
410 2619 1
497 2479 1
497 538 1
759 275 1
759 55 1
759 1733 1
759 979 1
80 3228 1
2189 1755 1
2189 1375 1
2189 2330 1
2189 2559 1
1754 1517 1
1754 2571 1
1754 2393 1
165 3513 1
165 622 1
165 2007 1
165 2287 1
165 2832 1
165 3506 1
165 2683 1
165 2546 1
2054 994 1
2054 2806 1
2175 1098 1
2175 1272 1
2175 3425 1
2175 2936 1
2175 1044 1
2661 673 1
2661 2886 1
2661 487 1
2661 2986 1
1419 67 1
1419 3527 1
1419 710 1
1419 772 1
1419 2862 1
1419 1497 1
1419 2335 1
1419 2310 1
1419 3387 1
2528 892 1
2528 148 1
2528 2387 1
2528 502 1
2528 932 1
2528 2000 1
2249 1772 1
3159 3274 1
2882 706 1
2882 3268 1
2882 1829 1
1730 2333 1
2820 2122 1
2820 1831 1
2820 1337 1
984 1307 1
984 3187 1
984 1837 1
984 912 1
984 2102 1
984 3476 1
984 50 1
984 3098 1
959 1616 1
959 3026 1
959 3371 1
959 2788 1
959 2420 1
959 2351 1
959 1179 1
959 2063 1
2405 237 1
310 2426 1
310 876 1
2348 456 1
2348 3160 1
6 922 1
6 2883 1
3023 3343 1
1574 2004 1
66 1352 1
66 840 1
66 1506 1
2161 1099 1
2161 664 1
2161 2259 1
2161 2324 1
2161 2371 1
2161 47 1
956 707 1
956 3052 1
956 2305 1
956 2503 1
3035 825 1
3035 1939 1
3035 722 1
3035 915 1
3035 2482 1
3035 606 1
3035 121 1
3035 3413 1
3035 247 1
3035 1552 1
9 3141 1
9 2719 1
9 1584 1
9 3174 1
9 425 1
2085 1805 1
2085 1592 1
2085 254 1
2085 1080 1
2085 510 1
2085 3289 1
2085 3245 1
2085 3053 1
2085 1087 1
2085 1160 1
2085 1137 1
2085 87 1
939 145 1
3489 440 1
3489 2769 1
3489 3335 1
3489 1817 1
439 3212 1
439 2666 1
439 996 1
439 1663 1
439 1175 1
439 758 1
439 1442 1
439 1945 1
748 365 1
748 1000 1
748 1687 1
748 492 1
748 3038 1
748 3105 1
748 389 1
748 2235 1
748 3237 1
748 3107 1
748 2884 1
748 1074 1
748 3065 1
748 1006 1
748 2598 1
748 267 1
748 1034 1
2077 76 1
2077 3400 1
2077 138 1
2077 2410 1
2077 72 1
2077 2339 1
2077 361 1
2077 1757 1
2077 3119 1
2077 1838 1
2077 2381 1
2077 3043 1
3222 1269 1
3222 2798 1
3222 2695 1
3222 1014 1
3222 2009 1
3222 740 1
3222 162 1
3222 3266 1
3222 574 1
3222 1927 1
3222 1210 1
2843 403 1
2843 2147 1
2843 366 1
2044 398 1
2044 3356 1
2044 2061 1
2044 1211 1
2044 3435 1
2044 2173 1
2044 2827 1
2044 209 1
2044 608 1
663 2388 1
663 3243 1
663 1391 1
663 2241 1
663 946 1
663 986 1
663 1500 1
2196 1503 1
30 1579 1
1344 1960 1
1344 2116 1
1289 3403 1
1289 1824 1
1289 2336 1
1289 1090 1
1289 1447 1
1289 1328 1
3272 2844 1
3272 3105 1
3272 2149 1
3272 3175 1
942 525 1
942 1825 1
942 667 1
942 408 1
942 2037 1
942 306 1
942 790 1
942 3177 1
942 2794 1
942 3311 1
942 617 1
942 2527 1
942 595 1
2452 230 1
2452 1917 1
2452 3453 1
2452 236 1
2452 3511 1
3457 1178 1
661 2433 1
661 3514 1
661 2944 1
661 943 1
661 2776 1
854 1789 1
854 963 1
854 2602 1
854 1682 1
854 2192 1
3218 2565 1
3218 100 1
1029 1641 1
1029 3307 1
997 527 1
997 3069 1
997 210 1
997 1253 1
859 926 1
859 2795 1
859 2757 1
859 1094 1
859 2948 1
859 767 1
859 2724 1
1954 3131 1
1954 3036 1
1954 3004 1
1954 2038 1
1504 2760 1
158 3411 1
1497 2272 1
1497 3310 1
1497 1498 1
1497 1657 1
1497 3208 1
1497 2475 1
1497 37 1
1497 1903 1
1497 3482 1
1497 2751 1
1497 2148 1
1497 2129 1
1497 1995 1
1497 2225 1
1497 2945 1
428 2140 1
428 515 1
428 589 1
428 2358 1
428 1595 1
428 1937 1
428 3303 1
339 2243 1
2817 3344 1
2817 1535 1
1919 122 1
1919 1748 1
463 2166 1
463 20 1
463 1308 1
1642 2623 1
680 2992 1
680 3440 1
1758 1165 1
1951 2995 1
1951 1201 1
1951 2132 1
1447 1421 1
1447 336 1
1328 2963 1
1246 3048 1
1246 3197 1
1246 1568 1
1246 909 1
1246 2378 1
1246 1800 1
1246 2372 1
1246 1860 1
1246 1174 1
1246 2079 1
1246 3373 1
1246 3021 1
1246 3253 1
3358 1788 1
3358 2280 1
3358 836 1
3358 2155 1
3358 2493 1
3358 1405 1
3358 1835 1
3358 727 1
3358 2658 1
3358 566 1
3358 482 1
3358 198 1
3358 930 1
3358 1850 1
3358 844 1
3358 2081 1
3358 999 1
3358 2211 1
3358 2702 1
3358 697 1
3358 2199 1
3358 3276 1
3358 2019 1
3358 2113 1
3358 1169 1
3358 910 1
3358 3085 1
1604 1264 1
1604 830 1
1604 1538 1
1530 551 1
3230 1924 1
3230 1518 1
3230 968 1
3230 3161 1
1486 348 1
1486 314 1
2121 1793 1
2334 826 1
2334 2568 1
2334 43 1
2334 74 1
2334 877 1
2334 1126 1
2334 318 1
2334 234 1
2334 1747 1
2334 782 1
2334 1236 1
2334 1893 1
2334 3213 1
2334 2261 1
2334 2404 1
2334 2458 1
2334 2997 1
450 2931 1
450 967 1
450 114 1
450 101 1
814 3188 1
814 3300 1
814 452 1
814 2246 1
814 693 1
814 2167 1
1388 1033 1
1762 3315 1
1762 2055 1
179 884 1
179 2195 1
179 31 1
1330 1826 1
1330 593 1
1330 2887 1
1151 3297 1
1151 285 1
1151 948 1
1151 1603 1
1151 1933 1
1151 804 1
1151 386 1
1151 2175 1
1151 2943 1
1151 304 1
1151 38 1
1151 2553 1
1151 2871 1
2797 860 1
2797 1037 1
2797 3498 1
2797 155 1
569 94 1
569 3466 1
569 1752 1
2883 562 1
2883 630 1
2883 3039 1
2883 2654 1
2883 966 1
2883 3277 1
2883 2088 1
2883 1761 1
2883 3346 1
188 215 1
188 2338 1
188 1911 1
188 766 1
2042 2642 1
2042 1041 1
2042 1457 1
2042 2491 1
1237 2216 1
1237 438 1
1237 2288 1
792 36 1
792 2498 1
792 3326 1
1810 1469 1
1810 2631 1
1810 1297 1
1810 253 1
1810 2179 1
1810 416 1
1810 1555 1
407 1076 1
407 1048 1
407 2455 1
407 78 1
407 1963 1
407 1200 1
407 3463 1
407 541 1
407 2163 1
407 2428 1
407 1281 1
407 2296 1
407 3430 1
407 579 1
407 776 1
407 1706 1
1546 2205 1
1546 1888 1
1546 1260 1
1546 1311 1
1546 3017 1
1546 1283 1
1546 3143 1
1546 3001 1
1546 107 1
1546 3452 1
1546 3145 1
1546 1399 1
1546 861 1
1546 427 1
1546 2638 1
1546 2170 1
1546 2888 1
1546 443 1
1546 2386 1
1546 2230 1
1546 1973 1
1546 3162 1
1546 3329 1
1546 1956 1
1546 949 1
1092 1511 1
1092 3265 1
1092 1566 1
2006 2097 1
2006 736 1
2006 1779 1
2006 49 1
2006 1992 1
3 1250 1
3 3132 1
3 2786 1
3 3059 1
3 1362 1
3 2573 1
3 2774 1
3 257 1
3 313 1
3 933 1
3 1413 1
3 1889 1
3 323 1
3 1364 1
3 272 1
3 2687 1
3 631 1
3057 2875 1
3057 3454 1
3057 2293 1
3057 815 1
3057 2114 1
3057 3486 1
3057 1195 1
3057 113 1
3057 1229 1
3057 1626 1
2530 2822 1
1490 3283 1
1490 2209 1
1490 1920 1
1490 2782 1
1490 2889 1
1756 1082 1
1756 2659 1
1756 2268 1
1756 1334 1
1756 699 1
1756 481 1
1756 2425 1
3156 3064 1
3156 2864 1
270 2257 1
270 2270 1
270 1050 1
270 1969 1
270 3367 1
270 1214 1
270 3422 1
270 1533 1
2182 3324 1
2182 1958 1
2182 316 1
2182 852 1
2182 2587 1
2182 1962 1
2182 3325 1
260 52 1
3240 705 1
3240 1955 1
3240 750 1
2244 478 1
2244 2789 1
1263 3275 1
1263 42 1
1659 882 1
1659 3323 1
1236 379 1
1236 639 1
1236 288 1
1236 1252 1
1236 3000 1
2572 1139 1
2572 3023 1
2572 3080 1
2572 2773 1
2572 2554 1
2572 92 1
1472 755 1
1472 457 1
1472 3002 1
1472 3135 1
3360 342 1
3360 60 1
3360 3349 1
3360 2893 1
2509 1428 1
149 3501 1
149 2125 1
149 1670 1
149 1146 1
149 1408 1
149 2787 1
149 468 1
149 2264 1
2310 2989 1
2310 2471 1
2310 2643 1
2310 1856 1
1883 223 1
1883 2744 1
2137 596 1
2137 1664 1
2137 1717 1
274 2521 1
274 685 1
274 1226 1
274 2801 1
274 1085 1
1259 1067 1
1410 506 1
1410 2650 1
1410 955 1
1410 2681 1
1410 1030 1
1410 2452 1
1410 48 1
1410 2411 1
1410 2429 1
1410 2311 1
1410 988 1
1410 2468 1
1410 1718 1
1410 64 1
2354 3455 1
2354 1287 1
2354 1723 1
2354 539 1
2354 1993 1
2354 3399 1
2354 23 1
2354 2544 1
2354 77 1
1147 3163 1
935 3321 1
935 715 1
1619 18 1
1619 1807 1
2224 632 1
2224 2968 1
2224 971 1
1811 1792 1
1811 458 1
1811 1951 1
1811 476 1
1811 238 1
1734 2472 1
1734 2833 1
2804 205 1
2804 717 1
2804 2949 1
1018 3402 1
1018 1161 1
1018 548 1
2135 929 1
2912 3462 1
2912 2520 1
2684 1964 1
2684 1647 1
2684 1119 1
2684 372 1
2684 644 1
2684 3089 1
2684 847 1
3305 813 1
2382 1205 1
2382 1543 1
2382 248 1
2382 118 1
2382 894 1
1945 1220 1
1945 3130 1
660 1071 1
660 2045 1
660 44 1
762 2150 1
762 383 1
3429 985 1
1150 701 1
1281 521 1
1281 2428 1
1281 904 1
1281 3072 1
1281 1528 1
1281 3182 1
1281 33 1
2489 2164 1
1122 1107 1
2748 520 1
2748 1305 1
2748 2290 1
2748 2032 1
2748 1206 1
2748 133 1
2748 2021 1
2748 1710 1
1372 1454 1
1372 1416 1
1372 1581 1
2946 1157 1
2946 2337 1
2946 3491 1
2946 752 1
2946 2570 1
2946 1928 1
2946 2595 1
2946 1790 1
2946 2562 1
1361 1556 1
1361 602 1
1361 1884 1
1361 530 1
1361 308 1
1361 2136 1
1361 2463 1
1361 58 1
1361 1431 1
1361 749 1
1361 13 1
1361 3458 1
1361 1656 1
1361 414 1
1361 3100 1
1361 152 1
1361 1725 1
1361 2046 1
2446 1753 1
2446 2689 1
2446 2745 1
2446 1797 1
2446 2823 1
2446 1101 1
3456 2476 1
3456 2450 1
3456 1649 1
3456 3226 1
3456 245 1
3456 2640 1
3456 2453 1
3456 2655 1
3456 1735 1
3456 2112 1
3456 66 1
3456 1330 1
3456 587 1
3456 688 1
3456 2849 1
3456 3288 1
3456 3246 1
3456 911 1
3456 3248 1
3456 2307 1
536 421 1
1597 2975 1
3099 1327 1
3099 2707 1
3099 789 1
1722 2319 1
2547 1058 1
2547 196 1
2547 3055 1
2547 831 1
2547 1222 1
2547 1536 1
2547 2980 1
2547 898 1
2547 563 1
2547 135 1
2547 450 1
2547 1623 1
2547 2011 1
2547 2201 1
2547 943 1
2547 554 1
2547 2435 1
2547 3376 1
2547 1180 1
1251 3416 1
1251 3380 1
1251 2732 1
1251 1093 1
1251 586 1
1251 3328 1
1251 1068 1
1251 556 1
1251 2941 1
1251 1668 1
1251 3512 1
1251 2432 1
1251 3428 1
1251 1185 1
1790 1291 1
1790 723 1
1790 1925 1
1790 2206 1
2430 1176 1
2430 249 1
2430 282 1
2430 2639 1
2430 3238 1
2430 390 1
2430 757 1
2430 3443 1
2430 225 1
2430 1069 1
2430 183 1
2430 2867 1
2430 1873 1
2430 555 1
2430 287 1
3342 1124 1
3342 2273 1
3342 1558 1
3342 3412 1
3342 881 1
3342 1464 1
3342 522 1
3342 1650 1
3342 2442 1
2494 1690 1
2494 68 1
2494 2879 1
2494 3353 1
2494 2902 1
2494 3316 1
2494 1885 1
2494 1679 1
2159 2967 1
2159 2115 1
2159 2956 1
2159 61 1
2159 1357 1
2159 2834 1
2159 558 1
2159 3359 1
117 123 1
117 442 1
117 2729 1
2683 2847 1
2683 1319 1
2683 168 1
2683 2737 1
700 1301 1
700 2910 1
2810 2379 1
2810 2370 1
2810 3232 1
2810 2203 1
2810 2464 1
2810 784 1
2810 3280 1
2810 3219 1
2810 341 1
2346 3012 1
2346 2302 1
2346 2540 1
2346 3494 1
2346 1739 1
2346 1274 1
2346 3457 1
2346 648 1
2346 1698 1
2346 3493 1
2346 2086 1
2346 1331 1
2346 1974 1
2346 1363 1
2346 681 1
2346 3252 1
2346 2691 1
2959 2200 1
1216 934 1
11 3388 1
11 3292 1
11 147 1
11 3254 1
11 1310 1
11 3304 1
11 2320 1
118 3042 1
449 1769 1
449 2117 1
449 3419 1
449 3075 1
3377 1270 1
3377 109 1
3377 3475 1
373 391 1
373 570 1
3386 1622 1
3386 2876 1
3386 1156 1
3386 3286 1
3386 2974 1
3386 1095 1
3386 2711 1
3386 2962 1
3386 2572 1
3386 412 1
3386 1144 1
3386 3472 1
2066 901 1
10 1415 1
10 1284 1
311 3250 1
2236 1022 1
2704 1608 1
2704 1489 1
2704 2913 1
2704 2824 1
1965 1294 1
1965 519 1
1965 2877 1
1965 1540 1
1965 3350 1
1965 1406 1
1406 1580 1
1002 1699 1
1990 231 1
1990 879 1
1990 392 1
3014 2134 1
1746 1400 1
1746 3075 1
1073 320 1
1073 203 1
1073 594 1
1073 2145 1
1073 2043 1
1073 1342 1
1073 674 1
1073 2752 1
1073 700 1
1073 990 1
2871 370 1
2871 2409 1
2871 2051 1
620 788 1
620 610 1
620 690 1
2713 2100 1
2713 665 1
2713 1776 1
2713 2791 1
2713 1468 1
2713 2017 1
2713 469 1
1519 1036 1
2133 25 1
115 3258 1
371 1389 1
371 2327 1
371 144 1
371 2848 1
371 1370 1
371 1775 1
371 2505 1
371 2275 1
371 3047 1
163 2283 1
163 1436 1
163 3459 1
163 471 1
163 463 1
163 20 1
163 591 1
2001 1629 1
2001 590 1
1196 3439 1
1196 3125 1
1196 2715 1
1196 1271 1
1196 218 1
1196 1190 1
1196 1083 1
1889 3024 1
1889 819 1
1889 2510 1
1889 1525 1
1889 364 1
1889 741 1
1889 577 1
1889 886 1
1889 1280 1
1889 3357 1
1889 1019 1
1889 835 1
1889 2804 1
1889 1781 1
1889 290 1
1889 2350 1
1889 2552 1
1889 451 1
1889 3028 1
1889 1096 1
3205 3431 1
3205 3480 1
3205 3013 1
3205 3471 1
195 3087 1
195 1890 1
195 1437 1
195 2669 1
195 2925 1
195 1188 1
195 1353 1
195 2111 1
195 1996 1
195 1008 1
195 2758 1
195 1513 1
195 1896 1
195 1322 1
195 3094 1
195 3209 1
213 51 1
213 2217 1
213 1766 1
3460 2898 1
3460 2341 1
3460 281 1
3460 1857 1
3460 2130 1
3460 124 1
2439 1941 1
63 712 1
63 1441 1
63 2690 1
268 153 1
2702 906 1
2702 2768 1
2702 2531 1
1921 3006 1
1921 2237 1
1921 2478 1
1921 1780 1
1293 791 1
1293 1683 1
1293 2064 1
1293 330 1
1293 3224 1
1293 975 1
1293 1149 1
1293 3221 1
1293 1128 1
1293 2796 1
1293 3134 1
775 885 1
775 3485 1
775 3194 1
775 300 1
775 1721 1
775 1515 1
775 973 1
1013 962 1
296 1097 1
296 760 1
296 970 1
296 472 1
296 3372 1
296 172 1
296 2049 1
1158 3062 1
1348 675 1
1348 447 1
1348 296 1
1056 1906 1
2222 258 1
2222 3446 1
2222 3515 1
2222 140 1
3469 1980 1
3469 1172 1
3469 1570 1
3469 1318 1
3469 2380 1
3469 2635 1
3469 2656 1
3469 1609 1
2756 2738 1
2756 3179 1
2756 505 1
2756 309 1
2756 1275 1
2756 2506 1
2756 1948 1
2756 1784 1
2756 1046 1
2756 2596 1
2756 3397 1
2756 1930 1
2756 2107 1
2756 2636 1
3154 3418 1
3154 1111 1
3154 3241 1
3154 413 1
2698 2978 1
2698 266 1
768 1633 1
768 1444 1
2564 1242 1
1143 2159 1
1143 1828 1
618 3263 1
2656 164 1
1411 753 1
1411 891 1
1411 3374 1
1411 2803 1
3259 1300 1
3259 368 1
3259 997 1
3259 2295 1
3259 2356 1
1885 2162 1
1885 150 1
1885 2291 1
1885 3076 1
1885 1909 1
3124 2394 1
3124 944 1
470 1830 1
470 1359 1
470 763 1
470 2240 1
470 1296 1
470 2999 1
470 324 1
470 83 1
470 1427 1
470 553 1
470 3362 1
470 2765 1
470 2406 1
470 2467 1
197 2566 1
197 2537 1
197 2405 1
197 3231 1
197 1263 1
197 2780 1
2311 903 1
2311 3040 1
2311 1183 1
2311 1142 1
1938 1329 1
1938 1875 1
1938 35 1
1938 2501 1
1262 297 1
1262 2104 1
1262 1450 1
1262 923 1
1262 1063 1
1262 3503 1
1262 730 1
1262 2575 1
1934 729 1
1934 2444 1
1934 2383 1
1934 2160 1
1934 1449 1
1934 2058 1
1934 1799 1
943 1621 1
943 2928 1
943 269 1
943 773 1
943 2451 1
943 69 1
943 1403 1
943 3215 1
943 141 1
943 212 1
943 2448 1
943 2068 1
1453 461 1
1453 2516 1
1453 2292 1
1453 1871 1
1453 747 1
1453 3124 1
1453 1299 1
70 3115 1
70 2080 1
70 127 1
70 893 1
70 908 1
70 691 1
70 2487 1
70 2916 1
2448 459 1
2448 2325 1
2448 3437 1
2448 1943 1
547 1407 1
547 2909 1
547 2682 1
547 1002 1
90 958 1
152 1020 1
988 540 1
988 640 1
988 102 1
988 271 1
988 3363 1
988 2733 1
988 1724 1
988 1514 1
1312 3308 1
1312 1039 1
1312 2890 1
1312 3027 1
1312 2012 1
1312 1024 1
1312 2558 1
1908 501 1
180 1333 1
180 1544 1
2561 1981 1
2561 2495 1
2561 751 1
2561 2958 1
45 3306 1
45 214 1
45 2734 1
45 2599 1
45 2524 1
45 15 1
45 1866 1
1819 2443 1
1819 1422 1
1819 2437 1
1819 159 1
1819 399 1
1819 1541 1
1819 801 1
1819 507 1
1819 170 1
1819 1452 1
1819 2184 1
1544 1265 1
1544 474 1
1544 2249 1
1544 2611 1
1544 1346 1
1544 28 1
1544 345 1
1544 1438 1
839 3176 1
839 1919 1
839 3521 1
839 110 1
2185 654 1
2185 126 1
2185 434 1
2185 485 1
2185 887 1
2185 702 1
2185 1510 1
2185 2297 1
2185 2084 1
2185 3296 1
2185 252 1
2456 3378 1
2456 1266 1
2456 503 1
2456 1922 1
2456 1064 1
2456 3247 1
2456 1728 1
2456 1526 1
2456 1815 1
2456 2770 1
2456 545 1
2456 1688 1
2456 1726 1
2456 1901 1
2456 3354 1
2456 229 1
110 4 1
110 71 1
110 1732 1
110 1168 1
110 96 1
110 2815 1
552 374 1
26 3479 1
26 2031 1
26 2835 1
26 207 1
26 2401 1
26 1935 1
2754 1316 1
2754 1254 1
2754 2971 1
2754 293 1
2754 843 1
2754 1501 1
2754 1003 1
2754 3410 1
2754 473 1
2754 2921 1
2754 1360 1
2754 2998 1
2754 878 1
2754 1396 1
2754 2033 1
2754 211 1
2754 2218 1
1365 2863 1
1365 1309 1
1365 3432 1
1365 2023 1
1365 346 1
1365 226 1
1365 1952 1
1365 1343 1
1381 869 1
1381 1133 1
1381 3520 1
1381 845 1
1417 1507 1
1417 136 1
1417 2187 1
1417 1248 1
1417 2432 1
1627 1843 1
1627 2072 1
1627 851 1
1627 2151 1
1627 1795 1
1627 3448 1
1627 3189 1
435 1898 1
435 649 1
435 580 1
435 2816 1
435 2276 1
435 689 1
435 1912 1
435 2196 1
435 1689 1
435 1108 1
435 1162 1
435 1512 1
435 494 1
435 299 1
435 779 1
146 2924 1
146 1473 1
146 785 1
146 3230 1
146 1073 1
495 206 1
2950 255 1
2950 1072 1
2950 3474 1
2950 2402 1
578 3195 1
578 2699 1
578 983 1
1363 960 1
181 853 1
181 2646 1
181 1741 1
181 2628 1
3325 1812 1
3325 1695 1
3325 3097 1
3325 692 1
3325 2869 1
907 856 1
907 676 1
591 1531 1
2355 1801 1
2960 3375 1
2298 2850 1
2298 2880 1
2264 2434 1
2264 1839 1
2264 684 1
2264 2368 1
2264 2746 1
2264 295 1
2264 2519 1
2722 1849 1
2214 3196 1
2214 1440 1
2214 2706 1
2214 1483 1
2214 2614 1
2214 3066 1
2214 2603 1
2214 571 1
402 2648 1
3366 1458 1
3366 3405 1
2976 2271 1
2976 1378 1
2976 1065 1
1492 2366 1
1492 938 1
1492 1233 1
1492 3078 1
1492 1136 1
1492 406 1
1492 1929 1
1492 2954 1
1492 3481 1
384 475 1
384 1079 1
384 174 1
384 3242 1
384 1760 1
384 91 1
384 3325 1
384 927 1
1337 3370 1
1337 1482 1
1337 2632 1
1337 2220 1
1337 945 1
131 1499 1
2954 3184 1
2954 995 1
2954 2092 1
3341 1870 1
3341 2673 1
3341 3317 1
3341 2127 1
3341 1701 1
3341 1970 1
3341 326 1
3341 1848 1
2340 787 1
2340 950 1
2340 739 1
2340 2197 1
2340 1731 1
3112 1691 1
3428 3298 1
1565 3273 1
1565 1763 1
2021 2545 1
287 796 1
287 3104 1
287 1173 1
287 1563 1
287 2252 1
287 1104 1
287 3157 1
287 1474 1
287 2226 1
287 2513 1
2979 2805 1
2979 1393 1
2979 531 1
2979 2736 1
2979 2461 1
2979 3113 1
2979 2352 1
2979 1794 1
2979 1527 1
2979 2590 1
2979 86 1
2979 1620 1
2979 1714 1
2979 1599 1
2979 1141 1
2979 276 1
2087 358 1
1409 3420 1
1409 2085 1
695 1997 1
695 1429 1
232 2024 1
232 1369 1
232 1234 1
232 1355 1
232 2141 1
232 21 1
232 178 1
232 2095 1
232 1542 1
232 3396 1
232 338 1
232 1029 1
232 1530 1
232 1118 1
232 3015 1
232 3139 1
232 216 1
232 353 1
232 1521 1
232 3293 1
232 2059 1
500 866 1
777 3438 1
777 359 1
777 3092 1
2312 1949 1
779 1759 1
779 1255 1
779 1384 1
779 1219 1
779 2221 1
779 233 1
779 509 1
779 2670 1
779 2616 1
779 259 1
779 568 1
779 426 1
1031 3314 1
1031 20 1
1031 1819 1
1031 217 1
2190 2529 1
2356 3008 1
2356 1121 1
2356 1212 1
2356 2052 1
2356 1979 1
2356 157 1
2356 1223 1
2356 2342 1
2356 3499 1
2356 1923 1
2356 1634 1
2356 783 1
1605 1931 1
1605 1878 1
1605 1 1
1605 3255 1
1605 1814 1
1605 2912 1
1605 1865 1
1605 1238 1
2779 3126 1
2779 2353 1
2779 3488 1
2779 3239 1
2779 1001 1
2779 375 1
2779 428 1
2779 3526 1
2779 2002 1
2779 2093 1
2779 1235 1
2779 868 1
2779 2490 1
2779 495 1
2779 3366 1
2779 2624 1
1470 3019 1
1470 1086 1
1470 3032 1
1470 1736 1
921 1134 1
921 125 1
921 491 1
921 1636 1
921 3264 1
921 2204 1
921 2048 1
921 250 1
921 857 1
921 1613 1
921 2143 1
1096 3509 1
1710 3504 1
2550 637 1
2550 623 1
2550 2485 1
2550 1575 1
2550 2247 1
1859 437 1
1859 683 1
1859 3211 1
1859 3010 1
1859 1886 1
1859 111 1
1859 1386 1
294 2528 1
294 2384 1
2308 1802 1
2308 202 1
2308 647 1
2308 978 1
2308 1707 1
2308 3049 1
2308 2705 1
2308 1872 1
2308 54 1
2308 1548 1
2308 1120 1
2308 2438 1
2113 2828 1
433 3121 1
433 592 1
433 151 1
433 659 1
433 1756 1
433 291 1
433 2299 1
433 2906 1
433 2425 1
3134 925 1
3134 1302 1
3134 798 1
1180 93 1
1180 46 1
666 3007 1
666 1332 1
666 2269 1
666 511 1
666 2618 1
666 1148 1
2647 1336 1
2647 1661 1
2647 27 1
2647 2020 1
2647 2180 1
2647 29 1
2647 1967 1
2647 349 1
2647 3507 1
1808 2389 1
1808 222 1
1808 2984 1
1808 360 1
1808 488 1
1808 896 1
1808 1659 1
1808 1191 1
1185 119 1
2457 2212 1
1412 952 1
1648 2604 1
1648 821 1
1648 2708 1
1648 2214 1
2376 797 1
2376 2016 1
2376 3251 1
87 937 1
3267 1187 1
3267 620 1
810 1007 1
810 2772 1
810 2094 1
810 2066 1
1471 863 1
1471 862 1
581 3290 1
581 2227 1
3434 883 1
3434 2315 1
3434 1740 1
3434 2633 1
3434 2157 1
3434 1882 1
3434 1070 1
3434 1615 1
987 1054 1
987 1774 1
987 415 1
987 1959 1
1827 3079 1
1827 694 1
1827 2397 1
1827 489 1
1827 1806 1
1827 241 1
1827 3401 1
1827 680 1
1827 3096 1
1827 2778 1
1827 2289 1
1827 377 1
2245 1803 1
2245 1551 1
2245 3478 1
2245 1475 1
2245 1562 1
2245 19 1
2245 424 1
2721 2103 1
1040 1988 1
1040 2755 1
1040 256 1
2277 721 1
2277 2600 1
2186 1055 1
2186 3020 1
1609 3082 1
1609 754 1
1609 817 1
1609 3120 1
1609 1047 1
2213 2154 1
2213 888 1
2075 498 1
2075 2627 1
2075 3473 1
2075 89 1
2075 1651 1
2075 781 1
2075 1669 1
2075 268 1
2075 2460 1
2075 3502 1
404 2601 1
404 1646 1
404 872 1
404 597 1
404 3037 1
642 1385 1
642 7 1
642 2359 1
642 3351 1
642 419 1
642 624 1
642 1694 1
642 1446 1
2624 1026 1
2624 420 1
2624 2421 1
2624 2923 1
2326 2829 1
2326 2895 1
1488 564 1
1488 2576 1
1488 2790 1
1488 981 1
1488 16 1
1488 833 1
1488 1564 1
2938 1129 1
2938 305 1
2938 12 1
2938 2538 1
2938 2124 1
2938 1832 1
2938 874 1
652 2837 1
652 2071 1
652 769 1
652 3385 1
652 1286 1
652 1051 1
652 643 1
652 634 1
480 142 1
