303 1466 1
303 596 1
303 1280 1
303 1346 1
1239 139 1
432 927 1
432 481 1
432 965 1
432 464 1
432 945 1
497 1285 1
497 1162 1
497 1000 1
497 416 1
497 951 1
480 696 1
947 680 1
947 741 1
947 445 1
947 823 1
947 774 1
947 144 1
9 17 1
9 917 1
9 592 1
9 296 1
9 846 1
557 818 1
557 985 1
557 863 1
557 360 1
557 1293 1
1053 1025 1
1234 1272 1
1234 1010 1
555 344 1
349 978 1
349 597 1
349 21 1
349 733 1
934 635 1
934 992 1
897 167 1
897 30 1
1177 583 1
1177 1186 1
1177 188 1
1177 980 1
1177 935 1
1177 569 1
1177 424 1
1177 1070 1
1177 1283 1
1177 1051 1
1441 711 1
1441 1337 1
1441 1210 1
1441 1294 1
1441 490 1
872 816 1
872 1543 1
872 1427 1
872 66 1
872 1306 1
872 609 1
872 792 1
872 829 1
872 530 1
872 707 1
872 759 1
872 631 1
872 1217 1
872 201 1
872 345 1
872 805 1
872 1192 1
872 173 1
67 1384 1
67 704 1
67 414 1
818 979 1
332 1289 1
332 69 1
332 1092 1
332 688 1
901 913 1
901 219 1
1296 1151 1
1296 1069 1
1193 1229 1
1193 1477 1
1193 920 1
1193 1249 1
1193 213 1
316 269 1
316 1394 1
316 642 1
316 1278 1
316 273 1
316 1250 1
316 527 1
1457 1529 1
1457 1220 1
1457 488 1
1457 1156 1
50 1174 1
50 1455 1
804 725 1
804 3 1
804 1176 1
804 1154 1
804 952 1
804 1185 1
804 593 1
804 1366 1
804 1442 1
804 1204 1
804 463 1
804 434 1
804 72 1
804 1436 1
804 1163 1
804 795 1
804 820 1
33 341 1
33 275 1
826 166 1
452 489 1
452 571 1
452 903 1
452 1108 1
452 1303 1
452 629 1
452 16 1
452 787 1
452 534 1
940 264 1
940 650 1
940 96 1
940 194 1
940 933 1
705 380 1
705 308 1
705 92 1
705 318 1
705 1437 1
705 950 1
705 127 1
705 215 1
300 653 1
300 586 1
300 451 1
300 5 1
300 536 1
300 1380 1
300 619 1
300 514 1
300 25 1
119 860 1
1199 1140 1
1546 1094 1
1546 529 1
1546 459 1
1546 241 1
1546 339 1
1546 537 1
22 280 1
22 667 1
22 1021 1
22 1459 1
22 233 1
22 623 1
22 742 1
22 780 1
22 672 1
22 1399 1
22 1190 1
22 1008 1
22 1479 1
22 675 1
22 1196 1
22 912 1
22 395 1
22 844 1
850 1398 1
850 1061 1
850 1110 1
850 1434 1
850 286 1
850 1547 1
850 34 1
850 10 1
850 770 1
850 1513 1
384 687 1
384 82 1
384 260 1
384 342 1
384 572 1
1289 1054 1
1289 446 1
1289 1340 1
1339 870 1
1339 861 1
736 749 1
1179 247 1
1498 279 1
1498 937 1
1498 336 1
729 1076 1
729 761 1
729 1027 1
893 38 1
1417 185 1
1417 210 1
656 133 1
656 565 1
656 369 1
656 1328 1
656 401 1
975 352 1
394 943 1
394 117 1
394 677 1
394 1107 1
394 763 1
394 203 1
1349 311 1
1349 1509 1
1349 179 1
1349 154 1
1349 448 1
1349 1508 1
1349 800 1
1349 503 1
1349 941 1
1320 782 1
1320 1539 1
477 1411 1
1 874 1
1 768 1
1 1109 1
728 1201 1
728 1361 1
1350 765 1
1350 689 1
1350 1348 1
1350 1258 1
1350 1446 1
1350 1552 1
1194 1161 1
1194 989 1
1194 627 1
1194 1006 1
1194 1189 1
1194 396 1
1194 812 1
1194 418 1
1194 1474 1
1270 2 1
1270 1381 1
1270 105 1
1270 1149 1
1203 1496 1
581 796 1
1218 897 1
1218 104 1
1218 1213 1
317 661 1
317 476 1
317 456 1
942 1239 1
942 1081 1
942 909 1
942 1478 1
942 1379 1
942 967 1
942 181 1
942 1105 1
942 966 1
942 1145 1
942 932 1
828 1166 1
828 764 1
828 783 1
828 118 1
828 171 1
828 402 1
828 159 1
828 382 1
828 107 1
828 97 1
1452 1433 1
1452 361 1
1452 790 1
1452 256 1
1452 895 1
1452 257 1
1452 986 1
1452 1510 1
1452 1389 1
356 108 1
1055 388 1
1055 772 1
521 84 1
521 645 1
521 1269 1
521 1297 1
1287 1408 1
1377 1400 1
1377 681 1
1377 48 1
1377 910 1
1377 90 1
1377 1378 1
526 100 1
526 806 1
526 1545 1
526 634 1
526 1230 1
526 1281 1
526 1041 1
526 1541 1
981 1245 1
981 566 1
981 1319 1
981 331 1
981 1241 1
981 262 1
981 797 1
51 1364 1
51 532 1
779 1341 1
779 918 1
779 1228 1
722 1162 1
722 1000 1
1093 1419 1
1093 668 1
1093 1059 1
281 400 1
281 624 1
1358 27 1
134 178 1
44 1114 1
44 1022 1
465 237 1
465 1517 1
465 1044 1
625 132 1
625 1331 1
625 701 1
625 1048 1
822 1333 1
822 1168 1
822 1124 1
822 263 1
697 620 1
348 138 1
406 1085 1
370 466 1
370 447 1
370 778 1
370 1312 1
351 1211 1
351 282 1
1167 997 1
1167 124 1
1005 1345 1
1005 1498 1
1005 170 1
1005 29 1
1005 258 1
516 112 1
516 500 1
54 709 1
54 1122 1
54 24 1
54 131 1
54 819 1
54 1202 1
54 515 1
1511 1439 1
1511 335 1
839 518 1
66 1472 1
914 924 1
914 801 1
914 149 1
914 288 1
914 1317 1
914 521 1
914 195 1
914 605 1
914 868 1
914 455 1
914 995 1
914 734 1
914 1454 1
914 1099 1
914 1173 1
914 578 1
914 873 1
914 354 1
914 1088 1
914 1467 1
363 1101 1
265 520 1
265 1493 1
265 698 1
265 8 1
265 773 1
835 56 1
835 862 1
835 1123 1
835 1164 1
529 323 1
529 1014 1
529 1295 1
529 717 1
529 968 1
529 972 1
529 1288 1
529 491 1
529 223 1
529 643 1
529 756 1
529 398 1
529 857 1
529 242 1
529 261 1
529 278 1
529 254 1
851 372 1
851 1320 1
851 547 1
851 1040 1
851 700 1
851 98 1
694 304 1
694 439 1
694 1304 1
694 211 1
694 379 1
170 1126 1
170 37 1
170 389 1
170 289 1
1309 142 1
1309 849 1
1309 836 1
1240 462 1
1240 948 1
109 560 1
746 855 1
1191 6 1
1191 198 1
1298 114 1
1298 699 1
1298 1402 1
47 1316 1
47 730 1
47 1089 1
47 483 1
70 646 1
353 1329 1
1028 507 1
1028 1266 1
1028 1416 1
1028 1067 1
1028 297 1
1028 1488 1
1028 1390 1
1028 808 1
1447 291 1
69 1253 1
69 431 1
69 1215 1
1144 1120 1
1144 1147 1
1144 505 1
1144 1009 1
1144 168 1
1144 1484 1
1144 1503 1
1144 723 1
638 1527 1
638 907 1
638 77 1
65 1507 1
65 425 1
65 558 1
65 351 1
65 252 1
65 548 1
65 160 1
65 1208 1
65 438 1
65 1206 1
65 1080 1
65 1409 1
65 1314 1
65 881 1
83 604 1
83 63 1
83 421 1
83 494 1
83 802 1
1071 1001 1
1071 1175 1
1071 321 1
331 1554 1
1373 1237 1
1373 610 1
1373 328 1
1373 1265 1
1373 693 1
1373 1146 1
1373 1548 1
1373 1404 1
1373 12 1
1373 184 1
1223 119 1
1223 832 1
1223 994 1
1223 155 1
493 718 1
493 594 1
493 1369 1
493 1438 1
493 1515 1
493 953 1
493 1276 1
1261 743 1
1261 52 1
617 1020 1
617 546 1
617 859 1
617 563 1
617 833 1
617 498 1
1009 1045 1
1449 786 1
1449 1197 1
1449 126 1
1449 878 1
1449 206 1
1449 420 1
1449 172 1
1449 955 1
1449 644 1
755 1375 1
755 1471 1
755 915 1
1374 20 1
1374 622 1
1374 153 1
1374 1470 1
1374 102 1
1374 880 1
1374 852 1
1374 678 1
1011 1423 1
247 461 1
247 990 1
1001 1030 1
1410 766 1
1410 1142 1
1064 885 1
1064 245 1
1064 676 1
1064 916 1
1064 831 1
1313 501 1
669 892 1
669 234 1
1049 161 1
971 538 1
971 324 1
971 1395 1
971 164 1
567 1193 1
567 220 1
904 99 1
1528 727 1
1528 1320 1
1528 851 1
1528 1216 1
1528 1180 1
1528 666 1
612 752 1
612 1178 1
612 724 1
612 1073 1
612 864 1
1258 973 1
1258 599 1
1258 1086 1
1258 754 1
957 157 1
1397 1037 1
26 506 1
1224 475 1
1224 1501 1
1224 35 1
1224 1018 1
1224 1115 1
1224 85 1
1224 695 1
1224 1135 1
1224 982 1
1224 1019 1
1224 1065 1
1224 853 1
1224 1172 1
1224 423 1
1224 49 1
1224 1113 1
1224 1152 1
1224 1425 1
1224 807 1
1224 665 1
1224 670 1
1224 899 1
1224 998 1
1224 204 1
1224 143 1
1224 740 1
1224 1502 1
229 544 1
229 732 1
229 615 1
1411 1473 1
1411 151 1
1411 1480 1
1411 847 1
205 373 1
205 1505 1
205 1150 1
921 329 1
921 601 1
1429 923 1
1429 777 1
1429 532 1
1429 28 1
1429 757 1
1429 148 1
1429 208 1
1429 1338 1
1351 176 1
1351 290 1
416 1282 1
925 1518 1
925 867 1
427 435 1
1221 1233 1
1221 1448 1
1221 706 1
1221 1405 1
1221 671 1
1221 478 1
817 214 1
817 403 1
817 1368 1
817 392 1
817 1087 1
817 249 1
817 1525 1
817 460 1
817 1246 1
817 197 1
817 837 1
817 410 1
817 1263 1
1308 556 1
484 993 1
484 843 1
484 657 1
484 271 1
223 358 1
223 1343 1
223 309 1
223 415 1
1406 340 1
1219 1500 1
1219 1540 1
206 726 1
206 690 1
206 1036 1
206 674 1
206 652 1
1248 1274 1
1248 196 1
1248 94 1
1248 1214 1
543 349 1
543 371 1
543 1028 1
543 1084 1
543 1520 1
543 1098 1
543 1359 1
684 310 1
684 769 1
684 628 1
684 227 1
1277 875 1
737 1117 1
737 519 1
737 535 1
737 509 1
1141 230 1
1494 482 1
1551 1344 1
1551 568 1
1551 1430 1
1551 1559 1
1551 1383 1
894 426 1
894 183 1
980 1090 1
980 1251 1
156 338 1
1052 1485 1
1052 781 1
1052 1388 1
1066 1431 1
1066 960 1
1066 686 1
535 453 1
535 397 1
14 551 1
14 1555 1
1039 1031 1
1247 1290 1
136 75 1
1286 1311 1
192 854 1
192 1063 1
192 443 1
1465 1056 1
1465 492 1
1523 306 1
1523 825 1
1523 437 1
1523 1155 1
1523 1334 1
1523 554 1
1523 1131 1
757 449 1
1337 86 1
326 1302 1
326 89 1
326 1391 1
326 141 1
970 731 1
970 1195 1
970 525 1
970 1443 1
970 552 1
970 1292 1
970 1262 1
970 207 1
970 1401 1
970 1451 1
970 600 1
970 929 1
970 95 1
970 91 1
1238 1481 1
1238 381 1
679 939 1
679 602 1
7 1321 1
246 1533 1
246 399 1
246 827 1
246 1444 1
246 74 1
246 579 1
246 961 1
246 926 1
246 135 1
1371 905 1
1371 1158 1
1371 928 1
1371 365 1
390 720 1
1407 942 1
1407 182 1
1407 326 1
1407 58 1
1407 1235 1
1407 522 1
1407 649 1
1407 1531 1
1407 798 1
1217 250 1
1217 113 1
1079 1472 1
1079 658 1
1079 1106 1
1385 712 1
1385 580 1
1385 177 1
1002 299 1
954 896 1
1458 810 1
1458 1270 1
1458 1219 1
1458 1413 1
1458 1556 1
1458 470 1
1458 1396 1
1458 504 1
1137 125 1
1476 1526 1
1360 332 1
1360 776 1
1360 1528 1
1360 229 1
1360 666 1
1360 1426 1
1360 976 1
1435 495 1
1435 281 1
1435 1139 1
1435 638 1
1435 641 1
1435 377 1
1435 959 1
1435 1325 1
1347 1326 1
1347 347 1
1347 1352 1
1173 884 1
1173 1497 1
150 900 1
32 1267 1
32 908 1
32 1127 1
1138 1440 1
1138 15 1
1138 545 1
1138 1284 1
1078 467 1
1078 292 1
472 1234 1
472 222 1
1547 228 1
1547 1460 1
1547 1392 1
1547 977 1
596 613 1
1310 1418 1
659 785 1
659 512 1
1506 1305 1
1506 199 1
1506 511 1
1506 1165 1
585 924 1
585 1082 1
585 1102 1
585 1491 1
585 1104 1
585 871 1
71 1013 1
71 1549 1
71 856 1
71 1268 1
71 811 1
71 411 1
71 248 1
1504 891 1
1504 1486 1
1504 702 1
1504 1367 1
873 1184 1
873 330 1
440 930 1
440 1428 1
440 383 1
440 235 1
440 1171 1
76 1118 1
1024 513 1
1024 1035 1
1024 663 1
1024 946 1
1024 212 1
1445 232 1
1445 1046 1
1445 683 1
1445 337 1
1445 1182 1
887 320 1
1015 209 1
1015 1231 1
1015 255 1
1015 1075 1
1015 983 1
1015 1550 1
1015 433 1
1015 73 1
515 1323 1
515 487 1
64 19 1
334 1074 1
334 259 1
334 103 1
334 146 1
334 582 1
1327 163 1
1327 1372 1
1327 128 1
1327 189 1
974 1004 1
974 284 1
974 1499 1
974 1291 1
974 1538 1
974 39 1
974 1483 1
1332 349 1
1332 200 1
1332 828 1
1332 562 1
1332 11 1
1332 178 1
708 1308 1
708 156 1
708 713 1
1130 140 1
1130 502 1
1130 626 1
1130 524 1
1159 969 1
314 80 1
314 858 1
314 762 1
1205 655 1
540 1363 1
540 744 1
540 312 1
540 59 1
540 648 1
938 550 1
938 890 1
407 1342 1
407 911 1
407 1322 1
407 277 1
407 588 1
1198 293 1
464 216 1
498 175 1
498 1542 1
498 1132 1
1034 541 1
760 1422 1
760 616 1
760 1159 1
721 1530 1
721 346 1
721 1257 1
422 129 1
422 409 1
422 633 1
340 611 1
340 608 1
732 919 1
732 499 1
732 1077 1
732 714 1
559 169 1
559 889 1
559 374 1
470 224 1
13 450 1
244 1521 1
244 1047 1
244 1112 1
244 1330 1
244 479 1
244 301 1
244 549 1
244 1058 1
244 1043 1
244 1157 1
244 18 1
244 1100 1
522 824 1
522 517 1
522 1544 1
1315 618 1
122 253 1
476 391 1
1181 1475 1
1181 902 1
419 745 1
419 1386 1
419 1038 1
419 784 1
419 486 1
61 294 1
61 1256 1
61 147 1
61 268 1
61 662 1
587 319 1
587 225 1
587 866 1
587 408 1
587 577 1
587 1232 1
1492 877 1
1492 962 1
1492 660 1
1492 1453 1
1492 630 1
485 1033 1
485 561 1
485 454 1
485 266 1
1160 523 1
1160 1254 1
1290 716 1
1290 753 1
1290 41 1
1290 202 1
1290 471 1
1290 327 1
1290 1225 1
1290 457 1
788 1032 1
788 922 1
788 1050 1
788 379 1
788 68 1
614 1181 1
614 442 1
1335 1259 1
434 750 1
442 647 1
442 1336 1
442 79 1
1463 1362 1
190 386 1
190 991 1
190 739 1
190 573 1
190 1356 1
1300 314 1
1300 13 1
1300 838 1
1318 987 1
1318 791 1
1318 531 1
1318 428 1
1318 60 1
1318 1183 1
1318 767 1
430 1062 1
430 417 1
1207 1143 1
1387 1136 1
1387 1103 1
1387 441 1
1301 692 1
1301 45 1
183 876 1
413 111 1
413 357 1
413 78 1
354 1243 1
793 468 1
793 126 1
793 155 1
793 564 1
1495 1393 1
1495 1095 1
1495 1415 1
1495 815 1
964 1060 1
964 882 1
751 1382 1
1396 810 1
1396 1242 1
1129 31 1
1129 848 1
1129 732 1
1148 813 1
1072 93 1
458 325 1
123 632 1
123 931 1
123 375 1
590 944 1
590 363 1
590 1424 1
590 1514 1
1222 591 1
1222 888 1
1222 36 1
1222 1536 1
1252 803 1
1252 1096 1
1252 1432 1
1252 350 1
1252 1337 1
1252 719 1
107 152 1
1534 101 1
710 57 1
46 162 1
55 1264 1
55 333 1
55 137 1
572 165 1
572 936 1
572 239 1
572 996 1
572 404 1
572 1299 1
1293 1403 1
1293 1557 1
1293 949 1
1293 771 1
1293 120 1
393 53 1
393 1553 1
393 115 1
393 295 1
393 646 1
393 355 1
1355 575 1
1512 1307 1
1512 1376 1
267 23 1
267 840 1
267 1226 1
267 343 1
146 412 1
72 88 1
1532 555 1
1532 193 1
1532 1464 1
1532 110 1
1532 444 1
1532 1039 1
1532 685 1
1532 4 1
1532 651 1
1532 1134 1
1532 574 1
1532 130 1
1532 243 1
703 191 1
703 1450 1
703 337 1
307 906 1
307 1255 1
307 842 1
841 81 1
90 187 1
90 251 1
865 775 1
865 385 1
865 584 1
865 315 1
865 116 1
865 821 1
865 879 1
865 1128 1
865 1187 1
865 539 1
865 748 1
1489 898 1
1489 283 1
1489 236 1
1489 637 1
1275 1029 1
1275 1414 1
1275 547 1
1275 1125 1
1275 1469 1
1275 964 1
1275 405 1
305 1420 1
305 1227 1
305 747 1
305 43 1
305 285 1
510 525 1
510 91 1
1188 834 1
1188 218 1
1537 1271 1
1537 387 1
1537 474 1
1537 226 1
221 735 1
221 570 1
221 639 1
221 238 1
221 1482 1
221 496 1
1116 42 1
1116 362 1
1116 1535 1
1116 738 1
657 1421 1
436 1412 1
553 603 1
553 1236 1
553 625 1
553 744 1
553 1462 1
553 1331 1
553 701 1
553 1516 1
553 364 1
553 533 1
553 1132 1
553 576 1
886 830 1
1357 1170 1
1357 673 1
607 1119 1
649 1487 1
649 1478 1
649 1244 1
976 1370 1
976 231 1
976 1354 1
798 786 1
798 1003 1
798 473 1
798 809 1
798 606 1
644 40 1
322 595 1
322 106 1
322 186 1
322 1279 1
1468 240 1
1468 1365 1
1468 62 1
1468 270 1
1468 366 1
1468 794 1
1468 758 1
1468 1248 1
1468 1476 1
1468 809 1
1468 654 1
1468 1315 1
1468 61 1
1468 589 1
1468 886 1
1468 174 1
1133 469 1
1133 542 1
1133 1093 1
1133 988 1
1133 87 1
1133 1353 1
1133 1007 1
405 1029 1
405 1524 1
145 272 1
145 378 1
508 1068 1
243 1324 1
243 1465 1
243 1026 1
220 1456 1
220 598 1
220 691 1
220 963 1
220 958 1
220 1111 1
220 420 1
220 1445 1
220 664 1
220 703 1
313 1506 1
313 964 1
429 1260 1
429 1016 1
158 121 1
805 883 1
805 984 1
805 1200 1
990 715 1
990 970 1
287 301 1
956 1097 1
956 217 1
956 180 1
1083 359 1
845 1169 1
845 1490 1
376 640 1
376 621 1
376 682 1
376 1558 1
376 1042 1
376 274 1
1165 302 1
1121 1153 1
1121 1091 1
1121 1519 1
1209 1461 1
1209 789 1
1209 736 1
1209 528 1
1209 814 1
1209 1023 1
1209 1273 1
1209 1012 1
1209 1212 1
1209 1017 1
1209 974 1
1209 367 1
1209 368 1
1209 1057 1
1209 276 1
339 999 1
298 799 1
298 1447 1
298 1522 1
869 260 1
869 636 1
