952 7 1
952 690 1
952 733 1
952 523 1
952 536 1
714 477 1
836 464 1
836 127 1
836 360 1
836 832 1
836 84 1
836 401 1
139 546 1
139 244 1
139 1 1
139 599 1
919 384 1
146 654 1
313 139 1
313 458 1
313 189 1
313 764 1
313 278 1
64 111 1
64 533 1
394 373 1
394 396 1
394 66 1
394 125 1
394 390 1
486 272 1
486 928 1
39 374 1
39 851 1
39 685 1
852 530 1
852 902 1
852 290 1
801 196 1
801 512 1
801 749 1
801 809 1
801 935 1
801 316 1
801 97 1
801 510 1
337 439 1
337 513 1
337 703 1
631 921 1
631 345 1
631 821 1
880 462 1
880 444 1
880 452 1
69 312 1
435 20 1
435 508 1
435 594 1
435 76 1
435 451 1
435 88 1
892 299 1
254 269 1
254 255 1
254 247 1
647 35 1
647 459 1
647 480 1
647 511 1
647 881 1
647 413 1
647 742 1
679 410 1
679 212 1
430 182 1
430 105 1
430 494 1
430 875 1
430 181 1
430 514 1
458 631 1
458 143 1
458 807 1
458 342 1
458 418 1
458 630 1
458 470 1
458 890 1
458 414 1
458 846 1
458 771 1
458 346 1
458 168 1
458 432 1
458 232 1
458 691 1
458 916 1
458 941 1
458 951 1
458 443 1
798 689 1
798 624 1
798 778 1
798 623 1
798 145 1
798 738 1
798 292 1
798 888 1
158 4 1
158 38 1
158 784 1
158 816 1
41 217 1
41 305 1
387 931 1
558 777 1
558 904 1
558 664 1
558 506 1
558 489 1
558 592 1
574 297 1
696 895 1
252 558 1
252 259 1
944 953 1
673 946 1
673 28 1
673 736 1
673 704 1
673 408 1
673 711 1
673 625 1
673 107 1
169 206 1
373 737 1
373 793 1
373 897 1
373 683 1
373 421 1
373 99 1
373 699 1
328 415 1
328 577 1
258 101 1
276 788 1
276 87 1
276 13 1
276 319 1
197 124 1
472 268 1
472 753 1
472 341 1
472 589 1
250 668 1
250 183 1
250 891 1
250 209 1
250 466 1
250 607 1
250 72 1
250 911 1
780 614 1
90 682 1
90 872 1
620 616 1
620 806 1
620 535 1
620 606 1
71 920 1
365 937 1
365 884 1
365 804 1
767 317 1
767 302 1
767 755 1
767 662 1
767 650 1
767 853 1
767 537 1
767 463 1
767 615 1
207 569 1
354 162 1
354 170 1
354 481 1
354 570 1
354 745 1
354 612 1
354 126 1
354 131 1
354 478 1
354 863 1
354 151 1
354 848 1
354 62 1
354 279 1
354 909 1
354 208 1
354 498 1
354 860 1
188 185 1
188 26 1
188 473 1
188 465 1
188 309 1
713 176 1
713 548 1
189 210 1
189 154 1
189 536 1
326 761 1
326 280 1
942 95 1
942 617 1
600 45 1
600 455 1
600 287 1
936 389 1
266 44 1
393 50 1
891 209 1
891 466 1
891 911 1
664 380 1
526 49 1
526 926 1
526 406 1
526 322 1
274 156 1
274 164 1
274 924 1
304 947 1
304 565 1
304 681 1
304 567 1
304 215 1
304 361 1
243 831 1
243 910 1
243 266 1
243 132 1
243 100 1
243 591 1
243 829 1
243 797 1
608 387 1
608 557 1
608 799 1
608 611 1
608 545 1
307 919 1
307 903 1
307 756 1
307 236 1
282 165 1
282 748 1
282 456 1
282 51 1
282 23 1
33 603 1
334 167 1
334 522 1
205 515 1
205 735 1
870 544 1
256 955 1
261 882 1
261 152 1
70 794 1
70 578 1
70 227 1
70 534 1
70 596 1
70 633 1
70 235 1
70 366 1
70 702 1
667 587 1
667 89 1
634 476 1
52 180 1
52 296 1
52 871 1
532 679 1
532 896 1
532 429 1
532 529 1
532 626 1
532 367 1
532 583 1
532 275 1
768 516 1
768 106 1
768 482 1
752 908 1
781 885 1
604 283 1
441 907 1
441 532 1
32 128 1
32 593 1
193 722 1
193 632 1
193 601 1
193 59 1
772 786 1
504 644 1
504 604 1
504 339 1
669 492 1
669 597 1
878 31 1
878 542 1
857 187 1
857 123 1
517 812 1
517 437 1
517 391 1
517 837 1
517 191 1
517 9 1
517 422 1
741 945 1
741 426 1
905 732 1
726 449 1
726 240 1
726 378 1
726 158 1
726 454 1
726 352 1
726 743 1
726 25 1
726 376 1
726 773 1
726 314 1
294 787 1
294 486 1
294 303 1
294 133 1
294 293 1
294 245 1
294 395 1
294 375 1
294 177 1
740 403 1
740 568 1
740 774 1
740 155 1
246 295 1
728 730 1
185 134 1
185 723 1
185 74 1
185 706 1
249 584 1
249 954 1
249 242 1
184 937 1
184 574 1
184 258 1
184 365 1
184 640 1
184 817 1
184 602 1
184 502 1
184 140 1
184 925 1
184 474 1
184 549 1
184 163 1
351 731 1
351 203 1
351 195 1
351 424 1
351 710 1
351 838 1
351 822 1
351 754 1
637 3 1
637 18 1
637 559 1
656 469 1
656 323 1
220 500 1
341 54 1
341 721 1
85 53 1
85 63 1
85 490 1
85 388 1
85 29 1
85 819 1
874 211 1
874 420 1
927 34 1
493 651 1
493 528 1
265 652 1
265 222 1
265 519 1
265 933 1
265 899 1
108 300 1
932 642 1
932 135 1
932 717 1
855 226 1
855 634 1
855 73 1
855 324 1
855 898 1
575 780 1
575 614 1
575 393 1
575 199 1
575 525 1
575 225 1
575 790 1
575 117 1
575 460 1
575 934 1
575 457 1
575 805 1
575 11 1
575 582 1
575 104 1
575 912 1
575 153 1
541 318 1
541 157 1
541 531 1
541 543 1
541 775 1
541 818 1
605 284 1
886 566 1
886 655 1
886 219 1
305 680 1
305 507 1
906 461 1
349 905 1
349 675 1
349 392 1
349 792 1
26 551 1
26 579 1
26 12 1
26 873 1
945 331 1
945 228 1
945 598 1
945 436 1
945 399 1
320 94 1
320 930 1
320 202 1
698 260 1
698 251 1
698 129 1
698 491 1
698 583 1
327 900 1
148 879 1
148 610 1
148 301 1
148 347 1
315 333 1
315 402 1
315 270 1
306 67 1
694 359 1
849 828 1
849 17 1
234 468 1
234 763 1
234 795 1
234 811 1
234 118 1
295 889 1
295 526 1
295 913 1
295 541 1
295 447 1
295 119 1
295 368 1
295 785 1
295 428 1
295 171 1
295 564 1
295 757 1
295 893 1
295 923 1
233 471 1
233 417 1
233 724 1
573 746 1
230 41 1
230 741 1
230 728 1
230 678 1
236 93 1
594 518 1
594 229 1
323 192 1
323 580 1
323 204 1
323 419 1
323 116 1
323 172 1
323 214 1
734 709 1
734 173 1
734 560 1
734 859 1
298 425 1
211 110 1
211 120 1
211 747 1
77 174 1
77 216 1
77 938 1
77 800 1
823 434 1
823 824 1
823 5 1
823 262 1
823 827 1
823 727 1
848 237 1
348 213 1
348 78 1
348 14 1
273 263 1
273 30 1
273 915 1
273 845 1
273 686 1
638 588 1
200 665 1
200 839 1
200 576 1
200 354 1
200 427 1
200 627 1
200 840 1
200 864 1
200 783 1
200 498 1
200 684 1
200 765 1
539 253 1
350 453 1
350 198 1
350 759 1
758 358 1
618 789 1
338 636 1
338 337 1
338 538 1
338 169 1
338 52 1
338 142 1
338 175 1
338 849 1
338 810 1
571 285 1
571 715 1
571 343 1
571 65 1
446 572 1
446 483 1
446 355 1
446 639 1
867 692 1
867 657 1
867 646 1
867 629 1
590 922 1
161 637 1
161 27 1
161 404 1
161 649 1
161 948 1
877 2 1
6 60 1
6 55 1
186 496 1
934 488 1
934 729 1
934 866 1
97 505 1
291 241 1
130 335 1
130 386 1
130 445 1
130 571 1
130 57 1
939 944 1
939 82 1
547 409 1
509 310 1
509 8 1
325 687 1
622 467 1
136 22 1
136 329 1
136 791 1
426 479 1
426 561 1
820 61 1
820 550 1
820 876 1
785 484 1
75 109 1
154 288 1
783 814 1
678 223 1
678 740 1
678 220 1
678 734 1
760 671 1
760 448 1
760 103 1
760 581 1
473 719 1
473 369 1
473 927 1
473 357 1
473 178 1
473 309 1
267 842 1
267 712 1
643 286 1
643 527 1
643 405 1
643 688 1
643 201 1
645 720 1
370 330 1
370 24 1
370 46 1
370 91 1
370 356 1
370 340 1
370 641 1
370 411 1
370 149 1
370 917 1
159 321 1
159 718 1
159 677 1
159 21 1
159 553 1
159 613 1
841 950 1
841 412 1
841 495 1
773 663 1
555 138 1
555 190 1
862 552 1
862 940 1
769 362 1
769 619 1
769 58 1
769 281 1
769 108 1
769 42 1
769 782 1
883 825 1
883 147 1
485 708 1
80 705 1
80 900 1
651 83 1
371 750 1
371 137 1
371 416 1
371 676 1
371 562 1
371 764 1
371 585 1
371 540 1
371 194 1
371 861 1
371 835 1
371 48 1
371 590 1
371 475 1
717 400 1
717 659 1
717 725 1
717 865 1
717 407 1
717 802 1
717 311 1
858 179 1
858 166 1
858 943 1
621 868 1
47 766 1
47 487 1
47 854 1
47 326 1
47 377 1
47 648 1
47 280 1
336 776 1
336 830 1
336 353 1
141 64 1
141 383 1
141 112 1
141 114 1
141 32 1
141 803 1
141 622 1
141 697 1
36 372 1
810 264 1
810 701 1
810 674 1
661 606 1
912 423 1
912 224 1
390 670 1
390 96 1
160 826 1
160 666 1
218 150 1
218 277 1
218 501 1
218 379 1
218 433 1
218 121 1
218 894 1
218 658 1
344 274 1
344 81 1
15 221 1
15 770 1
15 856 1
15 238 1
15 744 1
92 813 1
92 438 1
231 440 1
231 398 1
869 431 1
869 306 1
869 43 1
869 693 1
653 929 1
653 762 1
653 524 1
366 815 1
366 385 1
366 248 1
366 364 1
693 716 1
271 382 1
271 115 1
271 739 1
271 843 1
271 381 1
271 289 1
271 847 1
271 144 1
271 796 1
271 779 1
271 808 1
271 844 1
271 609 1
271 887 1
914 450 1
914 700 1
914 86 1
914 257 1
914 521 1
914 901 1
914 672 1
914 332 1
914 595 1
563 397 1
563 497 1
702 308 1
702 442 1
56 39 1
56 852 1
56 102 1
56 239 1
56 751 1
56 695 1
56 833 1
56 40 1
56 79 1
56 125 1
56 19 1
56 760 1
56 503 1
56 98 1
556 707 1
850 122 1
850 218 1
520 37 1
520 471 1
520 880 1
520 586 1
520 620 1
520 462 1
520 635 1
520 878 1
520 16 1
520 660 1
520 26 1
520 233 1
520 68 1
520 363 1
520 628 1
81 918 1
81 499 1
88 834 1
88 92 1
88 113 1
10 554 1
10 949 1
