394 457 1
403 203 1
270 520 1
56 80 1
56 49 1
425 227 1
587 522 1
587 339 1
304 284 1
304 330 1
530 42 1
530 169 1
366 259 1
366 171 1
366 142 1
366 197 1
366 90 1
366 637 1
366 175 1
366 451 1
366 456 1
366 614 1
366 500 1
366 220 1
366 23 1
605 269 1
187 638 1
187 40 1
617 399 1
617 326 1
617 254 1
617 624 1
617 361 1
617 291 1
617 81 1
103 51 1
103 495 1
103 191 1
458 191 1
213 636 1
213 183 1
213 125 1
213 65 1
213 58 1
213 25 1
213 557 1
18 272 1
410 571 1
410 38 1
410 442 1
410 474 1
410 483 1
410 276 1
410 303 1
410 172 1
210 225 1
210 139 1
210 137 1
210 589 1
210 260 1
210 558 1
199 34 1
199 508 1
199 433 1
199 88 1
199 626 1
199 533 1
547 463 1
117 554 1
117 156 1
117 112 1
117 411 1
117 331 1
581 440 1
581 256 1
581 59 1
515 325 1
515 458 1
515 598 1
515 145 1
515 248 1
515 285 1
233 69 1
140 143 1
140 85 1
140 190 1
211 115 1
375 184 1
375 454 1
375 560 1
375 165 1
509 92 1
509 539 1
509 362 1
509 447 1
509 96 1
509 478 1
509 387 1
509 445 1
373 86 1
373 27 1
373 31 1
373 14 1
373 623 1
373 621 1
373 164 1
373 205 1
373 368 1
373 609 1
373 504 1
373 2 1
439 311 1
439 435 1
370 597 1
370 610 1
370 395 1
370 181 1
370 134 1
370 526 1
616 313 1
421 32 1
598 154 1
598 397 1
598 632 1
598 358 1
598 149 1
598 538 1
82 366 1
82 513 1
427 521 1
427 318 1
279 448 1
279 324 1
279 305 1
279 262 1
279 430 1
279 639 1
279 273 1
279 357 1
534 384 1
364 416 1
364 519 1
120 282 1
120 601 1
120 277 1
120 418 1
120 295 1
612 426 1
476 316 1
476 102 1
476 540 1
476 106 1
76 302 1
76 264 1
76 77 1
76 488 1
76 548 1
576 359 1
95 296 1
99 91 1
159 434 1
159 104 1
159 565 1
159 536 1
159 579 1
145 484 1
145 503 1
8 184 1
555 367 1
555 10 1
555 48 1
555 147 1
555 280 1
473 371 1
229 414 1
229 633 1
207 130 1
207 195 1
385 602 1
345 52 1
345 611 1
345 40 1
288 344 1
288 487 1
288 450 1
288 20 1
288 332 1
459 528 1
70 45 1
63 429 1
35 510 1
35 87 1
35 129 1
35 352 1
35 406 1
35 237 1
35 604 1
35 485 1
248 17 1
61 432 1
61 590 1
61 309 1
61 166 1
61 162 1
15 337 1
258 587 1
258 588 1
258 393 1
258 431 1
388 413 1
388 312 1
388 319 1
388 616 1
388 163 1
388 100 1
388 606 1
388 257 1
388 561 1
388 173 1
388 518 1
388 566 1
388 310 1
388 161 1
461 530 1
461 612 1
461 308 1
461 244 1
461 537 1
461 84 1
594 44 1
79 292 1
79 54 1
634 261 1
634 475 1
634 436 1
634 534 1
634 278 1
73 128 1
73 214 1
73 198 1
73 193 1
252 592 1
68 290 1
549 346 1
360 111 1
360 380 1
360 532 1
360 391 1
360 7 1
383 212 1
383 349 1
383 419 1
493 629 1
493 12 1
493 239 1
493 412 1
493 19 1
247 529 1
247 211 1
247 115 1
247 585 1
247 41 1
247 365 1
247 455 1
6 135 1
6 8 1
6 423 1
6 594 1
6 275 1
6 374 1
237 567 1
321 618 1
321 497 1
321 101 1
402 481 1
402 177 1
402 421 1
402 552 1
402 11 1
402 216 1
402 4 1
402 297 1
402 155 1
402 64 1
402 559 1
298 490 1
298 422 1
298 293 1
298 369 1
348 188 1
348 556 1
249 274 1
249 78 1
249 493 1
249 294 1
249 615 1
249 194 1
249 228 1
249 354 1
249 541 1
109 16 1
109 396 1
93 167 1
93 47 1
431 511 1
431 514 1
431 327 1
431 250 1
431 28 1
431 141 1
431 593 1
431 267 1
124 110 1
124 390 1
124 245 1
200 608 1
200 185 1
551 322 1
551 355 1
551 148 1
551 61 1
551 150 1
551 583 1
551 619 1
551 336 1
240 389 1
240 127 1
572 39 1
572 480 1
53 55 1
53 620 1
53 595 1
53 489 1
53 392 1
53 603 1
271 501 1
242 192 1
242 315 1
242 170 1
242 347 1
242 114 1
242 338 1
242 449 1
196 174 1
196 523 1
409 300 1
409 323 1
465 573 1
584 1 1
584 226 1
584 94 1
334 328 1
334 232 1
334 131 1
334 343 1
334 546 1
334 219 1
334 562 1
512 408 1
542 126 1
542 444 1
542 235 1
542 314 1
542 356 1
542 570 1
105 122 1
105 204 1
105 113 1
105 333 1
105 569 1
105 527 1
286 46 1
452 3 1
452 517 1
452 498 1
13 351 1
13 596 1
13 398 1
251 179 1
180 466 1
180 119 1
180 462 1
180 215 1
180 208 1
180 494 1
180 482 1
180 631 1
180 591 1
180 415 1
180 505 1
180 405 1
246 425 1
246 428 1
246 136 1
246 299 1
246 320 1
246 66 1
246 209 1
246 287 1
246 238 1
438 29 1
62 404 1
499 118 1
499 491 1
524 563 1
524 470 1
524 420 1
524 121 1
524 468 1
107 622 1
107 178 1
241 146 1
241 255 1
241 516 1
241 151 1
241 535 1
45 543 1
45 187 1
45 83 1
45 586 1
45 564 1
45 345 1
45 160 1
45 549 1
45 243 1
36 341 1
36 441 1
36 471 1
36 13 1
36 22 1
443 329 1
443 222 1
443 582 1
443 144 1
443 544 1
443 580 1
443 306 1
443 21 1
443 467 1
443 400 1
443 223 1
443 524 1
443 335 1
443 168 1
443 283 1
443 301 1
443 26 1
443 372 1
443 353 1
443 578 1
443 496 1
9 307 1
9 585 1
550 4 1
218 635 1
263 460 1
263 553 1
263 116 1
303 217 1
502 234 1
301 253 1
301 492 1
301 75 1
301 407 1
189 43 1
189 221 1
189 424 1
189 157 1
189 5 1
480 417 1
158 363 1
71 224 1
71 342 1
71 340 1
37 123 1
37 182 1
446 350 1
446 439 1
446 360 1
446 124 1
630 376 1
630 89 1
630 545 1
630 386 1
630 236 1
568 486 1
568 153 1
176 152 1
176 56 1
176 613 1
176 206 1
176 252 1
176 348 1
541 266 1
541 268 1
541 74 1
541 437 1
541 133 1
541 289 1
541 382 1
541 57 1
541 281 1
541 531 1
578 453 1
578 472 1
578 625 1
578 202 1
464 479 1
464 599 1
186 627 1
132 574 1
132 67 1
132 600 1
132 628 1
132 98 1
132 201 1
132 469 1
132 265 1
132 231 1
132 33 1
132 525 1
72 506 1
72 607 1
230 97 1
60 377 1
278 379 1
30 24 1
30 477 1
30 577 1
30 317 1
378 50 1
378 381 1
378 138 1
378 196 1
378 575 1
378 108 1
378 401 1
378 507 1
