309 84 1
338 28 1
76 48 1
76 256 1
199 152 1
384 233 1
384 329 1
384 444 1
390 355 1
390 58 1
390 463 1
167 243 1
167 308 1
167 316 1
170 214 1
170 43 1
170 198 1
170 22 1
170 3 1
170 266 1
243 464 1
243 31 1
272 39 1
272 104 1
272 331 1
82 86 1
231 306 1
231 143 1
173 455 1
274 358 1
274 40 1
483 377 1
483 319 1
298 20 1
298 192 1
298 468 1
298 449 1
287 284 1
137 299 1
202 122 1
202 200 1
202 414 1
202 311 1
130 71 1
130 230 1
130 469 1
275 18 1
257 206 1
257 482 1
213 459 1
171 451 1
421 394 1
421 264 1
421 171 1
421 65 1
421 68 1
421 160 1
214 395 1
124 343 1
126 397 1
128 437 1
128 412 1
128 105 1
426 303 1
435 189 1
435 196 1
435 280 1
220 428 1
372 405 1
38 132 1
429 136 1
300 19 1
300 452 1
300 305 1
300 356 1
467 429 1
467 247 1
90 240 1
90 9 1
466 389 1
466 460 1
466 129 1
227 181 1
227 474 1
227 269 1
227 462 1
227 336 1
227 239 1
265 478 1
265 33 1
265 108 1
265 215 1
265 146 1
265 334 1
265 166 1
362 1 1
362 393 1
362 63 1
241 182 1
388 262 1
388 348 1
388 81 1
379 23 1
379 49 1
379 235 1
379 83 1
96 225 1
51 330 1
378 193 1
221 7 1
479 164 1
399 445 1
399 102 1
399 236 1
454 50 1
454 263 1
335 282 1
335 117 1
335 2 1
335 119 1
335 456 1
59 60 1
59 439 1
121 317 1
121 61 1
121 55 1
189 210 1
189 357 1
169 477 1
169 44 1
201 360 1
201 238 1
156 6 1
36 112 1
36 315 1
36 396 1
36 99 1
36 359 1
36 381 1
36 165 1
97 45 1
97 10 1
97 302 1
79 279 1
79 475 1
476 32 1
476 37 1
476 149 1
476 382 1
163 100 1
34 398 1
301 481 1
314 53 1
153 11 1
349 41 1
349 184 1
310 461 1
310 216 1
138 488 1
277 221 1
277 441 1
174 345 1
174 342 1
174 380 1
462 199 1
462 220 1
408 420 1
408 307 1
408 211 1
408 313 1
408 341 1
278 224 1
278 89 1
278 180 1
26 436 1
26 87 1
140 454 1
140 335 1
140 120 1
140 123 1
140 70 1
133 144 1
133 453 1
133 91 1
256 287 1
256 219 1
320 154 1
85 364 1
187 222 1
125 195 1
125 228 1
125 226 1
93 94 1
93 344 1
93 416 1
42 410 1
292 332 1
292 295 1
376 485 1
376 142 1
376 161 1
376 66 1
376 401 1
376 62 1
373 425 1
373 490 1
440 176 1
223 29 1
223 443 1
481 340 1
481 417 1
383 460 1
118 413 1
268 267 1
268 430 1
268 57 1
268 232 1
268 293 1
268 64 1
268 72 1
268 400 1
375 285 1
375 101 1
375 245 1
375 353 1
375 312 1
361 244 1
374 253 1
374 163 1
374 248 1
179 480 1
179 183 1
179 288 1
179 24 1
25 92 1
115 484 1
115 56 1
5 245 1
369 346 1
369 310 1
369 403 1
438 168 1
438 241 1
438 17 1
438 431 1
438 113 1
123 363 1
413 352 1
413 447 1
413 347 1
312 128 1
312 145 1
312 98 1
312 442 1
312 486 1
312 407 1
259 385 1
259 424 1
259 458 1
259 339 1
259 366 1
259 457 1
157 409 1
218 422 1
218 21 1
386 30 1
255 328 1
255 471 1
255 452 1
255 406 1
255 489 1
255 234 1
135 392 1
135 251 1
209 186 1
209 354 1
446 110 1
27 229 1
27 194 1
27 15 1
365 172 1
365 106 1
148 337 1
148 109 1
148 492 1
325 491 1
325 80 1
325 114 1
325 276 1
325 175 1
325 155 1
427 370 1
111 368 1
111 134 1
111 254 1
111 35 1
208 237 1
208 387 1
208 54 1
116 127 1
116 191 1
116 465 1
8 46 1
8 483 1
197 26 1
197 87 1
304 159 1
304 470 1
304 411 1
304 207 1
404 351 1
404 69 1
404 487 1
404 423 1
242 188 1
13 294 1
13 52 1
252 27 1
432 279 1
432 475 1
432 367 1
4 323 1
4 147 1
73 258 1
73 150 1
73 350 1
73 185 1
73 318 1
203 321 1
203 205 1
203 78 1
203 289 1
14 95 1
14 158 1
14 290 1
14 433 1
67 322 1
88 139 1
88 74 1
88 494 1
88 12 1
88 271 1
151 283 1
151 141 1
270 212 1
270 261 1
63 286 1
63 75 1
63 249 1
47 162 1
47 391 1
190 291 1
190 326 1
190 419 1
190 177 1
190 5 1
190 415 1
190 14 1
24 103 1
402 131 1
402 324 1
402 448 1
402 472 1
402 493 1
327 250 1
327 434 1
327 371 1
327 246 1
327 77 1
327 260 1
327 31 1
204 107 1
204 473 1
204 450 1
204 281 1
204 273 1
204 16 1
204 296 1
297 217 1
297 178 1
297 418 1
297 333 1
