3881 3704 1
3881 154 1
3881 1685 1
3881 4370 1
3751 5098 1
3751 1593 1
3751 5616 1
3751 2131 1
3751 5326 1
77 935 1
77 2176 1
77 2916 1
77 5380 1
77 3490 1
77 5546 1
77 5574 1
77 1691 1
77 2402 1
77 164 1
77 3322 1
2871 304 1
2871 3657 1
1 2173 1
1 179 1
1 493 1
1 1836 1
1 124 1
1 4061 1
1 3453 1
1 3492 1
1 2336 1
1 3719 1
1 4984 1
1 1784 1
1 3345 1
1 3181 1
1973 3151 1
170 2705 1
170 2760 1
170 2 1
170 4785 1
170 502 1
170 305 1
170 4964 1
170 2154 1
170 4523 1
170 5073 1
170 4613 1
170 3448 1
170 715 1
170 3512 1
2039 760 1
2039 4407 1
5692 2027 1
5692 5545 1
5692 4264 1
5692 791 1
5692 5270 1
5692 685 1
5692 5823 1
5692 5670 1
5692 1633 1
5692 4820 1
4663 1404 1
1487 4694 1
1487 787 1
1487 4886 1
4759 5391 1
4759 4920 1
4759 4293 1
4759 1346 1
4759 743 1
4759 5455 1
4506 4959 1
5261 1493 1
369 4604 1
369 842 1
2830 1060 1
2830 2242 1
3085 5519 1
3085 4165 1
3085 814 1
3085 2818 1
3085 4962 1
3085 1752 1
3995 1243 1
3995 1516 1
3995 3354 1
3995 5570 1
3995 4734 1
3995 2552 1
3995 1329 1
3995 2332 1
3995 3212 1
2036 3283 1
2036 3501 1
2036 5303 1
2036 3194 1
2036 3877 1
2036 1237 1
2036 1252 1
2036 2889 1
2036 4702 1
2036 2501 1
2036 5186 1
2036 968 1
2036 2740 1
2036 756 1
2036 516 1
2036 3798 1
2036 684 1
2036 1853 1
2036 3228 1
2036 5152 1
2036 2820 1
252 4804 1
252 2643 1
252 4658 1
252 5824 1
252 1736 1
5378 3528 1
983 2996 1
983 598 1
983 3718 1
983 2118 1
983 3238 1
983 1677 1
983 1497 1
5781 2046 1
5781 5853 1
3669 350 1
3669 5496 1
3669 1571 1
3669 1719 1
3497 4151 1
4924 998 1
4924 4554 1
3992 5680 1
3992 3697 1
1410 5341 1
5517 4346 1
5517 2302 1
3295 2892 1
818 5704 1
818 1785 1
818 3864 1
818 415 1
818 4860 1
818 3966 1
818 3391 1
1440 142 1
4868 2607 1
4868 605 1
4868 3701 1
1592 1073 1
1592 4043 1
1592 2489 1
1592 2324 1
1592 1456 1
1592 1978 1
1592 1024 1
1592 1526 1
1592 4131 1
1592 215 1
1592 22 1
1592 3692 1
1592 5002 1
1592 5751 1
1592 3542 1
1592 3982 1
1592 2725 1
1592 3516 1
1592 2789 1
1592 849 1
1592 250 1
1592 1056 1
1592 4703 1
1592 220 1
2480 2214 1
2480 5328 1
2480 519 1
2480 4095 1
2480 5480 1
2480 2569 1
2480 5311 1
2480 5550 1
2480 2054 1
5202 3866 1
5202 2328 1
859 2717 1
2517 4807 1
2990 3928 1
2990 2503 1
2990 2548 1
4757 3016 1
4757 2250 1
4757 902 1
4757 2538 1
4757 4558 1
4757 1803 1
4757 470 1
4757 2460 1
4757 1572 1
4757 4871 1
4757 3310 1
4757 5769 1
4757 5828 1
4757 3108 1
1720 3115 1
1720 122 1
1720 5224 1
1727 2623 1
2421 593 1
2421 3319 1
2421 5058 1
1631 881 1
5308 2421 1
5308 3684 1
5308 5868 1
2499 4521 1
2499 5109 1
2499 5492 1
2499 2219 1
2499 941 1
2499 1461 1
2499 3847 1
1388 5406 1
1388 2397 1
1388 4629 1
1388 554 1
1388 456 1
3623 833 1
3623 3348 1
3623 1683 1
3623 5339 1
3623 4308 1
3623 4786 1
3623 1392 1
3623 5475 1
3784 2007 1
3784 3417 1
3784 755 1
3784 5130 1
3784 2711 1
297 840 1
297 5873 1
297 3578 1
297 751 1
297 1554 1
5285 957 1
2058 1088 1
2058 1030 1
2058 4533 1
2058 3253 1
2058 896 1
320 2505 1
320 4175 1
320 3525 1
3069 3446 1
3069 1929 1
2625 2224 1
1031 1365 1
1031 4311 1
1031 2584 1
1031 4334 1
2358 4931 1
3162 4425 1
3162 2020 1
3162 389 1
4517 2714 1
4517 4948 1
4517 1478 1
4517 1248 1
4517 3609 1
4517 1261 1
4517 1208 1
4517 2272 1
5344 1908 1
5344 1932 1
5344 3357 1
547 5115 1
547 2718 1
5025 4076 1
5025 4621 1
5025 5858 1
4318 4983 1
4318 3132 1
4318 4148 1
4318 2966 1
4318 4158 1
4321 2102 1
4321 1884 1
4321 1935 1
4321 4405 1
4321 2178 1
4321 4314 1
4611 153 1
1878 2418 1
5498 2666 1
5498 812 1
5498 246 1
5498 4887 1
5498 2917 1
5498 2497 1
5542 3029 1
5542 5582 1
5542 4197 1
5542 81 1
5542 3385 1
5542 4713 1
5542 3156 1
852 2924 1
852 5836 1
852 5162 1
852 1268 1
905 2545 1
1028 4977 1
1028 790 1
5754 717 1
5754 3240 1
5754 4669 1
5754 658 1
5754 228 1
5754 1711 1
5754 2967 1
5754 374 1
5754 1813 1
5754 1609 1
5754 2539 1
5754 1143 1
5754 2360 1
5754 4540 1
293 3139 1
293 5128 1
293 1867 1
293 1295 1
5354 1436 1
5354 990 1
5354 4233 1
4689 5897 1
4689 3394 1
4689 1468 1
2176 668 1
2176 2170 1
2176 1590 1
3479 904 1
3479 2997 1
3348 4005 1
3348 3172 1
4530 1118 1
4530 2345 1
4530 3786 1
711 1616 1
711 5466 1
711 3410 1
711 940 1
711 455 1
711 3946 1
711 2856 1
711 4112 1
5213 328 1
5213 2851 1
5213 4912 1
5213 1781 1
4105 4749 1
4105 2126 1
2185 4201 1
2185 3128 1
2863 4476 1
2863 5499 1
2863 3117 1
2181 3444 1
2181 4690 1
2181 3500 1
2181 3731 1
2181 3470 1
2181 5840 1
2181 3552 1
2181 2992 1
2181 5070 1
2181 5048 1
4336 3878 1
4336 3530 1
4336 2710 1
1692 5771 1
2216 2291 1
2216 5389 1
2216 5207 1
2216 1300 1
2216 4875 1
5886 3887 1
5886 4535 1
5886 5877 1
5886 1753 1
5886 1652 1
5886 2400 1
5886 4531 1
5886 1814 1
5886 4246 1
5886 2611 1
5886 5427 1
530 2030 1
2843 5833 1
4623 4538 1
4623 2301 1
4623 5898 1
4623 1682 1
4623 5532 1
4623 4499 1
2935 2722 1
3663 1028 1
3663 1515 1
3663 2443 1
3663 2423 1
3663 2762 1
3663 5762 1
3663 1718 1
3663 4475 1
3663 1170 1
3663 585 1
3663 723 1
3663 2921 1
3663 5583 1
3663 5876 1
3663 5147 1
3663 1315 1
3663 4801 1
3663 349 1
3663 4705 1
3663 71 1
3663 4006 1
3663 1780 1
3663 621 1
3663 459 1
3663 207 1
3663 4390 1
3663 5008 1
3663 2563 1
3663 1794 1
4012 4025 1
5624 2420 1
5624 3328 1
5624 5468 1
5624 1822 1
5624 3685 1
5624 5065 1
5624 3808 1
5624 186 1
5624 4821 1
5624 1005 1
3941 5463 1
3941 2515 1
3941 4583 1
3941 2873 1
3941 4057 1
3941 688 1
3941 5779 1
3941 2769 1
3941 5869 1
2433 3126 1
2433 2767 1
2433 2557 1
2433 95 1
2433 1705 1
2433 5266 1
2433 5055 1
2433 4802 1
2433 199 1
2433 3757 1
2433 972 1
2433 3519 1
2433 1002 1
2433 5335 1
2433 353 1
2433 1743 1
2433 2233 1
2433 91 1
2433 4373 1
2433 1601 1
661 2455 1
661 4893 1
661 5619 1
661 4236 1
661 5905 1
661 3772 1
661 5423 1
661 2253 1
661 1538 1
661 1071 1
661 51 1
2004 4725 1
4977 2907 1
1053 890 1
1053 2809 1
1053 3624 1
1053 2484 1
1053 2354 1
3537 3790 1
5182 3261 1
5182 762 1
5182 1247 1
5182 2700 1
5182 946 1
5182 1067 1
5182 2374 1
5182 2112 1
5182 5259 1
5182 4094 1
5636 5580 1
5636 3587 1
5636 1156 1
5636 2579 1
5636 397 1
5636 4404 1
5636 3454 1
5636 625 1
5636 2319 1
5636 3189 1
5636 3947 1
5636 2841 1
5636 4194 1
4681 759 1
4681 2072 1
4681 105 1
4681 1786 1
2597 5164 1
2597 1771 1
846 5825 1
846 634 1
846 2005 1
846 4954 1
846 583 1
846 5883 1
846 3557 1
846 5476 1
846 5145 1
846 1969 1
846 3124 1
846 2799 1
846 3724 1
846 2754 1
3755 831 1
3755 4496 1
3755 2454 1
3755 3531 1
3755 793 1
3755 1764 1
5047 1197 1
5047 492 1
5047 4114 1
5047 5715 1
5047 1659 1
5047 1057 1
5047 5242 1
5047 2010 1
5047 1409 1
5047 2141 1
5047 948 1
5047 3066 1
5047 5062 1
5047 5149 1
5047 4729 1
5047 3225 1
5047 2971 1
5047 1366 1
3767 3791 1
2207 2558 1
4595 2517 1
4595 547 1
4595 4338 1
4595 1947 1
4595 2630 1
4595 2071 1
4595 5842 1
4595 3287 1
2515 537 1
2515 3981 1
2515 1733 1
2515 4283 1
3080 4101 1
3080 1905 1
3080 3572 1
3080 3938 1
3080 4584 1
1421 4656 1
2256 3269 1
2256 4739 1
2256 4766 1
2256 2596 1
2256 2295 1
2256 5880 1
2256 4240 1
2256 3483 1
2256 1684 1
2256 2831 1
2256 1386 1
2256 5003 1
2256 2540 1
2875 601 1
5243 5296 1
5243 3924 1
5243 1427 1
5243 5889 1
5243 5589 1
5243 5732 1
5243 4178 1
3354 2835 1
3354 4645 1
3354 4002 1
3756 1965 1
3756 497 1
3756 4672 1
87 4898 1
87 3739 1
87 3187 1
87 1421 1
87 2578 1
87 3120 1
87 3930 1
87 5879 1
87 5845 1
87 14 1
87 3136 1
87 867 1
87 5526 1
87 2079 1
87 3137 1
87 2970 1
87 419 1
2187 5768 1
2187 1040 1
2187 574 1
2187 2290 1
2187 4434 1
2187 5090 1
2187 414 1
2187 5458 1
2465 2659 1
2465 335 1
2465 3567 1
2465 2487 1
2465 2151 1
2465 5557 1
2465 4919 1
2465 127 1
2465 616 1
2465 2314 1
2465 5829 1
2465 83 1
35 5352 1
373 2937 1
373 5064 1
3427 2229 1
1643 2597 1
1643 5682 1
1643 3994 1
1643 2519 1
1643 5005 1
1643 3227 1
1643 2686 1
1643 3005 1
5106 1287 1
5106 9 1
5106 4922 1
5106 2471 1
5106 4024 1
5106 770 1
5106 4993 1
5106 3629 1
5106 3356 1
5106 5363 1
4130 5033 1
4130 5507 1
4130 4020 1
1413 4295 1
1413 2658 1
1413 3192 1
3333 2660 1
3333 3014 1
3333 2388 1
3333 4865 1
3147 3926 1
3147 4610 1
3147 2032 1
2456 765 1
2456 3566 1
2456 510 1
2456 644 1
2456 1632 1
2456 4751 1
1704 2905 1
1704 5775 1
1704 508 1
1704 945 1
3430 1284 1
5392 2456 1
5392 5013 1
5392 1327 1
5392 1528 1
5392 330 1
5215 5893 1
5215 1800 1
5215 555 1
3390 5249 1
3390 184 1
4472 5396 1
4472 2406 1
4472 3565 1
4472 4289 1
4472 4704 1
930 134 1
930 5874 1
930 1353 1
930 1521 1
680 256 1
680 799 1
2549 364 1
2549 2160 1
2549 4081 1
2549 5795 1
2549 670 1
2549 494 1
5899 2478 1
395 1818 1
395 3041 1
395 2542 1
395 258 1
3912 1370 1
3912 2217 1
3912 5481 1
5559 2960 1
5559 1095 1
775 3842 1
4625 3158 1
4625 5872 1
4625 1124 1
4625 1114 1
2192 3558 1
2192 3168 1
2192 4310 1
2192 1663 1
2192 1233 1
2192 4456 1
2192 1278 1
2192 1023 1
2192 3123 1
2192 4708 1
2192 5633 1
2192 607 1
2192 109 1
2192 1100 1
2192 2894 1
2192 1232 1
2192 337 1
2192 4509 1
2192 2778 1
2192 4287 1
2192 4019 1
2192 571 1
2192 176 1
2192 1594 1
5495 3457 1
5495 2163 1
5495 2881 1
4447 3149 1
4447 499 1
4447 5426 1
4447 4861 1
1515 936 1
1515 1018 1
1515 2613 1
4043 2198 1
4043 5305 1
4043 251 1
4043 2742 1
4043 4403 1
2203 4357 1
2203 4203 1
652 1272 1
652 1533 1
652 4866 1
652 648 1
652 2269 1
2607 2908 1
2636 1127 1
3869 5072 1
3869 2403 1
3869 5297 1
500 2530 1
500 401 1
500 592 1
4606 2612 1
4606 2105 1
4606 2998 1
3018 1549 1
3018 5170 1
3018 4058 1
3018 4034 1
3018 3021 1
3018 609 1
3018 3272 1
1907 2663 1
1907 565 1
1907 5613 1
4933 905 1
4933 1220 1
4933 3370 1
4933 5163 1
4933 5192 1
4933 3179 1
4933 1004 1
4933 3961 1
4933 3389 1
1210 2361 1
1210 5232 1
1210 447 1
1210 2616 1
1210 5038 1
3099 3508 1
3099 4675 1
3099 1603 1
3099 509 1
3099 4339 1
2579 4512 1
2579 4834 1
2579 4997 1
2579 3953 1
5442 4462 1
5442 558 1
5442 2293 1
3819 4255 1
3819 2255 1
3326 3166 1
3326 2383 1
3326 3090 1
3326 5843 1
3326 848 1
3326 17 1
1019 1897 1
1019 4620 1
1019 5110 1
1019 5799 1
1019 4543 1
1019 942 1
3600 4242 1
2982 5121 1
2982 590 1
2982 5553 1
2982 3486 1
2982 2683 1
2982 1991 1
2982 3423 1
2982 3455 1
2982 3133 1
2982 448 1
2982 4564 1
2982 2975 1
2982 694 1
2982 744 1
2982 1115 1
2982 1209 1
2982 1041 1
2982 2730 1
2982 284 1
696 1200 1
696 2148 1
696 100 1
696 3967 1
4582 4046 1
4582 4092 1
4582 5318 1
3686 3810 1
3686 208 1
3686 452 1
3686 2707 1
3686 897 1
3686 3431 1
2133 5212 1
5020 4492 1
5020 2617 1
5020 5338 1
5020 2993 1
5020 5165 1
5020 5851 1
5020 4602 1
3945 3556 1
3945 3648 1
3945 3811 1
3945 1611 1
3945 4459 1
4211 874 1
4211 879 1
4211 2093 1
4211 535 1
4211 4812 1
1712 5470 1
1712 5370 1
1712 223 1
363 5364 1
4209 5686 1
4209 4665 1
4209 511 1
179 5668 1
179 3083 1
5758 5531 1
5758 5126 1
5758 675 1
5758 966 1
5758 3763 1
5758 5451 1
5758 3458 1
5758 5371 1
5758 729 1
5758 1661 1
5758 4848 1
5758 398 1
5758 5415 1
5758 5077 1
5758 5459 1
5758 4273 1
5758 3850 1
5758 62 1
5758 4023 1
5758 1713 1
5758 5563 1
5758 3433 1
5758 1304 1
5758 4157 1
5758 2227 1
5758 2494 1
5758 3754 1
5758 156 1
5758 2070 1
5684 3320 1
5684 1451 1
332 2308 1
332 1469 1
4754 5241 1
4471 2331 1
1670 1158 1
1914 426 1
1914 5233 1
1647 5294 1
1647 900 1
1647 921 1
1647 3835 1
5024 1471 1
5024 2687 1
5024 4491 1
5024 3450 1
5024 1861 1
5024 2821 1
5024 4810 1
3422 2759 1
1003 3336 1
5644 832 1
5644 4156 1
5644 4010 1
5644 1033 1
5644 3959 1
5644 4726 1
5644 5848 1
5644 2003 1
3057 3065 1
3057 5143 1
3773 1637 1
3773 378 1
3773 3644 1
3773 1777 1
3773 2811 1
1233 1650 1
1233 1130 1
1233 2251 1
1233 3421 1
1233 2502 1
1233 584 1
1233 3894 1
1233 2016 1
1233 5882 1
1233 659 1
1233 5217 1
1233 2976 1
1233 3383 1
2120 2300 1
2786 2926 1
2786 1235 1
2786 380 1
4824 3828 1
4824 214 1
4824 4903 1
4824 1787 1
4824 5330 1
4824 3985 1
4813 1746 1
4813 1032 1
4813 3056 1
4813 1012 1
4813 3011 1
4813 608 1
4813 3205 1
4813 821 1
4813 2615 1
4813 697 1
3139 5537 1
3139 2064 1
3164 4649 1
3164 4864 1
1403 56 1
1403 2576 1
5712 367 1
5712 5601 1
5712 1441 1
5712 3931 1
5712 745 1
5712 3672 1
5712 4473 1
5712 1945 1
5712 1293 1
3628 3971 1
3628 2133 1
3628 3353 1
3628 4185 1
3628 3327 1
3628 2090 1
3628 3373 1
3628 707 1
3628 5181 1
1836 5834 1
1836 3688 1
1836 5725 1
1836 1768 1
1836 3936 1
2316 632 1
2316 5421 1
2316 2061 1
5844 148 1
5844 4066 1
5844 3093 1
5844 118 1
5844 2770 1
5844 2466 1
5844 3617 1
5844 2372 1
5844 969 1
5844 3049 1
5601 3860 1
5601 2277 1
2259 5584 1
2259 108 1
2259 5787 1
2259 1638 1
2259 465 1
2259 480 1
3115 5094 1
3115 2603 1
3115 5805 1
3115 1915 1
3115 157 1
3115 3661 1
3115 3070 1
3115 525 1
3115 5180 1
3115 1126 1
3115 1211 1
3115 5274 1
3115 4627 1
3115 4299 1
2906 3084 1
2906 4784 1
1656 5608 1
768 344 1
768 1137 1
768 1606 1
768 2368 1
768 5148 1
768 1262 1
4168 1910 1
4168 1399 1
4168 5388 1
222 76 1
222 4973 1
222 334 1
708 4180 1
708 4918 1
1480 4990 1
2117 1658 1
2117 1076 1
4661 3425 1
4661 4428 1
2471 5675 1
4958 2448 1
579 689 1
579 4978 1
579 2316 1
579 575 1
579 2062 1
579 4798 1
579 2939 1
579 4693 1
579 3705 1
579 1578 1
579 2378 1
772 3324 1
772 2857 1
772 1775 1
772 5044 1
772 1731 1
772 824 1
772 5639 1
772 800 1
772 478 1
772 4974 1
772 2888 1
884 1725 1
884 838 1
884 2334 1
884 3447 1
884 379 1
884 872 1
884 1754 1
884 1801 1
884 5594 1
884 4624 1
2101 5785 1
2101 82 1
2101 4808 1
2101 5489 1
2101 1520 1
2101 2928 1
2101 1486 1
717 629 1
717 5306 1
717 4753 1
717 4880 1
717 147 1
717 23 1
717 2961 1
717 5609 1
717 2031 1
717 4384 1
717 3091 1
1974 2437 1
1974 3452 1
1974 3846 1
1974 3284 1
1974 2731 1
1974 2920 1
5595 1703 1
5595 366 1
5595 2972 1
5595 2933 1
5595 1106 1
5595 2823 1
5595 597 1
5595 4832 1
5482 166 1
5482 3717 1
5482 5571 1
5482 5340 1
5482 2896 1
5482 4115 1
5482 3511 1
5482 3145 1
5482 4965 1
5482 549 1
5482 4493 1
5482 3904 1
5482 4243 1
5482 5443 1
5482 1702 1
5482 1693 1
5482 2343 1
5482 3722 1
5082 370 1
5082 2492 1
5082 2688 1
5082 2175 1
5082 4598 1
5082 1811 1
5082 4289 1
5082 1044 1
5082 3403 1
5082 1401 1
5688 5529 1
3580 1221 1
5571 4989 1
5571 1751 1
4022 2077 1
4022 183 1
1265 614 1
1265 46 1
5723 5097 1
1874 970 1
3407 5514 1
3407 2632 1
3407 1113 1
1425 428 1
1425 1116 1
1425 3532 1
1425 4289 1
4228 3471 1
4228 596 1
5340 1449 1
5340 1726 1
5340 3510 1
5340 5560 1
5340 4275 1
5340 2208 1
5340 2252 1
5340 4414 1
5340 1187 1
1968 3464 1
1968 1750 1
1968 1966 1
4630 1222 1
4630 2116 1
4630 2685 1
4630 5230 1
4630 5012 1
1668 2652 1
1668 1131 1
1668 4356 1
1668 1562 1
1668 4884 1
1668 241 1
615 115 1
615 369 1
615 991 1
615 3380 1
615 4582 1
615 1190 1
615 4528 1
615 4618 1
615 4191 1
615 1557 1
615 5813 1
615 797 1
615 5268 1
933 3520 1
933 1561 1
933 224 1
933 2703 1
933 3277 1
933 5198 1
2751 2898 1
2751 1645 1
2751 2458 1
2751 1501 1
2751 5678 1
2751 4915 1
2751 4942 1
2751 5313 1
2751 1338 1
2751 1279 1
2751 5708 1
2751 4599 1
2751 4907 1
2751 4103 1
2751 732 1
2751 924 1
2751 784 1
2751 4946 1
2751 1242 1
2751 2083 1
1022 5683 1
1022 2210 1
1022 2430 1
3917 4836 1
5621 1539 1
5621 3215 1
5621 1140 1
5509 4316 1
5509 1830 1
5509 242 1
5509 3263 1
5509 3221 1
5509 2942 1
5509 5222 1
5509 5446 1
5509 586 1
5509 4040 1
255 4680 1
255 3900 1
255 1620 1
4120 863 1
4120 1019 1
4120 5652 1
4120 636 1
4120 1426 1
4120 581 1
4120 5521 1
4120 5648 1
4690 3682 1
4690 3329 1
4690 2965 1
4690 3152 1
4690 468 1
4690 66 1
4690 3210 1
4690 3397 1
4690 5467 1
4690 4247 1
4690 4461 1
5211 161 1
5211 4380 1
5211 5043 1
5211 1394 1
5211 3921 1
5211 5136 1
5211 682 1
2739 974 1
1508 699 1
1508 5620 1
1508 2150 1
1508 1607 1
1508 5814 1
1508 1437 1
880 2549 1
880 2023 1
880 3422 1
880 5034 1
880 2194 1
880 3745 1
880 3564 1
880 1202 1
880 4096 1
880 1090 1
880 3800 1
880 993 1
880 4755 1
2033 5172 1
2033 3870 1
2033 3249 1
2033 2385 1
2033 169 1
4904 1402 1
3510 698 1
3510 4916 1
3510 577 1
3510 4331 1
3510 1619 1
3510 4488 1
3510 4186 1
3510 4892 1
3510 5394 1
2250 3001 1
2250 1890 1
5277 2728 1
5277 3262 1
1950 3416 1
1950 691 1
1950 4272 1
1950 1367 1
2306 4150 1
2306 2692 1
2306 1636 1
2306 1559 1
2306 443 1
2306 907 1
2306 33 1
2306 3350 1
2306 1806 1
746 3200 1
746 3437 1
47 4560 1
47 206 1
47 5320 1
47 4003 1
47 3082 1
47 679 1
47 1349 1
47 2180 1
47 1944 1
47 5749 1
47 5298 1
47 1613 1
47 3675 1
47 3785 1
47 3541 1
47 2427 1
1320 3217 1
1320 453 1
5170 5426 1
5170 4861 1
437 5596 1
3058 4687 1
2736 3899 1
2736 434 1
4660 3591 1
4660 163 1
5762 5019 1
5762 3018 1
5762 3242 1
5762 5672 1
5762 3604 1
5762 5289 1
5762 5794 1
5762 5718 1
5762 3100 1
5762 167 1
5762 4231 1
5762 1227 1
5762 2107 1
5762 4093 1
1009 4530 1
1009 5510 1
1009 2140 1
1009 4648 1
1009 3122 1
1009 168 1
1009 1934 1
1009 4312 1
1009 4188 1
3794 4394 1
3794 4352 1
3794 5414 1
3794 5386 1
3794 1180 1
3794 302 1
3794 4257 1
3794 5433 1
3794 1181 1
3794 2167 1
3794 4500 1
3794 2047 1
3794 1873 1
3794 2209 1
5612 987 1
2883 1706 1
2883 5611 1
2883 979 1
2883 3676 1
2883 1828 1
2883 2235 1
2883 4167 1
2883 4009 1
2883 2989 1
2883 5525 1
2883 3013 1
2883 4764 1
2883 4221 1
5107 1505 1
5107 382 1
5107 4688 1
5107 408 1
5107 3721 1
2541 2528 1
2541 4376 1
2541 5783 1
2541 898 1
2541 854 1
2541 4600 1
2541 99 1
2541 203 1
2541 4098 1
2541 3318 1
2541 1815 1
2541 758 1
2541 137 1
2541 2671 1
2541 1419 1
1718 2184 1
1718 3479 1
1718 2804 1
1718 3260 1
1718 3616 1
1718 2520 1
1718 1341 1
1718 1160 1
1718 4522 1
1718 2564 1
1718 1949 1
1718 92 1
1718 4059 1
1718 2481 1
61 4998 1
61 3506 1
402 719 1
402 5167 1
5734 1837 1
5734 2657 1
2450 5105 1
2450 3635 1
2450 5334 1
724 1294 1
724 4483 1
724 4796 1
724 2752 1
724 1852 1
724 3853 1
724 5407 1
724 336 1
1669 5220 1
1669 1039 1
1669 5051 1
1669 1646 1
1669 971 1
1669 4553 1
1456 2764 1
1456 852 1
1456 1545 1
1456 2057 1
1456 1081 1
1456 4767 1
1456 2375 1
4183 1553 1
4183 1995 1
4183 4817 1
333 5066 1
5544 4368 1
5544 4397 1
5544 4735 1
5544 1854 1
5544 3888 1
4619 5079 1
4619 4586 1
4619 1582 1
4619 2902 1
4619 4239 1
4619 2554 1
4619 5453 1
4619 4972 1
4619 259 1
4619 1504 1
4619 3025 1
4619 5830 1
4619 5867 1
4619 3876 1
5387 1643 1
5387 3594 1
5387 5523 1
5387 1820 1
5387 5657 1
959 643 1
959 3948 1
959 5288 1
959 3308 1
3939 5566 1
1677 2261 1
1677 2674 1
3766 4606 1
5386 798 1
5386 3932 1
5386 3910 1
5386 1310 1
5386 5016 1
5386 4320 1
5386 4047 1
812 2099 1
812 4305 1
4457 2297 1
1655 2396 1
5316 2414 1
5316 1681 1
4127 180 1
4127 3545 1
4127 4424 1
4127 3642 1
4127 3690 1
4127 3929 1
4127 5256 1
4127 3787 1
4127 1793 1
5826 2074 1
585 391 1
585 981 1
464 1455 1
2415 4196 1
2415 2264 1
2415 1274 1
2415 3067 1
2415 771 1
3480 3571 1
3480 5570 1
3480 1453 1
3480 2973 1
3480 1507 1
3480 2590 1
3208 1540 1
3208 4351 1
3208 1621 1
3208 2002 1
502 851 1
502 2467 1
502 2457 1
1994 4843 1
1994 2726 1
1994 463 1
1994 4699 1
1994 2600 1
1994 1198 1
1994 4891 1
1994 1879 1
1994 5154 1
1518 440 1
1518 4839 1
1234 4721 1
1234 5605 1
1234 255 1
1234 5386 1
1234 3104 1
1234 3167 1
1234 2791 1
1234 3839 1
1234 63 1
2006 2341 1
2006 3427 1
257 528 1
257 4634 1
257 3273 1
257 4635 1
3079 2077 1
3079 3581 1
3079 4022 1
3079 1026 1
3079 1009 1
3079 2222 1
3079 4590 1
3259 1838 1
3259 3742 1
3259 3855 1
3259 1666 1
1628 5604 1
1628 2786 1
1628 640 1
1628 3554 1
1628 5416 1
1628 5132 1
1628 31 1
1628 2790 1
1628 2432 1
1628 1204 1
1628 4138 1
1628 2229 1
1628 3251 1
1628 2094 1
1628 2459 1
1628 4417 1
1628 2662 1
1628 4104 1
1628 3431 1
1628 476 1
4756 5146 1
4756 4051 1
4756 20 1
4756 3109 1
4756 4359 1
4756 3799 1
4756 3735 1
4756 2325 1
4756 1589 1
4401 442 1
4401 1985 1
2152 3627 1
2152 3107 1
2152 5572 1
3523 4291 1
3523 1629 1
3523 2258 1
3523 351 1
3523 2758 1
3523 532 1
3523 3612 1
2810 4449 1
2810 2834 1
789 2830 1
789 2036 1
789 87 1
789 2751 1
789 244 1
789 4803 1
789 1913 1
789 2704 1
5588 5691 1
5588 243 1
1072 1891 1
1072 3105 1
2297 3335 1
2297 2080 1
873 5538 1
873 2121 1
873 2067 1
873 3110 1
873 3131 1
4234 2048 1
2363 289 1
2363 3865 1
2363 188 1
2363 4596 1
2363 3837 1
2363 4398 1
2363 4260 1
2363 2279 1
2363 194 1
2363 2018 1
2363 3224 1
5312 2499 1
5312 2381 1
5312 112 1
5312 1072 1
5312 926 1
5312 4676 1
5312 2449 1
5312 2817 1
5312 5573 1
5312 5687 1
1604 5275 1
1604 1952 1
1001 5001 1
1001 195 1
1001 5464 1
624 5316 1
3857 5185 1
3023 2395 1
3023 3849 1
3023 2642 1
3023 3802 1
3023 4179 1
3023 2172 1
3023 4889 1
1390 12 1
1390 611 1
1390 2017 1
1390 600 1
1390 641 1
1390 3987 1
1390 1530 1
1390 1556 1
1390 4612 1
1490 1894 1
1490 817 1
1490 2738 1
1490 1996 1
1490 271 1
3666 2197 1
3666 1282 1
3666 3211 1
3666 1460 1
3666 3393 1
5010 3737 1
483 5009 1
483 1323 1
483 3222 1
313 4211 1
313 3975 1
313 5511 1
313 5737 1
313 5534 1
313 4361 1
1342 86 1
1342 5634 1
1342 1258 1
1342 4902 1
2352 2259 1
2352 4248 1
2352 2772 1
2352 4220 1
3507 5397 1
3507 2602 1
3507 2404 1
3507 782 1
3507 2398 1
3507 150 1
3507 25 1
3507 5029 1
3507 1035 1
3507 5763 1
3507 1103 1
3507 1849 1
3507 292 1
3507 3476 1
2140 4507 1
2140 2962 1
2140 1393 1
2140 4282 1
2140 4806 1
2140 4328 1
2140 985 1
3956 1568 1
889 4949 1
889 2721 1
889 2815 1
889 5393 1
3564 2012 1
886 2801 1
886 5756 1
886 5302 1
1738 3845 1
1738 1992 1
1738 4574 1
1738 247 1
1738 2146 1
1738 4306 1
3641 1642 1
3641 1483 1
1264 229 1
1264 2500 1
1264 2605 1
1264 527 1
1264 3829 1
1264 1372 1
5400 2865 1
4714 3767 1
4714 4252 1
4714 3700 1
482 2304 1
482 275 1
482 2349 1
482 2366 1
482 4371 1
482 2968 1
482 984 1
482 917 1
482 4279 1
1333 5679 1
1333 5434 1
1503 1812 1
1503 4122 1
1503 739 1
1503 268 1
1503 392 1
1503 5561 1
1503 4065 1
2962 5701 1
2962 2923 1
5652 4662 1
5652 3002 1
4119 2971 1
1099 4292 1
1099 1602 1
1099 5074 1
1099 5602 1
1099 1709 1
1099 3696 1
1099 4779 1
1099 1927 1
1099 2330 1
1099 5076 1
1099 2934 1
1099 420 1
1099 3466 1
2258 2373 1
5035 3898 1
5035 58 1
5035 3968 1
5035 4234 1
5035 3334 1
5035 576 1
5035 5527 1
5035 1225 1
5035 1316 1
5035 2463 1
5035 1523 1
5035 2310 1
3890 2514 1
2683 4440 1
2683 252 1
2683 3782 1
2683 5184 1
2683 523 1
2683 3321 1
2683 3548 1
2683 140 1
2683 5278 1
2683 1599 1
1057 3034 1
3661 1171 1
3661 1215 1
3661 1855 1
3661 5865 1
3661 3575 1
3661 568 1
4308 3655 1
1824 4572 1
1824 5864 1
1824 4968 1
1824 5849 1
1824 4934 1
1824 1875 1
1824 4342 1
1824 3702 1
1824 3027 1
2205 4015 1
2205 4825 1
2205 3712 1
2205 2909 1
4429 5201 1
4429 5203 1
4429 1191 1
4429 1473 1
4429 2422 1
4429 2238 1
4429 918 1
4429 1306 1
4429 1858 1
4429 3569 1
4429 3482 1
4429 3496 1
4429 3351 1
4429 4811 1
4429 300 1
4429 5647 1
4429 4736 1
4429 5716 1
2896 1352 1
2896 3674 1
5098 673 1
5098 4130 1
5098 4228 1
5098 1857 1
5098 4805 1
5098 864 1
5098 1924 1
5581 4700 1
5581 16 1
5581 3526 1
5581 2060 1
5581 2959 1
5581 542 1
5581 5228 1
1023 3840 1
5634 4659 1
5634 865 1
5634 3052 1
5634 955 1
2785 3245 1
2785 3991 1
783 3992 1
178 2980 1
178 4086 1
750 3706 1
750 3125 1
750 110 1
750 938 1
750 1403 1
750 513 1
750 1665 1
750 248 1
750 1782 1
750 5424 1
750 4016 1
750 4251 1
750 595 1
750 1498 1
750 5697 1
750 3346 1
750 713 1
750 2931 1
750 1446 1
750 1192 1
750 2144 1
750 5564 1
750 2307 1
2988 1324 1
2988 1196 1
2988 1845 1
2988 5050 1
5231 4595 1
1716 4562 1
1716 38 1
1716 2439 1
1716 914 1
1716 4707 1
2642 3901 1
2642 1148 1
2642 4268 1
2642 4460 1
2642 5569 1
2642 3996 1
4780 3305 1
4780 3058 1
4780 1074 1
1024 1673 1
1024 2159 1
1024 2533 1
1024 5271 1
1024 1363 1
1024 3075 1
3470 181 1
3960 5392 1
3960 5211 1
3960 645 1
3960 2162 1
5808 963 1
1528 4771 1
1528 4856 1
1528 5376 1
1528 2040 1
3780 2719 1
4115 1319 1
4115 3060 1
4115 1379 1
4115 677 1
4115 3934 1
4115 5721 1
4115 3035 1
4115 5820 1
4115 1321 1
2510 840 1
2510 4566 1
2510 5651 1
2510 1064 1
2510 5766 1
2510 2000 1
2510 3965 1
2069 3784 1
2069 562 1
2069 4485 1
726 2091 1
726 4385 1
726 628 1
726 2120 1
726 3477 1
726 560 1
726 1906 1
726 3732 1
726 4782 1
726 2001 1
4432 1472 1
4166 3443 1
4166 410 1
4044 1973 1
4044 692 1
4044 3244 1
4044 1283 1
4044 637 1
4044 4225 1
4044 3593 1
3975 2161 1
3975 1975 1
2143 3144 1
2143 2571 1
1252 2157 1
1252 57 1
1252 2100 1
1252 4873 1
1252 2196 1
1252 5590 1
506 3769 1
506 5495 1
506 915 1
506 556 1
506 4345 1
506 2408 1
506 5103 1
506 5127 1
506 4999 1
506 1846 1
506 1335 1
1888 1778 1
716 3546 1
716 3736 1
716 1938 1
4450 4571 1
4450 3176 1
4450 3707 1
351 2004 1
351 994 1
351 1575 1
4662 3281 1
1096 3201 1
1096 4452 1
1096 2315 1
1096 1389 1
1096 5501 1
1096 4155 1
4525 4276 1
4525 4576 1
4525 5628 1
1563 853 1
815 2413 1
815 504 1
815 3155 1
815 2550 1
815 394 1
815 4222 1
815 3032 1
815 4375 1
815 802 1
1485 5516 1
1616 2604 1
1616 913 1
1616 2508 1
1616 2271 1
3723 1721 1
3723 3577 1
2490 5088 1
2490 5469 1
2490 4961 1
2490 3097 1
2921 3337 1
2921 973 1
2921 3562 1
2921 4616 1
2921 5240 1
2921 860 1
2921 5210 1
1740 3395 1
1740 1543 1
1740 4568 1
1740 4212 1
1740 5374 1
1740 4664 1
1981 5 1
1981 923 1
1981 376 1
1981 4332 1
1981 1047 1
1981 2147 1
1981 561 1
1823 4830 1
1823 2960 1
1823 1095 1
1823 1489 1
844 320 1
844 1214 1
844 3909 1
844 4859 1
844 5345 1
844 2284 1
844 3026 1
844 1177 1
844 3338 1
844 3597 1
844 4383 1
102 796 1
102 24 1
102 1805 1
102 3639 1
102 5449 1
4131 1982 1
4131 3473 1
4131 2556 1
4131 1547 1
4131 236 1
4131 2101 1
4131 4628 1
4131 2479 1
4131 125 1
4131 358 1
4131 5022 1
4131 1876 1
4131 5036 1
4131 1679 1
4896 5667 1
4896 4717 1
4896 992 1
4135 2292 1
2470 1048 1
2470 35 1
2470 162 1
2470 5688 1
2470 2861 1
2470 477 1
2470 2335 1
2470 2903 1
2470 1013 1
2470 1674 1
2470 780 1
2470 4579 1
2470 121 1
2470 1789 1
2470 4326 1
2470 4748 1
2470 324 1
2470 1698 1
2470 1868 1
2470 4192 1
2470 3636 1
2470 2535 1
2470 5474 1
2470 4038 1
1630 2978 1
1630 5528 1
1630 5444 1
3854 1862 1
3854 4587 1
3854 2438 1
3854 2353 1
3854 3738 1
4741 1218 1
4741 301 1
193 931 1
4711 5369 1
4711 383 1
4711 1273 1
4711 362 1
4711 3533 1
358 158 1
358 5835 1
358 3223 1
358 5245 1
358 2059 1
358 804 1
358 1977 1
358 5902 1
358 5118 1
358 1872 1
358 4561 1
358 781 1
358 5124 1
358 2257 1
2436 5445 1
2436 3274 1
2436 1280 1
2436 5887 1
2436 15 1
2436 4728 1
2436 3302 1
2436 1173 1
2436 3024 1
2436 3513 1
2436 989 1
2436 3776 1
2436 3524 1
2436 4790 1
2436 4229 1
2436 3204 1
3504 3683 1
4096 5398 1
3441 801 1
3441 2074 1
3441 1511 1
3441 5826 1
3441 5355 1
3677 5540 1
3677 2716 1
3677 5595 1
3677 1660 1
3677 3939 1
3677 3973 1
3677 2706 1
3677 4406 1
3677 829 1
3677 712 1
3677 2626 1
5191 602 1
5191 671 1
5191 1760 1
5191 1442 1
5191 686 1
5191 4815 1
3492 4819 1
3492 1434 1
3492 3330 1
3492 4237 1
3492 5607 1
5699 3342 1
231 5789 1
231 54 1
231 5856 1
231 5142 1
227 5870 1
1324 1051 1
136 5822 1
5466 947 1
5466 5505 1
1992 4378 1
1992 3600 1
1992 2601 1
1992 32 1
1992 5695 1
1838 2259 1
1838 5315 1
1838 5271 1
1838 4004 1
1838 221 1
1838 5039 1
1838 3288 1
4239 5252 1
4239 5250 1
4239 239 1
4239 1161 1
4239 1608 1
2329 5095 1
2329 3933 1
2329 3106 1
2329 445 1
2329 1015 1
2329 1595 1
2329 3848 1
2329 1617 1
2329 2745 1
2329 2078 1
2329 5803 1
2329 1169 1
2329 1359 1
1405 3305 1
1405 1145 1
1405 4780 1
1405 4256 1
1405 2661 1
868 2095 1
868 5156 1
868 52 1
868 3165 1
868 4758 1
868 4265 1
868 5784 1
868 4544 1
868 1687 1
868 3078 1
868 144 1
868 3118 1
868 5061 1
868 1165 1
868 439 1
868 3543 1
868 2794 1
868 786 1
868 1967 1
1074 4733 1
4925 2699 1
4925 4448 1
3659 653 1
3659 1941 1
3659 2280 1
4355 3920 1
96 3783 1
96 4128 1
96 1672 1
96 2401 1
96 3031 1
96 5134 1
2552 3976 1
4648 3638 1
5560 956 1
5560 1982 1
5560 372 1
5560 1915 1
5560 5263 1
5560 3325 1
5560 978 1
5560 2086 1
5560 36 1
5560 3715 1
5560 1773 1
5560 479 1
5560 3220 1
4880 4121 1
4880 3631 1
4880 3844 1
4880 139 1
4880 5663 1
3221 5906 1
3221 4169 1
3221 930 1
3221 13 1
3221 4064 1
3221 4144 1
3221 101 1
11 3595 1
5497 4319 1
4848 4333 1
4848 444 1
5253 2526 1
5253 1700 1
5253 4724 1
5253 606 1
5253 2944 1
5253 4044 1
5253 1360 1
5253 5159 1
5253 2664 1
5253 3414 1
5253 1920 1
5253 1093 1
2090 5189 1
2090 4944 1
2090 296 1
2010 3760 1
3226 5226 1
3226 1972 1
2772 4077 1
2772 3999 1
2772 5713 1
2772 5365 1
2772 4470 1
2772 928 1
5757 1712 1
5757 2919 1
5757 626 1
5757 4263 1
5757 4118 1
5757 1514 1
5757 4259 1
5757 2744 1
5757 1297 1
5757 481 1
5757 204 1
5757 5246 1
5757 4828 1
5757 5782 1
5757 4900 1
5757 5343 1
5757 5885 1
5757 3207 1
256 2577 1
256 1406 1
256 757 1
256 2166 1
256 2885 1
256 3862 1
256 1491 1
256 1860 1
3964 5692 1
3964 899 1
3964 4877 1
3964 5247 1
3964 2553 1
3964 1779 1
3964 4467 1
4518 3881 1
4518 4991 1
4518 2285 1
4518 53 1
4518 2278 1
4518 5299 1
4518 5383 1
4518 1796 1
4518 4870 1
4518 1842 1
4199 5209 1
2649 2392 1
5321 3188 1
5321 165 1
5321 1216 1
5321 5639 1
5321 3280 1
5321 2041 1
5321 2676 1
5321 5632 1
5321 5248 1
5321 5485 1
954 1634 1
954 2784 1
954 5264 1
954 340 1
1167 4592 1
1167 4045 1
1167 5272 1
1167 1172 1
5672 4719 1
5575 1901 1
5575 1059 1
5575 4079 1
5575 4722 1
5788 5614 1
549 3264 1
549 4697 1
549 5058 1
549 2453 1
1181 731 1
1181 3573 1
1181 5748 1
1181 4995 1
1181 3254 1
1181 116 1
1181 507 1
1181 2776 1
4914 5157 1
4914 3907 1
4914 2008 1
4914 4686 1
4914 5618 1
4914 78 1
1641 1490 1
1641 4516 1
1641 5283 1
1641 5417 1
1641 4216 1
4172 4960 1
4230 129 1
4230 2495 1
4230 1224 1
4230 192 1
4230 3534 1
329 1001 1
329 4925 1
329 175 1
329 3540 1
329 4111 1
4117 1003 1
4117 113 1
4117 2589 1
4117 1502 1
4117 1680 1
1124 5425 1
1124 5724 1
1424 3879 1
5576 741 1
5576 1586 1
5576 752 1
5576 2236 1
2019 927 1
2019 5428 1
2019 2329 1
2019 1317 1
2019 534 1
2019 2946 1
1522 3522 1
1522 5750 1
1522 4099 1
1522 1639 1
1522 552 1
1522 3728 1
4708 3821 1
4708 1573 1
4062 1971 1
5786 3689 1
5786 462 1
5786 2850 1
5786 75 1
5786 4892 1
5786 5736 1
5786 5309 1
5786 5483 1
5786 5362 1
5786 2506 1
5786 4466 1
5786 5742 1
5786 1245 1
5786 4300 1
5786 4745 1
1562 3472 1
4281 262 1
3037 3148 1
4935 290 1
4935 3570 1
4935 4497 1
4935 4639 1
4935 390 1
4935 3094 1
4935 2912 1
4935 5655 1
584 441 1
584 5237 1
584 1077 1
584 4411 1
4406 3605 1
5269 5664 1
5269 2727 1
5269 29 1
5269 3831 1
5269 2709 1
603 4770 1
603 2399 1
603 1959 1
2134 446 1
2134 2696 1
5429 1301 1
5429 964 1
5429 1348 1
5429 1443 1
5429 4950 1
5429 1583 1
5332 2452 1
5332 3171 1
5332 845 1
5332 3134 1
5332 5191 1
5332 3007 1
5332 2431 1
5332 4464 1
5332 2475 1
5332 5123 1
5876 5599 1
5876 722 1
5876 5622 1
2016 4142 1
727 5578 1
3884 170 1
3884 5373 1
3884 3080 1
3884 1159 1
3884 5812 1
3884 3208 1
3884 5588 1
3884 3275 1
3884 3770 1
3884 720 1
3884 1689 1
3884 3469 1
3884 356 1
3884 4863 1
3884 3667 1
3884 2568 1
3884 1189 1
3884 1396 1
766 2485 1
766 5702 1
766 4317 1
766 4184 1
766 333 1
766 1942 1
766 1234 1
766 4429 1
766 726 1
766 557 1
766 4908 1
766 1488 1
5219 4270 1
2336 3589 1
5114 664 1
5114 5556 1
3692 2225 1
2096 1435 1
2096 2573 1
2096 742 1
2096 4391 1
2096 3997 1
2096 4344 1
2096 3814 1
1495 2270 1
1495 3758 1
1772 4793 1
543 3462 1
543 2188 1
4205 64 1
4205 5646 1
4205 276 1
4205 3344 1
1956 5122 1
1956 5161 1
1956 3040 1
1956 4878 1
5002 911 1
5002 2672 1
5002 2547 1
5002 4636 1
5002 386 1
5002 3733 1
5002 342 1
5002 3243 1
5002 2887 1
5002 4266 1
5002 627 1
5002 422 1
2999 1061 1
2999 254 1
2999 730 1
2999 2513 1
1451 837 1
1451 143 1
1451 567 1
3349 4746 1
3349 4508 1
3349 4210 1
3349 159 1
3349 4213 1
3349 1535 1
4911 37 1
4911 4930 1
4911 4421 1
4911 588 1
4911 2240 1
4911 4162 1
4911 4594 1
4911 5520 1
4911 41 1
4911 4546 1
4911 1102 1
4911 1506 1
4911 2066 1
4911 3759 1
4911 1492 1
103 1351 1
103 4549 1
730 298 1
4179 1184 1
4179 357 1
4179 3000 1
4179 5347 1
4179 4883 1
4179 4945 1
4179 5753 1
4179 270 1
3931 1953 1
3931 2260 1
3931 958 1
3931 3191 1
3931 5631 1
412 466 1
2633 4838 1
2633 2135 1
2633 3127 1
2633 5846 1
2633 4853 1
2633 3177 1
2633 2029 1
2633 233 1
5147 4039 1
5147 2566 1
5147 2333 1
5147 4206 1
5147 3771 1
5147 3680 1
5147 451 1
5147 4436 1
5147 475 1
5147 235 1
5147 4329 1
5147 3559 1
5147 42 1
5147 3980 1
5147 2168 1
5147 1921 1
1411 3237 1
4477 3861 1
4477 4446 1
4477 564 1
4477 826 1
4477 4763 1
4477 885 1
4477 633 1
4477 2193 1
4477 1832 1
4477 1710 1
4477 3951 1
4477 4089 1
2628 5827 1
2628 5819 1
2628 4028 1
2565 1011 1
2565 2376 1
122 1951 1
122 5720 1
3297 2750 1
958 1953 1
5166 2103 1
5166 3841 1
5166 4981 1
5166 764 1
5166 2088 1
5166 4241 1
5166 1745 1
5166 3304 1
5166 3606 1
5166 4881 1
5166 287 1
5166 4337 1
5166 1133 1
201 5319 1
201 3185 1
201 4837 1
201 322 1
201 3969 1
201 3055 1
201 3588 1
201 3998 1
201 4031 1
261 3902 1
261 2668 1
261 1909 1
261 2202 1
261 1810 1
261 1343 1
261 2866 1
261 2599 1
261 976 1
261 1286 1
261 3037 1
261 3361 1
261 5818 1
261 3843 1
261 5063 1
261 5286 1
261 3096 1
261 488 1
261 3957 1
261 46 1
984 5502 1
1087 3311 1
1087 3173 1
1087 1320 1
1087 2862 1
1087 2490 1
1087 4249 1
1087 1789 1
1087 3797 1
4963 2606 1
4963 2440 1
2890 5027 1
2890 2986 1
2890 3816 1
2890 1328 1
2890 4341 1
2890 3607 1
2890 34 1
2890 5460 1
2890 3498 1
3180 1866 1
3180 3824 1
3180 5100 1
3180 3213 1
3180 5117 1
3180 3826 1
1476 5781 1
1476 2895 1
1066 5517 1
1066 104 1
1066 1723 1
1066 4000 1
1066 3628 1
1066 1229 1
1066 1332 1
1066 1146 1
1066 4430 1
1066 5041 1
1066 1749 1
1066 1976 1
1066 1371 1
1066 489 1
1066 4445 1
1066 98 1
1066 912 1
1066 2394 1
1066 2195 1
1066 5761 1
1066 2267 1
1066 2529 1
1066 887 1
1066 1428 1
1066 3198 1
3076 5408 1
3076 3594 1
3076 669 1
3076 3230 1
3076 5081 1
3076 3379 1
3076 5087 1
1748 5011 1
1748 2432 1
4752 2469 1
4752 2323 1
4752 710 1
4752 3113 1
4752 2647 1
4752 1696 1
4803 4715 1
1851 1376 1
1851 5555 1
1851 209 1
1851 3160 1
1851 2033 1
1851 5625 1
1851 1948 1
1851 836 1
1851 5576 1
1851 919 1
1851 1987 1
1851 5807 1
1851 3694 1
1851 3836 1
1851 524 1
1851 69 1
1851 5056 1
5291 4897 1
5291 4478 1
5291 4689 1
5291 2842 1
5291 505 1
5291 3977 1
5291 5385 1
5291 1864 1
5291 213 1
5291 1251 1
5291 4281 1
5291 803 1
5291 3553 1
5291 331 1
5291 3893 1
5291 2243 1
5291 4173 1
5291 2690 1
5291 5104 1
5291 5151 1
5291 1430 1
5291 1000 1
5291 3232 1
5453 4393 1
5453 2585 1
5453 866 1
5453 3196 1
5453 327 1
919 5601 1
919 2169 1
919 4369 1
919 5160 1
4494 5835 1
4494 5477 1
4494 5108 1
4494 3618 1
4494 1108 1
4494 3461 1
4494 2237 1
4494 2311 1
4494 315 1
4494 2524 1
4494 622 1
4494 2673 1
4494 3314 1
4494 5267 1
2595 807 1
2595 4552 1
2595 2287 1
2595 2164 1
2595 1354 1
5356 2340 1
3929 2522 1
3929 875 1
4626 2695 1
4626 1964 1
5304 3085 1
5304 5354 1
5304 4309 1
5304 5617 1
5304 50 1
5304 1414 1
5304 490 1
5304 4014 1
5304 1525 1
4967 650 1
4967 5669 1
2770 1624 1
2770 2496 1
2770 211 1
2770 570 1
2770 2313 1
2770 4471 1
2770 949 1
2770 3459 1
2770 3146 1
2770 282 1
2770 1470 1
2770 5265 1
2770 827 1
2770 795 1
3790 4175 1
2422 2951 1
2422 3796 1
5557 3289 1
3455 3653 1
3455 3917 1
3455 2983 1
3455 5173 1
3455 5581 1
3455 5395 1
3455 1770 1
3455 5432 1
3455 2483 1
3455 744 1
3455 3071 1
3455 1213 1
1085 2228 1
1085 5213 1
1085 128 1
1085 43 1
1085 3622 1
1085 5381 1
1085 2232 1
1085 1452 1
1085 5096 1
1085 2473 1
1085 788 1
3104 4643 1
3104 1269 1
3104 4570 1
3104 1091 1
3104 4223 1
3104 1423 1
3104 3408 1
3104 60 1
3104 1865 1
3104 2755 1
3104 1484 1
3104 1142 1
5633 1605 1
5633 4638 1
5633 3908 1
5633 4125 1
3189 2266 1
114 2656 1
114 59 1
114 4534 1
4831 1025 1
4831 1292 1
4831 5411 1
4831 277 1
4594 2130 1
4594 1098 1
1217 5137 1
1217 1843 1
1217 3487 1
4972 1612 1
4972 1412 1
2238 2441 1
2238 1305 1
2238 5273 1
2238 3679 1
2238 951 1
2238 2477 1
2238 343 1
4847 5280 1
4847 5042 1
4847 5448 1
4847 2878 1
4847 2737 1
4847 3141 1
4847 3630 1
4847 3741 1
4847 4632 1
392 4250 1
392 2405 1
392 3404 1
392 3656 1
392 3626 1
5546 237 1
5546 870 1
2544 141 1
2544 4667 1
2544 5382 1
2544 1841 1
2544 908 1
2544 551 1
2942 229 1
2942 1079 1
2942 3436 1
2942 1104 1
259 3549 1
1561 2807 1
2132 5484 1
2132 423 1
2132 3925 1
2132 4559 1
2132 1052 1
2132 1657 1
2132 3298 1
2132 888 1
3993 2369 1
3993 5815 1
3993 3234 1
3993 1448 1
3993 806 1
1767 1825 1
1767 5238 1
1767 5114 1
948 4611 1
948 3358 1
948 655 1
948 4482 1
948 2736 1
948 522 1
948 690 1
948 3730 1
948 2042 1
948 1719 1
948 1591 1
948 2142 1
948 269 1
948 5700 1
948 153 1
948 5490 1
948 1756 1
948 2574 1
4984 2211 1
1913 3428 1
1913 823 1
1913 2858 1
1913 3619 1
1913 1834 1
1913 4666 1
1913 920 1
1913 1063 1
1913 1373 1
1913 2199 1
1913 563 1
1913 3266 1
1913 3015 1
1392 982 1
1392 2451 1
1392 2635 1
1392 3247 1
1392 501 1
3529 5457 1
1754 5140 1
1754 1688 1
1754 2591 1
1754 4238 1
3542 3568 1
3542 4696 1
3542 3426 1
3542 429 1
3542 1587 1
3542 111 1
1298 1055 1
1298 2443 1
1298 472 1
1298 3349 1
1298 2190 1
1298 3915 1
1298 5067 1
1298 3340 1
1298 5093 1
1298 937 1
811 3092 1
811 617 1
811 80 1
811 1802 1
811 5472 1
3193 5234 1
3193 281 1
3193 3756 1
3193 2551 1
3193 3582 1
3193 4152 1
3193 5107 1
3193 4153 1
3193 2781 1
3193 4348 1
3193 3347 1
3193 4738 1
3193 4395 1
3193 1244 1
3193 4325 1
3193 3419 1
3193 5796 1
4084 5195 1
4084 3147 1
4084 5774 1
4084 2910 1
4084 3429 1
4084 3725 1
4084 3279 1
4084 323 1
4084 3255 1
2385 3815 1
2385 5367 1
2385 1238 1
2385 2518 1
2385 1831 1
2385 2289 1
72 119 1
5574 2827 1
3812 3193 1
4646 1569 1
4646 4055 1
4646 4654 1
4646 3376 1
4646 5054 1
4646 5859 1
4646 2940 1
3122 487 1
3122 4578 1
3122 4139 1
3122 2273 1
3122 3043 1
3122 2984 1
3122 2043 1
3122 1984 1
3122 2435 1
3122 4435 1
3122 1201 1
1341 1391 1
1341 3765 1
1341 5635 1
1341 1567 1
4442 847 1
4442 2675 1
4442 4033 1
4442 5629 1
1584 5461 1
1584 3077 1
1584 748 1
1584 3950 1
1584 665 1
1584 4297 1
1584 4195 1
1584 4315 1
4294 4358 1
4444 4966 1
4304 3922 1
4304 3236 1
4304 959 1
3548 2582 1
3548 2567 1
2797 3658 1
1226 5262 1
1226 3089 1
1226 308 1
1226 3406 1
299 3252 1
263 3858 1
263 5323 1
263 4800 1
263 5673 1
263 5750 1
59 2239 1
59 4797 1
59 4716 1
59 4409 1
288 1574 1
288 996 1
288 4671 1
288 5456 1
288 3518 1
288 5092 1
288 5901 1
288 1259 1
288 2165 1
288 4267 1
288 5419 1
288 4029 1
288 5508 1
3347 5739 1
3347 3061 1
3347 2084 1
3347 3142 1
1765 1285 1
5875 4723 1
5875 3424 1
455 294 1
1078 3729 1
1078 2320 1
1078 1228 1
1078 4684 1
1078 3601 1
1078 1070 1
4806 2593 1
5244 68 1
2365 272 1
2365 2156 1
247 5776 1
247 2987 1
247 2274 1
247 4147 1
247 4207 1
247 145 1
2792 3054 1
3762 2035 1
3762 2634 1
3762 1333 1
3762 3874 1
3762 4458 1
3762 3927 1
3762 3256 1
3762 1203 1
1687 2189 1
1687 2416 1
1687 90 1
1687 5694 1
1687 2771 1
1687 1792 1
1687 4588 1
1687 4278 1
1687 1877 1
1687 2947 1
1687 3050 1
1687 5593 1
1687 1565 1
1687 2299 1
1687 399 1
1687 5155 1
1687 3740 1
3515 967 1
3515 3199 1
3515 3292 1
3515 4792 1
3515 4826 1
3515 3875 1
3515 4330 1
5609 4857 1
5609 2444 1
5609 3664 1
5609 4818 1
5609 1644 1
5609 4990 1
5609 3478 1
5609 512 1
5609 5069 1
5609 2362 1
5609 1230 1
5609 4833 1
4366 1050 1
4366 354 1
3832 1361 1
3832 2223 1
3832 471 1
3832 2417 1
3832 1219 1
3832 5208 1
1483 846 1
1483 2363 1
1483 3507 1
1483 5832 1
1483 5257 1
189 3437 1
189 1188 1
189 2296 1
189 1378 1
189 1581 1
189 3440 1
189 4844 1
189 1075 1
189 2802 1
189 4901 1
867 1790 1
867 3727 1
1173 1144 1
1173 273 1
1173 2853 1
1173 2081 1
1173 1741 1
4149 2871 1
4149 5752 1
4149 2322 1
4149 1618 1
4149 3662 1
4149 4701 1
4149 591 1
4149 3561 1
4149 1017 1
4149 2357 1
4149 2825 1
4149 5372 1
4149 1178 1
4149 5696 1
4149 4940 1
4149 4527 1
4149 3657 1
4149 4548 1
4149 1744 1
4149 2637 1
2728 2922 1
581 3803 1
581 3175 1
581 3974 1
1306 5196 1
1306 934 1
1306 3442 1
1306 539 1
1306 4657 1
2994 785 1
117 2788 1
117 2174 1
117 4816 1
117 238 1
117 548 1
117 285 1
117 4929 1
117 1381 1
117 2370 1
117 3051 1
117 1580 1
117 2626 1
607 1993 1
607 4923 1
607 995 1
607 5473 1
607 1647 1
607 768 1
607 1462 1
607 1899 1
607 2415 1
607 3857 1
607 5402 1
607 1716 1
607 1457 1
607 618 1
607 2631 1
607 1260 1
607 3006 1
607 93 1
607 2741 1
607 4087 1
607 138 1
607 1418 1
607 4489 1
607 3555 1
607 3637 1
607 4829 1
607 2412 1
607 1819 1
607 4102 1
607 2598 1
607 5895 1
607 1155 1
607 5658 1
2877 2839 1
407 2981 1
407 4969 1
407 2900 1
407 2364 1
407 3509 1
4774 1895 1
4774 3891 1
4774 4271 1
4774 544 1
4774 5361 1
4774 1931 1
4774 5023 1
4774 2870 1
4774 5284 1
1923 4479 1
3170 1084 1
3170 1416 1
3170 4842 1
2992 700 1
2992 1671 1
2992 2787 1
2992 5290 1
2992 173 1
2992 541 1
2992 5587 1
2992 3764 1
2992 3059 1
2992 1054 1
2992 85 1
2992 5685 1
2992 45 1
1711 4244 1
1711 4129 1
5176 4400 1
5176 654 1
5176 4374 1
2179 2863 1
2179 3912 1
2179 402 1
2179 27 1
2179 5838 1
2179 2245 1
2179 5321 1
2179 4581 1
2179 657 1
2179 5653 1
2179 2824 1
2179 5138 1
2179 4550 1
2179 3286 1
2179 3687 1
1082 2318 1
1082 4573 1
1082 1092 1
1082 5179 1
1082 733 1
1082 4001 1
5573 2246 1
5573 546 1
5573 4633 1
5573 4262 1
5573 5755 1
5573 1550 1
5573 454 1
5573 4396 1
5573 352 1
4007 1551 1
3439 1250 1
3439 4017 1
3439 5816 1
3439 2344 1
3439 1157 1
3439 674 1
3439 550 1
5866 1479 1
5866 1495 1
218 5285 1
218 3608 1
218 3867 1
218 5793 1
218 1362 1
218 5218 1
218 3762 1
218 2746 1
218 155 1
218 2464 1
218 2110 1
218 4090 1
218 4731 1
218 4917 1
218 1150 1
218 5586 1
100 1240 1
100 660 1
100 683 1
44 5348 1
1355 5539 1
1355 594 1
1355 2768 1
109 5903 1
109 5018 1
109 3734 1
109 417 1
109 1576 1
109 4377 1
109 4214 1
109 279 1
1477 631 1
1477 3711 1
1477 1179 1
2864 2537 1
2864 3923 1
2864 3937 1
2864 5035 1
2864 2952 1
2864 3028 1
2864 910 1
2864 413 1
2864 1314 1
2864 4392 1
2864 3954 1
2864 2734 1
2864 4850 1
4078 5518 1
4078 2693 1
4078 411 1
4078 4202 1
4078 1739 1
4078 4418 1
4078 4389 1
4078 5548 1
4078 977 1
3850 39 1
3850 5384 1
2766 3073 1
2766 4682 1
2326 4615 1
2326 3360 1
2326 1871 1
2326 4691 1
365 174 1
365 461 1
365 4614 1
365 1400 1
365 5494 1
365 2338 1
365 703 1
1121 932 1
1121 4695 1
1121 2262 1
1121 3804 1
1121 635 1
1121 1961 1
1121 5730 1
1121 2309 1
1121 5085 1
1121 1008 1
1121 4353 1
1121 4781 1
3982 5559 1
3982 862 1
3982 5351 1
3982 970 1
3982 1823 1
3982 3895 1
3982 5017 1
3982 5133 1
3982 3747 1
3982 3918 1
3982 963 1
5420 4625 1
5420 1429 1
5420 2838 1
5054 387 1
5054 3121 1
5054 2580 1
5054 1097 1
5054 5875 1
5054 2994 1
5054 149 1
5054 4888 1
5054 1859 1
62 3720 1
489 3574 1
489 5579 1
489 3882 1
489 3743 1
489 5562 1
489 702 1
489 217 1
489 3439 1
489 3307 1
489 4608 1
489 3017 1
489 2899 1
489 1117 1
4748 375 1
3315 538 1
3315 5060 1
4670 4740 1
4670 2775 1
4670 1850 1
4670 30 1
754 1960 1
754 3174 1
754 1933 1
754 997 1
754 3753 1
754 2583 1
754 4190 1
754 2204 1
754 5558 1
754 5642 1
754 2525 1
1869 2555 1
1869 3086 1
1869 2482 1
1869 5113 1
2464 1886 1
2464 4585 1
2464 5183 1
2464 5314 1
2464 5125 1
2464 4510 1
2464 4030 1
4023 3958 1
4023 2840 1
4023 5797 1
4023 1276 1
4023 1524 1
4023 21 1
4023 3150 1
4023 2536 1
4023 1014 1
3557 4258 1
3557 573 1
3557 2901 1
3557 4565 1
3557 1467 1
2110 2447 1
2110 1962 1
2110 5831 1
2110 5727 1
2110 485 1
2110 3809 1
2110 1856 1
2110 4041 1
2110 4601 1
2110 5131 1
2110 133 1
1766 1928 1
4445 5377 1
4445 4160 1
4445 3914 1
4445 4710 1
4445 2097 1
4108 1844 1
4108 5112 1
4108 5650 1
1510 1128 1
1510 3045 1
1510 869 1
1510 1110 1
1510 777 1
1510 3851 1
1510 5745 1
2816 4205 1
2816 1109 1
2774 4742 1
2774 5486 1
2774 4132 1
2774 5644 1
2774 84 1
2774 2943 1
2774 3258 1
2774 3209 1
2774 4685 1
2774 3703 1
2774 1263 1
2774 3579 1
4902 3943 1
4902 1375 1
4902 4928 1
4902 3645 1
4902 2845 1
4902 4655 1
4902 2108 1
4902 3382 1
4902 3517 1
4902 1519 1
4902 230 1
2339 1065 1
3268 3129 1
3268 3678 1
1054 5454 1
1054 430 1
169 4673 1
169 1239 1
169 2783 1
169 2846 1
169 2409 1
2894 4791 1
2894 2411 1
2894 3020 1
2031 3827 1
2031 2925 1
2031 1395 1
4705 1585 1
4705 5410 1
4705 2682 1
582 2255 1
4388 2137 1
4388 518 1
4388 1207 1
4388 2844 1
4388 3300 1
2000 2813 1
2000 855 1
2000 5711 1
1903 2294 1
5697 4850 1
71 435 1
71 1241 1
71 172 1
71 4480 1
71 2765 1
71 3396 1
71 4335 1
71 5158 1
71 79 1
71 3596 1
71 1546 1
71 3698 1
71 1769 1
71 2779 1
71 4609 1
4845 818 1
4845 4577 1
4845 4120 1
4845 1508 1
4845 1903 1
4845 4284 1
324 4607 1
5585 4824 1
5585 2143 1
5585 3435 1
1816 3944 1
1816 2306 1
1816 4127 1
1816 3116 1
1816 4117 1
1816 1298 1
1816 4366 1
1816 2037 1
1816 2670 1
1816 1223 1
1816 5129 1
1816 4650 1
906 3775 1
906 297 1
906 5899 1
906 3339 1
906 1735 1
906 3661 1
906 1496 1
906 3398 1
906 405 1
906 2386 1
906 4270 1
906 2702 1
906 5174 1
906 642 1
906 1174 1
906 212 1
906 820 1
458 4709 1
458 3156 1
1034 2684 1
1034 3485 1
1034 1487 1
1034 4894 1
1034 5324 1
1034 3186 1
1034 3430 1
1034 514 1
1034 1120 1
1034 5020 1
1034 2617 1
1034 5007 1
1034 388 1
1034 1445 1
1034 5120 1
1034 1417 1
1034 2701 1
1034 5165 1
1034 2226 1
1034 1068 1
1034 1887 1
1034 4170 1
1034 1284 1
1034 4602 1
1034 5888 1
1034 4769 1
1034 1755 1
1034 5350 1
5487 4909 1
5487 1382 1
5487 3420 1
2570 1266 1
962 160 1
2979 572 1
2979 3983 1
2979 4617 1
2979 5801 1
2979 1293 1
2979 2621 1
3954 2355 1
709 3749 1
709 646 1
709 4524 1
709 4364 1
709 828 1
709 3788 1
709 3341 1
709 4069 1
709 1464 1
709 2382 1
709 738 1
709 4444 1
709 2882 1
709 1397 1
709 2641 1
709 5760 1
709 3465 1
709 4556 1
709 4761 1
709 5368 1
709 2619 1
709 3190 1
709 5649 1
709 5171 1
709 2819 1
4826 2511 1
4826 2715 1
4826 3412 1
152 2665 1
152 4416 1
152 5379 1
152 835 1
152 895 1
1340 1350 1
3346 1950 1
3346 5471 1
3346 1654 1
3346 5175 1
1318 1149 1
1318 4110 1
1318 5251 1
1318 4 1
1318 1105 1
1318 5806 1
1318 5310 1
1318 3276 1
3652 4453 1
3652 3885 1
957 5863 1
5050 614 1
5050 1579 1
5050 1537 1
5050 4982 1
5050 2650 1
5050 1183 1
5050 1597 1
3538 2645 1
3538 5325 1
1032 5850 1
1032 3203 1
1032 3750 1
1926 3693 1
1926 5690 1
1627 4910 1
1627 4450 1
1627 1998 1
1627 4294 1
1627 4007 1
1627 3250 1
1627 3503 1
1627 3119 1
1177 5360 1
1177 540 1
4200 1788 1
4200 4339 1
2169 4563 1
3640 3271 1
4284 3941 1
4284 884 1
4284 4224 1
4284 4135 1
4284 1308 1
4284 5757 1
4284 3670 1
4284 4937 1
4284 5767 1
4284 4011 1
4284 245 1
1336 2904 1
1336 2076 1
1336 2459 1
2354 4941 1
2354 5168 1
2354 267 1
5139 3030 1
5139 1384 1
5139 2073 1
5139 257 1
5139 4963 1
5139 3352 1
5139 5817 1
5139 774 1
5139 458 1
5139 2932 1
5139 3536 1
4874 2918 1
1452 5811 1
1452 4869 1
4360 3598 1
4360 5344 1
4360 4519 1
4360 5083 1
4360 4298 1
4360 4851 1
4360 3833 1
4360 1083 1
4360 4481 1
4360 631 1
4360 2026 1
4360 4668 1
4360 5307 1
4360 5566 1
4360 3856 1
4360 2680 1
4270 4589 1
4270 1610 1
4270 4692 1
4270 3646 1
4270 2930 1
4270 705 1
4270 2461 1
4270 3666 1
4270 4677 1
4270 5606 1
4270 1761 1
4270 1460 1
4270 4106 1
4270 249 1
4270 1186 1
410 5504 1
2959 1458 1
829 2321 1
4307 2757 1
4307 2129 1
4307 1675 1
4307 4439 1
4006 1807 1
4006 962 1
4006 1730 1
4006 4985 1
5731 2991 1
5731 473 1
5731 4827 1
5731 3008 1
5731 3451 1
5731 2022 1
1657 3838 1
1657 1729 1
1657 1704 1
1657 500 1
1657 4438 1
1657 1847 1
1617 4008 1
1617 4100 1
3904 2622 1
3904 2468 1
3904 5346 1
3904 5023 1
3904 2733 1
3904 5336 1
3904 2092 1
495 4854 1
495 3046 1
3776 3942 1
3776 3062 1
3776 1916 1
3776 4862 1
3776 5780 1
3776 5841 1
3776 74 1
3776 3935 1
3776 3163 1
3776 102 1
3776 2969 1
3776 5409 1
3776 5603 1
3776 4911 1
3776 3216 1
3776 2527 1
3776 1911 1
3776 1708 1
3776 3493 1
3776 4652 1
4420 5049 1
4420 1129 1
4420 4465 1
4420 265 1
4420 4413 1
4420 4307 1
4420 2034 1
5014 883 1
5014 1086 1
5014 1667 1
5014 5772 1
5014 2014 1
5014 2177 1
5014 4783 1
3022 4105 1
5643 5190 1
5643 67 1
5643 893 1
5643 2913 1
5643 1651 1
5643 4921 1
5643 4052 1
312 2206 1
312 1006 1
312 1669 1
312 3143 1
312 5269 1
312 3463 1
312 436 1
312 2812 1
2466 2359 1
2466 779 1
2466 2265 1
2466 2327 1
2466 5221 1
2466 1833 1
2466 2276 1
2466 3710 1
2466 2138 1
2466 3415 1
2466 5871 1
2466 1766 1
2466 1798 1
5230 5439 1
5230 1759 1
4603 2793 1
1094 3161 1
3474 830 1
3474 2954 1
3474 4653 1
3474 406 1
3474 630 1
3474 3134 1
3474 965 1
3474 3409 1
3474 4193 1
3474 5802 1
3474 3313 1
3474 4913 1
3474 1970 1
4527 5169 1
4527 5438 1
4527 4557 1
4527 3372 1
4527 1560 1
4527 2286 1
4527 5178 1
4527 5329 1
4527 1762 1
4527 4189 1
2743 2051 1
2743 4054 1
2743 3102 1
2743 2128 1
2743 5744 1
2743 3905 1
2743 3241 1
2627 5333 1
2627 1036 1
2627 1466 1
2741 4433 1
2741 2854 1
2741 4732 1
2741 1322 1
2741 3 1
2741 3386 1
2741 3445 1
2741 2697 1
2741 4936 1
2741 3003 1
2741 2995 1
2741 4511 1
2741 545 1
2741 4490 1
1385 5862 1
1385 5327 1
4943 662 1
4943 1422 1
4943 4795 1
4943 5068 1
4943 5847 1
4943 1529 1
4943 5693 1
4591 3411 1
4591 3317 1
4591 4107 1
4591 1892 1
4591 1246 1
4591 1930 1
4591 5536 1
4591 1138 1
4591 4280 1
4174 1330 1
4174 1119 1
4174 737 1
2282 1481 1
2377 5676 1
2377 3202 1
2377 2796 1
1029 3788 1
2275 3343 1
2275 3649 1
2275 3585 1
2275 5890 1
2275 4415 1
78 2119 1
3836 48 1
3836 5907 1
3836 3521 1
3836 2024 1
3836 2886 1
3836 2655 1
3836 5631 1
3836 3599 1
3836 5900 1
3836 3806 1
3836 672 1
2182 988 1
1986 5554 1
1986 4712 1
1986 2389 1
1986 5591 1
849 3746 1
849 5674 1
849 481 1
849 811 1
849 1193 1
975 3979 1
975 4140 1
1448 2111 1
1448 5729 1
1448 5205 1
1448 409 1
1448 2955 1
1448 345 1
1448 3095 1
1448 1840 1
3673 1494 1
3673 4663 1
3673 1699 1
3673 5046 1
3673 1270 1
3673 1226 1
3673 306 1
3673 1532 1
4841 2964 1
4841 1010 1
4841 3892 1
4841 3602 1
4841 3940 1
4841 4547 1
1232 2337 1
2708 4070 1
2708 3779 1
2708 5400 1
2708 2948 1
2708 5322 1
2708 4743 1
2708 5892 1
2708 4422 1
2107 18 1
1450 808 1
1450 2609 1
1450 4408 1
1450 4996 1
1450 2220 1
1450 4744 1
4876 916 1
4876 3139 1
4876 1112 1
4876 5544 1
4876 288 1
4876 3563 1
1431 4506 1
1431 4171 1
1431 1885 1
1431 2114 1
1431 1534 1
1431 3795 1
1431 4787 1
1431 197 1
1431 1062 1
5061 4083 1
4187 5660 1
4187 3752 1
4187 5405 1
4187 5659 1
4187 5689 1
5475 5366 1
1249 361 1
1249 3872 1
3004 1889 1
2927 2171 1
1730 5810 1
5282 4177 1
4091 5630 1
4091 877 1
4091 678 1
4091 1542 1
4091 4555 1
4091 4772 1
4091 2350 1
4091 4789 1
5698 1265 1
5698 2543 1
5698 2213 1
2034 3590 1
2034 4463 1
2034 321 1
2034 1826 1
3610 2883 1
3610 5743 1
3610 4350 1
1166 4399 1
5257 2039 1
5257 3468 1
5257 3948 1
5257 5182 1
5257 5735 1
5257 5243 1
5257 3686 1
5257 4136 1
5257 253 1
5257 1154 1
5257 693 1
5257 3504 1
5257 4116 1
5257 5150 1
5257 3781 1
5257 5759 1
5257 1722 1
5257 5153 1
5257 5543 1
5257 4513 1
5257 841 1
5257 4777 1
5257 5503 1
5257 2806 1
5257 151 1
5257 4515 1
5257 2011 1
5257 4846 1
5257 1600 1
3601 4261 1
3601 1893 1
3601 2124 1
5326 612 1
5326 2145 1
5358 4068 1
5358 536 1
5358 5770 1
1813 227 1
1813 2115 1
1813 205 1
1813 1776 1
1813 3323 1
1813 1152 1
1813 2241 1
928 3402 1
712 3047 1
712 3363 1
712 4520 1
2568 4905 1
2568 2191 1
2568 4013 1
2568 4322 1
5283 2808 1
1649 2123 1
1780 234 1
1780 5375 1
2472 620 1
2472 4443 1
2472 3823 1
2472 2855 1
2472 3268 1
2472 4133 1
2472 5821 1
2472 753 1
2472 2953 1
311 3484 1
1398 4419 1
1398 3868 1
1398 1477 1
419 210 1
419 3293 1
419 3873 1
4056 5436 1
4056 4975 1
4056 735 1
4056 1122 1
4056 3306 1
4056 1271 1
4056 3101 1
4056 1027 1
4056 2038 1
2749 5015 1
2749 615 1
2749 891 1
2749 1499 1
2749 5357 1
2749 1407 1
2749 3297 1
2749 486 1
2749 4841 1
2749 5577 1
2749 2833 1
2749 4882 1
2749 5747 1
3896 4141 1
3896 805 1
3896 1175 1
3896 4386 1
3896 4750 1
3896 943 1
3896 1623 1
3896 4053 1
3896 227 1
3896 2867 1
3896 1791 1
3896 4301 1
3896 457 1
3896 3140 1
3896 3036 1
3896 4597 1
4410 3502 1
3195 4277 1
3195 3584 1
3195 286 1
3195 338 1
3195 3033 1
3195 3708 1
3195 2512 1
4529 3229 1
4529 5214 1
4529 3285 1
4529 816 1
4529 1694 1
1572 5053 1
1572 4303 1
1572 3880 1
1572 498 1
3053 3019 1
3053 4679 1
3053 350 1
3053 200 1
3053 2347 1
3053 2859 1
3053 2648 1
3053 1925 1
1806 2393 1
1806 647 1
1806 5524 1
1806 5028 1
2833 775 1
2833 569 1
2833 2649 1
2833 1577 1
2833 1136 1
2833 2985 1
2833 4145 1
2833 721 1
2833 4814 1
3543 5193 1
1304 1500 1
1304 4209 1
1304 1656 1
1304 2044 1
1304 4756 1
1304 5101 1
1304 1664 1
1304 1132 1
1304 5026 1
1304 2732 1
1304 5086 1
1304 2638 1
1304 3883 1
1304 5541 1
1304 3527 1
1304 3355 1
1304 2929 1
1304 3519 1
1304 4343 1
1304 4455 1
1304 1420 1
1304 1459 1
1304 4217 1
827 1299 1
3617 4879 1
3617 1432 1
3617 2763 1
3617 533 1
2043 2089 1
604 4776 1
194 4835 1
5777 794 1
3705 850 1
3705 3333 1
3705 4858 1
3705 4718 1
3705 4208 1
3705 3818 1
3705 4698 1
3705 5884 1
3705 2390 1
3705 4269 1
3705 4640 1
3705 2669 1
3705 2884 1
3705 3615 1
2824 1388 1
2824 3859 1
2824 999 1
2824 2532 1
2824 73 1
2824 2624 1
2824 3691 1
2824 191 1
2824 2410 1
3918 3962 1
3918 1463 1
4917 1531 1
4917 2109 1
4917 503 1
4917 1896 1
4917 1922 1
4917 2592 1
4917 3603 1
4917 5141 1
4917 4347 1
4917 359 1
4882 3009 1
4882 2534 1
2442 4760 1
2442 10 1
2442 5513 1
2646 5861 1
2646 5714 1
2646 1809 1
3949 4113 1
3949 663 1
3949 5006 1
3949 4980 1
3949 687 1
3949 5654 1
3949 2379 1
8 5102 1
8 1199 1
8 2832 1
8 1648 1
8 727 1
8 4765 1
8 94 1
8 2063 1
8 2263 1
8 1356 1
8 1686 1
8 2756 1
8 5045 1
8 4323 1
8 2351 1
377 4986 1
377 5637 1
377 400 1
377 1979 1
5773 5430 1
4889 2045 1
4889 1758 1
4889 4737 1
4685 2949 1
977 2610 1
977 2698 1
1084 2488 1
1084 2826 1
1084 5530 1
347 5565 1
2849 2426 1
2849 4823 1
2849 4474 1
2849 1527 1
2849 3813 1
2849 4890 1
2849 3535 1
2849 4365 1
2849 1311 1
2849 4124 1
2849 3514 1
3356 5515 1
605 4947 1
605 2015 1
605 1936 1
605 47 1
605 3399 1
605 5084 1
605 114 1
605 1125 1
605 2182 1
605 2428 1
605 2849 1
605 4957 1
605 2281 1
605 182 1
605 3063 1
605 427 1
3282 2803 1
3282 517 1
3282 2625 1
3282 2935 1
3282 5624 1
3282 5236 1
3282 424 1
3282 3716 1
3282 325 1
3282 2153 1
3282 2614 1
3282 3299 1
3282 4235 1
3282 6 1
3282 1438 1
3282 1474 1
3282 3863 1
3282 5244 1
3282 1256 1
3282 3184 1
3282 4899 1
3282 2446 1
3282 4605 1
3282 266 1
3282 4049 1
3282 3178 1
2594 5705 1
2594 1101 1
2594 5638 1
2594 1444 1
621 5418 1
621 1626 1
621 433 1
621 5778 1
621 3911 1
621 3972 1
621 1904 1
621 1325 1
621 202 1
621 2653 1
621 219 1
621 5111 1
621 1900 1
621 2491 1
621 2678 1
1799 187 1
1799 232 1
1799 2958 1
1799 97 1
4157 2795 1
2534 1383 1
2534 2798 1
2534 3807 1
3735 3312 1
3735 4032 1
5521 4852 1
1381 2384 1
1093 3114 1
1093 5395 1
1093 319 1
1093 676 1
1093 5000 1
1093 4953 1
1093 416 1
1093 4097 1
2195 4631 1
2195 3713 1
2195 2694 1
2195 171 1
2195 3039 1
2195 2244 1
1902 1217 1
3432 130 1
3432 952 1
3432 1774 1
3432 4037 1
3432 5440 1
3432 1880 1
3432 5197 1
3432 3309 1
3432 1695 1
2745 5662 1
3434 5542 1
3434 5032 1
3434 810 1
3434 225 1
3434 1387 1
3434 26 1
3434 873 1
3434 1135 1
3434 619 1
3434 809 1
3434 1737 1
3434 3135 1
3434 2977 1
5138 1898 1
5138 2507 1
5138 4896 1
5138 4747 1
5138 3871 1
5138 4468 1
5138 1757 1
5138 2065 1
1107 3505 1
1107 3392 1
1107 2911 1
1107 3088 1
459 1007 1
459 776 1
459 3647 1
1150 4313 1
4021 5337 1
4021 1958 1
4891 1255 1
4891 5719 1
3919 4641 1
3919 639 1
3919 1625 1
3919 1678 1
3919 4074 1
3919 2371 1
2254 1919 1
2254 3709 1
2254 3686 1
2254 1257 1
2254 226 1
2254 861 1
2254 1482 1
2254 2055 1
2254 3400 1
2254 5412 1
2254 4126 1
1609 1541 1
1609 1210 1
1609 876 1
1609 3362 1
1609 2504 1
1609 2013 1
1609 5746 1
1609 3955 1
1609 4035 1
1609 3919 1
1609 1997 1
3742 2800 1
3742 1440 1
3742 3681 1
3742 599 1
3742 4134 1
3742 1728 1
3742 2380 1
4999 2773 1
4999 7 1
4994 3251 1
2755 4085 1
1446 3560 1
1446 5037 1
4644 190 1
4644 1058 1
4644 613 1
4644 2691 1
4644 2339 1
4644 360 1
4644 3434 1
4644 4642 1
4644 1548 1
2820 1596 1
2820 371 1
2820 3438 1
2820 4575 1
1345 3368 1
1345 4939 1
1345 3103 1
2188 1588 1
2188 1808 1
2791 5254 1
2791 3970 1
2791 3197 1
2791 1415 1
2791 5331 1
2791 3805 1
2791 5279 1
2791 3169 1
2791 3154 1
2791 734 1
2791 5031 1
2791 495 1
2791 1249 1
2791 106 1
1307 890 1
1307 1053 1
1307 3624 1
1307 3793 1
1307 1134 1
1307 3226 1
1307 1649 1
1307 4198 1
1307 5665 1
4550 5215 1
4550 1253 1
4550 2847 1
4550 3267 1
5552 216 1
5552 1990 1
5278 2872 1
5278 3774 1
5869 3748 1
1708 1946 1
1708 2367 1
1708 2575 1
1708 146 1
1708 5496 1
1708 1571 1
1708 5491 1
1708 2561 1
1708 3760 1
4163 4232 1
4163 3183 1
4163 3714 1
4163 5260 1
2372 1564 1
2372 1303 1
2372 396 1
3905 4678 1
3905 4593 1
3905 2476 1
3905 4181 1
3905 5078 1
3905 19 1
3905 1957 1
3905 2936 1
3905 5627 1
3905 4454 1
3322 728 1
1176 1358 1
1176 1141 1
1176 2215 1
1176 4970 1
3643 2498 1
3643 2890 1
3643 2852 1
1550 1937 1
1550 3064 1
1550 278 1
1550 251 1
4749 2104 1
4749 2559 1
4749 3913 1
4198 3239 1
4198 2392 1
4198 2183 1
648 5227 1
648 5187 1
5888 792 1
3435 5621 1
3435 4230 1
3435 4670 1
3435 1385 1
3119 2735 1
3119 3988 1
4895 4159 1
4895 3296 1
4895 5764 1
4895 1983 1
4895 695 1
4895 2629 1
4895 5059 1
4895 1447 1
4895 2837 1
1289 2346 1
4300 3830 1
4300 498 1
4050 5904 1
4050 3869 1
4050 2486 1
4050 4274 1
4050 3723 1
4050 3214 1
4050 1089 1
4050 521 1
4050 65 1
4050 1615 1
4050 2075 1
4050 1795 1
4050 196 1
4050 4979 1
5444 4867 1
5444 944 1
5444 5891 1
5444 332 1
5444 4109 1
5444 5723 1
5444 5040 1
5444 2797 1
5444 2829 1
5444 3620 1
5444 4840 1
2267 1939 1
3563 5317 1
3563 4426 1
3563 4412 1
3563 3294 1
3563 1374 1
3563 4773 1
3563 2945 1
3563 3375 1
3563 2822 1
3563 2956 1
3563 3044 1
1020 5308 1
1020 2748 1
1020 4168 1
1020 5786 1
1020 3170 1
1020 906 1
1020 1536 1
1020 1334 1
1020 1296 1
207 4906 1
207 3332 1
207 2207 1
207 4367 1
207 3481 1
207 5359 1
207 2792 1
887 5733 1
887 5597 1
887 1598 1
2233 5004 1
3671 1139 1
3671 939 1
3671 2130 1
3671 314 1
2249 3162 1
2249 3984 1
2249 1042 1
2249 2132 1
2249 4304 1
2586 5717 1
2446 1231 1
2446 1331 1
2446 2317 1
2446 4026 1
2446 4872 1
2446 515 1
2446 1512 1
2446 1714 1
283 4123 1
283 2136 1
283 4976 1
283 714 1
283 4402 1
283 5854 1
3597 3834 1
3597 1980 1
3597 3625 1
3597 708 1
3597 3218 1
3597 1584 1
3597 1082 1
3597 2560 1
3597 3613 1
3597 701 1
3597 3456 1
220 5177 1
220 3903 1
220 2139 1
220 1281 1
220 1264 1
220 348 1
220 4683 1
220 2268 1
220 1747 1
220 909 1
220 4809 1
220 1724 1
220 347 1
220 4992 1
5160 2021 1
5160 4060 1
5160 5071 1
5160 5659 1
5160 706 1
4987 5740 1
4987 49 1
4987 3248 1
1076 1357 1
1076 1326 1
2201 4150 1
5656 1558 1
5656 4067 1
5656 404 1
5656 4647 1
5656 2158 1
5656 761 1
5656 120 1
5656 3364 1
5656 5301 1
5656 2654 1
3778 2747 1
3778 638 1
3778 834 1
3778 2288 1
3778 5293 1
3778 822 1
3778 5738 1
3778 4926 1
3778 2445 1
3778 418 1
3778 778 1
3778 5300 1
3778 3371 1
2812 1021 1
2812 4486 1
2812 4956 1
1686 467 1
1686 1185 1
1686 4525 1
1686 4971 1
1686 656 1
1686 1566 1
5422 40 1
5422 2633 1
5422 3038 1
5422 5645 1
5422 2667 1
5422 4580 1
5422 5223 1
5422 2848 1
4468 2474 1
4768 960 1
1368 395 1
1368 4451 1
1368 3665 1
1368 1313 1
1368 3852 1
1368 578 1
1368 299 1
1368 3539 1
1368 431 1
1368 5681 1
4072 526 1
4072 5512 1
4072 2864 1
4072 3316 1
4072 4674 1
4487 2203 1
4487 3876 1
3262 4012 1
3262 1763 1
3262 3381 1
3262 1480 1
3262 3159 1
3262 1194 1
3262 1640 1
3262 4498 1
3262 3825 1
3262 4938 1
2521 5099 1
1187 1168 1
1187 4788 1
3701 4622 1
3701 5441 1
3701 1111 1
5747 4514 1
5747 3491 1
5747 3761 1
5747 5728 1
5747 4762 1
5747 5791 1
3456 3265 1
3456 2450 1
3456 3367 1
3456 1883 1
3456 2618 1
3456 580 1
3456 1123 1
3456 5349 1
3456 2531 1
3456 1918 1
4287 5547 1
4287 1369 1
4287 5722 1
4287 3290 1
4287 4661 1
4287 1668 1
4287 3413 1
4287 318 1
4287 2221 1
4287 1829 1
4287 4199 1
4287 3087 1
4287 2230 1
4287 4536 1
4287 1380 1
4287 177 1
4287 4227 1
4287 667 1
4287 3282 1
4287 4501 1
4287 666 1
300 3388 1
300 725 1
300 5860 1
300 4320 1
2475 1954 1
2475 1195 1
2475 3989 1
2475 2348 1
399 4651 1
399 88 1
399 1690 1
2418 2880 1
2418 3495 1
2418 4569 1
2418 4218 1
2418 1151 1
2418 3544 1
3391 5261 1
3391 3978 1
3391 5075 1
3391 2391 1
3391 3489 1
3391 1917 1
3391 2312 1
3391 1475 1
3391 3660 1
3391 107 1
3391 368 1
5292 5881 1
5292 1275 1
5292 3583 1
260 1715 1
260 3278 1
1005 649 1
3257 3995 1
4829 5258 1
4829 2149 1
4829 3111 1
4829 5239 1
4829 2025 1
4888 5119 1
4188 5549 1
4188 4063 1
4188 1968 1
4188 135 1
4188 5216 1
4188 4372 1
4188 813 1
4188 1509 1
4188 749 1
4188 393 1
2218 2915 1
2218 4967 1
2218 3699 1
2162 5378 1
2162 2651 1
2162 3326 1
2162 5401 1
2162 856 1
2162 2425 1
2162 3671 1
2162 5666 1
2876 291 1
2876 3012 1
2876 5479 1
2876 3708 1
1963 4069 1
1963 4934 1
5534 4088 1
5534 3074 1
5534 4290 1
5534 4164 1
5534 5057 1
769 4161 1
769 3359 1
769 5353 1
769 3366 1
5008 474 1
5008 5506 1
5008 5204 1
5008 3377 1
4071 2869 1
3231 1940 1
3231 520 1
3231 4503 1
3231 3475 1
3231 1016 1
3231 925 1
3231 5342 1
3231 2681 1
3231 3499 1
3231 4720 1
3231 5452 1
3231 3331 1
3231 953 1
3231 3488 1
3231 3801 1
3231 3621 1
3231 4484 1
3231 274 1
1263 1312 1
1263 3817 1
1263 4219 1
1263 2620 1
1263 5089 1
4011 3726 1
2412 5726 1
2412 2729 1
2412 3494 1
2412 3963 1
2412 5135 1
2412 1037 1
2412 623 1
2412 5852 1
2412 843 1
2412 2127 1
182 5390 1
1437 1717 1
1437 5188 1
1437 4042 1
1437 3098 1
1437 4071 1
1437 5500 1
491 339 1
491 3246 1
491 5641 1
491 5144 1
3224 3068 1
3224 264 1
3224 4639 1
3224 1622 1
2325 3889 1
2325 1377 1
2325 1662 1
2325 4849 1
2325 1206 1
2325 3916 1
101 3654 1
5485 2298 1
5485 4441 1
5485 3886 1
5021 1974 1
5021 2541 1
5021 1347 1
5021 3076 1
5021 4494 1
5021 2068 1
5021 2493 1
5045 5199 1
3198 3206 1
3198 1254 1
3198 2407 1
3198 5052 1
3198 2639 1
3198 5522 1
3198 825 1
3198 1701 1
3198 882 1
3198 3153 1
3198 4504 1
3198 5535 1
1364 929 1
1364 1167 1
1364 1069 1
460 4154 1
460 2712 1
460 5276 1
460 3401 1
460 2720 1
460 2155 1
3378 5839 1
1000 3592 1
1000 3112 1
3536 5413 1
3536 3182 1
3536 5431 1
3536 5600 1
4354 3069 1
4354 4318 1
4354 1413 1
4354 857 1
4354 3952 1
4354 5623 1
4354 4706 1
4354 1433 1
4354 72 1
4354 1863 1
4354 1163 1
449 1742 1
449 2828 1
449 316 1
449 307 1
2098 5030 1
1335 1043 1
1335 2462 1
1335 2941 1
1335 5741 1
2066 4727 1
2066 736 1
2066 589 1
2066 950 1
820 89 1
3101 2303 1
5255 403 1
5255 5703 1
5255 5706 1
5255 763 1
5255 3633 1
5255 894 1
5255 587 1
1027 4245 1
1027 55 1
1027 5435 1
1027 1045 1
1027 2498 1
1027 484 1
1027 878 1
1027 3180 1
1027 1046 1
1027 4427 1
1027 5707 1
1027 123 1
1027 1989 1
1027 2087 1
1027 5399 1
1027 3744 1
1027 1337 1
1027 450 1
1027 2836 1
3498 4541 1
3498 2679 1
3498 2509 1
3036 4141 1
3036 4855 1
3036 4018 1
3036 4831 1
3036 1166 1
3036 892 1
156 4927 1
4373 4932 1
4373 2557 1
4373 341 1
4104 2434 1
4104 4822 1
4104 610 1
4104 4607 1
2563 4988 1
2563 2053 1
2563 1748 1
2563 3650 1
2563 4381 1
2563 1164 1
2248 2052 1
1396 4537 1
1396 5626 1
1396 2234 1
1396 2356 1
1396 2283 1
1396 1839 1
1396 2780 1
1396 4048 1
1396 3378 1
1396 131 1
1396 4545 1
1396 4143 1
1396 4324 1
185 5292 1
5627 5404 1
5627 3369 1
2535 240 1
2535 2974 1
2940 1465 1
2070 2146 1
5462 5857 1
5462 4073 1
5462 464 1
5462 718 1
5462 3233 1
5462 5080 1
5462 5091 1
5462 2957 1
5462 2893 1
5462 4253 1
1758 3586 1
1758 1049 1
1758 3219 1
3957 2950 1
3957 4955 1
3957 1827 1
3957 5533 1
3957 2523 1
3418 2572 1
3418 5661 1
3418 4542 1
3418 1912 1
3418 326 1
3418 3042 1
3418 3555 1
2677 309 1
2677 1988 1
2677 4296 1
2677 132 1
2677 5287 1
2677 4119 1
2677 4603 1
2677 3986 1
2677 1212 1
2677 3270 1
4431 4302 1
4431 5116 1
4431 2419 1
4431 3820 1
4431 2914 1
4431 2106 1
4431 2627 1
4431 5295 1
4431 553 1
4431 2247 1
4254 1727 1
4254 2713 1
4254 1888 1
4254 4423 1
4254 2125 1
4254 4027 1
1600 4379 1
1783 4362 1
1783 1732 1
1783 2891 1
1142 4539 1
3303 2113 1
3303 5488 1
3303 2963 1
3303 2424 1
3303 4036 1
3303 3897 1
2009 1817 1
2009 2938 1
4383 381 1
4383 2298 1
4383 3990 1
4383 3906 1
4383 2082 1
4383 5465 1
4383 1162 1
4383 4799 1
4383 5804 1
4383 5194 1
4383 2429 1
4383 5248 1
4501 2358 1
4501 2028 1
4501 5878 1
4501 2860 1
4501 1848 1
4501 3632 1
4501 2342 1
1291 3365 1
2546 538 1
2546 2640 1
2546 1205 1
2546 566 1
2546 4285 1
2546 1425 1
2546 5509 1
2546 5447 1
2546 3315 1
2546 2587 1
2546 1302 1
2546 2516 1
2546 3634 1
2546 1147 1
4545 1882 1
4545 4567 1
4545 1797 1
2332 1153 1
2332 651 1
2332 2644 1
2332 2874 1
2332 3777 1
2332 3384 1
2332 5809 1
2332 4340 1
5642 3460 1
5642 2608 1
5642 5568 1
5642 70 1
5642 3550 1
3072 1676 1
3072 3099 1
3072 421 1
3072 4660 1
3072 2205 1
3072 3780 1
3072 2096 1
3072 1956 1
3072 681 1
3072 4442 1
3072 2570 1
3072 1926 1
3072 1408 1
3072 4146 1
3072 3291 1
3072 2876 1
3072 449 1
3072 2049 1
3072 2512 1
4736 2689 1
4736 2050 1
4049 2805 1
4049 3547 1
4049 3374 1
4049 4382 1
4049 4885 1
4049 4137 1
1608 4363 1
1608 4164 1
2753 1290 1
2753 5225 1
2753 4387 1
2753 4505 1
2753 2305 1
295 4637 1
3611 4952 1
5474 1517 1
5474 901 1
5474 3651 1
5474 603 1
5474 5229 1
5474 4730 1
5093 4532 1
5093 1697 1
4778 871 1
176 4469 1
176 3792 1
176 1653 1
176 5592 1
176 5837 1
176 432 1
176 1267 1
176 5437 1
176 4327 1
176 5206 1
176 1513 1
176 1943 1
3157 986 1
3157 5610 1
3157 2761 1
3157 4551 1
5716 4080 1
5427 5551 1
5427 4526 1
4850 5894 1
4850 3614 1
4850 1344 1
4850 5709 1
4850 317 1
1486 496 1
1794 2212 1
1794 4495 1
1794 3467 1
740 1994 1
839 4951 1
839 5567 1
839 4204 1
839 2231 1
839 3130 1
839 5710 1
839 1288 1
2637 2782 1
2637 4075 1
2637 28 1
2637 3890 1
2637 1552 1
2637 4108 1
2637 469 1
2637 1570 1
2637 747 1
2637 355 1
2637 4437 1
2637 4775 1
4467 980 1
4467 3235 1
4467 5640 1
1080 2588 1
1080 5792 1
1080 1635 1
1080 346 1
1080 1182 1
1080 4182 1
704 5896 1
704 5615 1
5281 3301 1
5281 2879 1
5281 1544 1
5281 5855 1
5281 3405 1
5281 2387 1
5281 385 1
5281 4215 1
5281 903 1
5281 5800 1
5281 4768 1
3286 4176 1
3286 3768 1
3286 531 1
427 529 1
427 4502 1
4794 4082 1
4794 5493 1
4794 2200 1
4794 2085 1
4794 3048 1
4794 5450 1
4794 1309 1
4794 1707 1
4794 4021 1
4794 3668 1
1924 1614 1
1924 1955 1
1924 3789 1
1924 3576 1
310 3081 1
2122 1236 1
2122 5497 1
2122 198 1
2122 5598 1
2122 5235 1
1835 4924 1
1835 3537 1
1835 4933 1
1835 4401 1
1835 2581 1
1835 5332 1
1835 1085 1
1835 5765 1
1835 3010 1
1835 3474 1
4361 1439 1
4361 922 1
4361 5798 1
4361 767 1
4361 1804 1
4361 2056 1
937 2186 1
937 3695 1
937 2562 1
2814 425 1
2814 3449 1
2814 1555 1
5268 819 1
5268 3822 1
5268 438 1
4979 2868 1
3722 384 1
3722 4286 1
3722 303 1
3722 1038 1
3722 5200 1
3722 126 1
3722 4288 1
3722 5219 1
3722 5671 1
3722 3551 1
3722 5677 1
3722 1277 1
3722 1881 1
3722 3949 1
3722 1870 1
3722 1821 1
3722 839 1
3722 1734 1
3138 1701 1
2351 4226 1
2351 5403 1
2351 2723 1
3740 1999 1
4755 280 1
5790 961 1
5790 2897 1
5790 5478 1
5790 2724 1
5790 858 1
5790 773 1
5790 559 1
3387 1454 1
3514 1339 1
3514 2777 1
3514 4349 1
