125 188 1
298 158 1
298 667 1
298 490 1
29 431 1
29 675 1
29 83 1
29 421 1
29 136 1
29 99 1
532 711 1
532 204 1
532 16 1
82 47 1
82 546 1
209 534 1
209 6 1
68 616 1
68 336 1
68 637 1
68 358 1
499 612 1
499 631 1
499 613 1
499 426 1
499 655 1
499 448 1
380 71 1
34 577 1
34 526 1
34 703 1
34 614 1
34 408 1
34 56 1
330 600 1
126 558 1
126 143 1
126 212 1
126 223 1
206 404 1
206 186 1
194 395 1
531 441 1
531 325 1
531 435 1
531 255 1
401 694 1
401 610 1
401 510 1
722 440 1
61 248 1
269 369 1
269 40 1
508 30 1
508 53 1
508 211 1
508 258 1
508 80 1
508 518 1
508 264 1
199 445 1
743 296 1
743 78 1
137 553 1
137 314 1
137 307 1
354 190 1
354 128 1
354 579 1
354 501 1
354 569 1
354 290 1
354 688 1
354 331 1
354 590 1
679 235 1
679 222 1
328 696 1
322 589 1
473 123 1
473 611 1
473 107 1
470 244 1
470 451 1
470 259 1
470 216 1
523 310 1
523 105 1
467 253 1
467 744 1
31 27 1
31 48 1
31 578 1
31 226 1
239 590 1
12 456 1
12 193 1
12 195 1
12 135 1
12 348 1
710 318 1
710 541 1
446 494 1
446 570 1
128 173 1
128 54 1
128 698 1
128 106 1
496 483 1
249 328 1
249 59 1
249 230 1
249 320 1
582 648 1
667 484 1
667 158 1
656 413 1
524 473 1
524 656 1
524 3 1
524 455 1
524 724 1
524 539 1
524 669 1
294 443 1
228 639 1
228 238 1
228 164 1
228 670 1
228 476 1
543 113 1
163 617 1
163 124 1
163 323 1
163 234 1
547 214 1
547 13 1
720 176 1
181 732 1
167 736 1
277 14 1
390 360 1
390 45 1
390 657 1
390 423 1
488 597 1
488 549 1
488 219 1
488 565 1
488 21 1
488 661 1
488 400 1
488 210 1
43 144 1
43 729 1
43 96 1
43 619 1
43 418 1
580 631 1
580 168 1
580 353 1
438 15 1
438 166 1
438 685 1
438 674 1
438 387 1
438 198 1
438 138 1
438 695 1
438 462 1
438 638 1
648 295 1
648 352 1
648 383 1
648 630 1
648 453 1
672 297 1
672 147 1
672 72 1
672 49 1
308 378 1
308 427 1
308 334 1
659 525 1
659 632 1
659 447 1
17 108 1
17 375 1
445 680 1
214 64 1
214 227 1
214 19 1
214 69 1
214 22 1
689 31 1
689 139 1
689 692 1
134 81 1
143 497 1
143 221 1
143 231 1
143 361 1
111 208 1
111 373 1
593 104 1
593 32 1
593 315 1
593 350 1
292 723 1
292 288 1
292 191 1
180 424 1
180 50 1
526 299 1
526 540 1
526 624 1
526 140 1
3 480 1
3 486 1
3 640 1
683 633 1
119 4 1
119 537 1
119 256 1
366 392 1
366 169 1
366 721 1
28 508 1
28 504 1
28 446 1
28 171 1
28 727 1
28 572 1
28 500 1
28 394 1
28 512 1
28 263 1
650 519 1
425 430 1
425 645 1
730 735 1
730 241 1
730 517 1
202 734 1
662 75 1
662 389 1
662 690 1
11 658 1
11 201 1
11 686 1
11 391 1
11 279 1
660 88 1
550 183 1
655 374 1
326 719 1
326 217 1
726 10 1
325 587 1
325 745 1
368 94 1
368 481 1
368 184 1
368 576 1
368 265 1
84 5 1
84 324 1
84 122 1
642 509 1
642 388 1
642 628 1
642 428 1
642 66 1
642 156 1
346 623 1
666 159 1
666 148 1
666 286 1
666 445 1
666 309 1
666 355 1
666 109 1
666 335 1
666 356 1
477 704 1
477 250 1
588 243 1
588 433 1
588 557 1
588 338 1
486 436 1
486 300 1
486 35 1
123 615 1
182 380 1
182 681 1
182 728 1
182 85 1
182 529 1
569 680 1
569 398 1
569 363 1
569 559 1
569 474 1
129 77 1
129 274 1
129 678 1
129 737 1
129 458 1
129 86 1
109 398 1
109 286 1
184 487 1
184 293 1
184 311 1
184 595 1
195 437 1
24 364 1
116 643 1
116 461 1
282 240 1
282 381 1
282 671 1
41 607 1
41 506 1
41 583 1
41 634 1
41 602 1
41 260 1
41 301 1
41 179 1
281 312 1
281 224 1
714 586 1
714 475 1
347 596 1
673 245 1
573 601 1
514 118 1
514 89 1
514 585 1
514 187 1
514 25 1
514 452 1
514 9 1
514 399 1
514 626 1
62 246 1
62 114 1
62 702 1
62 618 1
62 533 1
62 132 1
365 393 1
365 270 1
365 316 1
365 79 1
365 63 1
693 478 1
693 485 1
528 42 1
528 522 1
528 33 1
528 196 1
528 150 1
528 20 1
528 410 1
511 359 1
511 262 1
511 738 1
687 329 1
687 74 1
687 266 1
687 479 1
687 731 1
687 581 1
687 409 1
687 76 1
687 552 1
538 432 1
337 39 1
337 573 1
337 251 1
629 682 1
625 152 1
625 237 1
236 151 1
223 535 1
223 8 1
223 605 1
223 90 1
223 108 1
223 542 1
594 697 1
594 621 1
594 87 1
594 157 1
594 252 1
594 344 1
594 160 1
594 405 1
594 544 1
594 177 1
594 489 1
594 313 1
594 742 1
594 92 1
676 513 1
205 469 1
205 220 1
205 117 1
205 357 1
205 402 1
472 444 1
472 551 1
646 354 1
646 289 1
646 228 1
646 362 1
646 422 1
317 591 1
317 620 1
317 584 1
317 700 1
317 275 1
317 339 1
317 575 1
705 555 1
705 397 1
705 491 1
699 385 1
492 460 1
492 709 1
492 679 1
492 471 1
492 284 1
492 411 1
492 376 1
733 741 1
267 367 1
267 82 1
267 342 1
267 285 1
267 403 1
267 332 1
267 662 1
267 102 1
267 546 1
267 457 1
267 699 1
267 2 1
267 622 1
267 442 1
267 153 1
267 233 1
267 414 1
567 34 1
567 672 1
567 526 1
567 218 1
567 515 1
2 406 1
2 145 1
2 502 1
622 503 1
622 239 1
622 302 1
622 93 1
622 341 1
622 608 1
622 664 1
622 203 1
622 197 1
121 712 1
121 225 1
121 527 1
121 702 1
121 129 1
121 466 1
121 678 1
121 449 1
121 384 1
121 668 1
121 70 1
101 345 1
520 739 1
333 603 1
273 625 1
420 599 1
420 174 1
420 170 1
420 165 1
57 291 1
57 715 1
57 627 1
57 412 1
57 708 1
57 566 1
57 215 1
340 46 1
377 280 1
377 545 1
377 659 1
377 725 1
377 454 1
429 126 1
429 386 1
429 477 1
429 605 1
429 223 1
429 396 1
429 1 1
635 459 1
161 38 1
161 564 1
606 495 1
319 499 1
554 52 1
554 271 1
554 563 1
554 507 1
554 701 1
554 58 1
724 146 1
724 142 1
724 647 1
724 592 1
724 706 1
724 370 1
724 654 1
677 561 1
677 482 1
677 112 1
247 382 1
247 133 1
51 465 1
51 683 1
651 609 1
651 568 1
394 162 1
394 65 1
394 349 1
394 439 1
153 103 1
213 419 1
213 130 1
213 37 1
213 60 1
213 530 1
213 127 1
213 505 1
149 287 1
636 272 1
636 73 1
518 175 1
303 154 1
303 383 1
303 44 1
422 128 1
422 548 1
422 556 1
422 641 1
422 604 1
498 560 1
498 718 1
18 321 1
107 91 1
107 141 1
23 716 1
23 276 1
23 429 1
23 67 1
23 649 1
23 254 1
200 7 1
320 232 1
172 707 1
172 229 1
172 644 1
172 415 1
172 98 1
172 323 1
172 417 1
46 653 1
46 120 1
539 97 1
539 487 1
539 416 1
539 185 1
539 571 1
539 464 1
539 455 1
539 242 1
539 268 1
539 343 1
463 665 1
468 29 1
55 450 1
55 189 1
55 521 1
55 327 1
55 306 1
55 536 1
55 695 1
55 516 1
371 493 1
574 178 1
574 740 1
283 257 1
283 207 1
379 304 1
379 110 1
36 95 1
100 155 1
100 278 1
305 26 1
305 434 1
305 115 1
562 578 1
562 351 1
598 652 1
598 261 1
598 372 1
598 691 1
598 131 1
598 713 1
598 663 1
598 407 1
598 684 1
598 717 1
598 192 1
