17 125 1
17 118 1
17 79 1
17 75 1
17 120 1
17 102 1
35 54 1
35 95 1
123 111 1
18 12 1
18 122 1
18 117 1
18 58 1
158 86 1
87 6 1
136 76 1
40 38 1
129 22 1
129 96 1
129 135 1
159 11 1
113 69 1
113 114 1
41 145 1
144 8 1
144 160 1
144 31 1
42 109 1
42 33 1
42 131 1
42 60 1
42 73 1
97 140 1
90 13 1
24 89 1
92 80 1
154 146 1
154 45 1
39 155 1
39 15 1
82 85 1
82 63 1
82 130 1
82 29 1
56 37 1
56 19 1
56 93 1
57 51 1
133 166 1
133 112 1
149 126 1
149 83 1
163 161 1
115 167 1
115 67 1
115 20 1
115 147 1
115 66 1
115 7 1
115 5 1
153 84 1
21 110 1
72 3 1
28 124 1
28 139 1
28 32 1
28 94 1
28 119 1
28 116 1
28 142 1
28 43 1
28 68 1
55 99 1
55 27 1
52 9 1
52 59 1
52 65 1
52 100 1
164 157 1
25 134 1
25 107 1
150 127 1
150 49 1
70 74 1
10 105 1
10 14 1
10 150 1
2 78 1
36 1 1
16 137 1
23 162 1
23 81 1
23 61 1
101 91 1
101 138 1
101 154 1
101 56 1
101 106 1
101 71 1
101 34 1
64 47 1
108 98 1
48 141 1
48 143 1
48 165 1
48 62 1
48 77 1
48 4 1
26 30 1
34 132 1
34 104 1
148 128 1
50 156 1
50 88 1
50 53 1
50 44 1
50 103 1
152 46 1
121 151 1
