619 171 1
458 475 1
127 218 1
127 23 1
127 11 1
127 181 1
4 330 1
202 483 1
202 252 1
202 286 1
497 51 1
374 37 1
374 612 1
374 73 1
374 524 1
374 591 1
452 12 1
326 354 1
115 269 1
115 346 1
387 261 1
600 285 1
600 183 1
600 83 1
600 40 1
600 28 1
600 570 1
600 417 1
600 276 1
600 174 1
600 521 1
600 99 1
41 142 1
41 383 1
41 169 1
33 179 1
378 323 1
378 443 1
107 419 1
107 13 1
107 208 1
107 335 1
107 210 1
107 112 1
107 589 1
494 398 1
150 431 1
277 422 1
277 177 1
277 601 1
277 62 1
277 108 1
43 231 1
557 622 1
557 193 1
557 315 1
557 505 1
151 6 1
368 385 1
368 255 1
368 352 1
368 309 1
368 499 1
368 25 1
368 84 1
368 429 1
368 538 1
368 90 1
304 31 1
304 439 1
304 201 1
304 281 1
60 80 1
318 85 1
195 39 1
262 440 1
262 16 1
382 359 1
474 88 1
324 497 1
534 212 1
534 259 1
299 256 1
299 70 1
299 307 1
299 260 1
299 533 1
299 287 1
502 120 1
502 465 1
113 119 1
113 155 1
113 607 1
168 613 1
168 156 1
168 557 1
168 262 1
168 338 1
168 539 1
168 299 1
168 263 1
168 421 1
168 467 1
168 228 1
168 79 1
168 571 1
168 614 1
168 461 1
168 34 1
168 298 1
168 316 1
168 364 1
168 345 1
168 291 1
168 65 1
168 493 1
234 449 1
234 282 1
234 361 1
234 558 1
234 140 1
234 333 1
234 94 1
234 312 1
234 173 1
8 146 1
8 381 1
8 331 1
8 480 1
8 621 1
541 42 1
541 487 1
541 375 1
541 10 1
541 597 1
98 391 1
98 580 1
617 384 1
93 35 1
548 516 1
548 178 1
548 275 1
548 484 1
548 82 1
548 26 1
548 86 1
548 479 1
548 546 1
548 5 1
548 447 1
548 322 1
87 618 1
237 167 1
237 566 1
237 590 1
237 341 1
362 482 1
362 97 1
362 512 1
362 91 1
362 37 1
362 148 1
362 349 1
415 340 1
415 205 1
415 87 1
415 576 1
415 20 1
415 131 1
415 329 1
415 314 1
415 311 1
415 227 1
415 469 1
415 386 1
415 157 1
415 110 1
514 166 1
514 408 1
535 327 1
535 32 1
535 577 1
535 543 1
535 549 1
535 180 1
535 551 1
434 334 1
434 49 1
434 416 1
348 76 1
348 248 1
348 534 1
348 289 1
348 604 1
348 265 1
348 402 1
348 135 1
348 620 1
348 466 1
348 303 1
132 17 1
132 95 1
132 235 1
132 371 1
537 520 1
537 464 1
537 126 1
537 336 1
537 175 1
537 63 1
537 610 1
537 81 1
537 438 1
537 445 1
537 587 1
537 616 1
27 559 1
562 367 1
39 490 1
39 4 1
39 342 1
39 128 1
39 3 1
39 425 1
39 362 1
39 160 1
39 222 1
39 19 1
39 395 1
191 365 1
191 456 1
191 442 1
191 57 1
191 294 1
191 280 1
191 194 1
191 184 1
191 372 1
187 317 1
187 92 1
187 355 1
187 153 1
187 324 1
187 412 1
187 403 1
187 123 1
187 191 1
187 242 1
187 288 1
187 219 1
187 356 1
187 328 1
187 373 1
444 217 1
40 46 1
40 491 1
40 489 1
40 188 1
40 478 1
40 192 1
40 609 1
40 161 1
40 418 1
40 455 1
471 9 1
471 350 1
278 410 1
28 568 1
28 347 1
28 182 1
28 530 1
437 243 1
437 27 1
468 202 1
228 313 1
69 40 1
550 586 1
550 552 1
550 611 1
550 593 1
550 554 1
550 433 1
550 529 1
550 55 1
226 47 1
21 519 1
21 564 1
599 199 1
599 363 1
463 230 1
463 267 1
463 405 1
463 432 1
463 139 1
399 102 1
399 569 1
161 29 1
161 264 1
161 507 1
161 357 1
161 154 1
213 293 1
213 390 1
213 7 1
213 224 1
213 77 1
335 574 1
335 413 1
335 310 1
335 197 1
335 563 1
335 53 1
335 273 1
335 1 1
335 393 1
335 114 1
335 501 1
335 237 1
335 200 1
335 75 1
335 508 1
335 409 1
335 427 1
335 472 1
335 602 1
335 56 1
335 513 1
335 606 1
335 18 1
335 594 1
300 476 1
300 353 1
603 481 1
290 109 1
290 396 1
290 111 1
578 64 1
578 14 1
426 236 1
426 343 1
592 274 1
592 581 1
592 186 1
592 66 1
592 460 1
592 270 1
592 582 1
592 147 1
592 555 1
406 397 1
251 496 1
251 407 1
325 93 1
325 319 1
325 118 1
325 15 1
402 38 1
116 441 1
116 229 1
116 525 1
30 401 1
30 145 1
30 209 1
30 129 1
30 531 1
30 488 1
288 48 1
288 196 1
136 207 1
136 339 1
136 420 1
136 223 1
96 617 1
518 189 1
164 560 1
164 58 1
164 579 1
164 545 1
164 149 1
164 206 1
542 125 1
542 453 1
542 24 1
542 424 1
503 36 1
503 246 1
503 52 1
503 249 1
503 185 1
135 105 1
138 337 1
473 214 1
473 596 1
473 144 1
473 238 1
473 162 1
473 459 1
473 572 1
473 492 1
473 220 1
194 211 1
391 495 1
451 308 1
451 523 1
451 122 1
451 528 1
451 423 1
451 50 1
451 500 1
451 504 1
451 240 1
451 573 1
451 366 1
532 133 1
620 279 1
276 301 1
276 344 1
276 522 1
276 562 1
276 485 1
276 116 1
276 67 1
276 515 1
276 567 1
276 457 1
276 59 1
565 292 1
565 585 1
565 78 1
565 106 1
565 164 1
565 370 1
190 414 1
436 121 1
436 115 1
436 320 1
436 170 1
436 514 1
436 258 1
436 203 1
436 250 1
436 163 1
436 509 1
158 134 1
158 450 1
158 510 1
158 595 1
448 598 1
448 101 1
448 244 1
291 225 1
247 588 1
247 44 1
247 526 1
124 454 1
124 268 1
124 61 1
124 378 1
124 556 1
124 615 1
124 104 1
124 295 1
124 31 1
124 271 1
124 241 1
124 453 1
124 215 1
124 152 1
124 306 1
124 389 1
272 517 1
272 137 1
272 605 1
272 351 1
272 435 1
272 305 1
266 321 1
266 561 1
266 446 1
266 553 1
470 89 1
470 233 1
470 411 1
216 71 1
216 392 1
253 348 1
253 448 1
506 536 1
332 583 1
65 159 1
232 404 1
232 379 1
232 486 1
232 302 1
22 584 1
22 103 1
22 283 1
22 239 1
22 54 1
22 172 1
22 575 1
22 100 1
22 130 1
22 45 1
74 380 1
74 400 1
74 221 1
74 198 1
74 117 1
74 332 1
511 544 1
511 358 1
511 430 1
511 540 1
511 165 1
428 2 1
428 376 1
428 143 1
428 72 1
428 251 1
369 394 1
369 254 1
369 284 1
204 360 1
204 608 1
606 257 1
606 547 1
606 477 1
18 388 1
141 68 1
141 527 1
141 498 1
594 297 1
594 296 1
594 245 1
594 176 1
462 377 1
