2911 2489 1
2911 2837 1
2911 154 1
2911 4304 1
3452 842 1
3452 3607 1
3452 722 1
3452 1981 1
3452 1390 1
3452 4442 1
3452 295 1
3452 2460 1
3452 1571 1
3452 3654 1
2410 787 1
2410 1430 1
2410 3087 1
2410 4362 1
2410 2770 1
2410 2742 1
72 2373 1
72 1312 1
72 1030 1
72 511 1
72 2661 1
72 2329 1
72 1105 1
72 3581 1
72 278 1
72 3593 1
72 4153 1
72 3771 1
72 1433 1
4438 129 1
4438 94 1
4438 3824 1
4438 1649 1
4438 2296 1
4438 776 1
4438 1695 1
4438 4072 1
4438 724 1
4438 2381 1
3338 1140 1
3338 1465 1
3338 2913 1
2202 619 1
2202 4664 1
2202 1898 1
2202 383 1
2202 2725 1
2251 2564 1
96 489 1
96 3695 1
96 3567 1
96 2979 1
96 4165 1
96 1314 1
96 1237 1
96 2938 1
96 1949 1
96 901 1
96 4070 1
96 968 1
1392 271 1
1392 387 1
1392 618 1
1392 1254 1
1392 4081 1
1392 1274 1
1392 2388 1
1392 1711 1
3648 2364 1
3648 1324 1
3648 1207 1
3648 2536 1
3648 4642 1
3648 3955 1
3648 465 1
3648 4364 1
3648 1214 1
3648 2894 1
3648 2340 1
3648 4428 1
3648 1907 1
3648 1834 1
3648 881 1
3145 179 1
3145 4683 1
3145 2625 1
3145 4573 1
3145 2323 1
3145 2393 1
3145 789 1
3145 3377 1
3145 228 1
3145 1570 1
3145 1880 1
3145 3269 1
3145 3215 1
3145 2463 1
3145 438 1
3145 280 1
3145 1013 1
3145 4472 1
3499 152 1
3499 2859 1
3499 4158 1
3499 3240 1
3499 4461 1
3499 1989 1
3499 1742 1
3499 2719 1
1011 2511 1
312 384 1
312 2835 1
312 1302 1
312 2795 1
312 4015 1
312 870 1
312 4391 1
312 2737 1
224 757 1
224 3973 1
224 2930 1
224 2600 1
224 3933 1
224 56 1
224 2647 1
224 2394 1
224 3354 1
224 1357 1
224 3682 1
224 255 1
1437 2705 1
4354 2404 1
4354 919 1
4354 3143 1
4354 3153 1
4354 4334 1
4354 2395 1
4354 3112 1
4354 672 1
4354 1241 1
4354 1972 1
2384 83 1
2384 126 1
2384 2709 1
4676 3209 1
4676 650 1
4676 1073 1
4676 4078 1
4676 1180 1
4676 4657 1
570 423 1
3932 3692 1
328 2739 1
328 2396 1
3278 473 1
3278 1226 1
3278 3536 1
3833 1457 1
3833 3228 1
3833 3510 1
3833 2349 1
3833 1574 1
3833 1275 1
3833 4163 1
3833 3806 1
3833 4004 1
3833 2028 1
3833 409 1
339 758 1
339 2065 1
2968 3798 1
4343 993 1
4343 4156 1
2664 3809 1
2664 2529 1
2664 3255 1
2664 3094 1
2664 4256 1
2664 1381 1
2664 1491 1
2664 3878 1
2664 1145 1
2664 941 1
2664 750 1
2990 162 1
2754 3733 1
2754 3670 1
2754 2803 1
2754 2362 1
2754 2506 1
2754 372 1
1728 4115 1
1728 2689 1
1728 1453 1
240 2969 1
240 1927 1
240 4456 1
2366 3948 1
2366 1313 1
2366 1774 1
2366 434 1
2366 2831 1
2366 906 1
2366 813 1
2366 2562 1
2366 1341 1
2366 4556 1
2366 193 1
2366 785 1
2366 1633 1
2366 2960 1
2366 2113 1
2366 1546 1
2366 1233 1
2366 1522 1
2366 2022 1
2366 626 1
2366 1218 1
2366 1114 1
1797 2179 1
1797 376 1
1797 1987 1
1797 299 1
1797 3576 1
1854 1366 1
1854 236 1
1854 4403 1
1854 2325 1
1854 4188 1
1854 2550 1
889 2734 1
889 3106 1
82 1374 1
82 3014 1
82 3649 1
82 2267 1
82 3678 1
82 2696 1
2470 1186 1
2470 2172 1
2470 226 1
2470 1686 1
2470 1532 1
2939 620 1
2939 559 1
2939 1380 1
2939 3920 1
3314 1005 1
3314 2100 1
3314 2717 1
3314 1600 1
1788 4251 1
1788 2499 1
947 2042 1
947 898 1
947 1689 1
4378 1079 1
4378 2091 1
3642 1113 1
3642 3962 1
3642 272 1
3642 4063 1
3642 3971 1
3642 1725 1
3642 1123 1
1358 2846 1
1358 1747 1
1430 2155 1
1430 1050 1
1430 3496 1
1430 2639 1
79 1141 1
79 4650 1
79 1331 1
79 3756 1
79 1985 1
79 1917 1
79 1054 1
79 1959 1
79 3211 1
79 91 1
79 3138 1
79 819 1
79 518 1
79 3229 1
1023 854 1
1023 1118 1
4563 1420 1
1529 3522 1
1142 4571 1
1142 859 1
58 2759 1
3750 1006 1
3669 3658 1
3669 2563 1
3669 2330 1
3669 4374 1
3669 393 1
29 4488 1
29 3996 1
2581 2524 1
2581 628 1
2581 1490 1
2581 187 1
2581 4275 1
2581 3859 1
2581 1124 1
2581 3378 1
2581 633 1
2581 410 1
3968 857 1
3968 3863 1
2666 2767 1
2666 3667 1
2666 2963 1
2666 2690 1
2666 4386 1
2666 1333 1
2666 537 1
2666 21 1
2666 778 1
2666 1115 1
2666 3004 1
2666 3081 1
1244 569 1
1244 934 1
3274 869 1
3274 3225 1
3274 1305 1
3234 1657 1
3234 1637 1
3234 3531 1
2756 110 1
2757 596 1
2757 1523 1
2757 111 1
2757 404 1
2757 1809 1
2757 2471 1
2757 927 1
2757 4618 1
2757 4486 1
2891 1328 1
2891 2758 1
1263 2981 1
1263 1478 1
1263 4111 1
1263 2692 1
1263 2254 1
1263 1745 1
1263 3990 1
1263 1093 1
1263 2199 1
1263 2802 1
1263 2273 1
1263 1195 1
1263 3125 1
3566 3159 1
3566 4109 1
3566 121 1
2599 2311 1
4169 4064 1
4169 860 1
4169 4237 1
4169 472 1
4169 1530 1
165 268 1
165 3335 1
3210 1664 1
3210 3041 1
3210 648 1
3210 377 1
305 130 1
305 3738 1
305 716 1
305 2020 1
2716 2442 1
2716 4095 1
2716 2674 1
2716 3750 1
2716 552 1
2716 4322 1
2716 3000 1
2716 4273 1
2716 2252 1
2716 308 1
2716 1002 1
2716 2992 1
2716 2140 1
2716 4398 1
2716 1604 1
2716 1613 1
2716 220 1
2716 2954 1
1819 668 1
3156 80 1
4483 2904 1
4483 3858 1
4483 2570 1
4483 798 1
4483 4268 1
4483 1337 1
4483 3628 1
4483 1264 1
4483 2727 1
4483 2778 1
4483 835 1
4483 4627 1
4483 4623 1
4483 288 1
4483 1642 1
4483 3280 1
4483 327 1
4483 440 1
4483 426 1
4483 186 1
4483 3638 1
4483 1812 1
4483 1157 1
1242 120 1
1242 2446 1
1242 1751 1
1902 1919 1
1902 3751 1
1902 606 1
1902 2249 1
1902 3052 1
1902 1092 1
682 3083 1
682 684 1
682 3688 1
682 1743 1
2642 1399 1
2642 3361 1
2057 915 1
1462 1219 1
1462 1788 1
1462 2305 1
1462 300 1
1462 4224 1
1462 3793 1
1462 4326 1
1462 485 1
1462 1292 1
1462 4599 1
1462 1032 1
1462 3873 1
1462 2998 1
1462 1718 1
1462 2161 1
1462 1047 1
1462 3456 1
1462 1866 1
1462 1853 1
1462 3167 1
1462 3247 1
1462 540 1
1462 2537 1
1462 1122 1
1462 795 1
147 2192 1
147 790 1
3517 4042 1
3517 1856 1
4630 233 1
4630 3974 1
4630 2826 1
4630 2851 1
4630 4201 1
4630 4652 1
2336 3402 1
2336 1840 1
2336 3686 1
2904 3744 1
2904 2399 1
2904 4235 1
2904 1666 1
2904 908 1
2808 3617 1
922 4290 1
922 332 1
922 630 1
922 1679 1
1965 3338 1
1965 1820 1
1965 548 1
1965 3133 1
1965 1318 1
1965 621 1
1965 4481 1
1965 2873 1
1965 1988 1
1821 2587 1
1821 791 1
1821 2743 1
2841 1805 1
2841 1521 1
2841 3906 1
3664 4179 1
3664 1643 1
1724 2482 1
3961 1222 1
2271 4617 1
2271 1132 1
2271 2333 1
2271 4314 1
2271 940 1
2271 4147 1
2271 3318 1
1135 1081 1
1135 1076 1
1135 2237 1
1982 1507 1
1982 3888 1
1986 2532 1
1986 3998 1
1986 1452 1
2962 934 1
3543 22 1
3543 1559 1
3543 3588 1
3543 1951 1
3543 1683 1
3543 3426 1
2809 4598 1
2809 204 1
2809 3790 1
1762 333 1
1762 3187 1
1762 370 1
1762 4178 1
1762 145 1
1762 392 1
1762 2170 1
1762 2643 1
1781 2061 1
2822 346 1
2822 1596 1
273 571 1
273 3239 1
273 3722 1
273 4000 1
273 3671 1
273 2676 1
3404 570 1
3404 4520 1
3404 1796 1
3404 3564 1
3404 500 1
3404 184 1
3404 4528 1
3404 2817 1
3404 2629 1
3404 1198 1
3404 3674 1
3404 3430 1
3404 2029 1
3404 4112 1
3404 1701 1
3735 493 1
3735 1930 1
3735 443 1
3735 546 1
3735 4232 1
3735 2309 1
3735 3788 1
2584 3111 1
2584 3657 1
4544 1857 1
2625 2324 1
2625 3322 1
2625 259 1
2174 2137 1
2174 3394 1
2174 4684 1
2174 690 1
2174 2253 1
2174 3286 1
2174 4068 1
2174 486 1
2174 1736 1
2174 3984 1
2174 1027 1
3099 2148 1
420 1496 1
1415 3725 1
1415 3785 1
1415 1378 1
1289 3574 1
1289 721 1
2906 4013 1
884 1696 1
884 4580 1
884 2878 1
884 4387 1
884 3629 1
884 2691 1
884 4318 1
884 1184 1
884 1591 1
884 4030 1
884 1059 1
884 2679 1
884 4148 1
884 3332 1
884 2242 1
884 385 1
884 1672 1
884 1990 1
2141 3341 1
2141 660 1
2141 1555 1
2141 421 1
2141 1566 1
2970 1741 1
2970 1359 1
2970 1029 1
2970 2272 1
2970 237 1
2970 4073 1
2970 3937 1
2970 3952 1
2970 1510 1
2970 4210 1
2970 4562 1
2970 600 1
2970 4039 1
2970 3395 1
4641 4537 1
4641 1784 1
4641 3002 1
4641 1273 1
4641 691 1
4641 2999 1
4641 2099 1
4641 782 1
4641 1058 1
4641 1039 1
4641 1049 1
4641 2353 1
4641 1497 1
189 1842 1
189 2672 1
871 1363 1
871 3547 1
871 1766 1
3777 2400 1
3777 886 1
3668 2072 1
3668 554 1
1673 3368 1
1673 3894 1
1673 2617 1
1673 3963 1
1673 3293 1
1673 4069 1
1673 533 1
1673 1511 1
1082 2513 1
1082 2858 1
1082 4236 1
1082 2235 1
1082 1700 1
238 2425 1
1283 1948 1
1283 664 1
1283 880 1
1283 1874 1
1283 90 1
1283 4154 1
1477 1392 1
1477 1011 1
1477 1802 1
1477 2922 1
1477 4511 1
1477 1293 1
1477 4396 1
1477 695 1
1620 97 1
1620 719 1
1620 1528 1
4227 3453 1
4227 2648 1
4227 1833 1
4416 2215 1
3787 3242 1
3787 2864 1
3787 3938 1
3787 3490 1
3787 2815 1
3787 2130 1
4108 1670 1
4108 496 1
4108 1060 1
4476 497 1
4476 2024 1
4476 3831 1
4476 2549 1
4476 3660 1
2259 2533 1
2259 2139 1
4321 4220 1
4321 1455 1
4321 4644 1
4321 1760 1
4321 2539 1
4321 4401 1
2101 3673 1
1083 1476 1
1083 1235 1
1083 1012 1
1083 1634 1
1083 2033 1
1083 2322 1
1083 505 1
1083 3730 1
1083 1315 1
1083 833 1
1769 738 1
1769 3869 1
3053 4136 1
3053 18 1
3053 4099 1
3053 197 1
1421 1053 1
1658 1867 1
1658 4006 1
1802 2424 1
1802 953 1
1802 816 1
1802 1143 1
1802 1041 1
1802 3417 1
1802 4187 1
1802 2560 1
1802 3525 1
2464 3916 1
2464 3155 1
2464 1729 1
1783 3005 1
1783 2408 1
1783 180 1
1783 1216 1
1783 2500 1
1783 3161 1
1783 203 1
1783 900 1
1783 2319 1
1783 1650 1
1783 2434 1
1783 3415 1
1783 576 1
1783 1707 1
1783 3780 1
1783 1813 1
1783 4577 1
1783 2736 1
1783 3376 1
1783 4061 1
1783 466 1
1783 1316 1
1783 2365 1
1783 3778 1
1568 2294 1
1262 1761 1
1262 1585 1
1262 2131 1
1262 3096 1
1262 3342 1
1262 3148 1
1262 4609 1
435 3822 1
435 4479 1
435 274 1
435 3602 1
435 422 1
435 2592 1
435 1720 1
435 2856 1
435 344 1
435 125 1
435 4583 1
435 3008 1
435 2844 1
435 4523 1
1100 3150 1
1100 4435 1
1100 1061 1
1100 692 1
3847 2433 1
77 3387 1
77 2081 1
77 4300 1
77 4302 1
77 3372 1
77 3198 1
77 4368 1
77 4678 1
77 1090 1
598 4246 1
2575 1942 1
2575 1062 1
1690 1300 1
1690 4296 1
1690 17 1
1690 4281 1
1690 3319 1
1690 1719 1
1690 4074 1
1690 2852 1
1690 3939 1
1690 163 1
1690 3560 1
1690 3 1
1690 2980 1
3412 2190 1
981 4299 1
2405 4050 1
3198 3956 1
3198 3272 1
1247 592 1
1247 1259 1
1247 1271 1
1247 2827 1
1247 4496 1
1247 4282 1
4214 1629 1
4214 1640 1
4214 1999 1
4214 897 1
4214 2781 1
4214 2771 1
4214 3176 1
4214 4521 1
625 3921 1
625 1066 1
625 3348 1
625 950 1
625 2448 1
625 4497 1
625 3905 1
407 2056 1
2858 112 1
3181 1770 1
3181 2779 1
3181 1194 1
3181 4274 1
3181 865 1
3181 1871 1
3181 3826 1
4435 262 1
4617 2613 1
1878 3314 1
1878 1438 1
1878 1576 1
1878 2292 1
1878 2409 1
1878 4380 1
4381 4106 1
4381 3747 1
4381 4354 1
4381 889 1
4381 3418 1
4381 2261 1
4381 3222 1
4381 32 1
4381 3102 1
4381 4002 1
4381 1929 1
4381 3851 1
4381 938 1
4381 2555 1
4381 3437 1
4381 910 1
4381 284 1
4381 1694 1
4381 737 1
4381 792 1
4381 4672 1
4381 2262 1
4381 413 1
4381 2907 1
4381 4492 1
4381 3991 1
4381 3305 1
4381 4601 1
4381 1746 1
4381 3627 1
4381 4228 1
753 2321 1
753 4630 1
753 3438 1
753 3413 1
753 194 1
753 2421 1
753 1923 1
753 837 1
753 3711 1
753 3519 1
753 2486 1
753 583 1
753 3630 1
753 4305 1
753 852 1
753 872 1
753 4238 1
424 273 1
424 2180 1
424 1844 1
3533 2342 1
3533 1589 1
3014 3732 1
948 949 1
948 4656 1
948 4319 1
948 4161 1
948 1127 1
948 2684 1
948 3268 1
1668 296 1
1668 591 1
1668 2968 1
1668 4400 1
1668 2675 1
1668 2038 1
1668 3233 1
1668 3473 1
1668 3297 1
1668 1561 1
1668 170 1
1668 1248 1
1668 1321 1
1668 788 1
1668 480 1
1668 4341 1
1668 1924 1
1668 2156 1
1668 102 1
1668 1048 1
578 1730 1
578 240 1
578 1966 1
578 1557 1
578 2051 1
2988 2940 1
2988 2833 1
3858 382 1
3858 4600 1
3858 2798 1
2814 3885 1
2814 2576 1
2814 4223 1
2814 4603 1
2814 12 1
2814 3846 1
2814 3141 1
1212 2197 1
1212 2621 1
1212 3850 1
1212 1285 1
1212 318 1
1212 1484 1
1212 2440 1
60 2204 1
60 1624 1
60 2567 1
60 1956 1
60 502 1
60 509 1
60 2641 1
60 4053 1
60 1343 1
60 3677 1
60 2677 1
60 3056 1
187 3907 1
187 4543 1
187 4172 1
4423 1699 1
4423 1108 1
4423 3034 1
4518 3844 1
1957 360 1
1957 4352 1
1957 3108 1
1957 2142 1
1957 1845 1
1957 1257 1
1957 4162 1
1957 3035 1
2145 2919 1
2145 4513 1
2145 3339 1
107 4294 1
107 499 1
107 3723 1
107 1001 1
499 2090 1
499 347 1
3161 4647 1
3161 2665 1
3161 1252 1
1796 1164 1
4309 1256 1
4309 1881 1
3196 3257 1
3196 3038 1
3196 181 1
3196 374 1
3196 3266 1
3196 3343 1
3196 1470 1
3196 4180 1
1080 4184 1
1080 4448 1
1080 799 1
1080 1206 1
1080 939 1
1080 1269 1
1080 99 1
1080 3023 1
1080 1911 1
1080 264 1
1983 348 1
3175 2884 1
3175 3379 1
3175 3784 1
3175 4259 1
3175 2883 1
3175 849 1
3175 4120 1
3175 65 1
3175 2497 1
2749 4389 1
2749 593 1
2749 176 1
2749 1755 1
2749 615 1
2749 3769 1
2749 3606 1
2749 1877 1
2749 2860 1
2749 4312 1
2749 275 1
2749 1826 1
2749 2270 1
2749 2834 1
2749 2168 1
2749 2102 1
2749 3027 1
511 2829 1
511 3855 1
511 3625 1
3326 3935 1
3326 1986 1
3326 1004 1
2567 3113 1
2567 2722 1
2567 4375 1
2567 1716 1
2567 2474 1
2567 942 1
2567 1654 1
2567 3262 1
2567 2003 1
2567 4373 1
2567 113 1
2567 4468 1
3149 133 1
3420 87 1
3420 3349 1
3420 675 1
3420 448 1
3420 316 1
3420 19 1
3420 2062 1
3420 4026 1
3420 1419 1
3420 3363 1
3420 2776 1
3420 4131 1
3420 3548 1
3420 2667 1
3420 2465 1
3420 367 1
3420 551 1
3420 1338 1
1188 3743 1
1188 1710 1
1188 1287 1
1000 30 1
1000 4595 1
1000 1087 1
1000 1443 1
1213 3683 1
1213 2089 1
1213 582 1
1213 3892 1
1213 215 1
4662 3647 1
4662 4022 1
4662 2828 1
4662 607 1
4662 4612 1
1468 3444 1
1468 79 1
1468 4339 1
1468 3514 1
1468 3369 1
1468 3559 1
1468 2605 1
1468 2144 1
1468 1172 1
1468 301 1
1468 631 1
1468 247 1
1468 1515 1
1468 4085 1
1468 2631 1
1468 155 1
1468 2892 1
1468 4150 1
1468 2484 1
1468 1136 1
1468 2096 1
4142 2379 1
4142 3718 1
4142 841 1
4142 3631 1
4142 3315 1
4142 4283 1
4142 1353 1
4142 4447 1
4142 2964 1
4142 2050 1
1536 2034 1
1536 2012 1
1536 2159 1
1536 3964 1
1536 3162 1
1536 1266 1
1536 4571 1
1536 217 1
1536 1984 1
1536 4596 1
1536 2183 1
1536 2220 1
1536 4052 1
1536 135 1
1536 4181 1
2219 3312 1
2219 2310 1
203 331 1
203 3304 1
203 3965 1
203 341 1
203 4463 1
203 3834 1
203 78 1
203 1107 1
203 1879 1
999 2070 1
999 673 1
999 3078 1
3559 561 1
3559 3573 1
3559 1227 1
3559 703 1
3882 1848 1
3882 1249 1
3882 1169 1
956 2880 1
956 1250 1
956 2810 1
956 454 1
956 2530 1
956 471 1
956 4051 1
956 449 1
956 1712 1
956 2039 1
956 62 1
956 523 1
956 4372 1
956 2078 1
956 2994 1
956 4288 1
956 3867 1
956 293 1
956 863 1
3245 3243 1
2188 2713 1
2188 1542 1
2188 1994 1
2188 2312 1
2188 1901 1
2188 2426 1
2188 2593 1
3614 4084 1
2556 3801 1
2556 3817 1
2556 3966 1
500 3323 1
500 3476 1
3433 2961 1
3433 3013 1
3433 3284 1
2386 545 1
2386 3249 1
2386 1838 1
2386 2710 1
1103 118 1
1103 2331 1
1103 1094 1
1103 401 1
1401 4331 1
1401 1091 1
1401 815 1
1401 1667 1
3552 4137 1
3552 1217 1
2562 1960 1
2562 3517 1
2562 183 1
2562 3836 1
2562 2233 1
2562 4365 1
2562 810 1
2562 826 1
2562 847 1
2562 1031 1
2562 172 1
2562 3999 1
2562 617 1
4272 2571 1
4272 3687 1
4272 2016 1
4272 406 1
4272 1014 1
4272 2635 1
4272 491 1
4272 532 1
4272 2920 1
4272 2008 1
4272 1775 1
4272 853 1
4272 632 1
4272 601 1
4272 2932 1
4272 1084 1
4272 2699 1
3940 4225 1
812 1095 1
812 3864 1
812 2501 1
812 2014 1
812 37 1
812 2430 1
812 3840 1
812 3502 1
812 3917 1
812 1806 1
812 2566 1
812 3814 1
1823 1554 1
1823 343 1
1823 1749 1
3928 4501 1
3928 4615 1
3928 3895 1
3928 1864 1
3928 3874 1
3928 14 1
3928 3714 1
3928 3178 1
3928 2153 1
1621 3782 1
1621 1146 1
1621 1548 1
1104 2515 1
1104 1543 1
1104 2431 1
1104 2462 1
1104 3021 1
1104 4639 1
1104 2995 1
1104 4467 1
1104 503 1
1104 1447 1
1104 3382 1
1104 1630 1
1104 3845 1
1104 2285 1
1104 1301 1
1104 4260 1
1104 1044 1
1104 2619 1
1104 4539 1
524 2606 1
574 2456 1
574 1071 1
574 2866 1
1771 4049 1
848 4123 1
848 1236 1
848 1762 1
848 584 1
848 4272 1
848 3060 1
848 1958 1
848 2890 1
848 3206 1
848 9 1
848 3608 1
848 2974 1
848 4452 1
848 4083 1
848 1375 1
848 1918 1
848 3401 1
848 2941 1
848 285 1
848 2840 1
848 4402 1
848 2997 1
848 2507 1
3487 1609 1
3487 3406 1
3487 1179 1
3487 2293 1
3487 1538 1
3487 2552 1
3487 185 1
3487 2000 1
3487 2347 1
3130 1149 1
3130 3036 1
3130 4130 1
3130 4640 1
1072 1389 1
4383 2432 1
4383 4342 1
4383 1429 1
1352 1063 1
4298 408 1
3037 3914 1
3037 733 1
3037 2748 1
3037 2842 1
3037 1674 1
3037 4436 1
291 715 1
291 4336 1
3848 2040 1
3848 2853 1
543 2041 1
543 1605 1
543 1993 1
543 4545 1
543 1033 1
543 1355 1
543 2921 1
543 1773 1
543 1138 1
543 1434 1
543 3535 1
543 1653 1
543 4003 1
543 3127 1
543 904 1
543 477 1
543 2318 1
543 2082 1
543 955 1
543 302 1
543 1737 1
543 2447 1
543 3350 1
543 4103 1
543 1067 1
543 3330 1
543 1436 1
310 4344 1
310 1963 1
3960 2240 1
3938 4067 1
4018 3251 1
2047 2332 1
2047 682 1
2047 131 1
2047 492 1
2047 2522 1
2047 476 1
2047 2949 1
2047 3072 1
4056 2658 1
4056 997 1
4056 2010 1
4056 63 1
4056 3401 1
1581 2733 1
1581 2975 1
368 547 1
368 1109 1
368 4309 1
368 57 1
368 2234 1
368 1168 1
368 3173 1
368 820 1
2745 1208 1
2745 7 1
2745 2924 1
2745 1610 1
184 530 1
184 3992 1
184 994 1
184 4089 1
2246 2946 1
2246 731 1
2246 1268 1
2246 1253 1
2246 752 1
2246 239 1
2246 3193 1
2246 534 1
2246 4628 1
2246 1803 1
2246 1849 1
2246 4443 1
2246 4602 1
2703 1055 1
2703 1045 1
2703 114 1
2703 1117 1
2703 4182 1
2703 2612 1
2703 2006 1
2703 2685 1
2231 4054 1
2231 902 1
2231 3698 1
2804 3068 1
2804 2 1
2804 2212 1
2804 1936 1
4073 846 1
1953 2541 1
1953 1974 1
1953 3554 1
1953 1903 1
1953 1850 1
1953 4126 1
1953 2243 1
4528 3713 1
4528 4673 1
1631 2429 1
1631 2989 1
1631 855 1
1644 1512 1
1644 4474 1
1644 1764 1
1644 1075 1
1865 3903 1
1865 1449 1
1865 568 1
2817 3458 1
2817 1242 1
2817 4141 1
2817 1801 1
2817 4215 1
2817 2135 1
2817 1791 1
2817 3264 1
2817 2230 1
2817 1583 1
2817 2943 1
2817 1267 1
2817 1509 1
2817 713 1
2817 3924 1
2817 512 1
2817 3612 1
2817 3442 1
2817 4034 1
2817 1229 1
2817 507 1
2817 3325 1
2167 1776 1
579 3893 1
579 1830 1
579 510 1
4458 4679 1
4458 2222 1
4458 1466 1
4458 2971 1
3097 2181 1
3097 166 1
3097 2604 1
3097 2893 1
3097 2561 1
3097 1427 1
3097 4213 1
2461 4183 1
2461 3059 1
2461 764 1
2461 2659 1
4621 1897 1
2522 1480 1
2508 1964 1
3264 541 1
3685 229 1
3685 1662 1
3685 2194 1
3685 4057 1
3685 740 1
2134 2505 1
2134 605 1
2134 3088 1
2134 1794 1
2134 964 1
2134 3213 1
2134 885 1
2134 2731 1
2134 3290 1
2134 2693 1
2134 590 1
2134 2397 1
2134 3333 1
2134 257 1
2134 3367 1
1877 597 1
1245 2850 1
1245 1684 1
1388 4194 1
1388 3299 1
1388 2169 1
1388 3066 1
1388 1034 1
1388 1412 1
1388 3980 1
1388 157 1
1388 3177 1
1388 390 1
1388 4674 1
1334 2042 1
4500 3577 1
2646 3238 1
2646 4227 1
2646 1021 1
2679 314 1
2282 4578 1
2282 2403 1
2282 1765 1
2282 635 1
2282 2354 1
2282 2535 1
2282 4350 1
1323 4159 1
1323 315 1
1323 2511 1
1323 2209 1
1323 1975 1
1323 1362 1
1323 1763 1
4441 2889 1
2982 2221 1
2982 2594 1
2087 4514 1
2087 4204 1
3791 611 1
3791 3757 1
3791 2573 1
3791 1569 1
3791 286 1
3791 2540 1
3791 3542 1
3791 4552 1
3791 1479 1
3791 3049 1
608 3077 1
608 4301 1
608 1620 1
608 3160 1
608 1581 1
608 3144 1
608 2830 1
608 4510 1
608 195 1
608 3463 1
608 3119 1
608 2694 1
608 4009 1
608 4594 1
608 1319 1
608 173 1
693 3639 1
693 4217 1
693 4576 1
693 1166 1
1768 1416 1
1768 3537 1
1768 1935 1
1768 2443 1
1768 4619 1
1768 850 1
1768 3589 1
1768 4661 1
1768 150 1
2888 1356 1
2888 894 1
2888 1074 1
2888 2011 1
2888 646 1
2888 4149 1
2888 1914 1
1015 717 1
1015 4086 1
1015 1463 1
1015 839 1
1015 4170 1
905 640 1
905 48 1
905 3074 1
1259 263 1
1259 4011 1
1259 3886 1
2811 2622 1
1344 1671 1
1344 362 1
1344 1308 1
1344 1882 1
1344 4629 1
1344 119 1
1344 3182 1
1344 1139 1
1344 322 1
1344 2052 1
1344 260 1
1344 4058 1
1344 4622 1
1344 2755 1
1344 562 1
1344 4453 1
1344 1408 1
1344 759 1
1344 4027 1
1344 3575 1
990 3296 1
990 634 1
990 4257 1
990 1552 1
990 1920 1
2116 1655 1
2116 2437 1
2116 2493 1
2116 2953 1
2116 1272 1
2116 3762 1
2116 2708 1
2116 1119 1
2116 912 1
3740 2656 1
3497 1273 1
3497 1954 1
3497 3582 1
3497 3603 1
1562 2146 1
1562 1931 1
3087 159 1
3087 361 1
3087 41 1
3087 3347 1
3087 1028 1
3087 4592 1
1851 4392 1
1861 4397 1
460 711 1
460 4329 1
460 1932 1
460 3580 1
460 4200 1
460 3483 1
443 4293 1
443 2345 1
2032 2416 1
1973 4138 1
1973 4356 1
1973 1498 1
2890 1330 1
2890 3884 1
2890 3823 1
2890 3783 1
2890 2512 1
2890 1176 1
2890 2623 1
2890 3970 1
2890 4363 1
2890 4418 1
2890 3918 1
2890 2274 1
2890 1608 1
2890 4226 1
2890 4507 1
2890 3624 1
1675 364 1
1675 3804 1
279 3009 1
279 614 1
279 3543 1
279 2598 1
279 1111 1
279 3706 1
279 4261 1
279 2019 1
279 4102 1
4079 3609 1
1634 4367 1
1634 3719 1
1634 2772 1
1634 4597 1
1634 1560 1
1634 4211 1
4608 2839 1
4608 3557 1
3422 4512 1
3422 3961 1
3422 880 1
3422 3169 1
3422 2585 1
3422 2525 1
3422 323 1
3422 572 1
3422 4424 1
3422 2816 1
3422 1008 1
3422 677 1
3422 809 1
2059 3216 1
2059 3936 1
2059 4175 1
2059 843 1
2059 536 1
2059 221 1
2059 4412 1
2059 1970 1
2059 1726 1
2059 1618 1
2059 258 1
2059 1659 1
2059 2066 1
2059 2782 1
683 287 1
683 3551 1
2652 1584 1
2652 2406 1
2652 3230 1
193 3054 1
193 2599 1
193 3210 1
193 4206 1
193 188 1
193 2475 1
193 3294 1
193 2686 1
193 3942 1
193 2053 1
193 4502 1
193 2476 1
193 3471 1
193 754 1
193 2614 1
193 1467 1
193 3046 1
193 3468 1
193 525 1
193 45 1
193 2915 1
193 3675 1
193 4174 1
193 873 1
193 4584 1
2369 2400 1
2369 965 1
2369 3007 1
4569 4676 1
4569 1462 1
4569 4321 1
4569 3552 1
4569 1130 1
4569 574 1
4569 3997 1
4569 4087 1
4569 838 1
4569 3137 1
4569 2652 1
4569 2518 1
4569 222 1
4569 2241 1
4569 450 1
4569 351 1
4569 1069 1
4569 3508 1
4569 70 1
4569 3922 1
4569 2320 1
2984 2427 1
2984 4125 1
2984 225 1
2984 3703 1
3344 2122 1
3277 1344 1
3277 3464 1
3277 3803 1
3277 4440 1
3277 2926 1
3277 4669 1
3277 528 1
3277 2937 1
2781 487 1
3042 3645 1
3042 3221 1
3042 2796 1
3460 765 1
3460 1258 1
1650 1156 1
1650 909 1
103 1759 1
1138 2441 1
4425 802 1
4425 2328 1
4425 4503 1
2248 4455 1
2248 208 1
1345 3875 1
1345 365 1
1345 1246 1
595 1460 1
595 1051 1
595 4016 1
595 1181 1
595 1692 1
595 1697 1
595 2783 1
595 3701 1
595 2588 1
595 4465 1
595 1814 1
399 3587 1
399 2021 1
399 723 1
399 636 1
399 1134 1
4643 3336 1
4643 1202 1
4643 2428 1
4643 2874 1
1209 270 1
1209 451 1
1209 1995 1
1209 1836 1
1209 3207 1
1209 1567 1
1209 866 1
3616 3396 1
885 2750 1
4127 3913 1
4127 4384 1
4127 4032 1
4127 3307 1
4028 1387 1
661 637 1
661 3672 1
27 3355 1
27 1335 1
27 1891 1
27 3147 1
27 244 1
27 4409 1
27 1518 1
3019 371 1
2789 2163 1
2789 4421 1
2789 2195 1
2789 2944 1
2789 2607 1
2789 470 1
2789 3604 1
2789 2707 1
2789 1103 1
2789 1190 1
2789 2401 1
2789 4019 1
2196 3300 1
3415 3724 1
3415 1876 1
3415 762 1
3415 2574 1
3415 1360 1
3415 2444 1
3415 4024 1
3415 2784 1
3415 3689 1
3415 2375 1
3415 674 1
3415 2591 1
3415 4450 1
3415 324 1
3415 1638 1
3415 770 1
3415 1230 1
3415 2832 1
3327 2026 1
3327 3737 1
2473 2060 1
2473 4572 1
2473 3152 1
2473 3114 1
1203 369 1
1203 1641 1
1203 739 1
1203 3768 1
1203 2111 1
1203 3598 1
1203 937 1
1203 3495 1
1203 1182 1
576 1486 1
576 3729 1
576 1549 1
576 3507 1
576 1883 1
576 1524 1
576 2046 1
2836 4671 1
2836 231 1
2836 3105 1
2836 4313 1
2836 3739 1
2836 1102 1
2836 3351 1
3665 1678 1
3665 1979 1
4408 3599 1
4361 2417 1
4361 1474 1
4361 4295 1
4361 3328 1
4361 3364 1
4361 2425 1
4361 3048 1
4361 577 1
1367 1185 1
1367 161 1
1367 3853 1
1367 3093 1
1367 2093 1
1367 2695 1
1367 4151 1
1367 2411 1
1367 2313 1
4088 3258 1
4088 2687 1
4088 482 1
4088 2268 1
4088 4610 1
4088 879 1
3450 2376 1
2430 4663 1
2430 2459 1
1502 3267 1
1502 3989 1
1502 76 1
1502 3403 1
1502 3896 1
1502 52 1
1502 928 1
1502 1811 1
1502 1544 1
2925 3079 1
256 2205 1
256 1163 1
256 4360 1
256 4466 1
256 127 1
256 2761 1
256 4567 1
256 1424 1
256 1599 1
256 2275 1
256 1158 1
256 891 1
1039 658 1
1039 3397 1
1039 3126 1
1039 2281 1
1337 2481 1
1337 2653 1
1337 304 1
1337 3270 1
1337 2786 1
1337 2818 1
1858 2117 1
3941 4415 1
2152 2238 1
2152 3217 1
2152 1464 1
2152 3710 1
2152 1572 1
2152 2955 1
2152 3623 1
4568 4212 1
2680 990 1
3930 11 1
3930 3644 1
3930 4284 1
3930 467 1
3930 4010 1
3930 2957 1
3930 1309 1
3930 3852 1
3930 2627 1
3930 4376 1
3930 265 1
3930 3188 1
3206 1159 1
3206 3568 1
3206 4399 1
3206 3650 1
3206 3651 1
3206 1615 1
3206 4249 1
3206 2526 1
3206 2640 1
3206 3398 1
1073 1472 1
1073 2744 1
1505 2098 1
3345 375 1
4632 4020 1
1064 1748 1
2322 1525 1
2322 868 1
2322 3467 1
1601 2927 1
1601 3189 1
1601 235 1
1601 2596 1
1601 2753 1
1601 4518 1
1601 4316 1
1601 2785 1
1601 3410 1
1601 1739 1
1601 2279 1
1601 651 1
1601 3352 1
1601 2760 1
1601 4433 1
1601 3862 1
1601 379 1
1692 720 1
1692 3511 1
1692 158 1
1692 2847 1
1692 999 1
1692 4264 1
1692 2490 1
1692 1210 1
1692 1209 1
1692 4564 1
1692 4247 1
1692 771 1
1692 3374 1
1692 2854 1
1692 1872 1
1692 3465 1
4096 2314 1
4096 169 1
4096 3443 1
4096 4143 1
3959 3897 1
3959 2838 1
3959 1807 1
3959 3489 1
3959 3461 1
3959 3908 1
3959 4611 1
3959 2184 1
3959 824 1
2557 1255 1
2557 1967 1
1417 1855 1
1417 2193 1
1417 1116 1
1417 1410 1
1417 1991 1
3399 1928 1
3399 1681 1
3399 2213 1
3399 334 1
558 1483 1
558 138 1
631 1215 1
631 3734 1
631 3010 1
631 698 1
631 411 1
631 3708 1
631 960 1
631 2916 1
2011 1220 1
1004 4192 1
4262 4531 1
2160 246 1
2160 736 1
2160 53 1
2160 2931 1
2315 1810 1
1718 2514 1
4148 1332 1
4148 4658 1
4148 529 1
4148 519 1
4148 2454 1
4311 2714 1
4311 3058 1
4311 3805 1
4311 4677 1
4311 4245 1
4311 1722 1
4311 3856 1
4306 1625 1
4306 1859 1
2355 2466 1
2700 3538 1
2700 4173 1
2700 1278 1
2700 2289 1
2700 3042 1
2700 655 1
2700 1133 1
2700 1593 1
2700 3260 1
2700 3553 1
2700 2870 1
2922 2871 1
2922 3053 1
322 1414 1
322 1260 1
322 1815 1
1557 874 1
1557 1385 1
1557 4291 1
1557 2086 1
1557 4090 1
1557 2149 1
1557 2601 1
1557 1505 1
1557 2620 1
1557 3515 1
1557 773 1
1557 2895 1
1557 205 1
1557 4540 1
1557 386 1
662 1128 1
730 1144 1
730 2103 1
730 2520 1
730 1913 1
730 2370 1
730 974 1
730 1883 1
730 2445 1
730 4144 1
730 349 1
730 3179 1
730 4338 1
730 4252 1
730 4429 1
730 944 1
730 2843 1
730 1170 1
730 3069 1
730 425 1
730 1586 1
730 3632 1
506 2952 1
506 3392 1
506 3802 1
506 2933 1
506 643 1
506 2896 1
506 153 1
506 972 1
506 3915 1
506 2923 1
506 171 1
506 81 1
1024 2244 1
1024 3428 1
1024 2248 1
1024 1085 1
4581 3462 1
4581 1052 1
779 1516 1
779 1550 1
779 403 1
779 3726 1
779 2510 1
779 4255 1
779 4547 1
779 1402 1
1708 3246 1
2797 1197 1
2797 3122 1
2797 2420 1
3583 2752 1
3583 3879 1
3583 461 1
3825 3412 1
3825 4345 1
3825 276 1
3825 3015 1
3825 3097 1
3825 103 1
3825 3381 1
3825 3561 1
3825 3223 1
2241 2045 1
2241 3767 1
2241 2044 1
2241 1448 1
2241 4047 1
2241 1193 1
2241 4613 1
2241 2363 1
2241 4167 1
2241 1687 1
2241 513 1
2241 3075 1
2241 1162 1
2241 2879 1
2241 1187 1
2241 3758 1
2241 1626 1
2241 1151 1
2241 4116 1
2150 3156 1
2150 3707 1
2150 137 1
2150 4005 1
2150 3953 1
2150 580 1
2150 3466 1
2150 3295 1
2150 2774 1
2150 3584 1
2150 1270 1
2150 3163 1
2150 3084 1
2150 452 1
2150 174 1
2150 984 1
2150 92 1
3780 4222 1
3780 4333 1
2833 175 1
1499 2063 1
1499 806 1
1499 914 1
1499 4269 1
1499 122 1
2943 2178 1
2943 357 1
2943 732 1
2943 3972 1
2943 3494 1
2943 3636 1
2943 2298 1
2943 514 1
2813 3843 1
2813 521 1
2813 3306 1
2813 748 1
2813 807 1
2813 1086 1
2595 4193 1
2595 2007 1
2595 1556 1
2595 3491 1
2595 1461 1
2595 4110 1
2595 2711 1
4364 1042 1
4364 389 1
4364 2043 1
4364 1251 1
4359 4426 1
2589 1057 1
2589 685 1
2589 840 1
2589 269 1
2589 3572 1
2589 612 1
2589 2823 1
2589 148 1
1173 4340 1
1173 3018 1
1173 207 1
1173 3218 1
3332 232 1
1488 2225 1
1488 3786 1
1827 3288 1
1827 1400 1
1827 10 1
1827 1757 1
1827 1590 1
2359 2390 1
2359 4377 1
2359 1952 1
2359 627 1
2359 3565 1
2359 428 1
2359 3509 1
2359 896 1
3731 878 1
2119 977 1
2119 1204 1
2119 2334 1
2119 1446 1
2119 609 1
649 1487 1
1035 58 1
1035 3115 1
1035 893 1
1035 2343 1
1035 3469 1
1035 2359 1
1035 1843 1
1035 1824 1
1035 2881 1
1035 3259 1
1035 2250 1
358 1361 1
4232 2634 1
4232 1096 1
4232 468 1
4232 864 1
4232 1635 1
4232 2732 1
4232 1439 1
4232 2455 1
4232 3039 1
3803 4036 1
3803 714 1
3803 4330 1
1346 585 1
1346 1792 1
1346 2216 1
4229 725 1
1820 2175 1
1820 2377 1
1820 3774 1
1820 3436 1
1820 198 1
1820 4258 1
1820 3770 1
1820 4139 1
4327 3934 1
4327 935 1
4327 3057 1
4327 4048 1
4327 4393 1
4327 1563 1
4327 4538 1
4327 4385 1
4327 728 1
4327 4346 1
4327 2950 1
4327 4620 1
4327 2568 1
4327 2030 1
792 1753 1
792 380 1
792 1281 1
2787 3957 1
2787 1545 1
2787 3699 1
2787 2048 1
2787 3375 1
1844 2164 1
1844 1239 1
4315 2901 1
4315 982 1
4315 2914 1
4315 2283 1
4315 3995 1
1923 4487 1
2123 3821 1
2123 1508 1
2123 1336 1
2356 199 1
2727 4128 1
2727 3807 1
575 250 1
899 3331 1
899 3451 1
899 4028 1
899 1152 1
899 1303 1
899 3621 1
899 3061 1
899 350 1
899 4524 1
899 760 1
1937 1418 1
1937 1909 1
1937 1276 1
1937 1941 1
1937 1016 1
1937 1017 1
1937 1601 1
1937 4437 1
1937 3421 1
230 821 1
1310 4107 1
1310 1575 1
1310 602 1
1310 1199 1
1310 3709 1
1310 3050 1
1310 4451 1
1310 3643 1
1310 542 1
1310 3409 1
1310 920 1
1310 2747 1
1310 538 1
1310 23 1
1310 1527 1
1846 1393 1
1846 4480 1
1846 3981 1
1846 3306 1
1846 604 1
2845 1619 1
2845 3684 1
2845 1340 1
1271 4535 1
1271 4532 1
1271 2132 1
1271 3727 1
1271 2326 1
1271 903 1
381 1212 1
381 4499 1
381 1606 1
381 2956 1
381 1978 1
381 2125 1
381 1961 1
381 1492 1
381 4279 1
381 3157 1
381 1860 1
329 2058 1
329 4265 1
329 3954 1
329 3882 1
329 3231 1
329 932 1
329 3139 1
329 4082 1
329 851 1
329 4668 1
329 1451 1
329 805 1
329 2092 1
329 427 1
329 432 1
329 1228 1
329 3256 1
1713 1165 1
1713 1431 1
1713 1120 1
1713 3749 1
1627 2147 1
1627 1444 1
1627 2351 1
1627 2991 1
1627 1243 1
1627 3829 1
1627 4446 1
1627 1238 1
1627 539 1
1627 544 1
1627 164 1
3076 3976 1
3076 2206 1
3076 4541 1
3076 3816 1
3076 2996 1
3076 1540 1
3076 3171 1
2074 112 1
2074 3880 1
2074 2217 1
2074 117 1
2074 4164 1
2074 694 1
2074 845 1
2074 54 1
2074 995 1
2074 3190 1
2074 1386 1
2074 3663 1
2074 2035 1
1422 687 1
1422 2807 1
1422 3754 1
1422 2224 1
1772 3763 1
1772 970 1
954 3832 1
954 3520 1
954 1539 1
954 2143 1
954 3985 1
954 3891 1
954 2899 1
954 4614 1
3994 1440 1
3994 1728 1
3994 3089 1
3994 1435 1
3994 1825 1
3994 1587 1
3994 3062 1
3994 4160 1
3994 2025 1
3994 4233 1
3994 586 1
3994 1639 1
3994 3676 1
3994 1068 1
3994 2214 1
3994 2260 1
3994 1290 1
3994 783 1
3994 2918 1
3994 4157 1
3994 3969 1
3994 2071 1
3994 2628 1
3994 696 1
3994 3252 1
3994 3291 1
3994 4410 1
3994 4282 1
3994 1007 1
3994 2590 1
3994 2126 1
1540 2546 1
3556 3818 1
3556 2151 1
3556 4366 1
3556 4425 1
3556 2544 1
3556 2805 1
3556 2123 1
3556 587 1
3556 3977 1
3556 1411 1
3556 4124 1
2113 4681 1
1961 4046 1
1214 4145 1
1214 2449 1
1234 3833 1
1234 2027 1
1234 2906 1
1234 2182 1
1234 1878 1
1234 2188 1
1234 4244 1
1234 671 1
1234 2984 1
1234 2793 1
1234 3277 1
1234 355 1
1234 2583 1
1234 1800 1
1234 3006 1
1234 4230 1
1234 1304 1
1234 3967 1
1234 4171 1
1234 4189 1
1234 2276 1
1234 2929 1
1234 2104 1
1234 437 1
1234 803 1
2762 3407 1
2762 2877 1
2762 1721 1
2762 4007 1
2762 751 1
2762 2645 1
2762 3235 1
2762 2239 1
3979 2207 1
2848 1717 1
2848 3854 1
2848 2468 1
2848 2903 1
2277 3254 1
2277 3132 1
2277 3655 1
2277 1573 1
2277 2726 1
2277 4431 1
2277 4469 1
2277 3371 1
2277 2609 1
2277 1645 1
2277 345 1
2277 3419 1
2277 763 1
2277 3876 1
2277 31 1
2277 1155 1
2277 3302 1
2277 1295 1
2277 2554 1
2277 2773 1
2277 490 1
2333 2900 1
2333 3454 1
2333 2538 1
2333 4369 1
2333 1167 1
3091 3123 1
3091 3063 1
3091 707 1
726 4035 1
726 3982 1
1709 2644 1
1709 25 1
1709 680 1
1709 1682 1
1709 1715 1
1709 4253 1
1709 4534 1
1709 1915 1
1709 1632 1
1709 1652 1
1709 2414 1
1709 2171 1
2227 3248 1
2227 2553 1
2227 1421 1
2227 3271 1
2227 4527 1
2227 1112 1
2227 3526 1
2227 3020 1
2227 4254 1
3441 3841 1
3441 3185 1
3441 1577 1
3441 3055 1
4119 976 1
4119 2718 1
4119 64 1
4119 4589 1
646 978 1
646 4018 1
646 3752 1
646 190 1
646 888 1
646 3308 1
646 966 1
646 3691 1
1880 1968 1
1880 4177 1
1880 647 1
1880 3439 1
1880 4303 1
1880 706 1
1880 3337 1
1880 560 1
1880 3776 1
1880 4292 1
1880 1327 1
2780 2124 1
2780 2049 1
2780 3742 1
2780 836 1
2780 4413 1
2780 943 1
2780 4248 1
2371 1391 1
2371 2266 1
2371 378 1
2371 1191 1
2371 2849 1
2371 2259 1
2371 755 1
2371 1603 1
2371 67 1
2371 2965 1
2371 3755 1
2371 88 1
2371 1912 1
2371 38 1
2371 681 1
2371 414 1
2371 1456 1
2371 2344 1
2371 2663 1
2371 4266 1
2371 182 1
2371 1471 1
2371 2306 1
2371 3764 1
2371 3705 1
2371 4242 1
2371 1325 1
2371 3358 1
2371 3947 1
3449 793 1
3449 4593 1
3449 4347 1
3449 2862 1
3449 2935 1
3449 2768 1
4008 2080 1
4008 3571 1
4008 3165 1
4008 3848 1
4008 3261 1
4008 1595 1
4008 2346 1
4008 2001 1
4008 4542 1
3578 2799 1
3578 988 1
4635 2911 1
4635 3943 1
4635 3474 1
4635 622 1
4635 2245 1
4635 4430 1
4635 2917 1
4635 444 1
4635 352 1
4635 3085 1
4635 2127 1
4635 3532 1
4635 1727 1
4635 1884 1
1839 531 1
1839 1458 1
1839 2228 1
1839 15 1
1839 245 1
1839 1980 1
1839 2730 1
1839 786 1
1839 3455 1
1839 887 1
1839 1916 1
1839 3839 1
1839 2114 1
1839 3424 1
1839 3741 1
1839 638 1
1839 3679 1
1839 1231 1
1839 2509 1
1839 89 1
1839 2487 1
1839 445 1
1839 1944 1
1839 2746 1
1839 3835 1
1839 277 1
1839 4355 1
1839 4624 1
1839 71 1
1839 3011 1
248 3527 1
248 1097 1
248 16 1
3949 3310 1
3949 3253 1
3949 1702 1
3949 4176 1
3949 2855 1
3949 3812 1
3949 1432 1
3949 1098 1
3949 3459 1
3949 3116 1
3949 535 1
3784 3940 1
2382 2407 1
2382 1646 1
4432 588 1
4432 4278 1
4432 1394 1
4577 1306 1
4577 980 1
4577 3523 1
4577 2740 1
4577 1607 1
4577 4353 1
4577 2636 1
4577 2608 1
811 2496 1
811 996 1
811 1665 1
811 1837 1
811 1406 1
811 4287 1
811 3292 1
811 1192 1
811 882 1
811 3919 1
811 4097 1
811 3513 1
811 2176 1
811 2977 1
811 2368 1
811 4044 1
811 1551 1
811 3983 1
811 1099 1
811 494 1
2671 2728 1
2671 253 1
2671 3618 1
2671 3012 1
2671 3201 1
2671 4250 1
2671 2958 1
3608 418 1
3608 4648 1
1176 1976 1
1321 678 1
1321 3923 1
639 1533 1
1875 3540 1
1875 1183 1
3146 2649 1
2907 2005 1
2907 297 1
2907 1299 1
2907 1205 1
2907 3594 1
3967 1450 1
3967 1983 1
3967 4422 1
3967 3386 1
3967 1698 1
3967 3600 1
3967 3652 1
3967 2073 1
3967 4203 1
3967 2067 1
3967 775 1
3967 784 1
3967 4012 1
3967 4307 1
641 669 1
997 876 1
997 4055 1
997 1992 1
997 2229 1
997 1804 1
997 478 1
997 4682 1
997 3550 1
997 101 1
997 3909 1
997 3819 1
2491 405 1
4511 2543 1
4511 2751 1
4511 3931 1
4511 1660 1
4511 524 1
4511 4604 1
4511 3064 1
4511 1489 1
4511 1364 1
4511 1442 1
335 3716 1
3969 827 1
3969 3384 1
391 3196 1
391 3640 1
391 3244 1
391 2105 1
391 3870 1
391 2865 1
4351 2521 1
4351 1588 1
167 241 1
167 447 1
167 3929 1
167 156 1
167 4221 1
167 2577 1
167 3890 1
167 3861 1
3026 189 1
3026 2508 1
2120 986 1
2120 3585 1
2120 1372 1
2120 3899 1
2120 3797 1
2120 3195 1
2120 2198 1
4045 3121 1
4045 3865 1
4092 4323 1
4092 4675 1
4092 1286 1
4092 2436 1
4092 1365 1
4092 3610 1
4092 2886 1
4092 2632 1
1293 1395 1
1293 1437 1
1293 642 1
1293 3656 1
1293 2121 1
1293 2075 1
1293 2610 1
1293 981 1
1293 3492 1
1293 303 1
1293 1998 1
1293 39 1
1293 394 1
1293 4077 1
1293 455 1
1293 4317 1
1293 2787 1
1293 311 1
1293 2788 1
1293 6 1
1293 2187 1
1293 1211 1
1293 1221 1
1293 484 1
1293 844 1
1293 3131 1
1293 1955 1
4133 1317 1
1318 3320 1
1318 1262 1
1318 3226 1
1318 1547 1
1318 2735 1
1318 2504 1
1318 1904 1
3116 266 1
403 1404 1
2010 3051 1
2010 3313 1
2010 4243 1
2010 200 1
2010 3693 1
2010 4454 1
2010 959 1
2010 917 1
2010 4485 1
2010 2138 1
2010 4207 1
2010 4660 1
2010 3615 1
2010 963 1
2010 415 1
4285 2502 1
4285 3944 1
4285 616 1
4285 3529 1
4285 1407 1
4285 1564 1
4285 3414 1
4285 42 1
4285 4276 1
4285 4155 1
4285 2611 1
4285 741 1
1467 104 1
1467 957 1
1111 3860 1
1111 4199 1
1111 907 1
1111 2478 1
1111 3539 1
1111 1565 1
1111 1025 1
2051 289 1
2051 2669 1
2051 2825 1
2051 1036 1
2051 2380 1
2051 214 1
2051 3380 1
2051 1379 1
2883 2186 1
2883 3753 1
2883 856 1
2883 1373 1
2883 4394 1
2883 2967 1
929 2819 1
929 400 1
2357 1077 1
2357 1894 1
2357 1862 1
2357 2413 1
2357 2165 1
2357 742 1
2357 1651 1
2357 2688 1
2357 93 1
2357 1611 1
4085 4579 1
4163 2763 1
4163 412 1
4163 1070 1
4163 8 1
4616 549 1
2097 4419 1
2097 3690 1
2097 3505 1
2097 2023 1
2097 2697 1
2097 2701 1
2097 3446 1
2097 4101 1
2097 3357 1
340 4515 1
340 1892 1
340 1731 1
340 2792 1
3109 3166 1
3109 1265 1
4645 115 1
4645 3497 1
4645 1905 1
4645 599 1
4645 2360 1
3324 416 1
3324 2806 1
3324 702 1
3324 3975 1
3324 3164 1
3324 462 1
4362 2106 1
4362 2650 1
4362 2316 1
4362 1680 1
4362 132 1
4362 282 1
4277 718 1
955 4495 1
955 4565 1
955 149 1
955 3871 1
955 2450 1
955 3544 1
955 3227 1
955 2269 1
955 2637 1
955 3431 1
3309 4100 1
3309 2545 1
3309 1196 1
3309 2307 1
3309 2729 1
3309 1594 1
3028 2107 1
3028 2335 1
3028 3881 1
3028 828 1
3028 3601 1
3028 3445 1
3028 1553 1
3028 3276 1
3028 2088 1
3028 2902 1
3028 1750 1
3028 946 1
3028 804 1
3028 2534 1
1669 3470 1
1669 4218 1
1669 3900 1
1669 86 1
2886 3493 1
2886 3103 1
2886 659 1
2886 3151 1
2886 1037 1
2886 261 1
2926 3478 1
2926 1777 1
2926 1020 1
2926 2295 1
2926 1178 1
4497 4135 1
4497 2115 1
4497 3311 1
4497 1868 1
4497 508 1
4497 3986 1
4497 66 1
4497 3619 1
4497 4546 1
4497 3100 1
4497 3635 1
4497 4498 1
2863 3224 1
2764 1339 1
2764 2339 1
2764 801 1
2764 373 1
2764 124 1
3170 325 1
3170 3926 1
3170 3029 1
3170 2387 1
36 2297 1
36 1780 1
36 4473 1
36 1513 1
2602 1758 1
1347 1348 1
1347 3432 1
2372 3136 1
1329 989 1
2770 106 1
2770 2302 1
2770 433 1
2770 924 1
2770 3717 1
2770 4408 1
2770 4649 1
2770 3811 1
2770 3945 1
2770 1469 1
2770 1870 1
2770 2630 1
1223 55 1
1705 3555 1
1705 522 1
1705 3728 1
1705 4493 1
1705 3107 1
1705 3472 1
1705 550 1
2802 2129 1
2036 2702 1
2036 4489 1
2036 3620 1
2036 1009 1
2036 861 1
2036 3134 1
2036 251 1
2036 190 1
2036 4208 1
2036 4590 1
2036 553 1
2036 1535 1
2036 3799 1
2036 3303 1
2036 1 1
1270 3927 1
1270 2391 1
1270 1131 1
2651 1520 1
317 1018 1
317 4043 1
317 2654 1
3970 3283 1
3970 2633 1
3970 2765 1
3970 3040 1
4654 28 1
4654 4582 1
4654 2341 1
4654 3521 1
4654 43 1
4654 3586 1
4654 991 1
4654 2983 1
4654 4059 1
4654 4666 1
4654 3813 1
4654 3993 1
4654 395 1
4654 160 1
4654 1153 1
4654 3135 1
4654 2358 1
4654 3186 1
4654 1947 1
4654 1756 1
2882 2569 1
2882 3362 1
2882 1580 1
710 3353 1
710 3316 1
710 3390 1
710 1769 1
710 613 1
710 4060 1
710 107 1
710 4445 1
710 4195 1
710 1506 1
710 4045 1
710 3808 1
710 1602 1
1471 419 1
1471 2485 1
2306 292 1
1828 679 1
1828 495 1
1828 3425 1
1828 49 1
1828 3070 1
1828 663 1
2290 822 1
2290 202 1
2290 4142 1
2290 2068 1
2290 4529 1
2290 4328 1
2290 4286 1
2290 4337 1
2438 1003 1
2004 1906 1
2004 3440 1
2004 670 1
2004 1597 1
1737 2352 1
1737 4482 1
1737 3279 1
1737 59 1
1737 1685 1
1737 930 1
1737 2451 1
1737 2265 1
1737 4559 1
1737 1277 1
1737 3562 1
1737 4071 1
1752 33 1
1752 3208 1
1752 931 1
1752 1026 1
61 366 1
61 3346 1
61 1137 1
61 2419 1
61 354 1
61 1485 1
61 1311 1
61 128 1
61 1494 1
61 2820 1
61 1224 1
61 1514 1
2483 1798 1
2483 2256 1
2483 4536 1
2483 578 1
2483 2662 1
2483 4643 1
2483 3697 1
2483 230 1
2483 1656 1
2483 1454 1
2242 2232 1
2242 2284 1
3001 1161 1
3001 134 1
1539 926 1
2029 3452 1
2029 4427 1
2029 4270 1
2029 2327 1
2029 4348 1
2029 4625 1
2029 136 1
2029 3633 1
2029 2108 1
2029 2720 1
2029 3340 1
2029 1922 1
2029 2670 1
2029 2031 1
2029 3289 1
2029 794 1
2029 4636 1
2029 1056 1
2029 4146 1
2029 3910 1
2029 4209 1
2029 192 1
2029 3911 1
2029 3528 1
2029 439 1
2029 603 1
2029 3837 1
2029 4516 1
967 3274 1
967 3775 1
967 20 1
967 4641 1
967 3605 1
967 3175 1
967 812 1
967 2458 1
967 84 1
967 2741 1
967 1368 1
967 3281 1
967 2299 1
967 4092 1
967 4561 1
967 921 1
967 4371 1
967 1785 1
967 4121 1
967 3597 1
105 3546 1
105 26 1
105 1616 1
105 2412 1
105 3626 1
105 708 1
105 3263 1
105 4457 1
105 3898 1
563 3666 1
563 3220 1
563 5 1
563 3720 1
563 3142 1
563 2942 1
1526 3388 1
1526 1501 1
1526 686 1
1526 47 1
1526 35 1
4269 4186 1
2881 2905 1
2881 2673 1
2881 3810 1
2881 2626 1
4420 4490 1
4420 1628 1
4420 3389 1
4420 951 1
4420 2300 1
4420 4076 1
4420 3477 1
4420 1822 1
4420 2780 1
4420 2191 1
4420 4588 1
4420 2280 1
4420 4132 1
3712 2017 1
3712 3393 1
3712 4358 1
3712 3128 1
3712 3773 1
3712 1787 1
3712 2615 1
3712 2473 1
3712 1933 1
3712 734 1
3712 1040 1
3712 2872 1
3712 3475 1
3712 3901 1
2385 884 1
3374 3245 1
3374 4557 1
3374 3637 1
3374 2374 1
3374 829 1
3374 3516 1
2013 1723 1
2013 2936 1
2013 4670 1
2013 2154 1
2013 1889 1
2013 4414 1
2013 4646 1
2013 2094 1
2013 4062 1
2588 4680 1
2588 1997 1
2588 139 1
2588 564 1
2588 40 1
2588 3022 1
2588 3045 1
2588 1282 1
2588 3329 1
2588 1232 1
2588 3104 1
2588 3030 1
2588 1945 1
2588 2378 1
2588 3498 1
2588 3745 1
2588 201 1
13 429 1
13 3820 1
13 3197 1
13 834 1
13 336 1
13 3073 1
13 4390 1
13 4626 1
13 1294 1
13 526 1
13 3646 1
3190 3759 1
3190 2112 1
3190 761 1
3190 2452 1
3190 2133 1
3190 4216 1
2304 3877 1
2304 2559 1
2304 2057 1
2304 4517 1
2304 1623 1
2304 3715 1
2304 4129 1
2304 1676 1
2304 2288 1
2304 4551 1
2304 1475 1
2304 4605 1
2304 4533 1
466 2986 1
466 2978 1
3359 2945 1
3359 2223 1
551 573 1
551 2488 1
551 2766 1
551 2392 1
551 85 1
551 2582 1
551 3117 1
2517 3184 1
2517 3889 1
2517 3154 1
2517 3712 1
2947 1738 1
2947 766 1
2947 2972 1
2947 1284 1
2947 2418 1
2947 3794 1
2947 504 1
2947 4548 1
2947 877 1
696 337 1
696 1582 1
696 144 1
696 3872 1
696 1663 1
3808 479 1
3808 2976 1
3808 1926 1
3808 2586 1
3808 2857 1
3808 2651 1
3808 1125 1
3808 1403 1
3808 307 1
3808 2800 1
3808 4370 1
4234 146 1
4234 697 1
4234 4504 1
3069 283 1
3069 3447 1
3069 656 1
3069 4134 1
1816 4484 1
4025 4633 1
4025 2157 1
4025 3772 1
4025 3912 1
4025 1101 1
4025 3237 1
4025 2777 1
4025 4553 1
4025 3031 1
4025 196 1
4025 1847 1
2020 705 1
2706 191 1
2706 3065 1
3199 3569 1
3199 566 1
3199 830 1
4626 4554 1
4626 338 1
1938 3902 1
1938 1320 1
1938 2934 1
1938 4185 1
1938 666 1
1749 1174 1
1749 1148 1
1749 3373 1
4205 555 1
1423 2278 1
1423 140 1
2069 2794 1
2069 2177 1
2069 4522 1
2069 4449 1
2069 2909 1
2069 1962 1
2069 3613 1
2069 965 1
2069 3118 1
2069 1413 1
2069 701 1
2069 3792 1
2069 556 1
2069 1693 1
2069 3512 1
2069 1740 1
2069 2678 1
2069 2076 1
1442 227 1
1442 1065 1
1442 4196 1
1442 3590 1
1442 3887 1
1442 34 1
1442 2519 1
1442 1493 1
1442 1354 1
1442 727 1
1442 2402 1
1442 3219 1
1442 1786 1
1473 4585 1
781 2422 1
781 3025 1
781 3530 1
781 1895 1
781 4190 1
781 281 1
781 1996 1
781 2453 1
781 3098 1
781 4616 1
781 2516 1
781 1832 1
1785 1541 1
1785 218 1
1785 3250 1
1785 1291 1
1785 4197 1
1785 962 1
1785 2985 1
1010 973 1
1010 3129 1
1010 3385 1
1010 3789 1
1010 177 1
1010 1617 1
3317 1200 1
3317 3287 1
3317 743 1
3317 983 1
3317 2423 1
3317 2218 1
3317 2897 1
3317 116 1
3317 4519 1
3317 68 1
3317 4665 1
527 442 1
527 796 1
527 1019 1
4653 1345 1
4653 2085 1
4653 402 1
4653 1622 1
498 3791 1
498 4475 1
498 3416 1
4562 4041 1
4562 4122 1
4562 4388 1
4562 1779 1
2094 3044 1
2094 2037 1
2398 2572 1
4460 958 1
4460 3024 1
4460 3541 1
4460 1369 1
4460 3946 1
4460 3795 1
4460 2723 1
4460 4091 1
186 1396 1
186 213 1
186 916 1
2655 3032 1
1376 3408 1
1376 474 1
2854 456 1
2854 4651 1
2854 1110 1
2854 744 1
2854 4357 1
2854 4113 1
2854 895 1
1338 969 1
2597 50 1
2350 1940 1
2350 4405 1
2350 206 1
2350 1134 1
2350 3779 1
3746 2301 1
3746 735 1
3746 961 1
3746 2162 1
1240 3003 1
3080 1126 1
3080 975 1
3080 4406 1
2985 3273 1
2985 2200 1
1910 3950 1
3434 3748 1
3434 985 1
4548 817 1
2834 3827 1
481 998 1
481 3370 1
481 4407 1
481 3212 1
481 4621 1
481 892 1
4555 353 1
4555 1971 1
4555 4038 1
4555 3033 1
952 3655 1
108 141 1
108 4065 1
108 2579 1
108 3479 1
108 1885 1
108 1939 1
3241 4574 1
3241 1415 1
3241 753 1
3241 1326 1
3241 4298 1
3241 2367 1
3241 797 1
3241 2523 1
3241 1349 1
3241 818 1
3241 2004 1
3241 4117 1
4605 4325 1
4605 1841 1
4605 1298 1
4605 4505 1
712 3047 1
712 1529 1
712 464 1
712 1283 1
712 4631 1
712 4105 1
1085 2303 1
1085 4198 1
1085 4239 1
1085 1704 1
3259 1900 1
3259 2738 1
3259 3904 1
3259 211 1
3259 4166 1
3259 589 1
3259 2724 1
2250 328 1
2250 2660 1
2250 4332 1
2250 1517 1
2250 1886 1
2250 453 1
2250 3140 1
2250 1893 1
2250 109 1
2348 4021 1
2348 1296 1
2348 4017 1
2348 780 1
2348 2682 1
2348 1038 1
2348 475 1
2348 3480 1
2348 2908 1
2348 2286 1
3506 529 1
3506 252 1
3506 3092 1
2528 212 1
2528 2255 1
2528 2118 1
2528 4632 1
2528 2258 1
2528 3868 1
2528 3506 1
2528 3680 1
388 2527 1
3611 2791 1
3611 441 1
3611 1714 1
3611 1661 1
3611 2109 1
3611 3301 1
823 4114 1
823 4001 1
63 2469 1
63 858 1
63 3172 1
63 457 1
63 4008 1
63 4080 1
63 3321 1
63 3168 1
3365 1150 1
3365 326 1
3365 4308 1
3365 396 1
3365 2158 1
3365 3191 1
3365 1445 1
2457 210 1
2457 4219 1
2457 2558 1
3401 2054 1
3401 825 1
3401 436 1
3401 1409 1
3401 2083 1
3401 4494 1
3401 4240 1
3401 1426 1
3401 2361 1
3401 4508 1
3401 2603 1
3401 4459 1
3401 1614 1
3401 142 1
100 1280 1
4297 1370 1
4297 1950 1
4297 1382 1
4297 831 1
4475 925 1
4475 814 1
4475 3334 1
4475 1441 1
4475 2018 1
699 2861 1
699 2898 1
699 254 1
699 3662 1
3070 3501 1
3070 306 1
3070 319 1
3070 2492 1
1106 4037 1
1106 517 1
1106 2257 1
1106 24 1
1106 665 1
1106 515 1
1647 4606 1
1647 1175 1
1647 644 1
1647 4075 1
1647 3828 1
1647 2775 1
1647 3110 1
1647 397 1
2435 2337 1
2435 3653 1
2435 1943 1
4140 2236 1
4140 654 1
4140 2189 1
4655 2251 1
4655 1088 1
4655 2841 1
4655 309 1
4655 1121 1
4655 3435 1
4655 2246 1
4655 1519 1
4655 51 1
4655 2009 1
4655 2912 1
4655 4 1
4655 167 1
4655 1378 1
4655 714 1
4655 1397 1
4655 3202 1
4655 862 1
4655 1795 1
4655 4066 1
4655 4014 1
4655 2715 1
2439 4417 1
2439 3518 1
2439 1089 1
2439 430 1
2439 4607 1
2439 2498 1
2439 4104 1
2439 2203 1
4434 4667 1
4434 1189 1
4434 2210 1
3082 2128 1
3082 709 1
3082 2211 1
3082 4530 1
4465 676 1
4465 3481 1
4465 458 1
4465 581 1
4465 2542 1
4465 3979 1
4465 234 1
4465 98 1
4465 2993 1
220 446 1
220 356 1
220 4231 1
220 2409 1
220 3857 1
3427 3090 1
3427 4263 1
3427 2868 1
3427 2547 1
3427 1297 1
3427 1767 1
3427 1934 1
3427 2885 1
3987 1612 1
3987 1899 1
3987 1482 1
3987 209 1
417 3183 1
417 1459 1
417 3694 1
417 4444 1
417 3071 1
4105 3203 1
4105 4470 1
4105 3592 1
4105 933 1
4105 3558 1
4105 1160 1
4105 747 1
4105 1636 1
4105 4395 1
4105 3883 1
4105 2812 1
4121 4550 1
4121 3928 1
4121 3360 1
4121 1154 1
4121 4587 1
4121 936 1
4121 298 1
4121 4093 1
4121 2055 1
4121 1022 1
1817 1495 1
1817 800 1
1817 1046 1
1817 75 1
1817 2308 1
1817 1129 1
1817 69 1
1817 4477 1
1817 1875 1
1817 501 1
1817 1376 1
1817 1778 1
1817 3524 1
2578 3696 1
3416 3504 1
3416 769 1
3416 594 1
3416 3486 1
3416 1558 1
3416 267 1
3416 2580 1
3416 4411 1
3416 320 1
3416 4591 1
3416 3204 1
3285 2575 1
3285 4558 1
3285 3344 1
3285 992 1
3285 3324 1
3285 3500 1
3285 2477 1
3285 2435 1
3285 2821 1
3285 3232 1
3285 4586 1
3285 3800 1
459 832 1
249 1703 1
249 4349 1
249 1790 1
3627 3194 1
3627 3838 1
3627 469 1
3627 2704 1
3627 2247 1
3736 923 1
1013 2173 1
1013 1377 1
1013 4464 1
3120 1799 1
3120 729 1
3120 3200 1
3120 4040 1
3120 4033 1
3321 3383 1
3321 4324 1
1007 1592 1
1007 2721 1
3214 979 1
3214 1225 1
3214 1147 1
3214 2226 1
3214 1754 1
3214 623 1
3214 3951 1
2959 2415 1
2959 3448 1
911 2867 1
911 4509 1
911 4023 1
911 1829 1
1571 2383 1
1571 667 1
1571 3761 1
1571 1925 1
2320 342 1
2320 2987 1
2320 2875 1
2320 4271 1
2320 151 1
2320 2531 1
2320 2166 1
2320 1578 1
2320 4191 1
2320 2084 1
2320 46 1
2320 1064 1
2320 2201 1
2320 4379 1
2320 95 1
2320 143 1
2320 3067 1
2320 3659 1
2320 1405 1
2320 3429 1
2320 629 1
2320 3815 1
2320 1503 1
2320 1831 1
3681 2389 1
3681 3596 1
3681 2495 1
3681 463 1
3681 772 1
3681 3591 1
3681 2698 1
3681 4280 1
3681 1579 1
3681 918 1
3681 1504 1
3488 3704 1
3488 73 1
3488 313 1
1890 2208 1
1890 1818 1
1890 2824 1
1890 1946 1
1433 3086 1
1433 1598 1
1433 398 1
1433 565 1
1433 3016 1
1433 1531 1
3638 1428 1
3638 1043 1
3638 1342 1
4637 704 1
1700 2548 1
3503 875 1
3503 1732 1
3503 1977 1
3503 1734 1
2951 2869 1
2951 3400 1
4462 2681 1
4462 1688 1
2668 4575 1
2668 1908 1
3236 745 1
3236 3043 1
3236 1896 1
3236 971 1
3411 74 1
3411 2801 1
3411 4383 1
3411 1631 1
3411 3958 1
3411 4079 1
3411 1735 1
3411 2712 1
3411 3192 1
3411 223 1
3411 1177 1
2929 3265 1
2929 4506 1
2929 1398 1
2929 774 1
2929 1808 1
2929 3570 1
2929 219 1
2929 3781 1
2929 3634 1
2929 4168 1
2929 1744 1
2929 2551 1
2929 2480 1
2929 2291 1
2929 4525 1
2929 483 1
2929 3405 1
2929 4310 1
2929 330 1
2929 3796 1
1812 2263 1
4202 3391 1
3870 3282 1
3870 746 1
3870 2110 1
3870 1789 1
3870 1677 1
3870 1887 1
3870 1733 1
3870 890 1
3870 3485 1
3870 1481 1
3641 4335 1
3641 4566 1
3256 2079 1
1384 777 1
2467 1500 1
2467 4439 1
1969 2754 1
1969 3960 1
1969 1953 1
1969 321 1
1969 4471 1
1969 1888 1
1969 688 1
1969 3721 1
4402 1425 1
4402 2910 1
4402 2095 1
4402 987 1
4402 4659 1
4402 1782 1
4402 2769 1
4402 3457 1
4402 3275 1
4402 2973 1
4402 2503 1
767 2790 1
767 4478 1
767 3765 1
767 3661 1
767 4560 1
767 243 1
767 2887 1
3124 2966 1
3124 1534 1
1261 1835 1
1261 2136 1
4117 1351 1
4117 4094 1
4117 1863 1
4117 4277 1
4117 2494 1
4117 3017 1
2264 2015 1
2264 3579 1
4491 4404 1
4491 624 1
1852 520 1
1852 168 1
1852 242 1
1852 4118 1
1852 3095 1
1852 1873 1
1852 3549 1
1852 4549 1
1852 3760 1
1852 945 1
1852 2565 1
1852 2472 1
1852 689 1
1852 290 1
1852 4152 1
294 178 1
294 645 1
294 1078 1
294 3205 1
4289 1307 1
4289 1288 1
4289 2638 1
4289 2683 1
4289 749 1
4289 2618 1
4289 431 1
4289 3842 1
4289 3482 1
4289 3101 1
4289 1921 1
4289 3830 1
3796 359 1
3796 3484 1
3796 2948 1
3796 2317 1
3796 1706 1
3796 867 1
3796 4320 1
3796 3766 1
3796 700 1
3796 652 1
3796 2657 1
3356 1371 1
3158 610 1
756 1171 1
756 653 1
756 516 1
756 1691 1
756 1537 1
756 3298 1
756 2287 1
756 4098 1
756 3702 1
756 4570 1
3011 4267 1
1988 3174 1
1988 123 1
3595 4031 1
3595 3849 1
3595 883 1
3595 3866 1
3595 1384 1
2185 3978 1
2185 567 1
2185 3777 1
2185 2928 1
2185 44 1
2185 2064 1
2185 1000 1
2185 1350 1
2185 1869 1
2185 2876 1
2185 768 1
2185 913 1
2185 3366 1
2185 27 1
2185 4338 1
2185 730 1
2185 3180 1
2185 4029 1
2185 4634 1
2185 954 1
2185 1279 1
2185 4638 1
2185 808 1
2185 557 1
2185 3109 1
2185 363 1
2185 3534 1
2185 2077 1
2185 4241 1
2185 3700 1
2185 2616 1
2185 1322 1
2185 1201 1
657 3423 1
3545 1517 1
3545 216 1
3545 1793 1
3545 1383 1
3622 3988 1
2479 2624 1
2479 4382 1
2479 488 1
2479 1648 1
2479 2338 1
2479 2002 1
2479 3563 1
3925 4526 1
