1108 1020 1
3851 6844 1
3851 3370 1
3851 4206 1
3851 3392 1
3851 7078 1
5701 4107 1
5701 2922 1
5701 4094 1
5701 1219 1
5701 5199 1
5701 3367 1
7126 6242 1
7126 5747 1
7126 2821 1
7126 2249 1
687 7091 1
687 7329 1
6924 443 1
4692 4260 1
4692 2319 1
5290 1835 1
5290 1356 1
5290 3360 1
5290 2528 1
5290 35 1
5290 1150 1
5290 5644 1
5290 1665 1
5290 1621 1
5290 6053 1
5290 1982 1
1695 6317 1
1695 4906 1
1687 4501 1
4401 6695 1
4401 2194 1
808 2902 1
808 2464 1
808 7412 1
808 3078 1
808 5904 1
808 1501 1
808 2246 1
808 6564 1
808 2201 1
808 7272 1
808 3633 1
808 1583 1
5155 2401 1
5155 3389 1
4463 3803 1
4463 3671 1
2771 6757 1
2771 4795 1
4499 4960 1
1036 5982 1
1036 1632 1
6540 7020 1
6540 5986 1
6540 2400 1
6540 4686 1
6540 3033 1
6540 5800 1
6540 1599 1
6540 6958 1
6540 3136 1
6540 4361 1
6540 4439 1
4091 6624 1
4091 1837 1
4091 5015 1
4091 3221 1
4091 6718 1
4091 7178 1
4091 1572 1
4091 1407 1
4091 6711 1
7370 5525 1
7370 4072 1
1183 4460 1
5074 4352 1
5074 3867 1
5992 1947 1
5992 7084 1
5992 2730 1
5992 4009 1
5992 2059 1
5992 1007 1
5032 94 1
5032 889 1
5032 4674 1
228 1703 1
4495 1685 1
4495 6483 1
4495 3621 1
4495 89 1
4495 477 1
4495 3807 1
4495 5320 1
4021 4632 1
5308 2048 1
5308 3131 1
276 3176 1
276 7216 1
276 3895 1
276 6129 1
276 1119 1
276 3191 1
276 5502 1
6217 4545 1
6217 6156 1
6217 6502 1
6217 2496 1
6217 1023 1
1326 103 1
1326 1683 1
1326 4256 1
1326 6472 1
1326 2737 1
1326 4715 1
4992 6132 1
4992 5935 1
4992 2112 1
4992 541 1
4992 3184 1
4992 969 1
2063 513 1
2063 6820 1
2063 6126 1
2063 7134 1
2063 3578 1
2063 3140 1
6543 244 1
6543 2950 1
6543 4224 1
6543 4742 1
6543 6201 1
6543 2814 1
6543 1857 1
6543 2459 1
4837 5486 1
4837 4214 1
4837 716 1
4837 5846 1
4837 6343 1
4837 6946 1
318 5356 1
318 3766 1
318 2392 1
318 3288 1
4470 1936 1
4470 2265 1
4470 1633 1
4470 2840 1
4470 6887 1
4470 4854 1
4470 922 1
4470 7280 1
4470 7226 1
4470 4878 1
4470 1503 1
4470 7335 1
4470 6314 1
4470 6118 1
4470 6653 1
4470 5125 1
4470 431 1
4470 844 1
4470 3250 1
4470 3244 1
4470 4010 1
4470 4306 1
4470 6275 1
4470 6344 1
7267 4727 1
7267 5461 1
7267 6090 1
7267 2508 1
7267 40 1
4145 1486 1
1030 5239 1
1030 3069 1
1030 7179 1
1030 5655 1
1030 5022 1
1030 5750 1
4402 1842 1
4402 428 1
6136 235 1
6427 5208 1
449 2132 1
225 5093 1
4059 3444 1
4059 2741 1
4059 2631 1
4059 1139 1
4059 140 1
4059 876 1
4059 1173 1
4059 3761 1
4059 4953 1
4059 5932 1
4059 3946 1
2908 7384 1
2908 3296 1
2908 4067 1
2908 3344 1
5181 1458 1
5181 1318 1
694 5119 1
5152 4145 1
5152 4700 1
5152 2749 1
5152 2801 1
5152 4771 1
5152 3036 1
5152 5424 1
5152 559 1
5152 5821 1
5152 3412 1
5152 1104 1
5152 3638 1
5152 5433 1
3293 99 1
6997 1989 1
6997 2643 1
6997 2806 1
6997 3963 1
6997 5945 1
6997 1649 1
6997 5173 1
6997 1410 1
6997 173 1
6997 6009 1
4700 1530 1
4700 4936 1
721 7113 1
4175 6410 1
3158 1191 1
1371 5839 1
1371 2612 1
1371 515 1
1371 232 1
1564 2181 1
1564 1824 1
1564 4912 1
1564 5253 1
1564 5657 1
6549 5350 1
6549 2329 1
6549 7116 1
6549 2946 1
6549 4129 1
6549 254 1
6549 5577 1
6549 2258 1
6549 1287 1
6549 586 1
2950 4066 1
2950 6885 1
2950 3726 1
2950 1611 1
5711 2100 1
5711 2588 1
5711 5116 1
5711 6867 1
5711 2923 1
7167 5600 1
7167 4082 1
1454 1204 1
1454 7235 1
1454 5953 1
4029 3597 1
4029 1704 1
4029 982 1
4029 6032 1
2500 6960 1
2500 2735 1
2500 6078 1
2500 5379 1
2500 964 1
2500 5311 1
2500 1931 1
5930 3531 1
5930 5078 1
5930 4983 1
6875 2407 1
7249 1262 1
6666 5325 1
6666 4612 1
6666 570 1
6666 1087 1
6666 433 1
6666 70 1
6666 6068 1
4988 3847 1
4988 1464 1
3798 4868 1
3798 6266 1
3798 6938 1
3798 5255 1
1280 5167 1
1280 3386 1
1280 3485 1
1280 6435 1
1280 562 1
1280 6337 1
5154 4328 1
3076 5065 1
3076 3815 1
3076 480 1
3076 2298 1
3076 5499 1
3076 3236 1
3076 2869 1
3076 1953 1
3076 2558 1
3076 947 1
3076 4786 1
3076 7239 1
3076 6375 1
3076 2434 1
3076 5947 1
3076 39 1
3076 1571 1
3076 2773 1
3076 3646 1
3076 6336 1
3076 2976 1
3076 2818 1
5473 6140 1
5473 2066 1
5473 1890 1
5473 1033 1
3748 7310 1
3748 6816 1
57 6698 1
57 6949 1
57 4751 1
6858 4837 1
6858 3500 1
6858 5169 1
6858 5298 1
6858 2772 1
6858 1432 1
6858 2301 1
6858 869 1
6858 188 1
6858 1387 1
6858 3024 1
6858 6999 1
6858 6897 1
6858 4042 1
6858 5928 1
6858 1398 1
6858 5272 1
6858 4615 1
6858 4179 1
6858 850 1
6858 1684 1
6858 6339 1
6858 2680 1
6858 2440 1
6858 1855 1
7045 2595 1
6665 5587 1
6665 4902 1
6665 2278 1
6665 3494 1
6665 4064 1
6665 5538 1
6665 540 1
6665 5809 1
6665 4788 1
6665 1230 1
6665 3926 1
6665 4711 1
6665 4970 1
6665 5203 1
2973 5031 1
2973 4481 1
4647 2981 1
4647 7004 1
1010 1003 1
2141 6465 1
2141 1198 1
2141 1556 1
2141 3139 1
2141 4571 1
2974 4897 1
2974 177 1
6547 6251 1
6547 3060 1
6547 550 1
6547 6046 1
6547 6089 1
6547 3448 1
6547 6935 1
324 6560 1
324 961 1
324 821 1
324 2245 1
324 5364 1
6905 2253 1
6905 4961 1
6905 906 1
6905 3557 1
6905 3433 1
6905 5811 1
6905 3091 1
6905 1241 1
6905 1107 1
6905 4033 1
6905 4701 1
6905 5437 1
6905 3456 1
6905 4510 1
6905 5513 1
2718 7103 1
1080 7275 1
1080 804 1
1080 467 1
1080 5559 1
3760 5970 1
774 4638 1
774 4008 1
6533 4393 1
6533 1275 1
6533 2926 1
6533 1791 1
6533 6185 1
6533 5250 1
6533 5472 1
6533 2369 1
6533 1915 1
6533 3172 1
6533 2924 1
5336 2581 1
5336 322 1
5336 3353 1
3517 4013 1
3517 2826 1
3517 2559 1
3517 2863 1
3517 1778 1
3517 3514 1
3517 54 1
3517 7130 1
3517 7221 1
2028 1808 1
2028 3496 1
2028 3582 1
2028 4312 1
2028 2001 1
2028 1816 1
2028 5699 1
2028 6012 1
2028 977 1
2028 2475 1
2028 3009 1
2028 4085 1
1921 567 1
1921 576 1
5167 7145 1
1970 2603 1
3500 1108 1
3500 2237 1
3500 4626 1
3500 5590 1
3500 2941 1
3500 980 1
3500 3068 1
3500 5107 1
3500 2349 1
3500 102 1
3500 1886 1
3500 6168 1
3500 4803 1
3500 988 1
3500 5608 1
3500 7065 1
3500 6189 1
3500 931 1
3500 3703 1
3500 4928 1
3500 4406 1
3500 1730 1
3500 5848 1
3500 2633 1
3500 6320 1
3500 7180 1
3500 2435 1
3500 1109 1
1392 4541 1
3579 2172 1
3579 2564 1
577 346 1
7030 4091 1
7030 4365 1
7030 592 1
7030 6756 1
7030 5951 1
7030 4600 1
7030 5756 1
7030 5799 1
7030 2885 1
1257 1817 1
1257 2825 1
1257 6840 1
1257 5153 1
1257 3915 1
1257 4521 1
1257 7062 1
1257 6423 1
6652 1961 1
6652 528 1
6652 2138 1
3536 825 1
1555 49 1
434 4437 1
434 175 1
434 4579 1
434 4716 1
434 4430 1
434 4980 1
5169 3938 1
5169 4127 1
2169 7060 1
2169 6750 1
2169 4246 1
2421 3663 1
2421 6685 1
2421 7337 1
2421 4585 1
2421 3483 1
2421 6443 1
2421 1145 1
2421 5575 1
2421 3973 1
2421 4073 1
2421 2744 1
2421 4598 1
2421 553 1
2421 1129 1
2421 3990 1
2421 3214 1
2421 87 1
929 954 1
3178 3416 1
3178 3270 1
1582 3 1
1582 6657 1
1582 5271 1
1582 5737 1
1582 563 1
2768 3706 1
5 3421 1
5 5899 1
5 3532 1
5 7163 1
246 5762 1
2017 230 1
2017 7320 1
2017 6944 1
2017 980 1
2017 644 1
2017 3739 1
2017 3017 1
2017 385 1
2017 1757 1
2017 3264 1
2017 3610 1
1476 920 1
4200 3675 1
4200 6928 1
4200 7394 1
4200 6058 1
7150 1784 1
7150 2335 1
7150 474 1
614 5550 1
614 1322 1
614 2781 1
3546 7167 1
3546 5884 1
3546 1769 1
3546 5816 1
3546 2881 1
3546 4729 1
3546 6910 1
3546 2458 1
3546 112 1
3546 778 1
3546 5392 1
3546 5981 1
3546 5838 1
3546 5061 1
3546 3548 1
3546 3642 1
3546 5780 1
3546 1261 1
3546 373 1
3546 7313 1
3546 5197 1
3546 6512 1
3546 1433 1
3546 6415 1
6561 5325 1
6561 36 1
6561 5757 1
6561 1955 1
6561 2679 1
6561 6039 1
6561 1164 1
6561 2289 1
6561 238 1
6561 4121 1
6561 1861 1
4350 7087 1
1588 7305 1
1588 3001 1
1588 5210 1
1588 6092 1
1588 2549 1
1588 3157 1
1588 6760 1
1588 6556 1
1588 1157 1
1588 3644 1
1588 4278 1
2305 4936 1
6518 6171 1
6518 2408 1
6518 2236 1
6518 6809 1
6518 1513 1
6518 4133 1
6518 6992 1
6518 2331 1
6518 1859 1
5875 5122 1
5875 6553 1
5875 1561 1
5875 1586 1
5875 5319 1
5875 2187 1
5875 5937 1
5875 6091 1
5875 423 1
5875 4086 1
5875 642 1
5875 5371 1
5875 5751 1
18 6470 1
18 1485 1
18 6315 1
18 5376 1
18 5875 1
18 5669 1
18 1579 1
18 4617 1
18 5792 1
18 5079 1
18 2561 1
18 7291 1
18 3312 1
18 6164 1
18 4249 1
18 2223 1
18 4752 1
18 701 1
18 5193 1
18 1018 1
18 5742 1
18 6498 1
18 2546 1
18 357 1
18 2450 1
18 2785 1
18 1957 1
18 2326 1
18 4695 1
5478 38 1
5478 7229 1
5478 1676 1
5478 451 1
5478 6626 1
5478 4562 1
5478 3549 1
5478 1646 1
5478 5557 1
5478 5164 1
5478 4234 1
2278 3765 1
2278 4057 1
2278 20 1
2278 7376 1
4113 4549 1
4113 2020 1
4113 6284 1
4113 5109 1
4113 2285 1
4113 5330 1
4113 4130 1
4113 4351 1
4113 1071 1
2055 3424 1
2055 4339 1
2577 5305 1
2664 755 1
2664 6847 1
2664 2513 1
872 7207 1
872 838 1
2981 4376 1
2981 3995 1
2981 4372 1
2981 2269 1
2981 6062 1
2981 3437 1
2981 3927 1
2981 5052 1
2981 6219 1
2981 4277 1
2981 1123 1
2981 1690 1
2981 2992 1
2981 4814 1
5124 523 1
5124 6257 1
5124 4987 1
5124 6621 1
5124 566 1
5124 3357 1
5124 6069 1
5124 5106 1
5124 6197 1
5124 4976 1
5124 6614 1
5124 3022 1
5124 289 1
5124 5788 1
5124 2154 1
6155 382 1
6155 5553 1
6155 71 1
6155 5732 1
5298 5542 1
5298 3287 1
5298 4299 1
5298 2090 1
2813 7101 1
2813 577 1
2813 7242 1
2813 6568 1
2813 6305 1
2813 2684 1
2813 2931 1
2813 4385 1
2813 222 1
3677 4081 1
3677 6648 1
3677 6748 1
3677 2707 1
3677 536 1
3451 3316 1
1519 2661 1
1519 2710 1
1519 4493 1
1519 1971 1
1519 3313 1
1519 6424 1
1519 4932 1
1519 3271 1
1519 2625 1
1519 3458 1
1519 1085 1
1519 3114 1
1519 4552 1
1519 1210 1
1519 6701 1
1519 1731 1
6510 5422 1
6510 6427 1
6510 531 1
6510 4342 1
6510 6083 1
6510 6354 1
6510 5664 1
6510 4658 1
6510 6951 1
6510 6521 1
6510 991 1
6510 2518 1
6328 4565 1
6328 340 1
6328 6652 1
6328 3083 1
6328 1074 1
6328 2615 1
6328 5836 1
6328 981 1
6328 787 1
6328 4554 1
6328 5278 1
6328 1286 1
6328 2782 1
6328 3394 1
6328 6691 1
6328 3824 1
6328 4449 1
6328 3165 1
6328 6432 1
6328 4302 1
6328 4267 1
6328 5506 1
6328 3472 1
6328 760 1
7114 3206 1
7114 6581 1
7114 2111 1
7114 4714 1
7114 2308 1
7114 1525 1
7114 5509 1
7114 1297 1
7114 5462 1
7114 3015 1
7114 3958 1
7114 6141 1
7114 1345 1
7114 1854 1
7114 6537 1
7114 6837 1
7114 1740 1
7114 864 1
7114 4975 1
7114 3654 1
7114 4828 1
4990 2848 1
6915 6098 1
6915 1397 1
6915 111 1
6915 6957 1
6915 4150 1
6915 4966 1
6915 7010 1
6915 2174 1
6915 4024 1
1917 6779 1
1917 229 1
1917 2724 1
1917 4699 1
1917 366 1
1917 4930 1
1917 4931 1
6898 2169 1
6898 6707 1
6898 5957 1
6898 3493 1
6898 2723 1
6898 4225 1
6898 3237 1
6898 24 1
6898 5228 1
3409 6143 1
3409 1331 1
3409 4248 1
3409 6245 1
3409 5174 1
3409 447 1
3409 1899 1
3409 473 1
3409 5275 1
3409 6983 1
6080 1273 1
6080 2290 1
6080 1029 1
5938 7071 1
5938 6817 1
5938 4696 1
5938 485 1
5938 6934 1
5938 4713 1
5938 4907 1
7305 6669 1
924 348 1
1097 394 1
1097 6103 1
1097 894 1
1097 4995 1
1694 1025 1
1694 1581 1
1694 4294 1
1694 3669 1
6329 4491 1
6329 1615 1
6056 4580 1
5622 1281 1
5622 4436 1
5622 4404 1
5622 7176 1
5622 4911 1
5622 1070 1
5622 5530 1
5622 7389 1
5622 7371 1
5622 4590 1
1259 4463 1
1259 6527 1
1259 6547 1
1259 924 1
1259 7268 1
1259 794 1
1259 2864 1
1259 2067 1
1259 3518 1
1259 2310 1
1259 5684 1
1259 6603 1
1259 1203 1
1259 1723 1
1259 6689 1
1259 5712 1
1259 3607 1
1259 6923 1
1259 908 1
1259 5730 1
1259 1178 1
4853 6441 1
4853 1263 1
4853 1950 1
4853 3443 1
4853 3373 1
4853 5979 1
4853 6404 1
4853 60 1
4853 2125 1
4853 1369 1
4853 862 1
97 6927 1
97 4369 1
97 3399 1
97 616 1
4307 202 1
4307 6430 1
4307 3692 1
4307 7027 1
4307 2352 1
4307 1952 1
4307 2967 1
4307 372 1
4307 5745 1
5669 5441 1
3203 1183 1
3203 6467 1
3203 2049 1
3203 123 1
3203 1022 1
3203 2712 1
3203 5391 1
174 6031 1
174 2959 1
174 250 1
174 7016 1
174 5865 1
174 5683 1
174 1378 1
174 3431 1
174 5245 1
174 1763 1
174 3683 1
174 4839 1
174 3268 1
174 542 1
174 313 1
350 3912 1
350 7095 1
350 1980 1
6557 1075 1
4149 5337 1
4149 6120 1
4149 3474 1
4149 2850 1
5332 6209 1
5332 5763 1
5332 5989 1
5332 2932 1
5332 26 1
5332 4702 1
5332 4583 1
5332 1095 1
5332 1063 1
954 820 1
5230 546 1
5230 2034 1
2145 1526 1
2145 5842 1
2145 596 1
6130 3147 1
6130 5262 1
6130 5793 1
6130 506 1
6130 2394 1
6130 2487 1
6130 2599 1
6130 2204 1
6130 6878 1
6130 5995 1
6130 7188 1
6130 3929 1
6130 6288 1
3950 7200 1
3950 1840 1
3950 4962 1
3950 1554 1
3950 205 1
3950 4283 1
3950 3527 1
3950 837 1
3950 1856 1
3950 810 1
3950 6800 1
3882 5475 1
5251 349 1
4427 6799 1
608 3957 1
608 5112 1
608 3242 1
608 1519 1
608 174 1
608 6004 1
608 3645 1
608 4776 1
608 3227 1
608 1264 1
608 5495 1
608 7351 1
608 6646 1
608 4568 1
608 4927 1
608 4079 1
608 3486 1
608 6645 1
608 6318 1
3616 489 1
5964 4528 1
5964 45 1
5964 3152 1
5964 297 1
5964 4599 1
5964 5700 1
5964 2776 1
5964 2093 1
5964 4913 1
5964 4476 1
5221 5610 1
5221 6808 1
5221 6933 1
2250 6819 1
7031 518 1
928 330 1
928 1024 1
928 2602 1
928 2065 1
928 4252 1
928 6536 1
3046 2257 1
3046 492 1
3046 408 1
3046 5854 1
3046 960 1
3046 3581 1
3046 1657 1
3046 3247 1
3046 5457 1
3046 3715 1
3046 6378 1
3046 6931 1
3046 5306 1
3046 7075 1
3046 5041 1
3046 7079 1
3046 6486 1
3046 7069 1
3046 3234 1
3046 6550 1
3046 823 1
3046 3115 1
3046 1256 1
3046 1216 1
3046 3959 1
3046 2081 1
6373 5983 1
3083 2584 1
3083 7300 1
3083 108 1
4279 5493 1
4279 44 1
7097 1349 1
505 219 1
505 8 1
505 5507 1
505 3605 1
505 6426 1
505 5333 1
2966 582 1
2966 5622 1
2966 4149 1
2966 6755 1
2966 4071 1
2966 5832 1
2966 618 1
2966 1443 1
2966 2933 1
2966 2921 1
2966 1239 1
2966 4250 1
2966 5304 1
2966 6881 1
2966 5269 1
2966 6941 1
2966 4664 1
6188 6608 1
6918 6540 1
6918 2572 1
6918 1537 1
6918 5400 1
6918 3505 1
6918 4479 1
6918 3980 1
5454 2656 1
2038 5192 1
2038 883 1
2038 6893 1
2038 6112 1
5877 6370 1
5877 667 1
5877 1472 1
5877 3901 1
3759 4059 1
3759 6862 1
3759 2342 1
3759 6822 1
3759 1998 1
3759 597 1
3759 6287 1
511 2639 1
511 4998 1
511 6300 1
511 2706 1
511 686 1
511 4517 1
511 4054 1
511 3381 1
511 5026 1
5351 2010 1
5351 3204 1
5351 2391 1
5351 446 1
5351 5095 1
5351 7025 1
5351 6511 1
5351 2009 1
5351 5805 1
5351 2614 1
5351 2328 1
5351 3797 1
5351 2809 1
5351 399 1
5351 3690 1
5351 380 1
5351 1538 1
5351 5429 1
5351 7285 1
5351 1251 1
5351 1336 1
5351 4654 1
5351 3934 1
5351 5490 1
5351 956 1
4518 6534 1
2811 3537 1
2811 5698 1
2811 6686 1
2811 880 1
3837 3066 1
5198 3808 1
5759 1879 1
5759 1672 1
5759 4691 1
5759 725 1
5194 7003 1
5194 706 1
5194 381 1
5194 3999 1
5194 2761 1
5194 2350 1
5194 2025 1
5194 5418 1
5679 3622 1
1805 3283 1
1805 6136 1
1805 3195 1
1805 5353 1
1780 2072 1
1780 1825 1
1780 3648 1
1780 5524 1
1780 1679 1
1780 2051 1
1780 6291 1
1780 7057 1
1780 1411 1
1780 6160 1
6849 6341 1
5389 4412 1
5389 1847 1
6393 3481 1
6492 2413 1
6492 293 1
6492 7350 1
6492 4416 1
6492 1086 1
6492 4070 1
6492 4865 1
5359 692 1
5359 6286 1
5359 2412 1
1497 1836 1
1497 6117 1
1497 4614 1
1497 3858 1
1497 2793 1
1497 648 1
1497 6107 1
1497 4422 1
5028 4890 1
5028 6606 1
5028 6434 1
5028 789 1
5331 6099 1
3267 3093 1
6004 3309 1
6004 5946 1
6004 2003 1
6004 4298 1
6004 7119 1
6004 2438 1
6004 2222 1
2747 285 1
2747 6128 1
2747 699 1
2747 4630 1
2747 3167 1
2747 5620 1
2747 2543 1
2747 6715 1
2747 5101 1
2747 5259 1
2747 5008 1
2747 3608 1
2747 118 1
2747 2780 1
2747 4809 1
2747 4473 1
2747 2509 1
2747 6835 1
2747 6228 1
2747 5882 1
2747 5733 1
2747 1796 1
2747 5329 1
2747 6746 1
3800 5127 1
4672 3290 1
1593 5425 1
1593 6299 1
3686 7327 1
3686 4158 1
3686 2531 1
3686 6596 1
3686 4161 1
3686 1877 1
4493 3841 1
4493 2721 1
641 2796 1
641 754 1
1074 251 1
7265 1570 1
7265 5212 1
7265 5398 1
7265 6681 1
7265 1781 1
734 269 1
734 6445 1
734 207 1
734 6052 1
734 971 1
734 6248 1
734 7354 1
734 5728 1
734 519 1
734 5049 1
6777 5569 1
6777 3479 1
6777 7008 1
6777 6155 1
6777 2053 1
6777 7227 1
6777 457 1
6777 23 1
6777 2307 1
6777 3649 1
6777 7224 1
6777 532 1
6777 2834 1
6777 6199 1
6777 5823 1
6777 2899 1
6777 5905 1
6777 1339 1
6777 1650 1
6777 639 1
6777 7096 1
1892 2877 1
1892 4698 1
1892 1320 1
1892 2465 1
1421 1748 1
1421 2157 1
3146 2768 1
3146 6272 1
3146 2586 1
2334 664 1
1325 3864 1
1325 5455 1
1325 6112 1
1325 3762 1
2555 2089 1
2555 3106 1
3640 3643 1
3640 3097 1
3640 396 1
3640 2703 1
3640 6921 1
3640 1201 1
3640 764 1
3640 4321 1
3640 851 1
3640 3651 1
3640 2411 1
3640 155 1
3640 4649 1
3640 3633 1
3640 5043 1
3640 3470 1
3640 6060 1
2068 1587 1
4729 2717 1
4729 3011 1
4729 3239 1
4729 7203 1
4729 2367 1
4729 6773 1
4729 575 1
4729 2378 1
4729 3274 1
5097 6269 1
5097 2645 1
5097 4366 1
5097 2708 1
5097 4196 1
5097 2022 1
5097 1328 1
6974 5446 1
4419 1374 1
4419 1563 1
4419 5861 1
4419 6812 1
4419 4708 1
4419 55 1
4419 7214 1
4419 4826 1
4419 6832 1
4419 6634 1
4419 3724 1
4419 1958 1
4419 6221 1
4419 6749 1
4419 3464 1
7330 3821 1
7330 3243 1
7330 4950 1
7330 4362 1
683 3737 1
683 5090 1
683 4181 1
5894 6627 1
5894 4608 1
5894 2151 1
7061 3933 1
7061 5837 1
2078 7340 1
2078 2488 1
665 6585 1
665 909 1
665 3197 1
665 246 1
665 2514 1
665 3887 1
665 6220 1
665 2385 1
665 3155 1
665 1111 1
665 5936 1
665 3998 1
1528 4543 1
6083 3506 1
6083 6452 1
2960 6505 1
2960 6349 1
2960 1110 1
4842 1580 1
4842 2532 1
4842 463 1
4842 2495 1
4842 1438 1
4842 2906 1
4842 2548 1
4842 860 1
4842 3965 1
4842 2271 1
1761 221 1
1761 2315 1
6298 1279 1
6298 2765 1
6298 2873 1
6298 1760 1
6298 6594 1
6298 5915 1
3562 3129 1
3645 1448 1
3645 3452 1
3852 33 1
3027 6255 1
3027 2069 1
3027 1200 1
663 6782 1
663 1337 1
663 1493 1
663 771 1
663 3419 1
663 6145 1
663 3297 1
663 1710 1
3908 4080 1
5647 405 1
5647 926 1
1213 6611 1
1213 502 1
1213 5232 1
1213 4663 1
1213 2442 1
1213 5591 1
1213 5790 1
1213 5883 1
1213 3747 1
1213 4557 1
1213 1795 1
1213 6569 1
4776 1828 1
4776 6405 1
4776 2013 1
4776 482 1
4776 5163 1
4776 1826 1
4776 1298 1
2489 4333 1
2489 717 1
2489 1386 1
2489 2162 1
3236 2681 1
3236 1962 1
3236 3143 1
6900 4502 1
4046 5236 1
4705 1516 1
4705 1459 1
4705 159 1
4705 2359 1
4705 522 1
4705 612 1
4705 4270 1
4705 6734 1
4705 74 1
6350 6479 1
6350 841 1
6350 6455 1
6350 1521 1
5855 983 1
5855 5215 1
5855 445 1
5855 572 1
5908 1990 1
5908 7264 1
5680 5188 1
5680 2652 1
5680 6436 1
5680 5948 1
5680 5403 1
5680 132 1
5680 1696 1
5680 3186 1
5680 907 1
5680 6496 1
3121 1195 1
3121 1045 1
3121 4659 1
3121 7120 1
3121 166 1
4093 910 1
1247 6480 1
1247 331 1
1247 824 1
1247 6067 1
1247 2029 1
1247 4336 1
1247 6868 1
1247 630 1
1247 6429 1
1247 1627 1
1300 4441 1
1300 3471 1
1300 4467 1
1300 4258 1
2749 1887 1
2749 6394 1
2749 5042 1
2749 2173 1
2749 537 1
2749 1237 1
2749 167 1
2749 1978 1
2749 4050 1
2749 4202 1
2749 4584 1
2749 1061 1
2749 3689 1
2749 1821 1
1415 6238 1
3590 5668 1
3590 1639 1
3590 6330 1
3590 3943 1
3590 899 1
3590 5783 1
7222 1512 1
7222 4676 1
2301 1948 1
2301 5335 1
2301 504 1
2301 1311 1
2301 14 1
2301 7295 1
2301 6828 1
2301 2217 1
2301 2919 1
2301 6866 1
2301 5027 1
1563 7277 1
1563 2136 1
1563 994 1
3440 1717 1
3440 6993 1
2458 6226 1
4756 4466 1
4756 3948 1
935 4274 1
543 6947 1
543 4135 1
4893 4831 1
4893 2731 1
4893 3257 1
4893 4184 1
3710 6253 1
3710 963 1
3710 6650 1
3710 7391 1
2290 5223 1
1651 972 1
1651 1162 1
1651 1593 1
1651 4478 1
1651 5339 1
1651 6747 1
1651 1037 1
1651 5283 1
1651 7281 1
1651 2527 1
1651 429 1
1651 4420 1
4125 4335 1
4125 3040 1
4125 5579 1
4125 6829 1
4125 1 1
4125 2486 1
4952 3795 1
4952 3516 1
2594 746 1
2098 3534 1
2098 2210 1
2098 826 1
2098 2943 1
2636 2103 1
869 4905 1
5667 2225 1
5667 3588 1
5667 6446 1
5667 3566 1
5667 3717 1
4447 4863 1
1974 1738 1
1974 4313 1
1974 4925 1
1974 6373 1
1974 1780 1
1974 3507 1
1974 921 1
1974 4792 1
1974 979 1
1974 7132 1
1974 2550 1
1974 2235 1
1974 1906 1
1974 4111 1
1974 4779 1
1974 2872 1
1974 4602 1
1974 3718 1
4685 5133 1
4685 6838 1
4685 1866 1
2067 2433 1
2067 6407 1
2067 6597 1
2067 3941 1
2067 3932 1
184 1502 1
6562 7282 1
6562 4730 1
3751 3014 1
1091 7192 1
3055 5334 1
7156 4409 1
7156 1262 1
3947 386 1
4617 1752 1
4617 1091 1
4617 4817 1
4617 3949 1
4617 6843 1
4617 4799 1
4617 4188 1
4617 1406 1
4617 2983 1
2907 7199 1
7261 2123 1
7261 6703 1
7261 3982 1
7261 6811 1
3287 517 1
1116 3599 1
7112 2238 1
7112 3208 1
388 6894 1
388 4957 1
388 147 1
388 231 1
388 3849 1
388 7022 1
388 6962 1
388 1862 1
3648 5326 1
4143 6598 1
4143 5209 1
4143 4965 1
4143 6115 1
4143 3753 1
4143 200 1
4143 801 1
4143 2799 1
4143 2582 1
4143 2830 1
4343 410 1
5085 3981 1
5085 4301 1
5085 3971 1
5085 3273 1
5085 7264 1
5085 1751 1
5085 3334 1
2533 1412 1
2533 1888 1
6411 2468 1
6411 5583 1
6411 733 1
6411 5634 1
6411 4193 1
15 595 1
15 3991 1
15 2398 1
3615 3405 1
3615 5384 1
3525 7263 1
3525 2191 1
3525 2101 1
1227 1388 1
1227 2789 1
1227 4238 1
1227 7154 1
1227 2918 1
1227 7051 1
7322 1727 1
7322 1436 1
7322 5902 1
7322 662 1
7322 187 1
7322 6548 1
7322 1716 1
7322 2662 1
7322 1315 1
7322 2062 1
2393 5814 1
2393 4621 1
2393 437 1
2393 6996 1
2393 640 1
2393 5091 1
829 2184 1
2572 5395 1
5950 1368 1
3586 4454 1
5850 943 1
5850 4219 1
5850 1783 1
5850 3056 1
5850 2092 1
5850 2909 1
5850 4697 1
6331 1207 1
3457 2158 1
3457 6617 1
3457 1873 1
3457 7193 1
917 2903 1
5607 1093 1
5607 4733 1
5607 237 1
6567 5941 1
4106 773 1
4106 4762 1
4106 3744 1
4106 946 1
4106 3826 1
4106 3525 1
4106 4424 1
4106 5217 1
4106 704 1
4106 3502 1
4106 4914 1
4106 5447 1
4106 4308 1
4106 2890 1
4106 3678 1
4106 7028 1
4106 509 1
4106 3888 1
4106 4044 1
4106 1362 1
4106 360 1
4106 2341 1
4106 6859 1
4106 7325 1
4106 7211 1
4106 3406 1
4106 816 1
5464 3291 1
690 3000 1
690 2030 1
690 5850 1
690 5810 1
690 5469 1
690 7228 1
690 1965 1
690 203 1
5573 6175 1
5573 4993 1
5573 4355 1
5573 4105 1
5573 3179 1
5573 4065 1
5573 5407 1
5573 6239 1
5573 1534 1
5573 315 1
5573 7289 1
5573 4227 1
4061 5775 1
1968 4226 1
1447 1105 1
6433 1883 1
6433 4773 1
6433 3951 1
6433 1452 1
6433 7102 1
6433 5863 1
178 247 1
178 3192 1
5248 1383 1
5248 4485 1
1643 6864 1
4817 7122 1
4817 7408 1
4817 2797 1
4817 4539 1
4817 4217 1
4817 6182 1
1029 1481 1
1029 6604 1
1029 763 1
6183 1765 1
6183 4347 1
52 2058 1
52 3985 1
2365 1186 1
2365 1759 1
2365 2320 1
835 1744 1
2695 4410 1
5428 4047 1
5428 2374 1
5428 1257 1
5428 2825 1
5428 3571 1
5428 2698 1
5428 2624 1
5428 2462 1
5428 6806 1
5428 6421 1
5428 5077 1
5428 6872 1
5428 6036 1
470 6601 1
470 5519 1
470 4520 1
470 267 1
470 4874 1
470 6998 1
470 1076 1
3079 4898 1
3079 5686 1
3079 339 1
3079 3931 1
3079 239 1
6912 2250 1
6912 1255 1
6912 1218 1
6912 5265 1
6912 75 1
6912 747 1
6912 7334 1
6912 3822 1
6912 1422 1
6912 3563 1
1387 4231 1
1387 5177 1
1387 4264 1
1387 1080 1
1387 937 1
1387 3417 1
1387 1112 1
1387 3794 1
1387 4002 1
1387 5766 1
1387 4641 1
1387 7081 1
1387 4261 1
1387 1175 1
1387 347 1
1387 1430 1
1387 6772 1
1387 1419 1
1387 5201 1
1387 135 1
1387 5925 1
1387 4331 1
1387 5282 1
1387 6153 1
1387 5083 1
1387 4182 1
1387 2409 1
1387 6102 1
1387 3635 1
1387 6202 1
1387 4755 1
1387 4041 1
1387 2574 1
1387 3942 1
1387 5148 1
1387 7359 1
1387 684 1
1387 6333 1
1387 1616 1
1387 2623 1
5563 7083 1
5563 4619 1
5563 277 1
5563 2648 1
5563 1130 1
5929 928 1
5929 1429 1
4838 5409 1
4838 1661 1
4838 5009 1
4838 3545 1
5862 5012 1
5862 2031 1
1475 1850 1
1475 1844 1
1475 1644 1
1475 1833 1
1475 301 1
1475 2078 1
1475 6081 1
1475 4569 1
1475 6050 1
1475 5307 1
1475 3682 1
1475 3133 1
1475 2520 1
1475 5724 1
1475 2469 1
3732 857 1
3732 6096 1
3732 5476 1
3732 5627 1
3732 2060 1
3732 666 1
603 4093 1
603 7341 1
603 193 1
603 5666 1
603 5567 1
603 5100 1
603 2810 1
603 4504 1
2817 1566 1
2817 1884 1
2817 186 1
2817 2353 1
2895 4447 1
3797 2580 1
6934 1137 1
6934 897 1
6934 5540 1
6934 5564 1
6934 6138 1
6934 2499 1
6934 2121 1
6934 7011 1
6934 6181 1
6934 3117 1
6934 1878 1
6934 2996 1
5190 1701 1
5190 2884 1
5190 4280 1
5190 6856 1
5190 5066 1
5190 6754 1
5190 2851 1
5190 1400 1
5190 3103 1
5190 1628 1
5190 3817 1
3891 4606 1
1820 3289 1
1820 5427 1
6233 5827 1
6233 3630 1
6233 4291 1
6233 3939 1
6233 6712 1
6233 3814 1
6233 806 1
6233 593 1
6862 5038 1
3820 5659 1
1991 625 1
1991 2791 1
1991 2766 1
2809 6211 1
2809 7332 1
3275 6542 1
3275 1511 1
3275 6292 1
3275 7146 1
3275 1266 1
3275 1549 1
3275 3248 1
3275 5973 1
4094 4356 1
4094 2752 1
874 3699 1
874 2436 1
6888 3019 1
1790 3538 1
1790 4487 1
1790 5602 1
1790 7107 1
2990 3359 1
2990 1305 1
2990 2808 1
7368 121 1
7368 143 1
6644 253 1
1903 6382 1
1903 884 1
1903 3530 1
2805 182 1
2805 3681 1
2805 2788 1
2805 818 1
2805 2857 1
859 7410 1
859 3112 1
2132 1698 1
2132 2428 1
7177 5295 1
4641 5818 1
4641 5380 1
4641 1450 1
6616 5718 1
6616 4327 1
6616 2064 1
6616 4526 1
6616 6936 1
5217 6980 1
5217 2936 1
5217 1944 1
5217 5118 1
5217 3857 1
5217 5717 1
1626 6021 1
1626 7315 1
2543 1673 1
2543 5808 1
2543 7108 1
2543 812 1
2543 4856 1
2543 3596 1
2911 3329 1
2911 438 1
2911 3235 1
2911 5247 1
2911 2542 1
2911 2275 1
2911 2424 1
2911 329 1
1993 453 1
6587 4992 1
6587 3027 1
6587 110 1
6587 5256 1
6587 2689 1
6587 1712 1
6587 2373 1
6587 304 1
6587 6252 1
6587 6823 1
6587 1395 1
6587 645 1
6587 4825 1
6587 3374 1
6587 6793 1
6587 5327 1
6587 2144 1
6587 4498 1
6587 3200 1
5836 2987 1
5836 676 1
5836 5336 1
5836 4167 1
5836 1895 1
5836 1346 1
5836 7052 1
5836 5170 1
5836 3805 1
5836 3102 1
5836 2267 1
5836 4758 1
5836 6055 1
5836 1622 1
5836 5450 1
5836 1032 1
5836 3090 1
5836 1608 1
5836 6232 1
5836 3811 1
6919 1573 1
6919 5649 1
6919 4974 1
6919 2570 1
6919 4915 1
6919 7086 1
6919 5760 1
6919 4810 1
6919 915 1
6919 1284 1
6919 3048 1
6919 2345 1
6919 5993 1
5420 2105 1
5420 4172 1
2287 5062 1
2287 6260 1
2287 5057 1
112 3543 1
5832 853 1
3911 165 1
282 3025 1
282 3567 1
282 4774 1
2632 2039 1
6015 745 1
6015 7292 1
6015 5438 1
6015 4720 1
6015 1807 1
6015 6565 1
1234 1274 1
1234 1031 1
2308 3415 1
2308 1893 1
5598 2695 1
5598 5574 1
5598 5424 1
5598 6347 1
5598 5205 1
5598 6061 1
5598 1073 1
5598 6901 1
4257 3764 1
6516 4344 1
6516 6995 1
6516 2213 1
498 2674 1
498 389 1
498 2333 1
498 3907 1
498 2152 1
498 7273 1
498 4710 1
498 4763 1
498 2917 1
498 3491 1
3024 3096 1
3024 6227 1
3024 1440 1
3024 2419 1
3024 2769 1
3024 7396 1
3024 3222 1
3024 6538 1
3024 500 1
3024 189 1
3024 5630 1
3024 2728 1
6579 3088 1
6579 5017 1
6579 6383 1
6579 4140 1
2855 3604 1
3450 6687 1
3713 4859 1
3713 1714 1
3713 2975 1
3713 2671 1
6678 4058 1
6678 4622 1
6678 6047 1
6678 4903 1
6678 6738 1
6678 1709 1
5256 4938 1
5256 2036 1
5256 2376 1
5377 4363 1
5377 2073 1
5377 4303 1
5377 1666 1
5377 5688 1
5377 302 1
5377 4031 1
5377 993 1
5377 2838 1
5377 2663 1
5377 707 1
5377 1830 1
1099 2130 1
1099 3213 1
1099 4108 1
1099 4605 1
1099 2507 1
1099 5047 1
1099 7187 1
1099 4251 1
629 5912 1
629 4652 1
629 573 1
629 7290 1
6440 3075 1
2701 5413 1
5029 5207 1
5029 2336 1
5029 3519 1
5029 7357 1
5029 3987 1
5029 6176 1
5029 3384 1
5029 3087 1
5029 5481 1
5029 1902 1
5029 4819 1
5029 5172 1
5029 1014 1
5029 3642 1
5029 1907 1
5029 4442 1
5029 5642 1
5029 5758 1
5029 4546 1
5029 1344 1
195 769 1
195 2690 1
195 151 1
3223 6123 1
3223 4986 1
3223 4958 1
5741 2390 1
5741 887 1
5741 569 1
5120 6395 1
5120 5158 1
5120 5892 1
5120 4030 1
3144 1803 1
3144 1677 1
3144 2363 1
6270 5858 1
5370 1375 1
5684 4153 1
5684 6796 1
5684 752 1
5684 6422 1
5684 3120 1
5684 6180 1
5684 660 1
5684 7159 1
5684 912 1
5684 6922 1
6883 1779 1
6883 4434 1
6883 6458 1
6883 4317 1
6883 2816 1
6883 628 1
6883 6101 1
6883 7195 1
6883 5284 1
4319 4499 1
4319 5829 1
4319 865 1
4319 6771 1
4319 3037 1
4319 741 1
4319 565 1
4319 1810 1
4319 6076 1
4319 1160 1
4319 579 1
4319 1156 1
4319 7293 1
4319 7256 1
4319 606 1
4319 76 1
4319 1656 1
4319 5849 1
4319 1067 1
4319 6959 1
4319 468 1
4319 4919 1
4319 3064 1
4319 426 1
4319 2116 1
4319 544 1
4319 840 1
4319 4103 1
4319 3082 1
1950 4128 1
1950 4329 1
1950 1624 1
6238 7387 1
6238 7397 1
6238 82 1
6238 1770 1
6238 5299 1
6238 5914 1
6238 1602 1
6603 3779 1
6603 968 1
6603 6683 1
6603 7165 1
6603 6027 1
2523 5771 1
2523 3799 1
1808 51 1
3636 1413 1
3636 1567 1
6966 5561 1
2035 4218 1
4594 7274 1
4594 5665 1
4594 1056 1
4594 5920 1
4594 4784 1
4594 6177 1
4594 5543 1
4594 4165 1
4594 5797 1
4594 6310 1
4594 3784 1
4594 7172 1
4594 2954 1
4594 2517 1
4594 5357 1
4594 1995 1
4594 2396 1
4594 5727 1
6041 610 1
6041 3440 1
6041 6615 1
6041 3193 1
6041 6481 1
6041 2037 1
6041 703 1
6041 1864 1
6041 5555 1
6041 529 1
6041 1306 1
6041 1404 1
7190 3664 1
7190 6192 1
7190 6791 1
7190 4724 1
7190 6762 1
7190 6883 1
7190 2629 1
7190 1357 1
7190 2293 1
7190 2135 1
7190 5844 1
7190 2554 1
7190 6267 1
7190 1151 1
7190 4861 1
7190 6280 1
7190 4849 1
7190 871 1
7190 5500 1
866 53 1
866 7140 1
866 3108 1
866 1352 1
6262 1192 1
1231 2510 1
1231 311 1
1231 856 1
1231 1625 1
2342 2389 1
2342 1484 1
2342 652 1
2342 1956 1
2342 5685 1
2342 6364 1
2342 6331 1
2342 6400 1
2342 6504 1
2342 6471 1
2342 2155 1
2342 6451 1
2342 5768 1
2342 4573 1
7174 1746 1
7174 4968 1
7174 978 1
7174 1874 1
7174 5918 1
2296 3889 1
2296 6295 1
2296 4395 1
2296 2750 1
2296 590 1
2296 3034 1
2296 7074 1
2296 5426 1
2296 2622 1
2296 7258 1
2296 6805 1
2296 88 1
2296 807 1
2296 6 1
2296 855 1
2296 6399 1
2296 7250 1
2296 6322 1
2296 7365 1
2296 3181 1
7098 574 1
7098 1040 1
1922 37 1
1922 198 1
1922 5286 1
1922 344 1
1922 3137 1
1922 6125 1
1922 5435 1
1922 2259 1
1922 2337 1
1922 5815 1
1092 3704 1
1092 5952 1
1092 1327 1
1092 4747 1
4792 5292 1
4792 6135 1
4792 4726 1
4792 7283 1
4792 42 1
4792 1132 1
4792 4706 1
4792 5144 1
1689 1635 1
1689 5428 1
1689 5801 1
1689 6196 1
1689 4666 1
1689 6482 1
1689 1846 1
1689 3447 1
1689 5196 1
1689 5868 1
1689 6877 1
1689 3278 1
1689 343 1
719 5464 1
719 6279 1
719 3211 1
719 3904 1
719 6971 1
719 3966 1
719 6764 1
3523 210 1
3716 2316 1
3716 691 1
3716 3177 1
787 2994 1
206 4087 1
206 2836 1
206 5545 1
206 4074 1
206 7360 1
206 1905 1
206 4212 1
206 4834 1
206 7223 1
206 5131 1
206 460 1
206 7414 1
206 4675 1
206 6293 1
206 6357 1
206 4399 1
206 5348 1
206 2686 1
206 3462 1
206 1442 1
206 2018 1
206 363 1
5470 7320 1
7298 2176 1
7298 337 1
7298 5639 1
7298 2015 1
2128 1700 1
2128 1308 1
2128 5458 1
2128 599 1
2128 1141 1
2128 6690 1
522 3750 1
5937 830 1
16 1214 1
16 5285 1
16 5959 1
1269 6488 1
1269 5617 1
1269 4025 1
1269 1321 1
1269 2596 1
1269 2715 1
3945 2388 1
3945 3802 1
3945 874 1
3945 5958 1
3945 4753 1
3945 6243 1
3945 4797 1
3945 7209 1
6987 1317 1
7055 5366 1
7055 3409 1
7055 7377 1
7055 5851 1
7055 6137 1
7055 3411 1
7055 700 1
7055 6057 1
7055 233 1
7055 6978 1
7055 2343 1
7055 893 1
7055 3647 1
7055 1819 1
7055 7162 1
7055 1797 1
7055 1793 1
7055 3975 1
7055 6385 1
7055 2807 1
7055 3568 1
3478 6810 1
3478 6807 1
1295 3898 1
6822 5342 1
6722 2657 1
6722 2287 1
6722 7339 1
6722 1776 1
472 2649 1
4261 2057 1
3804 3435 1
3804 6108 1
3804 3302 1
2340 1618 1
2340 793 1
2340 1582 1
2340 4195 1
2340 1968 1
2340 779 1
2340 1870 1
2340 2504 1
2340 6270 1
2340 242 1
2340 4162 1
2340 7029 1
2340 1839 1
2340 3241 1
2340 4232 1
2340 4433 1
2340 1154 1
2340 3925 1
2340 441 1
2340 5548 1
2340 466 1
6713 2650 1
6713 4448 1
6261 1376 1
6261 3199 1
6261 4886 1
6261 1068 1
6261 580 1
6261 1728 1
6261 2626 1
6261 1741 1
6261 1941 1
1241 3833 1
1241 3173 1
3166 3189 1
3166 4034 1
3166 786 1
3166 6307 1
3166 7309 1
3166 338 1
3166 4281 1
4496 4199 1
657 6355 1
657 2973 1
657 1533 1
657 1397 1
657 3591 1
657 2945 1
657 2192 1
657 2878 1
657 3560 1
657 4966 1
657 6497 1
2647 3228 1
2647 2719 1
2647 2537 1
2647 309 1
2647 1736 1
6035 225 1
6035 3314 1
6035 1027 1
6035 1176 1
6035 1189 1
6035 5051 1
6035 1343 1
6035 6346 1
6035 2312 1
6035 6159 1
6035 5211 1
6035 1928 1
6035 1276 1
2722 6727 1
2722 4371 1
2790 4688 1
2790 138 1
2790 3813 1
2790 3368 1
1267 5927 1
1267 1735 1
1267 7234 1
90 1642 1
130 6875 1
130 3740 1
130 6972 1
130 7048 1
130 613 1
130 3072 1
5135 3754 1
5135 2832 1
5135 4455 1
5135 2566 1
5135 2242 1
5135 1471 1
5135 5168 1
5714 5812 1
5714 3919 1
5746 2294 1
5746 27 1
5746 2569 1
6335 1426 1
6335 6609 1
6335 1394 1
6335 354 1
6335 2023 1
6335 1722 1
6335 4396 1
6335 4235 1
1286 6018 1
1286 5705 1
1286 1312 1
1286 980 1
1286 3121 1
1286 7277 1
1286 1671 1
1286 3732 1
1286 1773 1
1286 5324 1
1286 4134 1
1286 7299 1
1286 705 1
1286 4924 1
1286 6358 1
1286 2033 1
1286 2097 1
1286 321 1
1079 2541 1
1002 4414 1
4100 1552 1
4100 6719 1
387 4431 1
387 7131 1
387 6453 1
3002 5767 1
4965 3986 1
3342 6612 1
2441 7333 1
3512 6188 1
6803 3569 1
6803 371 1
6803 6759 1
6803 4488 1
6803 1227 1
6803 3198 1
6803 4394 1
6803 2470 1
6803 2628 1
6803 486 1
6803 4392 1
6803 5726 1
6803 653 1
6086 5521 1
6051 7318 1
6051 1766 1
6932 3755 1
6932 3101 1
2692 3174 1
2692 5300 1
2692 1539 1
2692 303 1
2692 4767 1
2692 3845 1
3069 791 1
1212 1182 1
2901 1159 1
2901 7355 1
2901 3520 1
2901 2109 1
2901 5058 1
2901 942 1
292 5313 1
292 3432 1
292 6723 1
4592 2997 1
4592 4759 1
4592 6289 1
658 4591 1
658 197 1
7173 4572 1
7173 2348 1
7173 3041 1
5307 1135 1
6412 3729 1
6412 4783 1
2604 3572 1
2604 3156 1
2604 5001 1
1537 4793 1
1537 658 1
1537 3594 1
1537 735 1
4727 2812 1
1307 2087 1
1307 3696 1
3459 6437 1
6824 34 1
3062 5126 1
916 3772 1
916 7036 1
2676 2573 1
2676 5682 1
4092 2880 1
5017 3031 1
5017 2205 1
5017 5102 1
5017 3346 1
5017 1668 1
5017 6010 1
5017 6133 1
5017 2498 1
5017 1530 1
5017 7017 1
5017 5975 1
5017 1026 1
1551 1750 1
1551 1823 1
1551 3267 1
1551 7056 1
1551 2745 1
1551 1838 1
1551 2971 1
5161 3917 1
5161 3029 1
5161 1997 1
5161 4623 1
3269 6095 1
3269 3123 1
3269 2231 1
3269 4006 1
5911 4746 1
5911 4147 1
62 4446 1
4947 913 1
4947 3777 1
4947 7398 1
4947 5779 1
4947 7066 1
4947 2608 1
4947 7215 1
4947 1548 1
4947 6802 1
4947 368 1
4947 5200 1
4947 5431 1
4947 1932 1
4947 4955 1
4947 4295 1
4327 1131 1
4327 675 1
4327 2687 1
4327 7168 1
4327 3659 1
4327 223 1
4327 1365 1
4327 4656 1
4327 4039 1
1670 815 1
6770 2556 1
6770 458 1
6770 4126 1
5405 561 1
5405 6008 1
5405 4933 1
5405 5252 1
5405 3238 1
5405 333 1
5405 6417 1
5066 4414 1
1430 4624 1
1430 7000 1
191 4840 1
191 5359 1
191 2234 1
191 4782 1
191 162 1
191 4003 1
191 2757 1
191 48 1
191 6790 1
191 2549 1
191 3045 1
191 5310 1
191 5671 1
191 6662 1
191 6605 1
191 4471 1
191 1479 1
3788 5068 1
3788 7118 1
3788 5921 1
3788 7034 1
5461 4112 1
5461 905 1
5461 2160 1
5461 4174 1
5461 5880 1
5461 4472 1
7084 2912 1
7084 3735 1
7084 5618 1
7084 1019 1
4194 4880 1
4194 3323 1
4194 4578 1
6491 6739 1
6786 6240 1
3418 2228 1
3418 6005 1
6488 6981 1
979 3459 1
979 5702 1
783 2000 1
783 3790 1
2762 4239 1
2762 4657 1
2762 6963 1
2762 1146 1
2762 4428 1
2762 6970 1
2762 1578 1
2762 4556 1
2762 3107 1
2762 3871 1
7335 1222 1
7335 3580 1
7335 3330 1
7335 849 1
7335 2952 1
7335 6554 1
241 2006 1
241 7177 1
241 1670 1
241 430 1
241 4851 1
241 6852 1
241 7225 1
241 2948 1
241 3775 1
241 1004 1
241 4386 1
241 6694 1
241 7064 1
241 2292 1
7243 3860 1
7243 46 1
7243 5360 1
7243 5085 1
7243 2381 1
7243 588 1
7243 80 1
7243 4104 1
7243 4625 1
7243 5108 1
7243 4850 1
7243 795 1
7243 6815 1
7243 1589 1
7243 3404 1
7243 5104 1
7243 6274 1
661 765 1
661 5156 1
661 2183 1
661 990 1
4020 5020 1
4020 2861 1
4020 7 1
4020 4048 1
4020 6256 1
1126 234 1
1126 1354 1
1126 5847 1
4555 1597 1
4555 6895 1
4555 673 1
4555 1140 1
4555 196 1
4555 5117 1
4555 4119 1
4555 3077 1
4555 5635 1
4555 2127 1
4555 1167 1
4555 6647 1
4555 4673 1
4555 3670 1
1170 1568 1
1419 7220 1
1419 1420 1
6621 538 1
6621 375 1
6621 275 1
6621 6303 1
6621 677 1
5201 3012 1
2456 5314 1
2456 2074 1
2456 5670 1
2456 4015 1
5054 4634 1
5054 4672 1
5054 832 1
5054 4560 1
5054 6457 1
5054 2480 1
5054 4829 1
5054 393 1
5054 1161 1
5054 2354 1
5054 1509 1
5054 2927 1
1541 6892 1
1541 65 1
1541 6246 1
3740 2725 1
3740 722 1
5719 4728 1
5719 2207 1
3994 2493 1
1203 3364 1
1203 6190 1
1309 4780 1
1309 1350 1
1309 2598 1
1309 2831 1
3763 3770 1
3763 7344 1
3763 42 1
3763 4390 1
3763 2948 1
3763 3879 1
3763 2503 1
6185 2052 1
3584 7147 1
3584 5268 1
3584 5229 1
3584 6865 1
3584 7090 1
3584 4089 1
3584 5086 1
4336 4415 1
2930 2004 1
85 4677 1
85 4282 1
566 3641 1
566 1504 1
566 6544 1
566 1626 1
566 25 1
566 5166 1
566 3791 1
566 2446 1
3690 6890 1
3690 3962 1
3690 6097 1
3690 2095 1
3690 1233 1
3690 5769 1
3690 5397 1
3690 5490 1
3690 956 1
3690 1324 1
4139 1924 1
900 7382 1
900 3207 1
900 5835 1
900 4403 1
900 5216 1
900 6925 1
900 2188 1
900 635 1
900 1576 1
900 3655 1
900 4000 1
3240 7370 1
3240 527 1
3240 4827 1
3240 511 1
3240 184 1
3240 723 1
3240 5891 1
3240 6699 1
3240 2900 1
5984 494 1
588 3092 1
588 524 1
588 5404 1
588 4229 1
588 1768 1
3653 5961 1
3653 6223 1
3653 2979 1
3653 3400 1
3653 6503 1
3653 1876 1
3303 1202 1
3303 3212 1
3303 2743 1
6592 6636 1
4745 6780 1
4745 5149 1
6196 3145 1
6196 6086 1
6196 3883 1
5906 7070 1
1975 7170 1
1975 2500 1
1975 6702 1
1975 1652 1
1975 5034 1
1975 3266 1
1975 656 1
1975 6678 1
1975 195 1
1975 5000 1
1975 4492 1
1975 5739 1
1975 756 1
1975 2699 1
1975 714 1
1975 5496 1
1975 1084 1
1975 1804 1
1975 2637 1
1975 2746 1
1975 1976 1
1975 4522 1
1975 5269 1
1975 6528 1
1975 3606 1
4566 5549 1
6916 2938 1
6916 487 1
6916 4141 1
2477 6439 1
3996 3702 1
3996 4348 1
3996 4845 1
5800 3844 1
5800 3245 1
5800 3084 1
5306 1788 1
5306 2798 1
2302 4154 1
2782 2141 1
2782 1872 1
2782 1903 1
2782 4045 1
2782 3872 1
2782 1295 1
2782 3256 1
2782 2492 1
2782 3382 1
2782 2978 1
2782 1396 1
2782 7049 1
2782 5098 1
2782 7181 1
4375 1942 1
6653 564 1
6653 6610 1
6653 1359 1
6653 3118 1
6653 7018 1
6653 4354 1
6653 2802 1
6653 4305 1
6692 2854 1
6692 6210 1
6692 3308 1
6692 5916 1
6692 5365 1
6692 1592 1
6692 936 1
6692 5240 1
2945 5554 1
2945 5954 1
5129 5744 1
696 2011 1
696 4889 1
4708 4628 1
4708 4527 1
4708 6595 1
4708 5535 1
4708 5584 1
4708 5028 1
4708 4732 1
4708 2243 1
4708 3425 1
4708 3005 1
4708 1235 1
4708 4592 1
4708 5965 1
4708 6376 1
4708 305 1
4708 2180 1
4708 4534 1
4708 2660 1
4708 2212 1
4708 3047 1
4708 3461 1
4708 6855 1
4708 6258 1
4708 3113 1
4708 5056 1
2755 2299 1
2755 2177 1
4981 2702 1
4981 4443 1
4981 5341 1
4981 5794 1
4981 1316 1
3042 3251 1
3042 5828 1
2422 2786 1
2422 5274 1
2422 6323 1
3455 2597 1
628 100 1
628 4917 1
628 245 1
628 5781 1
3228 4717 1
6489 5389 1
6489 3216 1
6489 5218 1
6489 3846 1
6489 1653 1
6489 3700 1
6489 1089 1
6489 455 1
3256 5141 1
3256 3426 1
3256 3730 1
3256 6194 1
144 5179 1
144 2457 1
2778 6948 1
1021 2739 1
1021 715 1
1021 2939 1
1021 6100 1
1723 7393 1
1723 4340 1
1723 3013 1
1723 3006 1
1723 3868 1
1723 2035 1
1723 1682 1
1723 3584 1
1723 3035 1
1723 3658 1
1723 3988 1
1723 6693 1
1723 6661 1
1723 4703 1
1723 3823 1
1723 6541 1
1723 2323 1
1723 413 1
1723 279 1
1723 5909 1
1723 3701 1
1514 1984 1
1514 6668 1
1514 1403 1
6392 5343 1
4786 7342 1
6583 1270 1
3054 6469 1
3054 1054 1
4272 4707 1
4272 1114 1
4078 4384 1
4078 4718 1
4078 5687 1
4078 5373 1
4078 194 1
4078 6974 1
4078 3331 1
4078 5628 1
4078 1035 1
4078 7142 1
4078 2270 1
4078 5534 1
4078 3317 1
4078 1664 1
4078 3757 1
4078 5719 1
4078 5036 1
4078 6161 1
4078 3977 1
4078 2171 1
4078 6371 1
4078 5789 1
4078 4589 1
4078 5185 1
4078 1558 1
4078 153 1
4078 5381 1
4078 6162 1
4078 7111 1
4078 6022 1
4078 4667 1
4078 1829 1
4078 134 1
4078 2837 1
4078 6659 1
4078 6490 1
4078 5030 1
4078 2711 1
4078 61 1
4078 5501 1
4078 4941 1
5071 11 1
6599 1361 1
6599 7005 1
6599 5942 1
4324 3158 1
4324 2960 1
4324 1758 1
4324 2142 1
4324 5661 1
4324 4063 1
4324 249 1
4324 2466 1
4324 141 1
4324 1987 1
4324 4114 1
4324 5258 1
1221 7089 1
1221 3049 1
6591 142 1
6591 4215 1
6591 5066 1
6591 4537 1
6591 6241 1
6591 3043 1
6591 2186 1
6591 2896 1
6591 5650 1
4484 6765 1
6088 5351 1
6088 2317 1
6285 6961 1
6285 3869 1
6285 2618 1
6285 4123 1
6285 5787 1
6285 4464 1
6285 5317 1
6285 7399 1
6285 7330 1
6285 1951 1
6285 7112 1
6285 1527 1
6285 7386 1
6285 3544 1
6285 4288 1
6285 875 1
6285 3618 1
6285 4959 1
6285 7362 1
6285 6758 1
6285 6353 1
6285 4453 1
6285 7411 1
6285 5220 1
6285 2368 1
6285 6229 1
6285 6384 1
6285 6969 1
6285 3780 1
6285 5242 1
6285 4201 1
6285 190 1
6285 1405 1
6285 1008 1
6340 4884 1
6340 4506 1
6340 3315 1
7258 510 1
7258 5638 1
7258 5396 1
7258 1569 1
7258 4801 1
5878 5859 1
5878 6826 1
5878 3719 1
5878 7379 1
5878 1508 1
5878 930 1
5878 3196 1
5878 5658 1
5878 5139 1
5878 845 1
2962 4544 1
2962 5075 1
1066 5069 1
6070 3342 1
6070 2740 1
3133 2370 1
3133 350 1
3133 5594 1
3133 3673 1
3133 6093 1
3133 1711 1
3133 4558 1
3133 2843 1
3133 2467 1
3133 4812 1
3133 404 1
3133 2553 1
4943 5157 1
4943 4004 1
4943 6249 1
6122 999 1
6122 5994 1
2868 1381 1
2868 4651 1
5440 5871 1
5440 2958 1
5440 1699 1
6198 6363 1
5023 1052 1
5023 2694 1
5023 6649 1
5023 2471 1
5023 6428 1
4542 1702 1
4542 2479 1
4542 152 1
4542 6321 1
4542 6007 1
4542 5537 1
4542 5978 1
4542 6846 1
4542 3260 1
4542 2576 1
4542 281 1
4542 4940 1
4542 1134 1
4542 1852 1
4542 3637 1
4542 1039 1
4542 6737 1
3885 5134 1
3885 3859 1
6148 3727 1
6148 6900 1
6148 1875 1
6148 4587 1
7302 7265 1
7302 1863 1
7302 4125 1
7302 5592 1
7302 6745 1
7302 3042 1
7302 1348 1
7302 2485 1
7302 6142 1
4537 1694 1
4537 5316 1
4537 6682 1
4537 867 1
4537 284 1
4537 2034 1
4537 6884 1
4537 3992 1
1617 2533 1
1617 4205 1
1617 1540 1
1617 1047 1
1617 9 1
1617 3984 1
1617 2742 1
5617 4241 1
5617 6874 1
5704 558 1
5704 4113 1
5704 4871 1
5704 6736 1
5704 5221 1
5704 6733 1
5704 2685 1
5704 6562 1
5704 3215 1
5704 3209 1
5704 4177 1
5704 4315 1
5704 2653 1
5704 3231 1
5704 2722 1
5704 258 1
5704 4665 1
5704 4896 1
5704 591 1
5704 6454 1
5704 427 1
5704 5798 1
5704 3589 1
5704 3284 1
5704 1641 1
5704 272 1
5704 1188 1
5704 2148 1
5704 6172 1
5704 7369 1
5704 2414 1
5704 314 1
5704 6362 1
5704 2732 1
6383 5709 1
7239 2206 1
7239 7019 1
7239 2677 1
2640 3836 1
4109 5323 1
6664 1243 1
6664 5470 1
6664 163 1
6664 7254 1
6664 436 1
6664 2163 1
6664 3427 1
6766 1617 1
2279 6179 1
2279 5045 1
2279 7009 1
2279 2955 1
2279 4444 1
2279 6187 1
2279 2930 1
2279 4357 1
2279 432 1
2279 5508 1
2279 811 1
2279 1480 1
2279 4843 1
3036 1577 1
3036 3390 1
3036 493 1
3036 6414 1
3036 5601 1
3036 4637 1
3036 3897 1
5243 4197 1
5243 4586 1
571 2423 1
571 5213 1
571 2682 1
571 3793 1
571 240 1
4331 5468 1
4331 1445 1
4944 2568 1
4944 2161 1
958 4401 1
958 3224 1
958 1707 1
958 5843 1
958 1166 1
7065 6761 1
7065 3282 1
7065 5137 1
7065 3866 1
7065 3429 1
7065 2875 1
7065 6986 1
5282 3276 1
5282 4318 1
5282 6360 1
7118 3741 1
1345 512 1
1345 2149 1
1345 4748 1
1345 4053 1
1345 5385 1
2878 5010 1
2878 1278 1
2878 4240 1
2878 5870 1
2878 2655 1
819 3830 1
819 2131 1
819 5901 1
819 2321 1
819 4765 1
819 4910 1
819 3792 1
1979 4867 1
1979 2613 1
1979 4247 1
1979 490 1
6153 6576 1
6153 2525 1
6153 2714 1
6153 5708 1
6153 1289 1
7407 5987 1
7407 1364 1
7407 5033 1
7407 2563 1
1072 3194 1
1072 63 1
1072 1168 1
1072 5367 1
1072 2050 1
4558 2803 1
4558 2942 1
4558 4563 1
4558 5142 1
2675 3936 1
2675 2995 1
2675 1732 1
2675 2760 1
3538 1789 1
3538 3163 1
3538 6522 1
7362 3913 1
7362 1662 1
7362 4712 1
7362 7026 1
7362 1802 1
5424 6001 1
5424 5596 1
5424 6374 1
2953 5796 1
2953 390 1
1372 3661 1
1372 4683 1
3161 2658 1
6094 4056 1
3658 5885 1
3658 3613 1
3658 4660 1
1245 556 1
3254 3697 1
3991 154 1
6578 1781 1
4905 682 1
4905 4869 1
4905 2451 1
4905 5039 1
4905 93 1
4905 1868 1
4905 3262 1
4905 129 1
4905 6114 1
4905 5552 1
4905 5449 1
4905 7380 1
4810 4049 1
155 1096 1
155 6628 1
155 5515 1
6308 1340 1
6308 3354 1
6308 7364 1
6308 2490 1
6308 798 1
6308 3705 1
6308 2021 1
6308 1946 1
4841 745 1
4841 4243 1
4841 6565 1
5419 7073 1
5419 6861 1
5419 892 1
5419 1174 1
5419 7021 1
5419 4337 1
5419 6066 1
5419 775 1
5419 1220 1
5419 1910 1
5419 6028 1
5419 2998 1
5419 6234 1
5419 3773 1
5419 3286 1
6758 526 1
6758 2800 1
6758 3873 1
6403 998 1
6403 5816 1
6403 2115 1
6403 6836 1
6403 5145 1
6403 6531 1
6403 1101 1
6403 3979 1
6403 117 1
6403 6045 1
6403 3535 1
6403 5005 1
6403 3183 1
6403 2891 1
6403 2122 1
6403 6571 1
7276 1621 1
7100 2120 1
7005 1465 1
98 2965 1
98 4287 1
98 1897 1
98 3680 1
98 3924 1
98 6635 1
2153 126 1
2153 2523 1
2153 4566 1
2153 283 1
712 7204 1
712 1729 1
712 5224 1
712 1892 1
712 4985 1
712 5889 1
712 7403 1
712 2091 1
712 895 1
712 6113 1
712 2274 1
712 7338 1
712 1913 1
712 6709 1
712 3124 1
712 4875 1
712 5260 1
712 6520 1
712 5322 1
712 3125 1
712 95 1
712 3333 1
712 5459 1
712 6034 1
712 5048 1
712 6048 1
6920 5949 1
6920 4060 1
6920 2304 1
6920 4530 1
345 2606 1
345 6850 1
3907 1853 1
3907 7169 1
3907 5002 1
3907 1669 1
3907 5070 1
3907 1285 1
3907 1964 1
3907 6720 1
654 3160 1
4122 3819 1
4122 3189 1
4122 3631 1
4122 384 1
4122 2251 1
4122 2483 1
4122 6785 1
4122 4969 1
4122 748 1
4122 16 1
4122 5933 1
4122 984 1
4122 2168 1
4122 3321 1
4122 6674 1
4122 4876 1
4122 1800 1
4122 3159 1
4122 3890 1
4122 944 1
4122 2521 1
4122 3892 1
4122 2770 1
4122 2673 1
4122 4704 1
4122 4690 1
4122 1163 1
4122 594 1
5648 3974 1
3789 7123 1
1846 411 1
1846 5182 1
1846 6575 1
1846 4916 1
2216 6380 1
2216 395 1
2216 4461 1
2216 2208 1
3778 181 1
3778 1240 1
3778 3223 1
3778 2211 1
3778 4885 1
3778 4311 1
3778 2748 1
3778 739 1
3778 6231 1
3778 1876 1
3778 6827 1
4742 680 1
4742 923 1
4742 224 1
4742 782 1
4742 4574 1
4742 7352 1
80 2915 1
80 3838 1
80 6106 1
80 2198 1
2404 2195 1
2404 7135 1
2404 402 1
2404 3660 1
2404 5206 1
2404 2937 1
7042 6561 1
7042 4173 1
7042 4977 1
7042 525 1
7042 5235 1
7042 4326 1
2660 5866 1
1623 2146 1
1623 2128 1
1623 6325 1
1623 2985 1
1623 6152 1
1816 3861 1
1816 497 1
1816 7244 1
1816 6024 1
1816 831 1
1816 1013 1
1816 5390 1
1816 1495 1
1816 7053 1
1816 3272 1
1816 5408 1
1816 3116 1
1816 2346 1
6203 3767 1
6203 7311 1
6203 7006 1
6203 4458 1
6203 5852 1
7338 7040 1
7338 1896 1
7338 863 1
7338 1575 1
7338 7232 1
2734 3107 1
5910 6924 1
5910 3954 1
5910 1064 1
5910 2040 1
5910 4847 1
5910 5558 1
5910 7266 1
5910 4791 1
5910 4862 1
5910 3253 1
5910 2920 1
5910 622 1
5910 443 1
5910 7251 1
1882 609 1
1882 7189 1
6042 6848 1
6042 827 1
6042 5075 1
6042 1196 1
6042 2882 1
615 4408 1
615 2164 1
6454 7269 1
5005 2484 1
5005 5060 1
5005 736 1
5005 3937 1
5005 5604 1
5005 5715 1
5079 6233 1
5079 2043 1
5079 3499 1
3014 1911 1
326 5181 1
326 1319 1
326 868 1
326 3882 1
326 7191 1
326 3252 1
326 3903 1
326 674 1
326 5690 1
326 1933 1
326 5824 1
326 2621 1
326 3154 1
326 475 1
326 4609 1
326 4684 1
326 3446 1
326 1249 1
2561 204 1
2561 5646 1
2561 6312 1
2561 3547 1
2085 1930 1
3321 689 1
7004 549 1
7004 2883 1
7004 2991 1
7004 6532 1
7004 1059 1
7004 5960 1
7004 5785 1
7004 1197 1
7004 3322 1
7004 5527 1
2984 2284 1
3408 3828 1
3408 1449 1
3408 727 1
3408 1898 1
7411 6886 1
7411 6831 1
7411 1691 1
7411 4323 1
7411 973 1
7411 6051 1
7411 4069 1
7411 740 1
7411 1408 1
7411 3149 1
7411 4387 1
7411 5776 1
7411 4508 1
7411 3026 1
7411 6316 1
7411 6869 1
7411 2102 1
7411 2758 1
7411 4706 1
7411 2600 1
7411 6131 1
6267 6149 1
3774 5894 1
3774 282 1
3774 967 1
3774 2133 1
3774 6769 1
3774 750 1
3774 2644 1
3774 5019 1
3774 5287 1
3774 7324 1
3774 1435 1
3774 2357 1
3774 1143 1
1775 3336 1
1775 86 1
1775 6494 1
3593 1102 1
3593 5689 1
2313 3489 1
2313 2870 1
2313 2902 1
2313 1211 1
2313 4189 1
2313 3420 1
2313 5571 1
2313 2968 1
2313 790 1
2635 6023 1
2306 1152 1
2306 6997 1
2306 4551 1
2306 7402 1
2306 2579 1
2306 1300 1
2306 2190 1
2306 918 1
2306 5950 1
2306 3944 1
2306 7383 1
2306 261 1
2306 1053 1
2306 1557 1
2306 3002 1
2306 1307 1
2306 5968 1
2306 6065 1
2306 1909 1
2306 501 1
2306 4824 1
2306 1351 1
2306 2472 1
2306 5924 1
2306 3111 1
2306 3445 1
2306 226 1
2306 6618 1
2306 2046 1
2306 834 1
2306 2963 1
2306 5526 1
2306 5067 1
2306 4815 1
2306 5233 1
2306 5926 1
2306 5289 1
2306 5977 1
2306 5819 1
2 2827 1
3061 5753 1
3061 2447 1
3061 1812 1
3061 4669 1
3061 5063 1
3061 4978 1
3061 711 1
1505 1099 1
1505 2182 1
1505 7129 1
1505 5755 1
1505 970 1
1505 3180 1
1505 3170 1
4383 6450 1
3262 1792 1
3262 1658 1
5469 4438 1
5469 726 1
5469 300 1
5469 6216 1
5469 1767 1
5469 64 1
5469 1697 1
5469 4770 1
5469 5297 1
5469 6913 1
5469 4110 1
7228 2008 1
4142 3554 1
4142 1743 1
4142 5645 1
4142 6017 1
870 2555 1
870 148 1
870 3710 1
870 3609 1
870 2876 1
870 6680 1
870 2079 1
870 4052 1
870 6462 1
870 5786 1
870 4883 1
870 4019 1
870 2949 1
6619 5578 1
6619 247 1
5947 7106 1
5947 5765 1
5947 6146 1
5947 7002 1
5947 5466 1
5947 469 1
5382 4647 1
5382 274 1
5382 2393 1
5382 2429 1
5382 2229 1
5382 4078 1
5382 4949 1
5382 2170 1
5382 3862 1
5382 398 1
5382 6224 1
5382 5636 1
5382 264 1
5382 3217 1
5382 72 1
5382 975 1
2375 2591 1
2375 7032 1
6640 4870 1
4835 215 1
4835 3339 1
4835 1619 1
4835 266 1
1044 6530 1
1044 6111 1
1044 3983 1
1044 4230 1
1044 7099 1
1044 5734 1
7088 3447 1
669 5845 1
669 3142 1
669 7255 1
669 5467 1
669 7343 1
669 1605 1
3351 5802 1
1562 4157 1
1562 157 1
1562 4991 1
1562 6173 1
844 2262 1
844 3205 1
844 4373 1
844 2356 1
1050 6600 1
1050 4653 1
1050 4650 1
1050 4146 1
1050 7013 1
1050 2607 1
1244 3294 1
1244 1721 1
3277 4115 1
3277 3720 1
3277 6122 1
3277 858 1
4025 5013 1
6174 6670 1
6174 3743 1
6174 6788 1
6174 729 1
785 4425 1
785 3492 1
785 150 1
785 5237 1
785 600 1
785 5194 1
785 2972 1
785 2463 1
785 4185 1
785 2365 1
785 3797 1
785 7346 1
785 2632 1
785 6440 1
785 1491 1
785 472 1
785 4753 1
785 5161 1
785 6786 1
785 900 1
785 696 1
785 2962 1
785 3408 1
785 6493 1
785 1562 1
785 1393 1
785 3629 1
785 4989 1
785 5477 1
785 5503 1
785 5944 1
785 5716 1
3227 3379 1
3227 1258 1
3227 5606 1
3227 1542 1
3227 4244 1
3227 6792 1
716 3976 1
716 5084 1
716 4693 1
716 5340 1
716 199 1
6768 2738 1
6768 842 1
6768 1246 1
6768 7301 1
4625 2237 1
4625 1294 1
4625 6515 1
4625 6578 1
4625 503 1
4625 1827 1
4625 4211 1
4625 7212 1
4625 890 1
4625 3175 1
4625 353 1
299 6003 1
299 1077 1
299 4383 1
2443 7001 1
4956 1128 1
4956 6964 1
4956 2587 1
4956 4151 1
4956 2344 1
4956 879 1
4956 6203 1
4956 3967 1
4956 259 1
4956 5539 1
4826 634 1
4826 3320 1
4826 4808 1
4826 6213 1
4826 1585 1
4826 7303 1
4826 2494 1
4826 3855 1
4826 6379 1
4826 1334 1
4826 5820 1
4826 5288 1
4826 5660 1
4826 5641 1
4826 1473 1
796 2691 1
796 3460 1
796 243 1
796 2273 1
796 3016 1
796 5585 1
5980 4738 1
5980 376 1
5980 4772 1
5980 4192 1
5980 2794 1
5328 6104 1
5328 3564 1
5328 4268 1
5328 6988 1
4 4535 1
4 2322 1
4 1490 1
4 7366 1
4 3372 1
4 3800 1
4 3397 1
4 5680 1
4 2165 1
4 4319 1
4 2088 1
4 846 1
4 6409 1
4 1293 1
4 7243 1
4 6592 1
4 3870 1
4 1604 1
4 2751 1
4 3848 1
4 2075 1
4 3277 1
4 5980 1
4 3712 1
4 4813 1
4 5723 1
4 6930 1
4 156 1
4 2571 1
4 116 1
4 1136 1
4 941 1
4 149 1
4 1179 1
4 1515 1
4 4798 1
4 5050 1
4 403 1
4589 4293 1
4589 291 1
4589 2264 1
4589 1090 1
4589 4754 1
4589 5791 1
4589 4468 1
5092 1908 1
5092 4221 1
5092 6200 1
1854 170 1
1854 6794 1
1854 5296 1
1854 5436 1
659 4744 1
659 3185 1
7381 2476 1
7381 5162 1
7381 5516 1
7381 881 1
7381 252 1
7381 4893 1
7381 1818 1
7381 2478 1
7381 5807 1
7381 2957 1
7381 2318 1
7381 6677 1
7381 974 1
7381 4421 1
7381 7041 1
7381 3650 1
7381 4662 1
6102 2756 1
6102 6413 1
6102 7317 1
6102 3723 1
6102 5494 1
6102 5696 1
6102 1078 1
6102 1663 1
6102 4681 1
6102 3265 1
6102 966 1
6102 1725 1
6102 7390 1
6102 777 1
893 4764 1
893 1755 1
893 414 1
893 5189 1
6105 5191 1
1161 2502 1
1161 651 1
1161 6509 1
6218 68 1
6218 7063 1
5874 3947 1
4687 3573 1
4687 312 1
4687 3401 1
4687 1680 1
4687 4289 1
4687 307 1
4687 6043 1
4687 1098 1
2045 1209 1
2045 6309 1
2045 4017 1
3983 2193 1
3983 2016 1
5577 1494 1
5577 1544 1
5577 2288 1
5577 4942 1
5577 7236 1
6854 1030 1
6854 4853 1
6854 2747 1
6854 2519 1
6854 4426 1
6854 92 1
6854 1499 1
3680 6365 1
3680 6263 1
3680 7406 1
3680 6630 1
3680 4511 1
160 214 1
160 5244 1
160 1940 1
160 7233 1
160 85 1
160 602 1
160 4068 1
160 5568 1
160 2646 1
1028 828 1
1028 3721 1
1028 4236 1
1028 4816 1
1028 6508 1
1028 761 1
6729 2512 1
6729 5248 1
6729 6183 1
6729 4136 1
6729 5722 1
6729 2846 1
6729 4581 1
6729 5270 1
6729 1332 1
6729 1118 1
6729 3550 1
2263 3921 1
2263 461 1
2263 4358 1
2263 3533 1
2263 4200 1
2263 2716 1
2263 6987 1
2263 3254 1
2263 4588 1
2263 278 1
1264 3504 1
1264 3343 1
1264 1353 1
1264 6079 1
1264 6798 1
1264 7400 1
1453 7333 1
1453 1851 1
6642 2934 1
6642 6236 1
6642 6506 1
2802 1455 1
6781 5347 1
6781 5879 1
4519 710 1
4519 2167 1
4519 2377 1
4519 325 1
4519 6876 1
4519 6254 1
4519 4500 1
4519 1338 1
4519 5675 1
4519 2641 1
1258 2209 1
5928 4397 1
5928 1687 1
5928 2823 1
5928 7271 1
5928 1598 1
5928 2616 1
5928 554 1
5928 4838 1
5928 898 1
5928 7302 1
5928 847 1
5928 2860 1
5928 862 1
5928 3598 1
5928 3246 1
1860 1199 1
1860 4879 1
1860 128 1
1860 1606 1
1860 90 1
1860 2871 1
1860 3229 1
1860 1771 1
1860 6622 1
1860 4432 1
1860 6296 1
1860 7067 1
1860 425 1
2494 81 1
2494 3742 1
2494 1268 1
6965 888 1
3232 3972 1
3232 4685 1
3232 6084 1
3232 2501 1
3232 4550 1
3232 3477 1
6224 3511 1
6633 7409 1
6633 1323 1
6633 5529 1
7253 2849 1
7253 4897 1
7253 5962 1
7253 3529 1
2201 4900 1
3373 814 1
3373 4023 1
4813 4418 1
4813 7155 1
4813 136 1
6013 6313 1
6013 1782 1
6013 1532 1
6013 179 1
6013 2417 1
6013 2452 1
6013 6968 1
6582 3280 1
6582 1949 1
6582 5895 1
6582 6675 1
6582 387 1
6582 776 1
6582 1514 1
6582 1999 1
6582 2085 1
6582 2951 1
6582 5003 1
6582 4459 1
6582 1498 1
6582 2283 1
6582 3961 1
6582 286 1
6582 2221 1
6582 3153 1
6582 294 1
6582 6144 1
6582 5474 1
6582 4629 1
6582 1620 1
6582 6124 1
6582 5896 1
6582 2224 1
4876 1992 1
4876 5280 1
4876 6474 1
2859 6264 1
2859 6956 1
2859 2061 1
2859 3413 1
2859 3592 1
2859 3665 1
4596 4207 1
4596 7319 1
4596 4296 1
4596 4124 1
5872 6943 1
5872 1811 1
5872 1470 1
5872 4284 1
5872 1299 1
5872 91 1
5872 1226 1
5872 6607 1
5872 3875 1
5872 4538 1
5872 4613 1
5872 585 1
5872 3028 1
5872 1706 1
5872 7231 1
5872 2795 1
5872 2422 1
5872 386 1
5872 2254 1
5872 2993 1
5872 2041 1
5872 1764 1
5872 5874 1
5872 817 1
5872 6954 1
5872 1271 1
5872 617 1
5872 3918 1
5180 2932 1
5180 4873 1
4881 5308 1
4881 1921 1
4881 6784 1
4881 4655 1
4881 3914 1
2152 5625 1
6930 2227 1
6930 2096 1
6930 4743 1
6930 4860 1
6930 5607 1
6930 4061 1
6930 6026 1
6930 5178 1
6930 1002 1
6930 5984 1
6930 5128 1
6930 1560 1
766 6942 1
766 2605 1
766 1434 1
766 3395 1
766 2247 1
766 4967 1
766 323 1
766 4204 1
766 753 1
766 6870 1
1425 1970 1
1425 5907 1
1425 4778 1
1425 4610 1
1425 2675 1
1425 950 1
5151 3831 1
5151 2779 1
5151 2240 1
5151 1996 1
5151 4028 1
5151 4855 1
5151 3497 1
5151 911 1
5151 5966 1
5151 4220 1
6671 2260 1
6671 6751 1
6671 5784 1
557 2565 1
557 6389 1
557 4350 1
557 2426 1
557 3380 1
557 3030 1
557 6752 1
557 6195 1
557 6834 1
557 6489 1
557 3164 1
557 5171 1
557 5410 1
557 5261 1
557 4982 1
557 2082 1
557 3771 1
557 4429 1
557 5588 1
4377 6306 1
4377 3579 1
4377 933 1
4377 2300 1
4377 2140 1
4377 2805 1
4377 882 1
4377 5447 1
4377 571 1
4377 1366 1
4377 7356 1
4377 3039 1
4377 6119 1
4377 7133 1
4377 3874 1
4377 4148 1
4377 4290 1
4377 6519 1
2318 1885 1
2318 3263 1
2318 1147 1
2318 4971 1
2318 6019 1
5318 5147 1
5318 4757 1
896 2266 1
896 534 1
896 3733 1
896 4083 1
896 5035 1
645 4402 1
645 2700 1
645 1914 1
645 3896 1
645 6268 1
645 5088 1
645 1015 1
645 7085 1
645 3378 1
645 5853 1
2384 2916 1
2384 1384 1
2384 248 1
2384 3816 1
795 5338 1
795 4821 1
795 4096 1
795 7077 1
795 2371 1
3559 1115 1
260 7072 1
260 5040 1
260 3307 1
260 3510 1
260 7144 1
260 6401 1
260 7395 1
260 4768 1
260 5406 1
260 3361 1
260 1370 1
260 5731 1
1730 1867 1
1730 2416 1
7262 484 1
7272 2150 1
7208 7105 1
7208 5143 1
7208 4480 1
6347 6444 1
5434 6914 1
4721 5943 1
31 3356 1
31 601 1
6832 7297 1
6832 6006 1
6832 6356 1
5963 1900 1
6486 5140 1
6486 7183 1
6486 3968 1
6486 5497 1
5636 4576 1
5636 4954 1
5636 2627 1
5636 6716 1
5636 4138 1
5636 2448 1
5636 2106 1
5636 3074 1
5636 1609 1
5636 7358 1
5636 2753 1
5636 5187 1
5636 6990 1
6276 6329 1
6276 2593 1
6276 3463 1
6815 1148 1
7164 2076 1
7164 6127 1
7164 3736 1
7164 3893 1
7164 2330 1
7164 3055 1
7164 5072 1
7164 6054 1
7164 5643 1
7164 3318 1
7164 7152 1
7164 2203 1
7164 2852 1
7164 5487 1
7164 2382 1
7164 626 1
901 6593 1
5250 3552 1
5250 1678 1
5250 5774 1
6613 4972 1
6613 708 1
6613 362 1
6613 6222 1
6613 2822 1
6613 2002 1
251 3080 1
251 161 1
251 2560 1
251 6632 1
251 1640 1
251 836 1
251 4300 1
251 3711 1
251 6184 1
251 7287 1
251 6402 1
1558 4171 1
1558 495 1
1558 6725 1
1558 1920 1
1558 757 1
1558 435 1
1558 2415 1
1558 7217 1
1558 4740 1
1558 5266 1
1558 7307 1
1558 1103 1
1558 2545 1
1558 6976 1
1558 3884 1
1558 3725 1
1558 4450 1
1558 4996 1
1558 4120 1
4052 2961 1
4052 3625 1
4052 2754 1
4052 3451 1
4052 7121 1
4052 476 1
4052 2929 1
4052 1460 1
4052 2113 1
4052 5103 1
4052 5411 1
4052 1565 1
4052 1011 1
4052 5867 1
4052 1510 1
4052 2575 1
4052 2261 1
4052 5560 1
4052 7296 1
4052 3632 1
4052 1937 1
2110 1518 1
2110 6684 1
2110 4144 1
2110 6696 1
2110 56 1
2110 3570 1
2110 2988 1
2110 1594 1
4825 133 1
4825 1831 1
4825 2892 1
1414 6475 1
1414 6830 1
1414 2403 1
1414 5831 1
1414 6499 1
1414 1799 1
1414 2296 1
1414 5037 1
1414 2325 1
1414 1977 1
1414 7198 1
1414 7278 1
1414 3880 1
1414 4643 1
1414 2970 1
3347 1454 1
3347 3734 1
3347 6899 1
3347 2974 1
3347 3541 1
3347 6557 1
3347 2364 1
3347 176 1
3347 5120 1
3347 5626 1
3347 6966 1
3347 3402 1
3347 4210 1
3347 2868 1
3347 2272 1
3347 4109 1
3347 2166 1
3347 2404 1
3347 5897 1
3347 4341 1
3347 1329 1
3347 4918 1
3347 7246 1
3347 1457 1
3347 6230 1
6646 5195 1
6646 3348 1
6646 6984 1
6646 7279 1
6646 5512 1
6646 5312 1
6646 7201 1
6646 7321 1
6646 2077 1
6646 2867 1
6646 3827 1
3693 2355 1
5752 2692 1
5752 4611 1
5752 6891 1
271 1205 1
271 1185 1
271 7326 1
271 5204 1
271 4858 1
78 5291 1
4880 6873 1
4880 1742 1
4880 367 1
4880 3480 1
6381 6038 1
3558 2239 1
3558 4159 1
377 1739 1
377 2914 1
3497 4775 1
3497 7312 1
3497 6082 1
5110 1208 1
5110 583 1
5673 7345 1
5673 22 1
7125 3935 1
2545 73 1
2545 335 1
7058 3441 1
7058 1959 1
7058 2720 1
7058 7361 1
7058 3258 1
7058 5839 1
7058 3109 1
7058 2841 1
7058 5803 1
7058 1423 1
3731 5321 1
3731 7136 1
7240 6178 1
7240 4842 1
7240 4391 1
7240 5420 1
7240 1467 1
7240 758 1
7240 3304 1
7240 2425 1
7240 5740 1
7240 6939 1
7240 32 1
7240 1536 1
7240 4505 1
7240 6271 1
7240 2147 1
1136 3503 1
5531 1638 1
5531 4456 1
4568 5593 1
4568 5822 1
4568 3540 1
4568 3513 1
4568 3856 1
4568 4671 1
4568 3219 1
3823 5374 1
6229 2134 1
6229 2893 1
6229 6833 1
6229 7050 1
6229 1012 1
4755 4857 1
4755 4005 1
4755 5586 1
4755 2244 1
4755 3365 1
4755 4533 1
4755 5394 1
4755 7185 1
4755 4904 1
4755 6072 1
4755 3070 1
4755 6679 1
4283 6397 1
3304 6501 1
3304 1590 1
3304 4398 1
3304 2887 1
447 4169 1
447 4948 1
2019 5155 1
2019 2473 1
2019 4266 1
2019 6851 1
2019 1000 1
2019 4297 1
2019 1522 1
2019 4198 1
2019 4645 1
2019 5605 1
2019 7218 1
2019 4731 1
2019 6602 1
2019 6000 1
6837 903 1
6837 1367 1
6837 2104 1
6837 1224 1
6837 6789 1
6837 1647 1
6837 552 1
6837 2094 1
6837 6688 1
6837 4388 1
6837 643 1
6724 171 1
6724 3230 1
2651 3758 1
2651 4689 1
2866 2654 1
2866 5631 1
2866 1252 1
5898 5633 1
5898 1546 1
5898 5044 1
5898 137 1
5898 230 1
5898 7320 1
5898 5570 1
5898 6558 1
5898 6639 1
5898 2505 1
5898 3970 1
5898 2894 1
5898 3161 1
5898 5202 1
5898 2379 1
5898 5355 1
5898 3850 1
5898 3656 1
5898 1193 1
5997 5663 1
1906 317 1
1906 3046 1
1906 1325 1
1906 7222 1
1906 2515 1
1906 3636 1
1906 2012 1
1906 1088 1
1906 4095 1
1906 3789 1
1906 7210 1
1906 6908 1
1906 1654 1
1906 3708 1
1906 6460 1
1238 1155 1
1238 3501 1
1238 3058 1
1238 5917 1
1238 3524 1
1238 2439 1
1238 236 1
1238 1148 1
1238 6157 1
2223 5834 1
2223 5566 1
2223 2338 1
2223 5528 1
2223 4178 1
2223 3684 1
3589 720 1
3589 6767 1
3589 3299 1
3589 3008 1
911 3707 1
1416 2232 1
1416 3796 1
1416 4046 1
1416 7128 1
1416 809 1
1416 5616 1
1416 4322 1
1631 1535 1
1443 6673 1
1443 1082 1
1443 4097 1
1443 6524 1
4752 6740 1
4752 6849 1
4752 3818 1
4752 2386 1
4752 2540 1
6420 1079 1
6420 5007 1
1437 6075 1
1437 581 1
1437 5219 1
5868 169 1
5868 3978 1
5868 4364 1
5868 3104 1
5868 1960 1
7367 7054 1
7367 1981 1
7367 6580 1
7367 2578 1
7367 1127 1
7367 1939 1
7367 6845 1
7367 6049 1
7367 7007 1
7367 7110 1
1122 2334 1
1122 4389 1
1122 4160 1
1122 770 1
1122 3738 1
2261 5817 1
105 6369 1
105 2905 1
105 2787 1
105 364 1
105 191 1
105 4055 1
105 4509 1
4844 213 1
4844 6074 1
4844 6857 1
4844 4642 1
4844 6350 1
4844 3615 1
4844 3393 1
4844 4216 1
4844 3466 1
4844 1428 1
4844 6672 1
4844 5175 1
4844 5402 1
4844 341 1
4844 1466 1
4044 5372 1
6908 287 1
6908 2585 1
6908 1929 1
6908 2347 1
6908 5536 1
280 4719 1
280 4320 1
280 2839 1
280 7139 1
280 5225 1
3909 713 1
3909 2696 1
3634 997 1
3634 1574 1
3634 1612 1
3634 7248 1
3634 2482 1
278 6989 1
278 5096 1
278 6514 1
278 3854 1
278 84 1
7162 370 1
7162 6163 1
7162 4026 1
6828 2395 1
6828 7115 1
6828 1165 1
6828 1645 1
6828 1553 1
6828 1659 1
6828 2280 1
584 5738 1
584 2935 1
584 3829 1
584 3595 1
6763 6545 1
6763 2733 1
3057 3150 1
6438 5711 1
6438 3166 1
6438 2071 1
6438 4735 1
6438 886 1
6438 3226 1
6438 2977 1
6438 6697 1
6438 3930 1
6438 1572 1
6272 5890 1
6272 636 1
2497 5485 1
4736 4495 1
4736 4407 1
4736 7401 1
4736 6169 1
4736 7363 1
4736 7037 1
4736 792 1
4736 766 1
4736 3731 1
4736 6235 1
4736 3783 1
4736 4022 1
4736 4465 1
4433 4737 1
4433 6507 1
4433 3810 1
4433 7238 1
4433 3095 1
4433 21 1
4433 3600 1
4433 119 1
6162 6572 1
6162 1049 1
6162 4349 1
6162 1042 1
7197 3714 1
6906 1637 1
6906 6801 1
6906 4636 1
6906 4077 1
149 4304 1
149 1934 1
2665 4935 1
2665 4607 1
2665 3695 1
2665 5840 1
2665 1600 1
2665 5132 1
2665 2481 1
2665 6398 1
3404 3092 1
3404 5415 1
3404 4229 1
3404 6134 1
3404 3326 1
5130 5667 1
5130 1333 1
5130 5881 1
5130 4894 1
5821 1926 1
17 1806 1
3349 4413 1
3349 3130 1
3349 1761 1
3349 4823 1
3349 3612 1
3349 3940 1
3349 5872 1
3349 1414 1
3349 7213 1
3349 3057 1
3349 3488 1
3349 4661 1
3349 2697 1
3349 6708 1
3349 2339 1
3349 621 1
3349 6940 1
2026 268 1
1916 4425 1
1916 6207 1
1916 3071 1
1916 3089 1
1916 3629 1
902 3877 1
902 685 1
902 7143 1
902 4263 1
902 3617 1
902 192 1
902 2944 1
309 3007 1
309 5123 1
309 218 1
309 2704 1
1595 2990 1
1595 1468 1
1595 3676 1
1595 2276 1
1595 2107 1
2547 5623 1
2547 7035 1
2430 4338 1
2430 1417 1
2430 1363 1
4267 7126 1
4267 5706 1
4267 3371 1
4267 4577 1
4267 1255 1
4267 470 1
4267 2601 1
4267 1288 1
4267 4435 1
4267 1124 1
4267 3899 1
4267 2233 1
4267 5234 1
3883 589 1
7038 228 1
7038 4990 1
7038 4343 1
7038 835 1
7038 866 1
7038 1231 1
7038 4332 1
7038 1034 1
7038 6742 1
7038 6377 1
7038 1217 1
7038 440 1
7038 3171 1
7038 1377 1
7038 5386 1
2405 3574 1
7349 4490 1
7349 784 1
7349 4027 1
1629 3521 1
1629 5362 1
1629 5514 1
1629 6813 1
1629 5416 1
1629 4417 1
1629 5677 1
5067 1715 1
5067 2397 1
5067 4273 1
5067 6676 1
5067 743 1
5067 4787 1
5067 1330 1
5067 3324 1
3724 3952 1
3724 4043 1
3724 6447 1
6526 263 1
3942 4595 1
3942 803 1
3942 5064 1
3942 6463 1
3942 1081 1
3942 2024 1
3942 3053 1
6596 3886 1
6596 3363 1
1634 697 1
1634 5887 1
417 1355 1
417 416 1
417 1065 1
417 1785 1
417 3969 1
417 4789 1
417 2879 1
4763 4734 1
5491 1187 1
5660 4056 1
5660 2327 1
631 3955 1
631 1483 1
631 1520 1
631 5825 1
2197 4183 1
2197 6459 1
2197 5332 1
2197 7336 1
2197 1889 1
2197 655 1
2197 3666 1
2197 6448 1
413 4781 1
413 4222 1
3619 3032 1
3619 6215 1
3619 29 1
220 1919 1
220 1335 1
220 6920 1
220 3190 1
220 987 1
4191 1591 1
4191 2913 1
4191 5873 1
4191 3515 1
4191 6150 1
4191 2833 1
404 2215 1
4805 5082 1
4805 5674 1
4805 1144 1
4805 4926 1
4805 1121 1
5710 681 1
5572 861 1
5572 570 1
5572 1171 1
5572 3094 1
5572 3310 1
1646 4405 1
1646 1290 1
1062 3657 1
1062 4469 1
1062 3785 1
1062 4379 1
1062 439 1
1062 1674 1
1062 843 1
124 1254 1
124 7372 1
124 3865 1
124 3377 1
124 3285 1
124 7059 1
124 1441 1
124 2617 1
124 1379 1
6877 3050 1
6877 2175 1
6877 3756 1
6877 5089 1
3250 1291 1
3326 4489 1
3326 6437 1
6969 5492 1
3461 6700 1
3461 4316 1
3461 4570 1
3461 5303 1
2114 932 1
623 6549 1
623 2360 1
623 3751 1
623 4482 1
623 5387 1
623 342 1
623 1043 1
623 2999 1
623 3023 1
2673 6991 1
2673 290 1
2673 1399 1
4084 4559 1
4084 6814 1
4084 6449 1
4084 551 1
4084 1772 1
4084 448 1
4084 2764 1
4084 6818 1
4084 217 1
1154 4403 1
1154 996 1
1154 7137 1
1154 7047 1
1154 7014 1
1154 6804 1
2985 5532 1
2985 6977 1
2985 6020 1
2985 6563 1
2985 1724 1
2985 5434 1
6614 4540 1
6614 145 1
6614 5111 1
6614 3894 1
6614 3403 1
6614 6225 1
5414 3020 1
4715 3261 1
4715 780 1
4715 256 1
4564 391 1
7148 3834 1
7148 2086 1
7148 2070 1
7148 1692 1
5150 4310 1
5150 3495 1
5150 3565 1
5150 2779 1
5150 4389 1
5150 3586 1
5150 7153 1
5150 516 1
5150 2583 1
5150 2536 1
5150 2179 1
5150 120 1
3529 7158 1
3529 4259 1
3529 6359 1
3529 2202 1
6793 2784 1
6793 1046 1
3141 3526 1
4378 2362 1
4378 1482 1
4378 584 1
4378 5869 1
4378 355 1
4378 2474 1
4378 2609 1
6907 3369 1
5707 5735 1
5707 839 1
5707 1618 1
5707 4997 1
5707 5488 1
5707 1265 1
5707 2734 1
5707 2844 1
5707 4644 1
6167 5025 1
6167 4242 1
6167 1832 1
6167 1775 1
6167 5110 1
6167 4760 1
6167 3691 1
6167 4891 1
6167 5146 1
6167 5053 1
833 4536 1
833 3677 1
833 6797 1
833 3279 1
833 877 1
833 744 1
833 1733 1
833 5681 1
833 4100 1
833 3358 1
833 604 1
833 419 1
833 1487 1
833 7044 1
833 3624 1
833 3098 1
833 619 1
833 2026 1
833 508 1
833 1969 1
833 4939 1
833 6473 1
553 5136 1
2862 2220 1
2862 1373 1
2862 4790 1
2862 7257 1
2862 2291 1
2862 5087 1
2862 1754 1
2862 444 1
2862 1719 1
2862 3410 1
2862 5795 1
2862 5721 1
2862 6461 1
2862 4964 1
2862 759 1
2862 4271 1
2862 6631 1
2862 3021 1
2862 3997 1
2862 7068 1
1756 6577 1
1756 632 1
1756 1880 1
1756 7348 1
1756 995 1
1756 1001 1
2777 1517 1
2777 6237 1
7186 1524 1
7186 5860 1
7186 3298 1
7186 6109 1
7186 5621 1
7186 4523 1
7186 5483 1
7186 5736 1
7186 2399 1
7296 5562 1
5327 139 1
5327 7160 1
5327 6338 1
4609 4951 1
4609 1933 1
4633 7270 1
5522 7306 1
7161 4514 1
7161 265 1
7161 6730 1
7161 6085 1
7161 4223 1
7161 3709 1
7161 3667 1
7161 1382 1
7161 6955 1
7161 1060 1
7161 2196 1
319 3387 1
4861 4603 1
4861 5445 1
4861 3292 1
6398 5589 1
6398 6656 1
6319 2940 1
6319 2432 1
1225 3611 1
1225 2083 1
1120 4769 1
1239 4436 1
1239 7176 1
1239 4911 1
1239 5530 1
1239 7371 1
1239 4590 1
2858 1708 1
2858 6658 1
2858 1244 1
2858 4864 1
352 2792 1
352 1036 1
352 6875 1
352 2119 1
352 4722 1
352 288 1
352 3335 1
352 2248 1
352 2736 1
352 4899 1
352 6073 1
352 6198 1
352 4921 1
352 5442 1
352 3442 1
270 4380 1
7323 2767 1
7323 959 1
7323 5241 1
7323 378 1
7323 2117 1
7323 5695 1
7323 7171 1
7323 5841 1
7323 7314 1
7323 3652 1
7323 6361 1
7323 2351 1
7323 1431 1
7323 5990 1
7323 6880 1
7202 5833 1
4055 2982 1
4055 6193 1
4055 3536 1
4055 6853 1
4055 4802 1
4055 2453 1
4055 6381 1
4055 273 1
4055 421 1
4055 6327 1
2553 2567 1
2553 6154 1
2553 1041 1
2553 2520 1
5354 4314 1
5354 6217 1
5354 1972 1
5354 6586 1
5354 2562 1
5354 2619 1
5354 1051 1
5354 1848 1
5354 4518 1
5354 3328 1
5354 2402 1
5354 4952 1
5354 6552 1
5354 6584 1
5354 3509 1
5354 3490 1
5354 6523 1
5354 7076 1
5354 5813 1
5354 7284 1
5354 58 1
5354 3396 1
5354 4604 1
5354 4359 1
5354 2027 1
5354 6390 1
5354 2551 1
5354 6351 1
5354 5893 1
5354 4099 1
5354 5619 1
5354 2314 1
5354 4646 1
5354 7141 1
5354 2947 1
5354 7374 1
854 4836 1
5826 5930 1
5826 379 1
5826 6094 1
5826 4262 1
5826 5417 1
5826 2557 1
5826 3985 1
5826 728 1
1429 742 1
1429 2080 1
1129 3259 1
360 6945 1
360 1901 1
360 1055 1
360 2410 1
360 168 1
360 5888 1
360 5279 1
360 3722 1
360 781 1
360 298 1
1098 1720 1
1098 6714 1
1098 1391 1
1098 6029 1
1098 4818 1
1098 6231 1
1098 670 1
1173 3839 1
1173 627 1
1173 1489 1
2557 464 1
1271 3905 1
1271 6994 1
1271 320 1
1271 3587 1
1271 1236 1
1271 4180 1
1271 4076 1
1271 5482 1
1271 1545 1
7353 5176 1
7353 383 1
7353 7328 1
7353 113 1
7353 5999 1
7353 5982 1
7353 2139 1
7353 4627 1
7353 2529 1
7353 3687 1
7353 4680 1
7353 107 1
7353 6297 1
7353 5046 1
7353 2726 1
7353 3840 1
7353 1749 1
7353 4269 1
7353 822 1
7353 6906 1
7353 631 1
7353 5309 1
7353 4725 1
7353 4887 1
7353 5183 1
5533 3853 1
5533 738 1
5533 3063 1
6539 3693 1
6539 3601 1
5733 4400 1
5733 2535 1
5733 2056 1
5733 730 1
5733 4190 1
5733 5421 1
5733 6301 1
4779 1912 1
4779 1496 1
4779 5609 1
4779 4117 1
4779 2313 1
4779 77 1
4779 6979 1
4497 4255 1
4497 5985 1
4497 4835 1
4497 5770 1
4497 4929 1
4497 5014 1
1935 2268 1
1935 2277 1
1935 3305 1
2799 5471 1
7080 2118 1
6517 2388 1
6517 6064 1
6517 797 1
6517 3699 1
6517 6282 1
6517 874 1
6517 2436 1
6517 3105 1
6517 5455 1
6517 2886 1
6517 1636 1
6517 6243 1
6517 1225 1
6517 2530 1
6517 3449 1
6517 4423 1
6517 4531 1
2522 5290 1
2522 5267 1
2522 3018 1
2522 768 1
2522 2604 1
2522 940 1
2522 4908 1
2522 1177 1
2522 1718 1
2522 1923 1
2522 5974 1
2522 1621 1
2522 1705 1
2746 5988 1
2746 2669 1
2746 1003 1
2746 5913 1
2746 6717 1
4474 5856 1
4474 2361 1
4798 985 1
4798 702 1
4798 2888 1
2592 962 1
2592 6466 1
2592 6637 1
2592 2306 1
2592 4822 1
3975 687 1
3975 4279 1
3975 514 1
3975 718 1
3975 1283 1
3975 4440 1
3975 767 1
3975 2431 1
3975 5105 1
3975 3187 1
3975 1815 1
3975 2199 1
3975 3388 1
3975 5080 1
3975 2214 1
3975 4678 1
3975 306 1
3975 4360 1
3975 5159 1
3975 2241 1
3975 5939 1
3975 479 1
3975 5263 1
3975 547 1
3148 6666 1
3148 4723 1
4979 7237 1
4979 1681 1
4979 2286 1
4979 939 1
4979 4807 1
4979 2137 1
4979 5520 1
4979 4457 1
4979 4507 1
4979 2230 1
4979 4166 1
4979 3182 1
4979 4168 1
3464 980 1
3464 6408 1
3464 4016 1
3464 4679 1
3464 6304 1
3464 4098 1
3464 4618 1
3464 1117 1
3464 3436 1
3464 1069 1
120 3583 1
120 5114 1
120 4567 1
120 5580 1
3782 5505 1
3782 3602 1
3782 97 1
3782 4410 1
3782 751 1
3782 5624 1
3782 1304 1
3782 2904 1
3782 3051 1
3782 598 1
4661 409 1
4661 986 1
2686 885 1
2686 4852 1
2686 2847 1
2686 3639 1
5287 5764 1
7324 1401 1
7324 6077 1
7324 3081 1
2828 2688 1
2828 3220 1
2828 1523 1
3297 7404 1
3297 4830 1
4036 2516 1
6030 400 1
4509 5804 1
4509 2804 1
4509 4749 1
4509 3928 1
5474 548 1
5474 7046 1
5474 6087 1
4451 6555 1
4451 5629 1
4451 5293 1
4451 2014 1
7099 5923 1
4516 4494 1
4516 4307 1
4516 1360 1
4516 6671 1
4516 7043 1
4516 158 1
4516 5517 1
1462 5113 1
1462 5222 1
1462 3119 1
1462 5996 1
1462 5518 1
1462 1424 1
1462 2534 1
2191 5998 1
2191 4155 1
2191 3603 1
1342 2775 1
1342 1038 1
1342 6372 1
1342 3468 1
1342 6863 1
1342 5640 1
1342 4785 1
1342 4452 1
5050 3407 1
3620 5912 1
3620 4237 1
3620 4668 1
3620 5614 1
3620 7316 1
6448 3109 1
6859 5401 1
3505 2928 1
3505 2256 1
3505 5097 1
3505 3623 1
3505 5908 1
3505 6499 1
3505 6500 1
3505 3614 1
3505 2783 1
3505 332 1
3505 59 1
3505 957 1
3505 5081 1
3505 6879 1
3505 3332 1
3505 4101 1
3505 3964 1
3505 3355 1
3505 7166 1
3505 6967 1
3505 2185 1
2585 5273 1
2872 4988 1
2872 5647 1
2872 4771 1
2872 5672 1
2872 1277 1
2872 891 1
2872 5231 1
6204 6165 1
1188 5021 1
1141 5691 1
1141 5582 1
1141 5358 1
1141 7184 1
1141 2384 1
1141 1584 1
1141 6985 1
1141 4062 1
6025 5349 1
6025 4102 1
6025 2577 1
6025 6442 1
6025 5713 1
6025 5964 1
6025 1660 1
6025 5186 1
6025 545 1
6025 3900 1
6025 3804 1
6025 3044 1
6025 6208 1
6025 805 1
6025 712 1
6025 2019 1
6025 4741 1
6025 6167 1
6025 5903 1
6025 4945 1
6025 125 1
6025 5264 1
6025 2897 1
6061 3528 1
6061 5388 1
6061 5345 1
5926 1314 1
6326 1967 1
164 30 1
164 4532 1
164 5546 1
164 1463 1
555 6590 1
555 422 1
555 3508 1
555 2126 1
3103 2989 1
5240 5452 1
5246 4804 1
5246 4877 1
5246 4090 1
1163 374 1
1163 5761 1
1163 5922 1
1163 955 1
1163 6904 1
1163 4561 1
1163 4640 1
1163 7385 1
115 1695 1
115 808 1
115 6728 1
115 3203 1
115 3137 1
115 4106 1
115 772 1
115 3079 1
115 1820 1
115 1922 1
115 7288 1
115 2819 1
115 5054 1
115 3303 1
115 6042 1
115 211 1
115 4377 1
115 6539 1
115 2592 1
115 647 1
115 7245 1
115 6660 1
115 1966 1
403 5967 1
5242 2910 1
5242 605 1
5242 5581 1
5242 5498 1
5242 3469 1
7049 1630 1
7049 6478 1
6055 5451 1
6055 1834 1
6055 1215 1
6055 6334 1
647 1918 1
647 3640 1
647 4739 1
647 2366 1
647 3275 1
647 5456 1
647 6824 1
647 69 1
647 7100 1
647 365 1
647 6839 1
647 7164 1
647 7012 1
647 2969 1
647 6732 1
647 3151 1
6498 788 1
1456 3749 1
1456 180 1
1456 4833 1
1456 3835 1
4749 3585 1
4749 649 1
7093 2461 1
7093 5876 1
7093 6882 1
7093 4131 1
2475 316 1
2475 4334 1
2475 452 1
1461 2305 1
1461 2667 1
1461 3832 1
1461 6386 1
1461 5254 1
1461 4209 1
1461 1726 1
1461 4892 1
1233 802 1
5544 678 1
5936 6574 1
5436 6794 1
6708 3327 1
6708 415 1
3467 459 1
3467 4515 1
2054 1925 1
2054 6151 1
2054 3126 1
2054 4037 1
2054 2420 1
2054 1169 1
2054 1313 1
6588 1248 1
6588 6484 1
6588 7206 1
6588 1158 1
6588 3457 1
6588 3820 1
6588 5969 1
6588 1993 1
6588 4486 1
6588 1100 1
6588 1667 1
6588 3434 1
6588 1126 1
6588 6911 1
6588 3688 1
6588 4285 1
6588 19 1
6588 1058 1
6588 1245 1
6588 6570 1
6588 6909 1
6588 2526 1
6588 3325 1
6588 5439 1
6588 7182 1
6588 2372 1
6588 731 1
6588 2705 1
6588 5383 1
6588 3099 1
6588 4265 1
6588 358 1
6588 2986 1
6588 172 1
1110 1389 1
1110 5024 1
6495 3362 1
6495 296 1
6495 3842 1
6495 3138 1
6495 1296 1
6495 1083 1
6495 2200 1
6495 6643 1
6495 4142 1
6495 5637 1
6495 6013 1
6495 3923 1
6495 3127 1
6495 1587 1
6495 5214 1
3412 3465 1
3412 4846 1
3412 4620 1
3412 1253 1
3412 2427 1
3412 3878 1
3412 5806 1
3412 5612 1
4051 6416 1
4051 3345 1
4051 6889 1
4051 1651 1
4051 6366 1
4051 5121 1
4051 5029 1
4051 2856 1
4051 4844 1
4051 4253 1
5530 5011 1
190 6388 1
190 3376 1
190 535 1
190 4597 1
190 5547 1
190 2815 1
190 6218 1
190 1094 1
190 620 1
190 4163 1
4513 7039 1
1976 560 1
1976 4777 1
5059 127 1
5059 4213 1
5059 1531 1
5059 6477 1
3391 3668 1
3391 578 1
3391 4796 1
3391 7117 1
3391 4937 1
3391 1601 1
3391 119 1
5678 2842 1
6339 257 1
6339 3956 1
6339 5363 1
6339 872 1
6339 5615 1
6339 6456 1
6339 6139 1
6339 7149 1
6339 4800 1
6339 4139 1
6339 1648 1
6339 6403 1
6339 1813 1
6339 3902 1
6339 6633 1
6339 2124 1
6339 6214 1
6339 6250 1
6339 5099 1
6339 3467 1
6339 2295 1
3473 2638 1
3473 952 1
5304 4250 1
2586 4635 1
2586 732 1
2586 7322 1
2586 7138 1
2586 4035 1
2586 1250 1
2586 693 1
2586 2520 1
2586 796 1
2586 4512 1
2586 878 1
2586 5257 1
2586 1542 1
2586 2853 1
2586 2538 1
6660 3781 1
415 1713 1
415 66 1
415 6623 1
415 3065 1
415 6625 1
415 5725 1
415 5277 1
415 5743 1
415 2226 1
415 989 1
415 3745 1
415 6425 1
415 5138 1
2143 2444 1
2143 6040 1
2143 407 1
3337 5460 1
1861 5073 1
1861 1753 1
2339 6311 1
2339 3909 1
2339 5059 1
6732 6917 1
7166 2445 1
7166 6348 1
7166 539 1
7166 4180 1
7166 1149 1
7166 754 1
7166 7219 1
3476 7392 1
3476 6710 1
5693 694 1
5693 2324 1
5693 2778 1
5693 4631 1
5693 6367 1
5693 3169 1
5693 4946 1
5693 3916 1
5693 6640 1
5693 3628 1
5693 6247 1
5693 3876 1
5693 4330 1
5693 2672 1
3225 104 1
6249 4014 1
6249 3385 1
3180 4553 1
3180 2358 1
3180 4895 1
3180 6259 1
3180 478 1
3180 208 1
3180 6406 1
3180 5165 1
3472 688 1
3472 3863 1
3472 5777 1
3472 6116 1
3472 7252 1
3472 4794 1
3472 6391 1
4970 83 1
4970 4156 1
969 2255 1
969 6166 1
969 442 1
969 4963 1
969 4176 1
969 6002 1
969 3135 1
969 67 1
4132 3293 1
4132 7205 1
4132 3311 1
4132 4075 1
4132 5956 1
4132 2418 1
4132 6705 1
4132 2845 1
4132 483 1
4132 6186 1
134 1190 1
95 6468 1
95 5864 1
95 5748 1
95 3319 1
95 5595 1
95 5238 1
95 587 1
95 5115 1
2820 1983 1
2820 650 1
2820 4593 1
7259 607 1
7259 1555 1
7259 3812 1
7259 491 1
7259 2032 1
7259 1424 1
4079 2218 1
4079 1469 1
4079 3423 1
4079 4137 1
4079 6753 1
4079 3809 1
4079 2590 1
4079 5378 1
1655 5158 1
1655 6927 1
1655 6033 1
1655 6787 1
1655 4286 1
1655 4882 1
1655 5271 1
1655 5603 1
1655 848 1
1655 4575 1
1655 4000 1
1807 6345 1
5802 4275 1
5802 1610 1
212 4709 1
5159 7260 1
4806 1762 1
4806 4934 1
4806 2099 1
6936 521 1
6936 5597 1
6936 2539 1
6936 5703 1
6936 3787 1
6936 4445 1
6936 7024 1
3019 4007 1
3550 406 1
5857 6654 1
5857 5479 1
5857 6551 1
5857 2709 1
5857 1963 1
5857 4170 1
5857 4203 1
5094 5510 1
5094 1543 1
5094 6244 1
5094 3522 1
5094 351 1
5094 3555 1
5094 6926 1
5094 5522 1
5094 3825 1
5094 3473 1
5094 3985 1
7405 5463 1
2785 5934 1
2785 6982 1
2785 1506 1
2785 1747 1
2785 7151 1
2785 6973 1
2785 5652 1
2785 6559 1
2785 41 1
7286 1282 1
7286 749 1
7286 4374 1
7286 5368 1
7286 1005 1
7286 6308 1
7286 6724 1
7286 5898 1
7286 3786 1
6280 6476 1
4888 904 1
4888 1048 1
4888 4811 1
4888 2437 1
4888 5227 1
4888 2309 1
7251 3679 1
7251 4011 1
7251 5281 1
7251 6277 1
7251 4462 1
1583 4325 1
1583 6638 1
5352 3539 1
5352 3168 1
5352 299 1
5352 5430 1
43 7230 1
43 6735 1
43 4601 1
6016 3843 1
6016 5294 1
6016 3439 1
6016 6396 1
6016 1242 1
6016 5676 1
6016 5315 1
6016 3188 1
4920 5900 1
4920 1596 1
4920 6778 1
4920 1777 1
4920 3542 1
4920 3627 1
1347 392 1
1347 2889 1
466 4901 1
4278 3746 1
4909 5018 1
4909 3004 1
4909 1898 1
4909 7347 1
4909 6841 1
4909 919 1
5275 6011 1
3255 4648 1
5602 1310 1
5602 1994 1
5602 2759 1
5602 661 1
5602 6063 1
5602 1228 1
5602 5782 1
5602 5369 1
5602 1444 1
6901 4186 1
6124 7092 1
6124 1845 1
6124 3752 1
6124 2108 1
3333 3306 1
3333 530 1
3333 6283 1
3333 7157 1
5604 4368 1
7247 813 1
7247 5184 1
7247 5249 1
7247 201 1
7247 668 1
7247 1302 1
5656 3922 1
5656 4477 1
6953 3906 1
6953 6641 1
6953 5773 1
488 5489 1
2382 1891 1
1938 3340 1
1938 2727 1
4032 3375 1
5269 97 1
5269 456 1
5269 1358 1
5269 945 1
5269 1304 1
5269 4766 1
5269 6191 1
5269 146 1
5269 2956 1
2101 934 1
1529 3776 1
1529 976 1
1529 1194 1
1529 397 1
1529 507 1
1529 6929 1
341 5024 1
341 4547 1
5944 1894 1
1937 1787 1
5541 2084 1
5541 1474 1
5541 3556 1
5541 935 1
5541 1184 1
5541 6726 1
5541 1881 1
5541 3233 1
5541 819 1
5541 4187 1
5541 3910 1
5541 4276 1
5541 4292 1
5541 450 1
79 1809 1
79 2491 1
79 4038 1
79 1301 1
79 4994 1
5459 327 1
5459 4525 1
5459 6651 1
6940 2511 1
6940 6775 1
6940 7104 1
6940 5919 1
6940 3052 1
3218 496 1
3218 7109 1
3218 1507 1
995 1822 1
3553 6170 1
3553 4088 1
3553 5423 1
5301 361 1
5301 6529 1
5301 3551 1
5301 6418 1
5301 7033 1
5301 1943 1
5301 6212 1
4505 6273 1
4505 2964 1
4505 2311 1
4505 671 1
4505 1643 1
4505 5576 1
4505 3455 1
4505 5654 1
4505 5754 1
4505 4670 1
4505 2552 1
4505 183 1
4505 1120 1
4505 6860 1
4505 1181 1
4254 2865 1
4254 2713 1
1477 2973 1
1477 2145 1
1477 5484 1
1477 1607 1
1477 1418 1
1477 7174 1
1477 6713 1
1477 356 1
1477 3694 1
1477 3653 1
1477 5361 1
1477 1416 1
1477 633 1
1477 4750 1
1477 1973 1
1477 7202 1
1477 4820 1
1477 4483 1
1477 5544 1
1477 5778 1
1477 6953 1
1477 1172 1
1477 1009 1
1477 3662 1
6645 1858 1
6645 5016 1
6645 5055 1
6645 2642 1
6645 3210 1
6645 6265 1
6645 5976 1
6645 2337 1
6645 4018 1
6645 4381 1
6645 5886 1
6645 4012 1
6645 6706 1
6645 209 1
6645 6387 1
6645 5432 1
5183 3073 1
5183 1849 1
5183 1986 1
5183 3575 1
5183 1478 1
5183 1142 1
5183 6368 1
5183 6332 1
5183 2678 1
5183 637 1
5183 4475 1
5972 5662 1
5972 6014 1
5972 3366 1
5972 1603 1
5972 1016 1
5972 737 1
5972 4346 1
5972 7196 1
336 1801 1
6271 262 1
6281 5444 1
6281 2659 1
6281 3201 1
6281 4411 1
6281 6342 1
2680 434 1
2680 1841 1
2680 4503 1
2680 3453 1
2680 1229 1
2680 420 1
2680 3769 1
2680 5749 1
3454 3122 1
3454 1451 1
3454 4367 1
3454 3422 1
4996 757 1
4996 1260 1
6344 1843 1
6344 5465 1
6344 3523 1
6344 7373 1
6344 5226 1
6344 1133 1
6344 2189 1
6344 6037 1
4531 948 1
4531 797 1
4531 6704 1
6318 3162 1
6318 3953 1
3249 1613 1
4001 624 1
4001 3067 1
3090 4761 1
3090 12 1
3090 7308 1
4864 1547 1
5726 3398 1
5726 4092 1
5726 6902 1
5726 2693 1
1957 1021 1
7241 2874 1
7241 5720 1
7241 2611 1
7241 308 1
7241 1402 1
4706 6419 1
4706 481 1
927 4692 1
927 114 1
927 1180 1
927 938 1
927 6950 1
927 3475 1
927 3562 1
927 7194 1
927 3100 1
927 1985 1
927 3269 1
927 4020 1
927 1125 1
927 1206 1
927 6903 1
927 6692 1
927 3059 1
927 47 1
927 5653 1
927 5419 1
927 6744 1
927 2129 1
927 2383 1
927 3128 1
927 6842 1
927 1794 1
927 2668 1
927 533 1
950 7388 1
2835 774 1
2835 3989 1
2835 6907 1
2835 5448 1
2835 2980 1
5399 101 1
5399 5393 1
5276 6871 1
5276 2610 1
5276 5551 1
5276 7190 1
5276 3300 1
5276 6335 1
5276 6491 1
5276 1380 1
5276 3003 1
5276 5611 1
5276 4152 1
1113 6205 1
1113 5963 1
1113 465 1
4828 6487 1
6891 1904 1
6891 3110 1
6426 709 1
6426 3010 1
6473 672 1
7096 5412 1
6655 7294 1
6655 3576 1
4643 2729 1
4643 1488 1
4643 5692 1
4643 4682 1
4643 5694 1
2440 3561 1
2440 471 1
2440 4542 1
2440 1954 1
2440 5651 1
2440 280 1
2440 1223 1
2440 520 1
2440 5697 1
2440 611 1
2440 488 1
2440 5004 1
40 2098 1
40 4694 1
40 227 1
1007 3202 1
4116 359 1
1608 6206 1
1608 1614 1
7124 3484 1
3378 1945 1
6941 2219 1
6941 3920 1
6941 131 1
6941 5069 1
6941 2007 1
6941 7082 1
6519 4973 1
6519 2044 1
6519 4228 1
6519 6937 1
6519 6952 1
6519 2824 1
6519 7094 1
6519 6743 1
6519 646 1
6519 1341 1
6519 1559 1
6519 3341 1
6519 2828 1
6519 28 1
6519 1686 1
6519 7304 1
6519 2620 1
4593 4353 1
3638 7061 1
3638 2589 1
7070 3085 1
125 5830 1
2818 5565 1
1057 3281 1
3577 5599 1
3577 10 1
3577 2005 1
3577 5523 1
3577 6513 1
3577 6795 1
3577 5991 1
3577 6741 1
3577 2460 1
2332 1988 1
2332 2455 1
2332 1272 1
2332 401 1
2332 185 1
2332 992 1
2332 412 1
2332 3698 1
2332 4370 1
2332 3960 1
2332 424 1
2332 4524 1
2332 50 1
2332 3414 1
5264 799 1
5264 1869 1
5264 5556 1
5264 4848 1
5264 5160 1
5264 6431 1
5264 2156 1
5264 4866 1
6232 1550 1
6232 1917 1
6232 6821 1
6232 1138 1
6232 2855 1
6232 638 1
6232 6158 1
6232 4040 1
6232 2297 1
6232 1693 1
6232 454 1
6232 1017 1
6232 6535 1
6232 6059 1
6232 6121 1
6232 4616 1
5433 499 1
5433 3993 1
5433 3430 1
5433 109 1
5433 2898 1
5433 3134 1
5433 2281 1
5433 462 1
5433 6324 1
5433 255 1
5433 3086 1
5433 295 1
3151 1492 1
2732 6914 1
2732 6546 1
3338 13 1
3338 5375 1
3338 3482 1
3338 5504 1
3338 7331 1
3338 7156 1
3338 5443 1
3338 1409 1
3338 3881 1
3338 1232 1
3338 3295 1
3338 3132 1
3338 1865 1
3338 1500 1
3338 2380 1
3338 1814 1
3338 2544 1
3338 949 1
3338 4922 1
3338 6147 1
3338 7378 1
3338 6783 1
5536 1774 1
1446 3350 1
1446 4872 1
1446 6731 1
3672 6143 1
3672 2670 1
3672 800 1
3672 3685 1
3998 5729 1
3286 5637 1
728 216 1
6525 695 1
6525 852 1
5650 953 1
5650 6774 1
328 2178 1
328 4999 1
4548 1927 1
908 6573 1
4664 6033 1
4664 2763 1
4664 5033 1
4664 5772 1
4664 6044 1
5501 6485 1
5501 4832 1
5501 310 1
3383 2683 1
3383 4594 1
3383 2666 1
3383 1734 1
3383 2774 1
3383 1453 1
3383 557 1
3383 3301 1
3383 4639 1
3383 1153 1
2830 6566 1
5730 4365 1
5730 2817 1
5730 2216 1
5730 1062 1
5730 4633 1
5730 7413 1
5730 4245 1
5730 3674 1
2518 2933 1
5346 6110 1
5346 1385 1
5346 3038 1
5346 6721 1
5346 3879 1
5346 4118 1
5346 6352 1
5346 5940 1
2303 162 1
2303 2153 1
2303 7042 1
2303 1050 1
2303 5531 1
2303 4191 1
2303 2634 1
6048 6071 1
6048 2449 1
6048 2047 1
6048 6667 1
6048 3768 1
1688 418 1
1688 7175 1
1688 7015 1
1688 369 1
1688 2387 1
1688 5931 1
4476 1427 1
4476 5613 1
4476 4529 1
4476 6663 1
1276 7023 1
533 2829 1
3568 5955 1
3568 122 1
3568 7127 1
3568 3626 1
3568 4582 1
4164 3487 1
4164 1745 1
4164 6294 1
4164 6825 1
4164 1675 1
4164 3806 1
4164 1786 1
4164 1006 1
4164 1439 1
4164 724 1
4164 3498 1
4695 4382 1
1798 698 1
1798 873 1
1798 4466 1
1798 4923 1
2506 3801 1
2506 5632 1
2506 5741 1
2506 951 1
2506 2454 1
2506 3728 1
2506 5480 1
2506 5344 1
2506 6776 1
2506 3438 1
1178 7375 1
1178 762 1
1178 4309 1
1178 4427 1
1178 1091 1
1178 6975 1
1178 4345 1
1178 5511 1
1178 96 1
1178 3352 1
1178 106 1
1178 3428 1
1178 334 1
1178 3672 1
2897 2042 1
2897 925 1
2897 2159 1
2897 4984 1
2897 1390 1
2897 6464 1
2897 4208 1
2897 5997 1
2897 965 1
2897 5663 1
6290 7125 1
6290 2630 1
6290 4233 1
4662 2524 1
4662 5076 1
4662 6896 1
4662 5006 1
4662 914 1
6620 6302 1
6620 2925 1
5971 568 1
5971 1106 1
5971 3885 1
5971 5453 1
5971 1303 1
1871 1292 1
1871 6629 1
679 6278 1
6589 4478 1
6589 2252 1
3718 5302 1
3718 2282 1
3718 1737 1
3718 2406 1
