206 228 1
206 712 1
724 809 1
724 808 1
724 160 1
416 660 1
623 142 1
623 20 1
152 121 1
152 282 1
152 829 1
152 852 1
721 696 1
721 442 1
721 254 1
721 759 1
721 663 1
721 294 1
721 835 1
721 473 1
721 451 1
571 470 1
83 560 1
83 700 1
83 654 1
83 702 1
622 38 1
622 105 1
767 577 1
767 47 1
767 102 1
40 371 1
40 459 1
104 667 1
104 817 1
104 764 1
104 827 1
104 364 1
4 909 1
4 54 1
4 725 1
4 437 1
4 614 1
4 548 1
4 519 1
4 135 1
226 178 1
127 612 1
127 324 1
585 274 1
585 825 1
585 176 1
39 223 1
39 14 1
39 802 1
39 116 1
39 35 1
39 750 1
39 18 1
872 320 1
5 216 1
243 867 1
243 400 1
243 370 1
243 195 1
243 110 1
184 196 1
184 143 1
184 599 1
184 726 1
184 562 1
184 328 1
184 596 1
184 19 1
184 388 1
184 531 1
632 733 1
632 680 1
632 699 1
632 718 1
632 503 1
632 583 1
632 618 1
632 320 1
632 603 1
632 44 1
632 799 1
632 242 1
189 349 1
189 426 1
189 653 1
138 315 1
138 205 1
138 193 1
138 447 1
138 7 1
138 398 1
296 523 1
296 674 1
296 487 1
296 343 1
296 340 1
296 763 1
163 556 1
122 631 1
747 719 1
747 98 1
747 365 1
747 617 1
346 389 1
346 868 1
346 169 1
346 325 1
465 685 1
465 843 1
136 71 1
227 203 1
227 209 1
227 479 1
227 51 1
227 72 1
227 567 1
314 280 1
314 588 1
36 647 1
899 197 1
401 297 1
183 480 1
719 787 1
719 711 1
422 723 1
422 428 1
901 639 1
901 502 1
901 59 1
901 886 1
901 319 1
506 560 1
506 291 1
506 824 1
506 74 1
506 429 1
506 377 1
506 113 1
506 198 1
506 101 1
506 800 1
350 860 1
350 771 1
350 894 1
350 9 1
350 807 1
350 31 1
819 80 1
819 896 1
558 87 1
309 526 1
309 563 1
309 359 1
212 640 1
461 236 1
461 222 1
504 743 1
504 237 1
504 544 1
504 636 1
504 608 1
824 145 1
824 244 1
857 557 1
857 581 1
857 549 1
250 749 1
250 450 1
250 94 1
250 3 1
859 22 1
125 837 1
125 407 1
125 898 1
125 740 1
125 907 1
125 538 1
502 90 1
502 84 1
502 173 1
502 601 1
502 484 1
502 329 1
502 877 1
502 476 1
502 316 1
502 481 1
502 245 1
502 73 1
703 15 1
790 650 1
782 609 1
782 423 1
54 911 1
54 633 1
54 774 1
54 792 1
54 455 1
678 845 1
373 63 1
373 161 1
373 431 1
373 277 1
373 778 1
373 784 1
373 190 1
373 95 1
373 128 1
357 564 1
357 730 1
654 780 1
238 655 1
238 182 1
238 61 1
215 118 1
215 887 1
215 833 1
215 378 1
215 144 1
215 607 1
215 78 1
592 253 1
897 199 1
897 402 1
897 288 1
897 413 1
897 207 1
897 88 1
897 565 1
897 374 1
897 494 1
814 762 1
814 2 1
814 167 1
814 836 1
814 372 1
814 137 1
814 379 1
814 677 1
814 736 1
814 69 1
814 157 1
499 272 1
783 832 1
885 184 1
885 520 1
885 443 1
885 915 1
885 906 1
885 811 1
885 369 1
885 741 1
885 351 1
885 56 1
885 879 1
885 332 1
885 452 1
885 23 1
885 30 1
885 732 1
380 580 1
380 300 1
380 554 1
380 281 1
229 727 1
229 363 1
229 530 1
229 881 1
229 273 1
229 524 1
725 772 1
725 605 1
725 392 1
725 869 1
437 302 1
437 214 1
688 172 1
688 485 1
688 441 1
688 114 1
690 789 1
690 691 1
690 355 1
690 333 1
584 37 1
584 323 1
584 620 1
185 6 1
185 295 1
185 258 1
57 208 1
870 507 1
870 192 1
111 420 1
111 683 1
111 348 1
173 908 1
173 681 1
173 566 1
173 627 1
173 132 1
173 477 1
775 537 1
775 100 1
775 200 1
775 467 1
775 77 1
775 597 1
271 572 1
165 16 1
165 541 1
165 166 1
165 299 1
165 421 1
165 916 1
165 760 1
165 97 1
165 210 1
165 91 1
165 528 1
664 550 1
470 252 1
470 593 1
470 773 1
268 226 1
268 189 1
268 465 1
268 220 1
268 508 1
268 589 1
268 255 1
268 362 1
268 888 1
768 164 1
768 806 1
552 692 1
552 648 1
552 709 1
552 687 1
552 358 1
552 779 1
419 761 1
419 820 1
474 175 1
474 876 1
756 129 1
756 744 1
756 99 1
756 432 1
756 312 1
756 276 1
330 275 1
213 545 1
213 509 1
106 156 1
106 585 1
106 475 1
106 238 1
106 239 1
106 21 1
797 669 1
841 651 1
82 815 1
115 52 1
115 260 1
115 67 1
853 289 1
300 865 1
300 34 1
673 489 1
673 417 1
12 225 1
12 539 1
12 381 1
12 880 1
224 317 1
369 153 1
369 483 1
369 610 1
369 532 1
369 264 1
369 826 1
369 425 1
454 536 1
454 903 1
454 356 1
382 874 1
382 890 1
382 25 1
382 397 1
382 604 1
382 913 1
382 917 1
382 496 1
382 693 1
382 66 1
382 133 1
382 500 1
322 246 1
347 41 1
347 849 1
444 201 1
444 130 1
444 672 1
444 543 1
444 757 1
444 403 1
376 850 1
376 443 1
776 338 1
776 337 1
776 703 1
776 594 1
776 26 1
776 168 1
873 29 1
873 871 1
873 559 1
873 62 1
873 354 1
64 303 1
64 804 1
64 492 1
64 590 1
64 828 1
624 53 1
624 676 1
100 586 1
614 724 1
614 694 1
614 468 1
614 578 1
614 217 1
614 717 1
614 278 1
614 408 1
614 893 1
614 679 1
614 569 1
614 770 1
614 706 1
614 642 1
614 103 1
614 318 1
614 13 1
589 405 1
589 174 1
589 707 1
834 738 1
834 847 1
615 107 1
615 875 1
24 671 1
24 521 1
24 735 1
24 385 1
10 795 1
182 912 1
182 202 1
182 259 1
55 418 1
55 547 1
55 313 1
55 188 1
55 629 1
55 58 1
55 383 1
55 230 1
55 662 1
55 641 1
55 626 1
371 535 1
371 728 1
371 235 1
371 855 1
791 656 1
791 525 1
791 409 1
794 243 1
794 412 1
794 286 1
794 232 1
794 576 1
794 345 1
794 889 1
794 56 1
794 803 1
794 658 1
794 705 1
794 123 1
99 352 1
99 904 1
301 675 1
301 552 1
390 491 1
390 863 1
521 746 1
218 265 1
81 448 1
81 433 1
81 449 1
81 766 1
81 124 1
375 708 1
375 861 1
375 445 1
375 765 1
543 227 1
543 43 1
543 454 1
543 285 1
543 910 1
543 665 1
543 902 1
543 551 1
467 326 1
467 141 1
467 427 1
467 540 1
467 46 1
467 853 1
467 842 1
467 85 1
467 146 1
467 112 1
646 458 1
646 234 1
646 514 1
646 701 1
646 310 1
646 716 1
832 670 1
832 810 1
722 126 1
722 191 1
598 17 1
598 838 1
598 510 1
598 219 1
598 240 1
598 628 1
598 739 1
456 568 1
456 248 1
456 742 1
684 816 1
713 574 1
249 839 1
249 542 1
249 171 1
249 79 1
895 587 1
895 482 1
895 96 1
895 457 1
895 579 1
895 263 1
637 493 1
637 410 1
637 341 1
384 634 1
888 466 1
888 334 1
888 729 1
888 698 1
888 463 1
888 495 1
888 460 1
119 752 1
119 624 1
119 793 1
119 812 1
777 287 1
777 686 1
131 154 1
131 573 1
131 891 1
70 462 1
70 644 1
70 682 1
70 602 1
70 438 1
597 163 1
597 204 1
597 284 1
597 801 1
548 819 1
548 419 1
548 103 1
548 318 1
27 256 1
27 630 1
27 306 1
27 283 1
27 49 1
27 522 1
93 892 1
180 279 1
180 714 1
878 430 1
878 619 1
469 781 1
469 527 1
900 515 1
900 446 1
848 556 1
848 512 1
731 361 1
399 751 1
399 864 1
399 796 1
399 231 1
399 180 1
399 434 1
399 150 1
555 391 1
555 505 1
555 786 1
501 529 1
501 582 1
757 266 1
757 822 1
757 177 1
757 406 1
757 344 1
757 32 1
403 471 1
403 754 1
403 882 1
561 251 1
561 506 1
561 755 1
33 453 1
186 668 1
186 435 1
21 858 1
21 440 1
21 478 1
21 117 1
21 516 1
379 42 1
379 304 1
379 862 1
379 788 1
379 831 1
339 28 1
339 625 1
339 511 1
339 737 1
89 918 1
68 393 1
68 147 1
68 464 1
68 823 1
68 661 1
68 353 1
68 257 1
71 649 1
497 269 1
497 798 1
318 170 1
318 48 1
528 846 1
528 643 1
528 140 1
591 8 1
438 635 1
438 336 1
496 518 1
496 533 1
496 331 1
734 243 1
734 11 1
734 384 1
734 89 1
135 404 1
135 710 1
553 595 1
293 290 1
151 439 1
151 486 1
155 148 1
155 194 1
155 411 1
155 513 1
658 360 1
658 414 1
75 851 1
75 844 1
75 748 1
75 840 1
75 657 1
75 805 1
75 611 1
120 305 1
120 373 1
120 864 1
120 347 1
120 704 1
120 600 1
854 866 1
854 241 1
854 357 1
854 689 1
854 367 1
854 65 1
854 564 1
854 878 1
854 591 1
645 695 1
645 162 1
69 181 1
1 92 1
1 221 1
311 394 1
311 322 1
311 534 1
311 68 1
101 785 1
101 45 1
101 187 1
101 616 1
415 768 1
415 501 1
415 638 1
415 575 1
267 149 1
267 436 1
386 368 1
386 327 1
386 342 1
262 883 1
262 366 1
262 298 1
335 720 1
335 884 1
335 86 1
335 50 1
335 652 1
849 546 1
849 424 1
849 308 1
849 753 1
914 745 1
914 905 1
914 715 1
914 821 1
490 873 1
490 109 1
490 613 1
490 856 1
490 769 1
818 296 1
818 321 1
818 666 1
818 111 1
818 247 1
818 233 1
818 841 1
818 134 1
818 179 1
818 488 1
818 813 1
818 60 1
818 211 1
818 75 1
818 387 1
818 914 1
517 830 1
517 395 1
517 621 1
76 498 1
76 158 1
76 606 1
139 570 1
139 270 1
697 758 1
396 159 1
396 261 1
396 472 1
396 108 1
396 497 1
396 659 1
307 292 1
