99 52 1
99 153 1
258 218 1
258 171 1
258 132 1
183 238 1
183 270 1
183 170 1
183 150 1
183 279 1
183 62 1
183 82 1
1 198 1
1 168 1
1 217 1
1 139 1
1 58 1
1 130 1
25 199 1
25 253 1
25 35 1
45 122 1
212 141 1
212 230 1
212 115 1
212 59 1
212 133 1
212 227 1
66 104 1
66 187 1
105 84 1
105 200 1
105 215 1
105 177 1
40 149 1
40 63 1
40 277 1
244 267 1
291 37 1
291 103 1
257 55 1
254 159 1
254 294 1
254 166 1
254 98 1
254 240 1
254 158 1
254 36 1
86 203 1
86 205 1
299 182 1
299 89 1
299 143 1
299 117 1
255 142 1
255 248 1
255 145 1
255 7 1
255 67 1
255 192 1
255 129 1
255 151 1
136 93 1
136 252 1
136 15 1
118 290 1
118 68 1
232 100 1
256 169 1
275 119 1
275 97 1
275 2 1
50 280 1
50 259 1
50 92 1
50 216 1
38 235 1
38 106 1
38 266 1
38 297 1
38 138 1
38 172 1
38 152 1
38 201 1
38 229 1
38 178 1
38 11 1
69 83 1
69 101 1
69 220 1
27 241 1
27 194 1
27 155 1
27 124 1
27 9 1
27 260 1
51 85 1
51 233 1
51 165 1
51 164 1
51 60 1
222 19 1
222 95 1
222 87 1
222 188 1
222 44 1
222 226 1
222 249 1
222 48 1
222 90 1
222 295 1
173 110 1
233 39 1
202 72 1
202 32 1
202 284 1
202 8 1
202 102 1
202 13 1
202 76 1
179 156 1
179 49 1
57 5 1
57 53 1
57 204 1
57 261 1
174 114 1
165 180 1
165 281 1
165 283 1
165 80 1
165 271 1
123 190 1
123 262 1
123 12 1
123 250 1
123 236 1
123 224 1
296 268 1
296 131 1
296 6 1
292 193 1
242 263 1
162 125 1
162 54 1
162 81 1
162 272 1
264 71 1
264 211 1
138 18 1
138 265 1
33 75 1
33 21 1
33 135 1
126 47 1
126 148 1
226 56 1
219 223 1
28 29 1
28 237 1
285 242 1
113 251 1
113 127 1
113 61 1
113 195 1
113 96 1
113 196 1
134 26 1
134 175 1
3 116 1
3 27 1
3 41 1
3 221 1
3 269 1
3 225 1
172 77 1
172 24 1
172 70 1
172 134 1
172 300 1
172 206 1
172 109 1
152 73 1
152 231 1
152 88 1
273 162 1
22 286 1
22 282 1
300 214 1
111 160 1
111 91 1
229 209 1
140 243 1
140 14 1
140 78 1
128 30 1
128 108 1
128 120 1
213 74 1
213 228 1
213 207 1
213 298 1
107 289 1
107 184 1
107 234 1
107 121 1
107 20 1
107 176 1
58 64 1
58 46 1
58 191 1
178 288 1
130 186 1
130 79 1
112 197 1
112 4 1
112 10 1
112 167 1
112 154 1
112 157 1
137 293 1
239 16 1
239 34 1
239 147 1
239 208 1
239 144 1
189 210 1
189 17 1
247 23 1
247 163 1
247 287 1
247 42 1
247 278 1
247 276 1
247 65 1
247 31 1
181 43 1
181 245 1
181 146 1
161 94 1
161 274 1
161 246 1
161 35 1
35 185 1
