688 200 1
387 1224 1
387 1610 1
1185 1390 1
1606 603 1
1606 1800 1
1606 1266 1
1115 23 1
997 906 1
273 109 1
273 312 1
351 791 1
1191 1205 1
1191 728 1
1191 737 1
1342 1229 1
1342 1756 1
1342 1733 1
1342 1296 1
1342 1872 1
1342 239 1
1342 68 1
1342 1608 1
1342 1078 1
1342 1605 1
1342 1823 1
1342 1609 1
1342 1290 1
1342 820 1
1342 352 1
1358 1529 1
892 243 1
892 1946 1
892 1887 1
1112 1089 1
1112 1467 1
1112 78 1
1112 1001 1
1112 872 1
1112 1724 1
491 1930 1
491 1260 1
491 974 1
1770 138 1
1770 1252 1
1770 340 1
1770 1672 1
1770 364 1
1770 1743 1
1770 35 1
1770 176 1
1770 1109 1
1770 26 1
1770 1374 1
232 1002 1
232 430 1
232 570 1
232 321 1
1484 64 1
1484 1738 1
1074 838 1
1074 91 1
1492 1832 1
1492 592 1
1059 1651 1
1059 754 1
1059 571 1
1059 490 1
1059 1558 1
1756 1631 1
1756 999 1
1756 1402 1
1756 1372 1
1756 145 1
1756 1081 1
1756 62 1
1756 289 1
1756 1214 1
1756 1896 1
1756 268 1
1756 1483 1
1756 96 1
1756 1914 1
1756 454 1
1756 1612 1
1756 1670 1
1756 466 1
179 881 1
179 1007 1
179 1239 1
179 285 1
812 1880 1
378 1273 1
422 1468 1
422 1425 1
1176 593 1
763 1599 1
763 612 1
763 588 1
827 264 1
827 1289 1
827 621 1
827 541 1
827 1817 1
1294 341 1
1294 1293 1
549 133 1
14 1245 1
14 1192 1
14 1324 1
14 1545 1
14 750 1
1009 718 1
1909 1176 1
1909 1097 1
1909 1704 1
1909 533 1
1909 1827 1
1909 254 1
1909 480 1
1909 1557 1
1909 777 1
1909 1577 1
1899 782 1
1899 1538 1
1899 279 1
1899 1150 1
1899 637 1
356 560 1
356 920 1
356 599 1
356 1781 1
1546 822 1
1849 1050 1
1568 215 1
1568 1111 1
1568 990 1
1568 797 1
1568 1801 1
1568 1701 1
1568 1044 1
1568 1057 1
1427 540 1
1427 1035 1
1427 1441 1
1427 526 1
1427 984 1
1427 1910 1
1427 1083 1
1427 283 1
1427 1752 1
1427 727 1
926 524 1
689 1565 1
689 1513 1
1514 633 1
1514 845 1
198 402 1
198 1113 1
1515 1398 1
1515 929 1
1515 22 1
1515 1818 1
1515 965 1
1515 573 1
1515 1076 1
1515 11 1
1515 1152 1
251 1549 1
286 1075 1
286 323 1
286 756 1
286 1891 1
1789 1617 1
1789 1883 1
1758 1864 1
1758 880 1
1877 1815 1
1902 601 1
1902 542 1
210 484 1
210 1531 1
210 825 1
1624 1828 1
1624 1149 1
1624 1138 1
1624 1349 1
1624 1271 1
1624 1843 1
1624 1022 1
1624 1106 1
1624 1501 1
1624 886 1
1624 1316 1
1093 735 1
1809 12 1
1529 1522 1
1529 1380 1
1165 1085 1
1165 97 1
1165 1825 1
1165 127 1
1165 551 1
1165 173 1
1165 1829 1
1155 1552 1
1155 1302 1
1155 1397 1
1155 707 1
229 894 1
229 211 1
229 313 1
229 1861 1
229 1283 1
229 1393 1
828 165 1
828 524 1
828 1220 1
828 1570 1
448 899 1
1498 804 1
624 1294 1
624 1142 1
624 1403 1
624 269 1
624 141 1
624 1409 1
89 287 1
1936 576 1
1244 1692 1
1089 44 1
1089 451 1
1066 175 1
294 1230 1
747 1036 1
1783 1637 1
1783 330 1
1783 1848 1
1783 391 1
1783 418 1
1783 54 1
1783 976 1
1783 1291 1
1783 250 1
1392 891 1
1392 192 1
1392 807 1
942 1683 1
336 1952 1
336 3 1
1837 1858 1
1837 676 1
1837 882 1
423 1203 1
423 1017 1
423 372 1
423 1698 1
423 1785 1
423 927 1
423 1595 1
1064 1135 1
1064 55 1
211 674 1
211 1262 1
211 1519 1
211 306 1
517 613 1
517 416 1
373 714 1
1363 770 1
1363 963 1
1665 1507 1
597 405 1
597 819 1
597 1592 1
1094 1038 1
95 171 1
95 925 1
95 1725 1
95 1411 1
326 33 1
1087 202 1
765 843 1
765 1420 1
765 717 1
749 157 1
749 252 1
749 29 1
749 1025 1
749 1049 1
213 1775 1
193 853 1
193 1326 1
442 498 1
442 699 1
218 1710 1
833 548 1
833 910 1
60 1195 1
653 1339 1
1930 1908 1
52 439 1
52 102 1
52 817 1
52 1020 1
52 1077 1
52 1455 1
52 247 1
52 574 1
52 1391 1
52 1576 1
377 201 1
377 362 1
377 1523 1
1368 481 1
1368 1578 1
1368 1726 1
260 914 1
1503 981 1
1503 27 1
1503 640 1
406 475 1
406 444 1
406 31 1
1679 253 1
1679 1493 1
1679 1313 1
1907 1696 1
1907 752 1
1419 1835 1
1419 1306 1
1604 435 1
501 131 1
501 1478 1
501 315 1
1812 1923 1
1812 589 1
1812 896 1
1812 602 1
1812 1697 1
1812 311 1
1219 375 1
1469 1502 1
116 249 1
1308 371 1
1308 217 1
1308 1776 1
34 1771 1
1730 953 1
1730 294 1
1730 1182 1
1730 453 1
1730 39 1
1730 1943 1
1730 559 1
1201 1852 1
1201 648 1
1092 271 1
1092 370 1
1092 1344 1
1092 1276 1
1092 1317 1
1092 1553 1
1092 1621 1
277 1445 1
277 434 1
277 659 1
277 234 1
277 1240 1
277 564 1
277 108 1
277 1728 1
1527 167 1
1527 1735 1
1527 295 1
1005 273 1
1005 510 1
1005 1094 1
1005 1207 1
1024 1846 1
1024 1047 1
1377 1767 1
806 1955 1
806 432 1
806 170 1
806 395 1
806 1388 1
806 7 1
746 1157 1
585 1204 1
585 1482 1
82 409 1
82 558 1
82 911 1
82 614 1
82 667 1
82 884 1
759 1028 1
963 1346 1
963 166 1
963 365 1
963 1668 1
963 332 1
963 1769 1
963 757 1
963 628 1
963 300 1
963 1842 1
342 1259 1
1305 1851 1
1305 203 1
1305 1046 1
1305 41 1
1305 1739 1
1305 848 1
1305 944 1
424 1121 1
424 1255 1
889 591 1
889 720 1
889 1367 1
889 281 1
889 908 1
889 1285 1
1356 581 1
819 1 1
1227 569 1
1227 69 1
1227 1088 1
1506 1951 1
1506 952 1
1506 1957 1
1506 1436 1
1506 534 1
1506 1274 1
1506 188 1
1506 1607 1
1506 1778 1
74 1666 1
985 1325 1
985 317 1
1637 1540 1
1637 809 1
1637 410 1
1637 1624 1
1637 1376 1
1637 1463 1
1637 1863 1
1637 1926 1
1637 709 1
1637 1261 1
1637 1650 1
449 42 1
449 956 1
449 687 1
449 1145 1
449 991 1
1211 1594 1
1211 1508 1
1211 784 1
1211 1322 1
1211 1054 1
1211 1614 1
1211 1251 1
1211 1084 1
901 67 1
901 1341 1
901 661 1
1370 611 1
1153 625 1
1938 168 1
1858 1648 1
1858 482 1
1858 98 1
1456 1853 1
1456 1433 1
1456 1434 1
1337 1032 1
1337 668 1
1008 898 1
1008 1542 1
1008 77 1
1008 504 1
1008 324 1
1008 1694 1
288 723 1
288 713 1
240 824 1
240 208 1
240 1916 1
240 244 1
1517 383 1
1517 1277 1
1517 1898 1
1003 1250 1
1859 1295 1
1859 1688 1
1859 1369 1
412 59 1
412 82 1
412 928 1
412 1101 1
412 530 1
412 1303 1
412 948 1
412 632 1
608 1485 1
1920 666 1
1920 322 1
1920 1466 1
1920 258 1
1920 830 1
1920 86 1
1920 1703 1
1586 761 1
47 394 1
47 282 1
47 113 1
47 940 1
47 520 1
47 1423 1
47 1707 1
47 650 1
47 470 1
47 1548 1
47 701 1
47 1871 1
253 1606 1
253 849 1
253 840 1
253 147 1
253 662 1
253 950 1
253 808 1
253 855 1
253 1399 1
1361 1424 1
1137 1170 1
1857 46 1
1857 857 1
1857 1762 1
1857 1949 1
1857 1659 1
1798 429 1
1798 957 1
1798 1628 1
1798 314 1
1798 939 1
1798 384 1
1798 1189 1
745 479 1
24 1445 1
24 572 1
24 1167 1
24 1929 1
24 1736 1
24 1931 1
149 1284 1
1319 401 1
1319 1347 1
1319 1678 1
1319 1768 1
1319 1917 1
1319 1055 1
1011 156 1
642 1241 1
642 1821 1
642 474 1
642 681 1
642 1831 1
642 973 1
642 334 1
642 163 1
1601 1567 1
1601 1911 1
453 686 1
453 1777 1
453 1856 1
453 1487 1
1359 353 1
1359 1034 1
1359 1647 1
25 238 1
25 1833 1
25 1298 1
25 1772 1
25 834 1
25 119 1
25 1941 1
1053 870 1
1236 978 1
293 195 1
293 1457 1
293 390 1
969 1658 1
878 1811 1
1433 1652 1
1433 1890 1
1433 246 1
1433 164 1
1433 691 1
1433 1282 1
1433 100 1
68 271 1
68 521 1
68 296 1
68 16 1
68 578 1
68 930 1
68 1064 1
68 1114 1
68 1543 1
68 1223 1
68 1276 1
68 905 1
68 1589 1
68 1317 1
68 55 1
68 1428 1
68 938 1
68 236 1
68 1520 1
68 1621 1
68 1788 1
68 1867 1
68 945 1
68 1147 1
1847 715 1
1847 527 1
1847 1168 1
1847 346 1
1641 186 1
1641 189 1
1641 1869 1
1721 436 1
1721 1473 1
1721 1723 1
1721 1689 1
1721 267 1
1721 1646 1
1721 190 1
1721 552 1
1808 302 1
1808 1709 1
73 1231 1
680 1387 1
680 1866 1
1297 70 1
58 153 1
58 366 1
1526 738 1
1526 1210 1
1526 485 1
1526 9 1
1526 1510 1
131 1927 1
131 1458 1
56 1690 1
56 335 1
1472 556 1
1472 462 1
1472 547 1
676 646 1
676 651 1
676 1335 1
676 1682 1
676 1451 1
676 704 1
676 1850 1
676 61 1
740 1226 1
1222 1368 1
1222 800 1
1222 1959 1
1222 214 1
1222 868 1
1222 1309 1
1045 575 1
1572 1865 1
1572 854 1
1572 793 1
1572 703 1
1572 1585 1
1572 1120 1
1572 583 1
1863 319 1
1863 1518 1
1863 947 1
1863 1790 1
1713 501 1
1713 1370 1
1713 1638 1
923 338 1
923 1826 1
923 1691 1
606 766 1
606 1068 1
1043 1357 1
1043 933 1
1043 227 1
1570 262 1
678 379 1
678 1030 1
678 1720 1
678 389 1
1589 1103 1
1476 448 1
1476 1312 1
1476 734 1
1476 785 1
1476 1793 1
1169 367 1
1169 545 1
1169 895 1
1169 265 1
1169 1550 1
1169 1562 1
407 1216 1
407 1660 1
802 1440 1
802 348 1
802 1623 1
802 1857 1
802 1885 1
802 1148 1
802 778 1
1878 942 1
1878 1208 1
1878 2 1
1878 744 1
1878 859 1
1878 1799 1
1878 1199 1
1878 1695 1
710 286 1
710 654 1
710 393 1
710 1169 1
710 1086 1
710 1897 1
710 858 1
710 415 1
847 1031 1
847 235 1
847 656 1
847 297 1
847 1700 1
847 1684 1
847 169 1
847 1488 1
1473 835 1
1473 900 1
1855 1933 1
1855 565 1
1855 1159 1
1855 989 1
1855 1183 1
1855 502 1
1855 259 1
1855 1906 1
1855 1845 1
1855 181 1
1787 1200 1
307 781 1
307 1759 1
307 1945 1
307 408 1
307 801 1
476 1163 1
476 187 1
476 1193 1
476 66 1
476 452 1
476 768 1
476 1755 1
476 861 1
476 841 1
817 57 1
817 148 1
817 1037 1
1246 1351 1
1246 445 1
1246 1404 1
816 1491 1
816 1618 1
816 270 1
816 1288 1
816 1947 1
816 1000 1
474 1132 1
474 1069 1
474 463 1
474 1912 1
474 224 1
474 700 1
1615 1099 1
1615 1014 1
1615 1100 1
1615 326 1
1615 274 1
1615 71 1
1615 19 1
1615 1447 1
248 125 1
871 1717 1
871 842 1
871 1039 1
871 604 1
174 496 1
174 1745 1
174 697 1
1886 199 1
1886 483 1
617 631 1
1795 1130 1
1795 1321 1
1795 1051 1
1040 134 1
1608 1197 1
538 1268 1
538 883 1
538 1786 1
538 1925 1
309 345 1
309 1622 1
1784 350 1
1784 1417 1
1784 982 1
532 1041 1
532 1763 1
1661 525 1
1838 531 1
616 1362 1
1494 980 1
1680 623 1
1680 1571 1
1680 1590 1
1680 1924 1
1680 1667 1
1680 1310 1
1710 221 1
1710 1928 1
220 638 1
1677 1449 1
1677 1674 1
1383 1116 1
144 1156 1
1042 392 1
1042 1494 1
1042 1125 1
1042 1123 1
1042 811 1
1042 343 1
711 232 1
711 136 1
711 310 1
711 467 1
1481 1140 1
1481 1360 1
1481 1141 1
658 1956 1
1533 318 1
1533 81 1
1803 1395 1
1803 1603 1
1803 92 1
1105 433 1
1105 875 1
1105 506 1
380 958 1
380 729 1
380 1004 1
380 1661 1
380 562 1
380 160 1
380 1581 1
380 877 1
1772 1630 1
1772 1221 1
1772 694 1
1772 1173 1
1772 299 1
1772 829 1
839 1063 1
839 1448 1
839 1211 1
839 1780 1
839 27 1
839 979 1
839 1950 1
1082 919 1
670 1247 1
670 902 1
670 1382 1
670 546 1
670 803 1
172 566 1
1655 523 1
161 45 1
161 1331 1
1883 762 1
275 874 1
684 90 1
684 972 1
684 106 1
684 627 1
684 1343 1
684 635 1
516 1225 1
516 450 1
516 446 1
516 946 1
516 790 1
619 711 1
225 1161 1
225 1178 1
461 719 1
461 1280 1
461 1860 1
1862 1732 1
1862 1352 1
1774 873 1
1774 1511 1
1019 1160 1
1654 751 1
764 1516 1
1854 237 1
631 1408 1
486 1757 1
486 792 1
1685 142 1
1685 1011 1
1685 460 1
507 347 1
507 301 1
507 1122 1
507 1479 1
507 327 1
1336 1813 1
1504 912 1
1504 587 1
1504 1669 1
1801 1333 1
1801 230 1
1801 536 1
1801 497 1
1801 1539 1
1801 1731 1
1801 1805 1
1737 278 1
1737 137 1
1737 1663 1
1737 741 1
1737 447 1
1737 1015 1
622 1253 1
1619 316 1
1619 1810 1
664 1555 1
664 1807 1
664 280 1
664 941 1
664 1664 1
664 1588 1
1396 369 1
1396 303 1
1396 126 1
1396 212 1
725 1676 1
725 1336 1
725 955 1
1582 1413 1
1620 385 1
1620 73 1
1620 425 1
1620 821 1
1620 934 1
1620 866 1
562 1770 1
562 1575 1
562 1472 1
562 266 1
562 1534 1
562 437 1
562 1937 1
562 117 1
562 1400 1
1616 1484 1
1616 1782 1
1616 412 1
1616 1070 1
1616 305 1
1616 1016 1
1616 1636 1
818 18 1
818 1206 1
818 1166 1
1700 1527 1
1700 1256 1
1700 1705 1
1700 20 1
1700 339 1
1700 1779 1
266 93 1
209 1675 1
209 74 1
209 428 1
209 671 1
209 503 1
1746 48 1
1534 879 1
1534 1143 1
1534 921 1
1534 1375 1
1534 180 1
733 736 1
733 1059 1
733 123 1
733 288 1
733 647 1
733 1734 1
733 1174 1
733 1286 1
733 937 1
733 1051 1
733 890 1
1326 685 1
1326 949 1
504 1406 1
580 721 1
580 1749 1
267 1338 1
267 1134 1
267 1712 1
267 557 1
267 231 1
267 1450 1
267 992 1
267 544 1
1371 679 1
1371 1719 1
256 1642 1
256 376 1
256 50 1
94 1673 1
557 494 1
557 1127 1
981 1238 1
981 832 1
981 970 1
981 1102 1
981 897 1
981 1079 1
981 779 1
981 760 1
981 205 1
981 748 1
981 1118 1
981 419 1
981 129 1
1840 630 1
1840 222 1
1840 1453 1
360 537 1
929 1870 1
1443 786 1
1729 1742 1
1729 1179 1
1729 1164 1
1729 1492 1
1729 626 1
1729 1874 1
1729 47 1
1729 1222 1
1729 248 1
1729 528 1
1729 431 1
1729 161 1
1729 461 1
1729 184 1
1729 344 1
1729 846 1
1667 1816 1
1667 191 1
1667 1300 1
1389 1318 1
1389 1093 1
1389 1006 1
1389 705 1
1389 197 1
1389 1314 1
1389 146 1
1389 561 1
155 363 1
155 1635 1
305 421 1
305 1627 1
305 624 1
305 988 1
305 406 1
305 1430 1
305 456 1
305 582 1
305 1900 1
305 1459 1
305 1878 1
305 798 1
305 1246 1
305 871 1
305 1524 1
305 1265 1
305 664 1
305 1905 1
1214 1944 1
1214 87 1
1214 860 1
1214 51 1
1214 1884 1
1214 28 1
308 1304 1
1658 1119 1
650 1267 1
650 132 1
650 975 1
650 120 1
650 1151 1
650 1378 1
650 468 1
650 568 1
650 539 1
1353 1645 1
1353 89 1
1353 960 1
1353 1563 1
1051 1470 1
1559 1162 1
1559 924 1
162 79 1
162 471 1
162 1836 1
162 608 1
162 420 1
162 606 1
162 1643 1
162 177 1
162 758 1
162 1474 1
795 359 1
1438 36 1
1438 514 1
1438 1242 1
1747 56 1
1452 1305 1
1452 1590 1
1452 1128 1
693 233 1
693 328 1
693 1830 1
693 1297 1
693 1401 1
1547 1913 1
1547 115 1
1547 1263 1
1547 103 1
1547 1418 1
1547 1218 1
1547 1875 1
1547 657 1
1922 223 1
1922 726 1
1922 577 1
1922 43 1
1922 1217 1
1922 40 1
1727 457 1
1727 1171 1
1727 1766 1
1727 794 1
1727 15 1
1727 1629 1
1727 1213 1
1727 1190 1
1727 1278 1
1428 683 1
1428 607 1
1428 1065 1
1232 1227 1
1232 1431 1
661 121 1
702 1365 1
702 869 1
1530 1373 1
1530 10 1
437 677 1
437 915 1
976 1129 1
976 1784 1
976 1194 1
976 767 1
976 1583 1
716 1892 1
176 1422 1
1646 1187 1
1646 1649 1
1646 80 1
1646 1598 1
1646 774 1
1646 1354 1
1209 114 1
1209 594 1
1209 1876 1
1060 1460 1
1060 4 1
1060 178 1
1091 1405 1
216 182 1
216 1591 1
470 863 1
1324 1753 1
996 932 1
994 598 1
1202 1219 1
1202 427 1
1202 535 1
1202 1359 1
1202 1597 1
1202 1677 1
1202 742 1
1202 789 1
1202 374 1
1202 1751 1
1145 1626 1
1145 1662 1
1145 284 1
1829 1108 1
1799 1532 1
1799 1275 1
777 1671 1
777 1323 1
777 105 1
777 1033 1
99 1687 1
1086 1133 1
1086 1718 1
290 1177 1
344 864 1
344 739 1
344 1634 1
344 609 1
1786 966 1
1786 1740 1
1786 1556 1
1786 194 1
939 1158 1
1058 1215 1
1058 1486 1
1307 731 1
1307 620 1
5 669 1
5 1727 1
701 672 1
701 1184 1
701 1693 1
890 856 1
882 1462 1
882 753 1
882 1439 1
882 810 1
882 1394 1
882 867 1
882 961 1
882 1657 1
185 1639 1
1537 1789 1
1537 1311 1
1537 1196 1
1537 1237 1
1537 1559 1
1537 320 1
1537 1918 1
977 1602 1
977 101 1
663 1117 1
663 1499 1
1057 1421 1
1012 32 1
1012 1279 1
1012 49 1
1012 1797 1
1012 641 1
1012 464 1
1012 1566 1
772 876 1
772 543 1
772 1139 1
772 478 1
772 865 1
772 1272 1
772 473 1
772 532 1
772 1541 1
772 787 1
772 1180 1
772 152 1
772 505 1
692 158 1
151 730 1
400 1841 1
964 499 1
964 1560 1
964 1938 1
964 134 1
964 1490 1
971 1029 1
971 1414 1
971 769 1
971 333 1
579 1750 1
807 649 1
935 909 1
935 292 1
935 1407 1
1656 1625 1
1656 1940 1
1706 1235 1
1706 143 1
820 983 1
695 706 1
695 629 1
1791 111 1
1791 986 1
1791 962 1
1791 567 1
1791 37 1
1791 1834 1
1366 455 1
1366 660 1
283 1760 1
1741 610 1
1741 1009 1
1741 665 1
1741 1954 1
1741 1699 1
1741 1600 1
1195 1202 1
1711 1419 1
1711 639 1
1711 1512 1
1711 1934 1
1711 1844 1
1711 396 1
1711 1686 1
1711 815 1
1958 1307 1
1490 1071 1
1490 1292 1
1490 1269 1
381 1281 1
381 1023 1
381 1329 1
381 1569 1
381 512 1
381 1426 1
381 1021 1
381 1416 1
381 204 1
104 995 1
104 329 1
513 1103 1
513 553 1
1905 690 1
1905 1234 1
1905 1257 1
1905 1018 1
1702 679 1
257 1385 1
208 805 1
208 83 1
208 1228 1
208 696 1
208 84 1
780 916 1
780 1115 1
780 154 1
780 397 1
780 1496 1
780 885 1
780 1080 1
780 493 1
780 472 1
1844 1915 1
1844 796 1
1844 1090 1
1632 969 1
1632 1320 1
1632 1714 1
967 837 1
967 411 1
846 712 1
846 618 1
846 196 1
846 1249 1
846 1737 1
846 360 1
846 1765 1
9 1764 1
1895 255 1
1895 850 1
1895 1773 1
26 304 1
26 263 1
122 987 1
122 644 1
122 922 1
122 388 1
122 1364 1
122 487 1
775 776 1
1464 1475 1
1948 1212 1
1948 441 1
1948 1186 1
1765 1633 1
1765 682 1
936 722 1
1536 298 1
1536 272 1
1839 1824 1
1839 1155 1
1839 116 1
1839 368 1
1839 1328 1
1839 1345 1
1839 1708 1
1839 1881 1
1593 403 1
276 529 1
276 21 1
276 917 1
907 1681 1
907 183 1
1026 193 1
1026 1868 1
1026 993 1
1026 1792 1
1026 550 1
1026 1287 1
732 1722 1
1313 1544 1
311 261 1
595 904 1
1264 1348 1
1264 1564 1
887 1587 1
1299 438 1
1299 75 1
1299 852 1
1299 404 1
1299 1067 1
1850 241 1
1010 1410 1
1010 555 1
1010 1613 1
1010 1131 1
1010 1258 1
1010 458 1
1407 1584 1
1788 1435 1
1788 135 1
1788 1744 1
1788 1181 1
1118 500 1
1110 1175 1
1581 354 1
1581 13 1
1581 1107 1
1581 1350 1
1581 1446 1
1581 331 1
1581 826 1
675 1056 1
675 903 1
675 245 1
675 361 1
1500 139 1
1500 1514 1
1500 128 1
1500 1761 1
1500 1476 1
1500 511 1
1500 242 1
1500 1379 1
1500 325 1
1914 1188 1
1914 426 1
88 892 1
88 519 1
88 765 1
88 1812 1
88 590 1
88 951 1
88 1525 1
88 893 1
88 1814 1
88 1820 1
88 459 1
1261 1136 1
1261 1146 1
386 210 1
386 417 1
386 1533 1
386 515 1
337 150 1
337 1442 1
739 1248 1
1095 1124 1
1095 1573 1
1095 477 1
1095 773 1
1095 1806 1
1095 1461 1
877 655 1
877 1919 1
877 1748 1
877 931 1
877 1096 1
788 1144 1
788 1822 1
1882 508 1
1882 112 1
1882 1901 1
1882 220 1
1882 216 1
1882 994 1
1882 1013 1
1882 1366 1
1882 1052 1
1882 110 1
1309 1429 1
1309 1794 1
1437 1384 1
1437 1027 1
554 355 1
554 25 1
554 1904 1
554 219 1
554 1072 1
1340 1942 1
117 358 1
117 1654 1
117 743 1
117 1889 1
117 1060 1
117 1444 1
117 1254 1
1374 1554 1
1374 76 1
1374 398 1
1172 522 1
1172 1758 1
1172 828 1
1172 1551 1
1172 1497 1
1172 1754 1
1172 652 1
1172 414 1
1172 771 1
1172 6 1
1172 1471 1
1172 1332 1
888 1561 1
888 1489 1
1629 8 1
561 206 1
708 1528 1
708 1596 1
708 724 1
708 584 1
1098 1935 1
1098 799 1
1098 226 1
7 207 1
7 1301 1
7 413 1
7 1796 1
7 1819 1
7 1386 1
7 1593 1
7 851 1
7 1073 1
1495 913 1
1495 643 1
1574 509 1
1574 1535 1
1574 63 1
1574 465 1
1903 783 1
1751 1894 1
945 596 1
945 943 1
945 1802 1
945 1521 1
945 836 1
945 600 1
945 1330 1
1477 1509 1
343 1355 1
343 1062 1
1254 53 1
1254 140 1
1254 1746 1
1254 518 1
1254 959 1
1254 1126 1
349 1381 1
349 1454 1
349 1579 1
349 172 1
349 918 1
349 94 1
349 1353 1
349 1547 1
349 1888 1
349 1716 1
349 1233 1
1634 159 1
636 645 1
636 1939 1
636 673 1
1213 1921 1
790 1315 1
790 954 1
790 357 1
1611 130 1
1611 823 1
1611 814 1
1611 1198 1
1881 1327 1
1881 124 1
1881 488 1
1881 38 1
1881 1415 1
861 844 1
861 1505 1
586 1893 1
1088 1243 1
1088 862 1
968 831 1
1488 1154 1
1488 107 1
1488 291 1
1488 1804 1
1488 495 1
443 469 1
1465 1715 1
1465 118 1
1332 30 1
1332 382 1
1332 228 1
609 1526 1
609 1640 1
609 1048 1
609 1510 1
634 998 1
634 1480 1
634 1412 1
634 399 1
634 1432 1
634 440 1
634 755 1
634 698 1
634 17 1
634 1464 1
634 1879 1
539 72 1
615 563 1
615 605 1
813 489 1
813 1653 1
813 764 1
813 85 1
813 1334 1
813 65 1
61 1061 1
98 1873 1
1270 1580 1
1270 1104 1
1270 492 1
1270 1953 1
1932 1644 1
