678 80 1
678 693 1
295 243 1
295 26 1
295 393 1
118 355 1
118 616 1
118 584 1
118 293 1
118 574 1
118 466 1
118 554 1
118 701 1
118 81 1
118 134 1
627 123 1
112 521 1
112 128 1
112 702 1
112 335 1
112 332 1
112 669 1
112 317 1
112 663 1
112 541 1
168 248 1
168 403 1
168 537 1
168 122 1
168 492 1
168 82 1
168 129 1
168 132 1
168 421 1
692 127 1
692 303 1
692 52 1
692 360 1
692 436 1
692 672 1
692 431 1
692 525 1
692 623 1
692 601 1
571 461 1
84 377 1
433 456 1
433 278 1
433 487 1
265 661 1
265 610 1
265 539 1
265 147 1
265 495 1
265 644 1
265 315 1
265 130 1
265 544 1
265 282 1
265 385 1
265 538 1
265 405 1
265 98 1
265 33 1
265 3 1
265 413 1
265 7 1
265 253 1
265 676 1
265 449 1
265 46 1
265 188 1
265 77 1
265 252 1
265 373 1
265 428 1
265 91 1
265 369 1
265 201 1
265 391 1
265 214 1
283 349 1
283 171 1
283 689 1
283 570 1
283 158 1
283 9 1
283 621 1
283 290 1
283 11 1
283 372 1
283 161 1
283 156 1
283 159 1
283 583 1
52 286 1
640 598 1
263 16 1
263 148 1
34 410 1
34 479 1
34 298 1
34 56 1
34 568 1
34 383 1
34 439 1
34 339 1
34 213 1
34 108 1
34 53 1
34 679 1
34 503 1
34 230 1
34 572 1
34 281 1
680 338 1
680 78 1
680 41 1
680 522 1
680 42 1
680 452 1
680 208 1
680 694 1
381 510 1
381 546 1
381 677 1
381 23 1
381 226 1
381 144 1
381 424 1
381 683 1
381 131 1
648 150 1
55 327 1
55 624 1
374 388 1
374 535 1
374 361 1
374 331 1
374 485 1
374 202 1
374 625 1
374 573 1
374 681 1
38 189 1
17 274 1
17 626 1
130 526 1
130 210 1
130 700 1
401 106 1
459 114 1
459 267 1
459 294 1
249 260 1
249 36 1
249 37 1
249 476 1
136 102 1
136 524 1
110 638 1
110 334 1
110 427 1
177 455 1
687 435 1
137 63 1
137 378 1
645 418 1
645 536 1
645 107 1
645 441 1
379 89 1
379 662 1
379 27 1
668 516 1
668 389 1
668 643 1
668 494 1
179 13 1
179 287 1
326 606 1
326 135 1
326 579 1
326 671 1
673 593 1
673 324 1
673 209 1
673 594 1
673 519 1
673 670 1
673 390 1
673 311 1
673 542 1
673 641 1
368 512 1
368 45 1
124 95 1
124 686 1
124 380 1
124 277 1
124 458 1
300 118 1
300 265 1
300 567 1
300 74 1
544 438 1
76 364 1
471 628 1
471 404 1
211 399 1
211 28 1
211 412 1
211 497 1
211 520 1
345 313 1
292 306 1
292 250 1
292 382 1
292 319 1
292 200 1
292 173 1
292 289 1
292 79 1
292 224 1
292 607 1
356 296 1
356 17 1
356 560 1
356 547 1
356 71 1
356 530 1
356 291 1
356 151 1
356 237 1
356 690 1
356 172 1
356 198 1
356 684 1
356 264 1
356 569 1
182 225 1
182 585 1
182 51 1
353 423 1
353 54 1
353 674 1
280 508 1
337 203 1
337 580 1
337 483 1
322 347 1
322 420 1
322 692 1
322 31 1
322 600 1
322 511 1
322 155 1
322 175 1
322 343 1
322 400 1
322 276 1
322 62 1
322 376 1
322 637 1
322 691 1
322 480 1
322 437 1
322 305 1
322 658 1
322 140 1
322 597 1
322 363 1
322 258 1
322 68 1
322 631 1
322 66 1
322 582 1
322 238 1
675 197 1
675 350 1
675 586 1
318 50 1
1 575 1
1 19 1
1 406 1
1 245 1
1 181 1
1 29 1
69 481 1
69 341 1
204 229 1
204 375 1
204 514 1
204 285 1
204 636 1
204 169 1
204 154 1
204 344 1
204 25 1
204 212 1
204 333 1
204 588 1
204 113 1
149 650 1
146 85 1
146 299 1
146 469 1
146 407 1
146 174 1
146 186 1
146 275 1
146 564 1
146 219 1
146 460 1
146 474 1
612 223 1
325 414 1
290 653 1
490 451 1
40 47 1
40 139 1
40 48 1
40 67 1
40 685 1
40 548 1
40 401 1
40 255 1
40 354 1
40 348 1
40 528 1
40 659 1
40 314 1
40 565 1
40 576 1
40 682 1
40 346 1
40 639 1
40 304 1
40 605 1
40 272 1
556 109 1
133 657 1
133 617 1
133 307 1
133 604 1
133 599 1
133 172 1
133 342 1
133 103 1
133 279 1
133 602 1
133 330 1
184 55 1
184 589 1
184 425 1
184 72 1
184 647 1
184 323 1
184 632 1
184 523 1
184 468 1
184 57 1
184 578 1
184 475 1
101 559 1
101 115 1
101 14 1
101 6 1
101 434 1
101 549 1
101 697 1
83 656 1
635 117 1
635 65 1
543 178 1
543 446 1
8 185 1
8 646 1
8 221 1
8 39 1
8 232 1
8 86 1
8 99 1
8 92 1
8 220 1
70 185 1
70 239 1
70 445 1
629 365 1
629 30 1
452 402 1
2 384 1
449 654 1
449 104 1
170 532 1
170 18 1
170 73 1
172 633 1
172 552 1
198 167 1
608 268 1
262 64 1
262 60 1
4 398 1
523 105 1
523 473 1
618 261 1
618 10 1
618 453 1
618 649 1
618 111 1
618 620 1
618 562 1
153 397 1
57 94 1
454 493 1
454 191 1
454 32 1
454 655 1
454 337 1
454 247 1
454 577 1
454 143 1
454 472 1
454 429 1
454 629 1
454 2 1
454 416 1
454 49 1
454 15 1
454 595 1
454 100 1
454 119 1
454 242 1
454 551 1
454 386 1
447 596 1
463 120 1
463 432 1
603 193 1
603 614 1
603 259 1
603 634 1
603 491 1
603 320 1
603 609 1
317 488 1
129 695 1
507 145 1
507 571 1
507 433 1
507 44 1
507 34 1
507 249 1
507 366 1
507 557 1
507 673 1
507 368 1
507 124 1
507 489 1
507 353 1
507 284 1
507 199 1
507 498 1
507 478 1
507 502 1
507 125 1
507 251 1
507 231 1
507 619 1
507 367 1
507 234 1
507 440 1
104 166 1
533 97 1
622 297 1
622 121 1
622 141 1
622 207 1
622 5 1
622 422 1
622 12 1
622 236 1
622 70 1
622 618 1
622 448 1
622 447 1
622 93 1
622 308 1
622 442 1
231 590 1
231 310 1
231 462 1
444 126 1
619 58 1
619 288 1
619 652 1
100 257 1
527 396 1
527 328 1
527 24 1
527 664 1
527 215 1
527 370 1
527 596 1
21 222 1
21 555 1
21 137 1
21 457 1
21 419 1
21 240 1
21 513 1
21 540 1
21 270 1
21 450 1
321 496 1
321 477 1
321 190 1
531 340 1
531 106 1
666 443 1
615 271 1
615 592 1
615 351 1
227 316 1
499 217 1
313 667 1
313 506 1
313 256 1
509 387 1
509 312 1
264 235 1
264 430 1
264 550 1
264 75 1
264 660 1
631 517 1
631 205 1
631 704 1
486 43 1
486 470 1
92 417 1
92 90 1
92 703 1
92 273 1
92 613 1
92 246 1
581 534 1
581 698 1
242 529 1
242 482 1
242 233 1
242 187 1
242 96 1
242 426 1
242 35 1
242 490 1
242 642 1
242 392 1
545 152 1
304 566 1
304 591 1
371 269 1
371 138 1
371 415 1
371 553 1
371 165 1
394 241 1
394 352 1
394 22 1
394 218 1
394 630 1
394 142 1
394 176 1
394 283 1
394 587 1
394 110 1
394 688 1
394 244 1
394 699 1
394 665 1
394 164 1
394 157 1
394 195 1
394 329 1
394 160 1
394 206 1
394 409 1
394 411 1
394 254 1
394 180 1
394 162 1
394 194 1
394 4 1
394 395 1
394 20 1
394 163 1
394 61 1
394 666 1
394 227 1
394 362 1
394 484 1
394 230 1
394 183 1
116 88 1
116 518 1
116 696 1
357 561 1
357 651 1
357 87 1
357 408 1
336 504 1
450 563 1
450 500 1
450 216 1
450 645 1
450 192 1
450 465 1
450 266 1
450 558 1
450 358 1
450 83 1
450 302 1
450 59 1
450 515 1
450 228 1
450 8 1
450 464 1
450 611 1
450 301 1
183 309 1
501 505 1
238 196 1
238 359 1
238 467 1
