1138 1255 1
1138 1111 1
1204 537 1
1204 1627 1
1204 1017 1
930 903 1
930 688 1
930 767 1
432 1752 1
432 1805 1
432 839 1
432 1122 1
432 1369 1
432 831 1
432 563 1
432 1844 1
432 532 1
400 695 1
400 1790 1
1256 1835 1
1256 948 1
1256 970 1
599 228 1
599 1676 1
599 1902 1
599 444 1
599 968 1
599 523 1
599 42 1
599 1542 1
599 926 1
599 342 1
599 112 1
599 1041 1
599 1190 1
599 62 1
599 1883 1
1545 356 1
1576 490 1
1576 1358 1
1576 662 1
455 262 1
455 102 1
455 747 1
455 1575 1
455 624 1
455 843 1
455 394 1
455 260 1
455 1885 1
455 134 1
455 987 1
455 939 1
455 91 1
455 816 1
455 274 1
455 1439 1
455 1722 1
455 1516 1
238 605 1
1919 1798 1
745 807 1
745 872 1
1247 1175 1
1247 185 1
1247 1121 1
1247 1665 1
1247 269 1
1247 382 1
1247 1707 1
305 473 1
305 201 1
1618 1155 1
1618 472 1
1618 88 1
1618 328 1
1618 1595 1
408 1021 1
1098 1539 1
1105 463 1
1105 1761 1
1105 603 1
1105 1404 1
1105 1636 1
1105 1671 1
1105 279 1
628 1775 1
628 818 1
197 859 1
197 1948 1
197 1672 1
197 698 1
965 723 1
965 1413 1
965 422 1
965 1660 1
965 334 1
965 17 1
965 1461 1
965 850 1
965 936 1
965 604 1
965 1881 1
965 861 1
965 1573 1
965 366 1
965 1501 1
965 1052 1
474 670 1
474 230 1
307 548 1
784 1846 1
784 1862 1
784 824 1
784 1422 1
1477 1588 1
1477 501 1
1477 1253 1
1477 1679 1
1477 732 1
1477 1027 1
1477 1042 1
1477 275 1
1477 1487 1
1477 1931 1
1477 303 1
1477 1935 1
1477 1758 1
1477 399 1
1477 1372 1
1477 215 1
1477 332 1
1477 535 1
1477 1843 1
1477 999 1
1477 288 1
1477 1628 1
1477 1130 1
1477 1557 1
571 1718 1
571 837 1
571 1349 1
571 1759 1
571 1427 1
1359 1478 1
768 728 1
768 708 1
768 546 1
1500 392 1
1500 1065 1
1198 1104 1
1198 336 1
1198 593 1
1198 1959 1
1198 83 1
1198 1222 1
1198 716 1
1198 975 1
214 1551 1
1565 703 1
1565 809 1
1565 1804 1
1565 1803 1
1565 1007 1
1565 560 1
1565 709 1
1565 1072 1
1565 76 1
1565 944 1
1565 225 1
1565 629 1
1565 753 1
1719 1153 1
1812 1623 1
558 362 1
264 1257 1
264 53 1
1522 1145 1
810 1329 1
1101 1374 1
1101 1239 1
1101 1960 1
1101 1196 1
1962 1197 1
1962 923 1
1711 673 1
1711 1301 1
1711 669 1
1711 1458 1
1308 20 1
1308 1000 1
1308 1093 1
500 1002 1
500 1705 1
500 1245 1
500 1822 1
500 1854 1
500 938 1
500 962 1
500 1230 1
500 198 1
500 1220 1
430 1533 1
430 825 1
1633 1080 1
1633 1552 1
1633 132 1
1342 851 1
1342 33 1
1342 1582 1
47 1882 1
47 106 1
380 417 1
1694 1097 1
1694 514 1
1694 123 1
1694 1157 1
1694 1893 1
1694 1644 1
1694 805 1
1694 928 1
1694 568 1
1694 976 1
1694 946 1
1694 1194 1
1694 1082 1
678 1301 1
259 1637 1
259 1048 1
259 1747 1
259 1851 1
259 242 1
1340 1951 1
1340 1457 1
1920 676 1
1920 1910 1
1920 77 1
1920 515 1
1920 880 1
1920 216 1
1920 1234 1
1920 502 1
1920 1262 1
1920 1494 1
1920 1787 1
1920 177 1
1920 445 1
1160 1371 1
1160 1739 1
1160 468 1
443 1488 1
30 1517 1
30 943 1
30 655 1
1678 11 1
1678 833 1
782 1033 1
782 819 1
782 963 1
782 682 1
782 1666 1
782 148 1
782 6 1
782 1106 1
782 65 1
169 249 1
169 1308 1
169 390 1
169 339 1
169 287 1
169 1684 1
169 1028 1
169 1335 1
169 1455 1
169 1273 1
1918 649 1
1918 1298 1
1918 450 1
1918 840 1
1918 1154 1
272 1915 1
272 248 1
272 477 1
272 1921 1
272 1195 1
677 38 1
677 1877 1
677 791 1
1564 1845 1
659 499 1
659 1319 1
659 1191 1
977 1056 1
977 1541 1
1170 540 1
1253 401 1
1253 340 1
1084 971 1
1084 1878 1
1084 1690 1
1084 619 1
1084 236 1
1084 507 1
1084 870 1
1363 727 1
1363 1673 1
69 691 1
69 1337 1
69 1680 1
69 426 1
69 1464 1
69 61 1
69 103 1
69 396 1
69 557 1
874 1886 1
874 595 1
122 1259 1
122 1215 1
122 620 1
122 934 1
1682 1630 1
1599 1764 1
1800 229 1
1800 1076 1
1800 354 1
1800 734 1
957 993 1
957 1178 1
957 145 1
1313 1331 1
1313 1025 1
1325 1567 1
1325 127 1
1325 592 1
350 346 1
350 1634 1
350 1205 1
350 1857 1
1482 1561 1
1326 1315 1
1326 1949 1
924 1568 1
1011 312 1
1379 904 1
1379 1770 1
101 146 1
101 1934 1
101 885 1
101 1829 1
101 622 1
101 478 1
101 113 1
101 1304 1
1942 211 1
1942 1891 1
1942 1339 1
1942 828 1
1942 881 1
769 1508 1
769 1515 1
769 1417 1
182 35 1
182 1958 1
182 1168 1
1830 1032 1
1830 1796 1
425 75 1
175 111 1
175 960 1
14 558 1
14 167 1
14 1715 1
14 941 1
14 1479 1
1254 530 1
1254 218 1
1254 1550 1
361 572 1
361 292 1
1351 94 1
1351 298 1
1351 640 1
1351 441 1
1351 516 1
1351 1185 1
1351 1772 1
1109 967 1
167 1199 1
291 866 1
291 1189 1
1276 299 1
1276 465 1
1276 1612 1
1276 1094 1
919 1702 1
919 822 1
919 245 1
919 241 1
919 685 1
919 1279 1
919 679 1
919 7 1
919 19 1
1039 1613 1
470 906 1
92 161 1
761 907 1
761 1286 1
1736 525 1
1736 1324 1
1736 491 1
1736 787 1
1736 533 1
1736 200 1
1736 461 1
1736 327 1
1736 1713 1
1736 522 1
1736 594 1
460 1368 1
559 1088 1
559 630 1
559 481 1
559 693 1
559 402 1
559 1384 1
1163 1797 1
1163 910 1
1163 147 1
1163 435 1
1683 373 1
1683 1748 1
981 579 1
981 511 1
372 1655 1
372 138 1
1421 34 1
13 1510 1
339 518 1
918 1296 1
918 479 1
918 1771 1
918 1507 1
918 1903 1
1310 706 1
1310 901 1
1310 1826 1
1112 641 1
240 1537 1
240 1953 1
240 1217 1
240 1827 1
240 1226 1
1867 290 1
1867 330 1
1867 652 1
1867 916 1
1867 1699 1
567 1467 1
567 1616 1
567 1794 1
567 786 1
1197 1172 1
1197 1019 1
1197 1725 1
836 157 1
231 74 1
231 937 1
231 1850 1
585 569 1
796 790 1
71 424 1
1182 1221 1
1182 1385 1
1182 1356 1
1182 1240 1
1182 1289 1
1182 142 1
925 1489 1
89 1473 1
89 37 1
89 781 1
1275 482 1
1323 495 1
1206 1631 1
1206 1900 1
636 1742 1
636 203 1
1763 792 1
536 1512 1
1141 900 1
1141 1873 1
1141 104 1
1141 1842 1
1141 110 1
1690 524 1
1781 1614 1
1781 590 1
1781 1659 1
1781 800 1
1781 171 1
1781 1210 1
1781 877 1
1781 1570 1
1781 1598 1
1781 221 1
1781 414 1
1781 1115 1
1781 855 1
1693 1247 1
1693 21 1
1693 1590 1
1693 1451 1
1693 638 1
696 612 1
696 1852 1
696 891 1
696 281 1
696 1505 1
696 898 1
696 1732 1
696 580 1
1173 588 1
1173 237 1
1769 1750 1
1227 1229 1
1227 1018 1
1227 1035 1
1684 773 1
1577 1231 1
1338 774 1
1338 1127 1
1692 671 1
1692 1723 1
1692 715 1
1805 1095 1
1805 1454 1
9 1460 1
959 205 1
1192 1497 1
1192 1428 1
1192 531 1
1192 724 1
1192 1407 1
1192 1333 1
1192 1726 1
1192 151 1
1192 759 1
150 1401 1
1653 1837 1
1653 1898 1
1543 1589 1
1543 1769 1
1543 789 1
1543 1444 1
1543 163 1
1543 250 1
1543 766 1
1543 1081 1
832 1092 1
832 1853 1
832 174 1
832 656 1
832 799 1
832 1786 1
1641 544 1
433 1712 1
1030 858 1
1030 543 1
1030 448 1
1030 1525 1
419 1560 1
419 793 1
419 265 1
419 1211 1
419 1438 1
419 1518 1
419 1860 1
1717 1783 1
1717 509 1
1717 1066 1
1717 538 1
1717 1721 1
1717 1532 1
1717 297 1
210 1475 1
210 692 1
210 1432 1
210 1311 1
1840 1642 1
1840 357 1
966 718 1
239 1930 1
176 1928 1
176 1113 1
176 519 1
176 1463 1
176 358 1
176 1344 1
176 1849 1
917 950 1
917 754 1
1336 989 1
1336 729 1
1336 1559 1
1336 1355 1
654 466 1
654 119 1
654 442 1
654 1251 1
654 186 1
654 1078 1
1535 1278 1
1811 573 1
1811 1010 1
1811 1922 1
1252 351 1
1486 440 1
1486 1753 1
1486 109 1
1486 1813 1
1724 1434 1
1724 398 1
1724 428 1
1724 567 1
1724 1606 1
1724 1270 1
1724 115 1
1724 1608 1
1724 1834 1
1724 1528 1
1724 1602 1
1724 564 1
1724 565 1
1724 1425 1
869 349 1
1228 632 1
1228 787 1
1228 936 1
1120 379 1
341 1359 1
341 405 1
341 31 1
341 1459 1
1784 1073 1
1943 1809 1
989 905 1
441 117 1
441 1802 1
441 958 1
1398 389 1
1398 252 1
1398 1101 1
1398 1491 1
1398 754 1
1398 72 1
1398 1050 1
44 492 1
44 779 1
44 15 1
44 1519 1
44 1940 1
44 302 1
44 449 1
1875 821 1
1875 1799 1
1875 1183 1
1875 37 1
1875 23 1
1875 1555 1
58 1046 1
319 915 1
319 1120 1
1233 823 1
1233 780 1
1233 714 1
1235 1003 1
1235 1246 1
1235 867 1
1863 1621 1
1070 777 1
1070 343 1
1070 338 1
1070 1663 1
1801 1440 1
1801 1346 1
1801 1490 1
1801 1701 1
513 376 1
513 505 1
513 1495 1
154 740 1
154 911 1
1527 985 1
1527 914 1
1527 10 1
1527 64 1
1527 1179 1
483 1743 1
383 301 1
383 1306 1
1450 276 1
1450 494 1
1450 1695 1
1450 1001 1
1450 1650 1
1450 1471 1
1814 1879 1
1746 801 1
1746 1123 1
849 1411 1
1444 988 1
1151 738 1
1593 997 1
375 136 1
375 1144 1
1131 1116 1
1131 1529 1
1131 893 1
1869 1929 1
1869 935 1
1869 1287 1
1869 206 1
1869 1779 1
1587 966 1
1587 1357 1
1587 137 1
1587 139 1
1587 1207 1
1361 838 1
1361 1574 1
1361 556 1
1382 416 1
575 1737 1
575 678 1
575 39 1
255 1791 1
255 199 1
255 1480 1
1055 219 1
22 1237 1
22 806 1
22 1366 1
22 143 1
687 1156 1
687 553 1
687 689 1
687 1293 1
1122 1071 1
1122 1658 1
1016 270 1
1016 878 1
1016 1937 1
1016 1762 1
1277 278 1
1277 566 1
1277 1332 1
1330 484 1
1330 785 1
1330 1741 1
1601 600 1
1601 1867 1
1601 1880 1
538 608 1
1270 464 1
1395 1657 1
770 814 1
1420 420 1
1420 1150 1
1420 1863 1
1420 245 1
1420 1757 1
1420 246 1
1420 742 1
1420 431 1
1420 748 1
404 66 1
1447 172 1
95 395 1
95 271 1
498 1390 1
498 296 1
498 1583 1
1542 1756 1
329 353 1
329 1828 1
1290 887 1
1290 48 1
1290 454 1
1290 79 1
1290 285 1
1290 383 1
1290 1504 1
1290 710 1
1290 794 1
1290 1321 1
1290 323 1
1290 1947 1
1290 1327 1
160 961 1
160 1792 1
160 1347 1
160 547 1
160 717 1
1523 1685 1
1523 1544 1
1523 554 1
1523 1141 1
1523 835 1
1523 1578 1
1523 1956 1
1776 913 1
1776 1961 1
1643 834 1
1643 549 1
973 1203 1
973 1596 1
973 1777 1
973 165 1
854 665 1
854 1043 1
854 196 1
854 1733 1
1481 1889 1
1481 1509 1
1481 25 1
741 1177 1
741 1465 1
741 184 1
741 29 1
741 746 1
1142 776 1
124 1193 1
1661 618 1
1661 888 1
1661 1871 1
1661 1236 1
1661 570 1
1661 1267 1
756 1730 1
756 70 1
756 1870 1
752 1648 1
1760 322 1
1760 1500 1
1760 169 1
1760 460 1
1760 1819 1
1760 1816 1
1760 1062 1
902 577 1
902 1955 1
902 1520 1
902 1691 1
902 87 1
902 707 1
902 471 1
1778 1833 1
1778 114 1
1037 1334 1
1442 1868 1
1933 857 1
1933 856 1
1933 1297 1
1933 256 1
1933 46 1
1933 1941 1
1933 284 1
1933 1004 1
1933 1288 1
1933 1859 1
1414 597 1
923 868 1
923 1184 1
923 96 1
923 760 1
923 209 1
190 1832 1
783 68 1
1476 1204 1
1476 457 1
1476 586 1
1476 1060 1
1476 1635 1
1476 247 1
1476 749 1
1476 562 1
1476 653 1
1476 1058 1
1476 1808 1
1476 1074 1
1476 273 1
895 844 1
895 54 1
895 202 1
895 1133 1
895 1697 1
895 1423 1
895 1176 1
895 384 1
895 1600 1
895 927 1
282 45 1
282 1740 1
282 1652 1
282 931 1
282 755 1
324 611 1
324 633 1
324 1045 1
324 386 1
324 1709 1
324 1005 1
1040 118 1
232 208 1
520 1382 1
520 686 1
1174 1437 1
560 596 1
560 439 1
560 59 1
36 1238 1
561 1143 1
1424 1633 1
1424 14 1
1424 808 1
1424 1395 1
1424 1514 1
1424 690 1
1424 1558 1
496 1169 1
1559 456 1
1107 1766 1
1107 711 1
1107 951 1
1107 909 1
1107 178 1
1107 235 1
1107 1166 1
1107 310 1
1167 817 1
1167 1866 1
700 1059 1
700 1110 1
1927 896 1
709 50 1
367 378 1
179 415 1
179 751 1
179 929 1
179 684 1
179 1380 1
179 1023 1
179 470 1
179 539 1
179 637 1
179 1952 1
179 1604 1
179 1261 1
179 1436 1
179 802 1
179 345 1
179 1638 1
576 116 1
597 81 1
597 953 1
258 1137 1
258 1047 1
258 233 1
258 737 1
258 40 1
258 1284 1
258 1738 1
447 1152 1
447 1703 1
447 43 1
447 437 1
447 1677 1
1880 1620 1
1357 1603 1
1357 1149 1
1357 1134 1
1357 452 1
1357 1090 1
1357 213 1
1357 306 1
1788 723 1
1788 1861 1
1788 1538 1
1788 86 1
52 1445 1
52 1392 1
1901 681 1
1901 363 1
1901 972 1
1901 1322 1
1901 545 1
1901 634 1
1901 510 1
1901 995 1
1901 964 1
1901 1597 1
1647 798 1
563 1654 1
581 1108 1
698 85 1
1448 1895 1
1448 1897 1
1448 744 1
1448 845 1
1448 1611 1
1448 212 1
1448 289 1
1448 203 1
1448 1643 1
1448 1629 1
1448 721 1
1448 311 1
1448 1044 1
1448 331 1
1448 360 1
1448 1521 1
1448 954 1
1448 864 1
1448 1022 1
1448 1209 1
1831 1376 1
1831 1468 1
1831 1268 1
1831 607 1
96 393 1
96 992 1
1824 359 1
1824 485 1
1824 277 1
582 1496 1
582 1754 1
582 615 1
582 1946 1
582 1470 1
582 589 1
582 1387 1
807 166 1
807 313 1
807 1264 1
807 1123 1
807 803 1
1216 1914 1
1216 601 1
1216 875 1
1360 1388 1
1360 308 1
1360 1260 1
1360 487 1
1360 852 1
1360 1029 1
1360 609 1
1258 318 1
234 257 1
578 1352 1
1158 348 1
1158 1091 1
1158 1617 1
1158 1314 1
1158 1869 1
1158 1277 1
1158 1776 1
1158 1408 1
1158 1594 1
1158 700 1
1158 1609 1
1158 458 1
988 657 1
1954 1785 1
1180 897 1
1180 668 1
1180 705 1
1283 504 1
1283 1688 1
1283 795 1
1283 304 1
56 1624 1
56 412 1
56 251 1
56 320 1
56 1950 1
106 1584 1
1085 294 1
1085 1443 1
283 1608 1
1241 1162 1
1241 1394 1
1241 775 1
1241 1749 1
1864 84 1
418 921 1
418 1734 1
418 912 1
418 853 1
418 1823 1
418 1341 1
1212 16 1
1300 949 1
1453 701 1
1453 385 1
1453 1038 1
1850 921 1
1850 660 1
173 280 1
173 141 1
173 552 1
173 1391 1
1689 506 1
1689 173 1
1518 873 1
1518 651 1
244 674 1
244 1373 1
244 1051 1
1303 978 1
1303 1535 1
1303 95 1
1303 329 1
1303 1216 1
1303 418 1
1266 550 1
1266 993 1
1266 1281 1
351 370 1
351 18 1
351 1639 1
1720 1755 1
1720 1782 1
1720 752 1
1720 621 1
1720 497 1
120 1945 1
120 712 1
120 647 1
120 1402 1
1412 1396 1
1412 1129 1
1412 664 1
1412 1223 1
1412 1855 1
1412 191 1
1412 847 1
1412 2 1
1412 1233 1
1412 1704 1
1412 154 1
1412 627 1
1412 895 1
1412 52 1
1412 391 1
1412 829 1
1412 1400 1
1412 574 1
1412 1214 1
1412 1350 1
547 243 1
547 811 1
547 429 1
547 815 1
547 1536 1
547 180 1
368 1448 1
368 1524 1
1008 1067 1
1008 1768 1
1008 1537 1
1008 1 1
1008 1061 1
1008 162 1
1008 1892 1
295 32 1
1825 333 1
1825 1069 1
1825 1397 1
1825 41 1
1825 1936 1
12 979 1
12 1430 1
195 1531 1
195 1242 1
195 841 1
195 27 1
195 884 1
458 1913 1
458 1728 1
458 1884 1
458 1446 1
458 364 1
458 1348 1
458 344 1
458 1562 1
458 743 1
1538 226 1
1538 1942 1
1538 1795 1
1538 1024 1
1538 317 1
1538 542 1
1538 1034 1
1538 1911 1
1538 672 1
1538 1219 1
1538 1619 1
1538 427 1
1538 293 1
1538 1462 1
1538 994 1
1538 1200 1
894 266 1
1146 1696 1
1146 826 1
1146 1057 1
1146 827 1
1146 1075 1
1146 375 1
1146 1502 1
1146 1049 1
1146 447 1
1146 300 1
1146 56 1
1146 170 1
1146 488 1
1146 315 1
1146 650 1
1146 1656 1
1146 1626 1
725 1893 1
1089 1731 1
107 1806 1
97 764 1
97 227 1
97 144 1
1280 1103 1
1280 1186 1
1280 217 1
1280 267 1
1280 1031 1
1280 1556 1
1280 1686 1
1280 1670 1
1280 1370 1
1280 1548 1
1280 1117 1
1280 1615 1
1280 1924 1
1280 952 1
625 643 1
625 1745 1
625 1580 1
625 889 1
625 1581 1
625 1433 1
625 1014 1
625 758 1
625 726 1
644 1013 1
644 1789 1
1723 1139 1
1723 920 1
1723 403 1
1723 1625 1
1723 1681 1
812 1302 1
812 1363 1
812 1554 1
413 1053 1
108 667 1
979 80 1
979 614 1
979 1243 1
979 1511 1
979 1362 1
979 517 1
979 1126 1
979 680 1
979 1282 1
979 765 1
1026 1170 1
1026 1571 1
1026 60 1
736 1096 1
736 355 1
736 1124 1
736 1418 1
736 541 1
736 683 1
736 374 1
736 152 1
736 1466 1
736 1888 1
1430 642 1
467 1294 1
467 93 1
467 1664 1
467 453 1
467 1907 1
467 1906 1
467 990 1
467 1820 1
467 1912 1
598 135 1
1957 126 1
1957 1009 1
1957 1483 1
1957 1899 1
1410 1006 1
1410 1420 1
1410 983 1
204 882 1
204 991 1
204 892 1
719 1164 1
719 1649 1
719 1569 1
719 1307 1
719 1128 1
719 1416 1
719 283 1
719 1064 1
715 820 1
715 1925 1
715 1415 1
715 602 1
715 555 1
715 984 1
715 521 1
715 1449 1
871 1201 1
1573 1383 1
410 1547 1
410 1909 1
410 1765 1
410 1839 1
848 130 1
848 1894 1
848 268 1
848 486 1
1874 986 1
1553 965 1
1553 1780 1
1553 699 1
1553 365 1
1553 696 1
1553 26 1
1553 1788 1
1553 1412 1
1553 156 1
1553 406 1
49 1354 1
49 63 1
830 1198 1
830 1030 1
830 1450 1
830 529 1
830 1938 1
830 1824 1
830 1674 1
830 508 1
830 1068 1
830 1364 1
1572 121 1
1572 140 1
1572 1224 1
1572 1456 1
1572 193 1
722 1904 1
722 982 1
722 1086 1
722 945 1
722 804 1
722 772 1
722 1442 1
722 617 1
722 1503 1
508 1908 1
508 90 1
508 1040 1
508 1213 1
1263 1201 1
1263 1365 1
702 1312 1
702 1815 1
702 635 1
1185 1896 1
1185 1944 1
980 1265 1
980 1622 1
980 1492 1
980 661 1
1838 503 1
1838 1486 1
1291 1343 1
1291 583 1
1148 82 1
1148 155 1
1148 883 1
1148 1784 1
1148 1328 1
1148 469 1
170 493 1
170 1119 1
489 730 1
489 1100 1
489 153 1
489 1159 1
489 1646 1
489 1181 1
489 314 1
489 1469 1
223 69 1
223 99 1
223 1182 1
223 476 1
223 1274 1
223 1729 1
223 1405 1
223 1640 1
1305 73 1
1305 1817 1
194 899 1
194 1858 1
194 409 1
194 1393 1
194 677 1
194 636 1
194 210 1
194 947 1
194 763 1
194 666 1
194 1036 1
194 560 1
194 159 1
194 321 1
194 1546 1
194 860 1
194 1429 1
194 842 1
194 1591 1
886 1292 1
886 890 1
886 1232 1
886 762 1
462 1667 1
1005 1316 1
697 1317 1
697 645 1
697 1426 1
1669 1706 1
1669 224 1
1669 188 1
1807 713 1
1807 1506 1
1525 1125 1
1698 1773 1
1698 446 1
1698 631 1
1558 337 1
1558 1399 1
1558 1727 1
1558 735 1
1558 1165 1
1558 1318 1
1558 1079 1
1558 316 1
1558 335 1
1558 1793 1
1140 168 1
1816 1687 1
1816 1271 1
1816 1540 1
606 387 1
606 1651 1
606 411 1
606 526 1
1592 1774 1
1592 675 1
1592 694 1
1592 1020 1
1714 1249 1
1524 1522 1
1524 1498 1
1524 969 1
1524 1607 1
1524 1841 1
1524 1295 1
1524 1431 1
1524 527 1
1524 24 1
1524 397 1
1524 1923 1
1524 207 1
1524 756 1
1524 436 1
1524 187 1
1524 1345 1
1524 876 1
1524 996 1
1524 757 1
1524 261 1
1524 1926 1
1524 1645 1
1524 1409 1
1218 183 1
1218 1632 1
1218 778 1
1218 1012 1
1218 1250 1
1772 1187 1
1772 1836 1
1772 1435 1
1772 1441 1
1772 587 1
1917 1872 1
438 1309 1
438 1484 1
438 591 1
438 125 1
459 940 1
459 1015 1
459 1403 1
459 1377 1
459 1586 1
459 1744 1
459 1325 1
459 286 1
459 1421 1
459 788 1
459 1662 1
459 1566 1
459 733 1
459 1107 1
459 771 1
459 1208 1
459 1751 1
1102 1549 1
1102 663 1
1102 55 1
1102 1865 1
1102 5 1
1102 222 1
955 1472 1
8 1887 1
8 192 1
8 534 1
1381 1499 1
1381 610 1
1381 1668 1
1381 862 1
1381 1375 1
1381 865 1
1381 626 1
1381 1856 1
1381 846 1
1381 1406 1
1381 1810 1
263 739 1
263 1367 1
263 1708 1
1273 879 1
1273 1054 1
1273 1147 1
1273 480 1
1273 434 1
1273 1610 1
57 253 1
1916 1244 1
1050 78 1
1050 797 1
1099 528 1
471 623 1
471 326 1
471 407 1
471 1136 1
1847 1710 1
1847 1083 1
1847 309 1
1847 646 1
1847 1932 1
1472 381 1
1472 1320 1
1472 1378 1
1472 388 1
1472 189 1
1472 352 1
1472 1905 1
1472 423 1
1472 100 1
1472 1132 1
813 1720 1
813 1807 1
128 371 1
1386 131 1
1386 197 1
1386 1876 1
1386 1821 1
1386 932 1
1386 698 1
1386 108 1
1386 347 1
1386 658 1
1386 164 1
1735 181 1
1272 369 1
1272 272 1
1272 1087 1
1272 998 1
1272 1452 1
1272 1485 1
1272 639 1
1272 325 1
1272 933 1
1272 1114 1
1272 158 1
1272 648 1
1272 1818 1
1272 1939 1
1272 736 1
1272 616 1
1272 1716 1
1272 1419 1
1272 377 1
1272 1526 1
1272 1171 1
1563 51 1
1656 584 1
942 512 1
421 220 1
1936 1530 1
1936 974 1
1459 1225 1
1459 1585 1
1353 1188 1
1353 1493 1
1353 1063 1
1353 956 1
1353 1161 1
1605 1269 1
1605 1202 1
1605 1248 1
1171 98 1
67 628 1
67 1135 1
67 133 1
67 1848 1
67 1513 1
67 704 1
67 720 1
67 149 1
67 28 1
67 731 1
67 1474 1
67 863 1
67 922 1
67 462 1
1389 796 1
1389 1579 1
1389 4 1
1285 1118 1
1285 750 1
551 1767 1
551 1700 1
551 1675 1
1516 613 1
1516 451 1
1516 908 1
1516 105 1
1516 475 1
1516 1077 1
1534 1890 1
1534 3 1
1364 254 1
1364 129 1
1364 1299 1
