294 200 1
294 318 1
294 68 1
294 84 1
294 291 1
294 287 1
161 285 1
161 124 1
216 251 1
216 322 1
263 301 1
263 55 1
263 191 1
33 269 1
33 323 1
184 136 1
116 207 1
235 100 1
235 37 1
95 302 1
189 313 1
189 206 1
296 45 1
296 303 1
296 211 1
256 293 1
256 86 1
256 242 1
256 98 1
256 214 1
256 79 1
256 168 1
256 7 1
256 103 1
256 154 1
256 215 1
207 2 1
207 234 1
207 53 1
207 112 1
207 28 1
207 1 1
207 142 1
65 175 1
72 69 1
72 30 1
121 304 1
121 228 1
121 316 1
169 324 1
182 227 1
182 56 1
182 137 1
182 148 1
270 261 1
293 150 1
293 34 1
293 60 1
293 310 1
293 295 1
170 58 1
36 33 1
36 48 1
143 185 1
143 217 1
143 262 1
143 283 1
143 276 1
143 264 1
143 15 1
210 96 1
210 327 1
325 93 1
212 284 1
319 296 1
319 104 1
319 49 1
319 16 1
219 14 1
219 153 1
219 128 1
219 299 1
219 171 1
247 224 1
144 136 1
144 114 1
144 271 1
309 320 1
309 249 1
309 78 1
309 326 1
309 82 1
309 146 1
309 46 1
309 35 1
309 225 1
309 97 1
24 272 1
107 43 1
107 289 1
138 130 1
330 266 1
330 92 1
330 213 1
25 235 1
25 201 1
25 328 1
25 243 1
25 38 1
25 54 1
25 265 1
25 174 1
25 134 1
25 125 1
25 163 1
25 90 1
25 218 1
25 47 1
141 108 1
141 229 1
141 203 1
254 282 1
254 39 1
254 64 1
254 192 1
254 205 1
254 66 1
10 166 1
10 139 1
10 180 1
86 237 1
86 67 1
86 315 1
8 263 1
8 183 1
8 144 1
8 230 1
220 102 1
159 147 1
186 307 1
186 73 1
186 101 1
186 164 1
186 20 1
186 6 1
186 129 1
186 113 1
186 314 1
186 245 1
186 257 1
186 255 1
186 91 1
186 308 1
186 317 1
149 253 1
149 279 1
149 106 1
149 199 1
149 197 1
149 198 1
149 22 1
149 297 1
149 181 1
80 246 1
80 123 1
80 11 1
80 133 1
80 89 1
221 187 1
221 184 1
221 70 1
221 23 1
221 77 1
221 268 1
221 9 1
244 188 1
244 190 1
244 81 1
244 26 1
244 110 1
151 236 1
151 40 1
109 51 1
109 311 1
9 165 1
196 156 1
196 233 1
248 329 1
248 321 1
208 202 1
208 331 1
132 71 1
132 193 1
132 176 1
132 194 1
132 298 1
132 332 1
132 140 1
132 94 1
132 44 1
240 3 1
240 50 1
125 290 1
125 61 1
125 74 1
63 138 1
63 31 1
63 231 1
273 312 1
259 238 1
259 167 1
260 83 1
260 12 1
260 21 1
260 210 1
260 87 1
260 195 1
260 275 1
260 157 1
260 99 1
260 172 1
17 223 1
17 267 1
17 131 1
17 286 1
17 57 1
17 288 1
250 4 1
300 18 1
120 222 1
5 173 1
5 305 1
5 333 1
5 226 1
226 13 1
19 204 1
19 152 1
19 306 1
19 220 1
59 105 1
59 277 1
75 177 1
75 117 1
278 162 1
126 119 1
126 274 1
126 252 1
126 179 1
126 27 1
126 232 1
126 160 1
126 334 1
57 41 1
57 122 1
57 115 1
57 239 1
258 32 1
292 158 1
292 280 1
292 155 1
292 209 1
172 85 1
172 52 1
172 145 1
211 42 1
215 88 1
178 281 1
178 62 1
178 111 1
127 241 1
127 29 1
127 118 1
181 76 1
181 135 1
