979 870 1
979 567 1
979 1082 1
979 18 1
979 408 1
326 555 1
326 350 1
326 595 1
326 1344 1
326 566 1
326 1081 1
326 886 1
326 1330 1
326 59 1
326 965 1
326 664 1
326 150 1
326 1092 1
326 981 1
3 639 1
3 277 1
3 445 1
883 78 1
1128 194 1
1128 800 1
1128 1217 1
1128 511 1
1128 1257 1
1128 725 1
1128 729 1
1128 787 1
1128 254 1
1101 560 1
980 983 1
980 398 1
980 436 1
980 144 1
980 947 1
980 543 1
980 666 1
980 1322 1
980 1400 1
980 192 1
980 702 1
1197 1147 1
1029 1415 1
1029 697 1
1029 68 1
1029 1364 1
1029 676 1
951 430 1
951 290 1
951 1123 1
1285 692 1
1285 1118 1
1285 1246 1
728 558 1
728 575 1
728 897 1
728 235 1
728 419 1
728 1193 1
194 1093 1
194 130 1
194 1087 1
1023 979 1
1023 922 1
1023 507 1
1023 70 1
1023 1235 1
1023 752 1
278 79 1
278 808 1
278 817 1
278 783 1
719 788 1
719 1152 1
983 680 1
275 838 1
275 1048 1
275 1013 1
275 594 1
275 925 1
275 1384 1
275 1219 1
275 404 1
275 619 1
493 1287 1
493 803 1
493 265 1
493 1111 1
493 708 1
493 1221 1
493 1298 1
493 882 1
493 95 1
493 681 1
493 953 1
493 636 1
493 285 1
908 974 1
908 357 1
908 500 1
908 123 1
1320 823 1
1320 191 1
1320 960 1
415 556 1
1164 1192 1
1164 785 1
1164 179 1
1164 596 1
1164 1072 1
1164 1398 1
1164 1294 1
390 503 1
697 880 1
697 932 1
697 244 1
1002 985 1
1002 1385 1
758 1075 1
553 385 1
844 339 1
844 1396 1
885 824 1
885 832 1
885 934 1
885 906 1
885 663 1
885 211 1
1309 1282 1
1089 593 1
1089 127 1
1089 612 1
962 297 1
962 603 1
962 483 1
962 1125 1
962 1265 1
962 306 1
962 913 1
962 738 1
30 1101 1
30 850 1
30 1112 1
30 1122 1
30 898 1
30 120 1
30 1294 1
1301 267 1
98 1334 1
77 153 1
77 157 1
77 82 1
77 1083 1
77 1226 1
1162 900 1
1162 255 1
1162 830 1
1162 389 1
256 843 1
256 1358 1
1236 1003 1
1236 819 1
1236 197 1
1313 270 1
1313 1183 1
1313 1251 1
1313 789 1
482 998 1
1144 766 1
1 450 1
1 124 1
1 213 1
1 1230 1
785 259 1
288 784 1
288 451 1
288 498 1
288 1234 1
288 1194 1
288 102 1
288 977 1
288 1319 1
288 1327 1
288 714 1
288 67 1
371 21 1
371 750 1
1136 401 1
1136 790 1
1136 821 1
1136 427 1
1136 494 1
94 533 1
94 554 1
1278 420 1
1278 28 1
1278 527 1
1278 1086 1
1278 978 1
1278 1266 1
917 1236 1
917 1403 1
917 1360 1
1317 863 1
6 651 1
6 1300 1
6 460 1
6 151 1
6 670 1
6 75 1
145 164 1
388 449 1
388 32 1
388 833 1
575 322 1
822 439 1
822 1299 1
822 813 1
822 942 1
822 217 1
76 1370 1
674 1166 1
674 561 1
129 574 1
129 722 1
129 394 1
129 1025 1
129 1373 1
129 1255 1
129 226 1
129 354 1
65 1374 1
65 432 1
65 1116 1
65 147 1
400 966 1
400 873 1
732 1058 1
570 653 1
570 1155 1
570 1117 1
577 632 1
577 933 1
577 1283 1
577 243 1
884 926 1
778 1284 1
298 260 1
298 343 1
298 1380 1
298 869 1
298 375 1
240 196 1
240 805 1
240 1006 1
240 1336 1
1158 1134 1
1158 1169 1
774 126 1
774 283 1
774 741 1
774 1248 1
774 557 1
774 253 1
774 1079 1
774 1205 1
232 1269 1
232 1243 1
232 809 1
818 742 1
818 1220 1
818 542 1
818 536 1
818 25 1
196 572 1
824 396 1
824 1389 1
62 83 1
62 329 1
1393 1409 1
938 525 1
938 874 1
861 521 1
104 453 1
104 1335 1
104 963 1
308 970 1
308 165 1
308 842 1
88 1068 1
88 45 1
88 242 1
875 10 1
1188 490 1
1188 1161 1
1188 230 1
1188 768 1
1188 835 1
1188 826 1
904 1100 1
904 317 1
1009 576 1
116 892 1
534 907 1
534 1414 1
534 392 1
659 309 1
514 820 1
42 550 1
42 414 1
42 1184 1
967 262 1
967 1366 1
967 732 1
967 691 1
967 537 1
967 250 1
967 501 1
967 459 1
967 186 1
967 395 1
967 1227 1
967 56 1
584 85 1
1395 1262 1
1395 160 1
1395 447 1
1395 748 1
652 1337 1
652 1203 1
652 720 1
693 431 1
1237 795 1
1237 1252 1
1237 688 1
1237 29 1
1237 251 1
1237 38 1
1237 1279 1
1237 996 1
1237 1247 1
13 303 1
13 656 1
13 1088 1
13 910 1
13 638 1
623 1119 1
623 473 1
623 175 1
839 52 1
488 1001 1
488 624 1
488 346 1
488 1067 1
488 402 1
488 715 1
1267 630 1
227 1339 1
227 493 1
227 403 1
227 847 1
227 1278 1
227 176 1
227 994 1
227 182 1
227 661 1
227 291 1
227 496 1
227 382 1
227 672 1
227 760 1
227 895 1
227 829 1
227 1131 1
174 654 1
174 551 1
174 517 1
174 231 1
174 1106 1
220 695 1
1372 679 1
1372 1399 1
1372 355 1
1372 23 1
1372 1000 1
832 671 1
832 484 1
349 137 1
349 1176 1
349 988 1
349 859 1
108 248 1
108 1107 1
108 1049 1
108 956 1
1206 919 1
1206 1026 1
1206 391 1
1206 2 1
1206 472 1
1206 949 1
1206 442 1
1206 271 1
1206 825 1
1206 631 1
1206 467 1
352 1412 1
1254 1015 1
1254 607 1
1254 293 1
1254 471 1
1254 889 1
1254 1261 1
136 63 1
964 1353 1
1327 1276 1
1160 1189 1
89 1308 1
89 485 1
828 258 1
828 642 1
1411 1207 1
1411 361 1
412 238 1
412 409 1
412 12 1
412 678 1
412 1253 1
412 140 1
412 1196 1
412 470 1
412 359 1
412 1222 1
412 935 1
412 759 1
465 807 1
465 971 1
465 1397 1
465 19 1
465 433 1
1349 1065 1
879 317 1
876 266 1
152 417 1
152 1036 1
152 8 1
114 43 1
114 761 1
1102 478 1
1102 1387 1
755 538 1
205 665 1
205 1333 1
205 1033 1
205 1035 1
205 779 1
590 314 1
590 1135 1
590 286 1
590 1256 1
590 780 1
1312 930 1
1312 410 1
1312 304 1
1312 662 1
1312 1325 1
455 544 1
72 252 1
72 945 1
72 169 1
72 170 1
72 1080 1
72 1346 1
72 770 1
72 949 1
72 216 1
72 249 1
72 217 1
72 313 1
72 405 1
72 552 1
72 524 1
72 1277 1
72 245 1
24 888 1
24 502 1
24 88 1
24 1063 1
24 899 1
24 627 1
24 434 1
24 161 1
24 1421 1
24 301 1
24 299 1
24 989 1
24 96 1
1124 81 1
1124 215 1
1124 340 1
1124 711 1
182 1407 1
182 604 1
182 246 1
182 143 1
182 704 1
182 1258 1
182 1216 1
182 1306 1
70 117 1
70 1228 1
1115 1099 1
1115 858 1
1115 609 1
1115 14 1
144 901 1
1017 645 1
973 115 1
973 625 1
973 591 1
181 219 1
181 1390 1
181 51 1
181 952 1
181 143 1
181 531 1
181 694 1
181 640 1
181 756 1
181 1046 1
181 459 1
181 448 1
181 461 1
793 600 1
793 348 1
793 167 1
793 90 1
793 1382 1
793 545 1
793 548 1
1315 747 1
1096 1345 1
1096 635 1
651 1124 1
651 1332 1
651 1142 1
651 121 1
651 1249 1
651 276 1
651 816 1
651 315 1
651 328 1
651 563 1
458 641 1
1142 667 1
1142 504 1
1142 384 1
1142 1369 1
1142 804 1
1142 1340 1
121 1056 1
383 1285 1
383 881 1
383 133 1
383 1127 1
846 200 1
846 924 1
846 957 1
846 658 1
727 643 1
540 37 1
877 1321 1
877 202 1
877 1208 1
856 1071 1
856 93 1
856 337 1
856 305 1
57 799 1
57 101 1
57 867 1
57 1286 1
886 1137 1
886 794 1
886 324 1
886 1045 1
1031 36 1
1031 896 1
1031 168 1
1031 1113 1
1031 222 1
1031 261 1
1031 424 1
1135 141 1
1159 1201 1
1159 1376 1
840 1104 1
365 148 1
365 718 1
528 61 1
1249 1182 1
1249 1041 1
706 105 1
918 1039 1
26 27 1
1103 345 1
1103 1150 1
1103 1096 1
1103 583 1
1103 860 1
272 564 1
707 1329 1
1316 1018 1
943 1323 1
943 852 1
943 589 1
943 393 1
943 1061 1
943 773 1
943 1265 1
943 615 1
943 64 1
140 723 1
140 1154 1
140 1145 1
140 475 1
661 851 1
661 1260 1
661 840 1
460 464 1
460 228 1
460 113 1
1242 872 1
820 158 1
820 100 1
820 866 1
729 745 1
729 1171 1
562 1173 1
562 629 1
562 125 1
562 307 1
71 597 1
1050 735 1
1050 1051 1
1050 212 1
1050 1149 1
1050 233 1
1050 372 1
857 454 1
857 386 1
705 1413 1
705 815 1
705 39 1
418 360 1
418 458 1
418 724 1
418 469 1
881 172 1
881 1028 1
881 1355 1
138 633 1
138 578 1
543 1383 1
605 559 1
605 218 1
605 208 1
605 1090 1
605 757 1
605 801 1
605 62 1
605 486 1
605 731 1
605 356 1
605 1356 1
605 80 1
605 379 1
605 1042 1
605 1391 1
1011 275 1
1011 1386 1
1011 647 1
1011 1172 1
737 937 1
291 1338 1
291 592 1
291 1040 1
291 796 1
291 273 1
1264 601 1
1264 791 1
201 435 1
201 849 1
201 1105 1
201 187 1
1070 586 1
1070 1084 1
1070 743 1
477 1157 1
16 1103 1
16 44 1
1386 1119 1
1386 717 1
1386 786 1
1386 1073 1
1386 602 1
1204 1052 1
1204 1120 1
1204 184 1
666 828 1
666 1177 1
666 777 1
279 939 1
279 954 1
159 399 1
159 775 1
629 118 1
629 295 1
629 1305 1
629 320 1
629 468 1
629 936 1
629 481 1
629 171 1
629 1165 1
496 416 1
496 1245 1
440 1295 1
189 323 1
189 185 1
189 327 1
189 1316 1
189 1264 1
189 1020 1
189 1420 1
189 509 1
189 1055 1
189 1272 1
902 1351 1
902 1032 1
902 834 1
902 1038 1
902 806 1
902 1146 1
902 257 1
902 535 1
422 292 1
422 986 1
422 1357 1
422 1365 1
422 281 1
422 1030 1
422 421 1
135 268 1
135 1179 1
312 1133 1
837 999 1
837 479 1
837 210 1
837 928 1
837 750 1
837 1114 1
837 50 1
837 969 1
837 797 1
837 397 1
837 495 1
837 443 1
837 1129 1
837 135 1
837 487 1
837 634 1
837 744 1
156 618 1
156 990 1
156 367 1
156 696 1
156 740 1
911 1170 1
911 814 1
911 441 1
911 848 1
911 682 1
911 499 1
911 1224 1
911 1187 1
911 626 1
332 810 1
332 1392 1
1378 995 1
333 871 1
92 204 1
92 46 1
92 229 1
1296 99 1
648 710 1
1302 341 1
1302 20 1
1302 1232 1
1302 1250 1
1302 1244 1
1302 526 1
1302 300 1
1302 1074 1
1302 1148 1
1302 1121 1
1006 506 1
491 3 1
491 1037 1
491 1341 1
961 310 1
961 264 1
961 162 1
497 677 1
709 1034 1
709 429 1
709 513 1
709 606 1
364 505 1
364 66 1
364 129 1
364 73 1
364 1190 1
364 915 1
364 373 1
364 1315 1
364 263 1
364 1167 1
364 1418 1
364 1130 1
364 581 1
364 407 1
364 771 1
364 462 1
571 865 1
571 107 1
571 406 1
571 669 1
996 862 1
1187 1224 1
1233 1076 1
1064 587 1
1064 319 1
1199 1291 1
1199 668 1
1199 673 1
1199 349 1
1199 530 1
1199 325 1
1199 764 1
318 1213 1
318 84 1
318 155 1
1191 368 1
1322 1094 1
1322 195 1
944 1352 1
944 457 1
1207 411 1
1207 1141 1
1235 831 1
1235 1066 1
382 1218 1
382 321 1
382 1005 1
382 940 1
382 893 1
1284 1052 1
1284 1120 1
1097 894 1
151 1091 1
151 510 1
151 1239 1
342 657 1
713 1078 1
713 1238 1
470 792 1
470 1144 1
470 585 1
470 5 1
470 854 1
470 991 1
470 1241 1
470 767 1
470 387 1
109 358 1
109 1225 1
109 111 1
109 1410 1
109 573 1
109 335 1
109 296 1
1067 716 1
369 520 1
369 798 1
369 599 1
369 1404 1
369 334 1
369 177 1
369 35 1
369 425 1
369 610 1
1047 1229 1
1047 1212 1
1047 1401 1
1098 1240 1
613 1043 1
613 1140 1
776 569 1
776 1402 1
776 1002 1
776 539 1
776 698 1
776 938 1
776 751 1
776 920 1
776 1168 1
776 1186 1
776 1281 1
456 916 1
646 1108 1
302 685 1
353 112 1
1175 278 1
1210 7 1
301 772 1
299 617 1
1037 1223 1
1275 1151 1
1275 598 1
1336 1324 1
1336 1270 1
1336 362 1
1336 701 1
1231 968 1
1231 1359 1
1231 730 1
608 1288 1
608 611 1
608 1406 1
1138 753 1
1138 1126 1
864 1004 1
868 950 1
868 380 1
868 15 1
868 134 1
428 1362 1
428 1060 1
247 1354 1
91 547 1
91 853 1
1403 376 1
1403 1069 1
1403 1062 1
647 878 1
476 754 1
476 484 1
476 1273 1
476 183 1
476 239 1
1156 53 1
1156 480 1
1342 1077 1
53 1021 1
53 689 1
53 1263 1
53 1109 1
53 1053 1
53 690 1
509 683 1
509 582 1
359 492 1
359 92 1
359 713 1
359 370 1
359 280 1
359 703 1
359 41 1
1072 1095 1
1216 588 1
1163 33 1
1163 650 1
1163 221 1
931 1331 1
959 987 1
959 549 1
890 9 1
1085 1361 1
142 17 1
142 1379 1
142 516 1
142 1110 1
142 565 1
142 139 1
361 1268 1
361 214 1
361 674 1
361 116 1
361 22 1
361 1271 1
361 154 1
361 523 1
361 905 1
361 1050 1
361 1350 1
361 103 1
361 188 1
361 438 1
361 546 1
361 40 1
463 1368 1
463 1408 1
463 351 1
370 622 1
370 976 1
712 166 1
712 1394 1
712 1326 1
712 1343 1
712 198 1
1360 1195 1
381 1416 1
381 1211 1
315 912 1
315 178 1
921 1375 1
1304 1367 1
1304 344 1
1304 223 1
715 887 1
715 736 1
715 675 1
715 1280 1
984 802 1
984 282 1
984 452 1
984 616 1
984 541 1
294 163 1
294 737 1
294 1054 1
294 522 1
294 841 1
294 1024 1
294 269 1
545 1310 1
545 180 1
676 55 1
676 489 1
676 206 1
676 1347 1
676 621 1
676 54 1
676 579 1
676 456 1
676 69 1
413 923 1
413 855 1
992 997 1
992 909 1
992 225 1
280 241 1
280 451 1
280 47 1
280 34 1
280 413 1
1405 686 1
1405 782 1
1405 474 1
1405 1180 1
1405 1027 1
1405 190 1
1405 1132 1
1405 763 1
953 1270 1
506 668 1
760 1297 1
760 700 1
760 769 1
760 146 1
760 836 1
760 946 1
760 1314 1
760 529 1
811 209 1
811 1178 1
811 1388 1
811 316 1
811 584 1
811 1303 1
811 1259 1
811 97 1
811 110 1
236 400 1
192 31 1
192 87 1
192 274 1
192 1008 1
192 1012 1
64 331 1
64 812 1
1139 149 1
1139 26 1
1139 781 1
207 289 1
106 199 1
989 982 1
989 721 1
989 903 1
989 827 1
989 437 1
989 628 1
989 131 1
1198 765 1
1198 1363 1
1381 562 1
1381 1185 1
150 49 1
150 1016 1
150 975 1
389 1215 1
389 739 1
1371 733 1
1371 1237 1
1371 699 1
1371 302 1
1371 891 1
1042 1274 1
637 580 1
637 1089 1
637 1318 1
637 42 1
637 1214 1
637 746 1
637 706 1
637 1293 1
637 1019 1
637 911 1
637 336 1
637 941 1
637 1417 1
637 374 1
620 519 1
620 444 1
620 234 1
620 845 1
620 734 1
872 1007 1
872 948 1
307 119 1
366 1022 1
366 132 1
366 1328 1
128 1009 1
128 48 1
128 423 1
128 540 1
128 955 1
128 1138 1
128 568 1
128 237 1
128 1181 1
128 1307 1
128 58 1
128 74 1
703 649 1
703 122 1
703 330 1
703 1044 1
958 972 1
958 466 1
958 4 1
958 1199 1
958 532 1
958 86 1
1153 1057 1
1153 363 1
684 377 1
193 1290 1
44 224 1
8 446 1
781 60 1
781 687 1
781 518 1
781 993 1
328 667 1
328 914 1
328 284 1
328 762 1
328 173 1
749 1289 1
749 927 1
749 929 1
749 512 1
749 426 1
749 1311 1
749 1202 1
749 1204 1
749 1292 1
347 287 1
981 644 1
981 1377 1
981 11 1
508 338 1
508 1143 1
508 378 1
563 655 1
563 726 1
563 1419 1
660 1014 1
660 311 1
1209 515 1
1209 614 1
1209 203 1
1121 1348 1
1121 1174 1
1121 1059 1
1010 1200 1
