2494 494 1
1092 2480 1
1092 2196 1
1092 716 1
1092 1793 1
1092 2705 1
1092 2499 1
1092 1853 1
2311 832 1
2311 2004 1
2311 287 1
38 2165 1
2635 763 1
2635 2616 1
686 2660 1
686 1242 1
686 1319 1
686 2528 1
619 62 1
619 1746 1
619 1031 1
619 922 1
619 1175 1
619 1865 1
619 1941 1
604 2542 1
604 2352 1
604 2630 1
604 2479 1
604 2230 1
604 529 1
1831 502 1
1831 2486 1
1831 1728 1
1831 1695 1
1831 992 1
48 1216 1
48 1662 1
1749 978 1
1749 1428 1
1749 2138 1
1749 1734 1
1749 488 1
1749 2036 1
1749 544 1
1749 2277 1
2131 1121 1
222 1412 1
222 67 1
2335 1153 1
2335 1595 1
2335 506 1
2335 381 1
2335 1189 1
2385 558 1
2385 1292 1
2385 808 1
2385 27 1
2385 2321 1
2385 999 1
2385 1614 1
2385 662 1
2385 2692 1
2385 2598 1
2385 1426 1
2385 1410 1
2385 1367 1
2385 1931 1
2385 2415 1
2385 1178 1
2385 773 1
2385 2586 1
2385 191 1
2385 1213 1
2385 926 1
2385 2105 1
2385 39 1
2385 675 1
2385 508 1
2385 1171 1
2385 698 1
631 1660 1
631 1711 1
631 1477 1
631 820 1
631 424 1
631 1501 1
631 2146 1
631 1797 1
631 324 1
631 1512 1
631 1504 1
631 1929 1
631 713 1
631 2506 1
631 653 1
200 1644 1
1756 954 1
1756 1540 1
1756 2220 1
1756 1112 1
1756 811 1
2064 2492 1
2064 196 1
325 703 1
325 1549 1
325 1297 1
1036 641 1
78 472 1
341 2345 1
341 862 1
341 1922 1
341 2609 1
341 700 1
341 1425 1
341 2168 1
341 1676 1
2664 512 1
2664 1287 1
2664 90 1
2664 1085 1
2664 576 1
2664 2266 1
2664 180 1
2664 369 1
2664 712 1
2108 991 1
2108 1923 1
2108 617 1
2108 1069 1
2108 1578 1
2108 483 1
2108 400 1
2108 566 1
2108 909 1
1933 93 1
1933 572 1
1933 2327 1
1933 388 1
1933 902 1
1933 2636 1
1933 2009 1
1933 154 1
1933 1567 1
611 1720 1
611 2449 1
611 560 1
611 1192 1
1806 1365 1
1806 76 1
1806 988 1
612 1030 1
612 1529 1
612 2201 1
2026 654 1
2026 834 1
2026 1659 1
2026 1611 1
678 1186 1
678 1560 1
678 2256 1
678 340 1
678 2600 1
678 334 1
678 2690 1
678 1916 1
678 480 1
678 1628 1
678 2397 1
678 916 1
678 1886 1
678 1703 1
678 1561 1
678 1691 1
678 1126 1
678 293 1
678 408 1
678 2257 1
678 1602 1
678 1050 1
2118 774 1
2118 2680 1
2118 726 1
2118 868 1
2118 1212 1
2118 2644 1
2118 644 1
2118 1402 1
2118 2701 1
2118 305 1
2118 1444 1
2118 709 1
402 335 1
402 852 1
402 164 1
402 942 1
215 49 1
215 1755 1
1987 1061 1
1987 1741 1
1987 2404 1
1987 553 1
1987 2294 1
1987 2207 1
1987 905 1
1987 928 1
1987 1924 1
1987 2641 1
1987 2127 1
1987 199 1
1987 1694 1
1987 2590 1
583 459 1
583 1394 1
583 2204 1
583 1120 1
583 866 1
583 2089 1
583 1863 1
583 801 1
583 1590 1
583 2297 1
1094 1731 1
1094 306 1
1094 2261 1
1094 1639 1
1094 1896 1
1878 2210 1
1878 2181 1
1878 267 1
1878 2564 1
25 2236 1
1685 355 1
1685 828 1
1685 1020 1
1685 380 1
1685 1508 1
1685 904 1
1685 920 1
476 1693 1
476 2655 1
476 2362 1
476 592 1
476 931 1
476 1266 1
476 1152 1
476 2603 1
476 2619 1
476 1579 1
476 2269 1
476 1679 1
476 279 1
476 1168 1
476 1173 1
476 2121 1
476 237 1
476 970 1
476 2687 1
476 198 1
476 1848 1
476 1482 1
831 2246 1
831 2414 1
1325 800 1
1325 2535 1
1325 75 1
1325 1606 1
555 442 1
555 2646 1
555 1401 1
555 1072 1
2119 2407 1
2119 547 1
2119 1046 1
2382 307 1
2382 975 1
2382 1303 1
2382 1397 1
103 2485 1
353 766 1
353 1254 1
353 1106 1
353 2048 1
353 1480 1
353 1434 1
353 2353 1
353 137 1
353 453 1
353 794 1
353 246 1
353 1160 1
353 2653 1
353 1802 1
353 56 1
353 787 1
353 190 1
353 2040 1
353 286 1
353 2117 1
353 842 1
2041 233 1
2041 1368 1
2041 533 1
2041 742 1
2041 2699 1
2041 1943 1
2041 2531 1
2041 1839 1
2041 2079 1
2041 1379 1
2041 2384 1
2041 243 1
2041 1329 1
2041 1827 1
2041 1778 1
2041 2432 1
2041 439 1
2041 461 1
2041 174 1
2041 1051 1
10 474 1
10 2613 1
10 227 1
10 1417 1
10 1226 1
373 1219 1
373 289 1
373 1782 1
373 856 1
373 1934 1
373 1984 1
373 55 1
373 1930 1
373 29 1
373 1460 1
373 2163 1
373 26 1
373 1073 1
2368 102 1
2368 2536 1
2368 2267 1
2325 2686 1
2325 1688 1
2325 299 1
2325 2541 1
2325 2421 1
2325 827 1
507 1761 1
507 1391 1
507 638 1
507 667 1
507 1926 1
507 260 1
403 195 1
340 209 1
340 1932 1
340 2307 1
2430 2548 1
2430 1675 1
2430 1889 1
1809 2682 1
1809 2214 1
605 1089 1
605 2010 1
605 1616 1
605 1181 1
605 351 1
605 1768 1
605 940 1
605 651 1
605 941 1
605 2237 1
605 1225 1
605 1309 1
605 1514 1
1142 2178 1
1142 595 1
1142 1184 1
1000 1528 1
1000 2537 1
1000 2186 1
1000 1113 1
1908 1721 1
825 1305 1
825 257 1
825 936 1
825 995 1
1692 1344 1
1692 782 1
1692 1870 1
1692 2377 1
1692 185 1
1692 310 1
1692 1609 1
1692 2588 1
1692 1562 1
1692 1210 1
1692 2014 1
1692 1133 1
1692 691 1
1692 1137 1
1692 291 1
1692 2503 1
1185 120 1
1185 953 1
1185 1956 1
1316 837 1
751 2409 1
1961 104 1
668 907 1
668 1612 1
668 2649 1
668 1599 1
668 2465 1
668 769 1
668 2023 1
668 2174 1
284 730 1
284 101 1
284 509 1
284 414 1
284 803 1
284 201 1
284 1353 1
284 1524 1
284 1456 1
2625 1907 1
1795 1648 1
1795 1974 1
1795 1485 1
1795 53 1
1795 500 1
1106 807 1
1106 2574 1
1106 1513 1
1314 376 1
1314 485 1
1314 1065 1
1222 720 1
1222 1606 1
816 2441 1
816 2693 1
816 451 1
816 2301 1
816 546 1
816 1293 1
816 1422 1
816 1282 1
816 2265 1
1805 2011 1
9 608 1
9 284 1
9 1136 1
9 962 1
9 2401 1
9 895 1
9 95 1
9 430 1
9 1671 1
9 2413 1
9 2411 1
9 2677 1
9 2314 1
9 316 1
1509 1022 1
1509 1217 1
1509 1725 1
620 1008 1
620 2239 1
620 1233 1
1304 2183 1
1304 466 1
1304 1887 1
1304 1893 1
1304 159 1
446 2202 1
1946 2249 1
1946 2623 1
1946 2045 1
1946 1957 1
1946 1337 1
1946 960 1
415 2543 1
1902 1607 1
350 1037 1
350 14 1
350 499 1
350 1933 1
350 127 1
350 718 1
350 2164 1
350 1026 1
350 1016 1
350 728 1
350 2632 1
350 2412 1
350 217 1
350 927 1
350 242 1
350 489 1
350 2610 1
350 875 1
350 976 1
350 420 1
350 1004 1
350 1921 1
350 818 1
350 1002 1
350 152 1
1480 1910 1
2324 2416 1
2324 417 1
292 2601 1
292 1968 1
2240 321 1
2240 1172 1
2240 74 1
2240 282 1
2240 2134 1
2240 1354 1
2240 664 1
1824 2366 1
1824 464 1
1824 2195 1
1824 696 1
1824 1147 1
1824 1156 1
1824 1877 1
1824 1348 1
1824 1505 1
1824 677 1
1824 2158 1
1824 21 1
1136 2119 1
1136 547 1
1136 2429 1
1136 756 1
1136 563 1
1136 1618 1
1136 1271 1
1136 1682 1
1136 577 1
1136 2313 1
1136 2102 1
981 2706 1
981 2426 1
981 2304 1
891 1238 1
891 1039 1
891 1509 1
891 665 1
891 2631 1
891 1075 1
891 1299 1
891 47 1
891 1970 1
891 799 1
891 493 1
891 945 1
891 1740 1
891 2241 1
891 1435 1
891 1972 1
891 1572 1
891 186 1
891 1713 1
891 367 1
821 2338 1
821 1080 1
2136 192 1
1657 1980 1
1657 2067 1
876 2428 1
876 2396 1
876 579 1
876 1018 1
876 1892 1
876 1343 1
876 971 1
876 762 1
876 2669 1
876 2159 1
876 633 1
876 1114 1
876 2012 1
876 2008 1
876 955 1
876 2262 1
876 1199 1
876 1848 1
815 2224 1
815 1493 1
815 283 1
815 275 1
815 843 1
815 2597 1
815 649 1
815 1011 1
815 194 1
1099 1771 1
2242 2504 1
2242 146 1
2242 1588 1
2242 2521 1
2242 725 1
2242 621 1
2242 2072 1
2242 2238 1
2242 247 1
1235 2395 1
1235 30 1
1235 622 1
1235 734 1
1235 719 1
1235 391 1
1235 1596 1
1235 2477 1
708 982 1
708 2051 1
708 1180 1
708 304 1
708 1288 1
1100 1440 1
259 1920 1
259 783 1
259 1993 1
948 1783 1
1537 918 1
1537 1289 1
1537 1591 1
1537 2177 1
1537 792 1
1537 342 1
1537 1176 1
1537 1998 1
1537 2258 1
1537 1818 1
1537 2523 1
1537 1784 1
1537 2360 1
1537 467 1
2352 1843 1
290 708 1
290 1999 1
290 2626 1
290 183 1
290 1499 1
786 266 1
786 1551 1
786 1246 1
786 630 1
786 549 1
786 1742 1
786 2582 1
170 1362 1
170 1851 1
170 663 1
170 1385 1
170 2402 1
170 1373 1
170 2027 1
170 2605 1
170 409 1
69 473 1
2285 1787 1
1846 40 1
1846 840 1
1846 656 1
331 343 1
331 660 1
331 1122 1
331 594 1
331 2458 1
331 189 1
331 1278 1
2234 893 1
2234 532 1
2234 1796 1
2234 1341 1
2234 1959 1
2234 462 1
2234 1239 1
1462 2665 1
1462 2334 1
1462 812 1
1462 2211 1
1462 469 1
1366 2272 1
1366 2343 1
1366 1766 1
1366 2270 1
1366 248 1
1366 347 1
1943 1968 1
1943 692 1
1943 1228 1
1943 2333 1
1943 1063 1
1943 1822 1
1943 1732 1
1943 97 1
1943 2167 1
1943 1433 1
694 404 1
694 794 1
694 392 1
694 1382 1
167 2041 1
167 2525 1
167 507 1
167 350 1
167 1952 1
167 1116 1
167 455 1
167 13 1
167 1206 1
167 105 1
167 1634 1
167 1781 1
167 1167 1
167 1645 1
167 957 1
167 1745 1
167 1722 1
167 1967 1
167 587 1
167 1954 1
167 1332 1
167 1053 1
167 1973 1
167 804 1
2404 1757 1
1948 2308 1
1948 2028 1
1948 1960 1
1948 2579 1
1948 1785 1
1342 511 1
169 2599 1
169 1366 1
169 1623 1
169 1296 1
169 2661 1
1751 2399 1
1751 2361 1
1751 2187 1
1751 2235 1
1751 2295 1
1751 2088 1
8 824 1
8 1627 1
8 2345 1
8 2354 1
8 2056 1
8 639 1
8 983 1
8 1500 1
8 1861 1
8 2019 1
8 2083 1
8 1097 1
8 1733 1
8 254 1
8 695 1
8 2190 1
8 173 1
8 626 1
2255 43 1
2255 1335 1
2255 440 1
2255 2031 1
2255 2286 1
2255 1214 1
2255 300 1
2255 1894 1
1727 1679 1
1575 2691 1
1575 1951 1
1575 697 1
1575 1127 1
1575 2316 1
1575 879 1
1575 3 1
1575 894 1
1575 944 1
1575 977 1
1575 20 1
1575 637 1
1575 2622 1
251 1832 1
251 1620 1
251 398 1
251 1619 1
251 2388 1
251 2557 1
251 645 1
251 2228 1
1107 2113 1
1107 1483 1
1107 296 1
1107 1275 1
1107 122 1
1107 1871 1
1107 435 1
96 468 1
140 1815 1
140 921 1
140 2561 1
140 586 1
140 1901 1
140 1950 1
140 1495 1
140 253 1
140 2583 1
140 845 1
140 561 1
854 1631 1
1909 554 1
1909 2025 1
1909 2529 1
1909 1295 1
1909 2516 1
1811 2358 1
1811 2472 1
1811 858 1
1810 1792 1
2132 772 1
2132 6 1
1518 490 1
1518 2310 1
1518 1361 1
1518 1044 1
1518 4 1
1518 1003 1
2703 2291 1
1563 2596 1
1563 382 1
1563 2024 1
1563 2096 1
1923 1041 1
1923 301 1
2150 530 1
2150 2103 1
2150 1182 1
2150 315 1
2150 389 1
2150 1773 1
2150 721 1
2150 1263 1
2150 575 1
2150 1772 1
2150 225 1
2150 2628 1
275 2020 1
275 2591 1
275 2380 1
2672 1640 1
2672 672 1
2672 503 1
2672 739 1
2672 276 1
2672 2678 1
2672 1653 1
2672 1735 1
2672 1451 1
2672 1983 1
1747 1523 1
1262 1824 1
1262 2457 1
528 2279 1
528 2467 1
528 2063 1
528 1430 1
501 1927 1
501 244 1
501 2229 1
927 263 1
927 2436 1
2478 2659 1
2478 1229 1
2478 1111 1
2478 1787 1
2478 1743 1
662 1885 1
662 1317 1
662 2142 1
662 1177 1
662 2037 1
662 491 1
662 2463 1
662 2280 1
2507 1489 1
2507 181 1
1062 744 1
1062 2148 1
1062 1674 1
1062 187 1
1062 1803 1
1062 46 1
1062 2567 1
1062 760 1
1062 966 1
1062 1058 1
1062 1012 1
1062 2319 1
1608 234 1
1608 158 1
1197 1530 1
1157 1543 1
1157 1600 1
1935 2203 1
1935 288 1
1935 1862 1
1935 1105 1
1935 885 1
1935 1135 1
1935 1849 1
1935 1706 1
1935 564 1
1789 1866 1
1789 767 1
1789 373 1
1789 36 1
1789 41 1
1789 1099 1
1789 170 1
1789 510 1
1789 997 1
1789 1751 1
1789 115 1
1789 1498 1
1789 2000 1
1789 1633 1
1789 2135 1
1789 1718 1
1789 1400 1
1789 240 1
1789 495 1
1789 124 1
1789 657 1
1789 689 1
1789 2111 1
1789 44 1
1869 1541 1
1869 443 1
1869 1277 1
1869 482 1
1869 1969 1
1869 2643 1
1869 2250 1
582 705 1
582 2029 1
582 2476 1
582 327 1
582 711 1
297 2385 1
297 1756 1
297 403 1
297 679 1
297 9 1
297 1521 1
297 1091 1
297 366 1
297 1989 1
297 2344 1
297 2001 1
297 814 1
297 1208 1
297 1953 1
297 1220 1
297 2046 1
297 548 1
297 569 1
1686 2466 1
1686 1873 1
1686 1395 1
1686 24 1
2670 2225 1
2670 661 1
2670 1244 1
2670 1911 1
2670 715 1
2670 1466 1
1299 2057 1
1299 919 1
1299 1979 1
1299 182 1
1299 1569 1
1299 2169 1
1299 71 1
1299 670 1
318 1104 1
318 223 1
318 1029 1
318 1776 1
318 823 1
318 1550 1
318 2342 1
318 134 1
188 1452 1
188 1349 1
188 269 1
188 2419 1
188 1131 1
188 1272 1
188 965 1
188 699 1
188 1204 1
188 1240 1
683 370 1
895 486 1
895 1971 1
895 1142 1
895 1515 1
895 2464 1
15 2565 1
1445 2341 1
2423 501 1
2423 457 1
2423 2422 1
2423 1269 1
2423 193 1
2423 733 1
515 171 1
455 215 1
455 1088 1
455 2324 1
455 613 1
455 434 1
455 2666 1
455 1403 1
455 1340 1
455 481 1
2422 2410 1
1390 1418 1
1738 1032 1
1738 1439 1
1738 863 1
1738 2431 1
1738 1904 1
1738 993 1
1738 5 1
1867 861 1
1867 1345 1
1867 972 1
2598 900 1
2598 835 1
2598 1786 1
1147 1719 1
175 1664 1
166 2711 1
166 2639 1
166 2283 1
166 1683 1
166 556 1
166 2488 1
166 632 1
166 1033 1
796 930 1
796 2007 1
796 111 1
796 2191 1
796 1655 1
796 383 1
843 317 1
843 2549 1
843 2005 1
843 22 1
843 1019 1
843 627 1
843 1723 1
160 1066 1
2545 771 1
2545 2091 1
2545 1478 1
2545 2171 1
781 131 1
781 207 1
781 1834 1
781 1455 1
781 1252 1
781 11 1
781 1928 1
781 1453 1
480 1816 1
480 534 1
480 923 1
480 836 1
480 165 1
2269 897 1
2269 273 1
2269 2034 1
2269 2306 1
2269 197 1
2269 313 1
2269 1140 1
2269 1925 1
2269 717 1
1905 1855 1
1905 853 1
1905 262 1
1905 2459 1
1905 2593 1
1905 1538 1
1010 2320 1
359 1118 1
2395 809 1
1158 1686 1
1158 2696 1
226 541 1
226 1558 1
185 1630 1
185 524 1
185 426 1
185 1699 1
185 162 1
185 2608 1
185 1436 1
185 1194 1
795 2193 1
795 2189 1
2268 1446 1
2268 2245 1
2268 519 1
2268 1064 1
2268 998 1
2227 1481 1
2227 584 1
2227 949 1
2227 1496 1
2227 2084 1
2227 1129 1
2227 655 1
2227 2448 1
2227 1405 1
2227 1714 1
2227 1243 1
2227 2281 1
2227 1074 1
1163 1408 1
1163 2482 1
1163 113 1
1163 2698 1
1635 704 1
1416 2309 1
1416 1323 1
1416 1351 1
1416 2524 1
1416 1151 1
1416 2381 1
1416 1027 1
1416 348 1
366 2355 1
366 1790 1
366 239 1
366 445 1
366 614 1
366 2474 1
366 1306 1
366 750 1
366 1638 1
366 826 1
366 2062 1
1355 925 1
1355 1729 1
1355 2093 1
1701 2675 1
1701 890 1
1701 673 1
1701 179 1
1701 2538 1
1007 2332 1
1007 1539 1
1007 1441 1
1007 29 1
1007 2568 1
1298 2375 1
2490 1015 1
2490 1093 1
2490 625 1
2490 2702 1
1367 1663 1
1367 2092 1
1367 1828 1
1367 710 1
1944 328 1
1944 833 1
1944 2329 1
1944 865 1
1944 2328 1
1944 85 1
1944 2184 1
315 1281 1
315 934 1
2212 1078 1
2212 539 1
2212 1420 1
959 774 1
959 2220 1
430 2317 1
430 2713 1
430 1935 1
430 2519 1
430 412 1
430 2024 1
2139 1737 1
2139 374 1
2139 624 1
2139 2193 1
2139 2462 1
2139 1432 1
2139 2437 1
2139 2347 1
2139 1891 1
1985 1965 1
1985 1188 1
1628 1472 1
1628 378 1
1628 2671 1
1628 1647 1
1628 175 1
1628 745 1
1628 1982 1
1628 2123 1
1628 939 1
2679 476 1
2679 668 1
2679 2136 1
2679 1811 1
2679 688 1
2679 23 1
2679 119 1
2679 2172 1
2679 2075 1
2679 2576 1
2679 1407 1
1206 294 1
1206 66 1
1206 2017 1
1206 1253 1
1206 1083 1
1206 1670 1
1206 126 1
1206 59 1
1206 250 1
1206 2359 1
1206 2049 1
1206 1707 1
1206 2052 1
1206 45 1
1206 1898 1
1206 929 1
1206 1571 1
1804 172 1
1804 527 1
1804 1573 1
1804 1670 1
1804 896 1
1464 996 1
1464 361 1
1464 1844 1
1464 748 1
1464 108 1
1464 1624 1
1633 2199 1
1633 1149 1
1633 2575 1
1633 365 1
1633 1333 1
1633 2253 1
1633 2453 1
1633 754 1
1633 1594 1
1633 2580 1
1633 1052 1
1633 2264 1
1633 359 1
1633 1552 1
1633 1283 1
1633 1285 1
1633 2278 1
1633 956 1
1633 2606 1
1633 1615 1
1633 1801 1
1633 2289 1
1633 1374 1
1633 50 1
1633 1179 1
2213 794 1
484 1946 1
484 2233 1
484 2120 1
484 513 1
484 842 1
484 176 1
72 2018 1
72 2188 1
72 1858 1
72 211 1
72 496 1
72 2501 1
72 1398 1
72 702 1
1543 1187 1
1543 2546 1
1265 17 1
1607 1680 1
1048 1938 1
1048 1585 1
1048 857 1
1048 7 1
1048 889 1
1048 1994 1
1048 757 1
1048 2266 1
1048 2475 1
1048 393 1
1048 1161 1
1048 2128 1
2457 70 1
2457 2060 1
2457 1918 1
2457 821 1
2457 1833 1
2457 345 1
2457 989 1
2457 1164 1
2457 139 1
2457 961 1
2457 802 1
2457 2268 1
2457 447 1
2457 1915 1
2457 1273 1
2457 1672 1
2457 2085 1
2457 1086 1
2457 379 1
2457 2647 1
2457 2356 1
2457 19 1
2457 2444 1
2457 156 1
2554 1859 1
2554 1211 1
2554 2700 1
2554 1819 1
2554 362 1
2554 1117 1
2704 2170 1
2704 850 1
2704 1717 1
2704 2125 1
2704 1237 1
2704 1079 1
2704 738 1
2704 1375 1
2704 1576 1
2704 235 1
819 658 1
2415 2332 1
2415 460 1
2415 1800 1
2415 1559 1
2339 2290 1
2339 723 1
2252 2614 1
2252 2263 1
2252 277 1
2252 363 1
2397 1808 1
2397 628 1
2397 732 1
2397 1795 1
2397 121 1
2397 2513 1
2397 1909 1
2397 2629 1
2397 817 1
2397 1442 1
2397 1883 1
2397 2667 1
2397 319 1
2397 2197 1
2397 764 1
2397 326 1
2397 867 1
2397 987 1
864 402 1
864 2589 1
864 2179 1
864 1119 1
864 1535 1
864 1962 1
864 1715 1
864 545 1
864 2391 1
864 1580 1
864 1544 1
1392 64 1
1392 2547 1
1392 882 1
1392 2514 1
1392 1689 1
1392 741 1
1392 2495 1
1392 1154 1
256 1300 1
1396 2058 1
1396 2326 1
1396 873 1
1396 123 1
1276 1774 1
1276 1677 1
1276 1712 1
1276 674 1
1276 1236 1
1276 1443 1
1276 2076 1
1276 441 1
1276 397 1
1276 932 1
1763 1673 1
1763 1358 1
1763 2555 1
1763 1791 1
1763 947 1
1763 838 1
1763 1054 1
1763 155 1
1763 1697 1
1763 216 1
1763 848 1
1763 357 1
1504 298 1
1504 2581 1
1977 1390 1
1042 2566 1
448 1497 1
448 2302 1
1886 880 1
1886 325 1
1886 2016 1
1886 2022 1
1886 2373 1
1886 1388 1
1886 1532 1
1886 1752 1
1886 1221 1
1886 844 1
1886 795 1
1886 1651 1
1886 1622 1
1886 2093 1
1886 1486 1
1886 526 1
1886 1754 1
503 2336 1
503 150 1
2344 1387 1
2344 1100 1
2344 1270 1
2344 295 1
2344 973 1
2344 188 1
2344 1687 1
2344 535 1
2344 2552 1
2344 2709 1
2344 1166 1
2344 1392 1
2344 1076 1
2344 588 1
2344 1812 1
2344 1753 1
2344 1234 1
2344 2383 1
2537 135 1
2537 1856 1
2537 349 1
2537 877 1
2414 1525 1
2414 1423 1
2414 352 1
2414 264 1
436 2153 1
436 2149 1
436 1777 1
436 1840 1
436 2694 1
436 2339 1
436 1826 1
436 946 1
436 1665 1
436 1536 1
436 1666 1
436 2097 1
436 1939 1
436 994 1
436 1484 1
436 2471 1
436 2508 1
2083 1241 1
2349 1469 1
2522 1554 1
2510 54 1
2510 1314 1
2510 1652 1
2510 1575 1
2510 693 1
2510 2126 1
2510 1629 1
2510 706 1
2510 142 1
2510 2607 1
2510 220 1
2510 2642 1
2510 2107 1
2510 2348 1
2510 1991 1
2510 2298 1
2510 951 1
2510 2002 1
2424 2073 1
1352 2654 1
1352 107 1
1352 1570 1
1352 91 1
1352 1621 1
1352 2376 1
1352 1610 1
1352 518 1
773 2509 1
773 1876 1
773 431 1
773 1338 1
773 517 1
773 79 1
773 2080 1
773 1449 1
773 2481 1
773 1205 1
773 1726 1
773 387 1
773 214 1
773 1807 1
773 1780 1
773 685 1
773 2620 1
773 1021 1
681 1450 1
681 1564 1
681 822 1
681 729 1
681 874 1
681 1708 1
681 302 1
1261 1193 1
1261 1468 1
1261 841 1
1261 2042 1
1261 2099 1
1261 2141 1
1261 2668 1
1261 2180 1
1261 1875 1
1261 2346 1
1261 2408 1
1261 1457 1
1261 573 1
37 1364 1
37 2185 1
789 2116 1
789 1098 1
789 1895 1
789 2697 1
789 1307 1
789 2273 1
789 1274 1
789 2534 1
789 1589 1
789 1617 1
789 1334 1
789 1438 1
789 2710 1
789 659 1
2677 2405 1
2677 1842 1
2677 1857 1
2677 1906 1
2677 1582 1
2677 204 1
2677 2493 1
2677 963 1
2677 2511 1
2677 339 1
2677 1321 1
746 2156 1
746 384 1
746 252 1
245 48 1
245 2112 1
245 2198 1
245 1555 1
245 969 1
245 2252 1
245 265 1
245 1359 1
245 2104 1
1123 1408 1
1447 1593 1
1004 2292 1
1004 2684 1
118 2369 1
118 212 1
118 2526 1
118 597 1
118 2231 1
118 32 1
118 144 1
118 1144 1
118 84 1
118 241 1
1068 1251 1
1068 2363 1
1068 129 1
303 1981 1
303 2364 1
303 2672 1
303 806 1
303 901 1
303 401 1
303 746 1
303 2652 1
303 1919 1
818 883 1
818 7 1
818 759 1
818 1868 1
818 2216 1
818 740 1
818 1847 1
1097 1458 1
1097 2371 1
1097 1378 1
1097 2061 1
1097 540 1
1850 1247 1
1850 92 1
1850 707 1
1850 1506 1
1850 1107 1
1850 1838 1
1850 444 1
1850 2658 1
1850 1196 1
1850 2129 1
1850 210 1
1850 465 1
1850 609 1
1850 314 1
1329 1820 1
1329 1381 1
1329 618 1
1329 1302 1
1329 1013 1
1329 1169 1
1645 1322 1
1645 1845 1
1645 2276 1
1645 2689 1
785 615 1
1762 28 1
1762 2259 1
1762 2452 1
1762 1132 1
1762 1331 1
1762 1917 1
360 2145 1
360 2350 1
360 1159 1
360 1260 1
360 2460 1
360 516 1
360 375 1
360 2155 1
360 1070 1
360 63 1
360 1601 1
360 65 1
1625 2518 1
1625 1087 1
1625 2489 1
814 1949 1
814 2532 1
814 1986 1
814 2498 1
814 906 1
814 1315 1
814 2627 1
814 1372 1
814 2430 1
814 1908 1
814 1009 1
814 178 1
814 2006 1
814 1209 1
814 830 1
814 886 1
814 2133 1
814 385 1
814 16 1
814 2154 1
814 1475 1
814 2047 1
814 2221 1
814 2433 1
814 1710 1
814 1267 1
2496 2069 1
1005 570 1
1005 596 1
1600 2357 1
1600 1476 1
1600 1371 1
1600 1531 1
1600 114 1
1600 758 1
1600 2478 1
1600 1899 1
1600 1014 1
1600 1276 1
1600 2114 1
1600 1584 1
1600 2035 1
1190 749 1
2642 2247 1
2642 1310 1
2642 1223 1
2642 690 1
2642 1318 1
2642 2077 1
2642 1690 1
2642 1081 1
2642 229 1
2642 2217 1
2642 1955 1
2642 2030 1
1363 2569 1
1363 2425 1
2066 565 1
1402 1049 1
1835 1377 1
1835 1463 1
1835 727 1
1835 1291 1
1835 1162 1
1835 1279 1
2540 1851 1
2540 663 1
2540 1059 1
2540 1170 1
2540 2200 1
2570 213 1
2570 1975 1
2570 793 1
2570 504 1
2570 2400 1
511 2110 1
511 1207 1
511 364 1
511 1301 1
511 1487 1
511 1095 1
734 543 1
734 859 1
734 567 1
1213 2254 1
1213 1313 1
1213 390 1
1213 1174 1
1213 1479 1
1213 731 1
319 1346 1
319 1613 1
319 2182 1
319 1465 1
319 937 1
529 979 1
2172 2442 1
1138 2451 1
1138 1101 1
1138 1195 1
1138 1805 1
1138 333 1
1138 933 1
1138 2013 1
1138 166 1
1138 429 1
1138 2707 1
1138 148 1
1138 1245 1
1138 601 1
1138 2050 1
1138 1324 1
1138 1964 1
1138 202 1
1138 2708 1
1138 578 1
1138 1696 1
1997 1148 1
1997 686 1
1997 1581 1
1997 2015 1
1997 2485 1
1997 1369 1
1997 1867 1
1997 80 1
1997 1143 1
1997 1454 1
1997 2378 1
1997 1632 1
1997 2483 1
1997 1990 1
1997 437 1
1997 2454 1
1997 1702 1
1997 1765 1
1997 924 1
965 2192 1
1271 411 1
1271 205 1
1836 1102 1
1836 399 1
1836 2157 1
1836 436 1
1836 1202 1
1836 2044 1
1836 870 1
2539 2194 1
2539 1255 1
2539 407 1
2539 2450 1
2539 1419 1
2539 94 1
2539 1678 1
2539 2032 1
2539 2070 1
1011 986 1
1011 2673 1
1011 591 1
1011 2115 1
354 551 1
354 1230 1
354 652 1
354 1794 1
354 1556 1
354 776 1
354 1352 1
354 136 1
354 1311 1
917 371 1
917 990 1
917 600 1
917 1429 1
917 72 1
917 1360 1
917 1 1
917 2351 1
1812 51 1
2144 1649 1
2144 1704 1
2571 452 1
2420 228 1
2420 2594 1
2420 60 1
2420 2372 1
2420 132 1
2420 1286 1
2420 1762 1
2420 2394 1
2420 278 1
2390 2223 1
2390 1587 1
2390 1739 1
2390 281 1
2390 1356 1
1953 145 1
1953 1096 1
1953 1566 1
1953 2587 1
1953 1448 1
1953 1667 1
1953 1658 1
1953 2633 1
1953 2484 1
1718 2053 1
1718 270 1
1718 2222 1
1718 413 1
1718 2676 1
1718 1141 1
1718 1823 1
1718 2173 1
1718 1290 1
1718 1363 1
1718 1821 1
1718 2487 1
2151 2068 1
1903 83 1
1359 1191 1
1359 1864 1
1359 1376 1
1359 1467 1
1359 1380 1
1359 1406 1
1359 1357 1
1359 272 1
1359 648 1
1359 2424 1
1359 423 1
1359 1992 1
1359 2491 1
1359 780 1
610 1431 1
610 520 1
610 1642 1
610 479 1
610 1459 1
610 839 1
610 1326 1
610 232 1
610 312 1
610 2617 1
1745 34 1
1745 1958 1
1745 1201 1
1745 410 1
1745 1817 1
1745 2074 1
1745 2066 1
1745 2392 1
1745 1414 1
1745 1942 1
1145 1203 1
1145 2497 1
1145 218 1
1145 1492 1
1145 2469 1
1145 1123 1
1145 1654 1
842 761 1
842 2527 1
20 2152 1
2685 446 1
2685 1879 1
2685 1527 1
2685 42 1
2685 125 1
2685 2094 1
2685 249 1
2685 1068 1
2685 184 1
2685 1684 1
1130 634 1
1130 550 1
1130 138 1
1130 1758 1
1130 701 1
1130 2403 1
1130 1769 1
1130 2293 1
2584 1389 1
1825 810 1
1825 1055 1
1825 813 1
1825 168 1
1825 910 1
1825 2434 1
1825 1437 1
1825 1779 1
598 694 1
1698 2323 1
1698 116 1
1698 593 1
1698 699 1
104 1399 1
104 1139 1
104 536 1
1758 2674 1
1758 2205 1
1758 2248 1
77 1222 1
77 1598 1
602 888 1
602 2071 1
602 161 1
602 1280 1
1404 952 1
1404 1608 1
1404 1197 1
1404 538 1
1404 2349 1
1404 394 1
1404 1124 1
1404 427 1
1404 406 1
1682 163 1
1682 676 1
1682 1526 1
1682 1767 1
1682 2275 1
1682 346 1
1682 2251 1
1681 2592 1
1681 1339 1
1681 798 1
926 1257 1
926 1259 1
926 2101 1
926 2612 1
926 208 1
1077 950 1
2556 2688 1
2556 912 1
2163 498 1
2163 1023 1
1327 449 1
1327 1471 1
1801 2512 1
1801 2340 1
1801 892 1
1801 330 1
1801 168 1
1801 2562 1
1801 99 1
1801 405 1
1801 714 1
1801 2470 1
1801 31 1
1801 722 1
1723 1661 1
1723 2648 1
2435 2638 1
2435 452 1
2435 872 1
2435 329 1
2435 531 1
2435 82 1
2435 784 1
2435 147 1
2435 1966 1
629 2043 1
1954 15 1
1954 1565 1
1954 1488 1
1954 1897 1
1954 309 1
1954 1760 1
332 1146 1
2663 1852 1
2663 1384 1
2663 779 1
2663 2417 1
2663 531 1
2663 640 1
2663 2296 1
788 1603 1
1308 791 1
1308 1516 1
1308 2318 1
1308 2664 1
1308 2055 1
1308 981 1
1308 1165 1
1308 2137 1
1308 203 1
1308 943 1
1308 2393 1
1308 1320 1
1308 582 1
1308 2143 1
1308 671 1
1308 2258 1
1308 2515 1
1308 141 1
1308 521 1
35 106 1
35 61 1
35 1829 1
35 2370 1
35 2438 1
35 2505 1
35 2098 1
35 1386 1
35 2166 1
35 1007 1
35 1312 1
35 2078 1
35 1656 1
35 1583 1
35 967 1
35 2455 1
35 2685 1
35 682 1
35 752 1
35 2322 1
35 2021 1
35 458 1
454 1592 1
454 2305 1
454 2054 1
454 432 1
454 687 1
454 1533 1
454 1636 1
454 2 1
454 221 1
302 2365 1
302 2530 1
302 2577 1
302 2445 1
1296 2218 1
1296 419 1
1296 386 1
1296 505 1
1296 372 1
1296 2303 1
1296 206 1
1296 2563 1
1296 1409 1
1296 1190 1
1296 33 1
1296 2287 1
1874 2517 1
1874 2160 1
1874 2634 1
1874 908 1
1874 1320 1
1874 589 1
1874 1393 1
1874 2106 1
1874 1888 1
1874 311 1
1874 1034 1
1874 2640 1
1874 1978 1
1874 2161 1
1874 525 1
1874 332 1
1874 1641 1
1874 2162 1
2406 2100 1
1339 846 1
1339 1067 1
778 224 1
778 574 1
356 1215 1
356 1330 1
356 2714 1
356 1284 1
356 1605 1
356 1427 1
356 2559 1
356 1775 1
356 1040 1
356 143 1
356 2039 1
356 898 1
356 336 1
356 642 1
770 2315 1
770 765 1
770 1940 1
935 2473 1
935 735 1
935 2206 1
151 261 1
39 320 1
39 268 1
39 219 1
39 635 1
39 2208 1
39 2533 1
39 1155 1
39 737 1
39 86 1
39 2330 1
39 1830 1
39 775 1
1332 1882 1
1332 2602 1
497 1071 1
326 1350 1
326 1553 1
2104 2232 1
2104 1108 1
2104 1017 1
2104 881 1
2104 57 1
2104 470 1
2104 1218 1
1109 69 1
1109 2624 1
1109 477 1
1109 1035 1
2348 2065 1
2348 68 1
2348 903 1
2348 1936 1
2348 2299 1
2348 2215 1
2348 1798 1
2348 1759 1
2348 1881 1
2348 2558 1
1225 580 1
1225 2446 1
1225 623 1
1225 1038 1
1225 1294 1
1511 1411 1
1511 98 1
1057 2087 1
1057 1912 1
236 421 1
236 2209 1
236 2656 1
236 2109 1
240 1700 1
240 2140 1
240 416 1
240 2662 1
240 2611 1
240 2389 1
240 396 1
240 855 1
240 1709 1
1973 552 1
1973 438 1
1973 1637 1
1973 585 1
1973 1224 1
1973 1913 1
1973 450 1
1973 1461 1
1973 1183 1
1973 616 1
1973 2219 1
2383 1545 1
2383 537 1
2383 471 1
878 2337 1
878 1125 1
878 911 1
878 1198 1
2322 1517 1
2322 2657 1
2322 1837 1
2322 849 1
2322 777 1
2322 847 1
2322 1577 1
2322 914 1
2322 1006 1
2322 18 1
2322 1490 1
2322 1249 1
2322 1464 1
2322 860 1
2322 1128 1
2322 643 1
2322 1988 1
2322 1520 1
2322 1370 1
1124 1669 1
1124 1770 1
1124 985 1
1124 2468 1
1124 557 1
1124 337 1
548 280 1
548 768 1
548 581 1
548 285 1
1764 1945 1
1764 1814 1
2500 1716 1
2500 89 1
2500 1557 1
2500 871 1
2500 2604 1
2500 2284 1
899 377 1
899 2175 1
899 1185 1
899 636 1
899 2427 1
899 2312 1
899 2544 1
899 797 1
691 1047 1
691 2439 1
691 1604 1
508 258 1
508 358 1
508 1200 1
2086 1227 1
2086 2502 1
2086 607 1
2086 646 1
1309 1103 1
1309 915 1
1309 2695 1
1309 2683 1
1309 2226 1
1765 1415 1
1765 1522 1
1765 1976 1
1765 230 1
1765 2443 1
2075 418 1
2075 428 1
2075 958 1
2075 1494 1
2059 785 1
2059 1150 1
1457 884 1
1457 2331 1
1457 2170 1
1457 541 1
1457 1043 1
1457 112 1
1457 522 1
1457 456 1
1457 133 1
1937 109 1
1754 58 1
1754 1884 1
574 81 1
574 647 1
427 2645 1
427 603 1
427 1534 1
427 1028 1
427 1568 1
427 2081 1
427 1268 1
987 1336 1
987 238 1
2297 231 1
2297 1510 1
2297 1799 1
2297 851 1
2297 110 1
2297 1744 1
2297 2387 1
2297 2572 1
2297 1880 1
653 2288 1
1162 1860 1
1162 1519 1
1162 1724 1
2681 1542 1
51 2386 1
753 1643 1
753 2650 1
753 887 1
1360 1256 1
1360 680 1
1360 2398 1
1360 1730 1
1360 1134 1
1360 1413 1
1360 568 1
433 805 1
52 128 1
52 153 1
73 791 1
73 1749 1
73 1024 1
73 1806 1
73 2243 1
73 913 1
73 1258 1
73 395 1
73 1750 1
73 1872 1
73 2095 1
73 1231 1
73 2036 1
73 236 1
2447 1995 1
2447 1548 1
2447 322 1
2447 869 1
2447 1110 1
2447 2038 1
2447 1646 1
2447 2367 1
2447 475 1
1942 2124 1
1942 1650 1
1942 1507 1
1942 1574 1
50 2621 1
590 2003 1
951 755 1
951 1597 1
951 1841 1
951 1626 1
951 606 1
2553 2595 1
2553 251 1
2553 562 1
2553 344 1
406 1115 1
406 2461 1
406 1502 1
291 478 1
291 724 1
291 1473 1
291 425 1
291 1947 1
291 2260 1
291 1900 1
291 2550 1
291 2033 1
291 274 1
291 117 1
291 2712 1
291 1996 1
291 1298 1
291 938 1
291 2704 1
291 2176 1
291 87 1
291 1248 1
291 2147 1
291 157 1
291 2585 1
1696 492 1
1696 1045 1
1696 327 1
1696 1347 1
1696 2282 1
1696 669 1
1267 2082 1
1407 790 1
2122 103 1
2122 523 1
2122 1890 1
2122 571 1
2122 271 1
2122 96 1
2122 1447 1
2122 1748 1
2122 1082 1
2122 747 1
2122 2637 1
2374 2311 1
2374 829 1
2374 743 1
2374 2274 1
2374 1738 1
2374 1383 1
2374 149 1
2374 1813 1
2374 1635 1
2374 1084 1
2374 1421 1
2374 1232 1
2374 1474 1
2374 2068 1
2374 2520 1
2374 1668 1
2374 684 1
2374 2122 1
1705 2578 1
1705 422 1
1705 2379 1
1705 650 1
924 2244 1
924 1396 1
924 666 1
924 118 1
2271 1424 1
2271 2573 1
2271 964 1
2271 1025 1
2271 323 1
2351 1547 1
2351 1264 1
2351 25 1
2351 1736 1
2351 974 1
2351 514 1
2351 736 1
2351 338 1
2351 968 1
2351 2418 1
2351 2615 1
2351 1546 1
2351 2618 1
2351 2440 1
2351 1963 1
984 1831 1
984 1491 1
984 487 1
984 308 1
984 2090 1
984 2300 1
984 2651 1
984 2130 1
984 368 1
1056 1250 1
1056 130 1
1056 2560 1
1056 1060 1
1056 1001 1
1056 463 1
1056 1788 1
1056 2230 1
1056 100 1
1056 12 1
1056 255 1
1056 2551 1
1056 559 1
1056 542 1
458 177 1
1328 1854 1
1328 1149 1
1328 2026 1
1328 140 1
1328 1503 1
1328 980 1
1328 1586 1
1328 1130 1
1328 1914 1
1328 454 1
1328 1874 1
1482 88 1
467 2456 1
599 1470 1
599 2715 1
599 1090 1
