2170 167 1
2170 4155 1
2170 891 1
2170 2667 1
2170 2857 1
2170 1535 1
2170 329 1
2170 182 1
2170 4980 1
2170 121 1
2170 3525 1
2170 3596 1
2170 3693 1
2170 5009 1
2170 88 1
2170 2555 1
2170 4204 1
2170 4404 1
2170 496 1
2170 2933 1
2170 2686 1
2170 1852 1
2170 2241 1
2170 4424 1
2170 5436 1
2170 593 1
2170 1490 1
2170 1488 1
5466 3594 1
5466 3441 1
2174 529 1
4803 4282 1
4803 2609 1
4803 3546 1
4803 2644 1
4803 5270 1
4803 4915 1
4803 438 1
4803 3583 1
4803 146 1
4803 3920 1
4803 1868 1
4803 3952 1
4803 917 1
4803 2979 1
4803 1718 1
4803 4543 1
4803 2558 1
4803 5398 1
1891 2032 1
1891 2102 1
1891 5519 1
1891 2495 1
3066 1041 1
1898 1489 1
1898 3125 1
3408 1005 1
5324 1997 1
5324 4217 1
5324 2816 1
5324 2710 1
5324 3514 1
5324 1269 1
5324 4055 1
5324 1474 1
5324 4758 1
5324 4269 1
5324 5273 1
5324 1697 1
5324 5021 1
5324 624 1
5324 4949 1
233 4868 1
233 1080 1
233 2370 1
233 5228 1
233 5033 1
5390 5364 1
5390 3097 1
5390 4692 1
5390 69 1
5390 1220 1
5390 4757 1
5390 410 1
5390 898 1
5390 3785 1
5390 83 1
5390 4235 1
5390 2651 1
5390 1572 1
5390 5123 1
5390 1293 1
5390 3195 1
5390 2627 1
3404 2205 1
2588 3396 1
2588 1142 1
2588 204 1
2588 485 1
2588 2721 1
2588 5131 1
2588 426 1
2588 5258 1
2588 232 1
2588 4760 1
2588 4919 1
2588 5551 1
2588 2513 1
2588 1983 1
2588 1657 1
2588 3969 1
2588 4763 1
2588 2025 1
2588 106 1
2588 168 1
2588 4511 1
2588 2405 1
2588 1887 1
2588 4608 1
2588 3200 1
2588 1201 1
2588 4538 1
311 3990 1
1035 5456 1
1035 3655 1
1035 3067 1
1035 5232 1
1035 1837 1
1035 1160 1
1035 4766 1
1035 5268 1
1035 2718 1
2529 2125 1
2529 1459 1
2529 3580 1
871 1368 1
871 1912 1
871 2166 1
3775 737 1
3775 3790 1
3775 1297 1
3775 400 1
3775 3500 1
3775 4747 1
3775 1662 1
3775 3526 1
3775 4713 1
3775 3480 1
3775 3700 1
3775 4671 1
3694 3605 1
1350 3408 1
1350 4391 1
1350 3972 1
1350 2948 1
1350 3727 1
1350 575 1
1350 2205 1
1350 5013 1
1350 683 1
1350 961 1
1350 911 1
1350 1139 1
1350 5187 1
1350 785 1
1350 3233 1
1350 878 1
1350 5057 1
1350 164 1
1350 2935 1
5565 5190 1
3465 2874 1
5283 4012 1
1140 2069 1
1140 1576 1
1140 592 1
1140 1899 1
1140 1283 1
1140 2457 1
1140 5092 1
1140 4341 1
1140 1442 1
1140 2345 1
1140 5093 1
1140 3966 1
1140 1727 1
1140 1774 1
1140 2547 1
1140 935 1
1140 3796 1
1140 684 1
1140 3832 1
1002 64 1
2131 4465 1
1016 4595 1
300 240 1
300 4636 1
300 2620 1
300 5554 1
300 2736 1
300 5407 1
300 1336 1
300 3932 1
4854 3825 1
1665 2276 1
1665 960 1
1665 702 1
2938 3836 1
2938 3568 1
2777 1276 1
803 621 1
803 5498 1
803 3544 1
803 4278 1
803 4205 1
803 4910 1
803 1648 1
803 3592 1
803 3491 1
803 2912 1
803 2109 1
2494 1744 1
139 3071 1
4048 4774 1
4048 4142 1
4048 4659 1
4048 1750 1
4048 259 1
4048 2824 1
4048 3992 1
4048 3477 1
4048 5076 1
4048 3893 1
4048 3237 1
2780 231 1
3553 2801 1
3553 4185 1
3553 1441 1
3553 2414 1
3098 3854 1
2253 2065 1
2442 2956 1
5066 4722 1
2263 3229 1
2263 1101 1
213 1312 1
213 3338 1
213 2646 1
213 3617 1
2678 2792 1
2678 5351 1
2678 3336 1
2678 3248 1
2678 4425 1
2678 5027 1
2678 4871 1
2678 3206 1
2678 5056 1
2678 53 1
2678 3723 1
2678 1292 1
2678 600 1
2678 4276 1
2678 5154 1
2678 1457 1
2678 4042 1
2678 1631 1
3486 986 1
3486 3476 1
3486 4580 1
3486 1094 1
3486 3547 1
3486 3902 1
3486 3472 1
3486 841 1
3486 2487 1
5319 4499 1
2866 505 1
3933 5432 1
3100 551 1
4391 4095 1
4391 5402 1
4391 5236 1
4391 5284 1
4391 3412 1
4391 3513 1
4391 825 1
4391 1235 1
4391 12 1
4391 778 1
4391 2611 1
4391 4857 1
4391 5109 1
4391 2657 1
4391 1833 1
4391 327 1
4391 2660 1
4391 1995 1
4391 3214 1
4391 2920 1
4093 3897 1
4093 4553 1
4093 469 1
4093 2523 1
4412 2529 1
4412 2323 1
4412 1004 1
4412 918 1
4412 2712 1
4412 4641 1
642 4512 1
3073 2115 1
241 3874 1
4078 2739 1
4078 4895 1
4078 5210 1
4078 4019 1
4122 4485 1
4122 4160 1
4122 4079 1
4122 3024 1
4122 3753 1
4122 2110 1
2391 2236 1
2391 1874 1
2391 1203 1
2391 4043 1
2391 4769 1
2391 5069 1
2391 3182 1
2391 1259 1
2391 4157 1
2391 346 1
2391 3983 1
2391 3683 1
2391 3160 1
2391 3479 1
2391 2243 1
2391 4439 1
2391 2708 1
2391 1470 1
2391 5139 1
2391 1902 1
2391 275 1
2391 2113 1
34 2381 1
1969 5499 1
4593 173 1
4593 3615 1
4593 2918 1
4593 4034 1
2047 2116 1
3635 645 1
3635 218 1
3635 1422 1
3635 5085 1
1922 3319 1
1680 1647 1
2524 4363 1
190 5251 1
190 4844 1
190 5422 1
190 735 1
190 978 1
190 1244 1
72 2680 1
1371 4561 1
1371 4372 1
1371 2407 1
1371 542 1
1371 3947 1
4962 108 1
3849 552 1
3644 2262 1
1599 3335 1
1599 4144 1
1599 4677 1
1599 3982 1
1599 3764 1
1599 3937 1
4094 2325 1
4094 5352 1
4094 4479 1
3456 1033 1
3456 2851 1
3456 103 1
3456 2107 1
3456 1944 1
3456 971 1
3456 2952 1
3456 4447 1
3456 3130 1
3456 2931 1
3456 3647 1
3456 2809 1
4570 916 1
3677 2773 1
5140 3640 1
4869 1120 1
4869 4917 1
4869 908 1
4869 2434 1
2527 5495 1
4628 1434 1
4300 389 1
4300 831 1
4300 2676 1
4300 3595 1
4300 4062 1
4300 2706 1
4300 4393 1
4300 4181 1
4300 5313 1
1345 2137 1
1345 5552 1
1316 1299 1
1316 3193 1
1316 2426 1
934 1426 1
3915 192 1
3915 4594 1
3915 436 1
3915 309 1
3915 4606 1
4520 3492 1
3445 772 1
546 927 1
3820 1447 1
3820 3695 1
3820 1958 1
3820 5325 1
3820 966 1
3820 125 1
3820 4668 1
3820 3713 1
1776 1006 1
5367 4156 1
5367 2852 1
5367 2728 1
5367 560 1
5367 4270 1
5367 3035 1
425 1634 1
425 1800 1
425 5014 1
3986 4952 1
3986 3574 1
967 3430 1
967 5488 1
4189 2031 1
1420 1452 1
1420 393 1
1420 711 1
1420 4252 1
1420 5243 1
1420 365 1
1420 2288 1
4835 2448 1
4835 678 1
4835 1246 1
1627 4199 1
941 2424 1
941 4183 1
941 3913 1
891 801 1
2701 855 1
2701 3634 1
2701 3080 1
2701 3114 1
2701 2909 1
2701 4464 1
2662 1758 1
686 3660 1
3006 1227 1
2609 768 1
1597 1882 1
4161 180 1
3606 1039 1
2196 1050 1
2196 3331 1
2196 693 1
2196 1213 1
227 3892 1
227 3948 1
3204 3575 1
3204 1185 1
3204 1609 1
3204 2469 1
26 5008 1
605 4794 1
605 4135 1
605 3265 1
2863 4405 1
2376 5271 1
2376 773 1
2376 4804 1
1773 3867 1
5379 2201 1
1602 3056 1
1602 3121 1
3468 796 1
2369 626 1
2369 4524 1
2369 1610 1
979 5259 1
979 880 1
2596 2521 1
2596 3449 1
2596 749 1
2596 460 1
2596 1513 1
2596 643 1
2596 1075 1
2596 1479 1
2596 2503 1
4527 1333 1
1344 786 1
1121 374 1
1121 931 1
1121 2586 1
1121 244 1
1121 1956 1
1121 3927 1
1121 1652 1
5434 3589 1
2287 473 1
252 1909 1
252 767 1
252 3876 1
252 4233 1
252 5326 1
252 1031 1
252 1968 1
252 1798 1
252 4649 1
252 3587 1
252 1646 1
252 3906 1
793 4180 1
3298 3549 1
1411 2695 1
1411 2340 1
1411 2536 1
1411 4802 1
1411 4140 1
509 4335 1
509 2562 1
4725 4232 1
386 1035 1
386 1354 1
386 4564 1
386 1873 1
386 2440 1
386 823 1
386 1196 1
386 1967 1
386 3103 1
386 4955 1
386 28 1
386 2793 1
386 1133 1
386 5300 1
386 646 1
386 1618 1
386 1064 1
386 3572 1
386 5340 1
386 1945 1
386 4162 1
3752 1326 1
5303 1052 1
5303 4748 1
5303 3390 1
5303 1225 1
5303 1126 1
5303 1757 1
5303 85 1
5303 3949 1
5303 3296 1
5303 4332 1
5303 3613 1
5303 3355 1
5303 4023 1
5303 1367 1
5303 1098 1
5303 46 1
5303 5440 1
4541 2868 1
2694 412 1
2694 4699 1
1987 1886 1
1049 4030 1
1049 1970 1
4749 5248 1
4749 5563 1
4749 4532 1
4749 1400 1
2670 1383 1
4692 2621 1
4692 1277 1
5486 4438 1
2762 3319 1
1851 675 1
1851 4728 1
1851 3522 1
1851 2083 1
1851 3196 1
1851 5433 1
1851 19 1
1851 5420 1
1851 3943 1
1851 1132 1
1851 1753 1
1851 3745 1
1851 3094 1
2531 3637 1
2723 3426 1
2723 4240 1
2723 5241 1
3095 2019 1
2823 4494 1
4241 4807 1
4241 1830 1
1260 402 1
4321 3747 1
2633 2973 1
2633 4018 1
2533 4388 1
2533 2700 1
2533 4578 1
2533 1372 1
2533 77 1
2533 472 1
2533 2576 1
3607 3431 1
3607 285 1
3607 4654 1
3607 4134 1
3607 1117 1
2552 5390 1
2552 5368 1
2552 3053 1
2552 1124 1
2552 4736 1
2552 1491 1
2552 1689 1
2552 134 1
2552 4554 1
2552 183 1
2552 1114 1
2552 3300 1
2552 929 1
5545 5324 1
5545 3833 1
5545 1849 1
5545 4009 1
5545 4080 1
5545 479 1
5545 5301 1
5545 4005 1
5545 2455 1
5545 2772 1
5545 3816 1
5545 1389 1
5545 3392 1
5545 4779 1
5545 2749 1
5545 2946 1
5545 1687 1
5545 1768 1
5545 1179 1
5545 2522 1
5545 3868 1
5545 5321 1
5545 4499 1
5545 3811 1
5545 819 1
5545 2508 1
5545 4793 1
5545 367 1
5545 5145 1
5545 2197 1
5545 914 1
5545 3973 1
562 4932 1
562 886 1
3699 854 1
3699 4744 1
3699 383 1
3699 4109 1
3699 2505 1
3699 3562 1
3699 2722 1
3699 2308 1
3699 2152 1
3699 2569 1
3699 1881 1
3699 1113 1
3699 3590 1
4194 4934 1
3056 5185 1
3056 1645 1
3056 5492 1
3056 2235 1
3056 2456 1
3056 3704 1
3056 738 1
3229 3473 1
3229 2395 1
3229 3352 1
3229 4452 1
3229 602 1
3229 3149 1
3229 1903 1
3229 5200 1
3229 1178 1
3229 2496 1
3678 261 1
3678 4107 1
3678 806 1
3678 2922 1
3678 5068 1
4967 1053 1
4967 138 1
4967 4108 1
4967 3377 1
2467 3781 1
2467 780 1
69 3507 1
69 1790 1
69 3545 1
69 999 1
69 2316 1
69 5279 1
69 439 1
69 1672 1
69 2449 1
69 334 1
69 1399 1
69 4592 1
69 71 1
5199 4356 1
5199 3896 1
5199 4426 1
5199 5537 1
5199 3245 1
5199 2688 1
5199 2392 1
5199 3277 1
5199 5336 1
5199 722 1
5199 1624 1
5199 4899 1
5199 5544 1
5199 4039 1
5199 5106 1
5199 2341 1
5199 495 1
5199 5143 1
5199 4911 1
1737 406 1
1737 5501 1
1737 881 1
1737 368 1
2606 2396 1
2606 1147 1
4691 789 1
197 2459 1
197 3883 1
197 215 1
197 4612 1
197 3891 1
197 2086 1
197 4665 1
197 4265 1
197 2967 1
197 875 1
197 612 1
197 3388 1
197 461 1
3942 1199 1
4624 862 1
4624 4125 1
4624 2694 1
4624 3766 1
4624 1563 1
4624 1946 1
4624 3520 1
4624 4074 1
4624 2087 1
4624 5373 1
4624 2674 1
4624 156 1
4624 3645 1
4624 779 1
4624 1341 1
4624 1390 1
4624 4275 1
4624 741 1
4624 2692 1
4624 972 1
608 3230 1
608 3234 1
608 1077 1
608 5523 1
608 1267 1
608 255 1
5449 2588 1
5449 5393 1
5449 3729 1
5449 2072 1
5449 3375 1
5449 5303 1
5449 5545 1
5449 2984 1
5449 3600 1
5449 4773 1
5449 4900 1
5449 695 1
5449 4496 1
5449 4435 1
5449 5365 1
5449 2942 1
5449 548 1
5449 866 1
5449 1568 1
5449 2563 1
5449 4507 1
5449 2281 1
5449 3869 1
5449 1264 1
5449 3712 1
5449 5473 1
5449 2443 1
5449 2067 1
33 4345 1
2857 5063 1
2290 2790 1
2290 252 1
2290 859 1
2290 3256 1
2290 710 1
2290 1611 1
2290 2937 1
3786 3761 1
2990 5355 1
3706 654 1
3044 4624 1
3044 5455 1
3044 3508 1
1913 4384 1
1913 1960 1
1913 1321 1
5174 1409 1
1673 277 1
3672 279 1
73 476 1
3326 662 1
3725 3668 1
2713 2091 1
2713 3228 1
2713 127 1
2713 725 1
2713 1431 1
2713 440 1
2713 3055 1
2713 145 1
2713 5209 1
2713 112 1
1212 3957 1
3346 3576 1
1771 189 1
3357 280 1
4853 1926 1
2688 5061 1
2688 4576 1
2688 2371 1
2688 366 1
2688 4643 1
937 2976 1
937 4000 1
937 3286 1
937 493 1
937 3996 1
5238 4017 1
5238 3325 1
5238 1529 1
5238 2583 1
5238 4253 1
5238 43 1
5238 1588 1
5238 4129 1
5238 209 1
5238 4501 1
5238 5086 1
5238 5157 1
5238 3451 1
5238 1962 1
5238 2949 1
5238 3471 1
1747 3074 1
1747 5555 1
2618 4647 1
2618 2192 1
2618 2877 1
2618 885 1
2618 4603 1
1501 3777 1
1501 967 1
1501 3218 1
1501 5521 1
1501 169 1
1501 570 1
1501 4170 1
1501 4215 1
1501 1720 1
1501 2386 1
1501 1915 1
1501 3251 1
1501 1878 1
1501 433 1
1501 1416 1
1501 2167 1
263 2267 1
3202 3345 1
3202 4094 1
3202 4967 1
3202 319 1
3202 2879 1
3202 3409 1
3202 4483 1
3202 2420 1
3202 1522 1
3202 2292 1
3202 1667 1
3202 790 1
3202 591 1
3202 1549 1
3202 284 1
3202 2302 1
4689 2846 1
4689 5326 1
4689 5509 1
4689 3371 1
4689 4118 1
4689 4106 1
4689 1451 1
4689 2876 1
4689 5007 1
4788 3404 1
4788 661 1
4788 2677 1
4788 864 1
4788 33 1
4788 1867 1
4788 519 1
4788 427 1
4788 774 1
4788 44 1
3481 2251 1
3481 594 1
3481 4540 1
3481 3586 1
3481 2363 1
3481 93 1
3481 1116 1
3481 210 1
3481 4076 1
3771 3580 1
580 465 1
1435 763 1
5510 1153 1
5510 990 1
5510 3665 1
5510 1258 1
5510 1404 1
5510 3241 1
5510 4746 1
5510 3552 1
691 5536 1
691 1827 1
691 4673 1
1535 4325 1
1535 3529 1
1535 395 1
1535 3666 1
3152 2471 1
740 2549 1
740 4725 1
740 5278 1
740 3274 1
740 800 1
740 2219 1
740 3447 1
740 1582 1
740 5506 1
740 2541 1
740 1596 1
740 4229 1
740 1988 1
740 4411 1
740 5514 1
740 5003 1
740 559 1
740 5560 1
740 3113 1
740 1933 1
740 3364 1
5357 3922 1
75 4012 1
248 4929 1
248 3147 1
248 976 1
248 3835 1
248 379 1
248 1764 1
248 876 1
248 652 1
2617 4891 1
2910 4163 1
4530 5161 1
4530 4741 1
4530 3895 1
4530 731 1
4530 5383 1
4530 3717 1
4530 3059 1
4530 1824 1
4530 5157 1
4530 4810 1
4530 1471 1
4530 4718 1
4530 804 1
4530 5054 1
723 1580 1
723 5372 1
723 2343 1
723 2315 1
723 238 1
5044 1221 1
5044 2648 1
5044 1158 1
1861 5471 1
3850 263 1
5553 3686 1
5296 4740 1
2476 2955 1
2476 2049 1
2948 2354 1
2948 2009 1
2948 858 1
2948 3643 1
2948 5169 1
2948 5205 1
2948 3010 1
2948 4484 1
2948 3344 1
1187 3231 1
922 3721 1
922 200 1
922 396 1
922 2344 1
922 2412 1
922 2361 1
922 1382 1
922 2357 1
922 1880 1
922 4648 1
922 1741 1
922 1942 1
922 3782 1
922 4197 1
922 883 1
922 5217 1
922 3516 1
5540 3318 1
4998 939 1
2301 5397 1
3900 3106 1
3900 830 1
1205 1156 1
1205 1149 1
1205 3748 1
1205 4045 1
1205 3911 1
1205 2565 1
1205 3091 1
1205 2981 1
4757 4370 1
4757 5511 1
4757 5095 1
4757 2600 1
2714 1913 1
2714 4938 1
2178 5141 1
887 2342 1
3184 2460 1
3256 2895 1
3256 5328 1
3256 769 1
3256 2737 1
206 2927 1
206 1704 1
206 4860 1
206 2650 1
3124 3779 1
3124 341 1
3124 387 1
3124 2078 1
3124 4344 1
3124 3203 1
3124 4355 1
3124 5000 1
3124 3641 1
3124 2473 1
3124 3905 1
3124 4362 1
3124 4222 1
4450 1411 1
5110 4307 1
4839 669 1
3391 3063 1
5177 4058 1
5177 2216 1
5177 2287 1
5177 1049 1
5177 4440 1
5177 2683 1
5177 448 1
5177 5533 1
5177 1007 1
5177 133 1
5177 1858 1
5177 3475 1
5454 1087 1
3029 2120 1
3029 5071 1
3029 1505 1
3029 5112 1
3029 586 1
319 3353 1
319 2264 1
319 2619 1
319 4776 1
319 2862 1
319 3772 1
319 2590 1
319 2126 1
319 677 1
319 2145 1
1921 2335 1
4517 3784 1
4517 894 1
3839 2864 1
1693 1684 1
1693 1043 1
1693 4346 1
1693 2461 1
1693 4262 1
1693 2105 1
1693 5010 1
1693 2122 1
1693 1397 1
1693 1216 1
1693 4681 1
2848 175 1
2247 4475 1
2509 2888 1
2509 4050 1
1577 160 1
3695 52 1
3695 1981 1
3695 5426 1
3695 317 1
3695 5214 1
2055 1346 1
2055 2826 1
2055 2585 1
2055 3676 1
2055 5124 1
2055 2682 1
2055 3030 1
2055 1063 1
2055 274 1
2055 4245 1
2055 1282 1
77 545 1
77 1015 1
77 4572 1
77 2870 1
77 1310 1
77 3944 1
3735 2838 1
3735 791 1
656 1439 1
5284 4063 1
5284 1199 1
5284 5082 1
5284 394 1
5284 3180 1
5284 4101 1
5284 3630 1
5284 4987 1
5284 4211 1
5284 3036 1
5284 2656 1
5284 4909 1
182 615 1
182 3566 1
182 381 1
182 2123 1
182 2574 1
182 5339 1
2891 4468 1
2891 4749 1
2891 3049 1
2891 5427 1
2891 720 1
2891 2661 1
2891 1869 1
1722 3506 1
3828 170 1
3828 4939 1
3828 5417 1
3828 2703 1
3828 3490 1
3828 5441 1
3828 5020 1
3828 5445 1
3828 108 1
3828 4914 1
3828 5535 1
3828 1561 1
2142 3434 1
3106 1460 1
3106 2061 1
3106 2858 1
3106 1155 1
3412 1029 1
758 985 1
758 4052 1
758 3786 1
758 2577 1
758 1971 1
758 288 1
758 5175 1
758 2546 1
758 4579 1
758 1808 1
758 2018 1
758 4641 1
758 2030 1
758 5118 1
758 3423 1
758 2252 1
758 1228 1
758 2567 1
758 3705 1
758 446 1
758 724 1
758 4681 1
1424 629 1
1424 384 1
1424 4326 1
1424 61 1
1424 4248 1
1424 4784 1
1424 1319 1
1424 2589 1
1424 3675 1
1424 3921 1
1424 5193 1
1424 4796 1
1424 3038 1
1424 516 1
5455 2023 1
5455 5203 1
5455 265 1
5455 3628 1
5472 283 1
5472 1607 1
3060 5262 1
3060 326 1
3060 3293 1
3060 2548 1
3060 2040 1
4736 4869 1
4736 3068 1
4736 5102 1
4736 3988 1
4736 3773 1
4736 2509 1
4736 1894 1
4736 246 1
4736 2441 1
4736 1303 1
4736 3005 1
4736 3998 1
4736 5304 1
4736 501 1
4736 1734 1
4736 1438 1
4736 636 1
4736 1108 1
4736 2961 1
4736 5001 1
4736 2831 1
4736 332 1
4736 17 1
2973 1920 1
4979 1322 1
2460 3320 1
1491 1664 1
1491 2746 1
1491 1878 1
1491 4827 1
869 3124 1
2224 2758 1
2224 4821 1
2224 3204 1
2224 4642 1
2224 4861 1
2224 1850 1
2224 391 1
2224 10 1
2224 3907 1
2224 3368 1
2224 2365 1
2224 945 1
2224 4805 1
2224 1240 1
2224 3722 1
2224 2643 1
2224 2578 1
2224 4201 1
2224 5192 1
3440 622 1
3440 3627 1
1784 1357 1
3393 1091 1
3393 4001 1
3727 803 1
3727 1121 1
3727 1417 1
3727 1787 1
3727 4380 1
3727 251 1
3727 4936 1
3727 5164 1
3727 276 1
3727 1288 1
3727 1982 1
3727 3069 1
3727 2015 1
3727 2400 1
3727 2431 1
3727 2133 1
3727 3435 1
3727 1278 1
3727 5310 1
696 1527 1
696 2997 1
696 4991 1
696 4123 1
2965 781 1
571 1947 1
571 1373 1
571 4473 1
571 5237 1
571 4408 1
571 2352 1
571 3535 1
571 3702 1
571 872 1
571 993 1
571 5120 1
571 3366 1
571 5129 1
571 867 1
4849 1606 1
4361 5211 1
4402 2225 1
4402 3156 1
4402 2849 1
4402 456 1
4402 5041 1
4402 681 1
4402 2033 1
1537 2584 1
1537 1996 1
1537 2171 1
1537 1911 1
4153 1670 1
4686 511 1
16 2013 1
4700 3057 1
4900 65 1
4228 2307 1
441 5486 1
441 4033 1
441 3211 1
441 5453 1
441 4360 1
3781 547 1
3781 3140 1
3781 1188 1
3781 2373 1
3781 568 1
3781 532 1
918 2926 1
918 4192 1
5104 5561 1
5104 3585 1
5104 4177 1
5104 2258 1
5104 4947 1
5104 3373 1
5104 3176 1
5104 672 1
5104 5132 1
5104 499 1
304 3601 1
304 4007 1
304 4041 1
304 4783 1
304 5490 1
304 2183 1
304 129 1
304 2785 1
304 2293 1
304 1823 1
2749 3454 1
2749 2687 1
2749 57 1
2749 2904 1
2365 564 1
4992 1204 1
4992 3403 1
4992 5078 1
4992 1194 1
4992 4912 1
4992 4977 1
3169 1814 1
4196 1781 1
1297 5225 1
1297 2260 1
1958 794 1
4503 3262 1
4503 2207 1
5362 543 1
5362 3275 1
2928 5471 1
843 5234 1
843 4340 1
843 1864 1
843 761 1
3807 835 1
1689 2699 1
1689 4164 1
1689 4186 1
1689 1854 1
1689 1934 1
1689 5215 1
1689 2176 1
1689 3385 1
1689 2303 1
1689 4678 1
1689 4982 1
1689 219 1
1689 2557 1
1689 1565 1
5046 3266 1
2084 5087 1
3154 1752 1
3154 567 1
3154 457 1
3154 1304 1
3154 4059 1
3154 3548 1
3154 820 1
3154 5494 1
3154 262 1
3154 4513 1
3154 4392 1
674 2626 1
3856 2986 1
3856 3370 1
3856 4454 1
3856 1243 1
3856 462 1
3856 1205 1
3856 4402 1
3856 1125 1
3856 1649 1
3856 1170 1
3856 4174 1
3856 4832 1
3856 998 1
3856 5549 1
3856 4610 1
3856 4935 1
3856 5226 1
3856 5212 1
3856 1792 1
3856 3498 1
3329 4941 1
665 2036 1
540 2893 1
1524 2914 1
1524 1200 1
1461 827 1
4146 708 1
2879 2820 1
1496 981 1
1496 3635 1
1496 630 1
1496 5130 1
1496 3661 1
1496 1465 1
1496 2356 1
1496 3220 1
1496 4734 1
1496 2422 1
1496 3328 1
1496 3254 1
1496 234 1
1496 3663 1
1496 4455 1
1496 5182 1
1496 4808 1
1496 657 1
1496 4901 1
1496 3321 1
4851 4689 1
4851 2112 1
4997 4571 1
4997 4410 1
4997 4701 1
4997 526 1
4997 712 1
4997 2234 1
4997 5111 1
4997 4550 1
4997 1526 1
4997 4664 1
4997 1375 1
4997 1842 1
4997 2408 1
4997 4374 1
4997 5048 1
4997 3979 1
328 1469 1
1795 1925 1
1795 1643 1
1795 1579 1
3384 932 1
4632 539 1
4632 307 1
4632 5222 1
4632 4365 1
4632 4639 1
4435 759 1
4435 1661 1
4435 4876 1
4435 1140 1
4435 4073 1
4435 2437 1
4435 2962 1
4435 2647 1
4435 26 1
4435 1384 1
4435 2779 1
4435 4682 1
4435 4999 1
4435 2750 1
4435 3678 1
4435 3885 1
4435 4715 1
4435 2943 1
4435 3503 1
4435 2187 1
4435 3900 1
4435 506 1
4435 2493 1
4435 4979 1
4435 857 1
4435 4175 1
4435 3960 1
4435 5204 1
4435 2075 1
4435 152 1
4435 2757 1
4435 750 1
4435 909 1
4435 3812 1
4435 765 1
4435 5429 1
4435 3314 1
4435 5133 1
4435 1058 1
4435 5423 1
4435 1506 1
4435 4072 1
4435 5202 1
4435 4799 1
4435 2817 1
4435 1395 1
4435 1546 1
4435 2289 1
4435 4750 1
4435 4502 1
4435 3701 1
4435 92 1
4435 1949 1
4435 5216 1
4435 2664 1
4435 1578 1
4435 4480 1
4435 1495 1
4435 2465 1
4435 4139 1
4435 3959 1
4435 2135 1
4435 3967 1
4435 847 1
4435 5155 1
4435 4002 1
4435 4347 1
4435 3153 1
4435 4685 1
4435 2154 1
4435 4680 1
4435 1658 1
4435 2625 1
4435 3989 1
4435 1248 1
4435 483 1
4435 3389 1
4705 1396 1
3791 1458 1
2759 1577 1
2024 2271 1
5100 4310 1
5100 1017 1
909 419 1
2997 5411 1
5152 2684 1
1472 235 1
1472 4339 1
500 1777 1
4638 2027 1
5361 2958 1
5361 1456 1
5361 2004 1
5361 609 1
5361 1270 1
5361 2273 1
5361 4169 1
1236 1048 1
1236 294 1
1236 94 1
1236 4098 1
1236 4669 1
4077 642 1
575 837 1
575 2512 1
575 3034 1
575 428 1
575 487 1
2026 4289 1
2622 4048 1
2622 4078 1
2622 490 1
2622 5558 1
5023 4628 1
5023 2669 1
5023 5107 1
5023 1358 1
5023 2410 1
5023 846 1
5023 3236 1
5023 3554 1
5023 5072 1
5023 930 1
5023 1183 1
5023 3997 1
5023 282 1
5023 1287 1
5023 3621 1
5023 345 1
5023 4885 1
5023 142 1
5023 3970 1
5023 1948 1
5004 2897 1
434 5421 1
251 3235 1
251 5172 1
251 3987 1
251 1364 1
251 2821 1
251 4613 1
251 2500 1
251 3028 1
251 2511 1
251 1523 1
251 4274 1
251 5029 1
251 3007 1
251 3808 1
251 3733 1
251 1883 1
251 2835 1
251 1543 1
251 1520 1
251 598 1
1271 387 1
3072 4182 1
1300 2659 1
3598 2071 1
3409 1237 1
3409 4043 1
3409 269 1
3409 2230 1
3409 140 1
3409 482 1
3409 3381 1
3409 342 1
3409 4333 1
3409 1625 1
3409 3597 1
3409 429 1
3409 4254 1
3409 4187 1
3409 631 1
3409 2059 1
3409 1570 1
3409 1557 1
3409 4585 1
3409 2570 1
3409 2421 1
3409 3648 1
3409 2535 1
3409 1780 1
3409 4717 1
3409 1905 1
3409 3555 1
3409 2974 1
3409 2375 1
4936 3593 1
3324 2515 1
216 2579 1
216 3247 1
216 4593 1
216 4331 1
216 214 1
216 2502 1
216 2138 1
216 2483 1
216 3238 1
216 3768 1
216 1230 1
216 5206 1
216 1831 1
216 2158 1
2463 3313 1
4037 3436 1
3605 2526 1
3605 1046 1
1101 3977 1
1101 227 1
1101 1247 1
1101 5189 1
1101 4459 1
1101 3183 1
1101 2608 1
1101 745 1
1994 2369 1
1994 5272 1
1994 2847 1
4359 4133 1
237 3699 1
4630 1955 1
4630 4770 1
4630 1539 1
687 619 1
687 1815 1
687 3 1
687 3614 1
687 2972 1
687 3658 1
721 143 1
671 2987 1
671 751 1
671 3664 1
671 4367 1
671 3257 1
671 2045 1
671 4394 1
671 3042 1
671 4487 1
671 1879 1
671 3953 1
671 2186 1
671 3861 1
671 2118 1
671 2591 1
671 2970 1
671 3191 1
671 1073 1
671 2139 1
3333 2259 1
3542 3346 1
3542 4242 1
3542 2571 1
3542 618 1
3542 212 1
2807 2991 1
4875 4854 1
4875 78 1
4875 358 1
4875 390 1
4875 5332 1
4875 4146 1
4875 983 1
4875 4707 1
4875 107 1
4875 291 1
4875 392 1
4875 1369 1
4875 1239 1
1083 1638 1
537 1508 1
4785 1679 1
3033 278 1
369 4498 1
2205 355 1
2205 4117 1
2205 492 1
2205 3871 1
2348 3844 1
2672 5443 1
5475 1585 1
149 298 1
3419 1118 1
3020 4317 1
5287 150 1
5287 1393 1
5287 5404 1
5287 312 1
5287 2902 1
2285 853 1
1208 2006 1
1208 4258 1
1208 4302 1
1208 3673 1
1208 3591 1
1208 2894 1
1208 1748 1
1208 3934 1
1208 2419 1
1208 5493 1
1208 2892 1
1208 5345 1
1208 443 1
1208 4400 1
448 2819 1
710 4835 1
710 4873 1
710 2814 1
710 565 1
710 5292 1
710 2387 1
710 2073 1
2415 4958 1
5013 3740 1
5013 4567 1
5013 947 1
5013 2911 1
2453 1408 1
2453 1499 1
2698 4137 1
313 4556 1
3222 5162 1
2957 884 1
1213 2789 1
1213 1653 1
1213 90 1
1213 1081 1
5229 1723 1
3108 5160 1
3108 2464 1
2101 1016 1
949 1515 1
4283 3974 1
4283 2993 1
4283 3540 1
4283 4357 1
4283 5256 1
4283 3416 1
4283 521 1
2530 2917 1
4622 946 1
4622 2601 1
4622 4859 1
4622 5125 1
4622 4756 1
4622 2716 1
4622 4399 1
4622 2844 1
4622 4303 1
4622 2523 1
4477 3098 1
4477 3178 1
4477 222 1
4477 1260 1
4477 1681 1
4477 3393 1
4477 2453 1
4477 2630 1
4477 1135 1
4477 2124 1
4477 5394 1
4477 4083 1
4477 1410 1
2489 2476 1
2519 4413 1
489 828 1
2098 1316 1
2098 752 1
2098 3194 1
2098 3507 1
2098 13 1
2098 2290 1
2098 3154 1
2098 3493 1
2098 4277 1
2098 4775 1
2098 2430 1
2098 2573 1
2098 1589 1
2098 4584 1
2098 5289 1
2098 1547 1
1762 3486 1
1762 40 1
683 5527 1
1433 4259 1
776 139 1
776 4416 1
776 5229 1
776 4184 1
776 1272 1
187 566 1
1626 3162 1
1626 3026 1
4931 2077 1
5253 4159 1
2462 4071 1
2630 4684 1
2630 2005 1
2630 1555 1
2630 3936 1
2630 528 1
2630 3133 1
2630 3642 1
14 1250 1
4514 2903 1
4514 1556 1
4514 3271 1
4514 5476 1
3159 2634 1
1069 969 1
1069 1381 1
5094 1595 1
5094 4834 1
5094 2037 1
5094 5153 1
5094 1709 1
5094 2652 1
5094 3780 1
5094 3450 1
5094 5260 1
5094 5334 1
3659 4027 1
1586 1713 1
1586 3295 1
1586 3456 1
1586 3697 1
1586 2745 1
1586 4633 1
1586 896 1
1586 5116 1
1586 1778 1
1586 4994 1
1586 4359 1
1586 3656 1
1586 5005 1
1586 2982 1
1586 1111 1
1586 5428 1
1586 2951 1
1586 3022 1
1586 2916 1
1586 1575 1
1586 1791 1
1586 808 1
1615 1241 1
2313 7 1
2313 553 1
2313 273 1
2313 777 1
2313 1036 1
2313 1305 1
2313 1691 1
2629 4234 1
2254 362 1
2254 922 1
2254 1242 1
2254 3620 1
2254 4193 1
2254 3478 1
1848 2534 1
1848 2769 1
1848 2566 1
1848 3219 1
1848 117 1
1848 1192 1
1848 2776 1
1848 3291 1
1848 2747 1
3011 1738 1
4554 1328 1
4554 2478 1
4554 1448 1
4554 1676 1
4554 3674 1
4554 3565 1
4554 5331 1
4554 790 1
4554 2089 1
4554 2839 1
726 5048 1
961 1891 1
961 5044 1
961 27 1
961 4754 1
961 4304 1
961 4785 1
961 1127 1
961 839 1
961 4660 1
961 920 1
961 3720 1
961 3292 1
1070 856 1
5427 5117 1
5427 1154 1
5427 4322 1
5427 3014 1
5427 5047 1
3107 2362 1
3107 3264 1
3107 4828 1
3107 2384 1
3107 3985 1
3107 1025 1
3107 687 1
3107 3814 1
3107 1413 1
3107 2389 1
3107 2896 1
3107 3563 1
3107 351 1
3107 181 1
797 1952 1
797 331 1
797 4569 1
797 2282 1
797 1900 1
4319 4517 1
1007 1690 1
1007 616 1
4519 727 1
4519 4336 1
1285 4210 1
2399 316 1
2399 1406 1
2092 2333 1
4414 4560 1
4824 852 1
780 2208 1
780 968 1
780 4670 1
780 1420 1
780 605 1
780 437 1
780 5430 1
780 1061 1
780 5177 1
780 1742 1
780 2224 1
780 3756 1
780 3102 1
780 5482 1
780 243 1
780 357 1
780 1621 1
780 3327 1
780 587 1
780 2884 1
780 59 1
780 5316 1
780 1273 1
780 2246 1
780 3954 1
780 48 1
780 3361 1
1728 812 1
3910 4555 1
4193 2811 1
4193 3688 1
4193 5288 1
4193 4092 1
4193 158 1
4193 2980 1
4193 2277 1
4193 5191 1
4193 1892 1
4193 4287 1
4193 178 1
4193 2295 1
4193 51 1
4193 3330 1
2899 5183 1
1740 305 1
709 4486 1
709 468 1
709 3249 1
709 1715 1
5453 4674 1
5453 4264 1
5453 2883 1
5453 676 1
5453 5186 1
5453 245 1
5453 2941 1
5453 1889 1
5453 2366 1
3509 2111 1
3205 242 1
4740 4305 1
4740 2255 1
4740 4697 1
4740 606 1
4740 191 1
1395 36 1
2522 1175 1
2522 5178 1
2522 1683 1
762 5089 1
3272 1521 1
2517 5098 1
270 5419 1
1138 4588 1
1138 2905 1
1138 5381 1
183 5479 1
183 1980 1
183 2190 1
183 1219 1
183 5395 1
183 1037 1
3160 2543 1
3160 3711 1
3160 2732 1
3564 2042 1
4166 3422 1
4166 211 1
4166 991 1
4166 716 1
4166 2742 1
4089 343 1
4650 569 1
108 3165 1
682 2956 1
563 4625 1
3609 5471 1
947 1643 1
947 3626 1
947 2783 1
947 3539 1
1982 3853 1
1982 556 1
5382 3858 1
4035 709 1
3478 4898 1
3478 1214 1
3478 3092 1
2059 335 1
2059 4866 1
2059 3078 1
2059 1756 1
2059 4615 1
3315 3462 1
4036 4069 1
1870 4946 1
1870 4241 1
1870 2160 1
1870 2470 1
1870 1951 1
1047 5347 1
4277 3066 1
4277 5557 1
4277 3138 1
4277 3310 1
4277 4469 1
4277 2707 1
4277 5261 1
4277 2999 1
4277 3939 1
4277 4597 1
4277 2099 1
299 2796 1
1915 113 1
3756 1209 1
944 3000 1
944 247 1
944 4397 1
944 1380 1
944 3852 1
944 5035 1
3102 352 1
3102 2136 1
3102 4924 1
3102 2685 1
3102 4972 1
3102 2488 1
715 3109 1
1594 792 1
2954 5388 1
2954 4986 1
2954 3558 1
2954 5039 1
5321 3350 1
5321 913 1
5321 1165 1
5321 399 1
5321 1721 1
5321 4256 1
5321 1793 1
5321 442 1
5321 86 1
4463 4468 1
2536 1407 1
2536 3096 1
2536 405 1
2536 1034 1
2536 2696 1
5009 2581 1
5009 2466 1
5009 1294 1
5009 948 1
5009 4369 1
5009 4927 1
5009 3929 1
5009 2618 1
5009 5250 1
5009 5265 1
5009 1693 1
5009 3735 1
5009 571 1
5009 1866 1
5009 1084 1
5009 1832 1
5009 1472 1
5009 5074 1
5009 3108 1
5009 5308 1
5009 2313 1
5009 1725 1
5009 563 1
5009 1859 1
5009 4599 1
5009 5295 1
5009 2351 1
5009 3826 1
5009 1698 1
5009 356 1
5009 5435 1
5009 1099 1
5009 3446 1
5009 3232 1
2778 3150 1
2292 4906 1
2292 353 1
2292 1635 1
1486 4427 1
2065 1896 1
2191 5410 1
3708 400 1
2511 260 1
989 5376 1
989 1462 1
1598 2347 1
2874 130 1
2874 1739 1
2874 3046 1
2874 730 1
3559 2668 1
3531 1788 1
1719 2313 1
4888 1377 1
2346 4700 1
4390 5297 1
2305 658 1
2305 3280 1
2305 3298 1
2305 401 1
2305 464 1
2305 3008 1
2305 2194 1
3894 1729 1
1724 3804 1
2166 1592 1
2501 5015 1
1028 4803 1
5396 1067 1
2878 533 1
2878 4014 1
1109 1872 1
2446 1193 1
5406 2173 1
1611 4951 1
1611 3294 1
1611 3710 1
1611 5512 1
1611 2358 1
1611 3378 1
1611 5122 1
1611 1511 1
1611 4436 1
5216 2017 1
1570 3837 1
1570 1544 1
1570 68 1
1570 3145 1
2112 2397 1
2112 2887 1
2112 5548 1
2112 902 1
2112 3225 1
2112 1906 1
2112 4298 1
2112 2411 1
2112 2653 1
911 890 1
911 206 1
911 3494 1
911 3460 1
911 1517 1
2179 1651 1
5502 3768 1
1630 364 1
1630 4354 1
1630 2423 1
1630 4219 1
1630 2697 1
1630 325 1
1630 3750 1
1630 4694 1
1630 2278 1
1630 5465 1
1630 417 1
1630 431 1
1630 37 1
1630 2001 1
1630 1893 1
4439 614 1
4439 4551 1
4439 205 1
4439 2298 1
4439 3950 1
4439 3610 1
243 2938 1
243 2539 1
243 2250 1
243 315 1
243 4818 1
243 2560 1
243 4963 1
243 4006 1
243 1566 1
243 4765 1
243 667 1
4281 1379 1
4281 3086 1
4281 4954 1
4281 201 1
4281 3489 1
4281 4136 1
4281 5113 1
4281 2203 1
4281 266 1
1605 190 1
2645 4635 1
2645 4261 1
2645 1466 1
2645 4845 1
2645 116 1
2645 1510 1
2645 2886 1
3428 1010 1
3209 2794 1
1157 2691 1
2427 3919 1
2427 4082 1
2427 3163 1
2427 2220 1
2664 3439 1
2664 3940 1
2664 4188 1
2664 2940 1
2664 4907 1
2664 4409 1
2664 3309 1
4601 3845 1
2643 1024 1
1988 1181 1
1988 2996 1
1988 5011 1
3459 3573 1
3459 292 1
1667 2832 1
1667 1604 1
1667 3999 1
1667 1 1
1667 3442 1
1667 303 1
1667 1590 1
1667 1822 1
1667 936 1
1667 4623 1
1667 1711 1
1667 2564 1
1667 3971 1
373 4529 1
2516 2950 1
4695 5536 1
4695 1478 1
3757 4232 1
1375 4212 1
1842 5448 1
165 4329 1
5529 959 1
2231 4811 1
2231 123 1
2231 3322 1
1857 4792 1
5173 1208 1
5173 2450 1
2413 2331 1
2413 4812 1
2068 5466 1
2068 3677 1
2068 3444 1
2068 3521 1
2068 1483 1
2068 4510 1
2068 597 1
2068 573 1
1729 2209 1
1729 141 1
1729 2594 1
1729 5245 1
1729 640 1
1729 1632 1
1729 5138 1
1729 3117 1
1729 4518 1
1729 3551 1
1729 3754 1
966 1339 1
966 126 1
966 3127 1
966 5196 1
966 1252 1
966 1189 1
966 2382 1
966 755 1
966 494 1
2708 3810 1
2708 3532 1
2708 20 1
2708 4726 1
2708 4957 1
2708 706 1
2708 5302 1
2708 974 1
2708 3047 1
2708 5461 1
2708 3405 1
2708 625 1
2708 4051 1
2708 2834 1
2708 1254 1
2708 4451 1
2708 1093 1
1414 3485 1
1414 3787 1
1414 50 1
3151 4412 1
3151 3420 1
3151 2436 1
3151 4586 1
3151 3243 1
3151 5425 1
3151 1975 1
3002 223 1
447 3440 1
5087 1477 1
1557 1965 1
1557 208 1
1557 1688 1
3069 348 1
3069 5306 1
3069 3048 1
3069 826 1
3069 1425 1
3069 1978 1
2328 1559 1
2328 4679 1
2328 2799 1
2328 4605 1
2328 2279 1
2328 4637 1
2328 613 1
2328 3632 1
2328 5246 1
3382 679 1
2555 1754 1
5523 2572 1
4204 3930 1
5446 248 1
1030 1180 1
2284 1775 1
4864 2998 1
1856 2538 1
1856 4863 1
1856 3946 1
1856 4283 1
1856 4897 1
1856 497 1
1856 5349 1
1856 3578 1
1856 4884 1
1856 2198 1
2836 2724 1
2836 2482 1
1538 1222 1
4820 4351 1
1620 3353 1
5394 1493 1
5040 2932 1
5109 2988 1
555 4280 1
555 3584 1
555 4703 1
555 2458 1
555 1023 1
555 2673 1
555 2850 1
555 3348 1
5179 2731 1
2763 3103 1
2937 3239 1
2937 1131 1
2937 314 1
2937 4099 1
2937 4709 1
2937 484 1
2937 4651 1
2937 5128 1
2937 3923 1
2937 5058 1
2937 3815 1
2937 4508 1
2937 3414 1
2937 4461 1
2937 764 1
2937 579 1
873 256 1
873 3916 1
2015 4097 1
2015 1990 1
2015 2184 1
2015 3337 1
2015 336 1
5538 3073 1
5538 2638 1
5538 174 1
5538 2162 1
5538 1463 1
5538 3424 1
5538 2658 1
5538 354 1
746 4025 1
746 3367 1
746 1102 1
746 1587 1
746 1255 1
3824 649 1
1583 3968 1
427 240 1
427 2477 1
427 583 1
3017 759 1
1806 2640 1
3567 2663 1
3638 3311 1
3638 4130 1
3638 3177 1
3638 921 1
3638 1591 1
3638 5489 1
3638 4432 1
3638 4604 1
3638 1366 1
3638 5294 1
5275 2056 1
3803 4172 1
22 5515 1
720 2936 1
720 3880 1
584 295 1
584 467 1
584 2200 1
584 4575 1
845 3263 1
845 3437 1
845 2475 1
845 3268 1
87 1401 1
5276 3003 1
2022 4516 1
2022 3415 1
792 3510 1
1427 4470 1
4479 1914 1
4479 4373 1
4479 5464 1
4479 5266 1
4479 1013 1
4479 507 1
4479 4434 1
4479 4922 1
3581 1876 1
2590 5322 1
265 3240 1
265 132 1
2450 3778 1
2400 301 1
2400 3463 1
3327 4004 1
3327 5090 1
3327 2172 1
3327 647 1
3327 1107 1
3327 2265 1
3327 5374 1
3327 2528 1
3327 5099 1
3327 3197 1
3327 2810 1
4138 2268 1
9 386 1
9 1856 1
3051 8 1
3051 2616 1
3051 2580 1
1026 1694 1
2157 1901 1
2970 897 1
2970 5096 1
2970 783 1
2970 557 1
2970 1796 1
2970 4596 1
2093 3945 1
2093 486 1
2093 987 1
3407 3017 1
255 4667 1
255 2802 1
255 728 1
255 2813 1
636 1692 1
3736 2391 1
3736 1874 1
3736 596 1
3736 1870 1
3736 4382 1
3736 700 1
3903 70 1
3903 5052 1
3903 318 1
3903 3904 1
3903 4327 1
3903 1045 1
3903 508 1
3903 4075 1
3903 4714 1
530 5025 1
4883 5366 1
4413 2966 1
42 2321 1
3300 4836 1
3300 1525 1
3300 2854 1
3300 4908 1
1443 2317 1
4271 1095 1
2613 2741 1
2613 5483 1
2613 1749 1
2613 2211 1
2613 2713 1
2613 2312 1
2613 304 1
2613 1085 1
2613 4752 1
2613 2977 1
2613 576 1
2613 2787 1
2613 2000 1
2613 3128 1
2613 5409 1
2613 3767 1
2613 4308 1
910 1445 1
910 4500 1
4466 1696 1
648 603 1
648 3821 1
648 5532 1
648 5481 1
4214 5391 1
4214 4874 1
4214 1991 1
4214 211 1
4214 4081 1
1977 2050 1
3967 2798 1
3967 1090 1
3967 889 1
3967 5274 1
3967 1032 1
3967 1302 1
3967 3362 1
3967 1821 1
3967 1492 1
3967 2525 1
3967 4825 1
3967 1275 1
3967 4401 1
3967 2 1
3967 3616 1
3967 4152 1
3967 3731 1
3967 1695 1
3967 5541 1
3967 2221 1
3967 2800 1
3967 4923 1
3967 2403 1
3967 198 1
3967 1897 1
3967 5335 1
3967 119 1
3967 3801 1
3967 449 1
2349 3099 1
2349 2978 1
2349 1603 1
2349 3670 1
2349 2353 1
2349 4817 1
2349 2150 1
2349 2479 1
2349 1846 1
2349 2906 1
2349 5249 1
2349 5370 1
2349 5385 1
2349 4314 1
2349 1274 1
2349 4457 1
2349 1103 1
2349 3823 1
2349 977 1
2349 4306 1
2349 3829 1
2349 4621 1
2349 2595 1
2349 4705 1
2349 4683 1
2349 375 1
2349 523 1
2349 1717 1
2349 1985 1
2349 4060 1
2349 3599 1
2349 2859 1
2349 3116 1
2349 2082 1
2349 131 1
2349 1290 1
2349 4112 1
2349 975 1
2349 912 1
2349 4521 1
2349 2693 1
2349 3316 1
2349 1054 1
2349 3255 1
2349 3846 1
2349 2499 1
2349 2121 1
2349 1641 1
2349 250 1
2349 4105 1
2349 2275 1
2349 775 1
2349 520 1
2349 577 1
2349 4515 1
2349 4167 1
2349 1686 1
3221 1877 1
5012 3511 1
2660 4829 1
2660 2070 1
624 1296 1
2661 1176 1
2417 171 1
2417 104 1
2417 1191 1
2417 1009 1
2417 2231 1
2417 5360 1
933 4840 1
2153 321 1
2153 4995 1
4896 1885 1
4721 66 1
4721 554 1
4721 4221 1
5305 1755 1
5305 4657 1
5305 3469 1
5305 3841 1
5305 1068 1
5305 3887 1
5305 3164 1
5305 2427 1
5305 1414 1
5305 2119 1
5305 3860 1
5305 555 1
5305 286 1
5305 1707 1
5305 4342 1
5305 230 1
5305 4497 1
5305 1074 1
392 380 1
392 2066 1
1753 3975 1
1753 128 1
4831 3273 1
4831 4251 1
4831 1306 1
4831 1249 1
5123 940 1
5123 2484 1
5123 5462 1
4056 4103 1
4056 3260 1
3925 3136 1
1924 5156 1
29 3802 1
29 1843 1
29 3158 1
1976 2012 1
1976 111 1
1976 5224 1
1976 4490 1
510 4489 1
2734 3875 1
2734 2409 1
2734 3018 1
2734 464 1
3878 1560 1
3878 5454 1
2884 4088 1
2884 4291 1
3383 3162 1
1660 833 1
4713 784 1
4713 2540 1
4713 2237 1
367 1309 1
367 3805 1
367 5392 1
3774 3432 1
3774 2383 1
3774 829 1
3774 5084 1
3774 4288 1
3774 5077 1
3774 5170 1
3877 1385 1
3877 5500 1
3877 3386 1
3877 3060 1
3877 5317 1
3877 1162 1
3877 1826 1
3877 1284 1
3877 2454 1
2733 3421 1
4 1828 1
4 4590 1
4 3824 1
4 4655 1
4717 338 1
4717 3667 1
157 3687 1
157 2319 1
157 4847 1
157 2828 1
5034 163 1
4365 2300 1
4365 4893 1
4365 4706 1
4365 2402 1
4365 3175 1
2388 513 1
2388 30 1
2388 4323 1
2388 3144 1
2388 173 1
2388 5357 1
2388 2085 1
2388 1540 1
2388 1062 1
2388 1558 1
2388 2377 1
2388 3654 1
2388 3115 1
2388 3075 1
2388 3767 1
2388 4536 1
4470 1130 1
4470 147 1
4470 757 1
4470 4279 1
4470 1650 1
4470 4481 1
4470 137 1
4470 4562 1
4796 120 1
4796 1779 1
1150 5018 1
1150 47 1
1150 5150 1
1150 3888 1
1150 634 1
1150 1612 1
1150 4762 1
1150 1847 1
1150 1941 1
1150 1151 1
1150 2144 1
878 4530 1
3886 5277 1
1471 3087 1
1471 2214 1
1471 4557 1
1471 3084 1
1471 2575 1
1471 699 1
1471 1011 1
1471 1245 1
3282 2783 1
59 1871 1
59 907 1
59 1168 1
59 1027 1
59 3252 1
435 4925 1
435 2109 1
2881 1042 1
4812 703 1
4812 4768 1
4812 5291 1
4812 3281 1
4812 3397 1
4812 666 1
4812 2374 1
4812 1817 1
4812 982 1
4812 5311 1
4812 5088 1
4812 4926 1
4812 4491 1
4812 1733 1
4812 3425 1
4812 3631 1
4812 3189 1
3304 1044 1
3938 989 1
5312 546 1
1865 324 1
5457 96 1
5457 2266 1
5457 1421 1
5457 5408 1
5457 4969 1
5457 105 1
5457 2199 1
5457 5168 1
5457 2444 1
5457 229 1
2911 3579 1
3480 3039 1
2240 2791 1
4083 4247 1
4083 2675 1
3961 2029 1
5384 4343 1
4970 2432 1
4970 670 1
4970 3279 1
3555 816 1
3555 4652 1
4506 1331 1
2133 1803 1
2133 474 1
2133 3417 1
2133 2129 1
2133 1072 1
2133 5447 1
2133 5359 1
2206 1862 1
2206 994 1
1549 4111 1
4195 1261 1
2929 1810 1
143 753 1
143 3340 1
143 3323 1
143 3519 1
143 414 1
5158 2297 1
834 5059 1
1514 4992 1
5338 3301 1
5338 1835 1
5338 5108 1
5338 281 1
5338 1530 1
5338 4833 1
5338 2889 1
880 3603 1
3435 3560 1
3435 1675 1
3435 1550 1
3435 809 1
3435 2865 1
3435 4672 1
3435 3227 1
3435 515 1
3435 100 1
3435 3978 1
3435 4782 1
3435 2971 1
3435 4993 1
1992 4964 1
1992 1794 1
1992 2490 1
4398 3155 1
4330 3903 1
3424 1560 1
992 4127 1
992 2510 1
3700 2985 1
1279 4892 1
1279 574 1
2623 2052 1
677 1403 1
2625 870 1
3518 2151 1
5517 4 1
5194 1286 1
5194 2055 1
5194 3534 1
593 3669 1
593 3023 1
593 5030 1
593 1143 1
593 821 1
593 3901 1
593 350 1
593 4008 1
593 4378 1
593 5386 1
593 2240 1
593 5181 1
593 3278 1
1172 4870 1
5293 2106 1
4352 3334 1
3604 2607 1
1759 3267 1
1759 2875 1
3104 3843 1
1066 5114 1
1066 4904 1
4162 1966 1
4801 5 1
1000 3452 1
2375 3707 1
2375 3413 1
2375 3639 1
2375 3031 1
2375 1655 1
1233 1167 1
1841 4316 1
1841 2639 1
1841 4676 1
1841 2827 1
1841 578 1
1841 2367 1
1841 3564 1
1841 480 1
1841 5032 1
1841 5414 1
787 527 1
1166 2954 1
1166 5006 1
2751 1700 1
2751 280 1
3013 3319 1
954 955 1
2898 1123 1
1668 4236 1
1668 5263 1
3195 1760 1
3195 4959 1
3195 5091 1
3195 5197 1
3195 3433 1
3195 863 1
3195 1504 1
3195 2210 1
89 771 1
89 5377 1
1410 4179 1
1410 541 1
1410 3062 1
1410 4290 1
5031 2247 1
5031 4849 1
2747 611 1
91 1797 1
91 1371 1
91 2531 1
91 2760 1
91 3684 1
91 2642 1
91 1671 1
91 2582 1
91 797 1
91 5416 1
91 2568 1
407 424 1
407 4065 1
407 941 1
407 3851 1
407 2492 1
407 1737 1
407 73 1
407 518 1
407 3822 1
407 1537 1
407 441 1
407 2519 1
407 5242 1
407 5363 1
407 3354 1
407 415 1
407 2134 1
407 4970 1
407 1338 1
2764 1195 1
151 2964 1
2127 5484 1
2127 5119 1
3796 4131 1
2359 5167 1
561 463 1
561 3653 1
561 1518 1
561 5309 1
561 832 1
4663 5127 1
4639 349 1
4639 2146 1
4639 5356 1
960 1040 1
960 1257 1
960 3924 1
960 4428 1
960 2632 1
960 522 1
960 5543 1
960 267 1
960 3040 1
960 5051 1
960 217 1
960 4609 1
960 1767 1
1575 4568 1
2110 3016 1
2110 3276 1
3498 376 1
3498 2169 1
5414 4708 1
1391 5369 1
1391 5418 1
1391 2372 1
1391 2429 1
284 3517 1
566 224 1
566 694 1
566 3724 1
566 1782 1
566 4471 1
566 3131 1
566 4057 1
566 3926 1
566 5171 1
3188 300 1
3188 2376 1
3188 2606 1
3188 3379 1
3188 1761 1
3188 5520 1
3188 4558 1
3188 1677 1
3188 1092 1
3188 845 1
3188 3792 1
1872 81 1
1872 1811 1
1872 1943 1
1872 4090 1
1872 4349 1
1872 3714 1
1207 3834 1
704 2179 1
4301 814 1
2272 3093 1
1655 3550 1
4444 2781 1
3789 2097 1
2742 5136 1
5277 233 1
5277 1485 1
5277 4976 1
5277 159 1
5277 1666 1
5277 289 1
5277 2481 1
5277 5290 1
5277 2855 1
5277 4286 1
5277 928 1
5277 1440 1
5277 3126 1
5277 5380 1
5277 4020 1
5277 5358 1
254 2944 1
4295 4158 1
760 926 1
760 2143 1
2627 5195 1
2627 4504 1
2627 1819 1
2537 5126 1
700 5218 1
700 2165 1
700 135 1
700 3633 1
5151 905 1
2302 1105 1
2302 1614 1
2302 4688 1
2302 5176 1
2302 842 1
2302 5075 1
2302 799 1
2302 1335 1
2302 4738 1
2302 2666 1
2302 2738 1
5045 1845 1
5045 5144 1
888 4433 1
888 5437 1
888 3879 1
2360 2248 1
2360 4297 1
2360 4842 1
2360 589 1
2360 1875 1
2360 3845 1
2553 5257 1
2553 114 1
2523 2506 1
586 2114 1
586 3089 1
586 5149 1
2654 2051 1
2654 220 1
2654 1910 1
2654 3515 1
2654 3698 1
2654 4313 1
2654 2242 1
2654 2497 1
2654 2286 1
2654 459 1
2654 1936 1
2654 2404 1
2654 3088 1
2654 3818 1
2654 3993 1
2654 3718 1
2654 3148 1
2654 1931 1
2654 663 1
2654 746 1
2654 2711 1
2654 4563 1
2654 272 1
2654 1262 1
2654 1436 1
2654 504 1
3864 1710 1
3864 186 1
1488 822 1
1488 1836 1
1488 1516 1
1488 4126 1
1488 5442 1
1278 4350 1
1278 1197 1
1278 32 1
1278 3161 1
1278 185 1
1278 2048 1
2170 1545 1
2170 5028 1
2170 1637 1
2170 3258 1
2170 1376 1
2170 3763 1
2170 477 1
5466 1834 1
5466 385 1
5466 514 1
5466 3866 1
5466 1772 1
5466 1097 1
4803 1574 1
4803 4877 1
4803 4789 1
4803 4420 1
5390 2227 1
5390 4143 1
5390 1916 1
5390 685 1
5390 3602 1
5390 3453 1
5390 1374 1
5390 1548 1
5390 3931 1
5390 5065 1
2588 4312 1
1035 4720 1
1674 536 1
871 193 1
871 5559 1
871 3800 1
3775 2148 1
3775 4953 1
3775 2597 1
3775 5159 1
3775 2350 1
2318 2882 1
3247 4533 1
1350 4930 1
1350 4406 1
1350 3622 1
1350 2873 1
1350 5342 1
1350 668 1
1350 798 1
1350 154 1
1350 4100 1
1350 1059 1
1350 3037 1
300 4223 1
300 2514 1
300 3224 1
2790 3305 1
803 2181 1
803 4629 1
2494 1171 1
2494 2913 1
2494 4614 1
2494 1571 1
2494 838 1
2494 1018 1
2494 651 1
2494 5353 1
3553 4231 1
2678 1884 1
2678 2035 1
2678 3308 1
2678 950 1
2678 851 1
2678 4887 1
2678 4656 1
2678 5286 1
2678 1746 1
2678 810 1
2678 3058 1
2678 5458 1
2678 2104 1
4391 98 1
4391 1659 1
4391 3112 1
4391 4366 1
4391 1152 1
4093 868 1
4093 4975 1
4093 2725 1
4093 5348 1
4412 1593 1
4412 2322 1
4412 956 1
4412 1110 1
4412 4145 1
4122 3928 1
4122 2390 1
4122 2226 1
4122 2338 1
4122 3395 1
4122 2452 1
4122 2378 1
4122 1785 1
4122 1352 1
4122 4208 1
4122 411 1
4122 3259 1
4122 1394 1
4122 4353 1
4122 4054 1
4122 4687 1
4122 5333 1
4122 3914 1
4122 3303 1
4122 4666 1
4122 2919 1
4122 4525 1
4122 2193 1
2391 1317 1
2391 2890 1
2391 3976 1
2391 488 1
4593 323 1
1599 3186 1
1599 1789 1
1599 588 1
3456 5330 1
3456 2195 1
4570 55 1
3677 3146 1
4348 1805 1
4348 4203 1
4348 3410 1
5364 1584 1
5364 692 1
3972 1311 1
1316 655 1
3820 4031 1
3820 1146 1
425 4983 1
1420 4068 1
1420 5043 1
1420 1112 1
1420 3819 1
941 3012 1
941 5165 1
891 4600 1
2701 4539 1
2701 3741 1
2701 1163 1
2701 5067 1
2701 2797 1
2701 4492 1
2701 572 1
3204 3499 1
605 2504 1
2376 5134 1
1121 5343 1
1121 2324 1
1411 333 1
1411 2702 1
1411 1318 1
1411 4889 1
386 1860 1
386 4634 1
386 1853 1
3752 2393 1
5303 1961 1
1049 2008 1
4692 2614 1
1851 4702 1
1851 3474 1
1851 1359 1
1851 1174 1
1851 2088 1
1851 2923 1
4321 1844 1
4321 3831 1
2552 1600 1
2552 1481 1
2552 2544 1
2552 660 1
2552 1745 1
5545 2907 1
5545 5026 1
5545 5142 1
3522 2825 1
3056 1159 1
1325 2096 1
1325 3737 1
1325 1482 1
5524 4110 1
69 988 1
69 2908 1
69 1182 1
69 892 1
69 4548 1
69 5344 1
69 3043 1
5199 3394 1
5199 4791 1
5199 5223 1
5199 1497 1
5199 5525 1
5199 5073 1
1737 1989 1
1737 638 1
197 344 1
197 5019 1
197 2727 1
197 3376 1
197 3090 1
4624 5424 1
4624 4257 1
4624 938 1
4624 1444 1
4624 4148 1
608 3806 1
608 2168 1
608 63 1
5449 6 1
5449 4395 1
5449 2180 1
2857 1929 1
2857 453 1
2857 3143 1
2857 2016 1
2857 766 1
2857 1706 1
2857 3290 1
2857 4324 1
654 4928 1
2290 3981 1
2290 3208 1
2290 2774 1
2290 1173 1
2290 1001 1
2290 5496 1
1314 2842 1
1314 1266 1
2713 1731 1
2713 4238 1
2713 3464 1
2713 15 1
2713 1708 1
2713 5147 1
2713 3501 1
2713 1512 1
4777 1562 1
4777 3399 1
5238 5314 1
5238 239 1
2618 637 1
1501 2840 1
1501 824 1
3202 95 1
3202 2054 1
3481 184 1
3481 38 1
580 3085 1
1535 3488 1
740 2559 1
740 4296 1
740 2803 1
740 3537 1
740 1640 1
740 818 1
248 4587 1
4530 1533 1
4530 4902 1
4530 1964 1
4530 2468 1
4530 3185 1
4530 3351 1
4530 4526 1
4530 1963 1
723 1327 1
723 1450 1
2476 4739 1
2948 4371 1
2948 1644 1
2948 2401 1
2948 2177 1
922 5550 1
1205 5474 1
4757 581 1
3256 99 1
3256 3588 1
206 1324 1
3029 1065 1
3029 1202 1
3029 2034 1
319 3502 1
319 422 1
319 3401 1
319 1617 1
319 3217 1
319 2261 1
319 558 1
319 3470 1
319 225 1
319 4263 1
319 2690 1
319 5415 1
319 1567 1
2107 4337 1
4517 604 1
1693 4611 1
1693 4850 1
1577 4662 1
2055 2770 1
77 4973 1
5284 836 1
5284 3168 1
5284 236 1
5284 3438 1
182 4456 1
182 2195 1
182 3744 1
182 4173 1
182 627 1
2891 1313 1
3828 5562 1
758 1714 1
758 3719 1
758 4015 1
758 3122 1
758 705 1
1424 4268 1
1424 3618 1
5455 2041 1
5455 4724 1
4736 3570 1
4736 1551 1
4736 3101 1
353 2149 1
1491 4085 1
2224 903 1
2224 782 1
2224 2953 1
2224 4826 1
2224 2080 1
2224 1751 1
2224 58 1
3440 1917 1
61 1351 1
3727 1429 1
571 226 1
571 4318 1
571 3840 1
4402 1786 1
4402 4755 1
1537 620 1
3781 3137 1
3781 451 1
3781 1253 1
3781 2256 1
5104 3523 1
5104 4328 1
5104 4309 1
5104 3612 1
5104 4890 1
5104 4120 1
304 3623 1
304 4937 1
304 49 1
2749 2994 1
843 1365 1
2311 3201 1
2311 5399 1
2311 4246 1
2311 4272 1
3154 2871 1
3154 4456 1
3154 2890 1
4487 973 1
3856 877 1
3856 2641 1
3856 1100 1
3856 3991 1
3856 2053 1
3856 4735 1
3856 3857 1
3870 3650 1
3870 1137 1
3870 5513 1
3870 2767 1
3870 895 1
3870 641 1
3870 2038 1
3870 2853 1
3870 1763 1
3870 813 1
3870 5281 1
2879 4978 1
1496 2010 1
1496 199 1
4997 3253 1
4997 2339 1
4997 4559 1
4997 31 1
4435 3679 1
4435 1507 1
4435 5534 1
4435 1419 1
4435 3680 1
4435 3582 1
4435 3738 1
4435 4243 1
4435 4690 1
4435 3250 1
4435 2306 1
1540 195 1
1540 2624 1
1540 1480 1
5361 582 1
1236 5037 1
575 4029 1
575 893 1
5023 1386 1
5023 2636 1
5023 3965 1
5023 2238 1
5023 297 1
5023 2915 1
5023 144 1
5023 102 1
5023 4086 1
5023 770 1
5023 1770 1
251 2256 1
251 1816 1
251 5329 1
251 995 1
251 1839 1
3409 4443 1
3409 963 1
3409 3052 1
3409 2280 1
3409 4021 1
3409 1972 1
3409 2229 1
216 1076 1
1101 2336 1
1101 1206 1
1101 2869 1
687 5166 1
687 378 1
687 2438 1
671 4751 1
671 4787 1
671 2076 1
671 1654 1
671 4474 1
671 4753 1
671 1484 1
3542 4591 1
4875 904 1
4875 1825 1
4875 4913 1
4875 1169 1
4875 3448 1
4875 1106 1
1126 3429 1
1208 454 1
1208 964 1
710 5531 1
5013 1730 1
5013 470 1
3059 5354 1
4283 2719 1
4283 3855 1
4283 5146 1
4622 610 1
4622 3703 1
4622 4795 1
4622 5467 1
4622 5507 1
1720 3289 1
1720 5470 1
2098 161 1
2098 2765 1
776 1954 1
2630 4745 1
2630 41 1
1069 4565 1
1586 2704 1
1586 544 1
1586 1736 1
1586 1405 1
1586 136 1
1586 3794 1
1586 4087 1
1586 4066 1
1586 2215 1
1586 5240 1
2313 1895 1
2313 4710 1
5300 5064 1
2254 707 1
1848 951 1
1848 4061 1
1848 4582 1
1848 1330 1
5427 2959 1
3107 4200 1
3107 3358 1
797 109 1
797 3223 1
797 3951 1
1498 718 1
1498 3689 1
1498 4218 1
1498 3728 1
1498 2599 1
1498 177 1
1498 3244 1
1498 2880 1
1498 1678 1
4193 3339 1
4193 3504 1
4193 3908 1
4193 3561 1
5453 4102 1
1890 733 1
1890 4918 1
1890 5337 1
1890 1224 1
1138 1198 1
3861 4171 1
3861 5439 1
3564 1930 1
1870 2291 1
4277 4879 1
4277 3207 1
4277 3859 1
4277 5516 1
4277 2244 1
4277 4940 1
2954 4437 1
5321 1765 1
2637 635 1
3363 4458 1
3363 2605 1
3363 2812 1
2536 3167 1
5009 3332 1
5009 4116 1
5009 1229 1
5009 5188 1
5009 3142 1
5009 4598 1
5009 54 1
5009 2610 1
5009 1362 1
5009 5230 1
1598 3483 1
2878 4011 1
2878 2829 1
1611 2330 1
1570 3611 1
1570 1904 1
1570 1487 1
1570 1818 1
2112 2161 1
2112 293 1
911 5285 1
911 5323 1
911 3134 1
1630 1021 1
1630 5315 1
1630 420 1
243 1003 1
4281 1468 1
2645 228 1
2427 4467 1
3459 398 1
1667 423 1
1842 4646 1
1842 1473 1
4462 3502 1
1729 5452 1
1729 4124 1
1729 377 1
966 3359 1
966 1500 1
2708 4448 1
2708 1378 1
2708 118 1
2708 3963 1
4051 848 1
4661 4150 1
3069 5341 1
3069 4294 1
3069 3076 1
18 3912 1
18 1088 1
18 2060 1
18 2003 1
1685 1437 1
1856 2063 1
5109 481 1
555 4761 1
555 3192 1
555 4950 1
555 2756 1
555 4119 1
2937 4882 1
2015 3170 1
2015 2704 1
2015 4823 1
3638 5079 1
845 2545 1
845 5252 1
4479 2615 1
3327 4418 1
3327 1453 1
736 5002 1
3051 3799 1
3051 2518 1
255 3671 1
3736 4230 1
3903 3111 1
2613 3349 1
2613 4022 1
2613 421 1
2613 5480 1
2613 4589 1
2613 2995 1
2613 4819 1
2613 5478 1
2613 860 1
4214 3285 1
3967 1223 1
3967 202 1
3967 2628 1
2349 363 1
2349 3557 1
2349 2299 1
2349 5137 1
2349 1055 1
2349 76 1
2349 713 1
2349 2679 1
624 5101 1
1838 4965 1
1838 3001 1
115 4128 1
5305 2649 1
5305 3213 1
1753 503 1
1753 3307 1
5123 5269 1
4484 4723 1
3081 3538 1
367 2551 1
4365 3571 1
2388 2314 1
2388 3083 1
1471 659 1
3366 2334 1
5457 1329 1
3480 5539 1
3480 2132 1
3961 2740 1
2206 5198 1
143 4960 1
5338 25 1
5338 3402 1
5338 5526 1
1342 3215 1
3435 1268 1
1992 2182 1
1992 2232 1
1992 5235 1
1992 3889 1
3700 2856 1
593 2188 1
593 1534 1
593 4881 1
2375 644 1
2375 4206 1
2375 2945 1
1841 2507 1
4885 2945 1
4885 3608 1
3195 5042 1
3195 4226 1
3266 4415 1
91 3863 1
91 3881 1
91 3882 1
407 942 1
407 4797 1
407 3496 1
1541 3918 1
960 1542 1
5414 4478 1
566 3556 1
566 2149 1
566 1494 1
566 3418 1
3188 4013 1
3188 1347 1
3188 1820 1
1933 4064 1
5277 3739 1
2302 906 1
2302 2451 1
888 444 1
2360 1639 1
2360 1343 1
2553 5318 1
2553 1415 1
2553 623 1
2553 3495 1
2553 3536 1
2553 1957 1
2553 3646 1
2553 3872 1
2553 1323 1
2553 4968 1
2553 2428 1
586 3962 1
586 2385 1
1278 4988 1
1278 5121 1
1038 5184 1
1038 729 1
4096 3956 1
3625 5457 1
4806 3443 1
4743 937 1
4743 1392 1
4743 4214 1
4743 3961 1
4165 2701 1
2992 2808 1
2992 4523 1
2992 1795 1
2992 4028 1
2992 5213 1
2992 4284 1
4731 3081 1
4731 3027 1
1702 1622 1
3964 4522 1
4431 5412 1
1332 1000 1
1332 689 1
2655 3542 1
2655 4618 1
4798 3151 1
1051 1104 1
4712 538 1
3021 1314 1
4772 3607 1
1057 4630 1
110 1238 1
4920 2944 1
3343 2006 1
3527 3315 1
3527 4831 1
5387 213 1
5387 80 1
5387 3069 1
5387 5338 1
372 5094 1
3246 1370 1
4809 3079 1
5487 1461 1
4552 3123 1
4207 1812 1
1337 5367 1
1337 3282 1
3269 2637 1
3269 5179 1
3696 4549 1
2689 3789 1
4040 157 1
359 671 1
359 3736 1
4813 4943 1
5255 382 1
3374 3411 1
714 2592 1
5148 786 1
5062 789 1
2818 933 1
153 4236 1
664 1601 1
3541 3004 1
815 4176 1
2830 1613 1
2028 4503 1
2141 4321 1
4368 3171 1
4421 5346 1
1809 899 1
4053 2147 1
5504 3287 1
5504 2509 1
5504 1349 1
2074 3577 1
1998 4627 1
418 3746 1
1210 1674 1
2043 3270 1
1320 879 1
4010 4894 1
1008 2327 1
2833 360 1
4407 1851 1
347 3468 1
1215 4581 1
1215 5491 1
1215 2517 1
1215 844 1
1215 4943 1
534 4800 1
4886 5194 1
2752 736 1
1232 4338 1
1449 1315 1
4419 732 1
4419 1078 1
45 3467 1
45 450 1
3813 3828 1
3813 1424 1
3813 430 1
3813 67 1
3813 2733 1
4422 101 1
4202 650 1
172 1976 1
172 5505 1
3387 2939 1
4626 2417 1
2837 887 1
4266 2163 1
1716 2270 1
4091 1070 1
925 5239 1
2930 1863 1
3157 3482 1
4631 4389 1
4631 4767 1
680 2805 1
5460 2776 1
1553 3941 1
3838 3775 1
2326 5023 1
4790 701 1
5081 3458 1
4658 549 1
3199 697 1
1959 1350 1
1959 1598 1
1959 2602 1
3400 748 1
5320 3691 1
2222 2603 1
2867 3051 1
1907 5389 1
1743 5238 1
1743 2613 1
475 3356 1
744 1898 1
3284 4602 1
5463 996 1
5463 115 1
5463 4460 1
1177 3725 1
1177 4531 1
4311 4544 1
4905 4158 1
3533 1993 1
1256 5518 1
2556 2329 1
4260 1992 1
60 2596 1
60 1630 1
3847 2963 1
1802 3848 1
4537 3563 1
4509 2705 1
817 3817 1
4903 4583 1
1184 1586 1
4781 3619 1
4781 4838 1
2398 4209 1
3769 2723 1
4566 1161 1
4190 882 1
2296 1919 1
900 5564 1
4778 3783 1
2007 2471 1
788 5219 1
4942 1069 1
4168 1136 1
5244 2753 1
5244 4921 1
1148 1838 1
2175 2681 1
1840 82 1
1308 3865 1
3742 337 1
2795 2485 1
432 3119 1
4104 4736 1
4104 5104 1
4104 3765 1
4104 3751 1
4104 2305 1
4104 648 1
1475 2269 1
2090 2561 1
4771 304 1
2841 407 1
1569 3651 1
1356 4730 1
1356 509 1
39 302 1
4996 3652 1
1190 5299 1
2804 3569 1
4024 888 1
194 5469 1
2095 5522 1
2095 3487 1
2283 4570 1
2283 1597 1
1908 4916 1
4151 2654 1
3110 1150 1
3524 739 1
2185 1636 1
4403 5491 1
4149 1663 1
196 1333 1
4780 1236 1
2021 3657 1
2021 1334 1
1699 1766 1
1608 1599 1
4990 717 1
56 216 1
3166 3198 1
1937 2878 1
4429 340 1
4115 1265 1
2062 4711 1
997 924 1
2901 4732 1
290 3759 1
535 3299 1
2320 4505 1
1726 4048 1
1455 754 1
3890 1014 1
3890 3139 1
257 1623 1
2435 3649 1
2057 3685 1
698 4945 1
5401 4764 1
5254 2717 1
3994 3363 1
1446 654 1
4742 617 1
4225 29 1
4255 2189 1
4786 807 1
4786 1280 1
4786 3774 1
4759 2223 1
1141 51 1
3064 2254 1
1353 1363 1
1226 871 1
1226 2891 1
1226 758 1
1226 4138 1
1950 4376 1
3019 5247 1
458 970 1
4379 965 1
3077 3984 1
5477 4635 1
1115 4417 1
1115 632 1
5103 2671 1
639 3457 1
4070 1703 1
2520 5556 1
258 179 1
4865 4385 1
653 124 1
653 1138 1
4132 740 1
3427 1531 1
1096 3776 1
4198 4003 1
1301 1144 1
4476 409 1
306 852 1
3884 2257 1
2788 2474 1
953 175 1
4733 5371 1
1509 539 1
4396 2406 1
3032 3553 1
3032 2734 1
2309 11 1
4644 4619 1
1423 3870 1
980 2552 1
585 2761 1
1251 4822 1
1979 1969 1
1979 1502 1
1979 3118 1
1940 2533 1
1940 3044 1
21 2130 1
2064 4488 1
4375 517 1
952 1536 1
1953 607 1
4121 4841 1
5053 628 1
2239 3995 1
3045 2960 1
4814 4327 1
3120 1560 1
4858 2416 1
4858 4620 1
2748 4250 1
2274 4661 1
1464 4477 1
2975 3261 1
2554 4514 1
264 4350 1
2947 1848 1
3528 802 1
3369 4300 1
5405 3051 1
1813 2014 1
3050 5530 1
2845 2494 1
2845 5510 1
3041 1984 1
5231 4482 1
4716 1629 1
5485 1928 1
491 2786 1
2743 4047 1
2755 408 1
4985 400 1
4573 4971 1
1402 2843 1
2044 2612 1
2709 2712 1
811 425 1
943 4046 1
3958 2140 1
3283 204 1
2155 776 1
2754 462 1
1298 4853 1
3743 2989 1
339 190 1
2715 3798 1
271 1669 1
1289 1888 1
5055 1685 1
416 1890 1
5208 723 1
3372 4617 1
3025 2678 1
2418 1134 1
2418 2337 1
1263 691 1
4719 3466 1
4719 4281 1
3132 2726 1
3755 734 1
3755 5438 1
2218 4069 1
2218 958 1
3347 2498 1
2587 1633 1
4430 5451 1
3898 584 1
4293 4956 1
3662 1056 1
203 5066 1
3842 2983 1
2364 5163 1
1022 3752 1
452 2447 1
5468 4966 1
2861 361 1
4044 1086 1
2394 3226 1
3015 4961 1
2544 2170 1
2544 3820 1
2544 608 1
2544 3216 1
2544 3856 1
2544 5305 1
2544 5312 1
2544 3188 1
4032 3775 1
1082 865 1
4878 4210 1
2860 2660 1
2217 320 1
1145 3181 1
3297 1020 1
3187 221 1
3210 3638 1
2924 1519 1
3734 4729 1
4472 3070 1
1432 2635 1
3461 4441 1
525 1325 1
2968 84 1
2872 1498 1
5378 3909 1
1218 5449 1
2822 1355 1
5307 1476 1
3797 1701 1
5221 2093 1
1682 5097 1
4574 1801 1
3135 805 1
24 268 1
2079 2388 1
2079 834 1
742 1564 1
633 4227 1
633 3365 1
3342 2249 1
1735 4653 1
4607 471 1
4542 2633 1
4542 2191 1
4542 1066 1
5566 5017 1
4113 413 1
1060 4237 1
1060 4037 1
1060 4067 1
2212 3629 1
874 690 1
3709 3459 1
3715 3955 1
1855 5361 1
4495 1927 1
1430 1281 1
207 3726 1
1467 1089 1
4387 2542 1
3288 2328 1
1164 3481 1
4038 1532 1
3065 2623 1
1973 2245 1
2094 2668 1
3242 4154 1
5450 3082 1
1128 3136 1
162 850 1
4191 4383 1
1642 2379 1
2885 1986 1
4737 403 1
4320 4093 1
5080 4147 1
1122 3202 1
5280 330 1
5280 445 1
5280 287 1
4933 330 1
3512 253 1
5201 601 1
4446 2553 1
1554 4399 1
5049 2735 1
1361 1418 1
2900 3730 1
2156 747 1
1619 4872 1
2782 1918 1
1186 673 1
4358 5050 1
5180 2486 1
1999 3862 1
3312 1307 1
1783 296 1
166 5024 1
166 3873 1
3682 322 1
4445 3795 1
4178 4449 1
478 1656 1
5267 3762 1
1938 979 1
3624 979 1
4292 3681 1
2480 5016 1
3770 4948 1
2100 3306 1
3530 3708 1
984 4997 1
4244 4852 1
4880 2311 1
1217 5227 1
3105 2159 1
188 4187 1
3899 4815 1
1129 2058 1
4944 4114 1
1387 954 1
2744 62 1
1454 1939 1
397 561 1
2815 2360 1
3061 5094 1
4220 2332 1
4616 647 1
455 3054 1
148 5538 1
1211 905 1
590 4377 1
1360 1425 1
2491 2433 1
4704 498 1
1807 2202 1
2108 719 1
5038 1581 1
1573 404 1
2771 4686 1
840 3732 1
5115 595 1
4545 2233 1
1231 4546 1
2604 843 1
4386 79 1
3360 2598 1
3788 4267 1
3484 23 1
3690 4535 1
2806 1071 1
795 1428 1
2380 3827 1
3497 3716 1
2304 1705 1
1398 4056 1
3830 2046 1
35 252 1
1616 5264 1
1804 3009 1
550 5413 1
3505 4249 1
4856 2593 1
5022 531 1
4981 4855 1
4453 2318 1
4453 1388 1
4453 2127 1
2532 4873 1
3636 1974 1
4843 1712 1
4216 4364 1
4846 3760 1
122 4496 1
4830 4334 1
2925 4727 1
1552 3179 1
1340 4867 1
2020 2002 1
1732 4816 1
4577 4451 1
2368 4224 1
2921 1079 1
2472 18 1
2128 2730 1
4862 1496 1
3692 4016 1
2081 5298 1
2081 5220 1
4442 1348 1
4989 249 1
688 2784 1
3317 5454 1
743 3107 1
2103 2039 1
1412 4875 1
4693 3398 1
1119 3129 1
2164 3129 1
2294 2349 1
4049 4534 1
3455 5060 1
3980 1291 1
2228 5545 1
5403 4622 1
4315 579 1
1295 3917 1
466 4348 1
756 248 1
4423 4974 1
4273 197 1
4675 5375 1
3141 97 1
5105 1829 1
5444 3029 1
861 4848 1
2310 2729 1
3380 2550 1
1799 5400 1
849 923 1
2355 5547 1
3935 1501 1
2665 5431 1
370 2645 1
2766 1912 1
1019 1279 1
4213 2969 1
5207 3388 1
5546 3543 1
915 5135 1
155 4122 1
2445 502 1
4239 5233 1
310 3302 1
2775 5350 1
3174 2206 1
4084 5497 1
5083 1932 1
4141 3098 1
5542 91 1
3341 1541 1
4698 5036 1
957 2631 1
2439 74 1
3809 1234 1
5503 4493 1
4696 3946 1
1503 2098 1
919 3172 1
4547 4381 1
3173 1342 1
3173 4299 1
5459 4645 1
2213 3758 1
4026 3406 1
599 1628 1
5528 371 1
2425 2204 1
3749 4137 1
2011 176 1
5282 1841 1
1923 263 1
962 1620 1
4837 5524 1
2720 4528 1
4640 5199 1
2934 3063 1
901 3793 1
5327 1769 1
5508 3190 1
4285 3212 1
1012 4984 1
512 308 1
2768 1528 1
2117 388 1
5070 524 1
1935 4628 1
