22 673 1
22 516 1
22 489 1
22 619 1
22 439 1
22 140 1
22 26 1
22 169 1
22 437 1
22 382 1
517 698 1
25 9 1
603 708 1
603 452 1
603 299 1
603 313 1
603 321 1
603 285 1
603 703 1
603 355 1
603 120 1
652 276 1
72 2 1
72 145 1
72 453 1
72 463 1
72 16 1
72 64 1
72 272 1
72 519 1
72 134 1
72 540 1
72 457 1
72 674 1
72 480 1
72 424 1
72 583 1
72 432 1
72 642 1
72 36 1
206 4 1
547 65 1
392 245 1
226 302 1
172 290 1
146 705 1
127 25 1
127 399 1
127 546 1
644 565 1
644 119 1
644 675 1
12 500 1
12 597 1
12 383 1
12 367 1
190 370 1
702 20 1
702 357 1
520 582 1
592 593 1
679 185 1
430 191 1
269 298 1
416 534 1
416 318 1
416 13 1
416 602 1
416 557 1
416 234 1
416 481 1
416 628 1
416 139 1
416 449 1
416 608 1
416 113 1
431 713 1
198 240 1
526 482 1
526 414 1
236 564 1
660 53 1
108 336 1
614 443 1
614 256 1
614 458 1
322 433 1
358 143 1
358 212 1
358 629 1
358 274 1
358 337 1
358 30 1
358 286 1
358 699 1
358 38 1
581 686 1
581 159 1
579 132 1
646 106 1
646 251 1
514 307 1
514 374 1
514 72 1
514 71 1
514 620 1
514 416 1
514 406 1
514 417 1
514 142 1
514 341 1
514 141 1
514 428 1
514 505 1
514 54 1
514 297 1
514 47 1
514 586 1
171 610 1
639 128 1
611 493 1
144 404 1
144 227 1
283 524 1
470 86 1
39 467 1
39 644 1
39 99 1
39 409 1
39 584 1
39 447 1
39 420 1
39 650 1
39 552 1
39 196 1
39 27 1
39 199 1
39 388 1
39 10 1
24 107 1
386 575 1
49 240 1
421 164 1
585 378 1
200 60 1
426 202 1
23 70 1
23 173 1
23 537 1
23 228 1
147 467 1
219 183 1
219 669 1
219 464 1
219 280 1
249 243 1
249 268 1
372 665 1
295 281 1
295 623 1
295 594 1
295 17 1
341 471 1
399 11 1
31 551 1
331 678 1
331 148 1
331 412 1
331 29 1
331 668 1
331 48 1
331 324 1
331 617 1
331 43 1
331 112 1
331 90 1
193 253 1
655 133 1
510 359 1
510 264 1
510 443 1
510 256 1
510 458 1
510 186 1
510 422 1
510 491 1
510 645 1
696 469 1
165 88 1
401 117 1
136 474 1
556 305 1
556 167 1
556 504 1
556 73 1
556 352 1
556 581 1
556 646 1
556 473 1
556 671 1
556 283 1
556 470 1
556 497 1
556 654 1
556 483 1
556 550 1
556 209 1
556 680 1
556 685 1
556 511 1
556 501 1
556 348 1
556 605 1
556 179 1
556 233 1
556 363 1
18 376 1
18 326 1
18 389 1
18 124 1
18 308 1
485 349 1
485 151 1
485 539 1
485 41 1
485 105 1
485 456 1
485 462 1
485 390 1
505 351 1
505 635 1
505 423 1
505 568 1
505 207 1
505 618 1
156 186 1
500 715 1
55 590 1
502 397 1
515 52 1
297 498 1
297 214 1
297 486 1
297 275 1
297 585 1
297 178 1
297 66 1
297 77 1
297 587 1
297 438 1
297 413 1
297 445 1
158 18 1
130 62 1
47 710 1
47 601 1
47 316 1
47 7 1
47 320 1
47 362 1
47 427 1
47 589 1
47 330 1
47 506 1
60 85 1
109 400 1
109 533 1
109 548 1
42 32 1
84 220 1
84 293 1
84 490 1
609 531 1
609 573 1
609 208 1
609 377 1
609 638 1
495 205 1
495 237 1
495 21 1
495 503 1
495 260 1
495 682 1
495 5 1
495 707 1
495 442 1
448 478 1
161 44 1
472 591 1
472 632 1
286 221 1
563 189 1
563 325 1
348 63 1
348 197 1
403 391 1
150 415 1
150 536 1
150 50 1
553 123 1
250 657 1
661 244 1
413 612 1
413 103 1
413 706 1
413 102 1
413 647 1
413 6 1
344 288 1
606 610 1
456 231 1
232 333 1
245 393 1
245 430 1
245 484 1
245 149 1
245 466 1
245 487 1
245 42 1
245 309 1
595 659 1
53 182 1
53 513 1
53 257 1
53 238 1
53 664 1
53 434 1
53 360 1
333 450 1
333 278 1
333 104 1
333 384 1
333 535 1
333 188 1
333 694 1
333 630 1
475 11 1
475 648 1
475 477 1
475 454 1
110 37 1
120 692 1
22 709 1
22 672 1
603 555 1
72 418 1
72 410 1
72 98 1
72 429 1
547 306 1
183 558 1
183 34 1
146 225 1
415 643 1
12 201 1
12 129 1
12 82 1
237 204 1
416 28 1
416 116 1
416 621 1
416 460 1
416 310 1
416 210 1
416 176 1
416 45 1
526 444 1
526 152 1
313 529 1
646 677 1
646 465 1
514 217 1
443 345 1
39 577 1
39 528 1
513 294 1
513 527 1
585 425 1
585 258 1
125 160 1
125 631 1
23 153 1
23 163 1
23 385 1
650 560 1
341 622 1
341 512 1
341 492 1
510 174 1
8 78 1
624 343 1
77 527 1
77 19 1
77 135 1
77 396 1
77 440 1
556 246 1
556 574 1
505 194 1
500 667 1
298 51 1
298 323 1
47 616 1
47 604 1
47 494 1
47 261 1
60 689 1
109 300 1
109 14 1
109 271 1
42 223 1
676 265 1
184 455 1
184 334 1
348 523 1
403 651 1
403 373 1
403 381 1
553 248 1
53 634 1
333 364 1
333 518 1
333 641 1
333 115 1
475 507 1
117 114 1
287 663 1
441 211 1
468 624 1
649 569 1
636 402 1
627 127 1
627 579 1
627 479 1
627 556 1
627 485 1
627 109 1
75 197 1
559 278 1
296 712 1
296 317 1
296 690 1
56 87 1
701 366 1
600 35 1
375 419 1
252 568 1
508 1 1
395 177 1
596 39 1
626 338 1
170 76 1
688 328 1
598 93 1
131 327 1
315 464 1
279 94 1
656 146 1
97 303 1
549 195 1
67 475 1
95 23 1
95 29 1
697 22 1
216 239 1
216 8 1
92 247 1
541 561 1
435 181 1
180 184 1
180 553 1
213 154 1
301 683 1
100 229 1
451 387 1
266 254 1
101 312 1
407 319 1
407 554 1
230 126 1
476 691 1
525 514 1
118 121 1
155 15 1
411 526 1
615 553 1
544 521 1
332 517 1
46 68 1
222 335 1
681 284 1
446 510 1
157 270 1
684 314 1
566 496 1
459 578 1
166 666 1
461 12 1
263 495 1
162 592 1
509 83 1
570 717 1
394 421 1
542 613 1
398 339 1
398 543 1
289 175 1
347 361 1
488 448 1
59 187 1
91 342 1
588 567 1
353 138 1
215 192 1
530 344 1
522 241 1
379 538 1
532 640 1
658 637 1
96 33 1
704 562 1
57 111 1
57 292 1
57 563 1
57 694 1
340 282 1
69 161 1
40 403 1
580 249 1
580 403 1
436 571 1
3 687 1
354 168 1
255 304 1
262 125 1
714 662 1
653 74 1
61 676 1
273 295 1
329 122 1
693 550 1
137 408 1
716 572 1
405 291 1
224 700 1
79 350 1
371 358 1
203 235 1
369 380 1
368 89 1
499 547 1
58 242 1
81 144 1
356 311 1
80 267 1
695 625 1
633 670 1
607 277 1
218 545 1
346 365 1
259 599 1
576 711 1
