1745 1932 1
4011 1012 1
35 3377 1
35 3843 1
35 587 1
35 3677 1
35 280 1
35 382 1
35 1219 1
35 1809 1
35 2848 1
1368 727 1
1368 3720 1
1368 889 1
1738 813 1
375 1172 1
883 963 1
883 3672 1
883 2226 1
883 1887 1
3522 1507 1
3061 3473 1
3061 2454 1
3061 3523 1
3061 2085 1
3061 3808 1
3061 4116 1
3061 2825 1
3061 2109 1
2037 1644 1
2037 2135 1
2037 3681 1
2037 1078 1
2037 894 1
2037 1891 1
2037 3483 1
2037 1911 1
2037 1311 1
2037 1855 1
2037 2229 1
2037 1591 1
2037 876 1
2037 1567 1
3853 40 1
3853 2695 1
3853 1904 1
3853 3476 1
3853 1778 1
3853 216 1
3853 3025 1
3853 1111 1
3853 1700 1
2917 2314 1
2917 1007 1
2917 1498 1
2917 333 1
521 1307 1
1676 706 1
1676 1444 1
1676 1742 1
1676 1998 1
1676 3713 1
1676 1620 1
1676 2599 1
1676 920 1
1676 4005 1
1676 3029 1
1676 278 1
1205 3032 1
3160 1845 1
3160 2105 1
3160 3926 1
2121 1521 1
2121 116 1
2121 2318 1
2121 95 1
2785 3891 1
871 294 1
3752 3829 1
3752 4086 1
3752 2566 1
3752 2607 1
3752 1262 1
2295 4187 1
3085 2106 1
3576 1862 1
298 3923 1
2787 2389 1
4016 4127 1
4016 1886 1
4016 3518 1
4016 1575 1
4016 2487 1
4016 2316 1
4016 2568 1
4016 3754 1
4016 3944 1
4016 1903 1
4016 2267 1
4016 1105 1
3065 3763 1
3221 112 1
2853 1132 1
109 3730 1
660 2658 1
4152 4170 1
4152 1367 1
2244 1336 1
2244 953 1
58 4142 1
2307 2279 1
3422 105 1
3422 2736 1
217 3812 1
217 2650 1
3228 81 1
7 276 1
1872 4067 1
1872 293 1
1872 2336 1
1872 405 1
1872 2931 1
1872 1101 1
1872 2122 1
1872 942 1
1872 3083 1
1872 536 1
604 649 1
604 691 1
2410 71 1
3520 2004 1
2814 225 1
2673 1870 1
1525 1090 1
644 2855 1
2621 1461 1
2621 36 1
2621 3062 1
2621 1495 1
2621 2764 1
2621 2233 1
2621 21 1
2621 3099 1
2621 3624 1
2621 2976 1
817 1711 1
2625 3807 1
2625 3995 1
2625 1039 1
2625 1897 1
2625 1510 1
2625 358 1
2625 1495 1
2625 2387 1
2625 1852 1
2625 2023 1
2625 2896 1
2625 852 1
2625 4048 1
2625 360 1
2625 872 1
2425 2270 1
2947 2545 1
3196 1829 1
230 788 1
838 699 1
838 484 1
838 1550 1
838 1117 1
838 168 1
1476 2006 1
2745 753 1
2745 1757 1
2745 924 1
2745 3316 1
2745 1564 1
2745 2191 1
2745 3227 1
2130 988 1
2130 3257 1
2130 1091 1
2130 700 1
2130 1585 1
2130 2670 1
3873 4043 1
3873 2047 1
3873 2971 1
3873 3665 1
3999 1014 1
431 605 1
774 3074 1
1506 3970 1
3630 3209 1
3630 2033 1
3630 2394 1
190 3757 1
190 3556 1
190 2146 1
2206 3690 1
2206 473 1
2206 1099 1
2206 3357 1
2206 3963 1
2206 2967 1
2206 3096 1
2206 1242 1
2206 2578 1
2206 2940 1
2206 3142 1
2206 4093 1
1805 3014 1
246 37 1
246 3771 1
246 3343 1
3840 1773 1
3840 4010 1
3840 1337 1
3461 933 1
3461 3978 1
3461 945 1
3461 1608 1
3461 739 1
3461 1740 1
3474 2974 1
3474 1999 1
1115 1896 1
2692 19 1
3112 1795 1
2579 863 1
1233 84 1
1233 2915 1
2961 2779 1
3435 1107 1
2349 373 1
2349 1335 1
2349 2506 1
2349 145 1
2349 2360 1
2349 2803 1
2349 2144 1
2349 631 1
2349 1658 1
2349 4081 1
2349 3297 1
2958 2933 1
563 2125 1
3392 673 1
3345 4016 1
3345 3269 1
3345 1823 1
3345 33 1
3345 3283 1
3345 3084 1
3345 2491 1
3345 2722 1
3345 3540 1
3345 2060 1
3345 2951 1
3345 3759 1
3345 849 1
3345 493 1
3345 1411 1
3345 2934 1
3345 3024 1
3345 682 1
3210 2977 1
3210 1479 1
3210 1119 1
472 3318 1
288 4169 1
288 1775 1
288 4031 1
288 85 1
288 363 1
288 2170 1
288 2027 1
288 2993 1
288 975 1
288 805 1
288 2201 1
288 1377 1
1169 263 1
1909 3617 1
1909 2482 1
1909 2793 1
1909 574 1
1909 1493 1
4106 3927 1
4106 1607 1
4106 2897 1
4106 2944 1
4106 578 1
4106 3088 1
4106 2069 1
4106 2485 1
4106 1254 1
4106 2030 1
4106 991 1
4106 2411 1
4106 3946 1
4106 2343 1
4106 4053 1
4106 1237 1
4106 3235 1
4106 2804 1
4106 4033 1
4106 1973 1
4106 983 1
4106 3795 1
4106 1236 1
4106 2042 1
82 1514 1
3753 2359 1
1157 3980 1
1157 4090 1
1157 720 1
1157 1031 1
1157 106 1
1157 1304 1
2932 2625 1
1295 2826 1
1295 4174 1
1295 539 1
4096 848 1
2227 3309 1
1279 3288 1
1279 1089 1
1279 3956 1
1279 1621 1
1279 2558 1
1576 2894 1
921 264 1
4082 2076 1
2241 1636 1
3750 1477 1
3750 1633 1
1191 191 1
1191 3772 1
2190 2382 1
2190 881 1
2190 782 1
2190 2846 1
367 1960 1
606 855 1
2777 2380 1
2777 3439 1
3104 724 1
2048 3044 1
1642 2317 1
381 971 1
4155 814 1
3494 300 1
2035 789 1
2035 496 1
144 974 1
144 1553 1
2551 3964 1
2551 3220 1
2996 778 1
2334 2179 1
3942 429 1
3942 570 1
3942 1095 1
395 3547 1
395 779 1
395 292 1
1184 696 1
383 199 1
3022 3489 1
3022 4106 1
3022 1020 1
3022 2624 1
3022 439 1
3022 482 1
3022 2247 1
3022 3017 1
3022 3266 1
2555 1877 1
1428 2117 1
1428 1965 1
2914 2991 1
289 607 1
2817 2936 1
3076 2520 1
1982 3705 1
1982 3173 1
4140 224 1
4140 1683 1
2208 1918 1
1002 1369 1
2488 1898 1
2014 2244 1
2014 3822 1
2014 435 1
2014 1743 1
2014 2223 1
2014 1003 1
2014 2686 1
2014 2438 1
2014 151 1
2014 3997 1
2014 1516 1
2014 2592 1
1975 3389 1
1975 1961 1
2559 3858 1
2397 4038 1
3516 807 1
3516 3373 1
305 504 1
3261 954 1
3261 1142 1
156 3213 1
156 3832 1
843 702 1
843 260 1
843 3328 1
3549 100 1
601 3143 1
501 3900 1
417 1940 1
417 1437 1
417 2608 1
417 1512 1
417 1391 1
417 3395 1
1823 2835 1
1823 1261 1
2333 3719 1
2333 3438 1
2333 1000 1
1814 2823 1
746 4150 1
4029 3855 1
789 680 1
1211 728 1
2009 3140 1
2009 1771 1
2009 235 1
2837 608 1
3525 1440 1
3525 2395 1
3681 3667 1
3681 332 1
3681 3203 1
3681 1523 1
3681 2442 1
3681 1150 1
3681 433 1
3681 483 1
3286 890 1
3286 220 1
1232 2251 1
1232 2767 1
4000 1415 1
3105 67 1
2200 2975 1
1477 2072 1
1477 2509 1
1477 1716 1
469 1457 1
2124 2337 1
1741 2640 1
897 2128 1
1077 754 1
3088 2409 1
3088 960 1
3088 842 1
3088 155 1
3088 2298 1
3088 1847 1
3088 1241 1
3986 118 1
3986 376 1
3808 3785 1
2501 711 1
1179 1468 1
2299 2563 1
2299 2867 1
2299 3876 1
3304 1879 1
3304 2668 1
204 1413 1
326 1991 1
4049 1033 1
4049 1331 1
4049 1654 1
4049 2169 1
4049 1546 1
4049 3428 1
4049 3134 1
4049 334 1
3952 750 1
1796 2088 1
3204 751 1
3204 1577 1
3204 349 1
3204 1166 1
3204 1899 1
3204 1559 1
3204 1528 1
3204 3645 1
3204 632 1
3204 1429 1
3204 3991 1
1464 266 1
689 529 1
689 4027 1
3467 880 1
3467 2847 1
3467 1135 1
3467 462 1
3467 2546 1
3467 1974 1
3467 554 1
3467 1324 1
2102 3555 1
3271 1517 1
681 340 1
681 2634 1
681 1878 1
681 1318 1
681 492 1
2097 368 1
2097 2810 1
1134 2494 1
1134 970 1
1134 1023 1
1134 987 1
1134 3856 1
1296 2999 1
2310 474 1
2310 3352 1
3724 59 1
3724 663 1
3724 518 1
3724 1892 1
3724 3967 1
3724 2123 1
2921 2763 1
2583 3433 1
2583 791 1
2537 3743 1
783 1152 1
1505 3793 1
1505 1684 1
1505 3573 1
764 2369 1
2778 1313 1
1156 1749 1
1156 2495 1
2319 925 1
1888 3447 1
1081 2043 1
2468 1048 1
4145 1868 1
4145 2050 1
4145 3782 1
4145 784 1
4145 1724 1
4145 914 1
4145 2724 1
4145 966 1
4145 4159 1
4145 1269 1
4145 1569 1
4145 244 1
4145 2471 1
4145 2602 1
4145 2041 1
4145 3595 1
4145 1818 1
4145 1578 1
4145 3118 1
1612 3169 1
2066 761 1
2066 3607 1
1919 3098 1
4022 1618 1
2414 1551 1
2645 2580 1
2645 831 1
2645 1420 1
2645 1950 1
2645 2854 1
2645 2402 1
1227 2121 1
1227 3537 1
1227 2559 1
1227 2063 1
1227 432 1
1227 3744 1
1227 1098 1
1227 2832 1
1227 3789 1
1178 1853 1
1587 3762 1
3948 1249 1
4181 2844 1
4181 1813 1
3938 1856 1
3938 735 1
3938 3070 1
3938 3718 1
3938 2079 1
3938 2111 1
3938 2412 1
3938 2527 1
1685 201 1
3933 2461 1
3933 3263 1
3933 2261 1
3475 967 1
3475 2001 1
3475 1714 1
3475 773 1
3475 3167 1
3475 1526 1
3475 1216 1
3475 957 1
3475 1857 1
3475 3109 1
3475 125 1
3475 3729 1
3475 2960 1
2077 3524 1
1167 1088 1
3130 901 1
2115 1594 1
2115 2882 1
3702 2890 1
3702 2831 1
291 2880 1
432 3752 1
432 2333 1
432 4 1
432 437 1
432 3449 1
3150 4128 1
3150 1984 1
3150 1691 1
3150 714 1
3150 3219 1
1096 749 1
1096 2845 1
1096 2966 1
1096 3907 1
1096 2648 1
1096 241 1
1096 1947 1
1096 1702 1
1565 2739 1
1565 2508 1
1565 2655 1
1565 1319 1
1565 3641 1
1565 1788 1
1565 2988 1
1656 1112 1
1656 1079 1
1656 3838 1
440 674 1
440 1500 1
322 1002 1
910 712 1
1270 2725 1
1270 1925 1
1270 2970 1
1290 1858 1
936 2103 1
2274 2708 1
2274 977 1
1496 3161 1
1496 2678 1
1496 90 1
1496 3899 1
1496 841 1
1496 397 1
1496 610 1
1496 1120 1
1496 3466 1
4126 1572 1
3504 2341 1
1078 2979 1
1078 3766 1
1623 284 1
3126 1433 1
3126 1595 1
3126 640 1
3126 3046 1
3126 366 1
3126 2427 1
3126 2044 1
3126 200 1
23 1977 1
3224 2786 1
4040 3800 1
4040 173 1
4040 540 1
4040 418 1
4040 1456 1
4040 621 1
4040 1744 1
4040 707 1
4040 911 1
3503 1106 1
3696 3417 1
3696 4176 1
192 3440 1
3434 4049 1
3434 1403 1
3434 1907 1
3434 736 1
3434 3992 1
3434 3445 1
3434 2585 1
3434 2962 1
3434 1970 1
3434 792 1
3434 3560 1
3434 3816 1
3434 1774 1
3434 3606 1
3097 399 1
3097 4129 1
3097 3600 1
4135 1561 1
4135 3915 1
4135 91 1
4135 4039 1
4135 721 1
4135 1864 1
4135 3229 1
4135 1026 1
4135 1203 1
4135 3496 1
4135 1596 1
4135 1272 1
4135 638 1
2930 2075 1
310 2965 1
310 3177 1
310 1639 1
310 1339 1
310 3361 1
310 3289 1
310 1201 1
310 1011 1
310 1015 1
3346 171 1
1138 883 1
1138 478 1
3371 3077 1
3371 3671 1
866 2058 1
2792 3981 1
454 2741 1
454 1611 1
454 1819 1
454 3191 1
454 2765 1
3826 1946 1
3802 2794 1
2145 115 1
1703 98 1
1703 2893 1
1703 3336 1
1703 3679 1
1703 1485 1
3786 396 1
2522 596 1
3583 3138 1
3583 4087 1
3583 1976 1
3583 1522 1
3583 3458 1
1722 1640 1
1722 3398 1
1722 4008 1
1722 3932 1
1722 4175 1
1722 2691 1
2187 451 1
2187 556 1
2187 2009 1
2187 204 1
2187 592 1
2187 4040 1
2187 2010 1
2187 3609 1
2187 231 1
2187 1051 1
2187 4063 1
2187 3646 1
2187 2920 1
2187 3818 1
2187 3056 1
2187 2874 1
2187 2481 1
2187 526 1
2187 2912 1
2187 2421 1
794 2037 1
3695 558 1
2827 3673 1
856 3162 1
2127 3896 1
2127 3424 1
2127 1825 1
894 79 1
2138 2351 1
2138 2666 1
2138 2878 1
2138 1750 1
3947 1671 1
137 976 1
137 3601 1
137 2036 1
927 221 1
927 3488 1
927 2992 1
927 2080 1
927 3569 1
927 3874 1
927 1648 1
2356 3110 1
2356 120 1
2956 1872 1
2956 2913 1
2956 2638 1
2956 2335 1
2956 1255 1
2956 3880 1
3809 2723 1
3809 3382 1
3809 981 1
3809 1045 1
3809 4073 1
3809 2513 1
3781 765 1
1891 3925 1
1891 343 1
1891 406 1
1891 614 1
1891 4095 1
1891 3278 1
1891 3487 1
1891 422 1
2927 2172 1
1713 1220 1
1713 2600 1
1713 3186 1
3208 1394 1
1195 26 1
1195 2153 1
1195 3727 1
1833 1068 1
1833 1455 1
531 1992 1
1631 3019 1
941 2712 1
941 3066 1
941 1565 1
941 3323 1
941 2881 1
941 1434 1
941 2922 1
941 3393 1
941 2284 1
941 3722 1
941 3745 1
941 2560 1
941 3605 1
941 330 1
2296 2210 1
232 998 1
716 3892 1
716 671 1
1243 2815 1
3500 3295 1
1481 3355 1
2838 1579 1
2838 1614 1
2838 2129 1
2838 3149 1
2838 3486 1
1654 362 1
1654 4098 1
1654 2444 1
1654 285 1
972 424 1
2881 1619 1
2881 3151 1
2881 281 1
2881 1395 1
2881 3018 1
2821 357 1
3174 3777 1
4045 1995 1
4045 2858 1
4045 1103 1
4045 823 1
1791 603 1
323 1690 1
2098 1233 1
2098 2748 1
2098 1230 1
2098 3272 1
2098 2838 1
2098 2059 1
2098 3063 1
2098 54 1
2098 2406 1
2098 34 1
2098 3746 1
2098 3048 1
2098 3329 1
2098 3028 1
2098 1422 1
2098 210 1
2256 1190 1
2811 3557 1
2811 1073 1
2811 503 1
4069 27 1
3497 3792 1
1526 2108 1
1526 683 1
1526 1478 1
1526 2903 1
2774 2614 1
3954 3170 1
665 886 1
665 2674 1
665 2779 1
665 2392 1
1183 1348 1
1183 234 1
1183 2771 1
1183 3626 1
2975 2390 1
2975 3011 1
995 3455 1
1055 3075 1
1055 2467 1
4085 3561 1
4085 2071 1
4085 1432 1
4085 1302 1
4085 2378 1
2215 815 1
2215 722 1
2086 1223 1
3868 955 1
2696 60 1
2217 426 1
2217 1451 1
2217 793 1
437 1258 1
437 3180 1
437 2877 1
437 737 1
437 1284 1
437 2924 1
437 1414 1
3089 3181 1
3089 1910 1
3291 2433 1
3291 626 1
3291 2428 1
3291 1153 1
3291 2780 1
2033 3685 1
3457 3495 1
3859 1083 1
377 1355 1
3117 1102 1
215 1177 1
2374 352 1
2374 1273 1
2374 2929 1
2374 944 1
2119 3068 1
2119 2365 1
2119 3811 1
2119 1912 1
1568 3386 1
1568 2747 1
1568 2701 1
1568 3190 1
2623 3570 1
2054 186 1
2054 698 1
2054 1830 1
2054 3300 1
2054 3099 1
2054 1958 1
2782 1344 1
315 1752 1
315 1726 1
315 1582 1
315 3133 1
315 2371 1
315 1908 1
315 1938 1
315 499 1
315 2738 1
315 2422 1
315 2836 1
315 2453 1
315 836 1
3774 485 1
3000 2413 1
3000 947 1
3000 1412 1
4157 1556 1
4157 870 1
4157 1966 1
4157 2569 1
4157 2665 1
4157 2403 1
4157 4166 1
3830 653 1
1746 12 1
1681 3414 1
1681 2627 1
790 884 1
4147 3303 1
4147 1024 1
4147 636 1
4147 2923 1
4147 4074 1
4147 3872 1
4147 903 1
4147 2137 1
4147 2775 1
4147 1320 1
4147 821 1
4147 545 1
736 30 1
736 715 1
736 3528 1
3270 2206 1
3851 1245 1
2764 38 1
3725 88 1
3725 2519 1
844 479 1
1993 3431 1
379 3635 1
379 2795 1
379 532 1
379 319 1
379 3602 1
379 3086 1
379 3069 1
1972 3108 1
3633 135 1
3633 3945 1
3633 3869 1
3633 3921 1
3633 4012 1
3633 2366 1
3633 2798 1
3633 3436 1
1705 466 1
223 2615 1
223 2408 1
223 571 1
223 318 1
392 2228 1
832 1901 1
832 3886 1
832 902 1
832 1127 1
2156 415 1
2288 3639 1
2288 1259 1
2288 4130 1
2288 3242 1
2288 2002 1
2288 616 1
3483 3941 1
3483 1727 1
3483 119 1
3483 3968 1
3483 4171 1
3483 148 1
3483 3872 1
3483 2443 1
3483 982 1
3483 4122 1
3483 1411 1
3637 2888 1
2768 1345 1
3445 3243 1
3445 2297 1
3445 1079 1
3445 1021 1
3445 2142 1
2010 3015 1
2010 3422 1
2010 3942 1
2010 2357 1
2010 1527 1
2010 3124 1
2010 2028 1
2010 3510 1
2010 937 1
2010 3111 1
2010 3296 1
2010 1948 1
2010 3790 1
2010 1763 1
2010 3804 1
3813 3666 1
1038 695 1
2067 3351 1
2744 669 1
2744 3608 1
2744 2697 1
3282 1534 1
2219 2211 1
3928 2277 1
3928 864 1
3928 1529 1
3928 460 1
3928 3035 1
3928 1532 1
3928 3934 1
3928 1366 1
3928 1076 1
3928 516 1
3928 2423 1
3928 4064 1
3928 2766 1
2081 233 1
2081 2840 1
2081 2239 1
2081 2543 1
2081 2480 1
2081 3334 1
2081 2160 1
2081 2417 1
2081 3314 1
2081 845 1
2081 729 1
1508 2883 1
3301 9 1
2055 1509 1
2055 2136 1
2055 2320 1
2055 1653 1
3567 2175 1
3567 3062 1
3567 1275 1
2968 1846 1
1029 675 1
1029 1968 1
1029 993 1
1029 1483 1
1029 3993 1
1029 1060 1
1029 2750 1
371 110 1
3026 4104 1
3026 4036 1
1914 3408 1
2445 1297 1
2445 2321 1
2445 2176 1
2585 217 1
2585 741 1
2585 3399 1
2585 1232 1
2585 1139 1
2585 2973 1
2585 1047 1
2585 3965 1
2585 1546 1
2585 633 1
2585 2760 1
2585 272 1
2585 3054 1
2585 1693 1
2585 4007 1
2585 4146 1
2585 2534 1
1408 1471 1
1408 3260 1
1408 1475 1
1408 1207 1
107 515 1
1042 3871 1
1042 257 1
1058 2590 1
1058 3273 1
3063 2544 1
3063 588 1
3063 4186 1
3063 879 1
2980 3463 1
2980 1969 1
1573 4173 1
1573 3594 1
1573 2007 1
1168 3638 1
1168 891 1
1168 1327 1
1168 1793 1
1168 3648 1
1168 1822 1
1840 1308 1
1780 1370 1
1905 634 1
1905 3471 1
555 3040 1
2925 73 1
2616 417 1
2616 181 1
2616 1400 1
2616 402 1
2616 1705 1
2616 3055 1
2616 1226 1
2616 726 1
2616 1920 1
2616 3339 1
2616 2604 1
2616 2514 1
2616 3192 1
2616 1441 1
2616 2178 1
2616 2581 1
1862 697 1
991 3248 1
3686 820 1
3686 830 1
3686 1707 1
3686 309 1
3686 2476 1
3686 3031 1
3686 2287 1
2913 2197 1
2913 899 1
2913 2213 1
2913 2529 1
2913 1863 1
2913 3734 1
3733 1034 1
702 3446 1
702 1354 1
702 2440 1
702 769 1
2572 1332 1
2572 1252 1
2572 2087 1
2572 75 1
2572 3001 1
2572 744 1
2572 248 1
2572 2458 1
523 1715 1
3178 2384 1
3178 4131 1
3178 2728 1
3178 3453 1
3178 2986 1
3178 4021 1
3178 3106 1
3178 1661 1
61 1978 1
1162 1460 1
1406 3803 1
2483 839 1
2195 1704 1
2195 3836 1
1616 2025 1
1616 1679 1
4001 4139 1
4001 3834 1
2632 3779 1
4153 692 1
747 3201 1
2601 416 1
583 3245 1
583 1841 1
583 2556 1
583 3909 1
733 3760 1
3609 1764 1
2663 2729 1
2663 3448 1
2663 1717 1
2663 3333 1
2061 2957 1
2061 627 1
1574 459 1
1574 154 1
1574 4099 1
1574 3460 1
1574 1421 1
1574 1151 1
1574 3081 1
1574 3610 1
2754 743 1
3319 2393 1
133 3370 1
2929 1430 1
2929 111 1
4168 2352 1
4168 1985 1
4168 851 1
69 3378 1
69 3444 1
1185 1212 1
3294 1944 1
3294 3534 1
1785 3698 1
2479 1168 1
1635 4054 1
3649 3710 1
3751 41 1
3751 3302 1
3751 3596 1
3751 2682 1
3751 900 1
3751 2531 1
3751 2830 1
3039 720 1
364 3847 1
1842 3071 1
1065 1865 1
10 2141 1
10 286 1
2582 1718 1
634 2199 1
3922 2126 1
65 3532 1
65 475 1
65 2320 1
279 3633 1
659 3090 1
3744 2221 1
3744 4183 1
3744 2192 1
3744 2019 1
242 3894 1
3663 1375 1
287 2852 1
4050 1889 1
410 4035 1
410 2629 1
410 4017 1
410 3862 1
410 1915 1
410 3514 1
1592 152 1
1807 672 1
1051 613 1
1051 25 1
1051 4072 1
1051 2870 1
1436 685 1
2258 3129 1
1311 3364 1
1311 2300 1
1311 590 1
1311 3916 1
1311 1133 1
1311 2547 1
1311 2515 1
557 2112 1
4105 2864 1
4105 3791 1
4105 344 1
4105 121 1
4105 385 1
4105 2718 1
4105 1820 1
4105 2964 1
4105 3367 1
4105 1192 1
4105 2532 1
4105 3097 1
4105 321 1
4105 2090 1
4105 4013 1
4105 3478 1
4105 306 1
4105 1125 1
4105 1288 1
4105 522 1
4105 4134 1
4105 530 1
4105 3579 1
4105 3548 1
4105 650 1
1641 3684 1
538 1890 1
2523 1396 1
1946 1838 1
1946 252 1
1946 2130 1
1946 126 1
1946 2916 1
1946 3691 1
1946 3987 1
1946 979 1
1946 3146 1
1946 2679 1
1946 2644 1
1946 517 1
1946 1834 1
1946 2259 1
1946 1314 1
1946 209 1
1946 2177 1
1946 3293 1
1946 1789 1
1946 502 1
2330 48 1
2330 2204 1
2330 249 1
2330 1397 1
2330 2819 1
2330 3400 1
2330 2613 1
2330 4185 1
3675 3893 1
2604 1439 1
2604 874 1
2604 1735 1
2604 3895 1
2604 577 1
2604 1747 1
2604 509 1
2604 1069 1
2604 961 1
1598 1790 1
1598 2557 1
1598 3736 1
347 4114 1
2878 314 1
2907 2910 1
1458 1073 1
2469 193 1
2469 3419 1
2373 254 1
1118 3735 1
2908 572 1
72 1945 1
3414 3810 1
3414 1552 1
3414 2472 1
3414 1755 1
1239 2312 1
763 143 1
1952 3147 1
461 1772 1
384 3764 1
3478 386 1
3478 1140 1
3478 3689 1
3478 304 1
1204 1075 1
1204 3239 1
1201 3654 1
2552 3085 1
2367 3983 1
2367 3315 1
2367 2368 1
2367 1210 1
2367 873 1
2367 3712 1
2367 568 1
2367 403 1
2367 4118 1
2367 544 1
2284 401 1
2284 552 1
162 1726 1
162 2516 1
162 1277 1
162 2456 1
162 1590 1
162 178 1
162 620 1
3575 738 1
2257 3647 1
3402 2203 1
3402 2868 1
3402 4034 1
3402 155 1
3402 3079 1
3402 996 1
3402 2573 1
3402 2772 1
3402 3877 1
3402 2218 1
3402 3625 1
1970 1543 1
1970 1848 1
1970 1767 1
1970 1651 1
1970 3820 1
1970 1540 1
1970 3827 1
1541 1194 1
1541 3882 1
1541 3007 1
723 1161 1
723 2474 1
723 1880 1
723 1652 1
723 3462 1
723 1066 1
723 1160 1
1688 3501 1
1688 964 1
1688 4094 1
1688 3747 1
1688 1365 1
1688 2290 1
1688 2326 1
1688 3531 1
1688 703 1
1710 194 1
1710 2398 1
1710 1600 1
982 2684 1
982 250 1
982 4184 1
982 1197 1
982 211 1
982 3095 1
2648 1626 1
2648 2594 1
2648 2266 1
2648 92 1
2648 2941 1
2648 1092 1
75 3960 1
75 2945 1
75 3157 1
75 2705 1
75 3613 1
75 759 1
3602 1137 1
3602 2561 1
1291 3865 1
1291 4045 1
34 1040 1
2131 2623 1
852 3914 1
852 2902 1
852 3406 1
852 1100 1
852 44 1
351 1766 1
2628 3562 1
1079 2265 1
775 3823 1
2381 3908 1
3274 2706 1
3274 1198 1
3274 1980 1
3274 1751 1
1625 3236 1
1625 2252 1
3072 3806 1
3072 2459 1
3072 156 1
3072 760 1
3072 3064 1
3072 1005 1
3072 1986 1
3072 2717 1
3072 2651 1
3072 3538 1
3072 906 1
3072 57 1
3072 1381 1
1349 2884 1
3929 3628 1
4107 644 1
490 1296 1
1010 701 1
3737 1473 1
2651 2460 1
2651 692 1
2651 2714 1
2651 2781 1
2660 3493 1
2660 2978 1
2660 486 1
2660 8 1
2660 2113 1
2660 2769 1
2660 227 1
2660 2762 1
2660 3034 1
2660 2538 1
1447 1300 1
1447 2824 1
1447 3259 1
1447 2269 1
1447 1580 1
3511 2248 1
1441 480 1
1441 2437 1
2143 32 1
2143 76 1
2143 3383 1
1154 1502 1
45 2278 1
3086 240 1
785 817 1
785 3000 1
785 419 1
1859 1070 1
1859 134 1
1859 3401 1
1859 3813 1
1859 2315 1
1859 290 1
1859 3943 1
1859 3311 1
1859 2709 1
1859 1049 1
1996 1141 1
3994 951 1
2024 598 1
2344 2157 1
2698 781 1
3997 380 1
3428 717 1
3908 64 1
425 3502 1
2477 1027 1
2477 2133 1
2477 877 1
2477 1180 1
2477 1472 1
2328 138 1
2617 2166 1
1813 2222 1
277 2497 1
3311 179 1
3311 43 1
3311 2307 1
3311 3120 1
3311 2579 1
3311 3988 1
3311 1128 1
3311 1157 1
3311 2207 1
3311 694 1
3311 3171 1
3311 1438 1
3311 1464 1
3311 3702 1
3311 800 1
3311 2792 1
3311 2927 1
3311 3771 1
3311 862 1
3311 443 1
3311 3194 1
3311 2268 1
3311 3144 1
3311 659 1
3311 3087 1
3311 2517 1
3311 2280 1
3311 1041 1
3311 74 1
3311 3464 1
3311 2355 1
3311 623 1
3311 2743 1
3311 1900 1
3838 3652 1
3838 325 1
3838 3787 1
3838 3175 1
3838 3053 1
3838 1187 1
2255 3931 1
4101 908 1
1257 3030 1
415 3821 1
415 2147 1
415 1454 1
415 1050 1
1098 3341 1
1098 1202 1
1098 612 1
1098 2225 1
1491 3137 1
1491 2641 1
792 1804 1
792 1385 1
792 2680 1
792 2198 1
792 3553 1
792 2515 1
792 3748 1
792 3611 1
3971 524 1
3951 3835 1
3951 2849 1
1627 212 1
3211 3492 1
272 46 1
3728 2861 1
3728 176 1
1534 219 1
1534 1267 1
1534 1668 1
1534 850 1
1064 2196 1
1064 922 1
1064 1909 1
1064 3154 1
1064 2180 1
1064 2847 1
1064 1009 1
1064 1200 1
1064 3150 1
1064 2212 1
1064 1442 1
1064 1583 1
1064 665 1
1064 2671 1
1064 2656 1
1064 1997 1
1064 4092 1
1064 2649 1
1064 686 1
1064 3005 1
1064 3091 1
1064 2660 1
1064 833 1
1064 442 1
1064 1836 1
1064 3480 1
1064 887 1
1064 1294 1
1064 2935 1
1064 718 1
2435 2618 1
3187 1389 1
3187 1188 1
3187 2026 1
3187 2008 1
3135 2132 1
3135 1244 1
3135 2998 1
3135 1801 1
3135 2220 1
3135 1815 1
3135 1816 1
3135 1054 1
2354 1306 1
334 274 1
163 3738 1
1622 1193 1
1622 808 1
1622 160 1
1622 4138 1
1622 829 1
3668 1799 1
3668 1955 1
3836 3459 1
3441 1787 1
3974 569 1
47 93 1
5 1231 1
5 268 1
5 1170 1
1808 2593 1
1808 2338 1
1808 1696 1
1808 131 1
398 2955 1
3206 1748 1
3206 2544 1
3206 236 1
3206 2364 1
335 3280 1
335 2919 1
2759 771 1
3508 2045 1
3235 854 1
3235 1452 1
3235 2271 1
3235 1163 1
3235 2068 1
3235 3158 1
191 320 1
2510 1555 1
2510 748 1
2510 2834 1
2510 4167 1
2510 3307 1
2510 3831 1
3554 3910 1
2639 925 1
1792 1080 1
1792 1108 1
494 420 1
494 1603 1
494 3396 1
2884 3768 1
1860 1143 1
512 689 1
2029 2362 1
2029 799 1
2029 3185 1
2029 1931 1
2029 3986 1
2029 3741 1
2029 3126 1
2029 1703 1
2029 3883 1
2029 3809 1
2029 4097 1
2029 3026 1
2029 1956 1
2029 2820 1
2029 1386 1
2029 3388 1
2029 467 1
2586 3870 1
707 2154 1
707 4113 1
707 3897 1
2162 3340 1
2162 3225 1
2162 1323 1
2162 1410 1
2726 271 1
1606 2959 1
94 3544 1
1719 2788 1
1719 2245 1
1719 1211 1
1719 2283 1
1719 3089 1
1719 1131 1
482 2939 1
2866 1408 1
2866 622 1
3755 2525 1
3755 4138 1
3755 3041 1
2008 2430 1
2008 1110 1
2008 2969 1
2008 1584 1
2008 3799 1
2008 3237 1
1492 1093 1
1492 905 1
1492 4002 1
1492 1356 1
1492 475 1
1492 374 1
1492 1851 1
3320 2887 1
270 1987 1
2064 3277 1
2064 1126 1
2150 195 1
1334 624 1
2339 2833 1
1581 1326 1
1581 2813 1
1581 2302 1
1581 3394 1
1581 3359 1
1581 3924 1
3109 86 1
1617 2603 1
2142 3092 1
2142 2253 1
2142 3298 1
3321 453 1
994 42 1
994 882 1
994 2163 1
994 2327 1
1672 2294 1
476 1713 1
3920 226 1
3850 1875 1
3850 1962 1
506 1056 1
506 2148 1
1686 1949 1
1686 2470 1
1686 2909 1
1686 822 1
1686 2286 1
1686 766 1
1686 2626 1
1686 3505 1
1686 3682 1
1686 2383 1
53 3420 1
53 938 1
53 2619 1
53 2994 1
53 2565 1
53 1798 1
53 2136 1
53 436 1
53 2011 1
53 3904 1
53 3017 1
53 893 1
53 2567 1
53 2416 1
3217 1465 1
4083 3969 1
955 3281 1
955 1990 1
955 342 1
955 256 1
955 3972 1
2640 2186 1
2640 3230 1
2640 2264 1
2640 1634 1
2640 1708 1
2640 3783 1
2193 2151 1
141 2947 1
141 3450 1
141 4085 1
141 3571 1
141 170 1
141 1416 1
141 3135 1
141 1817 1
3898 3678 1
1786 3765 1
3057 1022 1
1282 812 1
1282 1489 1
2972 2899 1
1693 1544 1
825 2659 1
1357 2386 1
254 3848 1
254 3499 1
3692 589 1
3692 3703 1
3692 1035 1
3692 3193 1
3692 2139 1
2178 3012 1
2178 4061 1
3390 2776 1
3390 2806 1
3390 1588 1
3390 618 1
3390 3711 1
3390 1783 1
3614 146 1
525 390 1
3107 3217 1
2553 1376 1
2553 3903 1
2553 3184 1
2553 2715 1
2553 3093 1
3388 898 1
3388 245 1
3388 3631 1
3388 1649 1
3388 1615 1
3388 3275 1
3388 3957 1
3388 2675 1
3388 939 1
3388 755 1
3388 161 1
3388 2995 1
3388 347 1
3388 2418 1
3388 2407 1
3388 2763 1
3388 1777 1
3388 2171 1
3388 184 1
3388 1480 1
2419 3866 1
2260 956 1
2260 1447 1
2260 3797 1
740 2270 1
740 2746 1
1869 3801 1
2210 1926 1
2210 533 1
2210 1229 1
2210 1281 1
2210 2448 1
2210 458 1
3094 3410 1
3558 1659 1
2564 2652 1
3818 1244 1
3818 1431 1
3818 3984 1
3818 1361 1
3818 730 1
795 1548 1
339 3013 1
4148 2056 1
1953 986 1
2730 129 1
1994 2464 1
3901 157 1
3332 2478 1
4091 3902 1
1712 1943 1
2699 1392 1
3485 1660 1
3080 2020 1
3080 952 1
3132 2236 1
2669 3200 1
3693 1612 1
1941 3515 1
2626 676 1
2626 3059 1
4078 3657 1
1347 3033 1
962 1625 1
3587 3615 1
3587 1692 1
3587 4182 1
3587 2981 1
2627 1593 1
2627 2605 1
2627 3918 1
2627 1921 1
2591 2554 1
1817 3778 1
1817 175 1
1817 1467 1
1817 66 1
1817 648 1
1250 2240 1
2439 2595 1
3284 3588 1
147 1145 1
2232 3100 1
508 3655 1
508 3008 1
3745 521 1
3745 3890 1
3745 2173 1
3745 39 1
3745 1664 1
3745 3432 1
3745 1224 1
3745 1655 1
3745 2685 1
3745 1800 1
3745 2323 1
3745 2731 1
3745 1604 1
3745 4070 1
3745 3072 1
3745 1723 1
3745 2677 1
3745 169 1
3745 3784 1
3745 3347 1
3745 3365 1
3745 767 1
3794 3604 1
3480 4006 1
3480 2576 1
3480 1401 1
3480 1540 1
3480 1218 1
2313 4136 1
1795 3384 1
4041 3620 1
3176 2170 1
463 1398 1
463 1680 1
463 575 1
463 4030 1
3586 3953 1
3586 1253 1
3586 641 1
3586 350 1
3586 3512 1
3586 3195 1
3586 2078 1
3586 2003 1
3586 2574 1
3586 3527 1
3586 1599 1
3586 3020 1
2742 2923 1
3043 3159 1
393 3650 1
15 1425 1
989 657 1
3182 1181 1
591 2194 1
591 1130 1
591 4000 1
591 3670 1
591 3280 1
591 4076 1
591 335 1
591 3832 1
591 617 1
3417 2499 1
3417 2597 1
3417 3363 1
3417 3205 1
3417 1325 1
3417 875 1
3417 1665 1
3417 295 1
3417 2276 1
3417 3136 1
4052 207 1
4052 449 1
4052 2031 1
2818 1030 1
445 804 1
445 4015 1
445 1470 1
136 999 1
1202 2735 1
1202 2891 1
1202 1199 1
1202 2242 1
1340 413 1
2530 2451 1
1004 296 1
1213 4011 1
1213 1374 1
1213 230 1
1213 1657 1
1213 1292 1
1213 1052 1
1213 370 1
1213 3267 1
1213 2553 1
1213 2490 1
3017 3409 1
3017 846 1
3017 2189 1
3017 2445 1
3017 948 1
3017 139 1
3017 505 1
3017 2091 1
3017 709 1
3017 928 1
3017 1158 1
4146 563 1
4146 2202 1
4146 818 1
4146 1803 1
4146 1797 1
2874 3078 1
2874 3006 1
3238 3837 1
911 269 1
2758 3623 1
2758 1352 1
2758 1484 1
2758 1405 1
2758 132 1
2758 1942 1
2758 1547 1
2758 1466 1
2758 3857 1
2758 2285 1
251 1710 1
2049 2462 1
2049 946 1
3795 1418 1
3795 3767 1
2447 2013 1
2447 2288 1
2447 2046 1
2447 2002 1
2447 444 1
3622 387 1
3622 593 1
3622 1894 1
3622 1312 1
1 237 1
1222 3973 1
1222 581 1
2214 158 1
2214 2756 1
2214 828 1
2214 1737 1
2214 1971 1
2214 4177 1
2214 3860 1
1545 2953 1
1545 926 1
3365 2322 1
2399 3047 1
2399 3513 1
2399 2584 1
3636 372 1
3636 3403 1
3636 579 1
639 3163 1
2007 2796 1
2007 2713 1
2007 693 1
2007 3979 1
2007 3145 1
2007 2466 1
2687 888 1
2038 3327 1
2038 609 1
430 1315 1
2118 931 1
2581 1085 1
978 4046 1
978 1601 1
978 2772 1
654 4168 1
177 3113 1
1806 2431 1
1806 1885 1
1806 495 1
1806 3977 1
1806 408 1
1806 3240 1
1806 1837 1
1806 1113 1
1806 4160 1
1806 3911 1
1806 3469 1
1806 2057 1
1806 3863 1
1806 687 1
1806 2363 1
1806 3490 1
3101 600 1
3101 3391 1
3565 2904 1
3565 1701 1
3565 1959 1
3565 1013 1
3565 2152 1
3565 713 1
3565 1732 1
4080 450 1
491 4161 1
2934 2353 1
2934 4164 1
2934 2246 1
2934 677 1
2934 1518 1
2450 816 1
2450 238 1
2450 3234 1
2450 1393 1
2450 3585 1
2450 369 1
2450 3164 1
2450 628 1
2450 3415 1
2120 1084 1
470 2330 1
1979 551 1
1979 2370 1
1979 3082 1
1979 3212 1
1979 1597 1
1979 858 1
1979 1954 1
1979 1124 1
1979 228 1
1979 51 1
1979 3036 1
1979 1363 1
1979 1934 1
1979 3206 1
3368 448 1
3368 3656 1
2560 3574 1
2560 3701 1
2560 604 1
2560 1271 1
2560 3539 1
2560 3172 1
2560 1831 1
2560 1662 1
2560 307 1
2560 869 1
2560 3294 1
2560 658 1
2560 2367 1
2560 3498 1
2560 1316 1
2560 2064 1
2560 919 1
2560 31 1
2560 1917 1
2560 3266 1
2560 2889 1
2560 302 1
3325 312 1
3325 4004 1
3325 2308 1
3325 4117 1
3325 3037 1
3325 3578 1
3325 3188 1
3325 3521 1
3410 2492 1
3410 2012 1
3410 857 1
3410 1322 1
3410 3642 1
3410 1046 1
3410 421 1
1260 2905 1
3856 3998 1
3856 2420 1
3856 2869 1
1338 3632 1
3729 1533 1
3729 1263 1
3729 311 1
3729 3543 1
3729 1781 1
3729 3662 1
3729 1501 1
3729 3477 1
1299 2303 1
1422 3312 1
1951 2496 1
1951 6 1
1951 2089 1
2960 580 1
2960 3156 1
2960 2716 1
2960 3491 1
2960 824 1
2960 3369 1
2960 1761 1
2960 2948 1
2960 912 1
3714 2404 1
2155 2424 1
3706 2707 1
3706 354 1
3706 4024 1
3706 1459 1
3706 1663 1
1794 4102 1
1017 3255 1
1017 2127 1
1017 732 1
1017 2356 1
1017 283 1
1017 2473 1
1017 1779 1
1057 2306 1
1057 655 1
1057 1149 1
1057 1189 1
1057 1670 1
1057 313 1
1057 2400 1
1057 2688 1
1057 2863 1
1057 1371 1
1057 777 1
1057 2441 1
1057 2528 1
2856 1694 1
239 909 1
1171 258 1
4066 2209 1
4066 3559 1
353 528 1
2693 2190 1
2498 745 1
3966 2632 1
3966 2250 1
4154 2872 1
4154 4121 1
4154 1016 1
4154 488 1
4154 4014 1
4154 3360 1
4154 2732 1
4154 3101 1
4154 2548 1
2051 2358 1
2051 1699 1
2051 2926 1
2567 1279 1
718 102 1
103 3819 1
103 2101 1
103 1733 1
1404 2937 1
569 3303 1
569 341 1
569 3404 1
569 1173 1
569 662 1
2770 63 1
1750 336 1
594 3796 1
594 2158 1
594 2663 1
594 2504 1
3541 414 1
2421 1328 1
1520 2954 1
4141 62 1
1208 3215 1
1283 17 1
1756 3526 1
1756 1538 1
1756 489 1
1756 114 1
3218 1463 1
3426 4143 1
883 3936 1
3061 3817 1
3061 3660 1
3061 3875 1
2037 2331 1
2037 3572 1
3853 865 1
3853 4018 1
3853 3726 1
2917 1109 1
521 513 1
1676 1285 1
3752 4059 1
179 2345 1
135 2690 1
3269 3317 1
1872 2484 1
604 3958 1
644 3599 1
3377 2542 1
2206 3310 1
2206 2784 1
2206 2906 1
2206 2486 1
938 3989 1
3461 859 1
835 1765 1
3345 803 1
3345 1554 1
3345 2918 1
288 3676 1
288 3451 1
288 3975 1
1909 1895 1
4106 3429 1
4106 704 1
4106 2016 1
1157 1387 1
1279 2550 1
367 1613 1
367 346 1
606 1530 1
3022 840 1
4140 1286 1
4140 1333 1
3261 297 1
843 1586 1
843 1372 1
843 2700 1
843 2633 1
843 860 1
843 4108 1
843 1043 1
843 1882 1
843 1146 1
843 1557 1
843 3887 1
843 1147 1
843 4009 1
843 3732 1
843 4023 1
843 3443 1
1823 1854 1
789 165 1
3981 549 1
2009 2161 1
3681 3468 1
3681 4075 1
3286 1445 1
1232 3584 1
1477 2149 1
3088 52 1
3088 196 1
3204 2254 1
689 2816 1
3467 519 1
3865 3989 1
1505 1957 1
4145 1494 1
1227 3397 1
3938 378 1
1565 1206 1
1270 647 1
352 3879 1
352 3805 1
1496 1122 1
1496 1264 1
3696 2761 1
3696 203 1
3696 1826 1
3696 3472 1
3696 97 1
3696 1720 1
3696 2571 1
4135 2000 1
4135 943 1
4135 1001 1
4135 2039 1
3346 1923 1
2792 2596 1
454 2073 1
3656 3688 1
2400 3700 1
3583 1884 1
3583 2643 1
2187 1666 1
2356 990 1
1891 104 1
1339 3566 1
2838 96 1
2098 3536 1
2098 3324 1
2098 2938 1
2098 4162 1
2098 2224 1
2811 3669 1
2975 2107 1
4085 1824 1
4085 4025 1
2217 4044 1
3089 3313 1
2949 573 1
2623 796 1
2159 477 1
3000 2828 1
3000 2493 1
1355 1235 1
3633 3612 1
3633 1549 1
1705 597 1
3445 1647 1
2010 1196 1
2301 3776 1
3928 2635 1
2081 2385 1
2081 923 1
2081 2342 1
2585 582 1
1231 985 1
1231 2797 1
1231 407 1
1231 172 1
1231 2596 1
1231 3009 1
1231 2711 1
2913 3507 1
702 1677 1
2572 548 1
2572 3003 1
2572 2664 1
4168 997 1
65 2851 1
2962 2822 1
2962 562 1
4105 1924 1
338 1104 1
1946 4065 1
1946 1861 1
1946 24 1
1946 3788 1
2541 1812 1
2541 1129 1
2604 3982 1
2878 1844 1
2878 787 1
2367 2672 1
3402 2789 1
3402 337 1
1970 2643 1
1970 299 1
1970 811 1
1970 2015 1
1688 2282 1
1079 1409 1
3072 128 1
2519 265 1
1859 197 1
1859 1736 1
1859 667 1
1859 187 1
1859 3845 1
1859 1280 1
1813 725 1
277 3935 1
3311 917 1
3311 2653 1
3311 3442 1
3311 806 1
3311 3199 1
3311 1753 1
3311 2727 1
3838 3356 1
1098 2860 1
2174 4149 1
2174 2249 1
1064 327 1
1064 1310 1
3135 2540 1
1237 1382 1
334 1071 1
3668 1182 1
5 3937 1
1734 2982 1
1719 3564 1
2008 1650 1
1686 391 1
1686 2052 1
53 2749 1
2640 1482 1
468 2372 1
468 1667 1
468 1350 1
2210 4100 1
2626 1144 1
3587 2533 1
3587 188 1
1817 1929 1
1817 2512 1
3586 651 1
3586 1399 1
591 2092 1
591 1044 1
591 182 1
4052 758 1
4052 2017 1
445 3592 1
1213 949 1
3017 2589 1
3017 3704 1
3017 1214 1
2874 404 1
2874 2654 1
2758 3687 1
2758 247 1
1140 2885 1
2038 1298 1
2038 642 1
978 3216 1
1806 1018 1
1806 2871 1
2450 3996 1
2450 1234 1
2450 3629 1
2848 1832 1
2848 1632 1
1979 68 1
1979 2642 1
1979 1759 1
1979 3481 1
1979 1097 1
1979 388 1
1979 1402 1
3368 1174 1
3368 301 1
3368 4026 1
3368 1609 1
3368 3955 1
3368 3139 1
3368 2620 1
3368 2511 1
3368 3049 1
2560 3305 1
2560 3990 1
2560 929 1
2560 222 1
2560 2577 1
2560 365 1
2560 140 1
2560 2719 1
3325 3262 1
3410 348 1
3410 3479 1
3729 229 1
1951 2388 1
1017 968 1
1017 2807 1
1017 762 1
1057 2950 1
1057 584 1
1057 2535 1
1057 1645 1
1057 3949 1
1057 4055 1
2287 2188 1
2287 3148 1
2287 345 1
2051 1443 1
718 3580 1
718 202 1
303 630 1
303 1186 1
545 3366 1
545 1902 1
569 78 1
12 3421 1
4176 585 1
4176 101 1
4112 1423 1
3299 940 1
3299 3036 1
3299 3206 1
253 3231 1
2243 2733 1
1930 2758 1
543 2021 1
916 3207 1
361 1317 1
361 500 1
411 2850 1
411 1690 1
3533 2636 1
3533 2084 1
1449 3841 1
668 3933 1
3374 1417 1
3374 3287 1
11 2349 1
11 2565 1
11 723 1
11 1017 1
3658 4145 1
83 643 1
3708 3425 1
428 2645 1
896 1213 1
2181 1566 1
2181 3854 1
2181 1571 1
3546 2014 1
3546 3583 1
3546 615 1
3546 2217 1
3844 1951 1
1006 1278 1
2305 2616 1
2305 1719 1
1246 87 1
3824 2240 1
3852 3586 1
4103 2098 1
1881 3183 1
1768 3183 1
678 1579 1
2475 1059 1
2740 4003 1
464 1722 1
464 2637 1
464 1064 1
1643 1165 1
2946 2790 1
2799 3222 1
1589 3840 1
1669 3286 1
1669 1227 1
1669 3402 1
1669 5 1
1669 1734 1
108 3825 1
1673 777 1
3769 355 1
3769 2065 1
3769 1435 1
2911 55 1
656 1754 1
2005 892 1
3723 3322 1
3723 1176 1
1964 2463 1
3653 1728 1
3653 1503 1
1121 119 1
2375 4042 1
2375 2376 1
2375 3517 1
2963 1082 1
4084 958 1
4084 2720 1
4084 3906 1
4084 1488 1
2841 183 1
2841 3407 1
2436 454 1
2886 2081 1
1963 1075 1
166 3210 1
2346 3878 1
3756 1630 1
810 3103 1
2505 2753 1
2989 1123 1
3073 879 1
3073 4032 1
3839 2235 1
2606 3906 1
527 2 1
1721 3959 1
670 3038 1
826 2142 1
1687 3152 1
2500 3467 1
1114 2924 1
930 339 1
3348 4165 1
3568 1776 1
3568 1760 1
3568 1821 1
3568 1979 1
2275 3861 1
1849 3692 1
2985 2843 1
2985 1134 1
586 2110 1
2662 1562 1
2662 2791 1
3707 2721 1
3888 2878 1
2415 4112 1
3002 2812 1
3423 2598 1
2095 3503 1
2942 2763 1
2040 122 1
520 123 1
3749 535 1
1731 3853 1
1731 3651 1
1731 1341 1
3430 3634 1
142 1390 1
4132 2954 1
710 3349 1
564 2683 1
308 3202 1
2622 1432 1
3249 3696 1
3616 3696 1
661 984 1
1074 4119 1
3509 3881 1
4178 1770 1
4178 2301 1
3884 2452 1
3589 1053 1
861 1266 1
861 2350 1
3950 3290 1
389 2657 1
3375 2332 1
4109 2555 1
2809 550 1
2524 4028 1
2524 1228 1
197 3621 1
197 3042 1
3864 2526 1
3842 843 1
3506 1461 1
3506 3715 1
3506 3274 1
3506 2167 1
3506 771 1
1782 1270 1
99 117 1
3119 666 1
3119 927 1
56 441 1
1698 4052 1
3659 1351 1
1446 1351 1
565 606 1
3060 1309 1
127 1346 1
2455 2811 1
2455 2183 1
213 1570 1
2983 537 1
2983 1061 1
2983 1424 1
798 1513 1
798 1927 1
798 2205 1
907 1944 1
2681 918 1
1490 2647 1
3354 3698 1
2694 2661 1
2702 1227 1
1916 2737 1
481 1287 1
507 4154 1
1036 2159 1
3326 243 1
2631 2805 1
3372 3337 1
3372 1448 1
3372 4115 1
3716 2829 1
2216 3246 1
2502 1159 1
2502 1674 1
3577 1072 1
742 2883 1
510 1769 1
510 629 1
734 4172 1
4088 3565 1
969 305 1
2309 3128 1
1695 4056 1
1519 2943 1
3465 1450 1
2262 18 1
837 1688 1
837 1873 1
1238 3214 1
3131 3412 1
4163 497 1
2842 2348 1
2842 878 1
3740 1462 1
3740 214 1
3740 1055 1
3740 1329 1
3740 2291 1
1426 3387 1
13 2875 1
3962 895 1
3962 455 1
2503 756 1
595 3362 1
3197 3061 1
1810 3121 1
3045 4051 1
3045 1492 1
772 164 1
1729 1725 1
1802 2587 1
267 3470 1
3484 2032 1
3484 3717 1
950 16 1
3115 3597 1
1537 3346 1
2093 4020 1
2093 3833 1
2093 3928 1
1469 1678 1
786 445 1
566 159 1
1419 394 1
1419 4141 1
3123 3114 1
1240 2859 1
4133 69 1
2432 2379 1
3846 3204 1
3335 2518 1
130 3885 1
3437 3080 1
1343 2928 1
29 2367 1
934 255 1
1215 935 1
2521 2324 1
1379 696 1
1268 2588 1
2562 3917 1
3411 4037 1
2164 1243 1
1983 1330 1
1983 619 1
1983 3590 1
4179 835 1
3358 1217 1
1164 1827 1
1321 3276 1
4123 3664 1
2901 395 1
3828 4021 1
20 3168 1
3189 2572 1
1736 398 1
1736 3413 1
3308 690 1
3256 2703 1
1274 980 1
3416 259 1
719 3141 1
719 1989 1
599 149 1
1602 1511 1
324 1277 1
3454 153 1
2094 3563 1
2094 2038 1
167 3986 1
185 2879 1
2800 4062 1
1247 3742 1
3427 1558 1
559 2034 1
559 3292 1
1028 3258 1
2325 1933 1
2325 1487 1
3697 1505 1
2783 645 1
2434 708 1
1730 2925 1
1301 3091 1
688 3452 1
3770 2304 1
752 4135 1
2329 1568 1
446 1784 1
3379 3394 1
456 3598 1
2704 1706 1
331 1682 1
2611 625 1
3758 2230 1
3122 1680 1
275 427 1
275 3250 1
1427 733 1
3179 1839 1
2609 4060 1
1474 1814 1
1913 2165 1
4144 3345 1
3582 3709 1
89 2082 1
1342 4105 1
635 511 1
150 3519 1
3627 3889 1
1883 3418 1
3661 3721 1
452 3919 1
3550 465 1
1637 3775 1
2429 3136 1
560 4140 1
2865 80 1
2272 2917 1
684 94 1
208 1209 1
3010 2892 1
2062 316 1
2062 1025 1
801 868 1
1276 1967 1
2134 2570 1
3016 2419 1
3643 379 1
2808 3535 1
2237 2114 1
2612 3913 1
646 3331 1
646 2997 1
611 1380 1
2507 3587 1
2168 2426 1
3545 303 1
1407 3027 1
3342 1225 1
328 65 1
4156 49 1
1935 1384 1
2446 1709 1
3223 35 1
2610 1504 1
2751 277 1
3603 3763 1
780 1850 1
3 2115 1
434 2949 1
434 1646 1
2182 4110 1
2311 2952 1
2292 3247 1
4137 28 1
1362 103 1
2022 468 1
2022 276 1
3226 1936 1
487 2857 1
1628 498 1
3905 288 1
3815 1221 1
2234 3381 1
1148 1843 1
1148 3261 1
679 1289 1
3252 3344 1
3739 1204 1
1062 2401 1
1062 177 1
1008 2035 1
218 4151 1
637 3232 1
1874 2074 1
2053 2449 1
2802 1116 1
1871 2529 1
423 261 1
1383 561 1
3241 315 1
3241 4157 1
3116 1063 1
3976 1359 1
2984 155 1
189 1515 1
2377 1155 1
1087 4125 1
1835 3153 1
2801 2755 1
4124 2396 1
356 834 1
3385 14 1
853 3591 1
3165 965 1
2900 965 1
3683 534 1
1893 2306 1
3773 3640 1
2873 3338 1
3023 545 1
2465 3051 1
1981 338 1
1248 471 1
3731 2051 1
3912 768 1
1019 3058 1
541 3353 1
1610 750 1
1563 2184 1
1563 3798 1
3581 2450 1
3618 359 1
827 4147 1
1265 3050 1
2895 40 1
4089 50 1
2185 4158 1
1256 992 1
3405 2011 1
2281 2055 1
3052 705 1
3052 1388 1
731 770 1
2752 591 1
546 591 1
447 1922 1
1605 4120 1
124 2689 1
797 3350 1
2096 4111 1
2898 3619 1
1032 3542 1
1560 3867 1
547 1859 1
2862 3268 1
1364 1542 1
198 602 1
1353 2987 1
2757 1629 1
847 1057 1
2539 3284 1
2391 3155 1
3330 2537 1
4077 2018 1
553 3761 1
3780 3985 1
3593 3482 1
2340 3251 1
3940 3306 1
1094 2876 1
2099 367 1
1531 3166 1
180 2710 1
3125 1638 1
2140 4047 1
1373 1303 1
2667 3674 1
652 3847 1
2083 2734 1
2646 3938 1
3849 2116 1
205 1866 1
3279 3473 1
1828 994 1
2489 3368 1
1988 915 1
400 3376 1
1675 2070 1
2536 819 1
4079 3699 1
1067 2233 1
4068 3067 1
2100 1689 1
1811 1497 1
1535 1937 1
3233 2676 1
3127 2104 1
3264 1496 1
2231 262 1
664 1536 1
174 412 1
3253 317 1
1378 77 1
3529 1686 1
514 1539 1
3644 9 1
3930 3265 1
4019 70 1
932 567 1
3198 1029 1
2405 3668 1
273 1293 1
3102 576 1
2839 4057 1
1524 973 1
1524 2846 1
2630 3004 1
913 1830 1
3961 3021 1
3814 1037 1
4058 903 1
3254 2274 1
3551 2174 1
3285 1939 1
1360 2273 1
4180 2347 1
1867 1796 1
329 3081 1
885 2745 1
1697 113 1
206 2773 1
2263 1676 1
457 959 1
542 3244 1
2990 22 1
3694 3325 1
2549 2361 1
2238 904 1
757 1739 1
1928 2457 1
3530 1486 1
1086 3552 1
1358 3461 1
1453 1758 1
809 2289 1
1305 1136 1
1906 1624 1
1251 1806 1
2293 1506 1
2575 3380 1
3939 978 1
438 3680 1
1499 1175 1
4071 1762 1
1876 1279 1
802 3456 1
867 3850 1
282 409 1
776 3022 1
