5506 4547 1
4073 1505 1
1907 1552 1
1907 5789 1
1907 1766 1
1907 4455 1
1907 1813 1
4583 3758 1
1523 4951 1
3629 1327 1
3629 6949 1
351 7069 1
4559 4725 1
7515 4329 1
4588 977 1
7352 6355 1
7352 4019 1
5911 4378 1
1346 5780 1
3760 4962 1
7217 6898 1
297 6068 1
297 1338 1
297 1444 1
297 6252 1
297 805 1
297 4342 1
4999 5707 1
3516 5640 1
4046 4282 1
4046 559 1
4046 2867 1
3449 1548 1
3449 5363 1
1382 4935 1
7266 2953 1
2530 5509 1
3440 4175 1
4533 2393 1
4533 5652 1
1475 6996 1
1475 3021 1
1475 1350 1
1475 2428 1
1475 605 1
1475 7400 1
4613 5538 1
7081 2353 1
4001 6339 1
4001 7131 1
4001 946 1
4001 448 1
4001 6481 1
4001 4645 1
2520 6389 1
2520 5971 1
2520 5143 1
2520 6531 1
6641 5929 1
4680 3045 1
4680 130 1
5376 2185 1
5376 3469 1
5376 3558 1
5376 5183 1
5376 5678 1
5376 7280 1
5376 1674 1
5376 5578 1
5376 6225 1
5376 6993 1
5376 3997 1
5376 5968 1
5376 2010 1
7094 87 1
5064 2238 1
4632 600 1
4632 1623 1
2831 6427 1
1920 1680 1
1920 4262 1
1920 2250 1
1920 863 1
1920 2158 1
1920 5794 1
1920 3529 1
1920 7552 1
2761 4209 1
4984 3373 1
1685 6859 1
3152 1094 1
3152 1905 1
3152 4639 1
3152 532 1
5139 6708 1
5139 5520 1
5139 2902 1
5139 5164 1
5139 4447 1
5139 7122 1
5139 742 1
5139 6963 1
5139 6429 1
5139 7049 1
1274 3926 1
1274 5027 1
1274 3779 1
1274 6867 1
5942 1306 1
5942 3097 1
5942 3024 1
5942 5061 1
7145 1293 1
7145 4259 1
6672 3605 1
6672 5738 1
6672 2024 1
6708 3989 1
6708 769 1
109 460 1
109 6699 1
109 3430 1
341 6882 1
1990 4630 1
6517 2368 1
6783 6633 1
5482 6299 1
3128 3191 1
3128 2447 1
3128 923 1
3128 4942 1
3128 637 1
3128 6424 1
3129 7260 1
4354 6298 1
4354 5917 1
4354 4407 1
4354 5598 1
4354 974 1
4354 4958 1
4354 5790 1
4354 5931 1
4354 4186 1
7234 7298 1
6527 6423 1
6527 2424 1
5393 4881 1
6797 3943 1
6797 5101 1
6425 4770 1
5984 6497 1
6544 5759 1
3173 4121 1
3071 5319 1
3071 4219 1
3071 4197 1
6873 973 1
6873 919 1
3233 1779 1
7467 5244 1
5316 50 1
5316 5116 1
5316 4677 1
5316 1445 1
5316 6881 1
5316 2657 1
2258 4573 1
6876 4263 1
3594 7259 1
814 6634 1
1544 5265 1
3871 4636 1
3871 3023 1
3871 1985 1
3871 1655 1
3871 3482 1
3871 1499 1
3871 1576 1
3871 2314 1
3871 7296 1
5326 2748 1
2569 138 1
2569 103 1
2569 7560 1
2569 1494 1
2569 1544 1
2569 4702 1
2569 5030 1
2569 1646 1
2569 2452 1
2569 1826 1
2569 6548 1
2569 891 1
2569 1014 1
2569 3156 1
6401 2511 1
5635 1256 1
332 2322 1
5152 6931 1
5152 5473 1
5152 6728 1
5152 146 1
7365 6870 1
7365 6246 1
7365 4188 1
7365 134 1
7365 3544 1
7365 6800 1
7365 396 1
7365 190 1
7365 1839 1
7365 3161 1
7365 3725 1
7365 3401 1
4934 1832 1
4934 1762 1
490 5720 1
5641 54 1
3227 344 1
1506 5043 1
1506 2405 1
1506 5541 1
1506 4689 1
1506 3441 1
5939 4570 1
5939 7590 1
5939 2684 1
5939 3659 1
5939 2664 1
5939 1095 1
5939 3226 1
5939 7580 1
5939 6609 1
5939 957 1
5939 3717 1
5939 5312 1
7510 4044 1
5848 3792 1
1791 5654 1
1791 4399 1
6035 4928 1
6035 1433 1
2807 2166 1
2234 3947 1
2234 5974 1
6087 5731 1
5874 4072 1
5935 3941 1
90 7412 1
90 1594 1
90 4114 1
90 4200 1
90 5540 1
90 204 1
90 4755 1
90 5020 1
90 3602 1
4570 4076 1
4570 3025 1
4570 3946 1
1953 4848 1
1042 3047 1
1042 4546 1
1042 5303 1
6792 4663 1
6792 5359 1
1743 4917 1
117 5960 1
117 2881 1
117 1311 1
4379 2847 1
7437 3735 1
7437 3279 1
7437 6101 1
5271 2236 1
3311 3174 1
3311 1726 1
3311 7151 1
3311 6819 1
3311 99 1
3311 647 1
3311 664 1
3311 5550 1
3311 4273 1
3311 6617 1
3311 7036 1
3311 1783 1
3311 1015 1
3311 3724 1
3311 7334 1
3311 4535 1
3311 5192 1
3311 3053 1
3311 6296 1
3311 3304 1
3311 3483 1
3311 711 1
3311 3087 1
3311 3296 1
3311 654 1
3311 4541 1
3311 3372 1
3311 1530 1
3311 3663 1
3311 5288 1
3311 374 1
3311 2665 1
3311 5138 1
3311 6899 1
3311 3968 1
3311 7046 1
3311 757 1
3311 908 1
3311 656 1
3311 4529 1
3311 2360 1
3311 389 1
3311 7316 1
3311 3857 1
3311 2951 1
3311 6538 1
3311 4551 1
3311 2074 1
3311 1294 1
3311 6289 1
3311 6890 1
3311 1721 1
3311 7214 1
3311 7338 1
3311 2228 1
3311 6684 1
3311 6553 1
3311 1141 1
3311 4493 1
3311 3342 1
3311 5602 1
3311 4990 1
3311 2339 1
3311 1134 1
3311 5859 1
3311 3371 1
3311 287 1
3311 2890 1
3311 7059 1
3311 3354 1
3311 6503 1
3311 3114 1
3311 2623 1
3311 3550 1
3311 89 1
3311 6937 1
3311 1155 1
3311 5951 1
3311 5323 1
3311 3610 1
3311 5010 1
3311 688 1
3311 1609 1
3311 6655 1
3311 4791 1
3311 4403 1
3311 4847 1
3311 487 1
3311 7470 1
3311 4579 1
3311 5006 1
3311 3874 1
3311 2526 1
3311 3112 1
3311 3985 1
3311 1966 1
3311 4622 1
3311 2966 1
3311 6926 1
3311 1561 1
3311 4341 1
3311 330 1
3311 231 1
4927 4472 1
4243 3422 1
3927 4322 1
3927 7574 1
466 6853 1
466 4643 1
466 2269 1
4869 5232 1
3928 565 1
3928 51 1
3928 7242 1
2904 3028 1
3251 3536 1
3251 6499 1
4020 5059 1
303 563 1
2702 2398 1
2702 224 1
2702 5653 1
4592 3000 1
3188 4458 1
3188 1428 1
3188 5104 1
3188 621 1
3188 4936 1
5812 495 1
5812 5505 1
5812 3645 1
1789 1770 1
6366 5958 1
6150 5374 1
6150 2716 1
6150 5019 1
6150 4740 1
2458 3180 1
6151 453 1
6151 7521 1
6151 1407 1
1166 4756 1
2901 7279 1
4654 1916 1
673 6549 1
673 6509 1
1250 5898 1
4982 1392 1
7380 1483 1
902 237 1
3500 3249 1
1733 6410 1
7026 5111 1
7026 1883 1
7026 249 1
7026 71 1
7026 2618 1
7026 4599 1
7026 2758 1
7026 2782 1
7026 480 1
2324 4925 1
2324 1491 1
2324 1107 1
2324 3423 1
2324 5608 1
2324 5165 1
2324 3816 1
6685 5938 1
6685 6747 1
1068 6359 1
4298 2786 1
4298 4482 1
2261 1484 1
1033 6346 1
736 871 1
736 486 1
736 6464 1
736 6075 1
4061 1226 1
4206 167 1
3590 6775 1
7090 496 1
7090 1603 1
3864 636 1
2330 3167 1
5133 3252 1
5757 2351 1
5757 1150 1
6472 2215 1
6472 5227 1
6472 2114 1
4813 1731 1
4813 5 1
4813 35 1
4813 7423 1
1299 6113 1
1299 3433 1
6665 1766 1
7211 4176 1
1495 7360 1
1495 3636 1
1495 3932 1
1495 4223 1
1495 3438 1
538 5015 1
279 1282 1
2068 5140 1
2068 522 1
6212 4352 1
6212 6013 1
6212 5893 1
6212 1580 1
6212 2551 1
1903 3996 1
1903 2220 1
1613 4870 1
6054 7087 1
6054 5933 1
6054 6273 1
7379 1946 1
6514 299 1
6514 5783 1
6514 3555 1
6514 1827 1
6514 751 1
6514 3655 1
6514 5583 1
6514 94 1
6514 4256 1
6514 1817 1
6514 6336 1
6514 1251 1
6514 2833 1
6514 4823 1
6514 3824 1
6514 521 1
6514 4233 1
6514 197 1
6514 1016 1
6514 6526 1
6514 7022 1
3214 6501 1
3085 6089 1
2420 6411 1
2098 4252 1
2098 3184 1
2485 3530 1
2485 6952 1
2485 7606 1
2485 6721 1
2485 3632 1
2485 2209 1
2485 7465 1
2485 2788 1
2485 3132 1
2485 267 1
2485 4080 1
3177 4004 1
3177 6572 1
3177 7562 1
3177 3410 1
3177 1887 1
5955 5470 1
5955 2026 1
5955 6686 1
5955 3038 1
5955 6539 1
5955 5038 1
5955 1115 1
4786 2816 1
5919 2737 1
1553 3055 1
5670 2393 1
6407 7103 1
6407 2499 1
4318 2210 1
931 993 1
931 5557 1
507 1992 1
4675 2936 1
4675 1051 1
4675 107 1
124 28 1
124 3396 1
124 1342 1
124 1102 1
124 212 1
124 6864 1
124 4966 1
124 4712 1
6029 3911 1
1867 2727 1
918 5739 1
918 5428 1
918 2863 1
918 3660 1
918 6037 1
918 1587 1
918 5753 1
918 5634 1
918 3672 1
918 2646 1
918 7201 1
6707 2783 1
23 7213 1
5464 4819 1
5464 6842 1
4825 349 1
4825 2899 1
6871 691 1
6871 1124 1
1406 6257 1
1406 3871 1
1406 3239 1
1406 4486 1
1406 5599 1
1406 283 1
1406 2127 1
1406 3096 1
1406 5391 1
1406 4119 1
3619 1206 1
3989 944 1
6787 3916 1
791 6680 1
4975 7581 1
1070 1286 1
4977 4436 1
5579 5740 1
5579 6240 1
5579 6863 1
745 6354 1
669 3066 1
669 105 1
669 111 1
3520 131 1
3520 6627 1
1948 5075 1
442 2101 1
1951 4021 1
1845 1673 1
4905 3982 1
5937 7444 1
6262 477 1
592 3076 1
2725 4269 1
6001 5760 1
6001 5514 1
1098 6256 1
1098 2397 1
3964 5277 1
900 899 1
900 4377 1
3577 7458 1
5561 22 1
5294 2872 1
830 6486 1
6229 1581 1
6229 5489 1
6229 3545 1
6229 4107 1
4664 4459 1
5427 2083 1
1149 7536 1
1149 6857 1
7062 4964 1
5808 825 1
2692 1843 1
2692 4500 1
702 5429 1
702 7068 1
702 2869 1
702 5236 1
702 6924 1
5684 1780 1
826 2198 1
826 6791 1
826 4271 1
826 221 1
826 5175 1
826 5965 1
3724 5998 1
3724 4932 1
6753 1396 1
2514 4292 1
5100 6857 1
3385 4921 1
3385 2909 1
3385 7076 1
3385 1747 1
3938 269 1
3814 399 1
3814 968 1
3814 1201 1
3814 5420 1
3814 2177 1
3814 2430 1
3814 1 1
3814 7235 1
3814 5491 1
3814 2521 1
3822 5361 1
3822 408 1
3822 1473 1
3822 7230 1
5569 2621 1
5569 783 1
5569 32 1
5569 928 1
5569 5621 1
5569 5854 1
3678 3510 1
6997 6696 1
6997 183 1
6997 1260 1
6997 1169 1
6220 3517 1
2864 3750 1
2864 6112 1
2864 2108 1
2864 5572 1
6862 289 1
2533 2771 1
230 2021 1
230 2247 1
1650 5934 1
4177 840 1
5994 1257 1
566 5985 1
3572 4487 1
1447 7117 1
2775 2229 1
6251 5703 1
1957 5899 1
1957 1873 1
1957 497 1
1957 1793 1
3643 104 1
3643 3682 1
6709 5679 1
6709 5218 1
6709 5692 1
870 4895 1
821 2006 1
2791 1663 1
4409 5965 1
841 6792 1
841 6498 1
841 2491 1
841 7027 1
841 5211 1
841 1258 1
841 2695 1
841 6026 1
841 5702 1
841 3625 1
841 4348 1
5725 2851 1
1378 2285 1
1378 6998 1
3555 3726 1
3555 2003 1
3555 5333 1
3555 5031 1
3555 4708 1
3555 4224 1
3555 6554 1
3555 2310 1
3555 7281 1
3555 6740 1
3555 3178 1
3555 6255 1
3555 7113 1
3555 6625 1
5767 953 1
5767 6985 1
5767 268 1
2032 4101 1
2789 3228 1
2789 6727 1
941 3562 1
4357 4532 1
282 77 1
282 2672 1
282 932 1
3633 7206 1
2821 5199 1
2821 1474 1
2821 7414 1
2821 7168 1
4222 5475 1
5177 5070 1
5559 5441 1
5559 6453 1
784 875 1
784 5392 1
784 4598 1
784 3683 1
7346 4783 1
7346 5105 1
7346 4908 1
7346 1633 1
7346 2587 1
1956 6591 1
1956 4846 1
1956 5088 1
1956 2570 1
3469 809 1
3469 2680 1
3476 7402 1
2739 7568 1
3965 3467 1
3965 876 1
3965 5600 1
3965 7208 1
3965 1601 1
3965 3090 1
3965 5900 1
4829 1604 1
4612 2777 1
4612 3027 1
4885 4650 1
7251 2837 1
3299 6893 1
3299 5771 1
3299 355 1
1267 6109 1
5024 916 1
1715 5407 1
5172 2077 1
5172 25 1
4827 469 1
4827 6602 1
4827 2380 1
4827 1469 1
4827 3048 1
4827 3258 1
5699 6607 1
5699 3588 1
5656 5041 1
5656 5109 1
5656 1855 1
6245 969 1
6245 4056 1
6245 4522 1
6245 6376 1
6245 6818 1
6245 4375 1
6245 1962 1
6245 70 1
6245 548 1
6245 3451 1
2431 5155 1
5335 1171 1
6094 5508 1
2262 2907 1
7362 4888 1
7362 7137 1
7362 575 1
3189 5114 1
6634 4627 1
7023 2187 1
1099 2849 1
1854 7589 1
3368 3609 1
6204 5412 1
7006 6648 1
7006 276 1
7006 6515 1
7006 3343 1
7006 718 1
7006 2014 1
7006 1683 1
7006 1007 1
7006 1897 1
7006 184 1
7006 653 1
7006 15 1
7006 7056 1
7006 3357 1
7006 1385 1
7006 3363 1
7006 3883 1
7517 5952 1
7517 7155 1
7517 6394 1
7517 348 1
7517 1718 1
7517 2121 1
6849 4440 1
6849 4274 1
118 2527 1
118 777 1
2105 2067 1
3798 6370 1
3879 5518 1
1500 7176 1
1500 1192 1
1500 357 1
4021 999 1
4021 4508 1
7182 7116 1
6979 1913 1
2794 1709 1
3942 3235 1
3650 3408 1
3234 4650 1
7153 534 1
7153 3671 1
4445 2997 1
2057 5009 1
5940 5445 1
5940 6306 1
5940 7557 1
5940 4391 1
3413 2797 1
3413 277 1
1898 491 1
968 3426 1
968 3302 1
968 2877 1
968 2817 1
968 1185 1
968 3329 1
2139 3349 1
5380 4980 1
5380 5525 1
5380 6315 1
5317 2930 1
2161 439 1
150 934 1
150 2483 1
150 6338 1
6689 5795 1
3622 6834 1
3622 3210 1
3622 457 1
3622 6283 1
796 4028 1
4864 149 1
2213 6907 1
2213 6321 1
6536 4185 1
6536 5775 1
6163 1123 1
4908 7425 1
4908 5935 1
4908 6718 1
4908 593 1
7071 6092 1
4964 304 1
4964 4661 1
4964 2135 1
1432 2800 1
2046 570 1
2401 1967 1
2401 7302 1
5837 6733 1
5837 1058 1
2873 4410 1
3454 4988 1
3454 6662 1
3454 6488 1
3454 5835 1
3454 6484 1
3454 1329 1
7401 446 1
7401 5399 1
5106 6921 1
3732 5076 1
6295 2808 1
4163 7502 1
5865 2386 1
5865 1229 1
1785 6265 1
1785 6253 1
4147 6472 1
4478 3313 1
5089 2764 1
676 849 1
6042 4400 1
4469 7328 1
2974 7295 1
7123 2615 1
7123 3825 1
7123 1630 1
5136 2246 1
5231 4241 1
7578 5560 1
2369 964 1
2369 1143 1
5926 2858 1
91 2829 1
1338 3873 1
1338 1044 1
2387 4310 1
226 6714 1
4167 2408 1
5379 3427 1
5379 3284 1
5379 7494 1
5379 2172 1
5379 1320 1
5379 2859 1
4118 4434 1
5924 3696 1
5924 4676 1
5924 7018 1
5924 2292 1
5924 2110 1
5924 3910 1
5924 4312 1
3764 2566 1
1105 7037 1
1105 1114 1
6420 5922 1
543 4320 1
1181 44 1
3523 5149 1
2150 2983 1
4338 326 1
4338 6180 1
481 432 1
481 2349 1
481 2153 1
481 4323 1
481 610 1
481 1800 1
481 5459 1
481 4963 1
481 525 1
481 3181 1
1868 1960 1
7333 6646 1
7582 6072 1
5883 6279 1
5883 1620 1
2035 6460 1
2035 2149 1
2035 6045 1
4534 2958 1
4534 5820 1
3297 7397 1
2989 4796 1
2989 6782 1
2989 3314 1
2989 7359 1
2989 3999 1
2989 5980 1
2989 3062 1
2125 5887 1
4580 3572 1
665 1995 1
1319 1568 1
1823 317 1
4562 4220 1
3483 5419 1
767 3051 1
767 3810 1
767 5196 1
767 4828 1
1668 3136 1
4676 2421 1
4676 7325 1
4483 6795 1
4483 4582 1
4483 4401 1
4483 3879 1
4483 2017 1
4483 3351 1
4483 5611 1
4483 5727 1
4483 1384 1
4483 6399 1
4483 220 1
4483 3834 1
4483 3009 1
4483 1856 1
4483 4799 1
4483 1456 1
4483 6600 1
4483 7447 1
4483 347 1
4483 4970 1
4288 4904 1
3035 6506 1
5068 7514 1
3087 5536 1
3087 1865 1
3087 3832 1
3087 542 1
3087 1322 1
3087 4140 1
3087 2352 1
3087 3578 1
3087 4647 1
3994 5897 1
4151 2986 1
3729 3712 1
3729 3680 1
3729 744 1
3729 2823 1
3729 6681 1
3729 4406 1
3729 383 1
3729 7221 1
3729 2911 1
3729 2954 1
3729 3812 1
3729 5619 1
4187 403 1
4187 3397 1
581 4669 1
2956 985 1
4857 3837 1
2522 6312 1
4287 1906 1
2802 3497 1
261 3542 1
6018 411 1
4871 648 1
1695 5132 1
324 4090 1
7127 100 1
6547 761 1
2936 6438 1
2936 4524 1
6115 1577 1
6115 1308 1
6115 7517 1
6115 288 1
6115 4016 1
6115 3362 1
6115 1851 1
6115 7170 1
6115 4343 1
6115 3567 1
6115 6592 1
6115 4774 1
6115 6166 1
6115 557 1
6115 4301 1
6115 4053 1
6115 1816 1
4589 1970 1
4589 3134 1
4589 1381 1
4589 7340 1
4589 3116 1
4589 5415 1
4589 2688 1
4589 6363 1
4589 1782 1
4589 7130 1
4589 4651 1
4589 4134 1
4589 6620 1
3882 1418 1
4659 2035 1
1392 3868 1
1392 2667 1
1392 5466 1
3407 173 1
3407 2184 1
3407 2846 1
3407 5622 1
3407 4372 1
3407 7114 1
3407 3442 1
671 2857 1
671 3876 1
6621 766 1
4108 1302 1
2694 7145 1
2694 3274 1
2694 972 1
2694 4449 1
2694 3693 1
2694 2049 1
2694 3723 1
7381 5249 1
1570 404 1
1570 1018 1
3331 5003 1
3522 1090 1
7204 6125 1
7204 719 1
6277 4484 1
462 5264 1
462 1225 1
462 2034 1
462 6542 1
462 7525 1
462 6238 1
462 6485 1
462 868 1
462 3630 1
462 7231 1
462 4914 1
897 6080 1
6555 5147 1
4532 3684 1
4532 6669 1
4532 6131 1
4532 1815 1
981 1760 1
981 2276 1
5553 4242 1
5553 4749 1
5553 3092 1
5553 6221 1
5553 3819 1
5553 3049 1
5553 7126 1
5553 6695 1
2155 210 1
2813 4091 1
730 271 1
7116 4239 1
7116 6011 1
7116 6793 1
7116 5293 1
7116 680 1
1359 752 1
815 3768 1
815 4149 1
815 5814 1
815 2266 1
815 1371 1
1859 7295 1
5475 7267 1
5475 431 1
878 1681 1
878 1968 1
5109 1835 1
5109 2825 1
5109 6647 1
5109 6302 1
5109 3639 1
5109 337 1
5530 3337 1
5530 2059 1
5530 80 1
5530 229 1
5530 6945 1
5530 4030 1
1752 1944 1
1752 2303 1
3573 2178 1
516 604 1
3135 5214 1
3135 2194 1
6696 2588 1
6696 2686 1
6696 1478 1
6696 4038 1
3356 3995 1
3356 7530 1
3356 677 1
3356 2062 1
5292 5161 1
5292 4916 1
5292 2556 1
5292 7303 1
5292 4779 1
5292 471 1
5292 3456 1
5292 6308 1
5292 6104 1
5292 6161 1
5292 7377 1
5292 47 1
5292 3606 1
862 485 1
3655 2242 1
3655 6241 1
4015 5724 1
6987 7136 1
4795 7487 1
4795 7571 1
4795 3973 1
4795 3988 1
4795 1231 1
4795 2302 1
4795 7342 1
4795 6705 1
1334 5821 1
1334 770 1
1334 3748 1
1334 2041 1
1334 7406 1
1334 6500 1
1334 2461 1
1334 569 1
1334 1787 1
1334 5344 1
1334 5981 1
1334 2373 1
323 1722 1
4938 1086 1
4938 2429 1
4938 6896 1
774 1890 1
1444 3502 1
1444 3739 1
1444 1325 1
1444 6605 1
1444 3829 1
5319 7161 1
5319 1223 1
5319 1860 1
5319 4857 1
5319 2251 1
5319 7422 1
5319 1578 1
5319 3113 1
5319 5589 1
5319 5576 1
5319 3565 1
5319 7449 1
5319 4315 1
5319 5295 1
5319 7404 1
5319 5276 1
5319 5478 1
5319 3640 1
5319 4095 1
3833 5074 1
5583 3089 1
5583 660 1
5583 1154 1
5583 6931 1
5583 245 1
5583 6989 1
5583 4413 1
5583 6313 1
5583 4706 1
5583 5948 1
5583 2960 1
5583 2731 1
5583 6141 1
5583 3788 1
5583 1431 1
5583 6590 1
5583 4104 1
5583 804 1
5583 4909 1
5583 215 1
5583 2806 1
5583 606 1
2564 7123 1
2076 492 1
778 5715 1
778 6992 1
5730 5487 1
3110 7416 1
3110 3751 1
3110 3913 1
4724 3157 1
4913 5527 1
4105 7100 1
6314 4387 1
4735 235 1
4735 4821 1
4735 4693 1
4735 1569 1
4735 3549 1
4735 6227 1
7522 1650 1
7522 1347 1
7522 6286 1
7522 5993 1
7522 6571 1
789 5555 1
6324 2025 1
6324 2061 1
6324 6504 1
6324 2055 1
6324 378 1
4894 1053 1
5022 3265 1
5022 7186 1
3886 6350 1
3886 7044 1
3886 1430 1
6489 779 1
6489 4257 1
6489 7 1
7178 4418 1
7178 3804 1
7178 4267 1
7178 6076 1
7178 2563 1
7178 844 1
7178 3001 1
7178 1363 1
7178 1390 1
7178 5891 1
7178 2874 1
416 3244 1
1610 2634 1
263 7459 1
3225 2011 1
829 4346 1
4386 6091 1
1290 919 1
4889 3312 1
1703 3765 1
1703 1461 1
1731 3264 1
1731 1534 1
1731 6766 1
1731 3444 1
1731 3759 1
1731 136 1
1731 905 1
1731 2822 1
4106 5695 1
4922 4100 1
4922 7141 1
4922 907 1
4922 3691 1
4922 6650 1
4922 5743 1
4922 2663 1
4922 6967 1
17 6787 1
17 5868 1
1530 3978 1
5187 7457 1
5187 4456 1
1664 2740 1
1664 6362 1
1664 4685 1
264 1485 1
264 1763 1
264 6181 1
264 5546 1
264 2627 1
264 4601 1
264 6532 1
2763 4729 1
2763 1046 1
2763 6448 1
2763 3979 1
2763 5825 1
5787 4940 1
3103 617 1
6058 4063 1
6058 4837 1
6058 3179 1
6058 5332 1
6058 6579 1
6058 1682 1
6058 5930 1
6058 4369 1
6058 3295 1
6428 2891 1
4766 5135 1
4266 4326 1
7144 5402 1
6320 1495 1
6320 3664 1
6320 1395 1
6320 7323 1
6320 5972 1
6320 5643 1
6320 2973 1
6320 2940 1
372 1693 1
6831 5032 1
1226 7319 1
1226 4291 1
1226 2070 1
1226 4985 1
1226 1441 1
3772 7248 1
3443 4286 1
3443 2218 1
3443 3890 1
3443 877 1
3443 1549 1
3443 1480 1
3443 11 1
3443 5694 1
3443 2939 1
3443 321 1
3443 5280 1
3443 687 1
3443 1089 1
3443 6046 1
1000 6033 1
1000 1168 1
1000 1702 1
1000 1719 1
1000 5646 1
1000 3040 1
1000 4182 1
7143 2614 1
7143 2824 1
7143 1234 1
7143 3801 1
1993 998 1
6909 5380 1
6909 7064 1
1228 739 1
4773 3069 1
4773 3679 1
4773 1925 1
4747 6139 1
3489 327 1
2042 6476 1
2254 6228 1
2254 2528 1
1402 7471 1
6391 6151 1
6391 7491 1
6391 5847 1
6391 1451 1
7501 3382 1
4833 5045 1
4833 2358 1
2693 4945 1
5210 1340 1
5604 1300 1
239 1597 1
1750 3465 1
2691 7609 1
365 4247 1
365 1031 1
365 7387 1
365 4638 1
365 4154 1
365 988 1
365 3202 1
365 1717 1
365 571 1
365 4971 1
6690 1151 1
6690 1799 1
67 6545 1
4360 4626 1
2832 2959 1
81 1268 1
3461 5098 1
3461 1301 1
556 4764 1
556 2243 1
556 7586 1
556 1435 1
6317 881 1
3271 4585 1
3271 1959 1
3271 1324 1
3271 5278 1
3271 6010 1
7376 7563 1
5356 6561 1
6565 4576 1
7189 6229 1
7189 7407 1
7189 2260 1
1180 270 1
1180 883 1
1180 5241 1
1180 3150 1
1180 3310 1
5996 2278 1
2500 2337 1
803 5015 1
5476 201 1
5476 6947 1
5476 6006 1
5476 5603 1
5476 250 1
5476 5732 1
3718 6278 1
3718 827 1
3718 7533 1
3718 6497 1
3718 2560 1
3718 6276 1
3718 191 1
535 3962 1
545 2325 1
1940 7515 1
1817 7368 1
1817 668 1
1817 780 1
1817 982 1
6146 7272 1
6146 4353 1
6146 5707 1
6146 5122 1
6146 7095 1
6146 6004 1
6146 7328 1
1547 6838 1
3992 6983 1
3992 4817 1
3992 4907 1
3992 5815 1
3992 5595 1
3992 2572 1
3992 5584 1
3992 7569 1
3992 4392 1
3992 2282 1
6888 3125 1
4781 7596 1
5297 5515 1
1132 73 1
5781 1690 1
6942 3217 1
6942 6925 1
6942 7238 1
6942 3620 1
6942 6768 1
6942 5486 1
6942 6816 1
1162 753 1
4111 5008 1
2263 3966 1
2263 2998 1
2263 992 1
2263 6176 1
2263 5574 1
2263 6082 1
2263 6100 1
2263 5221 1
2263 176 1
500 7388 1
500 3105 1
3031 2749 1
26 1479 1
1614 6139 1
202 3093 1
5528 5987 1
2779 3298 1
2779 6512 1
2779 4146 1
2779 7362 1
2779 5490 1
2779 1599 1
2779 6694 1
2779 1156 1
2779 5983 1
2779 5800 1
2779 85 1
2779 6154 1
2779 5159 1
2779 1139 1
2779 5751 1
3505 2900 1
3505 1708 1
3505 4279 1
3505 7038 1
3505 1557 1
3505 4009 1
3505 6224 1
3505 5483 1
6778 1165 1
758 1709 1
6173 3955 1
2915 18 1
184 5945 1
184 4314 1
4364 5662 1
7107 1436 1
7107 2990 1
7107 3036 1
7107 298 1
2746 560 1
2746 2820 1
2746 7026 1
2746 815 1
2746 906 1
2746 4720 1
2746 2277 1
2746 4424 1
2746 5836 1
2746 4705 1
2746 1872 1
2192 3509 1
2192 5460 1
2192 6172 1
5600 6070 1
5600 4062 1
5600 7413 1
5600 4715 1
5600 6019 1
5600 4473 1
5600 4590 1
5600 5334 1
5600 3153 1
6012 2908 1
1481 4141 1
1481 1656 1
1481 3626 1
1481 1427 1
1481 3841 1
1481 917 1
1481 2960 1
1481 2841 1
1481 6559 1
1481 7490 1
1481 6606 1
1349 4609 1
1349 6668 1
1349 4335 1
7014 2052 1
6181 6806 1
6181 5975 1
6181 6142 1
6181 5092 1
917 6713 1
917 445 1
746 1896 1
746 5157 1
746 2886 1
746 3402 1
746 5844 1
746 3361 1
746 5311 1
746 3591 1
746 1698 1
746 6652 1
746 4327 1
746 5404 1
1619 4709 1
1619 7344 1
1619 2792 1
1619 1028 1
1619 4363 1
1619 5570 1
1619 7180 1
6770 5124 1
6566 6108 1
6566 4688 1
5581 7345 1
5581 6868 1
4862 5292 1
4862 6324 1
4862 3461 1
4862 1158 1
3731 328 1
1303 1410 1
3571 2756 1
6076 86 1
6076 4771 1
4611 342 1
4611 5733 1
6643 5343 1
6659 4852 1
4495 440 1
4750 4778 1
4750 2464 1
4750 244 1
4750 2543 1
4750 1943 1
4750 6258 1
4750 608 1
4750 2670 1
4750 4514 1
4750 2088 1
4750 1538 1
4750 3151 1
938 4911 1
3498 1203 1
2709 4137 1
2709 4972 1
2709 546 1
2709 5118 1
2709 6483 1
1602 1759 1
2737 382 1
2737 642 1
2737 2753 1
2737 4997 1
2737 1100 1
5747 4657 1
579 7166 1
579 280 1
579 59 1
579 7157 1
579 7223 1
579 1246 1
579 2582 1
579 175 1
579 5977 1
579 7047 1
579 1060 1
579 4074 1
579 3855 1
579 5107 1
159 6915 1
159 3139 1
6390 947 1
1466 5382 1
1466 4285 1
2960 6027 1
2960 5909 1
3761 6581 1
3761 6773 1
2679 5212 1
7039 1584 1
7039 3394 1
7039 3537 1
3887 154 1
3887 725 1
5884 4581 1
5826 6618 1
3677 4608 1
591 4696 1
5096 3702 1
5096 5413 1
5096 148 1
5096 4454 1
5096 4158 1
2245 140 1
4965 2263 1
3789 4420 1
3789 4890 1
3789 7090 1
3789 6057 1
3789 6769 1
3789 1343 1
3789 3902 1
3789 6987 1
3789 984 1
3789 4787 1
3789 3260 1
3789 1590 1
3789 6332 1
3789 2138 1
3789 2112 1
3789 4648 1
3789 314 1
3789 3671 1
3789 661 1
232 6473 1
232 4226 1
232 7543 1
232 4035 1
232 3428 1
232 5290 1
2642 5458 1
7472 2576 1
2653 6799 1
1849 811 1
3846 2434 1
4887 713 1
4887 2343 1
4887 6972 1
4887 6478 1
4887 793 1
4887 1335 1
4887 1978 1
4887 4762 1
4887 4879 1
1445 2004 1
1445 2120 1
3787 5287 1
6759 731 1
6759 6636 1
6759 3477 1
2861 5153 1
2861 3016 1
2861 4150 1
2861 4814 1
2861 2518 1
2861 5321 1
2861 3949 1
2861 7584 1
2558 5115 1
4489 2092 1
3797 329 1
3797 6340 1
3797 5957 1
6140 586 1
7481 1076 1
2050 5943 1
599 7526 1
599 6412 1
4174 4330 1
4174 6850 1
908 192 1
908 6932 1
908 5568 1
908 3300 1
908 211 1
908 5770 1
908 4238 1
908 2040 1
908 3539 1
908 510 1
908 79 1
908 1692 1
908 836 1
908 4468 1
908 4237 1
908 6815 1
908 4382 1
908 2504 1
908 5986 1
1251 400 1
1251 710 1
1251 1237 1
6129 1406 1
6129 3166 1
1929 402 1
4069 2600 1
914 3259 1
914 1982 1
914 6788 1
914 6836 1
914 3534 1
914 51 1
914 265 1
914 6329 1
914 5809 1
914 6601 1
914 1140 1
914 609 1
914 681 1
914 5400 1
914 6259 1
914 6304 1
3463 3604 1
3463 2029 1
3463 1323 1
3463 2355 1
3463 1024 1
3463 2473 1
1826 4527 1
1808 658 1
421 3142 1
421 373 1
421 56 1
421 2019 1
421 4029 1
421 2799 1
421 2271 1
421 5435 1
421 7479 1
421 5708 1
421 5112 1
421 454 1
421 5174 1
421 1922 1
421 7243 1
5007 5193 1
630 4444 1
630 2099 1
2706 2255 1
2706 6610 1
2706 2529 1
2706 6132 1
2706 4625 1
3472 823 1
3095 6841 1
1395 7531 1
7089 7424 1
2031 1807 1
370 5591 1
2833 1915 1
2833 7067 1
2833 3839 1
390 5592 1
390 1224 1
390 391 1
390 6164 1
390 2961 1
390 3546 1
2226 351 1
4234 5306 1
4504 1344 1
4504 1571 1
4504 1359 1
4504 700 1
4504 2654 1
4504 291 1
4504 3457 1
4960 2795 1
1468 1804 1
4133 3983 1
4133 4901 1
4133 3607 1
4133 4296 1
6361 5358 1
3282 366 1
7282 3624 1
2033 3501 1
4776 2720 1
6127 795 1
864 582 1
864 4443 1
4782 4566 1
2855 4490 1
4094 3041 1
4094 4842 1
4094 3971 1
4094 1425 1
4094 5340 1
4094 1272 1
2581 4834 1
3647 4815 1
3647 6182 1
2432 5688 1
2432 4169 1
4823 1716 1
4823 527 1
4823 6891 1
4823 1619 1
4823 3007 1
4823 5307 1
865 4926 1
865 5700 1
2179 4844 1
2179 284 1
3700 749 1
5255 368 1
4326 6869 1
4326 1685 1
4326 257 1
4326 2273 1
4326 3490 1
4326 1025 1
4326 808 1
4326 5761 1
4326 4037 1
4326 6052 1
4326 5234 1
4326 1919 1
4918 3011 1
4918 4361 1
4918 4082 1
3229 7567 1
2952 4397 1
2981 2914 1
1057 1736 1
1622 1285 1
7170 5657 1
3872 3637 1
2232 2248 1
2232 6281 1
2232 1391 1
2232 6479 1
2232 4503 1
2232 20 1
2232 5493 1
2232 4832 1
6533 1205 1
3937 3738 1
225 3420 1
225 7025 1
225 5228 1
225 3848 1
225 7195 1
225 1200 1
225 1651 1
2643 3806 1
3237 3019 1
3237 5663 1
6114 4402 1
3043 7367 1
4594 4283 1
467 3272 1
5778 2638 1
5778 1215 1
5778 2876 1
5778 6546 1
6902 6875 1
6084 7190 1
3082 5811 1
5963 7152 1
5963 4683 1
7518 7559 1
5617 1546 1
5617 7245 1
1605 6948 1
1605 4635 1
1605 2633 1
4343 1270 1
4343 3720 1
4343 4797 1
4343 701 1
4343 1045 1
4343 5904 1
62 1657 1
3364 2982 1
3364 4460 1
3364 1498 1
3364 3269 1
3364 3098 1
3364 6656 1
3364 3752 1
4578 6482 1
811 3190 1
811 3077 1
811 2578 1
811 1210 1
811 2818 1
811 5516 1
811 4920 1
811 6518 1
811 6777 1
811 1712 1
3844 7475 1
3844 1013 1
3844 2887 1
3844 5566 1
3844 2146 1
3844 331 1
3844 2043 1
2669 2241 1
2669 3579 1
2669 858 1
4798 2056 1
3455 2520 1
3455 5886 1
3455 2541 1
2169 1486 1
3802 3835 1
1653 6065 1
1653 4168 1
1653 6459 1
1653 3281 1
1653 153 1
1653 6380 1
1653 6813 1
1653 5146 1
1653 4820 1
2221 2766 1
2221 3811 1
2221 4166 1
2221 5705 1
2221 1297 1
2221 4924 1
2221 7271 1
1729 1689 1
1632 1625 1
1632 4687 1
1632 620 1
1632 1164 1
6674 133 1
3515 2853 1
4640 1078 1
6170 6904 1
5186 2915 1
5128 6062 1
2507 4340 1
1001 3852 1
1001 6457 1
1001 5286 1
1001 3453 1
1001 3599 1
3862 6843 1
3862 5013 1
3862 7485 1
3862 4619 1
3862 6599 1
5708 819 1
3867 3322 1
725 4595 1
725 2750 1
725 5507 1
725 1937 1
725 6372 1
725 4316 1
725 6569 1
725 1820 1
725 5150 1
725 4295 1
725 926 1
725 5042 1
725 6626 1
725 2648 1
2727 698 1
2727 2513 1
2727 631 1
2727 1952 1
2727 6645 1
2727 3067 1
2727 2972 1
4510 6582 1
1170 884 1
1170 4026 1
1170 6115 1
1170 4642 1
1170 6794 1
1170 2399 1
3488 2532 1
3488 5648 1
3488 6445 1
3488 6735 1
3488 7204 1
3488 4614 1
3488 6765 1
3488 3282 1
3488 5455 1
3488 2400 1
3488 1425 1
5921 2469 1
1869 1142 1
1869 5698 1
1869 2182 1
5704 2988 1
3877 3896 1
4405 6828 1
4405 5444 1
4405 1694 1
1242 2018 1
6522 3380 1
4414 3836 1
4088 6589 1
1450 4370 1
1450 1522 1
1450 5647 1
1450 4968 1
1450 3854 1
1450 3797 1
1450 364 1
1450 4600 1
1450 2453 1
1450 3769 1
1450 359 1
5350 1415 1
409 4695 1
7053 4628 1
7053 6435 1
7053 1938 1
7053 246 1
7053 775 1
932 318 1
1487 3847 1
1487 2331 1
5659 3791 1
5436 3634 1
5436 5044 1
5436 7555 1
5436 4178 1
5436 7257 1
3933 4221 1
3933 1103 1
2503 4710 1
2503 2698 1
1403 4305 1
1403 4112 1
7227 7268 1
7227 361 1
7227 4831 1
2910 2147 1
2910 5173 1
2910 2632 1
2910 921 1
2910 5180 1
2910 712 1
2910 5683 1
2910 5039 1
2910 2732 1
2910 2463 1
2910 1204 1
2910 7566 1
3215 4096 1
3215 722 1
3215 2162 1
3088 7482 1
6538 2123 1
6538 2702 1
6538 587 1
6538 3186 1
6538 5861 1
6538 3432 1
6538 5913 1
6538 7215 1
6538 6421 1
6538 5053 1
6538 2320 1
6538 4100 1
6538 3032 1
6538 5176 1
6538 1803 1
6538 38 1
6538 2693 1
6538 1180 1
6538 3782 1
6538 5351 1
6538 7570 1
6538 4047 1
6538 3507 1
6538 7372 1
6538 639 1
6538 1706 1
6538 6206 1
6538 5548 1
6538 4451 1
6538 4066 1
6538 6603 1
6538 6373 1
6538 456 1
6538 4049 1
6538 7493 1
6538 455 1
6538 6772 1
6538 6230 1
6538 1983 1
6538 7390 1
6538 5453 1
6538 1365 1
6538 4249 1
2994 124 1
602 76 1
1590 5624 1
1590 502 1
1590 699 1
1590 3448 1
7363 1269 1
3146 4880 1
1229 2130 1
1229 5921 1
1229 1106 1
1229 3654 1
1229 4000 1
1229 2009 1
1229 5184 1
4417 4189 1
3256 2798 1
3256 3575 1
3256 1282 1
764 4674 1
764 5099 1
764 4136 1
764 611 1
764 1277 1
764 5313 1
4496 5939 1
4496 1411 1
2224 2895 1
3554 531 1
1892 6516 1
1892 2584 1
1659 2457 1
1659 5927 1
1659 142 1
1659 924 1
1659 7403 1
1659 4950 1
1659 4054 1
1659 358 1
1659 4718 1
4505 6322 1
6409 4333 1
6395 3595 1
670 3686 1
670 1357 1
5706 1476 1
5706 5585 1
5706 5973 1
5706 4421 1
3843 5942 1
3843 4927 1
3843 3859 1
3843 2230 1
3843 3956 1
7453 4741 1
7453 2597 1
5004 1170 1
1394 3473 1
1394 845 1
1394 3236 1
1394 5579 1
1394 1074 1
1394 3334 1
1394 4812 1
1394 6119 1
1394 764 1
1394 4560 1
1394 6347 1
1394 624 1
1394 4212 1
1394 2625 1
1394 5763 1
1394 3556 1
1394 6693 1
1394 879 1
3007 3521 1
3007 2534 1
3866 5866 1
5802 90 1
5802 1598 1
5802 5423 1
5802 2617 1
316 5166 1
4717 4785 1
5121 444 1
5121 2721 1
5121 3474 1
363 6417 1
6301 3267 1
987 3183 1
987 2619 1
644 3583 1
644 4086 1
644 3390 1
644 4973 1
644 5434 1
644 3436 1
644 7256 1
644 3861 1
644 1542 1
644 7395 1
377 6487 1
377 513 1
6289 1577 1
6289 5862 1
6289 553 1
6289 2889 1
6289 1945 1
6289 523 1
6289 290 1
6289 3462 1
6289 5772 1
6289 232 1
6289 5818 1
6289 6159 1
6289 6940 1
6289 2164 1
6289 4007 1
6289 2525 1
6289 6804 1
6289 2949 1
6289 1249 1
6289 714 1
6289 137 1
6289 6331 1
6289 2100 1
6289 2610 1
6289 1801 1
6289 2926 1
4961 6884 1
4961 6335 1
1880 3145 1
4563 1138 1
6890 5552 1
6890 2450 1
6890 4751 1
6890 2945 1
6890 7078 1
6890 3460 1
6890 2418 1
6890 4036 1
6890 2628 1
6890 2561 1
6890 5953 1
568 3914 1
4191 2938 1
2557 6754 1
5863 3692 1
5863 4967 1
5863 6272 1
5863 5318 1
5863 3685 1
5863 3617 1
5863 4374 1
5863 5207 1
5863 2772 1
5863 1787 1
5863 4665 1
5863 5069 1
5863 7239 1
5863 7301 1
5863 7575 1
5048 3359 1
3533 254 1
5639 7240 1
4198 1328 1
5054 7578 1
4610 7410 1
7214 3367 1
7214 1696 1
7214 4818 1
7214 2946 1
7214 5220 1
4807 635 1
5182 7476 1
6883 4782 1
185 3216 1
185 3231 1
4277 2774 1
899 3944 1
899 4531 1
899 1852 1
899 4087 1
899 6528 1
899 1730 1
899 1464 1
899 4477 1
899 5289 1
899 4383 1
899 4180 1
899 5142 1
899 1265 1
2840 7139 1
2840 7534 1
2840 7082 1
2840 3923 1
6433 3600 1
5722 7065 1
2984 1133 1
6332 5610 1
2013 230 1
533 7192 1
533 3842 1
533 2723 1
533 4011 1
533 5916 1
533 2856 1
533 1784 1
533 1686 1
533 1049 1
533 1492 1
4463 2176 1
709 161 1
7495 7516 1
8 1907 1
8 2735 1
8 5060 1
8 5670 1
8 2739 1
8 6710 1
8 5969 1
8 6134 1
8 3573 1
8 5188 1
8 3082 1
8 3003 1
8 1446 1
8 2955 1
8 5831 1
8 1209 1
8 5693 1
8 387 1
8 2466 1
8 7353 1
8 2713 1
8 6829 1
8 2553 1
8 6351 1
2462 1374 1
2462 5168 1
3977 7317 1
3977 6715 1
5028 5364 1
1158 5408 1
1158 3126 1
1158 4470 1
1158 2537 1
1158 4877 1
1158 1053 1
1158 4859 1
1158 7173 1
1158 4260 1
4067 406 1
4067 4417 1
2378 3942 1
2378 1761 1
2378 1543 1
6216 4205 1
3065 3265 1
3161 5110 1
6757 1283 1
452 756 1
3747 5523 1
4155 3261 1
1305 2249 1
1305 1724 1
1305 1247 1
1305 6086 1
1596 7028 1
5741 6266 1
4793 3285 1
1003 4979 1
4906 2377 1
4906 5791 1
4906 895 1
4906 93 1
4906 5325 1
4906 7258 1
4906 5816 1
4906 415 1
4906 935 1
1902 7452 1
5677 4385 1
3279 2941 1
4293 4130 1
4293 6106 1
3018 5496 1
3675 5703 1
3106 5279 1
4679 434 1
4679 693 1
4679 617 1
7442 1400 1
4359 3616 1
4359 4393 1
4359 3771 1
2132 3974 1
2132 5062 1
2132 6223 1
4768 4745 1
4560 2612 1
4672 4658 1
6008 3086 1
6008 4896 1
6008 3856 1
6008 6439 1
6008 4719 1
6008 4124 1
6008 5651 1
1507 2647 1
6193 979 1
6193 3094 1
6193 6031 1
6193 3219 1
6193 6383 1
6193 771 1
6193 4381 1
6193 4431 1
6347 463 1
6347 1144 1
6347 649 1
6347 4804 1
6347 4192 1
6347 216 1
6347 7163 1
6347 243 1
6347 995 1
6347 6808 1
6347 5853 1
6347 1764 1
6347 4297 1
6347 2986 1
844 5551 1
844 7187 1
844 6000 1
844 5701 1
844 7430 1
844 2718 1
912 2999 1
468 5235 1
468 2296 1
3342 6981 1
3342 3355 1
3342 3917 1
3342 5773 1
3342 1177 1
3342 6127 1
3342 4041 1
3342 2390 1
1255 2148 1
1255 2411 1
1255 657 1
1255 1339 1
1255 248 1
1255 1288 1
1255 2523 1
1255 1442 1
1255 7032 1
1255 6197 1
1255 893 1
1255 5080 1
335 3948 1
1834 5719 1
1834 3059 1
2851 4475 1
2851 759 1
2851 1881 1
1191 2565 1
1191 121 1
7330 7200 1
5850 2571 1
1545 1063 1
1545 4518 1
1545 4319 1
1545 5925 1
1545 1809 1
1545 5754 1
1545 40 1
1545 3375 1
4652 6014 1
7024 7188 1
7024 4657 1
7024 5260 1
7024 540 1
7024 6880 1
7024 5025 1
7024 6214 1
7024 4849 1
5 293 1
5 2494 1
2631 2548 1
1565 5189 1
5602 1853 1
5602 6249 1
5602 7196 1
4143 5037 1
4172 1388 1
4172 7143 1
4172 6957 1
6583 748 1
2582 7203 1
2582 2256 1
2582 5352 1
2582 1198 1
2582 4788 1
2582 2117 1
594 6432 1
723 3833 1
7382 506 1
6809 3875 1
3657 5348 1
7350 1901 1
7350 6524 1
7350 2252 1
7350 4039 1
7350 5901 1
7350 5530 1
7350 7357 1
7350 129 1
7350 4510 1
7350 602 1
7350 4736 1
7350 2479 1
7350 5519 1
7350 3615 1
7350 6977 1
7350 2323 1
7350 2559 1
597 5187 1
2239 6190 1
1183 5117 1
6226 799 1
1848 1534 1
1848 854 1
1848 4040 1
4866 1188 1
2207 1196 1
3278 5299 1
2636 3603 1
2636 2762 1
5511 1012 1
7085 2991 1
7085 903 1
7085 1894 1
6316 4070 1
5849 955 1
6548 5665 1
6548 1977 1
6548 3230 1
5272 3487 1
1448 3421 1
1850 5858 1
2955 285 1
2955 5129 1
1211 4903 1
1211 6905 1
2645 528 1
6348 4002 1
6461 1321 1
6461 6028 1
6461 7564 1
6461 353 1
1579 515 1
1769 1334 1
1769 5742 1
1769 6675 1
1769 3319 1
5198 426 1
7408 3145 1
2862 1665 1
2862 3404 1
2862 2861 1
2862 390 1
2862 435 1
2862 1412 1
7309 2048 1
4698 3838 1
5902 3621 1
1790 3262 1
1126 1117 1
1126 3 1
1126 7553 1
1126 3147 1
6594 4465 1
1667 1372 1
4461 6918 1
7508 1437 1
6736 6213 1
6736 2699 1
5644 7199 1
2849 2947 1
2849 1980 1
2849 785 1
2849 3346 1
2849 7269 1
2849 2724 1
4219 7503 1
4219 1503 1
4219 7070 1
4219 7054 1
4219 6032 1
4219 7096 1
4219 1222 1
5828 1077 1
1677 5641 1
1677 1458 1
1677 3589 1
1677 352 1
1677 5615 1
1677 5956 1
2776 4165 1
3365 1023 1
7174 3303 1
7174 7033 1
3172 6323 1
3172 1930 1
3172 2516 1
1615 3475 1
6928 595 1
5355 5476 1
1878 5676 1
7197 6950 1
7197 5517 1
2408 5368 1
2408 1152 1
2408 5381 1
2408 1421 1
2408 4998 1
2408 4989 1
2408 4159 1
2408 6396 1
3371 2620 1
3371 1236 1
4416 3844 1
4416 7565 1
6814 6121 1
6814 2350 1
6814 2848 1
6814 4190 1
6814 4321 1
6814 662 1
4264 5301 1
1420 4163 1
3869 3182 1
3330 1309 1
2274 888 1
2274 6534 1
2274 3959 1
2274 1509 1
2274 898 1
2274 1517 1
503 7522 1
503 7434 1
3194 3158 1
266 1367 1
266 4027 1
266 3407 1
266 1434 1
266 7263 1
266 4138 1
266 3118 1
266 2122 1
266 6930 1
266 2223 1
266 6148 1
266 4245 1
6784 188 1
6784 1723 1
6784 3580 1
6784 5582 1
6784 2475 1
6784 4536 1
6784 6859 1
6784 3697 1
6784 7542 1
6784 3250 1
2742 5991 1
2742 5440 1
2742 39 1
7050 6897 1
7050 4299 1
7050 1039 1
7050 1611 1
735 991 1
5086 6611 1
3495 6282 1
3495 2300 1
5964 782 1
5964 5163 1
5964 1986 1
3339 7505 1
3339 6677 1
3339 5208 1
3339 2251 1
3339 3984 1
3339 5191 1
3339 3008 1
3339 4265 1
3339 4853 1
3339 1254 1
3339 6550 1
4344 6415 1
4344 1383 1
4344 6071 1
4344 198 1
1876 5867 1
6986 6169 1
4748 4156 1
614 7075 1
614 6461 1
4802 1563 1
4802 7311 1
4389 242 1
4481 1312 1
6540 5803 1
6371 2094 1
7440 3954 1
3574 5194 1
3574 4959 1
3574 1490 1
3574 1318 1
218 6403 1
218 3559 1
218 182 1
3728 2925 1
5618 1821 1
5618 6692 1
2399 470 1
2399 2374 1
732 2383 1
1671 4235 1
367 6064 1
3140 2143 1
3140 6234 1
519 3901 1
7415 1912 1
7415 5474 1
7415 6212 1
7415 6922 1
7415 5571 1
7415 4207 1
7415 5819 1
7415 4509 1
7415 336 1
7415 4502 1
7415 3764 1
7415 1570 1
7415 2826 1
7415 5563 1
7415 5667 1
7415 2589 1
7415 127 1
7415 6724 1
7415 4631 1
2279 7043 1
5658 186 1
3212 7007 1
953 7550 1
953 166 1
953 2240 1
2177 7534 1
2177 2189 1
2177 443 1
800 6404 1
505 859 1
1276 2069 1
1276 2471 1
1276 5432 1
1276 2313 1
6050 119 1
3870 1291 1
1768 6271 1
7383 126 1
3148 5365 1
4450 6447 1
2555 7601 1
2555 1564 1
3919 1506 1
2617 549 1
2617 6992 1
2617 6300 1
2617 345 1
2617 385 1
2617 1419 1
2617 393 1
2617 3849 1
2617 7579 1
2617 3547 1
2617 807 1
2617 2265 1
2071 762 1
1648 6502 1
1116 5799 1
1116 4731 1
6102 5414 1
3599 7275 1
2072 7549 1
2072 101 1
2072 690 1
2072 1829 1
6413 4539 1
5693 3002 1
1746 821 1
2477 704 1
2477 4722 1
1035 4122 1
6096 1537 1
1221 2738 1
3794 494 1
4939 4564 1
3826 376 1
3826 1460 1
3826 1241 1
3826 3967 1
3826 6095 1
3826 4565 1
3826 1929 1
3826 1858 1
3826 2102 1
3826 3667 1
3826 172 1
3826 3321 1
3826 2677 1
3710 2199 1
3710 2995 1
693 6529 1
1443 3019 1
5992 7158 1
1235 4883 1
1235 6657 1
1235 6297 1
1235 4886 1
1235 7072 1
5643 2968 1
2287 695 1
2287 1341 1
2287 3940 1
1818 3213 1
1818 7286 1
1818 1279 1
3437 3514 1
3437 7246 1
726 4520 1
6185 6110 1
4601 5975 1
2590 98 1
4397 7209 1
4397 7445 1
4397 2883 1
812 1882 1
2299 7061 1
2299 3900 1
20 2893 1
20 2804 1
20 205 1
20 3754 1
1699 7093 1
1699 6434 1
1699 1287 1
5397 5439 1
3005 144 1
2075 4946 1
3658 7210 1
3658 6822 1
5775 53 1
227 3543 1
227 4441 1
227 1135 1
227 787 1
227 6430 1
227 2379 1
227 5745 1
1621 6756 1
1621 3785 1
6720 6697 1
5285 2905 1
2625 4515 1
2625 1462 1
2625 6751 1
2625 6543 1
87 816 1
1670 1048 1
1670 3273 1
1670 1233 1
5601 4878 1
5601 6758 1
4342 7224 1
4342 3395 1
4342 633 1
4342 6771 1
4342 3808 1
7130 3898 1
7130 1190 1
41 966 1
4102 6566 1
5165 1884 1
7246 2 1
7246 2446 1
7246 4597 1
7246 3687 1
7246 3673 1
7246 5257 1
2608 3417 1
2608 461 1
2608 6049 1
2608 2598 1
1512 3253 1
623 2987 1
2979 84 1
2979 7237 1
2979 3491 1
2979 826 1
2979 2519 1
7349 4537 1
6436 686 1
1218 1714 1
1218 1409 1
7369 7299 1
7369 6871 1
929 6797 1
929 3311 1
929 4116 1
929 7427 1
929 6698 1
6977 1933 1
6977 7048 1
6977 3026 1
3614 4010 1
1639 2676 1
1639 3862 1
2476 4302 1
2160 5908 1
5838 43 1
5838 6508 1
5838 7326 1
5838 2845 1
5838 4415 1
1612 397 1
6429 5467 1
5557 6183 1
5557 6073 1
5557 743 1
5557 1030 1
4077 351 1
6126 6877 1
3930 6691 1
3930 3648 1
6055 5995 1
4071 3850 1
4071 6474 1
4071 4900 1
4071 1753 1
838 2496 1
838 7535 1
838 1387 1
838 5424 1
3155 3370 1
6614 3029 1
3547 6568 1
3547 5095 1
3547 6833 1
3547 2115 1
3547 7579 1
3547 5151 1
3283 5102 1
2270 1082 1
2270 5446 1
2270 6845 1
2270 6621 1
2270 436 1
2270 7448 1
2270 5465 1
2270 6737 1
2270 6742 1
2270 2444 1
2899 6036 1
387 423 1
387 5564 1
387 6761 1
387 2044 1
6276 2970 1
6276 6233 1
6276 3195 1
6276 585 1
6276 4408 1
130 3358 1
130 904 1
130 5103 1
130 2765 1
130 3952 1
130 7041 1
130 6400 1
130 7265 1
1368 3766 1
1368 6520 1
1368 2866 1
1368 7488 1
1368 2517 1
1368 7045 1
1368 7039 1
1368 3338 1
1368 2318 1
1368 7443 1
1368 2272 1
1368 3843 1
1368 5492 1
1368 574 1
1368 5832 1
1368 2367 1
1368 2064 1
1368 2089 1
1368 96 1
1368 3091 1
2440 3646 1
2440 64 1
6805 3587 1
5416 6717 1
956 493 1
696 747 1
696 672 1
7386 840 1
6682 2745 1
6416 1104 1
1672 7109 1
3540 2079 1
3540 2656 1
3540 2183 1
4553 1273 1
3695 2078 1
6341 1470 1
6341 2080 1
6341 7528 1
3399 6666 1
5035 6116 1
5035 2329 1
5035 2409 1
5035 6711 1
5035 6060 1
3950 1091 1
3950 1802 1
3950 3681 1
3950 1510 1
3950 1565 1
3950 4211 1
3950 3306 1
4512 6779 1
5315 7492 1
3745 2359 1
6442 6974 1
1352 1040 1
4607 3892 1
2552 3015 1
1918 2460 1
1918 7080 1
1918 2843 1
1918 4623 1
4621 5258 1
4621 2913 1
4621 1488 1
4621 1653 1
4621 6814 1
4621 2493 1
4621 191 1
4621 4986 1
2705 7583 1
5360 2032 1
5360 2319 1
2942 2544 1
3175 4013 1
3175 3177 1
3175 5502 1
29 7169 1
2546 7220 1
2546 6274 1
2839 4042 1
6719 5793 1
35 2830 1
35 1417 1
35 2944 1
35 3080 1
35 7112 1
6305 2316 1
7148 1459 1
3002 5590 1
7162 3499 1
19 5375 1
2128 2295 1
7198 5792 1
3774 2609 1
3319 544 1
3319 6397 1
3319 247 1
970 2448 1
5309 6437 1
5362 6235 1
5362 1627 1
5362 6683 1
5362 550 1
2023 3431 1
7175 2883 1
2388 5371 1
3865 1541 1
6748 6612 1
6179 6469 1
837 7124 1
1739 2660 1
6933 5638 1
6990 4784 1
6990 6936 1
6990 4308 1
6990 2993 1
6990 3492 1
6990 5372 1
3166 3270 1
3166 1965 1
3166 6128 1
3166 1227 1
3166 7486 1
3166 607 1
3166 2885 1
3166 650 1
3166 4277 1
3166 5776 1
3166 3793 1
3166 1588 1
3166 395 1
3391 1932 1
3391 6507 1
3391 489 1
3391 6604 1
3391 3493 1
3391 1061 1
3391 4955 1
3391 6919 1
3391 1348 1
3391 1292 1
3391 92 1
3391 6490 1
3391 4254 1
3391 5827 1
3391 7212 1
3391 729 1
3391 5784 1
3391 5481 1
3391 2490 1
3391 4516 1
3391 4552 1
3391 3990 1
3391 2977 1
3391 1497 1
3391 1360 1
3391 4569 1
3391 5141 1
3108 939 1
1199 3115 1
4576 4268 1
5433 3464 1
6365 1064 1
3101 2290 1
3101 3124 1
5987 695 1
5987 6471 1
5987 3505 1
5987 1349 1
5987 865 1
5987 3800 1
5987 3399 1
2356 7484 1
3742 4092 1
3742 3188 1
3742 2261 1
3742 1125 1
3742 2700 1
3742 4014 1
3742 225 1
3742 4640 1
3742 1304 1
3742 1235 1
3742 4705 1
3742 4681 1
1262 5529 1
1262 4668 1
1262 6961 1
1262 7428 1
1262 6570 1
1262 4300 1
1262 3434 1
1262 21 1
1262 1002 1
1753 5252 1
1753 109 1
1753 4452 1
1753 2151 1
1753 68 1
1753 1740 1
1753 1961 1
1753 3662 1
1753 5005 1
1753 3198 1
1753 7004 1
1753 7318 1
1753 959 1
1753 4733 1
1753 6081 1
1753 419 1
1753 2773 1
1753 1081 1
1753 773 1
1753 3611 1
1753 158 1
1753 4131 1
1753 5456 1
1753 4479 1
1753 6895 1
1753 2840 1
1753 5914 1
1753 6856 1
1753 512 1
1753 2767 1
1753 5023 1
1753 3131 1
1753 2803 1
1753 626 1
1753 6357 1
1753 2222 1
1753 4366 1
1753 1531 1
4549 2440 1
5011 7512 1
3970 5197 1
7423 6217 1
7423 6287 1
7423 4933 1
7423 7310 1
7423 5018 1
7423 162 1
7423 2810 1
7423 320 1
7423 6574 1
7423 2214 1
1186 1765 1
1186 465 1
1186 1098 1
1186 1939 1
1186 1697 1
1186 674 1
1186 812 1
1186 6353 1
1186 618 1
3063 6908 1
1073 2545 1
1073 7178 1
3690 1189 1
4081 164 1
5547 4217 1
5547 2639 1
5547 896 1
5547 833 1
5547 6767 1
5547 1071 1
5547 7278 1
5547 155 1
5547 2884 1
5547 319 1
5547 5029 1
5547 5903 1
5547 2712 1
6059 5243 1
6291 468 1
251 3004 1
2468 7336 1
7201 2362 1
7201 6178 1
7201 6954 1
7201 5373 1
7201 4093 1
7201 5200 1
7201 3017 1
7201 6608 1
7201 3703 1
7201 6495 1
3050 4577 1
3050 5468 1
3556 920 1
3556 2060 1
3556 3293 1
3556 7500 1
3556 835 1
3556 6935 1
3556 6630 1
3556 1899 1
3556 2641 1
7285 541 1
3265 3378 1
3265 1019 1
3265 7287 1
3265 2426 1
3265 5923 1
3265 6030 1
3265 42 1
455 4350 1
455 996 1
455 2838 1
455 3596 1
7409 943 1
6660 2751 1
6510 3553 1
1069 2188 1
3715 3653 1
2403 3099 1
2403 4055 1
2403 4568 1
2403 6377 1
2403 2594 1
2403 2231 1
2403 1987 1
2403 1711 1
2403 6530 1
2403 4289 1
2403 6063 1
2403 2442 1
2403 5262 1
2927 3519 1
2860 5668 1
2860 1640 1
2860 6270 1
410 1893 1
576 48 1
576 1757 1
576 5081 1
1806 1477 1
1806 6160 1
1806 7435 1
1806 1764 1
1806 4656 1
1806 4437 1
1806 6846 1
1806 1701 1
2973 4051 1
2973 7083 1
2973 6150 1
2973 3352 1
2973 6927 1
2973 1635 1
2973 3292 1
2973 1034 1
2973 4232 1
2973 2805 1
2973 5674 1
2973 4954 1
2973 4103 1
2973 7193 1
2973 4530 1
2973 7385 1
2973 598 1
2973 960 1
2973 6953 1
2973 3446 1
2973 5798 1
2973 3478 1
2973 2685 1
5324 3207 1
5324 5422 1
5324 915 1
5324 72 1
1888 2821 1
1888 1181 1
1888 6327 1
3347 5320 1
3936 165 1
3936 727 1
3936 4624 1
3736 958 1
3736 7331 1
5734 518 1
3033 6613 1
3033 2743 1
3033 1502 1
5240 4836 1
1412 4120 1
1412 613 1
1084 5072 1
1084 6712 1
1084 6303 1
4789 2082 1
4789 4874 1
4789 4801 1
4789 7546 1
4789 537 1
4789 4730 1
4789 1118 1
4789 4822 1
4789 3248 1
4789 1065 1
63 6111 1
63 4775 1
63 4713 1
63 4743 1
63 180 1
3056 1720 1
3056 5503 1
5330 207 1
5330 1159 1
5330 2340 1
5330 4937 1
5301 6387 1
1471 7594 1
2022 1847 1
5744 4218 1
2064 986 1
3883 3525 1
6494 2730 1
937 2854 1
1554 2538 1
3526 6563 1
1771 6962 1
7498 4162 1
7498 7029 1
1751 6807 1
5322 5880 1
5322 2744 1
3165 694 1
2992 1332 1
5472 1043 1
5472 3318 1
5472 2929 1
5472 5671 1
5016 5731 1
3953 7608 1
2015 4324 1
1520 1955 1
1520 7541 1
200 4616 1
200 3143 1
157 4670 1
4411 238 1
4411 1452 1
4411 7228 1
4411 6341 1
3551 7389 1
2938 6823 1
6693 4556 1
6693 3154 1
6693 6999 1
6693 4022 1
6693 3924 1
6693 3665 1
6693 4620 1
6693 5479 1
6693 2045 1
6020 7133 1
3393 144 1
4 4018 1
5259 3391 1
6167 6969 1
6167 2150 1
6167 5511 1
6167 1248 1
2480 5805 1
4649 4816 1
4649 2291 1
4649 1109 1
4649 682 1
5113 2118 1
5846 1658 1
6342 7472 1
1972 4228 1
3945 5085 1
3945 5597 1
3945 2423 1
4701 3275 1
4701 6928 1
1130 2708 1
1130 1526 1
1130 6147 1
1130 7111 1
5256 3203 1
5256 817 1
3652 1136 1
3652 7355 1
1330 5894 1
1330 255 1
1330 7232 1
1330 967 1
1330 3770 1
1330 281 1
1330 5889 1
433 5341 1
433 2436 1
433 2703 1
433 4494 1
433 5461 1
6189 4240 1
6189 7335 1
6189 3644 1
6189 306 1
6189 5941 1
6189 4201 1
6189 2439 1
7306 3535 1
7306 4349 1
7306 5057 1
7397 4567 1
7397 1004 1
7397 3828 1
7397 4808 1
4248 933 1
822 578 1
965 6920 1
7051 1243 1
5979 6419 1
5979 3121 1
6678 7418 1
6678 5091 1
5078 3245 1
5078 83 1
5078 4227 1
5078 5717 1
5078 4987 1
5078 4034 1
2304 2395 1
4757 1055 1
4757 4125 1
4757 887 1
4757 1184 1
4757 4739 1
4757 7050 1
4757 2312 1
4757 1029 1
4757 63 1
4757 7489 1
3104 4898 1
3669 2585 1
3669 3109 1
7164 1796 1
7164 5607 1
6187 5267 1
6187 4761 1
508 5178 1
4053 300 1
4053 1749 1
4053 1792 1
4053 1618 1
1266 6637 1
5867 4506 1
1259 1624 1
6441 1501 1
3840 2694 1
5203 2392 1
5203 5339 1
5203 4428 1
2345 5065 1
4780 1838 1
2306 3052 1
910 1797 1
910 6521 1
910 1056 1
6861 256 1
6835 3907 1
14 1036 1
195 5125 1
195 4772 1
195 5409 1
195 6892 1
3853 6965 1
3651 3790 1
3409 156 1
1629 45 1
1629 2030 1
1629 2348 1
1629 3332 1
1629 7101 1
1629 6375 1
1629 3713 1
1629 4170 1
1629 7576 1
1629 1521 1
1629 7339 1
1629 6025 1
1629 7033 1
1629 4052 1
1767 6352 1
5537 5655 1
1097 4217 1
6585 7436 1
6585 6851 1
6585 663 1
6585 2051 1
6585 1021 1
6585 6746 1
6585 5631 1
3974 222 1
3974 2808 1
3974 2489 1
3974 4660 1
3974 788 1
3974 1153 1
213 4854 1
6227 5779 1
6227 7270 1
6227 2334 1
2237 1777 1
2168 1121 1
3708 2253 1
3320 6236 1
2811 2624 1
2811 2161 1
2811 7106 1
2811 2894 1
2811 7177 1
311 3704 1
3478 659 1
3478 369 1
3478 5242 1
3478 5534 1
3478 848 1
3478 4336 1
3478 689 1
3478 7297 1
6857 6455 1
6857 4404 1
2696 7042 1
4867 1038 1
4867 756 1
4867 3411 1
2704 4856 1
4575 2364 1
3100 3846 1
2754 4742 1
2754 588 1
2754 6007 1
2754 2793 1
2754 5910 1
4705 3323 1
4705 7274 1
4705 2897 1
6120 5685 1
65 4574 1
1891 2307 1
1891 1752 1
1891 4769 1
6360 6024 1
6789 2510 1
5389 4113 1
113 3385 1
951 1810 1
951 2815 1
1516 6544 1
1516 6734 1
1516 4625 1
1516 1771 1
7235 2542 1
7235 4152 1
5345 5888 1
5345 7253 1
5345 6781 1
5345 1539 1
3222 651 1
6386 1453 1
6450 6219 1
3734 4686 1
5721 1092 1
5721 2001 1
6491 601 1
5468 6231 1
5491 2144 1
5491 6619 1
5491 5017 1
5491 6578 1
6667 5752 1
6923 6730 1
7608 4202 1
658 4519 1
2526 5879 1
2526 6575 1
2526 4692 1
2526 2332 1
5842 983 1
2119 547 1
3112 4368 1
3112 3415 1
3112 1941 1
3112 4058 1
3112 3185 1
3112 112 1
3112 5206 1
3112 294 1
3112 5056 1
3366 4193 1
4186 6956 1
4186 1566 1
4276 683 1
4834 3504 1
6790 4992 1
3221 1137 1
7055 6786 1
2584 4947 1
2584 5718 1
5281 2757 1
2858 5457 1
2858 203 1
2858 4571 1
2858 2036 1
2858 2536 1
2858 5982 1
2858 1157 1
4476 4153 1
6586 4754 1
6586 5755 1
509 2545 1
1927 6872 1
1927 5711 1
1927 2928 1
1927 6910 1
1353 189 1
1631 6451 1
824 6980 1
6330 7548 1
49 5396 1
834 2372 1
2427 1585 1
2427 6144 1
2427 7128 1
2427 703 1
4753 2000 1
3601 1558 1
7393 852 1
7426 1336 1
7426 890 1
7066 2834 1
2012 194 1
7392 3122 1
7392 675 1
7294 1613 1
7294 6177 1
7294 1664 1
7294 7077 1
7294 4952 1
7294 1738 1
7294 1041 1
7294 2963 1
7294 1520 1
7294 6661 1
7294 3295 1
108 2216 1
4438 1373 1
1641 7250 1
1641 3468 1
5108 1586 1
302 5224 1
6083 5337 1
3037 6615 1
1263 4850 1
1263 74 1
6620 679 1
1801 1513 1
1801 7194 1
1413 3698 1
2690 3268 1
2690 1860 1
2690 4261 1
2690 4499 1
2690 2681 1
2107 3627 1
2107 4728 1
2107 1244 1
2107 2714 1
2107 4826 1
2107 2608 1
2107 4128 1
2107 2412 1
2107 5238 1
5302 3722 1
5302 5737 1
5302 3445 1
5302 6454 1
5302 1794 1
5302 3809 1
5302 2089 1
5302 5071 1
447 4068 1
1833 1475 1
1833 6463 1
1833 4869 1
1833 2606 1
1833 178 1
1833 790 1
1833 3315 1
1833 7327 1
1833 4133 1
1833 5778 1
1833 1008 1
1833 7354 1
1833 4439 1
1833 7321 1
1833 5145 1
1833 1774 1
1833 3494 1
1833 4707 1
1645 4824 1
1645 4331 1
1645 2868 1
2020 2131 1
4260 122 1
4260 798 1
2771 1066 1
2771 5500 1
5594 2593 1
3776 2038 1
3081 1379 1
4500 6 1
4500 2190 1
4500 262 1
4337 5788 1
4337 3389 1
4337 3993 1
4337 7108 1
4337 5768 1
1148 3107 1
6841 1863 1
1005 1515 1
2269 3377 1
2269 6671 1
2269 5463 1
7172 1964 1
5953 3386 1
5953 1527 1
5968 2474 1
5968 1737 1
5968 16 1
5968 6858 1
5968 6290 1
5968 7082 1
6661 3991 1
6661 2980 1
6661 4144 1
6661 7497 1
6661 3141 1
6661 7602 1
6661 3740 1
6661 2225 1
7249 5553 1
4615 1298 1
4615 1393 1
4615 4084 1
4615 5347 1
4615 7035 1
4615 7030 1
2323 2081 1
2323 5012 1
2323 5633 1
2323 75 1
2323 275 1
2323 5573 1
2323 7020 1
2323 632 1
2323 2583 1
2323 3326 1
2323 6855 1
2323 4994 1
475 6021 1
322 4615 1
5806 5864 1
5806 5437 1
5806 6008 1
2136 5873 1
1830 3403 1
3757 5077 1
5889 5179 1
5889 7040 1
5889 4396 1
2948 4179 1
3598 5766 1
3598 5834 1
3598 5079 1
6680 2937 1
6680 562 1
6680 3196 1
6680 4203 1
6680 6511 1
6680 234 1
6680 4142 1
5219 6971 1
5219 1997 1
5219 2550 1
5219 3860 1
5219 4019 1
5219 3223 1
5219 7293 1
5219 380 1
5219 5650 1
6243 5966 1
6941 1316 1
7573 2403 1
7573 5302 1
1361 3755 1
1361 7348 1
1361 5387 1
5384 4001 1
5384 7073 1
5384 5322 1
1935 4448 1
1935 4236 1
1935 1732 1
1935 7356 1
7156 2835 1
1009 3823 1
1009 3197 1
2986 6191 1
2986 6392 1
2986 2346 1
961 2181 1
961 3813 1
3881 559 1
1248 4554 1
1248 4309 1
1248 4043 1
1248 692 1
1248 4714 1
1248 7607 1
1248 305 1
1147 5531 1
1147 2969 1
2559 3618 1
2559 5681 1
2559 2066 1
2559 5562 1
2559 2495 1
2559 2294 1
6351 7140 1
6351 7513 1
6351 5000 1
5327 343 1
5878 3571 1
5222 5912 1
2027 1119 1
2027 2490 1
7186 5083 1
7186 3963 1
7186 2879 1
7186 2354 1
7186 5675 1
7186 3241 1
5245 1017 1
5245 3560 1
5245 6194 1
1907 1642 1
7299 2728 1
4001 5856 1
2520 5480 1
2520 1167 1
2520 1616 1
2520 5063 1
5376 4139 1
3089 3224 1
463 2196 1
7568 5247 1
1920 6752 1
3152 2784 1
3152 6051 1
5139 381 1
5139 6743 1
5139 1397 1
6783 2601 1
6783 2037 1
6783 1337 1
6783 6319 1
6783 2454 1
6527 2785 1
1544 7005 1
3871 4912 1
3871 4851 1
2569 6567 1
2569 5266 1
2569 57 1
2569 734 1
2569 1626 1
2569 1439 1
7365 7341 1
7365 4809 1
7365 3211 1
1506 441 1
1506 6374 1
1506 6138 1
1506 2140 1
1506 4752 1
3519 754 1
90 2809 1
1289 7149 1
1289 2301 1
1289 2917 1
1289 379 1
2151 7011 1
3311 499 1
3311 5575 1
3311 4208 1
3311 3688 1
3311 3538 1
3311 4311 1
3311 4525 1
3311 3935 1
3311 139 1
3311 2604 1
3311 4194 1
3311 7233 1
3311 6825 1
3311 1112 1
3311 6644 1
3311 5810 1
3311 5329 1
3311 3506 1
3311 2327 1
3311 5535 1
3311 1840 1
1238 6679 1
776 5612 1
7026 3593 1
7026 6688 1
7026 6344 1
7026 530 1
7026 6663 1
7026 6260 1
7026 4513 1
6098 5051 1
6685 6369 1
6685 6901 1
4298 697 1
4298 478 1
7505 652 1
1991 3584 1
6514 4480 1
6514 7099 1
6514 7074 1
6514 187 1
6514 1536 1
6514 5636 1
6514 2396 1
6514 4561 1
6514 3786 1
4675 2173 1
4675 975 1
4675 4974 1
4675 1926 1
4675 6218 1
4675 2796 1
4675 3951 1
4675 128 1
4675 3006 1
4675 7441 1
4675 1846 1
4675 3670 1
4675 6824 1
4675 3208 1
4675 5774 1
4675 2289 1
4675 6576 1
4675 3144 1
4675 684 1
4675 813 1
4675 5918 1
4675 2717 1
4675 843 1
4675 6900 1
4675 3548 1
4675 1688 1
918 5049 1
547 6848 1
6871 6210 1
1406 5377 1
1406 1841 1
1406 4953 1
669 3912 1
2034 5882 1
702 794 1
702 1295 1
826 2975 1
6798 5605 1
2243 4805 1
2243 7507 1
2291 5495 1
5569 6593 1
5569 1556 1
2864 6628 1
2775 1011 1
5215 717 1
870 2635 1
870 913 1
6418 980 1
841 3471 1
841 6284 1
841 4006 1
841 5645 1
3555 6123 1
3555 6269 1
941 1264 1
941 3392 1
941 228 1
941 3054 1
941 3661 1
941 1504 1
941 312 1
941 6726 1
941 6960 1
941 1963 1
941 273 1
941 4758 1
941 4078 1
941 1054 1
941 3240 1
941 3895 1
941 4697 1
5559 199 1
5559 3218 1
7346 7605 1
7346 5877 1
3469 5890 1
5192 3628 1
6634 4843 1
7006 2191 1
7006 2595 1
7517 3762 1
7004 6562 1
1500 3335 1
6800 1197 1
6800 6044 1
4021 7455 1
4021 2455 1
4021 6854 1
4021 4230 1
4021 7284 1
4021 2812 1
6368 2962 1
6368 1560 1
5940 2284 1
5940 6040 1
968 5357 1
968 7399 1
2161 590 1
2161 4453 1
3804 4171 1
4908 2141 1
4964 1636 1
5106 6939 1
5106 3291 1
5106 2769 1
5106 6309 1
5106 206 1
5106 6785 1
5106 5002 1
5106 1355 1
5106 6664 1
5106 1775 1
7123 1583 1
1660 2193 1
2150 2180 1
2150 2719 1
2035 6844 1
2989 420 1
2989 4682 1
2989 853 1
2989 1949 1
2989 2389 1
1202 4195 1
3483 2996 1
4483 5686 1
4483 6638 1
4483 1550 1
3087 6325 1
3729 7118 1
3729 6745 1
4857 2053 1
4589 6156 1
4589 2459 1
1392 1072 1
3407 4079 1
2694 1879 1
462 2575 1
462 4517 1
7116 13 1
7116 4033 1
7116 954 1
815 3767 1
5109 3845 1
5109 5066 1
5530 1788 1
5530 3220 1
6696 478 1
7025 818 1
3356 3894 1
6987 6288 1
4795 2090 1
1334 6384 1
6247 4759 1
774 5626 1
1156 4528 1
1156 990 1
3779 2449 1
6324 3863 1
2847 3623 1
637 3344 1
1906 3022 1
1731 6811 1
5176 4646 1
1530 1111 1
1530 1088 1
2763 2579 1
2763 3815 1
6058 6741 1
327 7184 1
1226 1616 1
1226 4763 1
3443 6537 1
4861 3532 1
4861 6466 1
4773 7477 1
2888 3858 1
2888 1756 1
2888 1679 1
2888 3406 1
2888 5697 1
365 1713 1
1119 1101 1
5476 4991 1
5476 7577 1
5476 6005 1
5476 179 1
1817 3635 1
6146 5672 1
3992 6750 1
3992 2201 1
3992 5892 1
6942 6311 1
2263 872 1
2779 3083 1
2779 437 1
2746 1245 1
2746 6103 1
5600 5273 1
5600 427 1
2913 5047 1
6181 5369 1
6076 6310 1
4750 1687 1
3498 554 1
3498 1582 1
3498 1296 1
2709 5895 1
579 4419 1
7039 3286 1
1849 4317 1
559 1032 1
1445 7432 1
4047 5021 1
1929 5962 1
914 5443 1
1820 832 1
421 1519 1
421 145 1
421 6067 1
421 1280 1
421 5950 1
421 6860 1
390 4637 1
4504 5305 1
4504 2212 1
4504 4284 1
162 458 1
865 4045 1
4326 3608 1
4326 4511 1
4326 6264 1
4918 4290 1
1083 4388 1
1653 3301 1
2622 4811 1
2622 2524 1
2622 1429 1
3312 728 1
5655 3885 1
1001 7002 1
3862 4485 1
725 5300 1
1450 5782 1
7053 3369 1
932 292 1
6538 3714 1
6538 4891 1
6538 3780 1
764 3243 1
1659 301 1
644 1998 1
644 3280 1
644 4572 1
644 7146 1
4432 2394 1
6890 7337 1
6890 6493 1
6890 3020 1
6890 3775 1
5863 5156 1
5863 5840 1
5863 4060 1
5863 4050 1
5863 6043 1
7214 5410 1
899 5885 1
899 6629 1
899 384 1
533 3176 1
533 7150 1
533 4334 1
533 1778 1
533 3010 1
4054 6725 1
8 2666 1
8 6887 1
8 2549 1
8 3242 1
1158 1742 1
1158 4684 1
1158 564 1
1158 1404 1
22 4845 1
4906 2293 1
4906 4591 1
4906 7451 1
4906 5090 1
1559 3796 1
1559 7529 1
6008 3922 1
6008 3398 1
6193 3204 1
2851 7588 1
2851 4721 1
5 7290 1
2582 4919 1
6587 177 1
6587 170 1
6587 5513 1
6587 4941 1
6587 1895 1
6587 141 1
6587 4251 1
6587 724 1
6587 3412 1
6587 6465 1
6587 551 1
6587 7374 1
6587 5314 1
6587 6523 1
6587 1127 1
6587 3709 1
6587 1313 1
2018 7456 1
6548 2381 1
6461 6467 1
6461 3921 1
6461 3888 1
6461 3130 1
2817 4716 1
1126 708 1
5859 6796 1
5859 6687 1
5859 2755 1
4219 2171 1
4219 5625 1
1677 4216 1
1677 5181 1
6928 5282 1
1060 2650 1
1060 7509 1
1060 6201 1
3371 5082 1
3371 638 1
3371 5556 1
3371 5274 1
3371 6207 1
3371 1179 1
6814 2152 1
6814 2697 1
6400 5167 1
3566 4115 1
5964 6631 1
5964 1163 1
4748 4099 1
4748 4304 1
7073 2577 1
7415 4160 1
953 5494 1
953 7283 1
953 1050 1
953 7527 1
953 6755 1
7526 2605 1
2177 7229 1
2617 2659 1
2617 3727 1
1116 3830 1
2850 3287 1
7293 1755 1
20 5959 1
12 3263 1
227 4803 1
2625 7079 1
1670 5291 1
3615 2896 1
7246 4184 1
7246 7138 1
2608 4618 1
3547 2916 1
2270 5988 1
387 2186 1
6276 3243 1
3717 4183 1
1281 5756 1
3950 3638 1
3950 2091 1
1918 1167 1
35 4422 1
3319 3592 1
970 5796 1
970 6480 1
7276 4126 1
7276 4367 1
6990 2965 1
6990 3908 1
3166 7008 1
3166 278 1
3166 441 1
3166 4196 1
3391 856 1
3391 3784 1
4576 847 1
4576 6186 1
4576 5504 1
4576 622 1
4576 6934 1
4576 4703 1
5987 3922 1
5987 1362 1
5987 6906 1
3742 7561 1
1753 1814 1
1753 4355 1
1753 4008 1
1753 7551 1
1753 2801 1
1753 7013 1
7423 1020 1
1186 3503 1
5547 1467 1
5547 7125 1
5547 3294 1
7201 2005 1
3050 3424 1
3050 308 1
3050 3778 1
3050 4488 1
3050 6964 1
3050 1996 1
3050 1532 1
3050 5451 1
3050 3484 1
3050 3209 1
3050 6946 1
3050 3986 1
3050 5233 1
3050 2096 1
3050 388 1
3050 1208 1
3050 1908 1
3050 3117 1
3050 2342 1
3556 5549 1
3556 5169 1
3556 4978 1
3556 193 1
3265 414 1
3265 1389 1
3265 1758 1
127 3939 1
6706 3795 1
2403 1194 1
2403 4127 1
1806 219 1
2973 6687 1
2973 1482 1
2973 4345 1
5324 7391 1
3137 1314 1
4789 1886 1
63 3360 1
1771 1426 1
6693 1271 1
6693 66 1
356 583 1
7306 5690 1
7397 3737 1
6451 6780 1
842 7483 1
5078 4023 1
5078 7225 1
5078 4117 1
3669 1910 1
1265 3341 1
1629 2467 1
6227 2165 1
2811 4893 1
3478 2603 1
3478 882 1
3478 450 1
4705 4540 1
7235 135 1
7235 5510 1
7235 7396 1
7235 1514 1
5345 1528 1
5468 2208 1
5491 407 1
4276 2655 1
5302 1607 1
5302 3878 1
4382 2065 1
447 6801 1
447 10 1
447 6624 1
1833 474 1
2771 4231 1
2771 1195 1
2771 2200 1
4337 7532 1
4337 4017 1
2323 6738 1
2323 1661 1
2323 7063 1
2323 6889 1
2323 5785 1
2323 1831 1
6680 7185 1
2926 5545 1
2986 7332 1
2986 6349 1
4245 7431 1
1248 1562 1
1248 143 1
1248 7009 1
2559 2640 1
2559 6820 1
6351 760 1
6351 6254 1
6351 106 1
6351 6978 1
7186 2159 1
5245 7308 1
5245 6099 1
5245 2175 1
5245 5932 1
5245 5606 1
5245 2315 1
5245 640 1
5245 2819 1
5245 4943 1
3741 1529 1
6556 1075 1
520 3152 1
7291 6955 1
5131 2220 1
1662 7123 1
2109 4596 1
5328 6091 1
1239 6402 1
1239 132 1
1239 6639 1
5026 6903 1
1463 1274 1
1463 5940 1
1463 5837 1
1463 1130 1
5967 4806 1
97 1632 1
97 3513 1
6333 2709 1
6333 4915 1
6333 4523 1
5130 1307 1
2465 339 1
2465 573 1
2385 6561 1
5990 4429 1
6090 4390 1
160 6584 1
6105 3893 1
7478 4830 1
7478 5403 1
4214 6157 1
6475 7378 1
6192 5204 1
6192 3133 1
3447 4272 1
7519 2622 1
1380 5166 1
6449 1232 1
6449 4789 1
6174 5580 1
7134 5580 1
6632 4615 1
7179 6672 1
7179 5034 1
7179 2401 1
4767 4816 1
4767 1735 1
4767 4589 1
4767 5035 1
2335 2611 1
1973 2286 1
555 6422 1
555 6990 1
2297 163 1
5134 5094 1
5134 4666 1
5134 5418 1
6337 781 1
6162 3364 1
6162 5547 1
3012 5401 1
3899 1252 1
5660 4280 1
5126 4253 1
1924 1059 1
1924 4193 1
5253 5554 1
2661 1143 1
2780 6716 1
2875 7199 1
3257 6408 1
3257 5203 1
4351 60 1
4351 4129 1
499 885 1
6885 360 1
3458 6041 1
1110 1761 1
7154 3668 1
6763 1649 1
5283 4337 1
1176 3699 1
4083 6622 1
4083 524 1
5543 4347 1
5543 2950 1
942 3137 1
5673 4364 1
61 533 1
1934 2370 1
6580 2790 1
7556 2729 1
4376 2157 1
7587 2344 1
6209 5379 1
5575 5913 1
5575 2509 1
5575 5623 1
5575 6247 1
5575 7372 1
5575 6373 1
6762 720 1
6760 5215 1
6760 462 1
6760 365 1
6760 946 1
6760 5430 1
7329 423 1
27 2391 1
3452 7415 1
6267 3666 1
4258 7469 1
3200 6248 1
2733 1508 1
1096 5863 1
5841 1022 1
6017 3961 1
6017 3348 1
7398 552 1
7398 1423 1
7398 4097 1
7398 2997 1
7398 7306 1
151 5052 1
667 48 1
1828 7246 1
2923 6810 1
2264 7252 1
3345 422 1
2778 3072 1
5712 1727 1
2326 1122 1
6149 479 1
2668 2170 1
3749 3574 1
430 7159 1
430 7052 1
1654 310 1
3466 3356 1
5786 4373 1
2126 1849 1
482 846 1
6165 2404 1
1047 7474 1
7446 286 1
6658 4298 1
6673 2616 1
7160 5223 1
5736 2770 1
7358 4143 1
4501 7524 1
3706 5947 1
3706 1178 1
5920 6118 1
861 4085 1
34 4923 1
449 6418 1
6729 7347 1
2492 2506 1
1691 1670 1
1923 3746 1
6557 2365 1
6557 750 1
1093 6504 1
7060 6685 1
3435 1145 1
1207 2275 1
5997 386 1
1187 3125 1
5713 514 1
6285 6378 1
6285 4587 1
7305 890 1
2882 7119 1
3384 2626 1
2912 7320 1
2599 2760 1
3079 1001 1
3079 8 1
5746 1493 1
5746 266 1
5746 4270 1
655 3050 1
1026 3336 1
7181 688 1
6817 4969 1
405 6722 1
405 5896 1
5431 3807 1
5431 4543 1
5431 5014 1
5431 3576 1
5431 6706 1
6552 3889 1
209 878 1
6261 2931 1
4109 2227 1
4109 447 1
7547 6097 1
1472 5398 1
2244 970 1
6821 1201 1
7545 6951 1
7545 7558 1
7545 3192 1
7545 5750 1
4744 978 1
4744 313 1
851 6832 1
666 3650 1
666 5905 1
7429 2382 1
3046 3383 1
7098 1981 1
125 4423 1
125 1860 1
6003 147 1
1326 5055 1
5497 4338 1
5497 362 1
5497 2759 1
5497 4332 1
7462 1370 1
5558 3851 1
3074 1422 1
5033 3164 1
7496 5762 1
7496 7603 1
5723 5852 1
4442 1861 1
5230 776 1
1936 6203 1
3958 1275 1
217 786 1
274 918 1
3975 4931 1
6988 88 1
6988 1551 1
7371 4735 1
7371 4576 1
5250 3470 1
5250 5058 1
1010 5726 1
1220 5132 1
4884 5964 1
7420 4875 1
120 7314 1
2734 2746 1
2734 1174 1
2734 2267 1
2734 1281 1
2734 3742 1
2734 1833 1
5614 4876 1
5499 4727 1
476 1745 1
7191 5857 1
1261 1262 1
6653 5765 1
6944 1954 1
7142 776 1
2259 1147 1
4644 3251 1
4644 5757 1
2828 332 1
2828 5324 1
5596 6975 1
6564 4711 1
2097 2214 1
820 2214 1
2111 3149 1
3030 2976 1
3030 763 1
7539 7370 1
7539 2687 1
7010 4307 1
7010 6034 1
3783 6443 1
3783 3488 1
7034 2085 1
6462 2085 1
428 3826 1
6446 2921 1
1213 3477 1
5394 340 1
6968 421 1
3405 673 1
3405 2324 1
2673 7236 1
2376 6774 1
4467 2842 1
1811 4032 1
6468 767 1
7292 459 1
4794 909 1
4794 1535 1
4794 4629 1
4794 3064 1
5542 6514 1
2971 5682 1
5855 6840 1
5872 6268 1
6136 721 1
1449 1358 1
333 6852 1
2235 5744 1
962 3582 1
5084 1628 1
2715 1806 1
4726 350 1
4384 417 1
6364 7304 1
2361 4667 1
30 5498 1
1376 6847 1
3688 5454 1
3688 6979 1
2104 6837 1
3777 7411 1
3777 6379 1
828 5469 1
4542 3561 1
2054 2281 1
6242 2281 1
3568 1976 1
4944 2425 1
4944 3498 1
5627 4906 1
5587 356 1
5587 1555 1
4012 3600 1
2204 5501 1
3034 2219 1
52 6513 1
1440 627 1
3707 1999 1
3308 1935 1
2357 855 1
6970 2321 1
6739 1284 1
5807 1284 1
5462 572 1
1129 7057 1
1744 3061 1
152 421 1
5522 418 1
5522 4860 1
5522 7585 1
6973 1677 1
6973 2270 1
6973 1629 1
2903 7001 1
2535 5870 1
2658 6660 1
3424 6700 1
6066 1678 1
6066 7600 1
6623 936 1
4471 1437 1
1219 1545 1
2197 4762 1
394 1900 1
894 3729 1
894 4750 1
894 3171 1
1666 7276 1
577 4792 1
6079 2093 1
4983 6525 1
2515 716 1
338 3689 1
2203 3669 1
5689 3353 1
1214 1238 1
3070 6381 1
3014 82 1
7375 7480 1
69 5755 1
4641 1333 1
511 4995 1
1240 295 1
308 6023 1
1366 4605 1
1643 4765 1
1062 4132 1
3485 5710 1
1175 2586 1
5628 2870 1
4398 2924 1
3170 3566 1
7591 3060 1
6088 2827 1
5764 1860 1
4602 892 1
2508 4617 1
2787 1079 1
3328 2919 1
6085 2711 1
6085 4737 1
1572 1276 1
1572 4810 1
603 196 1
4491 5448 1
6764 3146 1
2932 3340 1
3058 2934 1
2058 7019 1
2058 19 1
4395 3276 1
3641 2964 1
3918 1083 1
3480 5593 1
3481 2844 1
7454 55 1
7454 994 1
625 6702 1
619 110 1
4892 2445 1
5586 1386 1
2308 37 1
7219 2950 1
168 4918 1
6307 5078 1
7450 6959 1
1844 7254 1
7592 709 1
6130 874 1
3388 3915 1
4865 3011 1
5349 641 1
529 3741 1
1128 258 1
7307 7464 1
2871 5954 1
7183 5544 1
3778 4427 1
95 4207 1
6294 438 1
6294 5246 1
737 4691 1
6994 6995 1
4213 3678 1
4213 6489 1
2470 1113 1
3570 7598 1
2095 227 1
4365 3612 1
4872 7366 1
2906 5040 1
3642 702 1
6061 3254 1
1465 4057 1
1457 7346 1
6426 6997 1
6039 3221 1
5989 5728 1
3111 5728 1
1676 297 1
1676 1920 1
1676 464 1
4902 5385 1
2922 2689 1
5395 3585 1
5839 922 1
3694 375 1
2892 3033 1
5565 4435 1
4229 2865 1
3387 3981 1
5999 6535 1
2574 4276 1
4976 3450 1
1669 6830 1
6477 4412 1
3486 5472 1
2341 185 1
857 7241 1
1027 3123 1
5797 4246 1
6976 6865 1
2629 6958 1
4294 3205 1
4855 7460 1
7003 195 1
3743 930 1
3266 644 1
7599 6078 1
2416 6015 1
3044 6942 1
3381 7102 1
1617 2652 1
7247 5729 1
5526 5202 1
3721 1511 1
3820 6398 1
6414 78 1
5386 6731 1
346 5680 1
7361 1085 1
4507 6343 1
4433 6146 1
6237 5632 1
7091 5046 1
6598 5417 1
1889 4861 1
6135 4704 1
7463 4145 1
1416 725 1
886 7226 1
451 2591 1
6280 841 1
7421 6137 1
6195 2328 1
6200 371 1
236 1637 1
6367 4159 1
6367 6396 1
46 4993 1
2478 920 1
3163 920 1
6022 5512 1
5970 7365 1
3773 3039 1
1524 6798 1
4738 3158 1
2607 5734 1
7373 2142 1
7554 963 1
7021 7202 1
1725 7115 1
2441 5649 1
4606 2671 1
2063 5875 1
5817 5875 1
5442 1186 1
5477 5559 1
5477 4164 1
5477 2410 1
7207 4064 1
5961 6152 1
4110 3992 1
1975 7540 1
6558 6783 1
6122 3805 1
5471 3505 1
3206 2701 1
3531 6054 1
7086 1116 1
5216 7244 1
1317 5353 1
4653 2224 1
5978 2569 1
412 4899 1
6776 2649 1
2675 685 1
3711 1414 1
3711 1255 1
5533 6984 1
2163 2910 1
6732 1704 1
1212 4111 1
3290 2567 1
483 6527 1
1862 3370 1
2573 5331 1
5162 1455 1
3479 1364 1
1786 1364 1
1857 488 1
7315 2174 1
860 2133 1
612 6879 1
116 325 1
3891 6966 1
6802 5248 1
3656 6440 1
3119 3019 1
7104 2768 1
7104 2811 1
768 2007 1
971 5106 1
4548 2413 1
4446 1405 1
4161 3903 1
7312 3903 1
2366 6199 1
2366 1559 1
1592 7343 1
5449 7499 1
715 3317 1
715 927 1
3042 5073 1
6143 2602 1
6124 2763 1
6878 6145 1
866 1401 1
3524 2850 1
5263 614 1
1573 3187 1
797 2651 1
7572 6648 1
2878 5209 1
4586 5354 1
5296 6328 1
5251 6196 1
2531 3904 1
3897 174 1
424 2086 1
1331 2580 1
1773 3898 1
1773 1707 1
1591 6723 1
1591 5569 1
4380 6326 1
4604 5388 1
1160 4432 1
1160 1891 1
1904 2274 1
3906 3552 1
1408 997 1
4328 2384 1
2039 4325 1
3305 3564 1
5367 5577 1
5630 6171 1
2933 3528 1
6640 1146 1
5822 676 1
3350 5338 1
7016 3644 1
1161 2644 1
3880 1253 1
1979 6098 1
5944 4887 1
5944 4671 1
498 3928 1
3884 1928 1
6093 2991 1
3429 4678 1
2145 5239 1
873 7110 1
2482 6587 1
6293 4593 1
4031 6452 1
1875 5748 1
705 6009 1
707 3514 1
6635 6406 1
4526 6911 1
2211 6202 1
3162 4838 1
6573 4040 1
2488 5828 1
1812 2402 1
5383 2967 1
7473 1885 1
584 925 1
4098 6056 1
6929 1540 1
2008 6245 1
5225 2935 1
2637 5284 1
4790 4603 1
4538 6211 1
2747 1450 1
2540 7419 1
1351 6188 1
5709 4521 1
6670 5226 1
4497 738 1
3569 6577 1
3569 4662 1
214 2001 1
7439 3643 1
5205 7261 1
6701 4210 1
1173 5642 1
1173 1984 1
7058 628 1
2596 1369 1
3102 1752 1
5637 3957 1
4996 3557 1
7324 3289 1
6649 2505 1
1652 1874 1
2707 2978 1
5485 3705 1
5406 3581 1
473 2539 1
6153 2722 1
4723 4430 1
1917 7277 1
1917 3803 1
4425 1454 1
7438 948 1
1988 6654 1
2336 2484 1
6874 3084 1
5425 1377 1
5425 5421 1
5588 3078 1
2487 259 1
4746 4005 1
1354 4059 1
5521 3073 1
5270 6596 1
5304 2497 1
3934 615 1
4394 4699 1
7364 5308 1
5949 4724 1
3716 6541 1
4173 7205 1
4841 5906 1
2415 4021 1
6943 6744 1
6943 2414 1
5268 6275 1
3674 1864 1
3425 2202 1
850 5450 1
5661 6232 1
3439 1315 1
2678 5376 1
1108 4557 1
6982 2205 1
7262 3763 1
7165 7000 1
7167 2682 1
6053 4457 1
3925 976 1
6826 6803 1
1911 6020 1
260 2283 1
3756 409 1
4498 7394 1
3374 6038 1
4065 2864 1
2662 3440 1
5171 2106 1
36 1131 1
36 3870 1
3818 7147 1
5833 5447 1
5833 2257 1
1914 1772 1
4281 1931 1
3960 6002 1
2674 3799 1
1798 2237 1
4633 5190 1
1836 2779 1
4462 3201 1
4800 6222 1
4800 517 1
7171 2287 1
880 4181 1
3325 5801 1
6470 5488 1
2433 7088 1
4135 307 1
6912 6356 1
4426 5345 1
2613 867 1
561 669 1
765 7084 1
3416 2481 1
3324 3255 1
4371 2568 1
2338 7227 1
7351 180 1
7120 1438 1
1595 122 1
2443 272 1
3327 6368 1
4700 3333 1
6155 6676 1
6651 1567 1
678 1533 1
5946 3127 1
1608 3586 1
6551 945 1
2317 4773 1
3753 2154 1
6916 1660 1
2028 7504 1
5549 1950 1
3931 2407 1
1842 501 1
6588 3159 1
5691 6894 1
5936 4172 1
4544 3496 1
7593 2752 1
3120 5269 1
3511 1022 1
4840 5097 1
7017 504 1
3701 3744 1
950 3057 1
5532 4986 1
3288 5254 1
2630 3781 1
6345 2016 1
3821 4278 1
5716 481 1
5370 3232 1
233 4634 1
589 1748 1
7461 1710 1
2435 6519 1
6077 3817 1
5036 3719 1
2195 7135 1
1795 2485 1
5119 5838 1
1518 914 1
4048 3613 1
1356 1120 1
4555 1781 1
6208 6334 1
1424 5676 1
3418 3013 1
5881 646 1
1974 2371 1
2880 5860 1
2726 6205 1
4910 429 1
334 3733 1
1398 5001 1
3563 2888 1
1006 6074 1
6886 842 1
3379 2124 1
989 7006 1
2268 6405 1
5093 1278 1
2113 5342 1
4075 3518 1
645 5050 1
810 1600 1
6456 6358 1
5298 252 1
2233 2375 1
1684 952 1
7322 2167 1
5843 401 1
3831 401 1
1052 3169 1
3905 1969 1
5378 413 1
5714 4694 1
3972 6505 1
6431 5139 1
4897 1080 1
5777 7511 1
831 1230 1
7092 1866 1
3376 2068 1
634 1644 1
5567 1165 1
6117 3929 1
2217 6616 1
2562 5758 1
5123 3068 1
2451 4550 1
5158 1361 1
58 7520 1
580 3459 1
1037 819 1
7313 6158 1
3676 7523 1
839 4655 1
1958 2156 1
5845 2957 1
4839 6238 1
4584 3987 1
4584 6244 1
4584 2129 1
2047 2134 1
5813 629 1
2280 181 1
4858 706 1
6812 7194 1
802 1202 1
1375 5336 1
940 7255 1
1399 1087 1
801 4957 1
6914 3512 1
2116 755 1
2311 3976 1
3998 2502 1
6168 4795 1
567 171 1
1634 643 1
169 31 1
169 7597 1
4244 4504 1
6749 3809 1
4204 7273 1
102 6220 1
7132 4748 1
6385 6393 1
3309 7288 1
5144 6458 1
5823 7506 1
2419 1947 1
6991 2437 1
5405 1909 1
901 2512 1
5087 5366 1
949 1918 1
4464 5616 1
2920 1523 1
4873 7012 1
5869 3160 1
7097 2334 1
3827 4868 1
3138 6069 1
1776 5213 1
5928 5851 1
7289 3631 1
2087 2501 1
6595 6047 1
740 7384 1
1310 4199 1
7218 733 1
3980 5275 1
5976 2406 1
4929 6184 1
472 6133 1
6839 1837 1
3597 2438 1
3168 7216 1
1741 2918 1
526 4483 1
869 5915 1
7105 6444 1
7405 4949 1
1700 1303 1
2498 1217 1
392 6050 1
1067 1991 1
3316 1991 1
4089 1000 1
2084 3443 1
3414 1500 1
3414 253 1
223 6517 1
5629 5687 1
3920 1825 1
3400 4358 1
3246 5907 1
3277 941 1
6016 2103 1
5871 4303 1
2363 7294 1
4760 772 1
4777 1675 1
539 5669 1
6492 579 1
2298 1042 1
5237 1734 1
5735 2395 1
5120 24 1
5148 1606 1
5217 1126 1
5484 6198 1
4157 774 1
1589 6058 1
5539 4474 1
3307 3193 1
1216 7537 1
1754 3649 1
5229 7517 1
7604 6193 1
3238 6866 1
3969 2333 1
889 5664 1
3538 1182 1
5829 806 1
1870 5830 1
5261 2486 1
5426 4673 1
6703 5245 1
1574 5696 1
2898 7264 1
7433 870 1
5195 6250 1
6917 4545 1
5201 3527 1
4882 4732 1
309 2836 1
2547 2781 1
6382 5658 1
4275 4313 1
2472 5154 1
1824 2073 1
6938 4475 1
4025 1647 1
115 6263 1
6388 354 1
5769 2422 1
5390 1871 1
5620 6827 1
3247 1805 1
792 2206 1
7129 6496 1
7129 5281 1
5160 4362 1
6704 5137 1
2683 4690 1
4123 4339 1
1193 5070 1
3909 6597 1
4734 7417 1
240 4675 1
1575 2309 1
1575 4492 1
6215 5438 1
2288 616 1
2736 2592 1
6048 6175 1
1728 5411 1
4558 5096 1
5749 5102 1
4215 202 1
2456 2690 1
596 7234 1
1705 6642 1
4225 1994 1
7222 3199 1
5609 4896 1
5666 5824 1
6292 7024 1
6913 1593 1
2814 2417 1
3508 7069 1
1345 4094 1
425 2989 1
1819 4306 1
1496 741 1
1921 2002 1
2554 7544 1
1971 4255 1
114 911 1
7466 6318 1
296 33 1
2710 398 1
4956 4948 1
4356 12 1
1172 2347 1
4250 2137 1
5170 1553 1
123 5067 1
7121 208 1
6560 7031 1
5185 7053 1
4003 2985 1
5452 5613 1
7300 484 1
2852 5310 1
2943 5804 1
7538 4835 1
4930 1822 1
3419 1822 1
2741 6107 1
1525 4148 1
5127 241 1
1989 9 1
536 4466 1
5524 3730 1
4981 5346 1
558 3212 1
6239 1489 1
1638 1659 1
1877 3075 1
1942 5924 1
3541 5876 1
315 1368 1
2305 7595 1
7015 7468 1
4863 4024 1
