1081 815 1
1081 326 1
1081 761 1
1081 772 1
1055 1177 1
1055 782 1
917 151 1
917 1219 1
917 809 1
917 202 1
661 611 1
661 22 1
661 1333 1
1307 569 1
341 712 1
566 1104 1
718 1189 1
718 330 1
718 169 1
1218 128 1
1218 102 1
1218 537 1
1218 456 1
1218 414 1
1218 280 1
1218 24 1
1218 1227 1
1218 14 1
1218 1112 1
1218 628 1
335 1054 1
603 390 1
425 681 1
905 784 1
867 394 1
867 765 1
867 751 1
1108 137 1
750 334 1
1092 887 1
1092 1336 1
1092 114 1
102 968 1
346 1349 1
346 1295 1
847 1196 1
847 1060 1
1298 1023 1
361 349 1
959 822 1
959 197 1
959 319 1
959 881 1
959 792 1
959 1271 1
959 225 1
476 606 1
1346 52 1
1346 1256 1
1346 1187 1
1346 756 1
1346 1001 1
1346 652 1
1346 785 1
1346 811 1
136 768 1
136 770 1
136 874 1
157 764 1
507 17 1
507 1032 1
507 1115 1
507 467 1
71 1179 1
71 76 1
685 778 1
685 264 1
879 1237 1
144 447 1
1388 1303 1
300 841 1
300 332 1
300 839 1
1070 500 1
1070 241 1
1070 926 1
1070 1087 1
1070 494 1
1070 266 1
1070 1370 1
1070 400 1
195 350 1
195 408 1
195 593 1
195 798 1
195 480 1
195 1188 1
195 209 1
195 109 1
195 129 1
1234 947 1
1234 752 1
626 470 1
626 385 1
626 486 1
626 1120 1
268 743 1
1399 1296 1
1399 396 1
1399 74 1
1399 1408 1
301 547 1
301 306 1
301 1351 1
301 530 1
301 1137 1
683 1186 1
683 1362 1
683 375 1
683 871 1
1189 1364 1
1189 363 1
1189 15 1
1172 116 1
1172 34 1
25 250 1
1375 488 1
1375 324 1
1375 139 1
1375 1353 1
1375 955 1
1375 672 1
501 974 1
197 481 1
197 361 1
197 438 1
197 1320 1
197 333 1
197 960 1
197 1102 1
556 41 1
556 1034 1
556 412 1
556 951 1
556 1174 1
556 875 1
556 1065 1
87 641 1
87 665 1
806 714 1
806 944 1
1393 584 1
1393 227 1
1393 355 1
1393 468 1
1393 634 1
162 366 1
857 1313 1
857 450 1
1129 1352 1
832 146 1
637 1099 1
1382 1223 1
1382 113 1
1382 1279 1
731 1113 1
731 754 1
731 1234 1
731 132 1
731 854 1
731 938 1
731 920 1
731 1090 1
731 392 1
731 1251 1
1117 184 1
1117 690 1
594 1041 1
594 1049 1
1369 239 1
800 727 1
1059 259 1
1059 806 1
1059 975 1
270 459 1
190 469 1
190 157 1
190 958 1
190 517 1
190 95 1
190 5 1
190 902 1
190 38 1
190 242 1
190 474 1
190 33 1
190 141 1
190 1171 1
190 1107 1
190 492 1
288 821 1
288 969 1
1376 35 1
1376 393 1
1376 426 1
1376 150 1
348 688 1
348 579 1
348 491 1
348 1157 1
348 436 1
348 282 1
348 430 1
1343 80 1
1343 981 1
1343 489 1
1343 1087 1
1343 881 1
1343 753 1
1343 776 1
724 1244 1
941 1275 1
941 1329 1
941 730 1
941 1103 1
941 1289 1
816 990 1
816 183 1
903 292 1
903 1220 1
903 463 1
903 622 1
460 899 1
460 68 1
460 580 1
1217 868 1
327 301 1
642 557 1
1272 311 1
1272 847 1
1272 195 1
1272 626 1
1272 342 1
1272 87 1
1272 1072 1
1272 594 1
1272 339 1
1272 908 1
1272 820 1
1272 1005 1
1272 790 1
1272 381 1
1272 982 1
1272 1029 1
1272 31 1
1272 1238 1
1006 1382 1
1006 612 1
1006 862 1
36 1027 1
36 904 1
36 1346 1
36 111 1
36 1375 1
36 460 1
36 529 1
36 1166 1
36 558 1
36 257 1
843 398 1
843 177 1
843 719 1
843 828 1
843 167 1
843 98 1
843 757 1
843 1394 1
843 1021 1
414 395 1
414 909 1
414 1358 1
414 1233 1
414 986 1
414 47 1
414 1165 1
414 93 1
414 323 1
414 1018 1
630 718 1
630 1119 1
630 101 1
630 1359 1
630 542 1
630 1294 1
630 971 1
630 636 1
85 1326 1
1390 1406 1
306 189 1
306 1363 1
306 748 1
298 123 1
298 949 1
298 614 1
881 892 1
1403 420 1
778 314 1
778 666 1
778 606 1
360 482 1
360 848 1
360 1015 1
1242 472 1
1242 61 1
1242 639 1
1202 152 1
264 1368 1
264 778 1
264 1280 1
264 655 1
908 1391 1
412 265 1
412 158 1
412 773 1
412 707 1
1008 1147 1
1008 233 1
1008 518 1
1008 371 1
1046 46 1
1046 1025 1
1046 625 1
393 505 1
393 1345 1
1011 25 1
901 882 1
901 600 1
901 786 1
431 1176 1
571 434 1
571 509 1
571 457 1
571 365 1
571 504 1
571 60 1
571 863 1
571 208 1
571 901 1
571 1091 1
571 7 1
571 740 1
571 458 1
571 380 1
571 1096 1
571 818 1
571 824 1
970 1111 1
970 983 1
970 924 1
970 1378 1
238 16 1
238 1204 1
238 442 1
238 1197 1
238 94 1
238 973 1
238 769 1
756 277 1
1099 1252 1
1099 849 1
1099 409 1
1099 42 1
1099 124 1
1239 725 1
1239 1203 1
1239 477 1
1239 387 1
702 1298 1
702 573 1
702 1030 1
702 1243 1
702 193 1
551 962 1
551 1196 1
551 767 1
551 746 1
551 399 1
697 8 1
697 540 1
697 348 1
697 36 1
697 1239 1
697 1407 1
697 275 1
697 797 1
697 985 1
697 421 1
697 835 1
697 193 1
229 653 1
229 1286 1
229 1013 1
229 821 1
669 519 1
669 1 1
1044 130 1
1044 1329 1
1044 673 1
1044 461 1
1044 1056 1
1044 1319 1
1044 1152 1
1044 1340 1
1044 608 1
1044 59 1
77 1017 1
854 476 1
938 694 1
938 850 1
938 903 1
938 1073 1
938 463 1
938 535 1
938 449 1
222 358 1
629 911 1
1407 906 1
1407 658 1
1407 1026 1
1407 19 1
1407 1400 1
740 166 1
896 246 1
896 948 1
896 855 1
896 143 1
896 103 1
896 991 1
896 779 1
896 1093 1
896 515 1
1324 84 1
1324 1151 1
1324 54 1
1324 126 1
1324 758 1
369 78 1
210 1160 1
275 443 1
502 1399 1
502 1180 1
502 377 1
502 347 1
502 627 1
502 286 1
502 1357 1
502 794 1
502 117 1
502 1209 1
502 928 1
502 29 1
502 1169 1
502 604 1
1142 1335 1
856 1153 1
856 1369 1
856 328 1
856 1004 1
856 907 1
856 869 1
856 1381 1
856 1228 1
1188 989 1
1188 108 1
1237 236 1
1237 6 1
452 1324 1
452 269 1
452 503 1
452 1225 1
1288 1283 1
1288 70 1
322 48 1
322 607 1
506 883 1
38 1109 1
38 263 1
417 1175 1
1138 1383 1
985 1003 1
985 384 1
133 127 1
133 765 1
176 406 1
1397 174 1
1397 683 1
1397 1139 1
1079 303 1
483 857 1
578 759 1
1212 446 1
1212 182 1
558 510 1
558 410 1
558 585 1
558 745 1
932 840 1
1380 1325 1
508 178 1
508 138 1
508 843 1
508 386 1
508 972 1
508 669 1
508 220 1
508 204 1
508 495 1
508 1079 1
508 588 1
508 802 1
1263 538 1
1263 173 1
1263 526 1
1263 1207 1
421 1070 1
421 702 1
421 932 1
421 1263 1
979 485 1
979 774 1
979 1236 1
979 1163 1
979 1141 1
979 444 1
979 1164 1
413 243 1
413 978 1
413 229 1
413 1344 1
413 422 1
582 886 1
957 1195 1
957 1318 1
957 407 1
957 1123 1
28 534 1
1029 888 1
1029 381 1
1029 1019 1
150 292 1
588 1331 1
588 168 1
588 1127 1
588 432 1
588 1181 1
1305 723 1
320 791 1
320 188 1
1241 602 1
1241 27 1
1241 884 1
1241 563 1
1241 810 1
802 302 1
802 1061 1
1344 632 1
153 962 1
153 1196 1
153 513 1
153 780 1
267 771 1
267 322 1
267 1212 1
267 307 1
37 366 1
477 861 1
254 559 1
811 272 1
4 878 1
159 733 1
225 1328 1
1300 53 1
1243 451 1
1243 1012 1
668 922 1
1373 289 1
1385 906 1
257 1198 1
257 674 1
257 1118 1
397 1317 1
397 788 1
397 429 1
612 546 1
772 287 1
772 373 1
1316 192 1
864 834 1
864 125 1
864 1158 1
354 957 1
354 700 1
437 148 1
1398 737 1
1398 1017 1
1398 312 1
1191 866 1
193 544 1
503 325 1
503 527 1
862 819 1
862 57 1
359 572 1
1301 345 1
1301 686 1
1301 149 1
307 1177 1
307 762 1
172 350 1
172 408 1
172 129 1
664 1278 1
664 635 1
1225 1293 1
1225 1240 1
378 1253 1
700 1148 1
700 1315 1
700 1028 1
700 1372 1
700 121 1
700 1009 1
700 419 1
700 1185 1
700 659 1
700 965 1
700 937 1
700 368 1
1131 777 1
609 370 1
609 1140 1
609 940 1
609 560 1
1014 205 1
917 260 1
917 107 1
917 411 1
917 191 1
917 1145 1
917 682 1
917 402 1
917 1062 1
917 214 1
917 1068 1
661 454 1
661 880 1
661 1038 1
661 548 1
718 1304 1
718 1069 1
718 497 1
718 710 1
718 1213 1
1218 994 1
1218 217 1
1218 1182 1
1218 894 1
356 624 1
356 755 1
356 1269 1
356 179 1
356 1078 1
867 402 1
867 844 1
867 1342 1
1108 479 1
750 1084 1
750 256 1
102 1287 1
1298 1265 1
904 1098 1
904 1143 1
959 1110 1
1346 633 1
1346 953 1
1346 1245 1
1346 1192 1
1346 1173 1
1346 648 1
1346 81 1
1346 321 1
1346 223 1
157 1260 1
157 699 1
157 657 1
1306 586 1
1070 1045 1
1070 995 1
1070 403 1
1070 1200 1
195 1367 1
195 1277 1
195 577 1
1234 716 1
278 336 1
278 224 1
278 1168 1
301 226 1
301 251 1
301 1077 1
1189 1350 1
1189 739 1
1375 1284 1
1331 1074 1
1331 804 1
87 649 1
806 564 1
1393 859 1
1393 160 1
1393 621 1
1393 237 1
1293 416 1
705 721 1
688 1094 1
688 131 1
1382 895 1
1382 1193 1
1382 1130 1
731 187 1
731 689 1
731 713 1
731 1136 1
1369 154 1
1369 1248 1
1376 290 1
1376 1255 1
1376 352 1
1376 1308 1
1376 122 1
1376 1281 1
348 619 1
1343 1264 1
903 274 1
903 1266 1
460 72 1
1272 212 1
1272 1125 1
1272 145 1
1272 1215 1
1272 496 1
1272 1134 1
1272 1312 1
36 44 1
36 11 1
36 933 1
36 1246 1
36 533 1
843 1194 1
843 1348 1
843 521 1
843 64 1
843 404 1
843 170 1
414 1052 1
414 671 1
414 677 1
414 1310 1
414 309 1
630 119 1
630 889 1
531 90 1
778 590 1
908 1080 1
908 808 1
908 145 1
412 1095 1
412 291 1
1008 574 1
886 676 1
393 39 1
393 844 1
5 1167 1
571 186 1
571 1290 1
571 465 1
238 977 1
238 695 1
650 831 1
650 720 1
1410 104 1
1410 656 1
1410 670 1
1410 198 1
1410 766 1
1410 738 1
1410 171 1
1410 200 1
1410 715 1
1410 1083 1
1099 1043 1
1099 180 1
1239 550 1
1239 698 1
1239 196 1
702 156 1
855 1299 1
855 872 1
719 1071 1
77 271 1
77 1205 1
854 651 1
938 914 1
902 1048 1
896 478 1
896 1309 1
896 439 1
896 3 1
47 996 1
275 567 1
502 543 1
502 931 1
502 610 1
522 20 1
856 1249 1
1197 541 1
1197 988 1
452 1374 1
452 1231 1
452 1149 1
452 1384 1
452 992 1
452 633 1
452 230 1
452 565 1
38 804 1
38 1302 1
589 163 1
589 934 1
985 295 1
176 735 1
176 511 1
176 893 1
176 929 1
176 134 1
1397 110 1
1397 921 1
1397 23 1
1397 1126 1
1397 1339 1
578 1226 1
558 789 1
558 1366 1
432 739 1
432 976 1
24 860 1
24 206 1
24 164 1
932 1347 1
508 232 1
508 244 1
508 599 1
508 1024 1
508 435 1
508 62 1
508 112 1
508 581 1
508 701 1
508 930 1
508 783 1
508 1216 1
1263 915 1
421 553 1
979 367 1
979 643 1
979 1105 1
413 331 1
413 362 1
413 1097 1
413 890 1
413 1257 1
413 1341 1
413 545 1
413 525 1
413 833 1
413 1262 1
413 340 1
413 918 1
413 498 1
957 735 1
957 274 1
957 213 1
957 645 1
1029 89 1
1029 228 1
1029 1162 1
588 331 1
1241 631 1
1241 554 1
1179 1322 1
1179 696 1
646 936 1
646 895 1
646 1193 1
646 964 1
646 595 1
646 923 1
646 984 1
1243 445 1
1243 925 1
1243 520 1
257 21 1
397 186 1
397 1214 1
1398 1050 1
862 453 1
664 512 1
455 615 1
700 305 1
700 1144 1
700 428 1
700 898 1
700 1273 1
700 998 1
700 207 1
609 1167 1
851 25 1
952 1332 1
952 1022 1
952 571 1
294 215 1
248 932 1
813 531 1
575 864 1
79 360 1
10 100 1
1047 455 1
63 65 1
1161 826 1
388 1128 1
388 216 1
221 452 1
570 161 1
570 1229 1
106 466 1
106 1343 1
1247 262 1
734 814 1
942 175 1
40 679 1
40 1403 1
1360 1042 1
1337 219 1
376 661 1
91 896 1
382 1108 1
389 1338 1
194 1376 1
337 484 1
293 374 1
448 912 1
1106 306 1
1206 316 1
1037 1146 1
1085 1132 1
684 825 1
793 846 1
858 1121 1
935 51 1
1114 1288 1
313 856 1
296 592 1
616 1081 1
1401 662 1
691 900 1
245 801 1
1230 1076 1
817 749 1
728 576 1
803 249 1
75 1008 1
1291 1292 1
231 603 1
945 589 1
1254 507 1
910 118 1
276 115 1
1057 967 1
956 1392 1
1211 618 1
1334 433 1
711 583 1
795 464 1
528 601 1
943 211 1
401 1122 1
647 1261 1
372 405 1
1396 1224 1
66 1395 1
1297 999 1
1007 1117 1
1330 58 1
1155 1063 1
1356 1196 1
1016 287 1
1170 1323 1
185 364 1
654 1355 1
829 1067 1
344 30 1
717 49 1
1208 881 1
240 77 1
539 1398 1
471 1306 1
1268 827 1
997 1250 1
744 1201 1
667 235 1
1232 1218 1
1365 523 1
1274 980 1
12 67 1
297 836 1
50 812 1
1314 379 1
598 979 1
55 267 1
873 729 1
97 252 1
1311 1258 1
1311 852 1
897 532 1
234 963 1
82 135 1
1183 562 1
1183 1190 1
1386 630 1
1020 697 1
1259 1064 1
1387 823 1
1327 278 1
13 99 1
83 299 1
640 218 1
1036 522 1
760 502 1
73 799 1
1210 273 1
155 679 1
591 1150 1
693 203 1
927 1101 1
1000 144 1
1377 1059 1
796 96 1
2 646 1
939 775 1
838 201 1
1031 300 1
1270 22 1
1270 1333 1
736 32 1
1402 120 1
870 556 1
1035 706 1
732 283 1
343 1178 1
353 634 1
524 1100 1
623 45 1
987 1177 1
329 841 1
807 966 1
678 1002 1
950 147 1
1040 845 1
709 853 1
516 356 1
475 917 1
1354 418 1
255 916 1
613 1088 1
587 705 1
1051 427 1
1379 238 1
391 423 1
1321 1222 1
747 842 1
1039 199 1
462 1393 1
441 261 1
281 1242 1
876 1133 1
26 726 1
617 708 1
1404 383 1
568 722 1
499 787 1
561 660 1
675 1397 1
1066 1053 1
620 318 1
487 549 1
1276 1405 1
865 955 1
1156 878 1
638 919 1
9 181 1
993 210 1
1033 1010 1
357 780 1
891 86 1
69 1410 1
805 781 1
1199 1285 1
830 88 1
1389 970 1
142 351 1
877 1272 1
1075 43 1
1221 961 1
1235 71 1
703 310 1
1082 397 1
680 778 1
338 959 1
315 1301 1
415 597 1
644 1089 1
308 650 1
105 885 1
1409 664 1
555 837 1
954 692 1
663 1116 1
284 508 1
304 609 1
247 552 1
1086 56 1
1135 165 1
1124 1361 1
258 125 1
317 731 1
18 913 1
687 424 1
493 127 1
742 1241 1
763 440 1
490 1159 1
1184 1282 1
536 473 1
514 605 1
1371 867 1
140 1092 1
946 750 1
596 92 1
290 1406 1
253 176 1
279 285 1
741 862 1
1267 1154 1
704 1058 1
