1467 655 1
1467 768 1
1718 760 1
1718 137 1
1718 464 1
1718 820 1
1718 1709 1
1718 527 1
1718 570 1
1718 1226 1
1718 1066 1
1718 1350 1
208 1261 1
600 1836 1
600 391 1
60 1904 1
1842 1159 1
683 465 1
683 837 1
683 1534 1
683 1017 1
510 2008 1
1610 1971 1
283 1678 1
283 389 1
283 1960 1
283 66 1
283 2021 1
1915 1459 1
1915 985 1
2111 612 1
1483 1532 1
1504 455 1
1728 341 1
1659 1847 1
1659 1384 1
1659 1584 1
2100 973 1
1459 758 1
1459 1723 1
1459 1450 1
1459 1780 1
1459 928 1
834 379 1
834 905 1
284 1510 1
1282 1421 1
1282 1129 1
1282 2020 1
1282 595 1
1282 1008 1
1282 2074 1
1109 1558 1
2002 115 1
2002 1561 1
2002 343 1
2002 1962 1
993 403 1
993 882 1
993 1025 1
81 623 1
950 2083 1
950 1106 1
1342 1932 1
1342 403 1
1738 902 1
1611 1613 1
1611 1765 1
1367 1010 1
1671 912 1
976 544 1
976 496 1
1198 1530 1
1170 1394 1
1170 804 1
1170 1177 1
1625 216 1
1625 316 1
1625 334 1
1625 1867 1
1625 1813 1
1625 850 1
1625 650 1
1625 1632 1
1625 1651 1
1625 264 1
1625 1702 1
1625 312 1
1625 349 1
578 699 1
588 1147 1
1693 1077 1
641 321 1
1911 417 1
502 39 1
502 1753 1
502 921 1
502 1887 1
502 766 1
502 1920 1
1752 11 1
1341 600 1
463 621 1
193 1558 1
1902 1533 1
1902 611 1
1998 610 1
1030 1458 1
522 184 1
522 584 1
522 1571 1
522 734 1
522 779 1
522 254 1
522 363 1
522 1901 1
522 1789 1
522 1038 1
522 1782 1
522 1665 1
522 770 1
522 1186 1
522 587 1
216 764 1
216 1026 1
933 1070 1
565 1319 1
572 1963 1
572 209 1
572 1294 1
508 818 1
508 533 1
378 1199 1
260 661 1
260 35 1
2112 1756 1
1131 891 1
1010 1964 1
1010 590 1
1010 1890 1
1010 1523 1
1010 1501 1
1010 145 1
1010 213 1
697 2097 1
810 639 1
810 1020 1
896 838 1
1373 76 1
649 821 1
1838 461 1
1838 1455 1
1838 1040 1
1071 1687 1
1071 1885 1
1071 242 1
2106 1190 1
863 671 1
863 904 1
863 2081 1
2114 1877 1
1462 1303 1
1462 1311 1
1462 1331 1
1462 1496 1
1462 748 1
1462 638 1
1462 1173 1
964 873 1
1279 442 1
1279 1246 1
1279 1191 1
1279 759 1
1279 515 1
1279 291 1
1279 717 1
1279 736 1
1279 1931 1
1279 521 1
1279 1465 1
1279 1275 1
1279 1515 1
1279 1799 1
1279 53 1
802 1837 1
2005 1396 1
838 1615 1
838 420 1
1973 761 1
1141 253 1
1345 124 1
1345 1774 1
1345 329 1
1345 1814 1
1345 1891 1
1345 31 1
1345 1970 1
1345 808 1
1345 2065 1
1345 1053 1
353 870 1
927 1826 1
927 1153 1
927 92 1
927 1596 1
927 110 1
927 1624 1
927 265 1
927 1096 1
57 1778 1
57 1219 1
57 28 1
57 82 1
57 319 1
57 1264 1
57 2076 1
198 599 1
1315 1193 1
1466 821 1
1505 219 1
813 1762 1
1472 1569 1
1472 1552 1
111 1503 1
1571 1359 1
1571 1715 1
1571 980 1
1571 718 1
1571 2030 1
1571 2093 1
1571 782 1
1571 962 1
1571 143 1
1571 526 1
1571 150 1
1573 23 1
1573 694 1
1573 712 1
1573 1979 1
1573 1061 1
1573 257 1
1773 1557 1
42 1705 1
935 1914 1
750 96 1
750 626 1
750 22 1
1304 231 1
982 2082 1
1886 910 1
362 917 1
1932 2103 1
252 1611 1
252 1745 1
252 170 1
252 1410 1
243 937 1
243 1355 1
243 1407 1
243 1506 1
243 1980 1
243 1673 1
243 1012 1
243 289 1
444 1405 1
444 519 1
523 1440 1
523 756 1
523 1781 1
523 1443 1
1668 1807 1
1668 936 1
415 1222 1
1801 942 1
893 878 1
435 576 1
435 1094 1
435 149 1
435 867 1
435 1032 1
435 786 1
435 836 1
435 240 1
435 534 1
592 220 1
592 1900 1
1563 601 1
635 1655 1
635 179 1
635 1210 1
654 1810 1
654 583 1
654 1824 1
654 1075 1
654 1631 1
654 819 1
654 901 1
1544 1655 1
1544 457 1
1544 1134 1
1492 692 1
1858 1863 1
466 983 1
679 2064 1
679 1174 1
679 1240 1
679 1411 1
679 356 1
679 1107 1
679 2092 1
679 38 1
679 1203 1
679 1005 1
679 843 1
679 1471 1
679 469 1
679 126 1
679 636 1
679 1592 1
679 310 1
679 2038 1
679 604 1
679 1766 1
679 814 1
679 1820 1
679 897 1
679 615 1
679 2043 1
679 1175 1
679 1266 1
679 314 1
679 872 1
679 512 1
679 1027 1
455 335 1
455 793 1
455 381 1
455 898 1
455 1829 1
455 925 1
455 1603 1
455 634 1
455 1898 1
455 1695 1
455 222 1
455 1142 1
455 1019 1
455 1796 1
455 1126 1
455 1283 1
455 840 1
455 1519 1
985 246 1
985 351 1
985 839 1
985 1124 1
985 1363 1
985 1943 1
985 89 1
985 333 1
985 1360 1
1052 1339 1
1525 1975 1
722 1060 1
1077 90 1
1077 824 1
1314 460 1
1442 42 1
382 1044 1
1195 306 1
107 1626 1
301 1429 1
301 1088 1
301 1327 1
1334 1114 1
1041 1353 1
1984 783 1
1049 1319 1
1883 1406 1
1883 1601 1
1883 1136 1
1883 1391 1
965 858 1
276 1120 1
88 681 1
501 1699 1
481 1148 1
723 1998 1
752 763 1
1925 173 1
1289 861 1
1289 1645 1
1289 697 1
1289 957 1
1289 348 1
1289 345 1
1289 516 1
1289 192 1
1289 1093 1
1289 1760 1
1289 1882 1
1289 1748 1
1289 537 1
1289 689 1
1289 1374 1
1289 1037 1
1289 372 1
1289 1434 1
1289 698 1
1289 1564 1
1289 826 1
1289 2028 1
1289 1716 1
1289 118 1
1289 1597 1
1289 1202 1
1843 1764 1
1995 2023 1
1502 283 1
1502 1906 1
1502 106 1
1502 1924 1
331 1928 1
331 1155 1
331 1456 1
331 1011 1
331 443 1
331 2109 1
331 1451 1
1635 1238 1
960 1775 1
1055 1113 1
1593 739 1
1166 1767 1
1108 1848 1
1108 21 1
773 125 1
773 1785 1
773 235 1
773 499 1
773 214 1
773 72 1
773 1092 1
773 1317 1
773 1072 1
43 1211 1
1815 1913 1
2052 262 1
776 1345 1
776 995 1
696 2049 1
874 1156 1
268 1883 1
1051 1116 1
1051 1220 1
1051 1299 1
1051 1647 1
483 37 1
153 648 1
153 1851 1
153 4 1
153 1923 1
153 1282 1
153 1961 1
153 1287 1
153 975 1
153 1833 1
153 188 1
153 1550 1
153 1285 1
153 51 1
153 1333 1
153 296 1
153 1084 1
153 1725 1
153 73 1
153 364 1
153 765 1
153 941 1
153 685 1
153 731 1
677 1830 1
677 178 1
421 710 1
421 790 1
421 1734 1
421 25 1
421 324 1
421 1413 1
421 1218 1
2104 916 1
2104 2094 1
2104 1793 1
1333 325 1
1333 713 1
1333 1319 1
1333 711 1
1333 318 1
1568 1000 1
958 1484 1
958 1383 1
845 859 1
317 98 1
317 1805 1
317 1042 1
317 1720 1
317 632 1
1860 215 1
1512 93 1
1512 157 1
1512 2083 1
1512 1135 1
1512 1189 1
1512 888 1
1512 161 1
1512 909 1
1512 493 1
1512 1081 1
1512 987 1
1512 290 1
1512 562 1
1280 1369 1
1427 1212 1
1487 640 1
1487 915 1
1487 287 1
1487 785 1
1487 848 1
1487 622 1
1487 1354 1
1487 1612 1
1487 1618 1
1487 1888 1
1487 1731 1
1487 197 1
368 34 1
1165 1797 1
730 885 1
730 1139 1
730 707 1
730 492 1
730 1958 1
730 1783 1
730 121 1
730 666 1
730 593 1
730 1328 1
876 1288 1
876 1270 1
1206 419 1
400 1147 1
1977 1587 1
903 1925 1
996 243 1
1486 1424 1
817 2105 1
817 920 1
676 309 1
676 1344 1
676 1703 1
1480 317 1
1083 434 1
112 1078 1
112 1787 1
112 1666 1
112 1549 1
112 951 1
112 432 1
112 1947 1
112 1861 1
1701 433 1
1747 642 1
1747 1512 1
1747 1565 1
537 1452 1
537 1478 1
537 1337 1
537 1771 1
537 809 1
537 1866 1
537 84 1
537 166 1
537 1401 1
537 156 1
1069 2002 1
1069 878 1
1069 551 1
1069 343 1
1069 1999 1
1069 938 1
1069 1327 1
1205 2102 1
1324 58 1
1073 771 1
476 392 1
476 36 1
476 2051 1
1408 1658 1
1045 1952 1
967 1064 1
967 1910 1
967 1047 1
1788 1101 1
1788 1888 1
515 330 1
693 1580 1
693 203 1
1189 1164 1
1189 1123 1
1189 26 1
1189 1779 1
1189 1309 1
1997 781 1
857 1711 1
857 1089 1
857 1643 1
857 1227 1
857 1340 1
857 300 1
857 1277 1
857 2107 1
857 497 1
241 1642 1
974 105 1
974 1224 1
1992 955 1
1992 91 1
1792 1462 1
1792 227 1
1628 94 1
772 435 1
772 1469 1
336 1821 1
336 1985 1
336 298 1
1054 387 1
2096 1916 1
1795 2086 1
1795 1517 1
1991 702 1
1991 2108 1
1991 1161 1
1991 1187 1
1991 945 1
1991 1105 1
1991 1777 1
1991 1934 1
1991 914 1
1991 1726 1
558 1366 1
1702 1347 1
1702 1221 1
2101 451 1
602 488 1
570 1511 1
570 680 1
570 1929 1
570 147 1
570 597 1
570 346 1
570 244 1
570 883 1
18 1371 1
1380 1690 1
1380 1679 1
1380 169 1
1380 2053 1
1380 1892 1
1380 1043 1
1380 484 1
1380 1876 1
1380 952 1
1380 900 1
1380 32 1
1380 377 1
1380 210 1
1380 1422 1
1056 477 1
1056 555 1
438 195 1
438 1464 1
1210 860 1
1210 864 1
256 292 1
256 212 1
256 202 1
256 7 1
256 1950 1
256 2026 1
725 738 1
161 114 1
161 1392 1
161 1039 1
161 352 1
161 1692 1
161 1657 1
161 1941 1
161 1967 1
161 690 1
161 887 1
161 1694 1
161 740 1
161 63 1
161 1993 1
161 1160 1
673 1014 1
673 448 1
1185 8 1
1185 720 1
1185 1445 1
1185 1860 1
1293 494 1
1293 468 1
1293 1617 1
1293 1919 1
1293 1441 1
1293 1162 1
1293 568 1
470 1656 1
470 385 1
470 2031 1
470 201 1
470 266 1
470 1827 1
470 2091 1
470 445 1
470 78 1
470 1721 1
470 620 1
470 429 1
470 875 1
470 1629 1
470 1243 1
470 1217 1
470 30 1
1074 1981 1
1074 453 1
229 1831 1
229 1889 1
229 447 1
628 1843 1
844 112 1
1924 524 1
1924 1750 1
1924 855 1
1924 1241 1
1924 800 1
1924 148 1
1924 1583 1
1924 1633 1
1924 777 1
1924 970 1
1924 735 1
1924 128 1
1404 525 1
131 1674 1
131 658 1
1209 40 1
1543 1234 1
1149 743 1
1201 1170 1
1201 1446 1
1528 185 1
2054 344 1
2054 1681 1
2054 1449 1
2054 943 1
2054 1473 1
2054 1348 1
2054 1638 1
2054 485 1
1143 10 1
1143 1841 1
1143 762 1
1143 1262 1
1143 1152 1
1294 721 1
1294 727 1
1759 144 1
359 1338 1
788 1435 1
788 1247 1
788 204 1
788 1034 1
788 1181 1
788 1553 1
788 313 1
1685 663 1
774 757 1
1343 854 1
1343 1 1
1343 2032 1
1343 475 1
1343 1508 1
1085 127 1
1085 410 1
1085 206 1
1370 520 1
1171 1137 1
1171 1659 1
1171 1482 1
1171 57 1
1171 543 1
1171 1375 1
1171 1991 1
1670 1640 1
1271 1713 1
991 175 1
1823 879 1
1372 1362 1
255 1604 1
255 2022 1
255 589 1
363 1230 1
363 795 1
363 380 1
363 529 1
363 1231 1
363 573 1
397 347 1
1520 667 1
865 1263 1
1389 1086 1
1389 1903 1
1862 1054 1
83 719 1
83 1874 1
83 1585 1
83 424 1
83 1290 1
83 1845 1
83 56 1
83 2048 1
83 948 1
83 1500 1
83 968 1
1062 2054 1
1062 862 1
1062 1272 1
1062 281 1
403 1757 1
403 1320 1
403 160 1
403 245 1
403 1099 1
1499 119 1
509 205 1
509 1351 1
1999 407 1
1999 2039 1
1999 2006 1
1999 2 1
1999 1772 1
1999 1648 1
1999 1537 1
1999 1403 1
1999 1463 1
1999 742 1
1999 1988 1
1999 1497 1
1999 1567 1
1999 1786 1
1999 1065 1
1999 833 1
862 1948 1
862 1600 1
862 1790 1
862 130 1
862 375 1
862 1894 1
862 64 1
862 1125 1
425 1838 1
425 1438 1
425 331 1
425 2032 1
425 1117 1
425 726 1
425 1343 1
425 1336 1
425 5 1
425 1945 1
146 1856 1
80 1128 1
473 1154 1
1712 236 1
1712 2087 1
1712 1071 1
1712 1573 1
1712 1022 1
1712 62 1
1712 95 1
1712 1822 1
1046 606 1
493 1675 1
176 1389 1
176 706 1
13 1627 1
1378 700 1
2050 609 1
2050 1323 1
1217 805 1
1490 1082 1
1490 74 1
1669 829 1
708 1676 1
1336 1868 1
1336 1535 1
1336 249 1
1336 297 1
1336 1213 1
1336 1356 1
1336 1652 1
1975 1498 1
899 1907 1
215 15 1
215 1743 1
215 775 1
215 427 1
660 1002 1
411 479 1
1381 198 1
1381 1476 1
1381 560 1
1381 988 1
591 1057 1
591 1425 1
591 2015 1
591 1746 1
591 1884 1
1272 1872 1
1272 454 1
1272 268 1
1272 1388 1
1383 715 1
1383 563 1
1383 569 1
1383 1223 1
1383 517 1
1746 729 1
285 1379 1
91 1035 1
91 1307 1
91 1182 1
91 71 1
91 1751 1
91 1364 1
91 154 1
1196 159 1
258 474 1
258 449 1
258 1276 1
258 355 1
258 1237 1
258 778 1
1018 2009 1
1018 1365 1
1018 1994 1
1018 1719 1
1018 507 1
1018 815 1
1018 656 1
1018 1741 1
1018 796 1
1018 1579 1
1018 1163 1
1018 2069 1
1018 1944 1
1018 277 1
1018 1255 1
1018 868 1
1018 1079 1
1018 1252 1
1018 1639 1
1018 1798 1
1018 311 1
1018 1402 1
1018 1697 1
1018 585 1
1018 1516 1
1018 651 1
1018 2070 1
1018 1207 1
1018 191 1
1018 1028 1
1018 1582 1
1018 75 1
1018 1058 1
1018 1857 1
1018 1644 1
1018 890 1
1018 1859 1
1018 596 1
1018 1524 1
1018 579 1
1018 1157 1
1018 1298 1
1018 977 1
1018 269 1
1018 1574 1
1018 1188 1
1018 944 1
1018 2034 1
1018 1059 1
1018 971 1
1018 554 1
1018 2003 1
1018 687 1
1018 357 1
1018 835 1
1018 1297 1
1018 1244 1
1018 1138 1
1018 1893 1
1018 1855 1
374 335 1
232 1819 1
645 546 1
754 1170 1
1521 1248 1
48 1256 1
695 2041 1
695 1273 1
695 1878 1
695 1031 1
695 487 1
541 1682 1
1398 1758 1
882 376 1
882 1873 1
882 1415 1
1754 275 1
422 343 1
1286 609 1
1475 929 1
1475 1325 1
1475 394 1
1475 1700 1
1475 47 1
1475 1002 1
938 1691 1
456 1133 1
456 44 1
1250 94 1
1121 989 1
1706 1804 1
1706 1965 1
27 547 1
27 1306 1
744 373 1
2028 1739 1
2028 1242 1
1270 1 1
1270 1115 1
1270 1070 1
1270 530 1
1270 792 1
1270 224 1
281 332 1
281 414 1
281 190 1
281 1588 1
281 368 1
281 954 1
281 1316 1
281 1322 1
281 271 1
281 1003 1
281 6 1
281 557 1
668 337 1
797 716 1
924 600 1
187 1586 1
231 1417 1
231 77 1
1346 239 1
1346 413 1
1346 1661 1
1346 853 1
1346 1828 1
665 709 1
171 129 1
171 1216 1
644 704 1
767 1978 1
911 788 1
911 1302 1
151 1977 1
210 304 1
1825 1549 1
41 1380 1
340 99 1
340 856 1
340 1968 1
340 679 1
340 301 1
340 1236 1
1828 536 1
1567 395 1
1724 540 1
1004 108 1
1369 2010 1
1369 1742 1
1369 1495 1
1369 918 1
1369 251 1
1369 669 1
1369 1895 1
1369 2025 1
1369 470 1
1369 1560 1
1369 1444 1
1369 550 1
1369 69 1
1369 1880 1
1369 1677 1
1172 1179 1
1647 54 1
6 1316 1
295 1068 1
1371 1110 1
1371 1080 1
1371 1730 1
1371 103 1
1371 2042 1
1371 444 1
1371 17 1
1371 1614 1
1371 467 1
1371 421 1
1371 806 1
1371 841 1
1371 1986 1
1371 302 1
1371 1021 1
1371 1547 1
1371 1800 1
1371 1413 1
1371 1768 1
365 972 1
667 1050 1
667 7 1
667 1102 1
667 1363 1
1755 1621 1
1755 1969 1
1755 1431 1
1755 1103 1
1755 1437 1
1755 1749 1
1755 1869 1
1755 1488 1
1755 168 1
1755 1953 1
1755 2018 1
386 225 1
605 260 1
1879 1006 1
320 1962 1
514 1479 1
1921 117 1
1193 1572 1
1193 1870 1
1193 1852 1
1193 370 1
1193 1875 1
1193 237 1
233 409 1
546 1382 1
994 981 1
732 880 1
471 1646 1
471 14 1
471 46 1
1517 211 1
95 1770 1
95 236 1
95 19 1
95 1144 1
1916 1200 1
1916 232 1
194 437 1
1707 1576 1
1707 426 1
1707 123 1
1733 286 1
2033 177 1
1214 1376 1
29 1090 1
1642 1409 1
1642 1935 1
1642 1518 1
1642 847 1
1642 892 1
1642 773 1
1642 478 1
1642 1293 1
1642 1896 1
1642 1378 1
1642 500 1
1642 566 1
1642 549 1
1642 1609 1
1642 1007 1
342 2027 1
1578 1821 1
1578 189 1
1578 1581 1
1578 1268 1
1578 408 1
1578 552 1
1649 55 1
142 825 1
1939 1743 1
940 3 1
1565 1288 1
1565 133 1
1565 933 1
1565 612 1
1565 293 1
1565 1959 1
1565 654 1
1565 1334 1
1565 531 1
1565 272 1
1565 538 1
1565 598 1
1565 113 1
1565 1526 1
1565 1245 1
1565 2071 1
227 678 1
227 480 1
685 338 1
685 459 1
685 618 1
122 1754 1
828 2014 1
278 1300 1
278 1559 1
278 502 1
278 894 1
278 1423 1
731 1151 1
1740 834 1
1025 1249 1
1025 986 1
1025 360 1
1025 1589 1
1025 1393 1
1025 1436 1
1025 491 1
1025 1808 1
1025 1447 1
1025 1636 1
1025 452 1
1025 59 1
1025 1529 1
545 1257 1
2029 927 1
2029 1668 1
506 976 1
506 830 1
506 769 1
506 2055 1
506 2084 1
1987 798 1
1654 393 1
1822 571 1
1822 1996 1
2088 1982 1
2088 1197 1
1491 1957 1
1491 1514 1
1491 1737 1
1491 1091 1
1491 1802 1
1491 1150 1
1491 100 1
1491 207 1
1491 1178 1
1491 1806 1
1718 877 1
1718 979 1
1718 2004 1
1718 542 1
283 139 1
1459 1546 1
1459 1015 1
1459 1001 1
1459 1310 1
1459 574 1
1282 1112 1
1625 85 1
1625 851 1
1625 50 1
1625 1095 1
1625 1029 1
1625 784 1
1625 984 1
1625 2067 1
1625 350 1
1625 1548 1
1625 1689 1
1625 1016 1
1625 637 1
1625 1235 1
1625 1594 1
1625 102 1
1625 1258 1
1625 749 1
1625 1274 1
1625 1399 1
1625 305 1
1625 1686 1
1625 1653 1
502 1132 1
502 1439 1
502 138 1
502 511 1
522 518 1
522 1590 1
522 1308 1
522 390 1
522 505 1
522 907 1
522 1118 1
522 155 1
522 791 1
522 1591 1
522 842 1
522 1918 1
522 367 1
522 1554 1
522 1295 1
522 2110 1
522 218 1
522 234 1
522 1660 1
522 1111 1
522 1428 1
522 733 1
522 852 1
522 1183 1
522 1634 1
522 617 1
522 1566 1
522 2113 1
522 384 1
216 305 1
216 1400 1
216 1637 1
658 430 1
508 741 1
853 979 1
1010 134 1
1010 714 1
697 801 1
1462 1727 1
1462 946 1
1279 418 1
1279 881 1
1279 446 1
1279 1926 1
927 2089 1
1571 1908 1
1573 884 1
1573 388 1
1573 923 1
1573 226 1
1573 1917 1
42 1990 1
42 135 1
243 1598 1
444 1453 1
523 633 1
1668 886 1
513 361 1
513 1176 1
513 1717 1
513 691 1
513 20 1
513 1761 1
513 1024 1
654 1577 1
679 926 1
679 816 1
679 2037 1
679 953 1
455 789 1
455 1468 1
455 404 1
455 1281 1
455 1180 1
455 1641 1
455 223 1
455 561 1
455 586 1
985 1983 1
985 472 1
985 1527 1
1289 1562 1
1289 1951 1
1289 273 1
1289 366 1
1289 603 1
1289 1538 1
1289 1013 1
1289 259 1
1289 931 1
1289 1840 1
1289 315 1
1289 182 1
1289 662 1
1289 1432 1
1289 2046 1
1289 97 1
1289 753 1
1289 737 1
1289 1616 1
1289 12 1
1289 956 1
1289 1368 1
1289 807 1
1289 322 1
1289 1460 1
1289 2047 1
1289 140 1
1289 1448 1
1289 607 1
1289 1684 1
1289 659 1
1289 1426 1
1199 1575 1
773 751 1
153 1507 1
153 1688 1
153 1312 1
153 401 1
153 2095 1
153 992 1
421 1485 1
421 2016 1
421 908 1
1333 136 1
1333 1938 1
317 1663 1
317 2056 1
317 647 1
1487 682 1
1487 559 1
730 822 1
730 539 1
876 398 1
1977 1419 1
1486 1361 1
1486 439 1
1486 1513 1
112 1232 1
112 1570 1
112 1477 1
112 625 1
112 939 1
112 827 1
112 643 1
112 327 1
112 688 1
1205 2085 1
1205 486 1
1205 1414 1
1205 221 1
1205 1667 1
1205 705 1
1205 922 1
1205 2068 1
1205 431 1
1205 919 1
476 997 1
1106 323 1
308 217 1
857 906 1
974 2073 1
974 339 1
1344 1493 1
1991 412 1
1991 1696 1
1991 1457 1
570 1784 1
570 1605 1
570 199 1
570 2072 1
570 1809 1
570 1683 1
570 1912 1
1380 482 1
1380 1292 1
1380 913 1
1380 1551 1
1056 1386 1
1056 1278 1
1056 263 1
438 1608 1
256 1619 1
256 1536 1
256 1708 1
256 1470 1
256 2063 1
256 684 1
256 49 1
256 1664 1
161 1377 1
161 1430 1
1185 1208 1
1293 2044 1
470 401 1
470 196 1
470 299 1
470 794 1
470 1791 1
1924 1763 1
1924 2013 1
1924 1722 1
1924 746 1
2054 895 1
2054 1954 1
2054 2017 1
2054 458 1
2054 1940 1
2054 1555 1
2054 1930 1
2054 354 1
1143 1905 1
1143 24 1
1294 1927 1
1294 674 1
1294 238 1
788 152 1
363 402 1
83 132 1
83 2040 1
83 556 1
403 755 1
425 1595 1
215 86 1
591 1680 1
1272 1349 1
1746 1871 1
91 267 1
258 594 1
1018 183 1
1018 1989 1
1018 1260 1
1018 1865 1
1018 109 1
1018 1812 1
1018 1194 1
1018 441 1
1018 1418 1
695 2058 1
695 869 1
882 1622 1
882 990 1
1754 646 1
27 1736 1
27 1794 1
27 2066 1
2028 1850 1
2028 1966 1
2028 1545 1
2028 1100 1
2028 489 1
566 1662 1
1064 172 1
340 1329 1
340 1097 1
340 1599 1
340 16 1
340 1531 1
340 2019 1
1369 1864 1
1369 288 1
1371 1036 1
1371 2035 1
1371 65 1
1371 823 1
1371 2024 1
667 1385 1
667 1949 1
667 141 1
667 1974 1
667 1184 1
1755 369 1
1755 405 1
1755 1909 1
1755 1844 1
1755 1976 1
1098 564 1
1098 831 1
1193 1607 1
1193 116 1
1193 1397 1
1321 101 1
1321 294 1
1733 1630 1
1799 932 1
1642 2057 1
1642 101 1
1642 186 1
1642 1832 1
581 371 1
581 1897 1
1578 230 1
1578 2012 1
1565 1291 1
1565 495 1
1565 2090 1
1565 2077 1
1565 1130 1
1565 2079 1
1565 614 1
685 1358 1
506 1352 1
506 1606 1
506 180 1
506 328 1
506 307 1
1009 1853 1
1145 279 1
167 2101 1
462 153 1
1623 683 1
1623 1975 1
1672 1416 1
1167 258 1
966 1256 1
1259 832 1
1481 506 1
2078 83 1
1253 274 1
1253 1321 1
1318 1098 1
303 535 1
803 163 1
1433 2098 1
2001 1710 1
1936 1539 1
68 336 1
998 1284 1
1335 857 1
67 1230 1
652 2087 1
1269 523 1
1776 457 1
963 358 1
228 1946 1
2099 949 1
1033 27 1
1228 876 1
567 162 1
1474 250 1
728 548 1
999 670 1
999 1714 1
1816 1387 1
889 177 1
532 1704 1
532 1602 1
528 631 1
1522 1899 1
87 1578 1
664 1854 1
2011 508 1
1509 425 1
181 1420 1
1620 1140 1
849 340 1
871 1817 1
553 1279 1
1330 1023 1
2000 45 1
1834 599 1
1192 581 1
686 2075 1
1048 248 1
1251 1205 1
1542 164 1
961 256 1
1158 1087 1
577 1627 1
1849 51 1
61 1412 1
1494 1556 1
627 440 1
1215 695 1
1650 33 1
1729 170 1
326 448 1
619 1254 1
575 591 1
1744 653 1
1540 1122 1
959 456 1
1395 1056 1
261 1239 1
701 9 1
1233 423 1
1332 1956 1
1267 504 1
1818 974 1
1732 471 1
396 1046 1
745 580 1
1811 406 1
1955 1541 1
1735 635 1
1735 438 1
1225 1835 1
608 158 1
1204 1487 1
675 1370 1
282 1370 1
2007 730 1
1104 878 1
1301 1698 1
52 1491 1
2036 930 1
1119 747 1
2059 1913 1
811 416 1
1881 1185 1
174 1146 1
630 214 1
1313 513 1
1937 1925 1
672 787 1
428 1486 1
436 1063 1
79 1922 1
2045 582 1
2060 236 1
2080 716 1
104 70 1
399 2055 1
1769 522 1
799 1733 1
383 301 1
616 120 1
978 1229 1
629 1143 1
2061 1296 1
1846 1942 1
200 934 1
2062 1773 1
1326 1489 1
1169 1625 1
613 1199 1
1305 490 1
1076 476 1
1454 498 1
866 280 1
1127 1839 1
165 1755 1
947 363 1
812 912 1
703 1390 1
503 308 1
1168 359 1
1803 624 1
1067 1018 1
657 757 1
724 1289 1
247 1544 1
780 1383 1
450 1265 1
846 1718 1
270 1357 1
1972 1381 1
969 1170 1
1933 1461 1
