3515 1501 1
376 4147 1
1944 20 1
3928 988 1
619 2098 1
1548 3080 1
1548 1262 1
1548 2345 1
1548 1008 1
1548 2085 1
1548 1073 1
1407 1535 1
4048 337 1
3475 997 1
3431 3946 1
1257 3777 1
935 3039 1
2928 2773 1
2928 1970 1
3073 962 1
3016 3943 1
1673 809 1
2667 3884 1
628 3834 1
134 1553 1
200 4348 1
3825 1163 1
1919 347 1
3277 2274 1
2356 1900 1
3516 2490 1
1478 428 1
2570 2354 1
4160 1216 1
955 1973 1
3104 2802 1
2325 3582 1
656 3285 1
1506 1172 1
2097 2184 1
3192 3578 1
1749 2862 1
4331 3308 1
3246 3600 1
4286 638 1
2543 2453 1
821 449 1
858 2706 1
3810 3233 1
3810 4115 1
3810 1350 1
3810 1119 1
3810 188 1
3695 3310 1
3695 657 1
2600 841 1
3709 3717 1
3100 1140 1
2820 4127 1
3360 4307 1
1630 1066 1
1630 2592 1
1630 3446 1
1872 181 1
3022 2323 1
3022 1785 1
3461 4281 1
3461 1864 1
4202 353 1
3562 793 1
3867 2812 1
3462 691 1
155 2513 1
2643 3793 1
822 2719 1
4260 42 1
4035 1771 1
3774 454 1
2850 3949 1
2227 975 1
2227 2620 1
2227 1768 1
2227 341 1
2227 2439 1
1035 3566 1
2069 4349 1
4360 3333 1
2715 3900 1
2049 3845 1
1249 2437 1
1211 3934 1
485 4278 1
2478 3166 1
4078 2013 1
2605 4057 1
1782 1330 1
2812 670 1
2812 1882 1
2812 4153 1
3323 216 1
438 1727 1
438 19 1
3734 2228 1
3641 2465 1
3641 174 1
2115 3182 1
3607 2082 1
2110 1274 1
2110 2190 1
3531 3937 1
885 2861 1
1042 1608 1
1042 1862 1
1263 639 1
96 1363 1
1636 2416 1
3029 2248 1
3029 1458 1
3029 3555 1
883 1957 1
1797 4177 1
960 2647 1
1491 2787 1
1236 4285 1
50 3286 1
3159 1413 1
890 2148 1
943 3744 1
112 2902 1
287 2310 1
1106 2466 1
1106 2321 1
511 2585 1
511 2402 1
511 2462 1
511 3443 1
511 1000 1
511 3530 1
511 1701 1
511 2360 1
511 2224 1
511 2879 1
511 2965 1
511 812 1
511 910 1
511 289 1
511 2120 1
511 283 1
511 2857 1
511 3424 1
511 2799 1
511 3563 1
511 2569 1
3821 336 1
3821 1859 1
2201 271 1
107 3494 1
1903 240 1
1903 2519 1
1903 1878 1
1064 107 1
3386 2084 1
206 2562 1
1850 1366 1
2392 985 1
1365 1746 1
2929 4117 1
3832 3590 1
2957 1548 1
3756 1700 1
1109 1460 1
255 802 1
255 2689 1
4081 2156 1
1927 3763 1
1791 4074 1
1136 136 1
1136 1481 1
3792 3210 1
855 1794 1
1281 1473 1
541 4064 1
541 4329 1
541 2185 1
2139 3401 1
2672 1708 1
621 69 1
1167 4318 1
2609 3068 1
395 3956 1
395 3642 1
789 129 1
118 1446 1
3165 462 1
3691 2414 1
3691 3252 1
911 1338 1
3782 2311 1
1356 1499 1
2189 4212 1
330 2332 1
330 496 1
1179 1164 1
1179 2256 1
1179 2846 1
1179 2894 1
1179 1969 1
1179 3664 1
1179 4332 1
1179 663 1
1179 586 1
1179 1849 1
1179 121 1
1179 12 1
1179 3432 1
1179 1888 1
1179 2534 1
1179 893 1
1179 4155 1
1179 357 1
1412 1778 1
652 3206 1
2260 4319 1
2043 205 1
97 1361 1
3175 1414 1
3828 1384 1
434 2299 1
434 924 1
434 722 1
3450 2339 1
3185 3139 1
2655 1587 1
2655 688 1
2655 2793 1
2655 872 1
2655 328 1
2655 327 1
3407 828 1
3407 1604 1
2581 162 1
2581 4290 1
2581 3346 1
3757 3575 1
4085 843 1
3687 4365 1
196 3451 1
342 2298 1
3961 2742 1
3643 2496 1
1857 3330 1
2788 1178 1
4364 1184 1
4364 2132 1
4364 3868 1
197 2144 1
2119 2632 1
1971 385 1
3405 3557 1
74 751 1
1783 594 1
4241 4029 1
3030 1542 1
3030 3167 1
692 4055 1
692 740 1
692 3935 1
483 3692 1
655 568 1
655 3112 1
655 3747 1
655 1593 1
655 2733 1
655 829 1
655 130 1
2954 1827 1
2954 2953 1
2954 2400 1
3799 4018 1
3723 3558 1
2520 1840 1
2520 3318 1
539 3201 1
4116 3477 1
2071 2503 1
1999 4185 1
1000 1419 1
1190 1658 1
894 290 1
894 1467 1
3374 2126 1
1767 1724 1
2737 2927 1
1607 2497 1
1199 4097 1
1189 1577 1
1189 3670 1
2662 2819 1
2662 67 1
1067 104 1
1067 1808 1
2588 2776 1
479 3331 1
479 1963 1
4315 4229 1
3724 542 1
3962 4259 1
1037 202 1
2736 2284 1
1960 236 1
2610 4112 1
2610 1438 1
2607 85 1
1228 3387 1
1228 291 1
1228 548 1
1228 3523 1
3212 2354 1
2469 1228 1
2469 2239 1
1640 1879 1
647 2870 1
647 571 1
3895 41 1
3668 1697 1
1914 2259 1
3611 2430 1
120 3631 1
4130 1684 1
3195 2359 1
1870 533 1
707 2983 1
707 2111 1
707 824 1
2163 2818 1
3572 309 1
3572 385 1
759 3536 1
3823 1492 1
2081 2036 1
3525 3657 1
371 246 1
3648 3009 1
4180 2738 1
3231 1822 1
1720 3433 1
1310 720 1
3150 2245 1
3150 813 1
4119 2312 1
3471 1264 1
600 1187 1
600 1661 1
600 3389 1
244 237 1
292 3843 1
2270 464 1
2133 3497 1
2914 2734 1
1200 3045 1
3981 3787 1
68 843 1
920 311 1
2871 3910 1
2640 3108 1
1475 1018 1
1475 3986 1
2149 182 1
3851 3797 1
2813 844 1
2290 2174 1
480 224 1
2397 537 1
2292 1148 1
2369 3357 1
1443 753 1
2659 2313 1
3423 3253 1
3908 2679 1
905 31 1
891 3550 1
229 2637 1
2781 1531 1
994 1342 1
2459 3426 1
3140 2005 1
1685 1796 1
1685 2219 1
1685 386 1
1685 1463 1
1754 4156 1
1598 2214 1
2262 2575 1
3351 2531 1
3111 2910 1
2068 367 1
677 4165 1
2694 3248 1
406 241 1
2471 787 1
1395 3144 1
1395 1550 1
1558 2302 1
3552 432 1
3250 3309 1
1724 3929 1
1724 2800 1
1724 2825 1
1724 2680 1
1724 2977 1
1724 1761 1
1724 2952 1
1724 2424 1
1724 2903 1
1724 3858 1
1724 806 1
1724 4019 1
1724 679 1
1724 2730 1
1724 4100 1
3869 2016 1
3869 275 1
3896 1913 1
412 1029 1
412 2958 1
2635 1303 1
2635 2808 1
2635 1863 1
2635 2086 1
2635 21 1
2635 2399 1
2635 1420 1
2635 3221 1
2635 383 1
2635 3141 1
2635 1763 1
2635 2195 1
3653 1344 1
2244 1759 1
875 3303 1
199 1191 1
1779 2362 1
2455 1560 1
175 919 1
268 695 1
3916 3584 1
2863 2546 1
176 312 1
4012 2172 1
4012 3567 1
4216 1075 1
2880 805 1
2880 4335 1
2343 2351 1
2029 1926 1
3329 2816 1
3329 4378 1
4239 417 1
661 1315 1
1976 119 1
4162 2622 1
1383 2168 1
1873 4215 1
570 540 1
86 2051 1
2946 3273 1
384 2263 1
384 1947 1
1171 2025 1
1669 3230 1
2804 3000 1
1904 2134 1
2166 1046 1
2166 929 1
2166 3430 1
3179 3610 1
1629 3545 1
1836 1267 1
1836 1663 1
1470 106 1
1831 4207 1
1831 3528 1
4366 2614 1
4366 3127 1
451 1644 1
3259 3986 1
1048 1450 1
1048 2434 1
2998 73 1
151 1335 1
463 4240 1
463 2382 1
3537 1723 1
2215 1250 1
998 4358 1
2504 4267 1
2002 1214 1
1393 2368 1
788 3521 1
3464 930 1
4000 2187 1
2026 2482 1
2026 816 1
2026 3751 1
2026 1292 1
2026 3033 1
2026 1177 1
4044 4209 1
3266 3121 1
3441 4270 1
3445 24 1
3445 1615 1
3990 3442 1
3089 526 1
3689 33 1
1508 3103 1
1508 1381 1
437 2475 1
3982 2616 1
3222 2869 1
3222 4184 1
3222 3370 1
3222 3599 1
3222 3745 1
2088 4249 1
2088 1461 1
2088 2089 1
2088 2901 1
1616 272 1
1657 866 1
4157 300 1
907 399 1
1502 3860 1
3721 418 1
3069 2617 1
1196 2642 1
2074 3337 1
1267 170 1
1267 903 1
1267 971 1
3241 461 1
3624 4337 1
672 729 1
672 3478 1
672 2300 1
672 2122 1
672 439 1
672 1853 1
672 4151 1
672 995 1
672 1795 1
672 1319 1
672 440 1
672 4142 1
2374 3568 1
426 282 1
558 697 1
752 1934 1
2197 1685 1
22 3941 1
3999 471 1
3999 2959 1
3076 28 1
3338 1153 1
4143 2848 1
702 1302 1
884 2306 1
1611 886 1
898 3973 1
3635 1627 1
1997 868 1
2366 1532 1
1601 3713 1
4089 247 1
1238 2052 1
3305 1386 1
705 497 1
2578 1161 1
3297 3970 1
2431 1004 1
921 4105 1
1231 2138 1
1231 2817 1
1231 927 1
1231 2888 1
2118 2495 1
2118 731 1
2458 1017 1
3690 110 1
1538 2375 1
2651 1403 1
183 932 1
1375 757 1
2877 832 1
2319 2767 1
2087 1566 1
3354 3403 1
3247 3612 1
3738 3355 1
3738 351 1
1816 1581 1
756 4367 1
756 3395 1
923 3186 1
3176 2349 1
2282 4052 1
2282 713 1
1026 1500 1
620 1449 1
2258 737 1
4069 869 1
1851 4167 1
3404 3591 1
4251 2227 1
4251 2981 1
4251 943 1
4251 4096 1
4251 2823 1
4251 1639 1
4251 3325 1
4251 3476 1
4251 508 1
4251 2731 1
4251 1824 1
4251 1354 1
4251 3665 1
4251 2858 1
1283 912 1
2129 4245 1
2979 1780 1
848 209 1
2396 3621 1
2205 2524 1
1417 3117 1
3784 39 1
572 4346 1
2695 736 1
2695 2476 1
400 2196 1
2885 204 1
1993 3660 1
754 2549 1
754 1326 1
293 1676 1
293 1144 1
3503 4089 1
521 1939 1
3576 1819 1
3294 2379 1
1556 123 1
3960 355 1
772 1714 1
1482 3903 1
3700 4213 1
3700 467 1
3700 4262 1
3700 1130 1
3700 3644 1
3700 1401 1
3700 2999 1
3700 602 1
3700 2558 1
3700 518 1
3510 3852 1
2383 4122 1
3242 1880 1
1239 3919 1
4297 3992 1
3688 3336 1
3535 605 1
2595 1060 1
2933 2295 1
2688 2286 1
1911 126 1
1468 4263 1
1834 2973 1
1591 158 1
3205 2752 1
98 2766 1
2656 4133 1
404 1355 1
2022 150 1
475 2252 1
3074 2275 1
456 1402 1
4304 2559 1
922 3156 1
3889 1885 1
3889 3235 1
458 3957 1
458 3873 1
1535 2735 1
2200 3606 1
3906 2296 1
3906 3501 1
3906 2702 1
1736 875 1
775 40 1
981 2024 1
981 4121 1
2053 3862 1
1840 2094 1
525 4183 1
3422 1162 1
559 4352 1
2109 1838 1
2109 1694 1
3396 2895 1
1876 156 1
4111 2457 1
1397 3058 1
1397 1995 1
1397 1798 1
1397 1977 1
1397 4140 1
1397 3376 1
1397 1730 1
1397 2157 1
1397 3788 1
1397 3617 1
1397 2663 1
3720 1757 1
1814 1251 1
2278 1468 1
2918 1734 1
3569 3838 1
3569 2932 1
1825 3918 1
934 2385 1
2533 1305 1
2027 2855 1
2809 3682 1
2809 4163 1
1024 2621 1
4103 1706 1
1229 1154 1
798 4339 1
798 1891 1
2849 1561 1
2849 3886 1
2708 2892 1
590 2761 1
2789 1115 1
87 2456 1
1543 1717 1
4309 3746 1
4309 2176 1
4309 3942 1
2479 3457 1
2479 3794 1
1718 141 1
567 2152 1
1612 2893 1
1118 3517 1
4283 996 1
1183 4279 1
2566 3518 1
1705 1084 1
3174 3953 1
3174 3361 1
897 4126 1
1352 1471 1
1915 3506 1
3236 615 1
1890 2152 1
769 569 1
769 2358 1
769 2637 1
769 3811 1
769 1490 1
769 2923 1
769 588 1
1856 1630 1
2838 443 1
4325 1337 1
4325 527 1
4325 2021 1
4325 1043 1
4325 931 1
4325 4300 1
2194 3870 1
2711 2936 1
534 1309 1
2898 874 1
1668 4102 1
2341 3234 1
333 4377 1
3057 649 1
1949 789 1
3632 135 1
3632 2090 1
2167 2181 1
4280 2909 1
1068 2446 1
1339 1546 1
1103 655 1
3025 245 1
315 959 1
4250 513 1
961 1826 1
970 354 1
970 616 1
1735 3317 1
1735 2571 1
4040 3244 1
4379 2158 1
728 2911 1
3613 3882 1
624 2017 1
624 1802 1
4150 1574 1
531 636 1
3678 3905 1
1227 790 1
3384 4292 1
3997 3915 1
2801 149 1
3051 1065 1
1328 3881 1
4099 2658 1
1533 1942 1
1533 3162 1
3484 4041 1
3484 2472 1
3484 1480 1
2463 3842 1
2463 1141 1
686 3135 1
4013 360 1
2137 4171 1
967 3393 1
55 682 1
2615 804 1
2810 257 1
1168 976 1
945 1713 1
946 2764 1
3473 137 1
3473 1504 1
254 563 1
254 2072 1
254 4359 1
254 1204 1
144 3898 1
144 3268 1
4039 2238 1
4039 2955 1
4039 3105 1
2567 2779 1
3684 3924 1
3684 4145 1
3684 2992 1
3684 4046 1
1053 3047 1
3116 2052 1
1336 1649 1
2755 4217 1
1679 3546 1
1679 2346 1
1679 977 1
2099 4273 1
99 953 1
2560 1272 1
2560 1523 1
154 1514 1
1002 4154 1
4235 1654 1
4235 4236 1
3356 2014 1
3356 2536 1
3356 4371 1
2753 3742 1
1232 308 1
1459 3914 1
3558 1817 1
3558 3725 1
1323 2000 1
1323 629 1
1306 3482 1
1651 1012 1
523 4299 1
2480 3785 1
4033 1007 1
1080 35 1
617 3061 1
763 1707 1
499 1327 1
446 4060 1
478 2639 1
791 2516 1
710 460 1
710 1188 1
3976 662 1
2491 1667 1
3216 3237 1
1135 3038 1
2467 3158 1
3160 4214 1
3320 1589 1
1353 63 1
1192 1741 1
1081 2218 1
340 987 1
4098 1129 1
4230 2004 1
4230 4136 1
3439 1126 1
2130 3257 1
978 2077 1
978 690 1
892 3406 1
892 3146 1
3341 3791 1
2407 1812 1
687 1351 1
1896 3189 1
1285 3771 1
1493 208 1
1493 2240 1
3940 573 1
192 2896 1
3616 2826 1
36 580 1
36 815 1
36 3062 1
36 3856 1
1113 172 1
739 2169 1
2782 3239 1
356 2028 1
1245 4010 1
3710 2875 1
210 3130 1
1747 3574 1
3412 2280 1
3412 3197 1
3142 3278 1
3142 1371 1
1098 981 1
3872 3675 1
3872 318 1
1978 1677 1
1978 3808 1
2015 4380 1
73 43 1
73 1343 1
73 2236 1
73 1792 1
73 1208 1
73 2995 1
73 3758 1
3983 2266 1
3452 248 1
1069 4104 1
2044 3614 1
2044 1374 1
2044 4198 1
2044 2091 1
2044 2279 1
2044 4341 1
2044 1193 1
2044 1699 1
2044 189 1
2044 2917 1
2044 3380 1
2044 2982 1
2044 2824 1
2044 1691 1
2044 2561 1
2044 44 1
2044 2920 1
2044 2811 1
2044 1427 1
2044 2070 1
2044 4227 1
2044 830 1
2044 2956 1
2044 1647 1
2044 2483 1
2044 316 1
2044 1230 1
2044 82 1
2044 3349 1
2044 378 1
45 3923 1
95 2821 1
95 3466 1
4228 3920 1
1169 1312 1
2602 730 1
941 2754 1
3453 3447 1
2204 3693 1
1956 799 1
3362 1541 1
2993 1702 1
1279 374 1
1279 88 1
2320 4058 1
2335 808 1
673 1606 1
823 2352 1
823 1544 1
823 1711 1
823 70 1
823 1252 1
3460 2669 1
3460 1009 1
3460 2984 1
2686 1659 1
2686 3064 1
1209 3315 1
1321 2790 1
3995 803 1
3995 3783 1
1275 3154 1
2924 1075 1
2924 714 1
2924 3577 1
234 1311 1
234 849 1
715 459 1
1509 3993 1
1509 3598 1
827 4161 1
827 2780 1
678 1833 1
2438 1709 1
2363 3279 1
2411 1442 1
2037 3474 1
2355 793 1
2107 880 1
2107 1551 1
2107 390 1
2107 3726 1
2107 2417 1
2107 3203 1
2107 127 1
2107 2061 1
2373 3081 1
4138 1019 1
3097 392 1
696 1961 1
2315 2506 1
1472 1662 1
1378 3700 1
363 2267 1
363 876 1
833 917 1
3215 2428 1
1259 4275 1
3135 4326 1
3135 2851 1
3135 4328 1
2141 925 1
494 2314 1
3040 1962 1
4010 4129 1
1946 152 1
4370 4101 1
2931 3922 1
2949 217 1
2949 78 1
2949 4223 1
2484 817 1
1570 1329 1
3345 2606 1
1034 3649 1
1498 3019 1
1733 401 1
3048 1235 1
2876 1212 1
3803 2915 1
1213 3818 1
723 2019 1
2202 643 1
2202 3399 1
3622 3421 1
4072 124 1
1146 1895 1
574 2726 1
2865 486 1
1633 2284 1
3311 4252 1
3311 4310 1
724 807 1
3065 2697 1
2654 408 1
2654 4186 1
2654 1650 1
2391 544 1
2391 1220 1
2421 3014 1
2611 3921 1
1016 3028 1
1967 3930 1
3480 1675 1
433 2182 1
2075 8 1
3505 3694 1
3481 871 1
1107 2301 1
1107 2357 1
904 1298 1
1760 3402 1
2661 3963 1
2661 4276 1
2661 1380 1
2661 1403 1
2661 1729 1
3279 379 1
1564 2976 1
3335 810 1
3335 1979 1
3335 599 1
3335 229 1
3335 769 1
3324 982 1
3324 3655 1
3213 1908 1
2350 3059 1
1748 1364 1
1145 2690 1
4036 2985 1
4036 1149 1
1547 1874 1
405 4376 1
3269 3358 1
3874 2943 1
4106 3145 1
4106 442 1
785 2727 1
3456 2525 1
2713 2989 1
80 1894 1
535 1385 1
2386 3034 1
4204 1307 1
3952 4243 1
1923 3589 1
3780 2395 1
560 818 1
1096 321 1
3187 3491 1
325 1005 1
1105 1964 1
3234 114 1
3234 1645 1
3234 2492 1
3234 3299 1
3234 2744 1
3234 2913 1
3234 2254 1
3234 825 1
3234 1545 1
3234 83 1
3234 4274 1
3234 3371 1
3234 3967 1
3234 3053 1
3234 2165 1
3234 2042 1
3234 1358 1
3234 3001 1
3234 2177 1
3234 1271 1
3234 3313 1
3234 1181 1
3234 4231 1
3234 380 1
3234 582 1
3234 1462 1
1737 3931 1
4015 1180 1
3208 1540 1
1070 1093 1
3157 2748 1
358 1494 1
2225 2835 1
489 1074 1
3144 1528 1
1155 1447 1
3173 4034 1
2692 3901 1
556 4295 1
556 2505 1
1288 3184 1
2906 1423 1
2906 3609 1
3964 3280 1
2207 1510 1
2860 3754 1
3849 3597 1
1362 2868 1
612 3759 1
612 3659 1
2001 2834 1
2555 227 1
2555 481 1
2577 2745 1
2577 820 1
1739 1110 1
1739 3410 1
1739 1323 1
180 3390 1
2330 969 1
1304 2961 1
913 4158 1
2681 3322 1
3302 3339 1
2294 179 1
1089 277 1
1089 512 1
249 4139 1
249 3627 1
632 2594 1
2930 3043 1
2648 2175 1
2673 1696 1
2967 2575 1
1809 676 1
1809 2092 1
3044 3379 1
1415 2422 1
469 71 1
4294 260 1
4193 2586 1
684 1815 1
2978 719 1
3642 4053 1
3642 3814 1
3642 575 1
3642 2980 1
2883 2076 1
2883 4071 1
3674 2712 1
850 3977 1
850 3706 1
1215 3595 1
1704 381 1
1704 1672 1
1704 3137 1
1704 3844 1
1704 1843 1
1821 1579 1
1937 938 1
3063 3890 1
990 630 1
3704 3925 1
1989 1938 1
1989 1047 1
1453 3092 1
4296 1010 1
1308 3843 1
2054 3082 1
1917 3565 1
3716 4083 1
3716 2583 1
1536 3809 1
2805 2847 1
2630 4187 1
546 1619 1
4141 3551 1
3119 4347 1
4090 23 1
4090 1725 1
373 618 1
373 2717 1
373 3599 1
490 262 1
3217 4194 1
1527 1492 1
603 750 1
4120 4045 1
3532 193 1
89 403 1
583 3666 1
2428 3136 1
4258 2127 1
536 704 1
3556 515 1
1521 3201 1
3861 766 1
3761 1958 1
2579 3344 1
3353 4246 1
3353 2874 1
1244 387 1
4016 164 1
2220 1425 1
2884 1040 1
2884 3199 1
2884 2590 1
1044 145 1
3287 397 1
509 5 1
509 576 1
3128 1295 1
1217 2709 1
3180 2521 1
3748 1590 1
1715 4339 1
1799 3798 1
1799 3002 1
1799 1716 1
991 4244 1
4065 370 1
1484 2507 1
3444 3190 1
1479 3245 1
1479 477 1
2241 2404 1
3207 2316 1
2627 2634 1
1428 3307 1
1428 2962 1
1428 747 1
1906 1972 1
1906 993 1
3586 2636 1
1800 835 1
3066 422 1
4188 4308 1
4211 989 1
1698 4011 1
2498 3645 1
269 1036 1
46 1731 1
1744 2078 1
102 1671 1
3944 1918 1
3944 837 1
3944 3676 1
3718 2762 1
2161 1871 1
668 3032 1
3227 2221 1
2722 1580 1
2722 75 1
2057 1991 1
3079 721 1
3079 2499 1
1945 1160 1
3893 2412 1
1132 3772 1
1847 3500 1
1847 2830 1
4124 3120 1
4124 3251 1
3749 3615 1
1974 1159 1
1974 2237 1
2677 709 1
2485 1020 1
2066 2928 1
1928 1435 1
1928 2142 1
1928 47 1
1928 2451 1
331 1023 1
3147 2768 1
2135 1921 1
3650 25 1
4146 1182 1
3887 76 1
2229 4020 1
899 2738 1
13 1477 1
1001 1631 1
274 1901 1
4291 755 1
3857 3363 1
2542 2568 1
2544 2222 1
1769 2206 1
4200 3880 1
4200 4056 1
4200 3593 1
4200 3502 1
4200 221 1
4200 2937 1
4200 1433 1
4200 2318 1
4200 1432 1
4200 4303 1
4168 1655 1
385 2756 1
3939 2064 1
3663 4076 1
501 4287 1
3113 1201 1
3113 2803 1
2584 3835 1
2758 2370 1
2758 1090 1
2758 781 1
2758 2198 1
2758 3413 1
2758 3651 1
2297 801 1
1099 4006 1
3289 2563 1
4128 3822 1
1033 4320 1
2272 212 1
2272 2216 1
1421 3658 1
1421 2572 1
1465 2711 1
2502 717 1
298 4203 1
554 1844 1
79 441 1
3359 1586 1
486 538 1
486 4191 1
486 3542 1
486 3824 1
486 2649 1
486 1823 1
486 2145 1
486 3163 1
3332 786 1
2398 3411 1
4123 2603 1
3508 4375 1
664 3605 1
664 4242 1
2226 2045 1
2154 1573 1
3753 2191 1
3753 2193 1
3629 4248 1
423 3177 1
2839 3440 1
4314 3438 1
2852 3306 1
2388 2783 1
3463 3381 1
597 1883 1
281 1021 1
699 4032 1
2067 634 1
160 3416 1
4271 4317 1
2003 1324 1
2003 767 1
2003 4027 1
2232 2703 1
1637 613 1
1688 140 1
3676 3327 1
3676 792 1
3676 233 1
3676 4225 1
3676 1626 1
3676 1175 1
3676 3454 1
3676 4305 1
3676 3954 1
3676 666 1
3676 4003 1
3676 1456 1
3676 1848 1
3676 839 1
3676 3564 1
3676 711 1
3676 2481 1
601 3812 1
601 1710 1
601 1270 1
1955 1632 1
4373 3391 1
2112 305 1
3155 3647 1
393 1265 1
1854 1599 1
2754 3559 1
1892 1387 1
3254 4159 1
3254 2517 1
3529 3673 1
2033 3628 1
2033 1943 1
3907 453 1
223 203 1
51 411 1
51 1277 1
2376 2700 1
2376 2322 1
1755 1820 1
956 2283 1
1117 1409 1
3388 3581 1
4363 4172 1
1247 3099 1
413 3972 1
413 4282 1
2100 3927 1
1893 887 1
250 773 1
2104 2358 1
1170 163 1
4082 2988 1
4082 1889 1
407 2919 1
1085 3083 1
3522 3149 1
3671 343 1
3671 3084 1
1678 604 1
565 2486 1
565 1832 1
4354 1806 1
2105 225 1
1293 2968 1
1841 4269 1
3321 644 1
1801 4134 1
3554 3265 1
3554 519 1
1246 1434 1
3646 4277 1
1071 1185 1
1116 72 1
3877 4025 1
2116 926 1
1852 1752 1
1316 1179 1
2364 2963 1
2106 2944 1
944 109 1
3932 157 1
3932 3151 1
4361 1931 1
307 3109 1
1743 646 1
1418 3057 1
1418 4336 1
131 3739 1
2853 826 1
3608 653 1
48 2683 1
173 2701 1
2178 2511 1
1054 3364 1
1224 3139 1
3696 482 1
3696 1615 1
3696 1364 1
3696 2906 1
3696 2997 1
2303 2644 1
3859 4312 1
3855 2255 1
1529 823 1
3467 3132 1
11 1006 1
1775 1963 1
606 1827 1
4091 2348 1
598 3620 1
3365 231 1
685 2650 1
4292 2170 1
2208 3004 1
2 1867 1
3987 3703 1
3987 2389 1
3625 3282 1
125 633 1
4181 3218 1
18 3549 1
18 3702 1
4334 3429 1
4218 498 1
4218 2358 1
4218 3291 1
194 863 1
3288 220 1
258 132 1
706 2432 1
2629 2582 1
2750 2666 1
1968 544 1
1968 4066 1
3272 3773 1
3800 3262 1
2553 2625 1
596 1791 1
596 939 1
596 3795 1
596 2223 1
596 2401 1
596 3240 1
596 3596 1
596 1439 1
596 3917 1
596 3284 1
596 2539 1
596 3341 1
596 2143 1
596 2775 1
596 2335 1
596 4088 1
596 2991 1
596 3326 1
596 735 1
596 3853 1
596 1549 1
596 2974 1
596 1941 1
596 1992 1
596 1554 1
596 2822 1
596 1348 1
596 1818 1
3003 1248 1
185 3005 1
4330 1985 1
1233 3143 1
1233 2124 1
703 3604 1
703 3382 1
703 3958 1
3106 3871 1
1764 1648 1
3755 4139 1
3755 296 1
3899 2522 1
3899 1935 1
1441 771 1
2945 2696 1
3232 1197 1
32 2538 1
1072 3473 1
1334 3776 1
2408 2379 1
1158 3024 1
113 3779 1
3807 1582 1
2732 1027 1
4092 765 1
66 1242 1
4021 3988 1
336 4343 1
336 3839 1
336 3743 1
336 306 1
336 128 1
336 900 1
336 983 1
336 2265 1
336 2908 1
336 1260 1
336 3650 1
336 727 1
336 954 1
336 2418 1
3035 3393 1
814 1440 1
864 543 1
2242 2249 1
1858 1022 1
1858 2150 1
2055 2515 1
665 1489 1
1497 3904 1
2836 914 1
2836 2230 1
1357 1950 1
1357 2769 1
993 1507 1
993 1424 1
167 3638 1
84 372 1
368 3570 1
368 2365 1
368 3434 1
4007 547 1
1569 555 1
3408 1520 1
1049 429 1
2940 973 1
4238 2990 1
3656 3623 1
3786 3846 1
3070 2934 1
198 2540 1
3969 936 1
3969 2723 1
3712 4109 1
3712 3714 1
1142 3831 1
867 484 1
2964 1088 1
3769 1652 1
979 2762 1
979 2305 1
4301 3138 1
3567 1147 1
3567 3752 1
2449 2777 1
845 2276 1
3392 4024 1
3219 3377 1
3219 251 1
3008 1091 1
1333 3435 1
1513 4219 1
815 3547 1
815 4355 1
815 3094 1
3459 1522 1
1474 3375 1
4131 3373 1
4131 1294 1
487 4233 1
3740 741 1
2612 906 1
2612 878 1
1617 796 1
947 3585 1
2285 1486 1
2285 3460 1
2285 143 1
4004 3560 1
184 3894 1
1411 587 1
264 441 1
57 592 1
1592 3334 1
1592 3229 1
1203 2034 1
760 1430 1
3152 2526 1
207 3775 1
3573 1266 1
3680 2171 1
3926 3965 1
2795 4256 1
3770 654 1
3214 3891 1
3214 3767 1
3214 3027 1
1756 1897 1
901 2050 1
2128 1674 1
3455 3511 1
3495 3886 1
1095 2487 1
62 2273 1
2671 4001 1
631 2235 1
4232 1268 1
4232 1742 1
314 3955 1
3873 4298 1
3873 138 1
3873 2096 1
3873 3885 1
3873 488 1
3873 2564 1
491 3909 1
4261 3078 1
362 4274 1
362 502 1
3036 693 1
895 300 1
461 3114 1
461 896 1
461 4368 1
461 607 1
461 1253 1
461 762 1
461 3437 1
461 3486 1
461 3124 1
461 2969 1
461 2121 1
101 2151 1
2890 550 1
3707 2889 1
770 267 1
1120 2765 1
1120 4164 1
2628 3487 1
4135 4113 1
2059 2657 1
3760 1278 1
4008 2293 1
2867 2253 1
948 3789 1
2994 1061 1
3509 447 1
3509 1194 1
3509 2608 1
3509 218 1
3507 2674 1
3101 3806 1
2264 1776 1
2791 3340 1
1568 1346 1
1568 964 1
1568 1451 1
265 2827 1
797 1408 1
579 800 1
1920 3314 1
1866 1092 1
1866 2899 1
3274 3398 1
1965 3984 1
1296 3224 1
3378 2057 1
1127 419 1
940 1226 1
4353 4338 1
4353 168 1
3276 1933 1
3276 1860 1
3276 3904 1
3276 2190 1
3276 738 1
17 304 1
2020 1176 1
2095 3660 1
2261 4114 1
3191 1404 1
595 4224 1
909 468 1
352 1347 1
352 2101 1
1496 139 1
3672 64 1
3052 779 1
3052 4322 1
3052 3897 1
3052 3979 1
3052 1753 1
3052 1516 1
1043 4073 1
1043 2381 1
1043 675 1
3470 4061 1
1859 37 1
1859 4022 1
1859 1512 1
1859 1360 1
1859 522 1
1859 3343 1
1859 2631 1
625 916 1
625 409 1
1695 2759 1
3652 444 1
2665 2532 1
1990 4251 1
1990 3092 1
1990 2698 1
3826 2155 1
4347 435 1
4347 1255 1
4347 3 1
4347 1122 1
4347 361 1
3536 1772 1
3536 2268 1
3366 1692 1
2338 2514 1
746 334 1
999 2429 1
4205 1290 1
4205 1842 1
4205 794 1
1112 2260 1
2329 3765 1
1628 1405 1
2406 1534 1
3485 3637 1
3913 1602 1
3913 1998 1
3913 222 1
238 1804 1
503 1083 1
2444 1595 1
1454 4344 1
1454 3731 1
1454 856 1
1454 1317 1
2691 2435 1
3579 81 1
2786 514 1
2271 3290 1
4321 2277 1
2746 1083 1
1670 2527 1
1552 3091 1
495 3833 1
1526 1723 1
949 329 1
2960 2763 1
3316 1185 1
3054 1313 1
3054 1886 1
4293 4062 1
2528 1563 1
3904 3258 1
3904 414 1
3904 1015 1
3904 1860 1
3904 313 1
1594 242 1
3945 3490 1
2083 2675 1
2083 4047 1
1813 1660 1
3599 2006 1
3504 1133 1
1206 4002 1
1206 1195 1
4247 3768 1
2210 3815 1
448 1121 1
1131 4237 1
1131 2557 1
473 2831 1
177 614 1
177 3488 1
3204 1703 1
637 2947 1
3533 3400 1
641 3183 1
1437 398 1
1437 851 1
1437 3023 1
658 577 1
2113 2140 1
1613 3293 1
2751 3075 1
2160 3602 1
1784 2740 1
3200 1013 1
2854 745 1
581 1680 1
842 2039 1
2941 4272 1
1256 26 1
1086 507 1
1379 2552 1
2797 3498 1
2704 2212 1
4197 1845 1
1431 748 1
3077 4118 1
4282 1444 1
4282 623 1
2269 2727 1
648 359 1
1789 4234 1
1898 103 1
1898 2390 1
1898 862 1
1898 3312 1
1898 3489 1
1898 761 1
966 2660 1
3006 276 1
3006 2179 1
551 3011 1
1173 3144 1
3879 1 1
1309 4327 1
1576 3543 1
2452 2199 1
4374 4050 1
1225 2843 1
795 510 1
2322 957 1
1102 3133 1
778 1503 1
225 1750 1
225 1929 1
225 178 1
225 3196 1
225 2405 1
225 2601 1
225 1156 1
225 2887 1
225 3385 1
225 4369 1
225 3618 1
225 326 1
225 3933 1
225 211 1
225 56 1
3168 1899 1
4132 596 1
1139 2687 1
3085 1289 1
4342 1318 1
2837 1051 1
4313 859 1
2728 117 1
528 2518 1
3583 589 1
3801 3978 1
1875 256 1
1875 2763 1
711 516 1
711 3974 1
711 2056 1
711 1811 1
711 1399 1
4288 2107 1
549 2796 1
549 344 1
2593 2509 1
524 2304 1
4093 2423 1
2738 345 1
2738 1693 1
4059 611 1
3594 1682 1
1732 2419 1
301 1505 1
3071 1537 1
3829 2970 1
3705 877 1
3592 1786 1
299 1464 1
4042 2624 1
4042 2114 1
667 902 1
1240 2336 1
3729 4090 1
2770 3107 1
1828 694 1
846 2377 1
1134 2872 1
749 288 1
749 4107 1
840 3820 1
3989 3496 1
3492 4075 1
873 1597 1
1174 2888 1
2440 2250 1
230 3477 1
230 552 1
230 1829 1
1614 1198 1
1448 2922 1
1448 310 1
683 410 1
1603 1568 1
2046 3633 1
819 4255 1
1988 1297 1
1988 1390 1
146 3606 1
146 889 1
146 1596 1
146 742 1
146 1276 1
146 455 1
146 3031 1
146 2448 1
146 339 1
146 3015 1
146 58 1
146 1454 1
146 3863 1
146 733 1
146 1368 1
2488 3810 1
2488 3148 1
2641 4023 1
2426 3324 1
4199 1341 1
4199 3397 1
1656 3164 1
1280 3544 1
65 1562 1
1810 777 1
3198 1128 1
3090 3733 1
3935 2012 1
3935 3118 1
3935 2693 1
3935 4195 1
3935 1690 1
3935 3037 1
3935 1621 1
169 38 1
3131 3007 1
450 3352 1
3171 2347 1
2307 2106 1
4009 2018 1
3683 578 1
4005 3067 1
852 270 1
3732 1623 1
3732 1300 1
3732 4148 1
52 2065 1
52 1773 1
636 1567 1
2387 3968 1
2387 847 1
831 1714 1
2333 4245 1
2699 3836 1
2699 1803 1
1559 1575 1
659 3686 1
3126 3026 1
3126 1284 1
3126 782 1
3126 1975 1
3126 1058 1
3126 3223 1
3126 3049 1
49 1850 1
49 2008 1
49 3847 1
49 1011 1
2291 1634 1
1963 3911 1
2317 253 1
2317 77 1
2317 1618 1
2317 1097 1
2317 2427 1
712 2771 1
1638 3122 1
3261 492 1
239 4043 1
3587 1143 1
402 4077 1
402 2653 1
3255 3875 1
2308 2921 1
4108 4174 1
4108 4364 1
415 532 1
366 165 1
2682 3458 1
2682 2340 1
2682 660 1
3283 396 1
3283 3837 1
303 2907 1
303 2806 1
853 2493 1
1269 213 1
1269 1922 1
3349 3225 1
1377 147 1
533 1719 1
533 1646 1
533 2972 1
533 3711 1
533 2652 1
533 758 1
533 4079 1
533 2233 1
533 3888 1
533 2670 1
533 2576 1
533 3685 1
533 2591 1
3512 3087 1
3634 2717 1
4166 1457 1
1388 3784 1
294 3902 1
609 2645 1
3394 2668 1
3291 364 1
3291 4054 1
3291 2445 1
3291 1986 1
4026 1233 1
470 2358 1
470 986 1
1987 3256 1
3098 950 1
3098 1137 1
1031 3948 1
2041 2508 1
3088 1082 1
1865 3796 1
1483 3479 1
1282 171 1
3894 2023 1
3894 870 1
860 3211 1
2309 369 1
1114 3420 1
1909 1912 1
3571 2547 1
1406 2131 1
1745 2117 1
933 1452 1
933 2772 1
2378 834 1
2554 530 1
2554 2798 1
2554 908 1
2554 232 1
963 3381 1
1588 3947 1
1588 4345 1
4031 1416 1
1932 4086 1
3055 1930 1
847 3540 1
847 166 1
847 10 1
847 1258 1
847 317 1
2842 2619 1
2748 2331 1
2748 2623 1
3527 1712 1
3449 1913 1
2882 1777 1
811 59 1
2841 1104 1
2841 1410 1
2841 186 1
529 346 1
3864 4302 1
3553 3060 1
2757 3728 1
2529 2873 1
1982 3830 1
1369 2327 1
2535 1766 1
4189 1038 1
187 2948 1
2633 401 1
3951 1765 1
3892 1301 1
650 3762 1
3161 1076 1
3010 2512 1
2247 1485 1
2541 4292 1
594 3018 1
1548 2442 1
1548 774 1
2942 1620 1
3810 2774 1
2040 2203 1
3296 1642 1
3296 1846 1
3296 1511 1
3296 881 1
3296 2845 1
3296 3580 1
3296 1643 1
3296 566 1
3296 2468 1
3296 3764 1
511 2251 1
511 3209 1
511 1367 1
511 3483 1
511 4362 1
107 4220 1
2778 2183 1
2778 2881 1
2778 2721 1
2778 984 1
2778 1539 1
1179 1254 1
1179 4311 1
1179 1349 1
1179 3630 1
1179 1555 1
1179 3072 1
1179 3270 1
1179 3178 1
1179 3292 1
1179 3701 1
1179 195 1
1179 2556 1
1179 3275 1
1179 4284 1
1179 689 1
1179 3383 1
1179 1045 1
1179 1686 1
1179 3193 1
1179 3428 1
4364 2618 1
1228 1138 1
1685 951 1
1724 2234 1
1724 3348 1
1724 4014 1
1724 365 1
1724 680 1
2635 2473 1
743 3056 1
672 1770 1
672 764 1
4079 2342 1
4251 2047 1
4251 2413 1
4251 3409 1
4251 3020 1
4251 201 1
4251 1664 1
4251 3041 1
4208 718 1
1501 958 1
1501 857 1
1397 2108 1
1397 279 1
1397 348 1
4283 3790 1
4283 2079 1
4283 349 1
4283 3804 1
4283 861 1
4283 2844 1
4283 1959 1
4283 3677 1
4283 3465 1
4283 3737 1
4283 3667 1
4283 4049 1
4283 1495 1
4283 1332 1
4283 1476 1
4283 965 1
4325 1025 1
4325 4264 1
4325 1951 1
4325 1622 1
4325 2425 1
4325 61 1
3177 1320 1
3473 2243 1
158 2550 1
3558 425 1
2676 427 1
2676 2334 1
2676 3172 1
3548 1916 1
73 4094 1
73 1887 1
73 4067 1
73 3300 1
73 2489 1
73 3994 1
2044 3102 1
2044 2971 1
2044 500 1
2044 726 1
3995 4210 1
3995 2011 1
678 302 1
2107 2035 1
3135 2246 1
4010 882 1
4010 322 1
143 2807 1
3324 1445 1
3324 424 1
3324 1578 1
3324 972 1
3234 27 1
3234 1030 1
3234 243 1
2906 3912 1
2906 2477 1
790 3134 1
2482 53 1
2482 3636 1
1847 1340 1
1847 1389 1
1847 1077 1
865 506 1
865 854 1
4200 2441 1
4200 942 1
4200 1790 1
4200 1653 1
2758 2926 1
3676 324 1
3676 626 1
3676 2646 1
3676 3539 1
3676 3046 1
3676 1422 1
3676 3448 1
3676 2739 1
18 1624 1
18 6 1
18 1610 1
596 584 1
596 1565 1
596 273 1
596 2173 1
596 3816 1
596 1793 1
596 2415 1
596 1299 1
336 1394 1
336 2729 1
336 3719 1
336 2966 1
336 1525 1
336 2916 1
336 3123 1
336 3042 1
336 2048 1
1858 2494 1
1858 3519 1
1858 1062 1
1858 1787 1
1858 4196 1
1858 1830 1
1858 2217 1
1858 3730 1
1858 1681 1
1858 1687 1
1858 4268 1
924 115 1
3873 2905 1
3873 3819 1
3873 1948 1
461 4017 1
1866 3513 1
3052 286 1
3052 2587 1
3052 1983 1
1859 2939 1
3536 2007 1
3366 2551 1
1454 29 1
1454 1924 1
1454 937 1
1454 1150 1
3904 2153 1
3904 1123 1
3904 2784 1
3904 3534 1
2443 2410 1
2443 1291 1
225 3369 1
225 627 1
225 3813 1
225 980 1
225 1151 1
711 3679 1
1237 2030 1
1237 4173 1
146 4206 1
146 3619 1
146 2436 1
146 29 1
146 1429 1
146 3347 1
3935 3368 1
3935 2987 1
3126 90 1
533 323 1
533 472 1
533 2714 1
533 14 1
533 4350 1
533 1396 1
533 2470 1
3291 918 1
3291 3639 1
3894 1370 1
3894 2058 1
3894 3514 1
847 1059 1
2748 161 1
2748 1994 1
4333 4063 1
3541 3727 1
3601 928 1
3153 2209 1
1056 888 1
2573 2190 1
1952 191 1
1635 2403 1
545 2537 1
2718 2760 1
2510 2540 1
1202 879 1
2420 3588 1
1953 734 1
54 2951 1
635 640 1
1039 2461 1
2864 3054 1
1807 3681 1
1234 701 1
1751 4357 1
1373 3706 1
4372 678 1
3975 2996 1
1721 3787 1
295 3988 1
2897 3029 1
111 3296 1
3524 2317 1
445 3144 1
1314 4283 1
1726 2102 1
1910 1078 1
338 3642 1
1041 2778 1
2147 3840 1
3129 2898 1
2125 1197 1
3697 2758 1
3342 716 1
708 2647 1
1391 671 1
2164 2904 1
3086 3115 1
3125 3267 1
3012 3850 1
465 743 1
520 3304 1
436 1094 1
4265 1504 1
2832 3817 1
2180 1855 1
3669 385 1
2705 504 1
3418 3854 1
1032 1884 1
2450 1152 1
2409 1996 1
3883 1111 1
2545 1984 1
1571 3372 1
2213 2866 1
3238 3654 1
1758 214 1
3878 1515 1
3735 190 1
2891 4076 1
3194 725 1
4221 4192 1
2009 3426 1
2393 1894 1
1625 91 1
1241 2938 1
1835 3848 1
2464 2599 1
593 564 1
3110 476 1
4323 3417 1
3802 2186 1
1325 2337 1
2530 2073 1
1517 3493 1
4178 3281 1
2372 3126 1
700 4051 1
4144 4200 1
4144 94 1
2500 1656 1
2146 2710 1
430 3876 1
2684 4325 1
4179 263 1
3561 1222 1
1028 1397 1
3181 1079 1
585 3075 1
2829 608 1
2900 1100 1
642 1286 1
952 2384 1
3778 1287 1
645 674 1
3095 875 1
4182 3122 1
2925 3966 1
2031 768 1
3938 1125 1
1781 1877 1
1218 1087 1
2460 4201 1
4257 1052 1
3425 1665 1
610 146 1
452 3538 1
562 285 1
3736 3468 1
1157 394 1
1683 4316 1
159 2437 1
3722 4070 1
1219 4110 1
3991 511 1
3959 1966 1
2975 2353 1
2394 1050 1
375 122 1
3017 2886 1
2720 2743 1
2565 1609 1
3414 4289 1
1166 553 1
2062 4001 1
1641 3526 1
3226 1469 1
1940 1902 1
2080 494 1
3260 1866 1
4125 780 1
2103 4208 1
2725 3781 1
3741 769 1
4190 19 1
1210 3169 1
278 1722 1
783 2040 1
2828 1400 1
4266 744 1
1666 745 1
591 3865 1
3093 4340 1
2840 974 1
669 1322 1
2986 1905 1
4095 252 1
3021 474 1
3220 2151 1
2523 2032 1
651 3662 1
2192 2159 1
420 1003 1
3698 1455 1
1868 2371 1
2596 1186 1
2548 1501 1
4080 3202 1
1466 3243 1
30 4356 1
1839 1881 1
1331 2685 1
2367 2211 1
2613 4169 1
1108 698 1
3980 2678 1
3249 2199 1
2741 1014 1
421 2257 1
116 2598 1
2716 672 1
3866 2597 1
2162 7 1
466 3013 1
1487 1063 1
1426 3228 1
388 2749 1
2580 1518 1
2664 3366 1
1398 3366 1
2433 3626 1
4149 2572 1
297 2794 1
3998 276 1
3350 215 1
1519 1572 1
1936 280 1
3827 2724 1
4137 2328 1
382 1372 1
2707 3887 1
350 4226 1
2324 60 1
2856 865 1
2010 1205 1
622 57 1
1124 517 1
1376 1524 1
391 261 1
2878 3015 1
92 18 1
219 836 1
3427 3805 1
1488 259 1
1101 2347 1
681 3996 1
1689 2785 1
2814 2676 1
226 1728 1
431 968 1
1925 1740 1
153 2635 1
2501 1869 1
1954 1837 1
1584 3548 1
1530 1273 1
3708 1237 1
2747 1989 1
3640 1221 1
4254 3995 1
1243 1774 1
1981 1847 1
2281 2859 1
266 3301 1
4306 1907 1
732 3298 1
3096 4170 1
1980 3985 1
3971 319 1
4068 3052 1
1382 15 1
557 228 1
1165 493 1
3661 3170 1
2815 100 1
2361 784 1
2093 1261 1
2604 2495 1
1738 3415 1
3050 3367 1
2574 1436 1
377 4346 1
133 293 1
1557 561 1
2136 2935 1
4030 3699 1
2287 4084 1
2792 771 1
1605 389 1
2380 93 1
3188 1057 1
4037 1392 1
2589 1207 1
320 16 1
105 3295 1
3263 3472 1
1762 2123 1
3715 2734 1
108 1899 1
4175 1661 1
1585 1858 1
3936 3810 1
1600 2326 1
3319 4253 1
4351 3436 1
4038 2060 1
3766 4 1
2950 3750 1
3271 2044 1
1359 2546 1
2231 3499 1
4176 1345 1
1805 915 1
332 335 1
9 284 1
992 284 1
2063 457 1
1223 3520 1
2344 2638 1
3603 682 1
4324 2639 1
2912 1909 1
3264 34 1
1788 3328 1
1583 4087 1
2833 4028 1
4222 2447 1
142 235 1
1861 3950 1
416 838 1
2288 2188 1
148 872 1
2454 3375 1
776 505 1
2626 505 1
2038 3419 1
1055 1409 1
3841 2289 1
3469 2474 1
4152 2443 1
