111 336 1
259 79 1
307 178 1
320 427 1
320 250 1
320 37 1
373 314 1
423 158 1
423 407 1
423 139 1
423 8 1
423 177 1
423 23 1
423 440 1
423 340 1
200 179 1
200 40 1
380 412 1
389 239 1
431 271 1
54 151 1
202 128 1
140 380 1
132 241 1
209 208 1
43 94 1
432 51 1
281 253 1
45 376 1
57 106 1
207 374 1
390 366 1
354 50 1
351 303 1
232 413 1
92 332 1
36 4 1
126 104 1
375 430 1
32 397 1
384 418 1
328 363 1
28 6 1
80 306 1
344 240 1
344 229 1
344 238 1
344 330 1
344 102 1
344 355 1
344 138 1
344 159 1
344 235 1
174 203 1
63 15 1
270 435 1
147 283 1
382 395 1
347 190 1
347 109 1
42 288 1
357 46 1
55 327 1
192 320 1
227 119 1
115 58 1
258 266 1
258 18 1
258 141 1
258 301 1
258 370 1
258 136 1
258 381 1
163 439 1
82 131 1
342 118 1
24 438 1
261 296 1
107 246 1
424 215 1
35 344 1
271 194 1
249 325 1
124 112 1
434 123 1
199 333 1
59 22 1
398 5 1
368 197 1
262 133 1
145 304 1
338 65 1
291 143 1
425 246 1
34 155 1
15 305 1
15 193 1
15 264 1
371 105 1
323 362 1
279 419 1
127 169 1
67 1 1
201 289 1
300 361 1
9 426 1
62 125 1
91 417 1
415 290 1
144 369 1
150 11 1
166 49 1
287 349 1
254 19 1
255 189 1
101 14 1
101 149 1
442 396 1
162 297 1
288 95 1
288 387 1
288 188 1
288 386 1
288 137 1
288 204 1
404 272 1
428 196 1
428 411 1
428 213 1
428 29 1
428 260 1
428 360 1
428 129 1
428 278 1
428 27 1
302 110 1
247 69 1
317 402 1
160 163 1
341 66 1
403 276 1
153 165 1
89 60 1
182 401 1
182 120 1
81 147 1
90 273 1
154 383 1
98 30 1
121 378 1
367 135 1
324 70 1
416 83 1
13 164 1
46 405 1
46 198 1
391 146 1
87 10 1
275 100 1
142 308 1
73 28 1
277 365 1
38 318 1
406 176 1
103 156 1
230 356 1
16 268 1
353 157 1
20 64 1
400 184 1
282 245 1
379 377 1
420 48 1
299 329 1
183 258 1
348 284 1
44 113 1
44 421 1
408 251 1
84 434 1
326 214 1
304 97 1
304 263 1
304 350 1
304 72 1
304 173 1
197 68 1
223 116 1
285 218 1
318 170 1
318 409 1
318 122 1
212 257 1
61 313 1
394 242 1
105 224 1
88 269 1
185 210 1
293 186 1
316 171 1
316 252 1
435 148 1
435 221 1
435 76 1
320 286 1
380 117 1
211 280 1
28 167 1
344 175 1
163 25 1
288 96 1
428 295 1
428 205 1
428 93 1
152 414 1
152 21 1
304 359 1
304 187 1
318 39 1
105 7 1
231 294 1
53 195 1
53 312 1
265 75 1
322 315 1
71 292 1
392 423 1
335 437 1
441 52 1
220 56 1
422 206 1
12 321 1
216 222 1
334 3 1
33 319 1
226 433 1
339 244 1
225 152 1
217 85 1
234 428 1
191 346 1
181 168 1
77 219 1
310 233 1
114 429 1
385 331 1
134 337 1
86 2 1
345 31 1
180 274 1
311 228 1
248 343 1
352 388 1
243 399 1
78 17 1
358 347 1
108 236 1
99 436 1
74 130 1
172 161 1
410 309 1
298 26 1
364 372 1
393 256 1
41 356 1
237 267 1
47 211 1
