165 163 1
135 41 1
6 14 1
129 56 1
32 90 1
166 61 1
160 181 1
153 31 1
152 21 1
39 77 1
34 5 1
28 47 1
172 112 1
118 185 1
65 57 1
65 25 1
151 119 1
8 12 1
126 100 1
26 176 1
27 60 1
27 48 1
81 161 1
142 130 1
13 110 1
134 22 1
78 84 1
40 164 1
86 67 1
83 16 1
128 124 1
76 18 1
51 2 1
51 105 1
51 35 1
51 136 1
71 123 1
117 54 1
120 68 1
138 3 1
89 19 1
122 137 1
30 43 1
174 80 1
59 72 1
59 145 1
59 182 1
59 167 1
59 121 1
59 82 1
59 146 1
59 75 1
59 144 1
59 64 1
127 55 1
50 154 1
68 45 1
68 173 1
68 93 1
68 125 1
68 24 1
68 7 1
68 66 1
68 36 1
106 70 1
106 33 1
111 158 1
139 15 1
98 183 1
20 107 1
92 132 1
56 17 1
56 113 1
56 168 1
56 63 1
56 108 1
103 99 1
159 162 1
143 29 1
175 1 1
62 51 1
38 46 1
51 115 1
59 149 1
68 42 1
68 101 1
124 179 1
124 95 1
124 87 1
124 85 1
124 97 1
124 170 1
124 169 1
124 114 1
124 79 1
124 156 1
124 133 1
124 96 1
124 109 1
124 141 1
124 116 1
56 11 1
131 180 1
23 178 1
184 4 1
94 10 1
52 177 1
147 49 1
147 150 1
74 53 1
88 69 1
37 104 1
140 171 1
155 73 1
102 148 1
58 157 1
91 59 1
9 44 1
