1788 4568 1
1788 2864 1
3479 4718 1
3479 1177 1
3479 5277 1
3479 3790 1
3479 4507 1
3479 1979 1
3479 1170 1
3479 5215 1
3479 36 1
3479 3954 1
3479 4684 1
273 4977 1
726 680 1
5373 972 1
5373 603 1
5373 5048 1
5373 567 1
5373 703 1
5373 154 1
5373 910 1
5373 781 1
5373 3839 1
5373 2551 1
5373 3393 1
1560 4851 1
1560 1045 1
1560 4819 1
1560 2766 1
4162 3796 1
1785 4582 1
1785 3736 1
1785 4875 1
3225 3420 1
3225 2925 1
3714 4494 1
1701 77 1
1291 2159 1
156 599 1
4477 1522 1
1131 2361 1
1131 2954 1
1131 4656 1
1131 3309 1
1131 1222 1
1131 5235 1
1131 201 1
1131 1440 1
1131 3544 1
1131 329 1
1131 4180 1
1131 3352 1
1131 740 1
1131 4721 1
1131 1941 1
1131 2071 1
1131 3394 1
1131 1851 1
2245 4418 1
49 4361 1
49 1199 1
49 14 1
49 5132 1
49 4508 1
24 747 1
4754 3310 1
4754 4234 1
4754 848 1
4754 4042 1
4754 4598 1
4754 133 1
4754 1974 1
4754 3416 1
4754 3113 1
4754 3079 1
4754 928 1
4754 2191 1
4754 1275 1
4754 3069 1
1036 2050 1
1036 3267 1
1036 2179 1
4323 2083 1
4323 3865 1
4323 164 1
4323 3665 1
5380 2268 1
5380 373 1
5380 4807 1
956 1359 1
956 759 1
2227 512 1
2694 952 1
886 3564 1
914 3382 1
914 2746 1
914 2024 1
914 4700 1
914 1527 1
914 2568 1
914 5038 1
914 1443 1
914 2126 1
914 2211 1
2200 4889 1
4209 4486 1
3425 2425 1
3425 1947 1
3425 3315 1
3425 1060 1
3425 1975 1
3425 3074 1
5045 299 1
2172 1066 1
2172 234 1
2424 3893 1
2424 4356 1
4601 785 1
4601 5014 1
4666 255 1
2350 1456 1
1178 4583 1
1178 3273 1
1178 1325 1
1178 3576 1
1178 1056 1
1178 5091 1
1178 4347 1
2461 794 1
2461 1825 1
5012 3817 1
2636 3127 1
30 3781 1
30 4965 1
30 2603 1
30 4803 1
30 4302 1
3078 15 1
578 3998 1
578 1533 1
578 2242 1
578 4353 1
4554 5126 1
3061 1720 1
2810 395 1
4393 4505 1
4393 3537 1
4393 1648 1
4393 656 1
4393 2956 1
4393 2666 1
4393 2329 1
4393 3685 1
4393 2474 1
4393 728 1
4393 4892 1
2528 2911 1
2025 4102 1
2025 3409 1
2025 4388 1
2262 2388 1
909 1868 1
3669 1676 1
1005 676 1
1005 1536 1
1005 2993 1
1005 3215 1
1005 2477 1
1005 733 1
1005 4282 1
1005 1864 1
1005 322 1
1005 2108 1
1005 623 1
1005 1831 1
1005 4078 1
1005 2307 1
1005 5070 1
1005 4911 1
1005 3421 1
1005 435 1
1005 1698 1
1005 3529 1
581 4249 1
581 2433 1
581 3202 1
581 4204 1
741 1988 1
741 4311 1
741 3180 1
741 149 1
741 116 1
741 2282 1
741 3898 1
741 2048 1
3088 3632 1
3088 2175 1
3088 2233 1
3088 5165 1
3088 2033 1
3088 793 1
3088 1313 1
3088 843 1
3088 3130 1
3088 4458 1
296 2640 1
3985 468 1
1317 2851 1
1454 297 1
2567 1640 1
2567 4625 1
2567 2296 1
2567 1319 1
2567 5010 1
2567 5118 1
2567 361 1
2567 2497 1
4733 2032 1
5152 2964 1
5152 2667 1
5152 2899 1
5152 2273 1
5152 1934 1
5152 4901 1
5152 5299 1
2815 966 1
3459 2843 1
1795 1620 1
1795 1231 1
1795 4555 1
1795 1953 1
1795 449 1
1795 1700 1
2557 997 1
2557 2652 1
577 2802 1
3605 1161 1
3605 647 1
3605 2100 1
3605 536 1
3605 5274 1
3605 3895 1
3605 5186 1
3605 5056 1
549 3627 1
549 4702 1
549 169 1
549 376 1
549 1671 1
328 1430 1
2223 4544 1
3531 3541 1
3539 4281 1
1438 1065 1
1438 1402 1
1438 4616 1
1438 3039 1
1438 4241 1
1438 3132 1
1438 2758 1
1438 4479 1
1438 4320 1
1438 4791 1
1438 1187 1
1438 4380 1
4036 377 1
4036 4774 1
4036 4980 1
4036 856 1
4326 4642 1
4326 2655 1
4898 4216 1
4898 2696 1
4898 2 1
4898 2107 1
4898 2017 1
4898 4315 1
4898 4647 1
1368 2089 1
4624 1734 1
4624 3684 1
4624 1110 1
4624 5061 1
4624 5226 1
290 3430 1
4059 5127 1
2202 269 1
2202 1062 1
3156 4171 1
2060 618 1
4910 3379 1
4910 1737 1
1391 1779 1
1391 5155 1
1391 899 1
1391 3073 1
1391 5097 1
1391 1580 1
1391 2103 1
1391 1679 1
1292 414 1
1292 833 1
1292 2832 1
1292 146 1
1292 498 1
1292 2706 1
2241 2440 1
2241 5191 1
2241 2348 1
2241 677 1
2241 438 1
110 663 1
2643 1265 1
2643 4096 1
3305 1304 1
4013 805 1
1561 1581 1
1561 4840 1
1561 2915 1
3813 3755 1
4130 3994 1
4130 2275 1
4130 3329 1
2186 4132 1
1181 1142 1
2342 3188 1
2342 3326 1
2342 1777 1
1950 3540 1
5065 4218 1
5065 1622 1
5065 2930 1
5065 2734 1
5065 1778 1
2440 1433 1
2440 4927 1
2440 2269 1
1717 2610 1
1717 2569 1
4622 4107 1
1951 3120 1
4701 245 1
2394 1293 1
4654 3749 1
4654 4762 1
3370 2147 1
725 1173 1
872 3749 1
872 981 1
3625 1089 1
3625 4877 1
4795 3782 1
3819 2918 1
3819 2941 1
3819 1816 1
3819 366 1
3819 2620 1
3819 753 1
3819 2250 1
3819 2005 1
3819 1388 1
3819 2431 1
3819 4133 1
3819 1756 1
3819 1495 1
3819 4766 1
3702 4393 1
3702 80 1
3702 1780 1
3702 440 1
3702 3286 1
3702 5080 1
3702 2622 1
243 4922 1
3373 4256 1
3373 1302 1
3704 514 1
3704 886 1
3704 1392 1
3704 4551 1
1195 1306 1
1195 4183 1
1195 5315 1
3947 2890 1
3947 5092 1
3947 1016 1
4403 2134 1
5120 2409 1
5120 2176 1
4821 626 1
3572 3535 1
3572 1268 1
3572 3776 1
3572 2672 1
3572 2022 1
3572 3860 1
363 4382 1
4104 3046 1
4104 2449 1
4104 2118 1
4104 2535 1
4104 340 1
4104 4360 1
4104 4161 1
4104 1334 1
4104 643 1
4104 3255 1
4104 3397 1
4104 5135 1
4104 3662 1
4104 857 1
4104 858 1
4104 3707 1
4104 3110 1
4104 2320 1
4104 1726 1
4104 919 1
4104 4936 1
4104 3811 1
4104 5009 1
4104 3067 1
4104 5028 1
4104 1886 1
5046 1908 1
5309 5152 1
5309 3876 1
5309 3764 1
5309 3615 1
5309 3151 1
5309 1657 1
5309 3934 1
5309 2406 1
5309 3973 1
5309 1221 1
5309 2316 1
5309 1541 1
5309 2604 1
5309 5171 1
5309 206 1
3131 3330 1
3131 4759 1
3131 890 1
3756 2052 1
3756 3481 1
3756 4260 1
3756 742 1
3756 4422 1
2212 5058 1
141 3522 1
836 2726 1
3210 4914 1
3210 311 1
3210 2495 1
3210 1513 1
3210 1811 1
3210 4151 1
3210 192 1
3210 4182 1
3210 2602 1
3210 1162 1
4457 3417 1
3513 3121 1
3513 5145 1
3513 5313 1
3513 1085 1
3513 2020 1
3513 5025 1
3513 3624 1
3513 3328 1
3513 2337 1
3513 2411 1
5053 433 1
3847 294 1
3847 4278 1
3701 3476 1
1787 4087 1
2455 4425 1
2894 3160 1
2894 2475 1
2894 5110 1
2894 79 1
2894 4545 1
2894 2014 1
2894 4945 1
2894 3588 1
2894 3582 1
2894 1486 1
2894 370 1
2894 1155 1
2894 1026 1
2894 252 1
2894 3106 1
422 2486 1
422 4105 1
422 5082 1
422 2773 1
422 1270 1
422 2973 1
422 1205 1
422 87 1
422 2009 1
422 5075 1
422 4514 1
422 3879 1
422 3458 1
422 3646 1
422 4242 1
422 5161 1
422 789 1
422 5013 1
422 1403 1
422 4586 1
1070 1771 1
2842 914 1
2842 4540 1
2842 1174 1
2842 2163 1
2842 3942 1
2842 5350 1
2842 2770 1
2842 811 1
2842 26 1
2842 3453 1
2842 5212 1
2842 3040 1
2842 3505 1
2842 443 1
3521 4902 1
3521 2985 1
3521 3140 1
3521 1707 1
3521 1240 1
3521 5184 1
3521 4685 1
3521 4070 1
3521 490 1
3521 121 1
3521 791 1
134 4288 1
134 2092 1
134 1121 1
134 4400 1
134 3347 1
134 4442 1
134 1605 1
134 2067 1
134 992 1
134 5349 1
1514 3587 1
2174 266 1
2174 3470 1
2011 3983 1
2011 2637 1
3439 4284 1
4395 1772 1
4395 2816 1
4395 1591 1
583 4222 1
583 595 1
583 1294 1
284 1516 1
819 3579 1
819 4159 1
819 4340 1
819 3387 1
819 662 1
819 2863 1
819 2435 1
819 3869 1
819 3336 1
819 485 1
819 692 1
819 2509 1
819 4075 1
819 933 1
819 4168 1
3650 935 1
2823 3808 1
3735 3640 1
2891 432 1
1049 528 1
1049 2203 1
1049 5059 1
1049 2877 1
555 4092 1
555 3465 1
555 517 1
555 3486 1
555 202 1
555 2510 1
4903 238 1
4903 4038 1
4903 5382 1
4903 1517 1
4903 1573 1
4903 4923 1
4903 488 1
4903 1490 1
4903 1156 1
4903 239 1
4903 3463 1
4903 1792 1
4903 2410 1
4903 786 1
4903 3721 1
4903 2988 1
4903 5162 1
4903 4194 1
4903 4634 1
4903 1899 1
4903 1839 1
4903 1467 1
456 3431 1
4407 4135 1
3799 826 1
1418 2824 1
3260 3017 1
2544 5101 1
2544 1901 1
2544 4351 1
4851 1421 1
3183 2709 1
3183 2893 1
3183 4787 1
3183 699 1
3183 5094 1
3183 3909 1
3183 187 1
3183 334 1
83 1369 1
4646 3715 1
2153 1264 1
2334 5008 1
2334 5183 1
2334 2791 1
2334 1028 1
2334 4578 1
2334 4757 1
2334 2539 1
5252 5359 1
5252 1681 1
5252 2844 1
5252 3261 1
5252 2761 1
5252 67 1
3414 820 1
3414 930 1
3414 3099 1
3414 2448 1
975 5205 1
568 1663 1
568 3436 1
568 4171 1
568 4221 1
568 248 1
568 2280 1
568 4556 1
4481 3322 1
4481 338 1
4481 3266 1
1030 3875 1
1030 4617 1
1030 2438 1
3302 3525 1
734 5244 1
3840 3383 1
4835 840 1
4835 1689 1
4515 2788 1
4515 4099 1
1952 588 1
4319 3293 1
3536 3686 1
3536 4604 1
3536 3466 1
3536 2248 1
3536 3810 1
3536 3967 1
3536 1521 1
3536 4703 1
3536 1488 1
2154 1196 1
2154 2664 1
2154 2618 1
2154 23 1
840 3737 1
840 3320 1
840 4614 1
840 4792 1
840 4559 1
840 5020 1
840 5344 1
840 5113 1
840 2936 1
840 2263 1
840 203 1
840 2668 1
840 1481 1
3614 700 1
3878 1690 1
1617 2139 1
1617 2408 1
1511 2714 1
1511 578 1
1511 2888 1
1511 3223 1
1511 1122 1
1511 2137 1
1511 2312 1
1511 5 1
1511 4833 1
1511 1297 1
1511 3877 1
1511 2606 1
1511 1118 1
1511 4675 1
5031 1382 1
5031 739 1
5031 4478 1
5031 2053 1
5192 1008 1
3238 1625 1
2673 5327 1
2695 4187 1
2971 4386 1
1128 196 1
1128 3896 1
1128 1769 1
1128 2833 1
1128 3677 1
1128 4907 1
1128 1895 1
4303 2190 1
1061 3573 1
219 2358 1
219 170 1
219 2909 1
219 1132 1
219 3075 1
219 2341 1
219 4655 1
219 4415 1
219 3203 1
219 6 1
219 1366 1
3845 4631 1
201 829 1
201 533 1
201 3946 1
201 1046 1
4688 755 1
5263 5073 1
1872 3427 1
2075 5225 1
1073 770 1
1073 4035 1
4604 5178 1
5231 5166 1
4114 1385 1
2002 506 1
3530 2867 1
3530 2329 1
3530 1230 1
665 1749 1
665 2181 1
665 2840 1
665 5280 1
3323 4649 1
3323 4343 1
3323 1039 1
3323 1233 1
3323 5007 1
3323 3594 1
3323 4869 1
3323 3404 1
3323 2740 1
3323 3556 1
3323 2948 1
3323 3065 1
3323 302 1
3323 220 1
3323 658 1
3323 1700 1
3323 596 1
3323 735 1
3323 2895 1
3323 1097 1
3323 2369 1
3323 1812 1
3323 1315 1
3323 1069 1
3323 1134 1
4007 5199 1
3062 4727 1
104 2308 1
1750 4238 1
3804 304 1
3804 2573 1
3804 3591 1
3804 2261 1
3804 649 1
3804 4396 1
3804 4483 1
1468 4852 1
1468 4275 1
1468 5337 1
1468 3696 1
4639 2803 1
4805 653 1
5052 2592 1
2570 1781 1
2570 1845 1
3050 1647 1
3050 1649 1
2909 4119 1
4414 3020 1
4414 88 1
4414 5240 1
2505 2728 1
467 2529 1
3391 3259 1
3391 4607 1
3391 3388 1
2076 716 1
2076 343 1
3440 2021 1
3440 5078 1
3440 3883 1
4779 1965 1
4779 3230 1
4779 1257 1
4779 241 1
998 1088 1
2981 1260 1
2981 543 1
2981 5219 1
2981 3173 1
2981 3015 1
2981 502 1
2981 1994 1
1598 4052 1
1598 2789 1
1598 4022 1
1598 16 1
1598 4373 1
4876 2464 1
4694 2109 1
4694 3349 1
4694 4398 1
4694 3179 1
4694 5366 1
3007 1993 1
3007 4362 1
4682 3599 1
3084 3783 1
3084 3043 1
3084 4232 1
3084 4906 1
3084 3316 1
3084 416 1
3084 1892 1
3084 602 1
3084 1524 1
3084 4632 1
3084 4513 1
434 3575 1
434 2771 1
434 1418 1
434 1632 1
434 3902 1
434 2284 1
434 122 1
434 3070 1
434 2812 1
434 4525 1
434 4966 1
434 264 1
434 185 1
434 3087 1
434 834 1
434 5047 1
434 4776 1
434 212 1
5145 2708 1
5145 246 1
5145 3626 1
348 5133 1
1113 5121 1
4001 864 1
2014 2244 1
1126 2422 1
2762 1087 1
2762 3694 1
2762 3809 1
2762 450 1
3030 237 1
3504 2099 1
207 1165 1
207 2381 1
207 750 1
1948 3864 1
1948 4446 1
1948 984 1
1948 3295 1
1948 682 1
1948 4501 1
1948 325 1
1948 1223 1
1948 1011 1
1948 3975 1
1948 2965 1
5083 4110 1
3457 4171 1
1613 4624 1
1613 1336 1
1613 411 1
1613 3048 1
1613 4247 1
1613 812 1
4896 2379 1
4896 2389 1
4896 5017 1
4896 2699 1
544 4141 1
544 3844 1
544 1250 1
1986 4517 1
1497 1081 1
1497 3894 1
1497 4352 1
1497 2508 1
4670 344 1
751 4672 1
751 256 1
751 5363 1
2822 4274 1
2822 3460 1
493 4978 1
493 330 1
493 3974 1
493 4991 1
493 3901 1
5261 4498 1
2792 479 1
2792 5194 1
2792 3096 1
2792 2809 1
2792 948 1
2792 4195 1
2792 4411 1
2792 1970 1
2792 1735 1
2792 3577 1
5330 5062 1
5069 3389 1
5069 2450 1
1164 2868 1
382 2311 1
382 1980 1
382 2251 1
2893 5094 1
3056 5105 1
3056 3080 1
3056 4172 1
2437 3642 1
2487 1428 1
3734 3762 1
3734 5268 1
3734 2547 1
3734 4657 1
1841 587 1
4665 4379 1
507 3830 1
2236 1740 1
2236 228 1
2236 1933 1
657 2615 1
657 3454 1
4593 902 1
2483 1557 1
4281 3274 1
4506 3304 1
75 4916 1
1525 1977 1
993 2518 1
993 5272 1
2707 1339 1
3341 1982 1
4989 4385 1
4989 582 1
4989 986 1
4989 2421 1
1589 2119 1
1567 4898 1
1567 2182 1
1567 712 1
1567 207 1
1567 476 1
1567 1505 1
1567 2140 1
1567 5368 1
1567 2468 1
1567 1702 1
1567 2222 1
1567 3307 1
1567 4527 1
1567 5207 1
1996 854 1
1996 2719 1
4487 2631 1
748 4153 1
38 3663 1
3190 2462 1
462 747 1
462 339 1
462 597 1
462 1783 1
462 1041 1
462 3881 1
462 4926 1
462 5260 1
4406 2724 1
4406 4029 1
4406 4116 1
566 2463 1
1322 758 1
1322 782 1
1322 240 1
1322 1586 1
1322 5093 1
1322 4370 1
1322 106 1
4636 4575 1
2702 5087 1
4271 5074 1
5002 1502 1
5002 1373 1
5002 3574 1
5002 4273 1
3913 3705 1
3913 1943 1
3913 2841 1
3913 4015 1
3913 1305 1
3913 3868 1
3913 4327 1
3913 565 1
3913 3264 1
3913 1423 1
3913 2237 1
3913 896 1
4332 4893 1
2164 1289 1
1944 191 1
1944 3159 1
1944 5271 1
2082 3836 1
2082 1206 1
2082 1364 1
2082 4285 1
2082 580 1
2082 1509 1
2082 113 1
2082 4769 1
2082 3969 1
2082 2650 1
321 5116 1
321 1316 1
321 362 1
321 3976 1
4071 4516 1
3928 1168 1
3292 1081 1
3292 3101 1
4509 1235 1
4509 869 1
4509 4534 1
4509 1353 1
3362 319 1
2146 4967 1
2146 1014 1
2146 4357 1
2146 3562 1
2146 4836 1
2146 1614 1
2146 629 1
2146 1059 1
2146 4245 1
2146 5037 1
2146 635 1
2146 3838 1
2146 1585 1
2146 926 1
2146 4968 1
2146 542 1
2146 3343 1
2146 1123 1
2146 4496 1
2146 3386 1
2146 4215 1
2146 4818 1
651 1431 1
2165 41 1
2165 2565 1
2165 3631 1
2165 4917 1
2165 4502 1
2165 2790 1
2165 3647 1
455 499 1
455 1341 1
455 704 1
455 756 1
455 624 1
455 3990 1
455 1799 1
4650 644 1
2928 612 1
2928 1220 1
2928 4777 1
2928 4946 1
2928 876 1
2928 4775 1
2928 3254 1
2928 3680 1
2928 2226 1
2928 2456 1
2928 2716 1
622 3717 1
622 143 1
622 2246 1
622 3250 1
622 5372 1
622 2752 1
622 2034 1
622 683 1
622 5167 1
622 4610 1
2148 1335 1
2148 5189 1
2313 4510 1
2313 3753 1
3355 4331 1
3355 4894 1
3355 2736 1
3424 3558 1
4755 4448 1
4900 3784 1
3709 1703 1
3709 5275 1
2439 3358 1
2439 942 1
2942 2343 1
2942 5159 1
2942 1076 1
1157 1333 1
1157 4073 1
4058 1619 1
4058 576 1
4704 2763 1
1696 1228 1
1696 3538 1
1696 2937 1
1696 3891 1
1696 3951 1
1696 2115 1
1696 999 1
1696 3739 1
1696 420 1
1696 4206 1
3195 670 1
3408 3786 1
3256 5024 1
2881 72 1
1956 1374 1
2821 326 1
2821 188 1
2821 4081 1
2821 5197 1
2821 1252 1
2821 221 1
2821 4306 1
2821 687 1
2821 4258 1
2821 3792 1
2821 4550 1
2821 1101 1
3366 4097 1
4822 3611 1
2793 3445 1
3858 1627 1
3858 3400 1
3858 4654 1
3858 3144 1
3858 3518 1
3858 2996 1
3858 5249 1
3858 4000 1
3858 1108 1
3858 601 1
3858 5250 1
3858 2177 1
3858 775 1
2140 2490 1
3902 2743 1
3902 729 1
3902 835 1
3902 1408 1
3902 1804 1
3327 1729 1
3327 3217 1
3327 3941 1
3327 422 1
3327 555 1
3327 2922 1
3327 3641 1
3327 3440 1
3327 3471 1
3327 5156 1
3327 4499 1
3327 2038 1
3327 5090 1
3327 2371 1
3327 831 1
3327 4796 1
3327 5100 1
3327 4615 1
3327 800 1
3327 5138 1
3327 1991 1
3327 705 1
3327 2990 1
3327 1697 1
3327 4166 1
3327 2091 1
3327 2135 1
3327 4344 1
3327 1994 1
3327 1884 1
3327 1823 1
3327 85 1
2386 4167 1
2386 2194 1
2386 4532 1
2386 323 1
2386 3649 1
2386 2355 1
3473 4712 1
100 2342 1
100 2444 1
5290 2945 1
4921 2390 1
4921 2344 1
3779 1584 1
4283 1873 1
4374 5065 1
4374 1242 1
4374 3885 1
1966 3567 1
2391 4926 1
4248 396 1
701 2641 1
2920 1931 1
4142 2383 1
3135 2332 1
2441 4316 1
2718 1798 1
2718 2543 1
2718 5042 1
2718 1896 1
425 4830 1
1370 5068 1
1370 2929 1
1370 1638 1
1370 4630 1
1370 4031 1
1370 1846 1
1370 4384 1
1410 424 1
2872 1802 1
2104 1503 1
644 2188 1
644 1457 1
644 3488 1
644 4659 1
3489 2738 1
204 2880 1
204 3738 1
204 5072 1
1343 474 1
1343 1949 1
1343 5352 1
1822 3353 1
3629 165 1
3629 4981 1
3629 877 1
3629 3133 1
5273 1907 1
4857 1357 1
1885 469 1
1801 4160 1
1801 4932 1
5136 2003 1
5136 1331 1
5136 2155 1
5136 1558 1
5136 1253 1
5136 4149 1
3512 2642 1
3512 270 1
4103 1034 1
4103 27 1
619 581 1
619 3512 1
619 92 1
619 4443 1
619 4289 1
619 4997 1
619 222 1
619 380 1
619 744 1
619 412 1
3125 3986 1
301 5322 1
301 2814 1
301 5085 1
301 4736 1
301 399 1
301 1770 1
1417 4375 1
1890 832 1
2070 3746 1
2931 5130 1
4899 2764 1
3610 3172 1
1067 2309 1
1067 4989 1
948 3720 1
948 2677 1
948 4363 1
5175 1453 1
5175 232 1
5350 4998 1
5350 2876 1
5350 2302 1
3043 306 1
3043 4381 1
3043 667 1
3043 2412 1
3582 2808 1
3476 3890 1
3476 1932 1
3476 2470 1
3476 4557 1
3476 845 1
3476 1480 1
2299 2338 1
2875 1361 1
2875 2403 1
2875 1927 1
2875 3462 1
2875 3248 1
3331 4497 1
3331 263 1
4336 2010 1
4336 4948 1
4336 3184 1
4336 2086 1
4336 5286 1
198 3227 1
4123 2600 1
3616 741 1
3616 3787 1
3616 5339 1
1715 818 1
3270 2571 1
3270 268 1
3270 3880 1
3670 4832 1
3583 2528 1
3583 3513 1
3583 5002 1
3583 1822 1
3583 5324 1
3583 723 1
3583 271 1
3583 2896 1
2228 3291 1
910 3218 1
910 855 1
910 2018 1
910 4023 1
910 4879 1
910 2545 1
910 4705 1
910 4062 1
2933 2907 1
4213 1736 1
4213 267 1
4213 4935 1
4213 1282 1
4213 2731 1
4672 4348 1
381 641 1
381 2901 1
381 1518 1
381 4419 1
381 4185 1
381 537 1
381 3497 1
381 3249 1
381 5237 1
268 2297 1
268 132 1
5287 56 1
5287 1869 1
5287 2837 1
5287 3030 1
5287 2920 1
5287 3516 1
5287 3290 1
5287 1607 1
5287 3146 1
5287 3252 1
5287 2955 1
5287 2804 1
1646 2723 1
1646 993 1
1646 2942 1
1646 119 1
4039 4053 1
4039 1918 1
4039 3245 1
4039 1821 1
4426 2426 1
1815 3359 1
1815 1153 1
3094 2665 1
3094 2208 1
3094 3145 1
3094 1996 1
3094 3805 1
3094 3771 1
3094 3344 1
3094 1224 1
3094 808 1
3094 2000 1
3094 4115 1
3094 2984 1
3094 1842 1
3094 1983 1
3094 4048 1
1218 3377 1
1218 321 1
1218 1022 1
1029 5050 1
1531 475 1
5316 2178 1
5316 397 1
5316 1917 1
5316 3740 1
2637 724 1
3989 343 1
213 1661 1
1360 4859 1
1360 57 1
1360 1876 1
1360 5102 1
1745 1844 1
1745 2277 1
1063 3200 1
4290 3263 1
4290 2315 1
3057 150 1
3057 2857 1
3057 661 1
3057 489 1
3057 4802 1
3057 4405 1
3057 1709 1
3057 1742 1
3057 3403 1
3057 3350 1
2304 171 1
5370 4147 1
445 4272 1
5317 4438 1
521 1262 1
4947 3213 1
4947 3960 1
4947 1813 1
4947 31 1
4947 255 1
4947 3189 1
4947 3455 1
4947 1875 1
4947 4820 1
4947 3208 1
4947 510 1
4947 3282 1
4947 4121 1
4081 1469 1
4081 970 1
4081 803 1
4081 1318 1
798 4313 1
798 5117 1
5197 4567 1
5197 5051 1
1860 2167 1
1860 204 1
1860 4213 1
1860 4264 1
1860 3275 1
1860 1603 1
1860 2608 1
1860 2919 1
1860 4434 1
908 4093 1
3666 1857 1
3199 3695 1
746 4770 1
746 1967 1
746 2741 1
746 1866 1
746 1381 1
4906 159 1
4022 5181 1
4443 4608 1
4443 1151 1
4443 2978 1
4443 4106 1
4443 2675 1
4443 42 1
3165 2796 1
846 415 1
846 413 1
846 1803 1
846 2465 1
846 3820 1
846 3972 1
846 4850 1
3216 2160 1
1252 1172 1
1252 1963 1
1912 3154 1
5354 4982 1
5354 3102 1
5354 1332 1
5354 1375 1
5354 3835 1
5354 3016 1
5354 3013 1
5354 2247 1
5354 3997 1
5354 1962 1
5354 2656 1
5354 4915 1
5354 1931 1
5354 4784 1
1744 1925 1
1744 1371 1
2356 3600 1
2356 1599 1
2356 3201 1
62 3650 1
62 4924 1
62 4799 1
62 2187 1
62 2546 1
62 1004 1
62 873 1
3051 1377 1
4449 4856 1
2276 2120 1
2276 451 1
2276 3324 1
2276 3758 1
2276 696 1
2276 2453 1
2276 218 1
2276 3317 1
2276 278 1
3132 5053 1
3132 3841 1
3132 2149 1
3132 2260 1
3132 3357 1
3132 2759 1
3132 2585 1
4328 3511 1
560 2027 1
51 5374 1
2758 4974 1
2758 1903 1
2758 4181 1
2758 2968 1
2758 4571 1
2758 3 1
2758 3846 1
2758 3815 1
2758 3559 1
2758 2587 1
2758 2081 1
2758 65 1
2758 5019 1
2758 2601 1
2758 693 1
2758 1859 1
2758 2039 1
2758 1602 1
2758 814 1
2758 5371 1
2758 2649 1
5029 3027 1
5029 934 1
5029 208 1
5029 2925 1
5029 3708 1
5029 3514 1
5029 3104 1
5029 1574 1
5029 4212 1
781 1861 1
781 4680 1
781 3923 1
931 2004 1
931 84 1
931 1455 1
2966 4490 1
2966 1526 1
2198 50 1
3174 2772 1
865 4564 1
3103 1736 1
3103 3618 1
2384 4806 1
3766 1186 1
373 1664 1
2482 2077 1
2482 4955 1
3253 2407 1
1743 112 1
4706 2780 1
2152 652 1
3555 1432 1
3493 2817 1
940 4674 1
122 1650 1
122 871 1
122 4191 1
122 4676 1
122 5044 1
122 4144 1
122 3477 1
5063 441 1
874 190 1
874 2420 1
874 5347 1
874 1938 1
874 4891 1
2317 2238 1
4240 1109 1
704 2183 1
704 3970 1
704 2572 1
704 1179 1
704 3759 1
2856 5116 1
1470 4719 1
1636 4592 1
1636 664 1
1636 3031 1
1636 3866 1
3853 2156 1
3853 25 1
4937 4214 1
416 1680 1
3881 1092 1
3194 1471 1
3194 3098 1
3194 4482 1
4600 3402 1
254 2720 1
668 1976 1
3863 5291 1
2870 2623 1
2870 4012 1
2870 367 1
2870 2865 1
2870 5351 1
847 1942 1
847 757 1
847 3542 1
847 2958 1
847 39 1
847 2858 1
1775 1346 1
937 219 1
4320 3938 1
4320 958 1
4320 5328 1
4320 2612 1
4320 3578 1
4320 721 1
4320 4552 1
4320 1379 1
4320 1390 1
4599 5341 1
4599 3581 1
4599 5360 1
4599 923 1
4599 1413 1
4599 3284 1
4599 1273 1
4599 2946 1
4503 2057 1
4503 4364 1
4503 1592 1
4503 2825 1
4503 4412 1
4503 446 1
5364 971 1
3744 3914 1
1863 1914 1
1863 1824 1
1863 1320 1
1863 2336 1
1863 4801 1
1863 5236 1
1863 4518 1
1863 898 1
1863 2478 1
1863 994 1
1863 2066 1
3029 3732 1
3029 1269 1
2322 2977 1
2322 1295 1
2322 3791 1
2322 1125 1
2322 1310 1
2322 2559 1
2322 4809 1
2322 760 1
2322 3198 1
2322 3945 1
2322 4493 1
2322 4786 1
545 4693 1
2215 1098 1
2215 774 1
398 3921 1
398 333 1
398 2884 1
398 3502 1
4014 4469 1
3271 3446 1
3271 2112 1
3271 1460 1
4080 375 1
4538 4519 1
2300 4002 1
2300 473 1
2300 1452 1
2300 2293 1
2300 3515 1
2300 5227 1
2300 209 1
2300 2171 1
5154 1568 1
1009 4584 1
3943 5030 1
3943 3977 1
3943 1672 1
3943 4798 1
3943 903 1
3943 1406 1
3943 2015 1
3943 3585 1
3943 1806 1
3943 4983 1
3943 2651 1
3943 2683 1
3943 1072 1
3943 2617 1
1809 1359 1
1809 2323 1
265 3747 1
3810 3613 1
3810 4317 1
3810 939 1
3810 1740 1
3810 126 1
3810 2465 1
3810 1850 1
3810 3678 1
3741 3064 1
1290 1992 1
4032 3750 1
4032 3251 1
4032 3602 1
4032 4716 1
2432 4903 1
409 4834 1
409 4640 1
409 2691 1
409 515 1
2590 160 1
2590 1095 1
3549 2998 1
3549 2638 1
3549 5276 1
3549 1024 1
3549 4365 1
3549 3276 1
3549 2278 1
3549 2735 1
3549 1569 1
3549 5198 1
1208 2853 1
1208 4643 1
1208 305 1
1208 2908 1
1208 3207 1
1208 3545 1
1208 1234 1
4308 3410 1
483 815 1
2062 2807 1
2062 2214 1
2062 3913 1
2062 1508 1
2062 62 1
2062 1047 1
2062 2445 1
2062 3861 1
3445 3076 1
3445 2197 1
3445 161 1
3445 4057 1
3445 1419 1
3445 2659 1
3445 1166 1
3445 97 1
3445 640 1
1019 3057 1
285 2317 1
1554 3568 1
1554 2703 1
1554 5367 1
1554 906 1
1554 3235 1
1554 3407 1
1554 1133 1
1554 2648 1
1554 4428 1
1377 2427 1
1377 4429 1
1377 911 1
1377 5292 1
974 2292 1
974 2938 1
974 1012 1
974 2885 1
974 2564 1
1254 189 1
1254 3948 1
1254 4122 1
1254 717 1
512 3507 1
512 5054 1
512 4744 1
512 3543 1
512 5064 1
512 392 1
3053 3291 1
1806 3565 1
1806 4904 1
1806 4293 1
1806 496 1
1806 3590 1
1806 2669 1
1806 1913 1
1806 3797 1
4778 1188 1
2799 3653 1
5055 746 1
4558 1144 1
1152 1207 1
774 1534 1
774 4747 1
4565 4795 1
4713 3168 1
4713 1015 1
4713 4500 1
4713 1354 1
4713 3554 1
287 943 1
5314 4751 1
5314 2420 1
4785 1444 1
1271 1326 1
1909 4138 1
1909 2557 1
1909 4957 1
1909 2202 1
1909 5285 1
1909 3760 1
1909 4587 1
1909 5071 1
1909 2718 1
1909 5175 1
1909 846 1
1909 5150 1
1909 3930 1
1909 1395 1
1909 3085 1
1909 531 1
1909 3821 1
1909 309 1
1909 1127 1
1909 2952 1
1909 3116 1
1909 4383 1
1909 4145 1
1909 2145 1
1909 1040 1
1909 3422 1
1909 4865 1
3157 4444 1
3092 4539 1
5179 4403 1
1625 2886 1
1625 3597 1
1625 4780 1
1625 837 1
551 5209 1
2466 1496 1
1521 2892 1
1521 3548 1
4471 5340 1
3580 761 1
3580 4576 1
3580 1414 1
3580 5146 1
3580 2418 1
3580 3546 1
3580 838 1
3580 2710 1
3580 2157 1
2278 2392 1
2278 2599 1
2278 2204 1
2278 1245 1
2278 4376 1
977 3435 1
977 1646 1
977 1464 1
977 1489 1
977 1427 1
977 2577 1
977 3136 1
977 2101 1
977 1461 1
977 4814 1
977 2476 1
977 4034 1
977 4198 1
977 487 1
1407 5049 1
3675 2873 1
3675 5284 1
3675 1904 1
3675 4465 1
1871 1869 1
1871 3455 1
2451 1321 1
2451 1272 1
2451 4223 1
4581 2660 1
4581 1915 1
4581 4179 1
1307 13 1
1307 5095 1
3870 4295 1
3870 495 1
2491 1143 1
2491 2538 1
2491 2859 1
711 1426 1
2644 1935 1
2644 3415 1
2644 3475 1
867 4217 1
4611 4127 1
2055 5020 1
4011 3431 1
4615 463 1
4615 491 1
4569 1175 1
4867 4928 1
4867 503 1
4867 3498 1
4867 3360 1
1789 3651 1
1789 604 1
1789 2078 1
1789 3812 1
1789 1001 1
1789 1744 1
1789 4314 1
1789 4083 1
1789 4697 1
1789 2950 1
1789 965 1
2972 1232 1
4074 1678 1
4074 10 1
4074 381 1
4074 3628 1
4074 4200 1
26 3437 1
26 4743 1
5356 4044 1
5356 3569 1
5356 3485 1
5356 2235 1
5356 4580 1
5356 4577 1
5356 2128 1
5356 3105 1
5356 2068 1
5356 4113 1
3814 1198 1
2095 4413 1
684 3676 1
4088 752 1
3608 2110 1
4966 3793 1
4966 3239 1
4966 1212 1
4966 1723 1
4966 2512 1
4966 4427 1
1545 5020 1
2382 7 1
4715 426 1
4715 1251 1
4715 2365 1
4715 3963 1
4715 4397 1
4086 2835 1
3055 1692 1
3055 4267 1
4925 1075 1
2860 2364 1
63 1761 1
2197 1575 1
2197 1246 1
2197 3032 1
2197 534 1
2197 3123 1
480 5318 1
3342 5331 1
1748 882 1
1714 3850 1
1714 1020 1
1714 3664 1
1714 3390 1
762 1668 1
1710 3871 1
1710 4681 1
1710 1870 1
1710 1739 1
1710 562 1
1710 5163 1
1710 4546 1
1710 2537 1
1710 5269 1
1710 3907 1
1710 223 1
1710 341 1
1710 719 1
1710 4342 1
1710 419 1
3500 2794 1
3842 887 1
1643 4651 1
4908 2584 1
2715 2680 1
2948 60 1
2948 1954 1
2948 904 1
193 3311 1
3829 1197 1
637 3474 1
1008 4839 1
3209 5096 1
3209 1504 1
3209 4451 1
3209 3086 1
3209 4949 1
2672 2848 1
2672 3607 1
2672 2498 1
2672 2925 1
2672 4139 1
2672 5167 1
4170 1082 1
4170 168 1
4170 164 1
4170 4416 1
4170 2923 1
4170 3470 1
1031 2670 1
1031 807 1
5076 981 1
2923 177 1
2479 1615 1
2479 4804 1
3275 2019 1
3275 342 1
215 1337 1
3185 3550 1
1459 3599 1
5375 5307 1
2285 771 1
2141 2279 1
2141 3549 1
4229 2831 1
3761 4845 1
5137 2477 1
5137 1303 1
2878 497 1
1827 969 1
4517 1158 1
4517 2879 1
4517 2514 1
4517 4838 1
4517 5027 1
4517 5022 1
4517 1031 1
4517 3268 1
4517 1553 1
4010 441 1
2416 2976 1
713 860 1
760 4291 1
760 12 1
760 1727 1
1026 1874 1
1026 4066 1
1026 1718 1
1026 2132 1
1026 2168 1
1026 454 1
1026 4305 1
1026 1376 1
1026 5340 1
2818 1852 1
1439 5335 1
1439 3617 1
1439 2578 1
1439 1450 1
1439 2481 1
1439 1549 1
1439 1013 1
1439 4823 1
1439 4541 1
1439 573 1
1439 1441 1
1439 2123 1
4146 5264 1
917 78 1
917 4296 1
4714 4089 1
4714 2258 1
5345 4995 1
5345 2711 1
5345 3262 1
5345 280 1
5345 5301 1
5345 4810 1
5345 3041 1
5345 1129 1
5345 2806 1
5345 4793 1
5345 1618 1
5345 1818 1
4512 3456 1
4512 2217 1
4512 1682 1
4512 28 1
5323 3667 1
3972 2598 1
3972 1995 1
1833 2345 1
4122 3882 1
4122 1787 1
4122 1590 1
4122 3405 1
4122 3277 1
4122 2225 1
1878 1079 1
1499 2515 1
4475 5232 1
1877 1652 1
3726 4732 1
3726 4369 1
4008 4033 1
454 5119 1
2310 3884 1
3697 1658 1
3697 3570 1
1259 1119 1
624 2992 1
624 2717 1
624 492 1
3633 4728 1
723 4734 1
723 2049 1
723 3992 1
723 688 1
723 2377 1
5098 1391 1
5098 1258 1
5098 5230 1
5098 3414 1
5098 4618 1
5098 3152 1
5098 3719 1
5098 622 1
5098 4156 1
5098 4700 1
5098 5032 1
5098 5356 1
5098 193 1
5098 331 1
5098 2926 1
5098 504 1
5098 4590 1
5098 1439 1
5098 68 1
5098 1688 1
5098 4009 1
5098 4938 1
5098 1973 1
5098 312 1
4943 3288 1
4520 900 1
1130 2116 1
1130 315 1
1130 3851 1
1130 5233 1
4262 3204 1
271 5154 1
271 4366 1
271 5302 1
271 5084 1
271 1267 1
271 5248 1
3122 2213 1
411 787 1
411 4885 1
411 1183 1
411 22 1
411 4312 1
1351 5147 1
1351 754 1
3990 2428 1
3990 4930 1
530 1389 1
530 3909 1
530 2936 1
645 3024 1
4083 1828 1
4083 3833 1
4083 4345 1
4083 5204 1
4083 3777 1
127 3655 1
127 4148 1
127 4480 1
5210 2548 1
4573 3196 1
5213 2102 1
5213 4988 1
5213 634 1
5213 3922 1
5213 2259 1
5213 4131 1
5213 4489 1
5213 1916 1
5213 5376 1
1834 172 1
953 2040 1
76 1365 1
185 2776 1
185 4140 1
185 2023 1
185 1929 1
185 4235 1
185 5251 1
185 3283 1
185 4669 1
185 3187 1
185 4788 1
185 1506 1
185 2897 1
185 4688 1
185 4979 1
185 3912 1
185 550 1
185 5168 1
185 391 1
185 4460 1
185 247 1
185 3608 1
185 590 1
185 3325 1
185 2072 1
185 1683 1
185 1921 1
185 5099 1
185 3478 1
185 3700 1
3924 913 1
3915 2234 1
1689 3637 1
1689 4752 1
764 1968 1
764 17 1
764 685 1
3224 4477 1
3224 5151 1
3224 1556 1
3224 2730 1
3224 5303 1
3224 4030 1
3224 3100 1
3224 3186 1
3224 3240 1
3224 3949 1
3224 1145 1
3224 4658 1
1665 1236 1
1500 5353 1
850 4977 1
3136 1139 1
3136 1399 1
3136 957 1
3136 839 1
3136 3654 1
452 4858 1
3332 317 1
3332 4188 1
2131 4805 1
5212 2903 1
5212 535 1
5212 797 1
5212 3318 1
5212 494 1
698 153 1
698 570 1
698 292 1
698 1601 1
698 2059 1
698 3117 1
698 4846 1
698 2574 1
698 2496 1
698 2953 1
2295 2401 1
2295 3059 1
2295 4789 1
120 2052 1
120 353 1
2999 4394 1
4289 4485 1
4289 3441 1
4289 3228 1
4289 2138 1
4289 2031 1
4289 1621 1
3945 3487 1
3945 4435 1
2413 4459 1
2413 4441 1
2413 2982 1
2413 2286 1
2413 3920 1
3087 3547 1
3087 907 1
3087 3418 1
3087 4870 1
3087 1964 1
3087 3484 1
4613 699 1
4613 2871 1
4613 187 1
4613 4431 1
5077 5089 1
5077 1204 1
5077 5036 1
5077 2455 1
5077 5362 1
5077 657 1
5077 763 1
5077 3937 1
5077 5114 1
5077 3044 1
5077 4908 1
5077 3294 1
5077 3224 1
5077 102 1
5077 2036 1
5077 4588 1
5077 4939 1
4912 3523 1
4172 905 1
161 4057 1
4926 1054 1
4926 2742 1
4926 136 1
4926 5143 1
4926 4811 1
4254 1274 1
3821 4193 1
3821 1491 1
3821 4779 1
3821 2692 1
3821 2001 1
3821 1741 1
3821 98 1
3821 3800 1
1276 5128 1
1276 217 1
3826 2781 1
3826 2596 1
3826 897 1
3619 131 1
3619 3695 1
3916 3718 1
730 1363 1
730 5298 1
2150 4602 1
2150 4898 1
2150 5326 1
2150 1338 1
2150 3233 1
2150 2540 1
2150 1344 1
5339 2712 1
5339 1572 1
5339 5200 1
5339 4250 1
5339 2121 1
4009 5377 1
4009 4126 1
4009 4868 1
4009 4548 1
4009 893 1
4009 765 1
4003 4956 1
2515 1051 1
542 4878 1
2036 4178 1
2036 5123 1
2036 4484 1
2036 766 1
2036 3483 1
2036 4124 1
2036 127 1
2036 4186 1
4560 2828 1
4560 648 1
4560 408 1
4560 4645 1
4560 5234 1
4560 5006 1
4560 2924 1
4560 3381 1
4560 2042 1
4560 3551 1
4560 3269 1
4560 2530 1
1758 2531 1
3296 104 1
3296 4439 1
3296 2485 1
3296 1476 1
2608 5254 1
2608 2090 1
2608 1537 1
2608 1180 1
5127 3124 1
5127 546 1
2281 3722 1
2281 3854 1
2281 2591 1
2281 1542 1
2281 4883 1
3393 4488 1
3393 5358 1
1419 3177 1
1419 3755 1
1419 3971 1
1419 2613 1
1419 2912 1
1419 1754 1
1419 135 1
1419 1323 1
1419 1928 1
1419 2446 1
1419 2314 1
4521 568 1
4521 3806 1
4756 3374 1
1764 813 1
1764 2318 1
1764 2326 1
1764 995 1
1764 1651 1
4160 4800 1
4160 538 1
4160 4815 1
4160 5214 1
4160 4826 1
4160 4054 1
4160 5187 1
4160 915 1
4997 924 1
4997 1830 1
985 4724 1
985 1044 1
985 5228 1
985 4771 1
985 2154 1
985 4334 1
985 983 1
985 2331 1
985 3748 1
985 2169 1
985 4963 1
985 3047 1
985 2786 1
985 4626 1
4860 4349 1
4084 1693 1
4084 253 1
1747 617 1
2919 1277 1
2919 892 1
2919 4825 1
2919 2195 1
2651 4886 1
2651 1551 1
2651 4504 1
2651 3595 1
2651 3691 1
2651 2819 1
4035 1608 1
1793 3827 1
4434 2882 1
4434 925 1
4434 772 1
4434 2287 1
4434 1552 1
4434 3936 1
4434 2862 1
834 1348 1
834 5311 1
834 842 1
5318 1163 1
5318 3219 1
5318 2243 1
5318 3819 1
5318 3508 1
5318 3524 1
5318 2334 1
5318 3323 1
5318 4355 1
5318 1629 1
5318 4324 1
5318 1367 1
5318 2231 1
5318 4164 1
1802 4134 1
1802 1278 1
2232 5241 1
4606 365 1
1021 1237 1
2029 3033 1
2029 3886 1
5176 2701 1
5278 5304 1
5080 2283 1
5080 849 1
5080 4619 1
5080 4691 1
5080 1794 1
5080 52 1
3679 901 1
3401 773 1
3401 5342 1
3401 989 1
3401 689 1
3401 2629 1
4251 1114 1
4251 2549 1
4276 1604 1
3338 2511 1
231 1790 1
4993 630 1
4993 5216 1
4993 3002 1
4993 2429 1
4993 5224 1
4993 3730 1
4993 3281 1
4993 2346 1
4993 4542 1
4993 383 1
4993 1458 1
4993 89 1
4993 5312 1
4993 1946 1
4993 2748 1
4993 2393 1
4993 3917 1
345 2887 1
345 4065 1
345 1238 1
345 3856 1
345 4069 1
345 352 1
345 142 1
345 3580 1
345 1090 1
345 1596 1
345 2826 1
345 1902 1
345 3501 1
4531 4817 1
3618 4849 1
2693 5115 1
2693 4910 1
2693 2643 1
2693 318 1
2693 195 1
2693 3775 1
2693 5199 1
2693 477 1
2693 4794 1
2693 2488 1
2693 2289 1
2693 2700 1
2693 2847 1
2693 4055 1
2693 5220 1
2693 4173 1
2693 889 1
2693 4503 1
2693 1254 1
2693 2799 1
2693 1909 1
2693 3438 1
2693 4528 1
2693 1633 1
2693 1324 1
2693 460 1
2693 4828 1
2693 3480 1
2693 3158 1
2693 1865 1
2693 5011 1
2693 5217 1
2693 1535 1
2693 2219 1
2693 4016 1
3226 1466 1
3226 2593 1
3226 2471 1
3226 4641 1
3226 5338 1
3226 4196 1
3226 155 1
3226 4430 1
3226 5122 1
3072 1050 1
3257 3119 1
2904 4111 1
1215 2372 1
4522 927 1
4522 4205 1
1552 2298 1
1552 3287 1
1552 2634 1
1280 524 1
2445 3557 1
2445 4420 1
1022 5305 1
1022 3802 1
1022 2443 1
1022 632 1
2713 749 1
3035 2006 1
2855 571 1
4470 1200 1
4470 4432 1
4470 2721 1
4470 636 1
417 1201 1
1133 40 1
2833 821 1
2833 4037 1
2833 2294 1
2833 3672 1
2833 1817 1
2833 1848 1
2833 2288 1
2833 4847 1
2833 2218 1
2833 1093 1
2833 501 1
2833 2556 1
3290 3340 1
3290 615 1
3290 3419 1
3552 2834 1
5196 1908 1
4850 1995 1
5348 3337 1
5348 4336 1
5348 764 1
5348 222 1
4905 324 1
4720 4620 1
1759 5131 1
1759 561 1
1759 1760 1
1759 378 1
1759 1981 1
1759 3149 1
1759 3034 1
1759 3222 1
1759 229 1
1759 105 1
1759 73 1
1759 1719 1
1759 1655 1
1759 3857 1
1759 5188 1
1759 3108 1
1759 4176 1
1759 3905 1
4791 406 1
4791 2967 1
4791 3491 1
4791 959 1
4791 2073 1
4791 2836 1
4791 421 1
1949 1436 1
3150 1189 1
4789 4060 1
4789 2900 1
3264 801 1
402 2395 1
402 1641 1
4430 3908 1
266 393 1
266 261 1
266 1154 1
266 286 1
3249 4192 1
2129 3232 1
2129 3725 1
5108 4227 1
5108 3426 1
5108 1978 1
5108 2662 1
5108 1796 1
5108 3012 1
5108 281 1
5108 1613 1
5108 3926 1
5108 4964 1
5108 2335 1
5108 3991 1
5108 2482 1
5108 973 1
5108 3089 1
5108 1759 1
5108 1563 1
5108 780 1
5108 2254 1
5108 1146 1
151 941 1
3000 1195 1
3000 2325 1
3000 2359 1
3765 2142 1
2080 2041 1
3272 686 1
3237 214 1
3237 2096 1
4495 4866 1
4495 1948 1
4495 5086 1
4495 1945 1
4495 2906 1
4495 4880 1
4495 2811 1
4277 3553 1
1752 3221 1
736 1696 1
736 1634 1
736 358 1
3269 1244 1
3269 2624 1
4915 3532 1
371 4844 1
574 2087 1
574 3443 1
574 2939 1
574 2632 1
574 3090 1
574 3848 1
574 4047 1
574 4318 1
574 3634 1
574 2798 1
574 4887 1
574 5320 1
574 64 1
574 2986 1
3792 2969 1
3792 4888 1
3792 4067 1
3792 1256 1
5203 5209 1
5203 2205 1
5203 3681 1
5203 2385 1
5203 3693 1
5203 1281 1
5203 2472 1
5203 4445 1
5203 3818 1
5203 4440 1
5203 4710 1
5203 1115 1
5203 1653 1
5203 1112 1
5203 95 1
1017 180 1
117 184 1
5245 5343 1
4697 4408 1
4697 5169 1
4697 1548 1
4697 5218 1
4697 2805 1
4951 2514 1
2444 3134 1
2444 140 1
2444 2838 1
2444 4753 1
2444 4686 1
1668 745 1
1668 1713 1
1668 1492 1
5142 1920 1
3040 505 1
3040 2905 1
3040 3631 1
3040 2016 1
3040 4082 1
3040 3729 1
3040 792 1
1523 109 1
1523 1699 1
1523 1539 1
1523 3968 1
1523 5004 1
1523 1565 1
1523 1006 1
1523 2516 1
1523 4714 1
1523 2414 1
1523 4589 1
1523 3191 1
1523 1225 1
1523 2639 1
1931 2750 1
1931 1919 1
1931 4090 1
1931 1738 1
1931 307 1
3716 1409 1
3716 2012 1
3716 4644 1
2983 3025 1
978 4207 1
2489 5334 1
2489 2927 1
2489 1035 1
2489 2737 1
2135 43 1
735 1732 1
5157 3742 1
4466 3118 1
4535 1775 1
252 1893 1
2097 2582 1
2097 3166 1
2097 3668 1
2731 2705 1
1630 4098 1
1630 2521 1
8 568 1
8 3806 1
2351 1301 1
2351 861 1
2351 4722 1
2351 3042 1
2351 1879 1
2351 681 1
2351 1327 1
5248 1587 1
5248 4243 1
5248 1579 1
5248 932 1
5248 1530 1
5248 1202 1
5248 1084 1
5248 1437 1
5248 2339 1
2405 3205 1
4482 3843 1
4482 954 1
4482 1998 1
4482 81 1
4482 4368 1
4482 356 1
4482 313 1
4482 4165 1
1691 49 1
4447 4754 1
5018 509 1
5018 3816 1
4401 2362 1
4401 3887 1
4401 2206 1
4401 2366 1
4401 1124 1
936 3798 1
936 4992 1
936 2492 1
822 875 1
822 4309 1
822 544 1
822 2480 1
822 607 1
822 2684 1
822 3036 1
822 2276 1
822 2625 1
822 2845 1
822 3633 1
822 4084 1
822 5203 1
1127 1555 1
1127 2025 1
1127 3533 1
1127 2891 1
1127 3523 1
1127 4699 1
1127 2271 1
1127 507 1
1127 2207 1
1127 788 1
1127 1636 1
1127 1673 1
1127 1926 1
1127 1559 1
1127 257 1
1127 4537 1
1127 3679 1
1127 44 1
1127 1141 1
1127 1626 1
1127 4864 1
1127 605 1
1127 1477 1
1127 2902 1
4907 224 1
4907 5124 1
3009 1137 1
3009 3698 1
3009 4399 1
3009 548 1
3009 2933 1
3009 885 1
3009 1512 1
5148 3958 1
2772 3356 1
2772 3312 1
2772 1597 1
2772 2415 1
2772 4591 1
2772 1594 1
2772 2774 1
2772 2566 1
2772 1393 1
2772 4990 1
2772 1544 1
2772 1880 1
2772 3757 1
2772 3472 1
2772 4372 1
2772 157 1
1420 2105 1
1420 2765 1
1420 520 1
1420 3935 1
1420 4570 1
1420 2129 1
1420 3237 1
1420 1984 1
4790 4523 1
2984 1751 1
5125 385 1
3806 3731 1
3806 1616 1
3806 1578 1
3806 1462 1
3612 879 1
3612 4871 1
3612 1765 1
277 1049 1
481 3375 1
3661 3291 1
4389 3022 1
1357 3980 1
1357 2404 1
3265 2751 1
3265 5001 1
3470 3601 1
2952 878 1
2952 4346 1
2952 1401 1
4452 3243 1
916 5287 1
3956 4890 1
3956 4045 1
868 4933 1
3181 5310 1
3181 650 1
3181 5383 1
3181 4954 1
3181 4536 1
3181 3378 1
3181 1117 1
3181 2216 1
3181 3345 1
3181 2619 1
3181 1730 1
3181 1086 1
3181 5106 1
3181 2430 1
731 2768 1
731 2729 1
731 1881 1
731 5290 1
731 4950 1
731 1628 1
731 3910 1
731 2678 1
1 37 1
2476 4972 1
2476 1773 1
2476 3354 1
2476 3161 1
2476 4969 1
2476 90 1
2476 3620 1
2476 1905 1
2476 3506 1
384 4855 1
4284 107 1
4284 3278 1
4284 2069 1
4284 859 1
4284 173 1
4284 3210 1
4284 2866 1
4284 4350 1
4284 4402 1
4284 4609 1
4284 1656 1
4284 458 1
4284 4585 1
4284 4882 1
4284 3242 1
4284 3467 1
4284 1501 1
4284 5144 1
4284 3596 1
4284 1483 1
4284 4872 1
4284 199 1
4284 1562 1
4284 1284 1
4284 1710 1
4284 1611 1
4284 5137 1
4284 5182 1
4284 2949 1
4284 1434 1
4284 1064 1
4284 1130 1
4284 2795 1
4284 4677 1
4284 470 1
4284 1853 1
4284 3648 1
4284 3687 1
4284 4745 1
4284 2368 1
4284 5257 1
4284 82 1
4284 4377 1
4284 3874 1
5185 5282 1
35 5088 1
35 2173 1
35 174 1
35 1171 1
35 4481 1
35 3351 1
35 1540 1
35 4297 1
35 3143 1
35 59 1
35 3004 1
4263 1612 1
4380 564 1
4380 5066 1
4380 3014 1
210 2689 1
210 2671 1
210 5180 1
210 4233 1
210 960 1
210 18 1
210 346 1
210 1000 1
556 1456 1
205 4473 1
1378 776 1
1378 884 1
1378 4661 1
4683 3772 1
3603 2454 1
4976 1007 1
4976 1482 1
3395 1582 1
955 114 1
4079 4623 1
4079 3303 1
4079 4043 1
4252 3037 1
4252 3018 1
4252 5361 1
4252 3673 1
4252 2792 1
4252 3989 1
4252 2904 1
4252 371 1
3888 128 1
3888 988 1
3888 427 1
3888 3503 1
3888 272 1
3060 5120 1
3060 3183 1
3060 3656 1
3060 1002 1
3060 4290 1
3060 1863 1
3060 4613 1
3060 371 1
2499 5346 1
888 2043 1
3279 3639 1
3611 4417 1
3611 4032 1
3611 3192 1
3611 638 1
1239 802 1
4776 3526 1
4776 4711 1
4776 5330 1
4776 53 1
4776 5365 1
4776 4782 1
1607 3688 1
640 3464 1
640 3604 1
640 3412 1
640 4687 1
640 1949 1
640 1378 1
640 3026 1
640 1753 1
1973 4660 1
4737 1314 1
3116 5160 1
3116 4940 1
3116 262 1
3116 2387 1
3116 5329 1
3116 1279 1
5329 235 1
5329 3093 1
5329 4017 1
5329 4566 1
4873 2779 1
4873 125 1
912 2349 1
912 1163 1
912 3751 1
912 4533 1
912 4085 1
912 2782 1
912 4808 1
912 4738 1
912 148 1
912 4765 1
912 2164 1
912 2957 1
912 4433 1
912 4994 1
912 3167 1
912 1105 1
912 2963 1
912 4041 1
912 2447 1
912 2402 1
912 4953 1
912 1116 1
912 591 1
912 2747 1
912 1936 1
912 2819 1
912 4909 1
912 3162 1
912 3659 1
912 4667 1
912 258 1
912 3903 1
912 1955 1
575 1835 1
249 2255 1
1003 2627 1
1003 1906 1
1003 738 1
1003 3872 1
4671 1576 1
613 3384 1
2209 3813 1
2209 293 1
2209 4467 1
2209 3724 1
2209 2265 1
2209 418 1
2209 525 1
2209 1037 1
2209 2843 1
2209 5296 1
2209 4476 1
2209 1290 1
2209 5325 1
2209 4731 1
2209 1424 1
2209 1308 1
2209 3285 1
2209 1776 1
2209 194 1
2525 1757 1
5026 3206 1
5026 3429 1
5026 532 1
5026 1283 1
5026 1159 1
5026 1854 1
5026 186 1
5026 495 1
1248 274 1
212 1296 1
1606 1352 1
4705 2199 1
4705 4224 1
593 922 1
593 1168 1
5217 4761 1
5217 2570 1
5217 382 1
5217 4120 1
5217 4006 1
5217 4973 1
1209 4231 1
598 1033 1
5207 3873 1
769 2567 1
769 3703 1
769 4128 1
769 1869 1
769 4406 1
769 3652 1
769 3450 1
769 5287 1
769 3442 1
769 5242 1
769 3194 1
769 1515 1
769 3988 1
769 2645 1
769 731 1
4864 3236 1
4864 3306 1
4864 1190 1
4864 783 1
4864 3621 1
386 2378 1
386 288 1
1342 2536 1
310 4294 1
310 3767 1
310 1969 1
1884 2305 1
1884 3643 1
1884 1989 1
2745 3045 1
230 368 1
1786 5164 1
1786 2180 1
1786 4971 1
1786 891 1
1227 3211 1
1227 2424 1
1227 2852 1
1227 5381 1
1227 3618 1
1227 2489 1
1227 2725 1
3861 5295 1
3861 2910 1
3861 1147 1
3861 1674 1
1566 3687 1
2896 5003 1
2896 30 1
2896 2581 1
2896 2550 1
2896 1211 1
2896 1468 1
2896 3028 1
2896 4958 1
2896 4014 1
2896 2143 1
2896 147 1
2896 4239 1
2896 4824 1
2896 1249 1
2896 539 1
2896 2698 1
465 1957 1
465 2161 1
5238 1637 1
2044 3094 1
4472 3689 1
4472 1216 1
4472 3957 1
442 3657 1
442 3049 1
442 5041 1
442 3853 1
442 2046 1
442 558 1
2051 3369 1
4588 853 1
4588 4456 1
4588 1645 1
4588 748 1
4588 2079 1
4588 5221 1
4588 2856 1
4588 3510 1
4588 3169 1
4588 4760 1
4588 118 1
4588 2785 1
4588 3612 1
4588 2184 1
405 4579 1
5369 1048 1
516 1805 1
516 1285 1
5211 1032 1
1535 5243 1
1535 1669 1
1535 3778 1
1535 1922 1
1535 5015 1
1535 3298 1
1535 2614 1
1535 2994 1
1535 1463 1
69 2966 1
472 4049 1
2777 1380 1
4632 4050 1
4632 3333 1
4632 3636 1
1425 1547 1
1425 45 1
1799 1345 1
1799 1820 1
3197 471 1
437 1005 1
335 3682 1
961 1910 1
2045 3944 1
2616 3683 1
70 295 1
70 4337 1
70 2253 1
70 804 1
70 4246 1
70 4739 1
70 4046 1
70 3929 1
70 1897 1
70 4594 1
70 3452 1
70 1404 1
2754 1675 1
2943 709 1
2753 1887 1
2560 1684 1
1823 1546 1
1823 402 1
1823 646 1
4145 606 1
4145 2270 1
4145 3244 1
4145 3346 1
3903 572 1
3903 3803 1
3371 584 1
3371 354 1
3371 2987 1
3371 3455 1
3371 5134 1
3371 5238 1
389 5319 1
3889 522 1
2622 3788 1
2622 3212 1
2622 4621 1
605 3001 1
1286 3368 1
1286 3170 1
1286 4040 1
1286 3939 1
4163 1412 1
4112 3743 1
4112 5103 1
4112 3605 1
4112 3702 1
4112 3840 1
4112 3355 1
4112 2821 1
4112 1543 1
4112 3068 1
4112 2158 1
4112 144 1
4112 4662 1
4112 2185 1
4112 4560 1
4112 4873 1
4112 3490 1
4112 4354 1
675 3479 1
675 1939 1
675 4395 1
675 2951 1
675 2249 1
675 4117 1
675 1531 1
675 409 1
675 1958 1
675 4358 1
675 5229 1
675 3000 1
675 4553 1
4174 2820 1
3432 1493 1
3969 1226 1
965 620 1
965 2035 1
965 2722 1
263 46 1
263 4603 1
263 866 1
263 4329 1
263 767 1
263 5308 1
412 3171 1
1911 5288 1
1911 2997 1
1911 1570 1
1040 3424 1
1040 360 1
1040 2962 1
1040 1762 1
1040 4673 1
1040 4663 1
1040 4401 1
976 694 1
976 1372 1
2327 3492 1
2327 5040 1
2327 1660 1
2327 3423 1
2327 1023 1
2327 2380 1
2327 1510 1
2327 364 1
1474 3291 1
1895 5112 1
108 457 1
3155 400 1
137 2166 1
4513 4137 1
2344 175 1
2344 690 1
2344 1704 1
2344 1394 1
4918 3987 1
431 4091 1
3008 4842 1
4188 401 1
4188 727 1
1169 4265 1
1120 2981 1
1120 2783 1
487 1593 1
3138 851 1
3138 3517 1
3138 695 1
176 4970 1
176 2047 1
176 4543 1
3886 5140 1
3886 3733 1
3886 4549 1
3886 182 1
3886 5195 1
3886 423 1
3886 2230 1
3886 2210 1
3225 47 1
3225 823 1
3225 32 1
3225 2026 1
3225 2500 1
3225 54 1
3225 2583 1
1701 4450 1
1701 5321 1
156 336 1
1131 4228 1
1131 1990 1
1131 2467 1
1131 279 1
1131 4321 1
1131 594 1
1131 1529 1
1131 3671 1
1131 2913 1
1131 3598 1
49 4064 1
49 3289 1
956 938 1
914 2595 1
914 1507 1
914 4863 1
914 3773 1
1272 2934 1
2424 4944 1
3651 2274 1
3651 1595 1
3651 3832 1
4866 3622 1
578 2898 1
578 5000 1
578 1571 1
578 2363 1
578 3897 1
4393 2266 1
1005 1959 1
1005 2193 1
1005 1600 1
1005 3396 1
1005 1807 1
1005 4298 1
3088 3137 1
4505 678 1
2567 5170 1
2567 5081 1
2567 3520 1
5152 5129 1
549 4310 1
549 4461 1
549 2506 1
549 3163 1
549 5111 1
1438 2111 1
1438 1473 1
1438 3566 1
1438 478 1
1438 1347 1
1438 61 1
1438 4929 1
4036 3469 1
4036 3609 1
4898 4627 1
1391 778 1
1292 3411 1
1292 3911 1
1292 5043 1
1292 1519 1
1292 2457 1
2241 4387 1
2241 2653 1
2550 303 1
2550 2130 1
2643 4330 1
2643 316 1
3229 4338 1
2342 2579 1
2440 2552 1
3819 944 1
3819 3768 1
3702 1148 1
3702 4492 1
3704 609 1
4403 4829 1
4104 3925 1
4104 3141 1
4104 1900 1
4104 4491 1
4104 2932 1
4104 4021 1
4104 3713 1
4104 4020 1
4104 511 1
4104 4199 1
4104 2352 1
4104 4862 1
4104 3428 1
4104 1103 1
4104 1140 1
4104 3560 1
4104 4019 1
3223 4287 1
3210 962 1
3513 1340 1
3513 2201 1
3513 1659 1
3513 2690 1
3513 5067 1
2894 1577 1
2894 1465 1
2894 359 1
422 642 1
422 3082 1
422 4529 1
422 4203 1
422 4197 1
3521 1077 1
3521 3999 1
4395 2561 1
819 1057 1
819 2517 1
819 5190 1
819 2084 1
819 1706 1
819 1451 1
1049 3566 1
555 3114 1
3385 639 1
1418 2098 1
3183 3690 1
4646 996 1
4646 5279 1
2334 2654 1
3414 1485 1
3414 2127 1
3414 3413 1
3414 9 1
2373 579 1
4052 4201 1
4052 1083 1
4052 448 1
840 123 1
1511 2580 1
1511 2093 1
1511 2553 1
219 103 1
219 3822 1
3323 4175 1
3323 181 1
3323 379 1
3323 608 1
3323 1564 1
3323 743 1
184 3139 1
3391 2744 1
3391 3794 1
3391 4628 1
3440 3003 1
3440 3297 1
4779 3752 1
1843 1923 1
2981 4781 1
2981 722 1
434 4959 1
434 2797 1
434 1396 1
434 4225 1
434 4772 1
434 2541 1
434 2196 1
434 1194 1
434 4874 1
5145 244 1
5145 1766 1
1948 1243 1
1948 4455 1
1948 3855 1
1948 4421 1
4896 466 1
493 1217 1
657 4707 1
1505 3931 1
1567 3142 1
1567 3561 1
291 2493 1
4406 4931 1
3059 3111 1
3059 4758 1
2289 654 1
2289 3995 1
2289 4335 1
2146 5306 1
2146 1449 1
2146 1716 1
2146 4723 1
2146 1960 1
2146 4157 1
455 1837 1
2928 3584 1
622 1071 1
1696 4210 1
1696 2630 1
540 1767 1
4700 3392 1
4700 2354 1
2821 946 1
629 2846 1
3858 275 1
3858 3981 1
3858 790 1
3327 841 1
3327 1940 1
3327 666 1
3327 1415 1
3327 4635 1
2718 4244 1
204 3638 1
1822 3097 1
3512 2849 1
3512 4462 1
3512 3589 1
3512 1025 1
619 4004 1
619 3979 1
619 2801 1
619 1182 1
619 1398 1
619 4253 1
619 1298 1
301 4783 1
4336 71 1
3270 2676 1
208 4118 1
3583 5208 1
3583 2661 1
3583 2558 1
3583 2375 1
3583 1782 1
3583 1882 1
3583 945 1
910 5005 1
4213 3658 1
4213 3825 1
4213 4436 1
5287 2117 1
5287 394 1
1445 115 1
1445 1898 1
1445 3727 1
1445 1080 1
1445 2064 1
1445 4005 1
1445 439 1
1445 2301 1
1445 1191 1
1445 163 1
1445 2686 1
4039 4339 1
3094 3107 1
3094 1937 1
1860 5177 1
1860 2739 1
1860 4511 1
4443 4177 1
4443 589 1
4443 2030 1
5354 2626 1
5354 3527 1
5354 2252 1
5354 4735 1
5354 1446 1
1262 4304 1
2758 2303 1
2758 1203 1
2758 4742 1
5029 5021 1
5029 197 1
5029 1185 1
5029 830 1
5029 3859 1
781 2056 1
122 2256 1
874 1724 1
874 3644 1
704 1694 1
704 5300 1
254 3081 1
254 614 1
254 242 1
254 2605 1
254 1855 1
254 55 1
254 1721 1
2870 784 1
2870 2330 1
2870 2239 1
1775 2398 1
4320 563 1
4320 3635 1
4503 387 1
4503 2554 1
2322 2527 1
2322 5297 1
2322 1135 1
1099 2869 1
1099 4307 1
1099 2319 1
4306 710 1
4405 3953 1
4405 96 1
3943 1746 1
3943 1052 1
409 2961 1
3549 1176 1
1208 2595 1
1208 1826 1
1208 4530 1
1208 3077 1
73 5016 1
73 1856 1
73 4773 1
3445 4729 1
1554 3319 1
1377 372 1
512 737 1
512 4371 1
512 2519 1
512 1666 1
512 4689 1
512 982 1
512 3010 1
512 2423 1
1806 3984 1
4731 390 1
5075 1193 1
1909 3175 1
1909 655 1
1909 1038 1
1909 3447 1
1909 5141 1
1909 3434 1
1909 2520 1
1909 4404 1
1909 671 1
1909 101 1
1909 1448 1
1625 4189 1
3580 3147 1
3580 2396 1
2278 3461 1
2278 1654 1
977 1836 1
977 862 1
977 3063 1
977 4325 1
2491 1442 1
1789 4255 1
1789 1349 1
2614 2054 1
5356 1288 1
5356 4748 1
2197 1261 1
2197 1891 1
1710 718 1
1710 1422 1
1710 4100 1
2068 3959 1
3209 3367 1
3209 1829 1
4170 1532 1
4170 1894 1
2185 4266 1
5137 1106 1
4517 2575 1
1439 2991 1
1439 921 1
4122 2085 1
3453 4605 1
1877 508 1
1877 4746 1
454 3837 1
454 4094 1
454 4960 1
723 4664 1
723 4698 1
5098 4390 1
411 1027 1
4083 2755 1
185 347 1
185 500 1
185 3592 1
185 1053 1
3224 3494 1
3224 298 1
698 1924 1
698 2580 1
698 4730 1
698 810 1
698 4024 1
698 403 1
4289 4268 1
4289 138 1
3087 4220 1
3087 5281 1
3087 2125 1
3087 1985 1
5077 5266 1
5077 5293 1
5077 461 1
5077 4190 1
4926 964 1
730 2827 1
2150 714 1
2150 3095 1
2281 2533 1
4160 4725 1
985 1329 1
4084 5057 1
2919 2775 1
2651 1819 1
4434 167 1
4434 1104 1
4434 5222 1
4434 2074 1
4434 5253 1
4434 5039 1
2022 2597 1
834 3176 1
5318 4763 1
2656 5034 1
2656 2682 1
2656 4437 1
2656 3495 1
5080 1712 1
3401 3899 1
4993 227 1
4993 799 1
4993 3321 1
777 4629 1
777 1722 1
777 2124 1
777 4468 1
777 4987 1
345 5357 1
2693 3692 1
2693 880 1
2693 3964 1
2693 332 1
2693 1987 1
2693 1255 1
2693 447 1
2693 3241 1
3226 3308 1
1552 5379 1
5079 430 1
417 3091 1
2833 2829 1
2833 3528 1
2833 2113 1
1759 4409 1
1759 3380 1
4791 585 1
4791 4025 1
4791 3807 1
4789 2588 1
5108 139 1
5108 320 1
3000 1309 1
3986 4562 1
4915 3768 1
5203 1362 1
5203 2473 1
5203 1010 1
4697 4391 1
3040 4129 1
3040 5255 1
1523 4 1
3716 3630 1
5248 1814 1
5248 2883 1
1380 2360 1
1127 4605 1
1127 1311 1
2772 1583 1
2772 2494 1
2772 2542 1
3806 2189 1
2522 1677 1
3181 2935 1
3181 3148 1
731 4299 1
731 4652 1
731 1642 1
731 86 1
731 4678 1
731 3623 1
731 4378 1
731 5060 1
4284 4884 1
4284 4668 1
4284 3083 1
4284 2513 1
4284 3593 1
4284 4184 1
4284 2914 1
35 2290 1
210 3231 1
210 2727 1
4252 1247 1
4252 2749 1
4252 929 1
4252 2162 1
3888 4257 1
3060 672 1
3060 3372 1
3060 1136 1
3060 3852 1
4776 2975 1
2555 2324 1
5329 2755 1
5329 1411 1
912 708 1
912 1520 1
912 2563 1
912 4740 1
912 436 1
912 2374 1
912 1670 1
912 3867 1
2209 967 1
2209 3019 1
2209 3965 1
2209 3645 1
5026 1167 1
5026 123 1
5026 129 1
4745 4853 1
5011 428 1
5217 697 1
769 48 1
769 3005 1
1786 225 1
3861 3023 1
5238 3900 1
4588 2106 1
4588 2874 1
4588 1400 1
4588 4861 1
4588 3919 1
4588 314 1
4588 2586 1
4588 2657 1
4588 4322 1
4588 559 1
4588 2442 1
1425 951 1
1425 1832 1
3099 4129 1
3099 3449 1
3099 5355 1
3099 1838 1
70 2458 1
70 1705 1
4145 4726 1
3903 130 1
3903 4333 1
3903 5270 1
3903 523 1
1286 816 1
1286 4941 1
675 1685 1
675 2854 1
675 2144 1
675 553 1
675 1210 1
965 1107 1
965 702 1
965 1184 1
965 3904 1
965 1609 1
965 5172 1
263 2704 1
412 3058 1
487 526 1
3886 2523 1
93 497 1
369 2778 1
1384 3704 1
1384 5378 1
4812 956 1
4812 1178 1
4812 2165 1
4812 2325 1
4812 2198 1
4812 1554 1
4812 4124 1
4812 530 1
4812 1472 1
4812 310 1
715 2979 1
1487 3109 1
3444 4026 1
3723 4028 1
3955 5109 1
3038 4993 1
4169 4612 1
3126 4767 1
4768 5252 1
4690 66 1
2037 3229 1
2037 2522 1
4597 2170 1
1299 4695 1
357 2007 1
236 3451 1
2576 184 1
2340 1686 1
4061 3225 1
91 434 1
1791 5158 1
809 1567 1
1266 3327 1
1266 619 1
1266 2693 1
308 2989 1
308 5213 1
2733 4170 1
1972 3712 1
2417 234 1
5246 4423 1
3509 355 1
2264 4984 1
251 5336 1
2679 732 1
1312 3270 1
870 3918 1
2633 2697 1
276 4895 1
1971 1999 1
610 4821 1
4952 5301 1
2114 1763 1
1930 2484 1
3906 5251 1
4717 3801 1
2507 1538 1
1241 1208 1
4292 1644 1
527 2767 1
527 410 1
947 4749 1
679 1785 1
679 918 1
679 2202 1
679 2328 1
679 5071 1
679 846 1
679 4599 1
679 1789 1
679 3085 1
679 531 1
679 3821 1
679 1127 1
679 2952 1
679 3181 1
679 70 1
679 4145 1
679 1040 1
1042 3804 1
1042 3094 1
3789 5370 1
3789 985 1
3978 3373 1
4101 2830 1
828 540 1
4279 1131 1
4279 863 1
4764 1768 1
162 3572 1
162 5098 1
162 2999 1
162 2281 1
162 1523 1
3006 2685 1
621 2532 1
3363 3586 1
3376 3391 1
5035 4471 1
5035 216 1
5035 11 1
429 549 1
374 3153 1
3112 3182 1
4961 4897 1
3314 2974 1
3314 5197 1
3314 1252 1
5239 628 1
2065 3433 1
2756 477 1
2088 4846 1
1078 4561 1
1662 4515 1
5023 4039 1
3932 5069 1
3932 349 1
3932 183 1
3932 2347 1
350 852 1
99 5256 1
99 4563 1
99 2413 1
1889 1728 1
1355 2501 1
1102 3993 1
3823 368 1
4150 4919 1
2916 3574 1
4202 2842 1
3348 824 1
4236 2405 1
453 4280 1
4453 3178 1
600 1420 1
1883 844 1
2061 777 1
1263 1074 1
4813 3521 1
4813 3530 1
4813 730 1
4813 2097 1
4696 3021 1
3824 5079 1
2687 1286 1
2013 881 1
5332 698 1
4341 289 1
2502 4072 1
459 2594 1
979 1397 1
3828 4787 1
2787 3299 1
659 1858 1
3499 5262 1
1687 34 1
2526 1099 1
2688 569 1
4136 2503 1
4136 301 1
3710 388 1
1387 691 1
4942 3961 1
1840 1370 1
4637 4996 1
4637 1356 1
111 3720 1
3361 94 1
337 2146 1
1219 5314 1
894 3933 1
2460 4300 1
3280 3957 1
3247 3056 1
4051 2376 1
3300 4301 1
1330 874 1
1475 259 1
2800 2646 1
1631 5267 1
2028 300 1
518 2769 1
518 1625 1
1478 2491 1
4237 4881 1
4237 4517 1
2267 2327 1
3795 1951 1
3795 1514 1
3795 4252 1
660 769 1
2784 1328 1
2784 4848 1
2333 3398 1
1149 3542 1
3129 2861 1
4063 3153 1
3193 2452 1
586 2220 1
616 2136 1
4226 1201 1
547 1843 1
3519 4068 1
4986 2917 1
5283 1667 1
4750 2960 1
464 4036 1
166 156 1
5201 590 1
3982 1586 1
3962 987 1
3940 4158 1
2272 5381 1
4286 3088 1
4286 2241 1
4286 2894 1
4843 796 1
1623 4653 1
2257 214 1
4454 827 1
4648 3892 1
2133 977 1
4125 817 1
2221 2353 1
3728 2875 1
1494 598 1
5294 1479 1
4596 1081 1
4831 407 1
3774 1668 1
552 1877 1
1094 4359 1
152 4550 1
1635 3711 1
2760 1213 1
825 5033 1
2504 2351 1
482 2928 1
482 5354 1
482 2150 1
529 5031 1
2534 5173 1
1447 5348 1
4679 822 1
1624 5289 1
5193 3258 1
3482 2063 1
2995 1068 1
3468 4896 1
5174 4646 1
3706 5309 1
211 5232 1
674 4741 1
990 3831 1
3660 345 1
1416 779 1
4152 1350 1
3849 2555 1
4230 541 1
1808 2434 1
1808 1383 1
4108 4323 1
2663 4211 1
1797 1467 1
4143 282 1
949 3459 1
3164 1560 1
3164 2209 1
2628 3534 1
2732 442 1
1639 35 1
2813 1810 1
74 4269 1
1528 415 1
627 4975 1
3234 3834 1
2367 4178 1
1043 2391 1
19 1786 1
2094 1435 1
707 2008 1
2399 1300 1
484 1358 1
4109 2386 1
1550 455 1
4424 4154 1
4827 4572 1
4219 2400 1
250 1711 1
2980 4027 1
2459 3009 1
5202 1862 1
2959 4463 1
4962 1436 1
1100 3606 1
1100 4595 1
795 611 1
1731 1018 1
4547 3115 1
1287 3583 1
200 291 1
1055 4947 1
631 2192 1
4574 1192 1
2151 961 1
3763 285 1
4985 5029 1
178 1280 1
4934 1827 1
4076 4860 1
3334 4392 1
3066 493 1
3066 287 1
4709 4854 1
2621 1847 1
2921 134 1
486 2469 1
1708 33 1
1160 29 1
4095 2629 1
4920 3942 1
3406 210 1
2306 3699 1
4633 3716 1
444 5116 1
4474 4816 1
233 2240 1
2058 555 1
3054 1425 1
1429 1725 1
5223 4638 1
5258 2850 1
2757 1888 1
1150 3364 1
2357 20 1
3339 5265 1
3571 1860 1
3335 4416 1
3448 2751 1
3780 5380 1
4999 2236 1
1484 2589 1
3246 4470 1
5139 226 1
260 3888 1
3769 5345 1
592 2370 1
145 1867 1
920 2321 1
3399 912 1
963 3385 1
3301 1438 1
1997 3966 1
1588 3365 1
1733 2658 1
3313 2815 1
3927 4568 1
1610 3785 1
2839 5108 1
4913 4708 1
327 254 1
1695 1774 1
633 3470 1
1961 2635 1
4837 2674 1
4155 3531 1
21 1036 1
768 673 1
4261 675 1
179 550 1
158 1292 1
4524 3128 1
124 351 1
3214 5026 1
2607 4034 1
1096 1625 1
3996 1498 1
706 1849 1
1148 1648 1
3754 4193 1
2524 3496 1
4270 2129 1
4410 2229 1
1111 2611 1
1405 519 1
5153 1445 1
3952 4018 1
3071 283 1
806 991 1
883 819 1
4841 3226 1
980 2870 1
5333 5149 1
2889 404 1
3052 513 1
1800 1229 1
5259 625 1
2224 417 1
1091 939 1
3674 1755 1
968 2436 1
968 4208 1
895 2651 1
1784 141 1
669 3563 1
58 3220 1
557 3401 1
2562 5206 1
720 554 1
2122 2322 1
2940 4692 1
3745 5014 1
950 1058 1
3011 1701 1
5247 4259 1
5107 5104 1
3770 2681 1
1214 1511 1
2970 3858 1
2947 4077 1
2944 5024 1
1386 3209 1
2291 1138 1
4797 2397 1
4367 4056 1
2609 2936 1
4526 2419 1
3862 4104 1
2647 5316 1
4464 3950 1
