5014 3930 1
4254 2539 1
4254 2673 1
165 1027 1
4962 3049 1
1792 3384 1
843 273 1
843 4992 1
5179 891 1
5179 5184 1
5179 4232 1
5179 3719 1
5179 218 1
5179 1305 1
4790 3176 1
4790 3015 1
4790 4928 1
4790 1488 1
4061 2057 1
3600 621 1
3600 271 1
3600 2392 1
3600 883 1
3600 4769 1
3600 2391 1
3600 1158 1
1172 5367 1
1172 47 1
1172 2898 1
1172 2649 1
3660 436 1
507 4869 1
507 4081 1
507 465 1
507 3428 1
507 1783 1
507 4153 1
507 695 1
507 890 1
507 3568 1
507 1181 1
299 2808 1
405 4606 1
3820 850 1
1184 5064 1
4073 3785 1
2937 345 1
3381 3144 1
3381 5078 1
3381 4664 1
3381 5256 1
3381 2060 1
3381 4813 1
22 1434 1
3937 5294 1
1054 2255 1
690 1073 1
690 1683 1
5096 2428 1
5096 1543 1
5096 5186 1
3994 4871 1
516 5357 1
516 4922 1
5379 3904 1
2523 2927 1
1547 866 1
1547 676 1
1547 3197 1
1547 2767 1
1547 3749 1
1547 3429 1
1547 1210 1
1547 1639 1
2630 1552 1
2630 4172 1
2630 5094 1
2630 167 1
3827 4158 1
917 3673 1
2905 5271 1
709 783 1
2472 2029 1
2472 1221 1
1628 2567 1
1628 4457 1
1628 2404 1
1628 5173 1
1628 230 1
1628 3332 1
1628 1832 1
1628 4036 1
1751 3016 1
1751 548 1
1751 4811 1
1751 2473 1
1751 3196 1
1751 3453 1
1751 1391 1
1751 3795 1
1751 2001 1
1751 4868 1
3965 4993 1
3965 4917 1
3965 2760 1
3965 4219 1
3965 4845 1
3965 3857 1
3965 4076 1
3965 2441 1
3965 2293 1
3965 4083 1
3965 3894 1
3965 1744 1
3965 1227 1
3965 2968 1
3965 4143 1
3965 3455 1
3965 4125 1
3965 3294 1
5161 4030 1
5236 3334 1
3287 3340 1
3287 4113 1
3287 4846 1
3287 2780 1
3287 2166 1
3287 2880 1
3287 4702 1
3287 62 1
3287 3084 1
3287 2326 1
3287 2705 1
3287 4392 1
3287 2718 1
3287 559 1
3287 5335 1
3287 3880 1
4602 3706 1
3578 4055 1
3578 353 1
3578 402 1
3578 3070 1
3578 4734 1
3578 2299 1
3578 3628 1
3578 4260 1
3038 1684 1
637 288 1
4266 5088 1
4266 1771 1
4266 14 1
4266 4950 1
4266 2211 1
445 3893 1
445 588 1
3458 1102 1
3397 4440 1
789 3173 1
4333 2266 1
4 3484 1
2615 4320 1
1667 5187 1
820 104 1
820 928 1
820 258 1
820 87 1
186 3896 1
2087 1638 1
5110 73 1
5110 5333 1
1242 942 1
1242 3967 1
1242 2781 1
1242 5250 1
1242 4321 1
1242 4397 1
4441 1726 1
771 3001 1
2228 1793 1
111 438 1
111 3234 1
111 3193 1
111 4864 1
2129 3382 1
4862 3216 1
3661 1513 1
4113 934 1
4113 1360 1
4113 212 1
363 3268 1
363 4515 1
363 439 1
363 4884 1
363 831 1
363 4197 1
363 2032 1
363 3323 1
363 5291 1
363 2812 1
1813 470 1
1813 3602 1
1813 5204 1
1813 1498 1
1813 58 1
2606 464 1
2606 2554 1
828 4249 1
2102 2792 1
2522 2458 1
1477 2619 1
2306 2865 1
5347 137 1
1875 3640 1
1875 5345 1
1875 496 1
1875 2312 1
1875 4863 1
2335 472 1
39 4909 1
5136 3247 1
5136 3348 1
5073 4633 1
2316 431 1
2316 1923 1
706 1417 1
4313 2082 1
4313 1373 1
4313 161 1
1474 1001 1
1474 1107 1
1474 432 1
1474 5154 1
1474 1754 1
1474 669 1
1474 3202 1
1474 886 1
1474 4369 1
1474 4475 1
1474 1403 1
1474 2613 1
1474 765 1
1474 246 1
4001 2002 1
1666 4181 1
2195 4079 1
2195 1062 1
5270 5339 1
5270 401 1
5270 1155 1
5270 625 1
5270 5193 1
5270 57 1
5270 2465 1
5270 5340 1
5270 2658 1
676 1148 1
940 3825 1
3671 3415 1
3671 1430 1
3671 1018 1
3671 993 1
4707 1532 1
1077 2533 1
5286 4851 1
213 5325 1
213 3293 1
2857 3580 1
5071 265 1
3861 2162 1
4456 2976 1
1261 878 1
1972 2679 1
3640 61 1
3640 133 1
1240 200 1
1240 3283 1
1240 3470 1
1240 300 1
1240 414 1
3881 3707 1
3881 2186 1
3881 3724 1
3881 1195 1
898 134 1
898 4653 1
4656 3212 1
4656 5306 1
3233 2889 1
4713 2765 1
5261 3097 1
697 4091 1
2460 4538 1
2460 1312 1
2460 500 1
2460 1631 1
2460 3888 1
2460 85 1
2460 2711 1
589 2885 1
589 3900 1
589 130 1
589 4333 1
589 467 1
589 5202 1
589 1355 1
589 2583 1
589 931 1
589 4137 1
589 1268 1
589 284 1
589 5004 1
589 1382 1
589 1775 1
589 2656 1
589 3223 1
589 1907 1
1842 2286 1
1842 3363 1
1842 5231 1
1842 2159 1
1842 4211 1
4433 4195 1
4433 4986 1
2305 1723 1
5280 4500 1
3872 904 1
3872 4309 1
4633 1785 1
4633 3780 1
1758 4175 1
1758 2813 1
1758 490 1
1758 5284 1
1758 1022 1
1758 3472 1
1758 4255 1
1758 417 1
1758 4299 1
1758 4650 1
1758 1399 1
1758 3734 1
1758 2695 1
1758 4760 1
107 2031 1
4700 3364 1
4319 4000 1
747 1059 1
747 2770 1
747 2601 1
2101 4347 1
4919 1424 1
4145 3147 1
1204 2831 1
1204 2887 1
1204 4735 1
1204 1119 1
1204 535 1
1204 4529 1
1204 1635 1
1204 1384 1
4599 2996 1
4599 173 1
5165 2436 1
5246 2682 1
5246 571 1
5246 3105 1
5381 2007 1
5381 4144 1
5381 5317 1
5381 367 1
5381 3555 1
5381 4151 1
5381 1878 1
5381 4657 1
5381 2356 1
5381 278 1
5381 403 1
5381 2201 1
5381 1061 1
5381 3548 1
5381 3217 1
5381 1613 1
2048 4190 1
5026 1409 1
1120 4470 1
457 4258 1
1514 2755 1
1514 2748 1
1514 1418 1
1514 4597 1
1514 3882 1
1514 163 1
1514 4926 1
1514 143 1
1514 4516 1
1514 3867 1
1514 1922 1
1514 2833 1
1514 3695 1
1514 596 1
1514 497 1
1514 4408 1
1514 1528 1
1514 2900 1
1514 364 1
1514 4358 1
1514 23 1
1514 1928 1
1431 4181 1
362 1032 1
320 272 1
2124 854 1
2124 1883 1
2124 67 1
1367 2223 1
2179 5211 1
2179 193 1
3219 4261 1
3871 2532 1
3871 427 1
3871 3853 1
3871 3920 1
3871 1519 1
3871 1342 1
1111 5300 1
3341 5189 1
4899 1173 1
4899 1884 1
4899 3338 1
4899 4601 1
4899 1791 1
4899 1385 1
4899 4540 1
4899 4967 1
4899 2471 1
4899 2304 1
4899 4639 1
4899 5188 1
4899 2581 1
4899 919 1
4899 4095 1
4899 3629 1
4899 2921 1
4899 892 1
4899 3540 1
4899 875 1
4899 4955 1
4899 2362 1
4899 3394 1
4899 3387 1
4899 4585 1
4899 5228 1
4899 4608 1
4899 2327 1
4899 5215 1
4899 1888 1
4899 5310 1
4899 1836 1
4899 3876 1
4899 4008 1
4899 4918 1
4899 435 1
4899 5374 1
4899 1959 1
4899 3074 1
4899 5061 1
4899 3799 1
4899 585 1
4899 38 1
4899 3913 1
4606 3456 1
2933 5055 1
5009 3645 1
5009 2169 1
3713 4496 1
605 2566 1
2137 3441 1
3976 2068 1
3976 593 1
3976 1208 1
3976 2717 1
3976 598 1
3976 3497 1
3976 310 1
3976 4464 1
3976 2155 1
3976 996 1
3976 4695 1
1671 4453 1
1336 3862 1
1336 4246 1
1336 3797 1
1336 245 1
1336 863 1
1336 4913 1
1336 112 1
1336 297 1
1336 772 1
1336 98 1
1336 3183 1
1336 1831 1
1336 1900 1
1336 3630 1
1336 4837 1
1336 761 1
1336 6 1
1336 5375 1
1336 1380 1
3890 1156 1
3890 803 1
3890 3849 1
1262 3784 1
1028 1973 1
2010 5301 1
68 3625 1
68 4446 1
68 253 1
68 4644 1
68 2768 1
1833 443 1
4756 3921 1
2546 4533 1
2546 4518 1
2546 1971 1
2546 1558 1
2546 4183 1
4533 1967 1
1186 2552 1
1186 2061 1
3813 1225 1
3342 4724 1
3342 1879 1
2729 4930 1
658 2196 1
658 3960 1
658 1087 1
658 508 1
658 608 1
658 633 1
658 620 1
658 2859 1
658 1574 1
658 5058 1
3363 825 1
1443 240 1
1443 3796 1
1443 5105 1
1443 1767 1
142 2369 1
4089 5116 1
3638 16 1
1880 4233 1
4511 3227 1
4511 4480 1
4511 2376 1
4511 1042 1
4511 3685 1
4511 1579 1
4511 4434 1
4511 4621 1
4511 2352 1
4511 1182 1
37 5013 1
2294 4021 1
3459 4214 1
108 2620 1
108 3392 1
108 3420 1
3448 3389 1
3137 3017 1
3137 1369 1
3137 2112 1
3137 4603 1
3137 2925 1
3137 2011 1
3137 3417 1
3137 5043 1
3137 2448 1
3137 2350 1
3137 3576 1
3137 2960 1
3137 2260 1
3570 3982 1
1374 2556 1
1374 1990 1
1374 3983 1
1374 1457 1
1374 4162 1
1374 1489 1
2123 2504 1
3797 4326 1
3797 830 1
3797 4269 1
3797 1731 1
3797 4018 1
3797 2449 1
3797 1851 1
3797 1019 1
3797 4754 1
183 4256 1
183 4775 1
183 574 1
183 1486 1
183 724 1
183 3556 1
183 2372 1
183 4075 1
183 1366 1
183 135 1
183 2727 1
183 2775 1
183 254 1
183 4381 1
183 1749 1
183 805 1
183 3438 1
183 1616 1
183 3506 1
183 309 1
3601 4751 1
3662 2360 1
1089 4826 1
3783 40 1
4339 5313 1
3403 3134 1
1598 1529 1
590 4616 1
2285 3571 1
2285 4958 1
4647 1705 1
5025 5334 1
2399 4692 1
3800 1625 1
3800 1223 1
3800 5206 1
3800 2854 1
3800 327 1
4719 234 1
4719 5119 1
4719 549 1
4719 2967 1
4719 3507 1
4719 4110 1
4719 4604 1
266 4120 1
3860 4082 1
3860 708 1
208 4003 1
208 1404 1
2568 5179 1
2568 885 1
2568 2256 1
2568 4052 1
2568 2383 1
2568 3881 1
2568 3531 1
2568 5050 1
2568 1421 1
2568 4719 1
2568 4706 1
2568 3463 1
2568 4697 1
2568 2370 1
2568 2534 1
2568 2663 1
2568 4949 1
2568 69 1
2568 3631 1
2568 4349 1
2568 731 1
2568 5151 1
2568 1410 1
2568 4301 1
2568 824 1
2568 3073 1
2568 1857 1
2568 3915 1
2568 2529 1
2568 3659 1
2568 2730 1
2568 4883 1
2568 4795 1
2568 848 1
2568 4838 1
2568 4805 1
2568 3396 1
2568 519 1
2568 1698 1
2568 2784 1
2568 2103 1
2568 4823 1
1620 5180 1
1620 1015 1
642 3826 1
642 781 1
642 2725 1
642 654 1
3228 2143 1
1515 4422 1
1515 1745 1
1515 543 1
1515 447 1
1229 4444 1
1840 5066 1
1840 3058 1
1840 3517 1
1840 5227 1
1840 3606 1
1840 100 1
1840 551 1
2382 4596 1
2382 1060 1
2382 3122 1
2382 4933 1
2382 5164 1
4074 5216 1
4074 4925 1
4074 4178 1
4074 3542 1
4074 1586 1
3806 2641 1
3806 2489 1
3687 5110 1
4697 1760 1
4697 3717 1
4697 404 1
4697 2091 1
3952 3708 1
3952 5253 1
3952 1496 1
3952 4797 1
3952 2839 1
3952 5348 1
3952 2493 1
3952 726 1
3952 4109 1
3952 4690 1
3952 426 1
3952 2731 1
3952 4667 1
1289 379 1
992 1746 1
1902 4485 1
1303 4430 1
1303 5006 1
1303 664 1
1303 461 1
1303 4963 1
1303 1085 1
1303 333 1
1303 957 1
1303 4363 1
1303 115 1
1303 2835 1
1303 1945 1
1303 2844 1
1303 1392 1
1303 2323 1
1303 3502 1
1303 2694 1
1303 1978 1
1303 2213 1
1303 2809 1
1303 980 1
1303 4238 1
5363 4184 1
5363 3171 1
224 1750 1
224 2483 1
2487 4741 1
3518 1710 1
780 3845 1
3680 4300 1
3680 150 1
3680 1718 1
3680 978 1
3680 263 1
3680 46 1
3680 5338 1
5224 3980 1
3846 4579 1
1936 3574 1
5344 1717 1
5344 2030 1
5344 4017 1
5344 909 1
5344 879 1
5344 4757 1
5344 1072 1
5344 4355 1
3958 5161 1
3958 359 1
3958 2758 1
3958 2939 1
3958 4618 1
3958 1668 1
3958 1892 1
1294 952 1
1294 194 1
1294 5267 1
1294 4329 1
2353 5 1
1205 2467 1
330 2647 1
5220 1386 1
287 2600 1
287 1752 1
4881 599 1
2709 1167 1
2086 1217 1
2998 576 1
1435 4721 1
1435 4720 1
5005 224 1
4686 837 1
4959 691 1
4959 455 1
4959 855 1
2680 2269 1
4282 594 1
4282 3634 1
4282 4880 1
4282 3207 1
4282 3569 1
4282 3115 1
4282 1150 1
4282 4852 1
4282 3744 1
4282 2419 1
4282 1114 1
4282 1619 1
103 4156 1
739 962 1
3572 4049 1
3572 1603 1
2282 2247 1
3359 2401 1
2278 1766 1
2278 1240 1
2278 2667 1
2278 1936 1
2278 216 1
2278 876 1
2278 398 1
2278 2251 1
2278 2892 1
2278 4482 1
2278 3581 1
2278 851 1
2278 5104 1
2278 1216 1
2278 4395 1
2278 4835 1
2278 2530 1
2278 3501 1
2278 2347 1
2278 4025 1
2278 506 1
3674 4762 1
2270 1429 1
1405 3253 1
1405 224 1
1405 1524 1
1405 3895 1
1405 1444 1
1405 609 1
1405 700 1
1220 2125 1
1337 4743 1
1337 4512 1
1337 223 1
1337 449 1
1337 3209 1
1337 520 1
1337 3406 1
1337 1063 1
1337 730 1
1337 5382 1
1337 3750 1
1337 759 1
1337 3006 1
1337 4859 1
1337 1948 1
4637 723 1
1485 1168 1
1485 2411 1
1485 335 1
1485 4449 1
1485 303 1
1485 1691 1
1485 5197 1
1485 3851 1
1485 2569 1
4631 714 1
2875 4591 1
3973 4136 1
3973 4037 1
3973 2952 1
923 1343 1
923 1423 1
3983 721 1
1446 3250 1
1743 4026 1
1743 1685 1
1743 2461 1
1743 4848 1
1743 2430 1
1743 4013 1
1743 1853 1
4041 3329 1
4646 4094 1
2799 3291 1
3303 1607 1
3303 1242 1
3303 1186 1
3303 2568 1
3303 729 1
3303 4957 1
3303 2135 1
3303 2069 1
3303 2000 1
3303 1634 1
3303 3947 1
4699 1033 1
4699 2638 1
4699 3883 1
4699 1142 1
4699 4108 1
4699 3897 1
4699 68 1
4699 1103 1
4699 4579 1
4699 4245 1
4699 2838 1
4699 5022 1
4699 2991 1
4699 969 1
4699 3468 1
4699 3116 1
4699 3599 1
4699 2365 1
4699 2481 1
5108 5329 1
915 1692 1
4218 1274 1
4218 889 1
4218 4731 1
4218 3612 1
4218 3002 1
4218 3315 1
4218 5224 1
4218 168 1
4218 2055 1
4218 3512 1
4218 3252 1
4218 252 1
4218 4411 1
4218 2026 1
4218 4708 1
4218 1109 1
4218 2860 1
4218 4632 1
4218 914 1
4218 3123 1
4218 4803 1
4218 2633 1
5384 3274 1
1938 2819 1
4641 2975 1
4641 3210 1
4641 2387 1
4641 3488 1
4641 2617 1
3031 832 1
3031 1700 1
3031 844 1
3031 905 1
3031 3251 1
673 1143 1
3022 5214 1
876 4771 1
876 3300 1
876 4676 1
876 1144 1
876 491 1
876 4099 1
4827 748 1
4827 2571 1
4827 2413 1
4827 1128 1
4827 4068 1
4827 152 1
4827 5174 1
4827 798 1
2993 2207 1
2993 3598 1
2993 1141 1
2993 4308 1
2993 1504 1
2993 2459 1
2993 1091 1
2993 1287 1
2993 3153 1
2993 5354 1
536 4577 1
536 5162 1
3218 298 1
3218 1316 1
651 3812 1
651 3902 1
651 3642 1
651 3336 1
651 2336 1
3175 2863 1
3175 782 1
3512 466 1
3512 4870 1
3512 1264 1
3512 1214 1
3512 3663 1
3512 974 1
3512 4106 1
3512 2036 1
1968 4220 1
2118 2878 1
2118 1381 1
2118 796 1
2118 3995 1
1623 3422 1
3691 2528 1
2761 5244 1
624 1282 1
624 4582 1
1941 3667 1
4692 4210 1
4692 1317 1
4692 1787 1
4692 718 1
2769 3371 1
2769 2971 1
1192 4086 1
1192 1976 1
2995 3669 1
2995 279 1
2995 4316 1
2995 5191 1
2995 512 1
2995 785 1
2995 1567 1
1200 5095 1
5313 317 1
1632 3179 1
1632 4291 1
3115 2339 1
3115 4216 1
3115 1858 1
3115 4567 1
2492 1985 1
1912 1869 1
1912 929 1
1912 4385 1
1912 2227 1
1912 3603 1
1912 4814 1
1912 698 1
1912 3848 1
1912 4625 1
1912 2965 1
1912 2502 1
1912 473 1
1912 4468 1
1912 3168 1
1912 1070 1
1912 3158 1
1912 1812 1
1912 1183 1
1912 1112 1
1912 5219 1
1912 3770 1
1912 4947 1
1912 2561 1
1912 86 1
1912 236 1
3564 4463 1
3564 406 1
3564 715 1
3564 2361 1
1269 3064 1
4206 2476 1
3240 1239 1
4398 4841 1
4398 5289 1
4398 4132 1
4398 328 1
4398 4946 1
2823 1474 1
2823 2490 1
2501 5035 1
4185 30 1
4987 3626 1
4987 4749 1
4987 2901 1
437 2935 1
606 3154 1
5111 1610 1
5111 4379 1
5111 4372 1
5111 2319 1
5111 1453 1
5111 4328 1
5111 1964 1
5111 4039 1
4752 2514 1
1608 3290 1
749 5183 1
674 2100 1
4080 4961 1
203 1555 1
4626 963 1
4626 3681 1
4626 4396 1
4626 1201 1
4626 4084 1
4626 1777 1
4626 540 1
3615 3550 1
3615 835 1
4821 2987 1
209 2324 1
2106 5034 1
390 2697 1
390 4179 1
390 3169 1
390 4060 1
5131 227 1
5131 4773 1
5131 5278 1
5131 2535 1
5131 795 1
5131 2363 1
5131 2150 1
5131 264 1
5131 220 1
5131 5107 1
5131 3039 1
5131 5346 1
5131 2498 1
2644 3059 1
2644 4494 1
2644 667 1
1578 3409 1
750 4280 1
750 1972 1
750 3503 1
750 4365 1
750 3604 1
750 2742 1
750 1860 1
750 1602 1
750 4298 1
750 758 1
750 2733 1
2839 5378 1
5352 684 1
5352 4420 1
4598 3968 1
921 3836 1
5269 2999 1
5269 2390 1
5269 686 1
5269 5297 1
5269 3884 1
5269 197 1
5269 617 1
5269 2572 1
3791 2188 1
3791 630 1
3791 2845 1
3791 3032 1
3791 1577 1
3791 2535 1
3791 2320 1
3791 4062 1
3791 1747 1
3791 4739 1
3791 4932 1
3791 1626 1
3791 3431 1
1460 3076 1
1460 2840 1
2750 1383 1
2750 2696 1
2750 5336 1
3302 3352 1
3302 3395 1
1478 3142 1
1064 4212 1
1064 2560 1
1064 2890 1
3954 3985 1
179 407 1
644 4862 1
644 3938 1
644 4780 1
644 4551 1
644 66 1
644 806 1
644 4675 1
644 2576 1
644 2425 1
644 1662 1
644 2462 1
644 2496 1
644 4627 1
644 4718 1
644 5266 1
644 2239 1
644 728 1
644 393 1
644 257 1
644 1762 1
644 1325 1
644 3019 1
644 1810 1
644 2814 1
644 3924 1
644 1829 1
644 1157 1
1049 1995 1
4655 1429 1
4655 1998 1
2752 2364 1
3424 5152 1
3424 1199 1
3424 4865 1
1822 5185 1
1822 3714 1
201 2059 1
3098 3801 1
115 1890 1
2380 2934 1
1492 4364 1
1450 1172 1
1450 5150 1
1450 3587 1
1450 2332 1
1450 247 1
1450 3611 1
1450 3564 1
1450 2503 1
1450 4111 1
1450 3048 1
1450 2646 1
1450 5160 1
1450 1129 1
1450 4033 1
1450 4798 1
1450 816 1
1450 1977 1
1450 1981 1
1450 4929 1
1450 3319 1
1450 5121 1
1450 4737 1
1450 1830 1
1450 5272 1
1450 1024 1
1450 2984 1
1450 5011 1
5039 3033 1
5039 408 1
5039 1805 1
5039 1954 1
5039 2782 1
5039 3050 1
5039 3935 1
5039 3589 1
5039 840 1
5039 2527 1
888 1768 1
888 1636 1
3666 1192 1
3666 2027 1
3666 3562 1
3666 2888 1
3666 3526 1
689 3373 1
689 1957 1
622 1703 1
622 1675 1
622 2944 1
3592 3513 1
3592 1682 1
3592 2003 1
63 898 1
63 477 1
63 3837 1
63 259 1
63 3543 1
63 290 1
63 1735 1
623 5358 1
3150 3203 1
3963 3266 1
1588 2607 1
1588 1482 1
1588 4879 1
1588 933 1
1029 3004 1
1029 1478 1
210 32 1
3170 4310 1
2042 381 1
3519 2336 1
5134 344 1
4534 5170 1
1393 3838 1
1393 3737 1
1393 1782 1
1393 2024 1
1393 4948 1
1393 1576 1
1393 3735 1
1393 4638 1
1393 5137 1
1393 4985 1
1393 2592 1
894 4592 1
1860 3816 1
3047 2701 1
3906 4277 1
3520 1393 1
178 1303 1
178 63 1
2783 2093 1
3824 3296 1
3824 899 1
3824 990 1
3824 2045 1
3824 5251 1
4733 1116 1
1258 4479 1
4977 256 1
2912 516 1
2912 4302 1
2912 4152 1
2912 4100 1
2912 1530 1
2912 324 1
2912 3698 1
2912 238 1
2912 1834 1
2912 1838 1
2912 4687 1
2912 1377 1
2912 689 1
2912 5288 1
2912 1006 1
2912 1584 1
2912 4766 1
2912 1909 1
2912 2678 1
2912 1058 1
2912 542 1
2912 214 1
2912 672 1
2912 1425 1
2912 518 1
2912 2486 1
2912 3344 1
2912 3284 1
2912 4923 1
1737 1930 1
1737 5124 1
1659 597 1
4028 3439 1
5049 4680 1
2105 4882 1
4255 1686 1
4255 3509 1
4255 2639 1
2027 836 1
2027 2801 1
849 671 1
849 3128 1
5091 5376 1
5091 5282 1
5091 3573 1
5091 710 1
226 1501 1
189 3566 1
189 2624 1
4545 1169 1
4545 4666 1
810 893 1
2610 4166 1
5086 20 1
5086 4888 1
5086 4361 1
4659 3440 1
2474 3807 1
2077 3241 1
2482 1523 1
2482 4641 1
2482 3767 1
2482 3399 1
2482 3898 1
4681 2827 1
3471 4424 1
3471 857 1
3471 2895 1
3471 4368 1
3471 1910 1
3471 2848 1
3471 2191 1
3471 4605 1
3471 248 1
3471 474 1
3471 4314 1
3471 231 1
3471 4872 1
3471 430 1
3471 276 1
3471 5075 1
3471 308 1
3471 2497 1
3471 564 1
3471 423 1
3471 2470 1
3471 4130 1
3471 4341 1
3471 2940 1
3471 616 1
3471 1720 1
3471 4725 1
3471 1590 1
4625 2261 1
4625 3349 1
4625 581 1
4625 1461 1
4625 2151 1
4625 3082 1
4625 4658 1
4625 3093 1
4625 2412 1
4625 4146 1
958 1147 1
4405 4121 1
764 989 1
1138 1099 1
3347 421 1
3347 2922 1
3347 5386 1
3347 7 1
3347 5273 1
3347 1958 1
4163 2997 1
4163 4517 1
4163 3594 1
5262 5065 1
5262 4956 1
5262 2593 1
5262 3303 1
5262 622 1
5262 2049 1
5262 1753 1
5262 4483 1
5262 3690 1
5262 4989 1
5262 1679 1
5262 331 1
3442 833 1
1312 5019 1
1312 2337 1
2576 2051 1
2576 1057 1
2576 2598 1
2576 4340 1
2576 2145 1
2576 241 1
659 5083 1
659 1656 1
2095 3747 1
4668 954 1
274 2033 1
274 4565 1
274 2852 1
274 1893 1
274 5123 1
811 1046 1
4101 1591 1
3482 5199 1
696 4873 1
696 3335 1
696 323 1
696 1604 1
696 1806 1
696 4564 1
3201 1562 1
3201 3298 1
3201 325 1
3201 3051 1
5148 1939 1
1648 369 1
1648 186 1
1648 2573 1
1648 3372 1
1648 3146 1
1648 4133 1
1648 3718 1
1648 4412 1
1648 101 1
1648 2156 1
1648 1345 1
1648 3614 1
1648 3235 1
1648 2841 1
1648 4912 1
1648 4350 1
1648 2283 1
1648 3588 1
1648 4742 1
1648 285 1
1648 1872 1
1648 2538 1
1648 2146 1
1648 1801 1
1648 2738 1
1648 5372 1
1648 1828 1
1648 2321 1
522 5219 1
2317 5246 1
2317 4469 1
2317 1387 1
2317 5046 1
2317 626 1
2317 2463 1
2317 5259 1
2317 3575 1
2317 3022 1
2317 3563 1
2317 1187 1
2317 311 1
2317 464 1
2317 4359 1
2317 3117 1
2317 1445 1
2317 4438 1
2317 5044 1
2317 3987 1
2317 1899 1
2317 2699 1
2317 2340 1
3042 5260 1
3042 4696 1
3042 1451 1
3042 3071 1
3042 2614 1
3042 3467 1
5309 801 1
5309 3577 1
5309 2548 1
5309 3206 1
2251 3647 1
2251 2194 1
2251 859 1
2251 4089 1
2251 3755 1
2251 2402 1
2251 89 1
2251 2919 1
2251 3528 1
2251 338 1
3949 4679 1
4944 4859 1
613 685 1
2749 4519 1
1696 2215 1
2817 414 1
4974 4783 1
4974 2420 1
4974 3072 1
4096 4221 1
4096 151 1
4096 3916 1
4096 2212 1
4096 11 1
4096 459 1
4096 4709 1
4096 4745 1
4096 4562 1
5133 1609 1
4600 1617 1
4934 4981 1
586 3347 1
4702 1697 1
4702 3515 1
4702 2431 1
4702 3731 1
4702 4968 1
4702 3720 1
3419 4254 1
3419 3680 1
3419 3201 1
3419 1092 1
3419 4965 1
3419 3198 1
3419 1370 1
3419 2884 1
8 2605 1
1611 2931 1
336 3471 1
2222 3135 1
2040 2951 1
54 675 1
918 1350 1
2039 3066 1
2039 3997 1
2039 4154 1
2039 1084 1
2039 3710 1
2039 924 1
2039 2435 1
2039 2338 1
2039 4140 1
2039 2515 1
2039 4286 1
2039 3005 1
2039 602 1
2039 2687 1
2039 1556 1
2039 592 1
2039 348 1
1365 1322 1
4290 3661 1
4290 2729 1
4290 3779 1
4290 260 1
4290 2341 1
4290 1159 1
1916 4975 1
1916 3627 1
1916 3910 1
1916 4102 1
1916 1218 1
1916 4128 1
1916 3246 1
1916 2071 1
1916 3978 1
3545 2864 1
4996 4593 1
4996 3605 1
4996 5087 1
4996 906 1
4996 555 1
4996 1633 1
4996 138 1
4996 777 1
4996 3705 1
521 1644 1
3334 2734 1
1330 5169 1
1330 1145 1
1330 4270 1
1330 5129 1
1330 172 1
1330 4098 1
1330 4377 1
1330 4508 1
1330 1441 1
1330 4520 1
1330 4624 1
1330 3204 1
1330 116 1
1330 1110 1
1330 2903 1
1330 2943 1
1330 117 1
1318 5135 1
1318 4901 1
1318 2 1
2910 4537 1
2910 1078 1
2910 1292 1
2910 2776 1
2910 1079 1
2910 1755 1
2910 3044 1
4192 2176 1
2822 128 1
2822 2855 1
2822 1877 1
2822 174 1
2822 2457 1
2822 1781 1
1351 3432 1
2962 1191 1
2962 941 1
2962 4362 1
3411 4612 1
3411 49 1
3411 2958 1
3411 3828 1
3411 3285 1
3411 2199 1
4019 3753 1
3768 1284 1
3768 982 1
3768 3504 1
3768 2897 1
3768 1732 1
3557 4497 1
3557 3560 1
5062 3929 1
3428 694 1
3428 5136 1
3428 5205 1
3428 2138 1
3428 4704 1
3428 4046 1
3428 1332 1
3428 4726 1
3428 5274 1
3428 1645 1
3428 3770 1
3428 711 1
260 2708 1
260 4268 1
260 4315 1
260 3075 1
260 2004 1
260 3136 1
260 3133 1
260 4629 1
260 448 1
260 2911 1
1299 4393 1
1299 944 1
1299 5344 1
1299 3727 1
5002 4999 1
5002 1319 1
5002 4617 1
5002 2796 1
5002 4097 1
5002 999 1
5002 1497 1
1881 1763 1
615 4186 1
5264 2652 1
5264 986 1
5264 3113 1
3532 1881 1
2611 4198 1
2611 3595 1
2611 4649 1
2611 2433 1
2611 5102 1
2611 1565 1
1376 2263 1
1376 1905 1
1376 2163 1
1376 5027 1
4383 4607 1
2793 2396 1
2793 3890 1
2793 2010 1
2793 4866 1
2793 4398 1
2793 4087 1
2793 1790 1
2793 2736 1
2793 2242 1
2793 3328 1
2793 119 1
4404 2468 1
1564 2995 1
1963 3232 1
1963 494 1
2014 2434 1
5097 3781 1
4271 3000 1
243 3213 1
243 153 1
243 4789 1
243 5113 1
243 3244 1
243 3375 1
513 3034 1
2049 1847 1
2049 2227 1
2049 4800 1
4376 4044 1
4376 3583 1
4376 2973 1
4376 2621 1
3663 793 1
3663 2429 1
3663 5283 1
3732 4134 1
4630 1118 1
4682 3772 1
1942 2421 1
3793 3400 1
3361 1011 1
3343 4896 1
3343 3489 1
692 1803 1
692 5009 1
3927 3437 1
1873 2181 1
3274 3368 1
3274 3787 1
1065 4997 1
2020 4902 1
2020 3863 1
2020 1352 1
2020 1456 1
2020 4038 1
281 2437 1
3232 2393 1
3232 3473 1
3232 741 1
3232 1263 1
3232 2182 1
3232 1560 1
1 5302 1
3191 2691 1
5183 3230 1
5183 28 1
5183 1996 1
5183 442 1
5183 5275 1
5183 2650 1
4636 1751 1
3868 1454 1
3868 4303 1
3868 3730 1
3868 1863 1
3868 2517 1
3868 913 1
3868 3321 1
3868 440 1
3868 1428 1
3868 2366 1
3868 1277 1
5182 2579 1
2982 3257 1
4888 2328 1
4888 1653 1
4888 1388 1
2740 3164 1
4698 5303 1
4698 4685 1
4698 3109 1
4698 4546 1
4698 2920 1
4698 3137 1
4698 5025 1
4698 1887 1
4698 3118 1
4698 1895 1
4698 1663 1
4698 1447 1
4698 1052 1
4698 485 1
4698 3161 1
4698 701 1
5126 2403 1
4170 2825 1
3427 4572 1
3427 956 1
3427 3745 1
3427 1670 1
3427 3010 1
3427 1712 1
3427 3085 1
3427 1301 1
3427 4911 1
3427 4460 1
3427 776 1
3427 4874 1
3427 269 1
3427 575 1
3427 3873 1
3427 2262 1
3427 71 1
3427 169 1
3427 4267 1
3427 3404 1
3427 1395 1
3427 2787 1
3427 5120 1
3427 1802 1
3427 1207 1
3427 1906 1
3427 444 1
3427 3664 1
3427 1212 1
3427 3677 1
3427 583 1
3943 5341 1
3639 4386 1
4960 2751 1
4960 3343 1
4960 146 1
1882 545 1
1882 979 1
1882 1794 1
1882 3869 1
139 864 1
88 3272 1
88 538 1
1994 4977 1
1994 627 1
1757 5298 1
1783 4251 1
5051 295 1
5051 4545 1
5051 4047 1
5051 3410 1
5051 3138 1
5051 2561 1
5051 2021 1
1070 5355 1
1070 1742 1
1818 1368 1
4476 2143 1
277 4413 1
1459 3254 1
1459 4431 1
4234 349 1
4234 4640 1
2301 3096 1
948 5366 1
1373 1931 1
1373 5229 1
1373 3192 1
1373 1104 1
1373 1233 1
1373 132 1
1373 19 1
1373 3926 1
1373 3155 1
1373 4370 1
1373 2225 1
1373 4812 1
1373 1136 1
1373 2648 1
1373 2951 1
1373 4244 1
1373 5153 1
1373 1254 1
1373 1826 1
1373 2518 1
1373 3789 1
1373 244 1
1373 1932 1
1338 2157 1
1338 3738 1
1338 1804 1
1338 3860 1
1338 2189 1
1338 3814 1
1338 4786 1
1338 4770 1
1338 4791 1
195 4710 1
4182 2910 1
2735 1784 1
2295 4890 1
1004 2899 1
1004 4342 1
4007 3289 1
5012 3302 1
4196 229 1
1444 2249 1
1444 2881 1
1943 821 1
235 2913 1
2158 4343 1
1321 318 1
5 3277 1
1507 3821 1
1507 1098 1
1507 5248 1
1507 1647 1
1507 1394 1
1507 3486 1
1507 355 1
1507 3174 1
1507 981 1
76 1356 1
2754 1637 1
2326 5279 1
2692 732 1
2178 4010 1
3379 1510 1
3996 221 1
3996 3026 1
3996 2928 1
3996 1913 1
3996 2173 1
4688 591 1
1074 3381 1
1074 4490 1
1074 4435 1
2642 3077 1
2642 378 1
2642 3288 1
2642 3221 1
2642 5069 1
2642 4945 1
2642 4527 1
2642 3973 1
2642 3053 1
2642 1693 1
2642 5059 1
2642 4294 1
2642 1040 1
2642 4530 1
2642 1999 1
2642 1267 1
2642 3307 1
2642 4180 1
2642 1164 1
2642 4344 1
2642 2167 1
3969 4503 1
867 5070 1
4808 2472 1
4808 1013 1
4808 2654 1
4808 3089 1
4808 1008 1
4808 513 1
4808 2108 1
4808 289 1
4808 2735 1
4808 766 1
4808 5007 1
4808 446 1
4808 1293 1
4808 2236 1
4808 4513 1
4808 4740 1
4808 3855 1
3158 541 1
3158 3141 1
920 3621 1
3496 1901 1
3496 550 1
3496 1204 1
3496 953 1
3496 3111 1
4267 5254 1
4267 2016 1
4301 1306 1
4034 1511 1
4034 2144 1
381 211 1
381 988 1
381 4041 1
381 312 1
381 2834 1
381 1542 1
381 1035 1
381 1105 1
381 2375 1
381 3491 1
381 3099 1
381 1494 1
381 2139 1
381 1993 1
381 1448 1
4051 5308 1
4051 5001 1
4051 94 1
4051 5080 1
4051 4442 1
4051 75 1
4051 3656 1
4051 1126 1
4051 3798 1
4051 4311 1
4051 351 1
4051 4436 1
3292 3494 1
3414 4609 1
3704 4758 1
2164 229 1
2164 1361 1
2164 2180 1
2164 3185 1
2164 3771 1
3151 113 1
4774 4799 1
4224 3790 1
33 3696 1
4159 1743 1
4159 4541 1
239 477 1
1982 756 1
4734 4555 1
4734 1699 1
4734 2224 1
4734 3934 1
4734 1273 1
4734 2484 1
4734 3903 1
4734 4048 1
4734 1533 1
4734 1796 1
4768 1814 1
2495 4074 1
2495 3316 1
1572 4995 1
1991 131 1
4588 3671 1
4588 2073 1
4588 3766 1
4588 3374 1
4588 5269 1
4588 3692 1
4588 751 1
4588 2240 1
4588 2265 1
4588 2491 1
4588 4072 1
4588 2395 1
4588 1030 1
2081 1274 1
2081 1955 1
1908 503 1
2253 2002 1
5326 4885 1
3864 225 1
3776 4375 1
3776 3188 1
2070 5003 1
2070 342 1
2070 3979 1
2070 2712 1
2070 1475 1
2070 5056 1
860 1175 1
154 1117 1
5210 5237 1
5114 4053 1
5114 740 1
4548 5337 1
360 4802 1
360 1724 1
360 2158 1
360 1045 1
1664 3858 1
2235 4230 1
1341 5047 1
1252 3430 1
1252 3833 1
1252 3914 1
1252 1028 1
1252 2355 1
1252 3481 1
1252 3091 1
1252 2127 1
1252 2803 1
1252 249 1
1252 2200 1
1252 4040 1
1252 4982 1
1252 3469 1
1252 3773 1
1252 3259 1
1252 352 1
1252 2924 1
1252 1719 1
1252 1709 1
1252 1206 1
1252 666 1
1252 5198 1
1252 2451 1
1252 3618 1
2109 4414 1
822 1401 1
4312 4665 1
851 3764 1
4173 3769 1
2896 3600 1
2896 4736 1
2896 3427 1
2896 1121 1
2896 2427 1
2896 2789 1
2896 2279 1
2896 4839 1
1395 537 1
1395 4247 1
4283 565 1
4283 3839 1
4283 4674 1
4283 4853 1
3143 5304 1
4323 1364 1
1605 1514 1
3690 3657 1
3690 959 1
3690 2088 1
3690 3748 1
3690 1357 1
3690 3643 1
3690 2693 1
3690 1748 1
3690 655 1
3690 3613 1
3690 1464 1
3690 4063 1
3690 4953 1
3690 482 1
3690 1862 1
4715 2250 1
4715 3541 1
4715 752 1
4715 2655 1
4715 1371 1
3011 4423 1
757 4176 1
757 1048 1
757 3962 1
877 1246 1
2779 2025 1
2779 2066 1
2779 808 1
2779 3393 1
2779 2397 1
2779 2505 1
2779 2417 1
2779 1278 1
2779 4693 1
4440 10 1
1209 1442 1
5120 628 1
538 2022 1
538 4425 1
538 3353 1
1082 1422 1
1265 2547 1
1265 502 1
1265 3510 1
1265 4415 1
1265 1919 1
3103 1125 1
2830 1920 1
3279 5155 1
4197 2806 1
4197 2037 1
4197 4810 1
4197 2252 1
2536 5052 1
973 3130 1
479 2379 1
487 1651 1
343 3495 1
1512 3675 1
326 2988 1
1124 1756 1
2136 1170 1
2136 3957 1
1483 4193 1
1483 3607 1
261 4187 1
261 4335 1
261 4459 1
261 2664 1
1348 580 1
3915 916 1
778 3388 1
1639 4317 1
1639 1816 1
1639 3964 1
1639 2815 1
1639 3998 1
1639 3733 1
4844 4819 1
4471 874 1
1866 2070 1
1911 5079 1
182 1687 1
3018 2297 1
2311 2577 1
2311 607 1
2311 587 1
2311 3159 1
5230 3885 1
5230 1472 1
5230 3841 1
5230 120 1
5156 1841 1
5156 2477 1
2300 3286 1
1402 2005 1
4761 1247 1
3020 4689 1
4903 975 1
2914 2192 1
2914 124 1
2914 3761 1
2914 3879 1
2914 560 1
2914 3709 1
3579 1538 1
3449 568 1
2901 5077 1
2312 4115 1
2312 4213 1
2312 1600 1
2312 5285 1
2312 1571 1
2312 3055 1
2312 4388 1
3723 2750 1
3723 2585 1
3723 4759 1
3723 5190 1
3723 3166 1
3723 4126 1
3723 4834 1
3723 3398 1
3723 383 1
3723 1270 1
3723 760 1
3723 3931 1
3711 1237 1
1304 270 1
4015 1363 1
5028 5060 1
1533 3267 1
1533 2210 1
1533 2248 1
1533 1025 1
1533 123 1
3840 4553 1
1493 4171 1
1493 4978 1
1493 3369 1
481 2826 1
1585 415 1
1690 1764 1
2621 55 1
2621 2075 1
2789 4387 1
2789 1654 1
2789 2342 1
2867 656 1
2867 2549 1
2867 452 1
2867 4538 1
2867 4161 1
2867 826 1
2867 5200 1
2867 1312 1
2867 500 1
2867 233 1
2867 1631 1
2867 3888 1
2867 85 1
2867 3632 1
2867 31 1
2867 1495 1
2867 2711 1
1115 1317 1
1115 2586 1
1115 1821 1
3128 4272 1
3128 807 1
3376 5370 1
1735 2582 1
1735 5327 1
1735 1171 1
1735 3530 1
1575 3820 1
2479 4784 1
2479 237 1
2479 196 1
2479 2772 1
2479 2732 1
2479 1597 1
4156 1165 1
5213 4971 1
1672 3993 1
5109 4984 1
5109 3676 1
4654 2995 1
639 3126 1
1490 1516 1
965 2456 1
3167 2686 1
2671 774 1
2384 2455 1
3584 1547 1
3584 228 1
3584 2317 1
3584 3419 1
3584 1854 1
3584 380 1
3584 984 1
3584 4021 1
2414 2357 1
1352 3477 1
4891 251 1
4891 480 1
4891 2316 1
4891 3918 1
4891 4919 1
4891 3337 1
4891 1843 1
4891 717 1
4891 4652 1
4891 923 1
4891 3031 1
4891 5112 1
4891 5131 1
4891 3592 1
4891 4746 1
4891 346 1
4891 3596 1
4891 5314 1
4891 3215 1
4891 5264 1
4891 90 1
4891 5292 1
4891 1338 1
4891 1868 1
4891 2083 1
4891 1115 1
4891 1106 1
4891 4840 1
4891 3832 1
4891 925 1
4891 102 1
4891 2635 1
3808 2542 1
1153 3457 1
3007 412 1
292 4980 1
1752 501 1
4964 582 1
354 4135 1
354 1657 1
354 1308 1
3693 1071 1
1442 2090 1
1442 4462 1
1442 2485 1
1442 4148 1
4632 2284 1
4632 1276 1
2299 4164 1
2299 949 1
3199 356 1
2488 1738 1
80 3052 1
80 5045 1
4991 181 1
2279 5177 1
2279 2594 1
2279 3087 1
5232 2219 1
4519 5048 1
4519 4495 1
4519 4357 1
4519 2945 1
4519 4669 1
4519 2052 1
4519 332 1
4519 3062 1
3401 91 1
3401 2950 1
2128 1012 1
2209 3162 1
1226 3533 1
3166 4285 1
3166 4149 1
3166 5042 1
3166 3194 1
3166 4514 1
3166 3433 1
3166 2868 1
3767 566 1
3767 2608 1
3767 4915 1
4490 1554 1
4490 4822 1
4490 1151 1
4490 1211 1
4490 2886 1
4490 1983 1
4490 1307 1
460 5315 1
1925 733 1
4670 2115 1
1333 3617 1
914 2382 1
914 4200 1
3139 3758 1
3139 4549 1
3139 2797 1
3139 2915 1
433 779 1
337 4088 1
4155 4525 1
5364 5361 1
3367 2506 1
4262 12 1
380 1193 1
380 4716 1
380 3402 1
380 3178 1
380 3140 1
380 1484 1
380 2343 1
380 1389 1
380 4542 1
380 677 1
380 1563 1
380 418 1
380 4778 1
380 5041 1
5155 2466 1
5155 3567 1
5155 4750 1
5155 2422 1
5155 4595 1
5155 2766 1
984 3985 1
4406 634 1
5371 3423 1
1505 1627 1
1149 5225 1
1149 525 1
1149 2932 1
1149 155 1
1149 809 1
1149 2618 1
1149 943 1
2257 4705 1
2058 2006 1
4753 4651 1
264 428 1
264 2062 1
187 1522 1
3632 2941 1
5221 5326 1
5192 1740 1
5192 2229 1
5192 483 1
5192 456 1
5192 4563 1
5192 2380 1
5192 3387 1
5192 818 1
5192 2143 1
5192 1903 1
5192 1166 1
5192 3739 1
5192 74 1
5192 3487 1
2794 2645 1
3255 1517 1
3255 5034 1
3255 699 1
3255 817 1
2629 4378 1
2629 1937 1
4258 4924 1
4258 4354 1
4258 629 1
3100 2513 1
3100 53 1
3100 2084 1
370 3129 1
370 301 1
1780 5144 1
2700 3824 1
4855 2165 1
800 3871 1
925 2329 1
775 4278 1
5018 4217 1
523 1950 1
523 2119 1
4279 3673 1
50 2746 1
2666 3892 1
4027 1460 1
4027 734 1
4027 1885 1
4027 4905 1
1872 2160 1
1872 1298 1
1872 4804 1
1872 4165 1
852 2846 1
733 1583 1
2254 1140 1
3012 4833 1
4834 5024 1
3124 1632 1
3124 4671 1
5079 3802 1
1236 5091 1
3684 1244 1
1093 1344 1
1093 3258 1
1093 4966 1
1093 3177 1
1093 2094 1
1093 2595 1
573 1827 1
1831 4576 1
544 41 1
544 3308 1
544 1412 1
544 3777 1
880 646 1
147 3633 1
945 1599 1
4477 2147 1
4477 1005 1
4477 2609 1
4477 2226 1
282 567 1
2757 747 1
206 4284 1
994 3546 1
5125 2894 1
1658 603 1
1658 3418 1
1676 4324 1
296 2723 1
3842 3919 1
2651 3405 1
2651 3222 1
2651 4779 1
2651 2963 1
2764 2385 1
742 829 1
1411 3597 1
4573 2551 1
3801 3220 1
3801 1772 1
5074 1234 1
5074 2516 1
5074 3522 1
5074 4623 1
5074 3391 1
5074 3054 1
1463 1432 1
5342 1017 1
5342 394 1
5342 4857 1
767 3356 1
454 3425 1
454 1323 1
454 2230 1
454 1815 1
454 812 1
454 660 1
454 13 1
454 4940 1
1903 3300 1
1903 2264 1
1903 3186 1
1903 1047 1
2116 43 1
2116 696 1
2116 2018 1
2116 3939 1
2116 4077 1
2116 2847 1
2116 3635 1
2116 3460 1
2116 387 1
2116 4330 1
2116 70 1
2116 3311 1
4237 2344 1
4237 834 1
4237 4916 1
4237 4979 1
4237 2563 1
255 4586 1
1038 1146 1
4287 313 1
4287 3041 1
4287 392 1
4287 1886 1
4287 2983 1
4287 546 1
4287 2107 1
4035 4717 1
4765 2098 1
1162 1507 1
1476 4295 1
2120 4334 1
2120 644 1
2120 1095 1
2120 3639 1
2120 3723 1
2120 2978 1
2120 5063 1
32 5067 1
32 5265 1
32 960 1
5105 5163 1
3293 1090 1
3293 4566 1
3955 5084 1
3955 1650 1
723 5029 1
723 3726 1
30 1759 1
5335 2130 1
5335 250 1
1897 3511 1
1897 1673 1
1897 2241 1
1897 2267 1
735 3852 1
5277 1813 1
4188 601 1
4188 4560 1
1230 1746 1
1230 77 1
2313 2574 1
2313 4836 1
2313 4054 1
2313 3616 1
2313 382 1
4327 4507 1
5207 5103 1
3759 1160 1
3759 3886 1
3759 2637 1
3759 632 1
3759 2795 1
693 5365 1
693 3740 1
693 2962 1
693 2440 1
4263 5270 1
4263 3572 1
4263 1916 1
4263 2643 1
4263 1761 1
4263 4808 1
4263 4815 1
4263 2557 1
441 3256 1
3236 1606 1
3236 1864 1
3236 2961 1
1166 509 1
1166 3762 1
1166 2238 1
1166 5100 1
1166 4437 1
1166 4009 1
1166 4793 1
1166 987 1
3523 2936 1
3523 4610 1
3523 5128 1
3523 1773 1
3523 341 1
1469 4204 1
5222 3839 1
5222 3265 1
5222 968 1
1643 3080 1
4235 584 1
3310 5040 1
3310 3163 1
3310 4557 1
3310 4556 1
3310 5093 1
3310 4103 1
3310 2843 1
3310 894 1
3310 3636 1
3310 4694 1
991 1949 1
4325 4816 1
4554 4346 1
702 3850 1
5349 4486 1
304 2990 1
4241 2012 1
761 3385 1
368 4491 1
368 3811 1
368 3131 1
368 1569 1
368 4738 1
368 3345 1
368 3715 1
497 1521 1
4021 3907 1
4021 1337 1
4021 424 1
4021 1485 1
4021 1861 1
4021 3047 1
4021 4281 1
4021 1000 1
4021 4613 1
4021 1161 1
4021 2622 1
4021 1844 1
4021 5233 1
4021 4318 1
4021 3970 1
4021 2550 1
4021 25 1
4021 3350 1
4021 2114 1
2653 2590 1
2653 3446 1
5115 5377 1
5115 2388 1
3932 2140 1
156 578 1
156 2553 1
156 3794 1
156 5328 1
156 5089 1
156 1965 1
156 176 1
156 736 1
156 374 1
156 1196 1
156 1313 1
156 4489 1
156 78 1
4787 1798 1
4787 5036 1
4787 737 1
4543 4382 1
4543 3622 1
4543 643 1
4543 5290 1
4543 2460 1
4543 2076 1
4543 4307 1
4543 4729 1
4543 2202 1
4543 950 1
4543 3411 1
4543 109 1
4543 1004 1
4543 2867 1
4543 3668 1
4543 1094 1
4543 2442 1
4543 4275 1
6 1531 1
1213 1969 1
4122 5234 1
971 1075 1
3132 99 1
1253 4002 1
1253 3008 1
1253 822 1
1249 3007 1
395 3255 1
395 4543 1
911 556 1
3880 5389 1
3880 4360 1
3880 5138 1
3880 5316 1
3880 4056 1
1235 3699 1
4559 4728 1
1406 5235 1
74 3590 1
74 3538 1
74 881 1
74 3226 1
1189 1640 1
4273 3830 1
4767 81 1
3985 1833 1
3985 3317 1
3985 3728 1
3677 2373 1
3677 3679 1
1296 3865 1
3290 1859 1
3290 4672 1
3290 453 1
768 3966 1
2185 769 1
1679 42 1
1679 1134 1
1679 786 1
1679 1874 1
1679 1548 1
2099 1231 1
839 2698 1
4976 5175 1
3445 1506 1
2149 3751 1
1656 683 1
1656 2759 1
1656 2972 1
1157 283 1
1157 4204 1
339 2745 1
339 3678 1
339 3682 1
339 738 1
339 5082 1
339 5240 1
339 1839 1
339 4117 1
339 4568 1
339 3426 1
339 3940 1
339 4259 1
339 3325 1
339 4139 1
339 558 1
339 1353 1
339 2217 1
339 1295 1
339 4322 1
339 1702 1
339 5252 1
339 3756 1
339 569 1
339 2869 1
583 1465 1
583 2085 1
1185 5064 1
2287 3479 1
2287 1701 1
2287 1871 1
2287 1076 1
468 4847 1
802 4776 1
2008 653 1
1489 4683 1
3354 64 1
5013 5201 1
5013 2737 1
5013 2298 1
5013 2870 1
5013 3986 1
5013 4417 1
5013 2121 1
5013 3652 1
5013 1339 1
5013 1855 1
5013 4416 1
451 888 1
3476 3534 1
3476 388 1
1940 3500 1
3947 204 1
3947 3908 1
3947 3390 1
3947 4828 1
3947 642 1
3947 1222 1
3947 1174 1
3947 4684 1
3947 4712 1
3947 4384 1
3947 5309 1
3947 1088 1
3947 2331 1
3947 2311 1
3947 5230 1
3947 1056 1
3947 971 1
3947 911 1
3947 547 1
1466 4401 1
2079 170 1
2079 2308 1
2079 110 1
2079 1566 1
2079 3295 1
2034 531 1
2034 2657 1
2183 3065 1
2183 1914 1
2183 3060 1
2183 2926 1
4248 1291 1
2763 1334 1
2763 4481 1
2763 1492 1
2763 2602 1
2763 4064 1
2763 3977 1
2367 4433 1
321 1255 1
1181 2993 1
315 4550 1
3552 1272 1
3552 1648 1
3552 2198 1
2271 2981 1
2271 2613 1
3721 2333 1
3721 4090 1
2478 1628 1
2478 2611 1
2478 1915 1
2478 2662 1
3355 4626 1
3822 4288 1
1823 1459 1
3607 4236 1
701 1188 1
701 4824 1
701 5343 1
701 1449 1
701 5000 1
701 4338 1
701 4611 1
701 3672 1
668 3157 1
668 5381 1
668 3544 1
668 4051 1
668 2164 1
668 2992 1
668 3127 1
668 1439 1
668 3304 1
668 4794 1
614 1580 1
614 4972 1
614 4547 1
614 1587 1
614 762 1
614 1581 1
614 4670 1
614 4391 1
614 1224 1
4904 544 1
2023 753 1
3792 792 1
3792 188 1
3792 2807 1
902 648 1
2987 3981 1
2987 524 1
3271 4594 1
1436 1694 1
1436 2104 1
495 3514 1
495 1499 1
1500 484 1
1500 1534 1
1500 4858 1
1500 955 1
1500 3736 1
1500 198 1
1500 1468 1
1500 1508 1
2884 5180 1
2884 1241 1
2884 3591 1
2884 841 1
2884 2623 1
3898 4969 1
3898 1081 1
3898 144 1
3898 4065 1
3898 60 1
3898 375 1
3898 2110 1
3898 4662 1
5306 2418 1
5306 17 1
494 3434 1
494 3697 1
494 2500 1
494 1518 1
494 3021 1
494 2243 1
494 1288 1
494 4356 1
494 907 1
2097 1279 1
4660 2916 1
4419 663 1
1824 4807 1
1824 4468 1
1824 4947 1
2617 3619 1
2617 3989 1
827 813 1
4815 3078 1
4815 1681 1
4815 3377 1
4815 2231 1
4815 4817 1
4815 2575 1
4815 4574 1
4815 2785 1
4815 157 1
4815 5118 1
4815 3891 1
4815 350 1
4815 2096 1
4815 2406 1
4815 3928 1
4815 4439 1
4815 754 1
4815 3658 1
4815 4066 1
4815 2141 1
4815 2771 1
4815 56 1
4815 3683 1
4815 3754 1
4815 1066 1
4815 3478 1
4815 2368 1
4815 4242 1
4815 4067 1
4815 2864 1
4815 1956 1
4815 4628 1
4815 1992 1
4815 4287 1
4815 3644 1
4815 3119 1
4815 386 1
4815 4856 1
4815 4092 1
4815 3922 1
4815 2964 1
4815 2955 1
4815 1807 1
4815 2720 1
4815 2849 1
4809 1979 1
409 156 1
4005 2710 1
4005 3100 1
1270 3280 1
1270 366 1
3763 1614 1
4031 3275 1
4031 3351 1
4031 4465 1
4031 3551 1
65 2672 1
2345 347 1
4057 3539 1
821 3056 1
3331 2288 1
376 5149 1
2720 2053 1
2720 2630 1
2720 868 1
2720 1346 1
2720 202 1
2720 3859 1
2720 4622 1
2720 410 1
2720 5195 1
2720 1706 1
2720 1108 1
2720 2398 1
2720 2291 1
2720 2197 1
2720 1180 1
2720 4875 1
2720 937 1
2720 4058 1
2720 3741 1
2720 1652 1
2720 4587 1
2720 2065 1
2720 2741 1
2720 3103 1
2720 2665 1
2720 3558 1
2720 647 1
2720 1152 1
2720 1347 1
2720 2446 1
2720 3313 1
3487 419 1
3487 1713 1
3487 5194 1
5178 314 1
3480 2287 1
3526 3953 1
3526 396 1
3526 2041 1
3526 3208 1
3526 5057 1
631 2659 1
4544 813 1
5122 657 1
4167 1055 1
4167 4202 1
3237 3242 1
5157 3320 1
29 732 1
2662 4493 1
2662 2214 1
2662 4499 1
2662 5247 1
2662 4528 1
2662 2948 1
2662 4570 1
2662 4222 1
2662 4042 1
2662 3946 1
2662 652 1
2662 4474 1
2662 5383 1
2662 2856 1
2662 4451 1
1396 93 1
1396 302 1
1396 3483 1
1396 5281 1
1396 2174 1
1396 3831 1
1396 5159 1
1396 1987 1
1396 397 1
1396 158 1
1396 2837 1
1396 2603 1
1396 1378 1
1396 635 1
1396 1582 1
1396 2358 1
845 4777 1
4645 2668 1
5139 2177 1
5139 2683 1
5139 4078 1
5139 3042 1
5139 3490 1
5139 243 1
5139 3743 1
5139 908 1
5139 2274 1
2056 3443 1
2056 5362 1
2056 4069 1
2056 4818 1
4942 1243 1
2114 5140 1
760 2728 1
760 82 1
760 4663 1
760 3700 1
760 1707 1
760 4634 1
760 3582 1
2507 105 1
4760 4785 1
4760 2634 1
4760 4937 1
4760 2415 1
4760 1918 1
4760 2929 1
4760 400 1
4329 1669 1
4329 34 1
4329 3380 1
4329 869 1
4329 4561 1
819 3180 1
3809 1898 1
1197 2544 1
3107 4016 1
205 3248 1
5176 2676 1
232 2126 1
329 3834 1
769 2953 1
769 1067 1
331 3848 1
331 861 1
719 3686 1
4923 1414 1
4923 2540 1
645 4860 1
1470 4050 1
1470 743 1
1470 3505 1
1470 422 1
3858 1297 1
5179 4194 1
5179 3229 1
4790 604 1
4790 895 1
3600 1349 1
3600 1550 1
507 5322 1
507 4112 1
507 1846 1
507 3465 1
507 1280 1
507 4914 1
3820 5208 1
3381 5076 1
3381 2804 1
3381 106 1
3381 1309 1
2630 4215 1
1628 1122 1
1628 425 1
1628 3190 1
1751 2612 1
3965 429 1
3287 3648 1
3287 2377 1
3287 1795 1
4266 2862 1
820 1917 1
1242 2578 1
111 5238 1
4113 3297 1
1875 2152 1
1875 2072 1
1875 526 1
1875 1621 1
5136 4714 1
5136 1765 1
5136 3094 1
5136 1433 1
5270 2450 1
3671 797 1
3671 926 1
1240 2591 1
1240 1215 1
1240 2713 1
5152 619 1
1842 180 1
1842 4788 1
4433 2314 1
2305 1452 1
1204 910 1
1204 2371 1
5381 4138 1
5381 4747 1
5381 1031 1
1514 3688 1
1514 4418 1
1514 4448 1
1514 4426 1
1514 4059 1
1514 3273 1
1514 2346 1
1514 2669 1
1514 5203 1
1514 3327 1
3337 177 1
4899 3856 1
4899 4711 1
4899 4900 1
4899 636 1
4899 1041 1
4899 1327 1
4899 2970 1
4899 21 1
3976 3665 1
1336 2946 1
1336 4104 1
1336 3239 1
1336 2423 1
3890 4289 1
3890 3716 1
3890 5320 1
3890 3999 1
68 2670 1
2546 838 1
2729 4886 1
658 35 1
658 951 1
658 1811 1
4511 1852 1
1374 2519 1
183 4226 1
183 4939 1
183 4691 1
183 3901 1
183 2512 1
183 661 1
183 2555 1
183 4228 1
3800 552 1
3800 2017 1
3800 4306 1
3800 171 1
4719 3224 1
3860 5293 1
2568 3092 1
2568 688 1
2568 121 1
2568 4951 1
2382 4014 1
4074 662 1
1303 411 1
1303 670 1
1303 1849 1
224 1537 1
224 1736 1
224 5033 1
224 5305 1
2238 935 1
2238 1817 1
5344 2454 1
5344 2464 1
2278 2348 1
2278 2562 1
1337 3774 1
1337 1536 1
1485 4118 1
1485 2134 1
4957 2970 1
4699 4020 1
4218 3172 1
4641 489 1
3031 2354 1
4827 2721 1
4827 1677 1
2993 4127 1
2993 504 1
2118 4970 1
2118 4455 1
2118 92 1
2118 4264 1
4692 2171 1
4692 3416 1
4692 3330 1
2995 3559 1
2995 3620 1
4219 2349 1
64 121 1
5235 3461 1
5130 2426 1
5130 4764 1
5130 2092 1
5130 1525 1
5131 4583 1
2644 814 1
2644 3299 1
2644 2904 1
2644 865 1
2644 2714 1
2644 4394 1
2644 2564 1
2644 1479 1
2644 1665 1
2644 722 1
750 3974 1
4598 322 1
5269 1789 1
5269 3276 1
3791 1944 1
3791 1549 1
2750 1689 1
644 1248 1
644 5330 1
644 2525 1
644 2221 1
644 3333 1
644 970 1
644 2325 1
644 1362 1
644 5242 1
2380 3181 1
5039 3324 1
888 4910 1
622 3941 1
622 4614 1
3592 1130 1
3592 4921 1
63 4854 1
1393 3585 1
2912 3003 1
2912 1595 1
2912 5356 1
2912 4943 1
2912 1568 1
189 1007 1
1557 3326 1
3471 1797 1
4625 4755 1
811 1865 1
129 534 1
129 1256 1
129 681 1
1648 1845 1
2317 2443 1
2317 1876 1
2317 5276 1
2317 5255 1
5309 44 1
4702 2148 1
4702 2798 1
4702 159 1
4702 2584 1
4702 3498 1
5278 84 1
2039 3027 1
4290 1960 1
4290 3108 1
1916 4730 1
1916 1050 1
1330 1021 1
2962 5143 1
2962 140 1
3411 901 1
3768 5117 1
3768 4748 1
3428 2599 1
3428 998 1
1881 966 1
2297 9 1
2049 4571 1
2049 3435 1
3343 4304 1
2020 4642 1
2020 4522 1
2020 4461 1
3232 2587 1
3232 3725 1
5183 5217 1
4698 5319 1
4698 2220 1
4698 4506 1
4698 2359 1
4698 4407 1
3427 744 1
1761 3152 1
5051 48 1
1373 4620 1
1373 882 1
1444 4701 1
1444 4371 1
3996 1545 1
4688 1594 1
2642 505 1
2642 4578 1
2642 2876 1
4808 2499 1
381 4348 1
381 4931 1
4051 3260 1
4051 399 1
2164 2774 1
2164 1722 1
2164 4070 1
2164 2715 1
4734 3261 1
4734 3346 1
4734 4792 1
4588 5263 1
5326 1535 1
2070 4936 1
2070 3407 1
1252 2853 1
1252 1708 1
1252 371 1
1252 498 1
1252 2786 1
1252 5311 1
1395 1526 1
5245 2979 1
5245 1310 1
5245 977 1
3690 4867 1
757 1219 1
2779 4331 1
2779 4399 1
2779 5098 1
4440 1250 1
1439 5141 1
2312 967 1
2312 1921 1
3723 4473 1
3723 1730 1
3723 5287 1
3723 3450 1
2083 4643 1
1844 59 1
2789 4727 1
2789 2632 1
1115 716 1
1115 5332 1
1352 2858 1
1352 872 1
4891 5147 1
4891 510 1
4891 4744 1
4891 4806 1
1216 600 1
1216 3961 1
2279 4012 1
4296 1154 1
4519 1503 1
3166 1415 1
914 561 1
914 4427 1
914 2438 1
5155 4168 1
3632 1970 1
3632 1275 1
3632 2985 1
5192 3035 1
5192 4703 1
3223 5388 1
4834 4535 1
1093 1980 1
1093 1612 1
5074 4447 1
454 5181 1
454 2204 1
454 4116 1
454 2309 1
454 1034 1
2116 2565 1
4237 1856 1
4237 1397 1
4237 3948 1
4237 1002 1
4237 678 1
2120 5307 1
2313 4124 1
3310 3088 1
3310 2660 1
368 3102 1
368 3421 1
4021 856 1
4543 3746 1
6 95 1
911 3847 1
126 3079 1
3880 4876 1
3880 1641 1
3880 3305 1
3880 4642 1
3880 3651 1
4559 2954 1
4559 2726 1
3985 1630 1
3985 1137 1
3985 4336 1
1194 1984 1
1194 2272 1
1194 745 1
1194 72 1
1194 4772 1
1194 389 1
1157 3971 1
339 4147 1
339 1559 1
2966 4024 1
2287 4829 1
5013 3029 1
5013 527 1
3388 2400 1
3947 1733 1
2079 3278 1
4877 3549 1
701 136 1
701 305 1
701 2043 1
668 773 1
668 3975 1
668 3950 1
668 1302 1
668 1711 1
1500 703 1
1500 462 1
3898 1728 1
494 1176 1
334 1133 1
4815 947 1
2720 2111 1
2720 5081 1
2720 1509 1
2662 5030 1
1396 5172 1
2056 3383 1
2056 1043 1
2056 3149 1
2056 180 1
769 3200 1
4923 83 1
1850 5385 1
4443 3803 1
2877 1926 1
3444 3868 1
1083 306 1
539 1714 1
679 589 1
679 2642 1
679 4588 1
4250 458 1
3083 2773 1
4763 2046 1
4763 3236 1
1285 4723 1
1285 3711 1
1285 4122 1
2244 553 1
5167 983 1
2015 2753 1
1283 2971 1
3301 3524 1
2558 5105 1
3905 3615 1
2871 985 1
45 2604 1
1527 2479 1
3623 2672 1
2334 2902 1
2232 2444 1
930 5390 1
3637 5130 1
413 3835 1
4973 3205 1
3120 3211 1
1326 2974 1
1769 4253 1
884 2914 1
2986 4472 1
2828 4031 1
1642 4391 1
887 3976 1
3608 842 1
5368 3269 1
1734 4428 1
2439 216 1
2439 2892 1
2439 506 1
1177 1315 1
4305 1132 1
4276 486 1
4498 2674 1
2175 5051 1
3945 2292 1
4897 1291 1
5318 3357 1
1320 4887 1
3536 3778 1
3536 5347 1
3536 454 1
1544 1324 1
4782 1840 1
2047 2315 1
922 3231 1
787 846 1
784 1875 1
2268 1875 1
4781 2893 1
4781 1500 1
1372 1198 1
725 4895 1
5099 487 1
1359 1808 1
2187 1504 1
3474 2039 1
1228 2719 1
3182 1678 1
680 2659 1
3318 3763 1
2689 2116 1
2273 2116 1
434 4892 1
5387 4029 1
4842 3090 1
1770 4996 1
938 5350 1
5359 3775 1
5359 3036 1
3646 1329 1
2625 658 1
2625 3952 1
610 5342 1
2675 5021 1
2246 3525 1
2246 1374 1
2246 3936 1
2246 4085 1
2302 2884 1
2545 2621 1
2688 1904 1
4452 4532 1
3933 4114 1
4093 3712 1
149 668 1
2661 2896 1
5249 3249 1
2872 286 1
3609 1080 1
2407 291 1
463 4511 1
3499 3866 1
1570 4509 1
4332 1379 1
4123 361 1
3990 1003 1
847 5261 1
4231 528 1
3942 4045 1
4032 1252 1
2330 1729 1
5168 377 1
3312 1407 1
4297 1966 1
4297 4205 1
2296 1557 1
2296 80 1
488 1368 1
4454 2822 1
3263 475 1
160 4796 1
2218 2805 1
5037 4988 1
3447 3112 1
5127 3624 1
2277 2153 1
4380 2445 1
1727 2779 1
1680 4998 1
4990 5020 1
4141 3909 1
2969 3408 1
4142 5074 1
1036 3114 1
1951 1470 1
1037 1674 1
5092 3537 1
2520 1251 1
2168 2378 1
2154 2802 1
4478 235 1
4478 4991 1
4478 2280 1
340 4296 1
2013 649 1
2508 339 1
2994 4673 1
2777 4899 1
2777 4191 1
2777 3768 1
3649 1408 1
1266 1515 1
4410 384 1
4410 261 1
4004 2414 1
2820 5360 1
2879 1688 1
2409 2631 1
4830 3287 1
191 4283 1
2842 5209 1
2842 3362 1
1260 4374 1
1203 4199 1
5299 2389 1
3823 750 1
1016 3232 1
4906 2381 1
638 4590 1
3068 3218 1
3101 3903 1
2374 3561 1
2374 1009 1
2374 26 1
2374 1427 1
2374 3912 1
15 1101 1
2818 833 1
3145 4688 1
2019 4043 1
720 4827 1
720 1661 1
3037 5101 1
1068 3030 1
682 1232 1
1238 3243 1
1238 5245 1
3670 3791 1
3670 4390 1
5324 932 1
1539 5369 1
2290 5363 1
2677 2078 1
2853 1973 1
704 1062 1
2113 2067 1
5295 515 1
385 183 1
687 316 1
2938 4445 1
280 3872 1
529 4290 1
529 2020 1
5380 2956 1
4239 2131 1
3061 4677 1
4129 2509 1
4129 3 1
2233 1387 1
1741 2120 1
3815 4598 1
2707 5232 1
1779 2850 1
5353 4765 1
3057 2216 1
3899 2278 1
939 1093 1
4524 3024 1
166 1471 1
3160 1988 1
1649 3653 1
164 1398 1
4983 1398 1
2190 2667 1
3485 1 1
5331 5002 1
4648 693 1
1340 299 1
1481 370 1
557 2303 1
557 2788 1
2980 1952 1
927 1491 1
1934 3379 1
1163 189 1
2559 3610 1
3887 3757 1
3959 570 1
3959 4282 1
162 4831 1
114 1118 1
561 1520 1
561 4877 1
3045 1096 1
2259 1553 1
2259 815 1
1438 712 1
2275 1178 1
1974 964 1
4825 1792 1
2873 2640 1
3358 3650 1
3984 5312 1
2756 870 1
1546 2118 1
1546 1882 1
199 1809 1
2405 4526 1
2405 696 1
4071 1467 1
4169 1660 1
2245 1927 1
1300 1916 1
2684 2543 1
1290 1042 1
357 1330 1
4581 612 1
4208 4131 1
1820 1069 1
18 2763 1
946 618 1
3817 820 1
2800 820 1
4584 650 1
3988 4501 1
2122 2866 1
267 1455 1
4400 1862 1
3875 4994 1
4531 2009 1
3878 4558 1
3810 4521 1
5196 5111 1
595 274 1
1462 640 1
5072 3086 1
450 1758 1
450 5053 1
450 108 1
450 3958 1
450 3462 1
450 2056 1
3378 1314 1
1440 4119 1
3654 3527 1
2702 3996 1
3722 811 1
3923 1194 1
2064 2028 1
5031 2028 1
2310 1588 1
871 4891 1
554 2644 1
3925 1473 1
577 1123 1
4502 2906 1
96 492 1
391 5109 1
4552 1837 1
2038 2778 1
2038 2762 1
2038 972 1
1786 3245 1
2977 4203 1
1725 307 1
3870 3944 1
3870 4477 1
3593 5145 1
4177 24 1
3067 3800 1
1715 5262 1
562 1629 1
2526 3843 1
2596 4938 1
2908 1842 1
2908 3819 1
3413 4174 1
936 4266 1
4252 5223 1
1716 1502 1
5218 3306 1
4889 4402 1
3238 1551 1
1997 5114 1
1573 5015 1
2570 3846 1
1622 390 1
1593 3166 1
2537 293 1
4536 1367 1
4189 2882 1
36 2882 1
4207 2453 1
4225 3874 1
2142 2193 1
3225 2313 1
4615 5016 1
4615 5192 1
4157 4345 1
2541 4373 1
2703 4006 1
4450 4243 1
4011 705 1
4150 3063 1
3043 3851 1
4661 1097 1
372 175 1
3069 611 1
4843 2322 1
1561 4292 1
2531 1328 1
2626 4539 1
4510 1885 1
1596 4229 1
707 1281 1
4257 1873 1
755 5115 1
4466 1420 1
3547 1153 1
3742 5321 1
763 3951 1
763 1924 1
763 3759 1
5023 3185 1
799 4904 1
1020 3752 1
2874 862 1
1739 3493 1
1739 2747 1
2685 2044 1
5226 1010 1
4894 727 1
3040 1766 1
3991 3281 1
3475 3310 1
1704 791 1
1044 2170 1
1257 2636 1
1286 3802 1
4351 3449 1
3121 2811 1
1835 358 1
1819 2851 1
4893 896 1
493 1889 1
1014 4920 1
3972 469 1
3025 1245 1
3025 4820 1
2907 275 1
4504 4801 1
2258 3786 1
4635 4389 1
1929 2743 1
4223 1492 1
1601 4352 1
903 2184 1
3046 208 1
3046 2424 1
2416 1023 1
2597 4790 1
3586 4790 1
5257 81 1
3760 5258 1
145 2942 1
145 3956 1
1721 3584 1
2810 3677 1
1776 1946 1
5158 4096 1
1848 823 1
997 4366 1
3788 3214 1
2394 4421 1
4458 1933 1
319 5008 1
2947 3845 1
1935 5032 1
1335 2628 1
3095 507 1
2816 2616 1
1271 4849 1
4274 503 1
2132 4569 1
3125 3195 1
804 788 1
294 2832 1
2722 3721 1
2681 2183 1
976 3189 1
4467 2035 1
3703 2966 1
2133 4699 1
2744 4293 1
1354 4293 1
2205 2521 1
2089 5139 1
2203 1891 1
2063 1190 1
2957 4022 1
2281 2909 1
1894 961 1
1894 2739 1
1870 4523 1
1788 2883 1
3165 2883 1
4432 853 1
215 4105 1
4907 5373 1
2386 4492 1
3553 1624 1
1592 4619 1
3028 5106 1
4908 1405 1
4487 4698 1
2949 1487 1
4732 4927 1
4201 4160 1
530 2079 1
3264 3765 1
1051 3148 1
3702 1695 1
5241 127 1
572 192 1
3535 2546 1
4952 5171 1
1867 3729 1
2891 3014 1
3694 2912 1
641 1538 1
1086 1064 1
1416 1139 1
1799 148 1
2580 4227 1
2989 4580 1
3529 4237 1
141 27 1
1331 3701 1
790 3660 1
3508 2704 1
3104 5176 1
3805 5142 1
2716 4218 1
2351 532 1
3804 2823 1
5166 1912 1
79 1375 1
1615 499 1
3184 3466 1
365 1646 1
4488 2124 1
2588 2234 1
2318 4935 1
1100 4505 1
900 97 1
4589 184 1
3156 563 1
4850 614 1
3565 222 1
1618 3917 1
912 3366 1
873 2494 1
5296 2808 1
4832 1336 1
4832 517 1
3282 1179 1
770 3412 1
3492 129 1
1400 2923 1
185 262 1
51 3329 1
3187 3691 1
2452 4974 1
2930 5068 1
3554 368 1
3521 3889 1
242 2172 1
2589 118 1
3013 3451 1
219 1039 1
471 1825 1
2410 478 1
533 2790 1
579 3829 1
1947 111 1
4265 3322 1
125 1480 1
514 3844 1
217 147 1
4429 1655 1
3655 4722 1
4409 3309 1
373 2080 1
3436 5010 1
1202 757 1
4367 2208 1
858 3110 1
1953 5039 1
897 2307 1
1311 2821 1
5268 5212 1
5323 2480 1
2627 5351 1
3452 991 1
416 4486 1
3854 1986 1
476 3464 1
3314 2447 1
3360 334 1
122 2432 1
5090 2305 1
1589 1426 1
3386 4861 1
1419 4898 1
4403 4678 1
3992 1259 1
2469 2289 1
1541 5038 1
4941 1620 1
1778 30 1
3339 1975 1
5146 5085 1
4107 1961 1
4954 3784 1
1962 746 1
1458 4484 1
2054 4209 1
2237 4878 1
2117 2408 1
2524 794 1
2524 2276 1
3023 2706 1
511 126 1
1135 3818 1
1800 3516 1
5132 3641 1
5239 2824 1
3877 4023 1
2724 1896 1
3370 2475 1
2791 4163 1
268 2161 1
1053 2617 1
1131 4559 1
4353 344 1
2836 2917 1
420 3365 1
52 1450 1
2074 713 1
2510 3965 1
3081 1376 1
190 3782 1
2861 1955 1
3009 4337 1
1437 5017 1
5243 3270 1
2206 1413 1
2918 1358 1
3106 4575 1
3689 2829 1
1989 1540 1
2050 1127 1
2511 665 1
1026 3317 1
1390 2690 1
3262 3947 1
2959 3454 1
995 4240 1
1774 2762 1
3911 5054 1
207 1113 1
