1901 1092 1
603 686 1
1241 1389 1
833 2003 1
1236 353 1
1236 241 1
1236 1699 1
1236 1494 1
1236 1926 1
1236 904 1
1236 531 1
1236 1988 1
1236 1378 1
196 169 1
752 922 1
834 1126 1
834 276 1
834 254 1
834 1412 1
834 1435 1
1132 1839 1
166 341 1
166 1703 1
166 1146 1
166 1825 1
757 1697 1
757 1404 1
757 1614 1
757 763 1
757 1173 1
757 1313 1
757 436 1
303 366 1
303 1446 1
303 226 1
303 507 1
511 251 1
1036 1252 1
749 1663 1
407 637 1
407 1721 1
407 1785 1
407 2009 1
407 1143 1
407 536 1
407 1857 1
407 1170 1
661 1432 1
661 755 1
608 1629 1
1612 303 1
1612 1154 1
1612 1215 1
1612 1708 1
1612 1311 1
1612 1073 1
1612 1294 1
1612 229 1
1612 534 1
1612 824 1
1612 1487 1
1612 385 1
1612 1533 1
1612 1220 1
1612 888 1
1612 1180 1
94 499 1
1154 654 1
1154 791 1
1154 924 1
1154 142 1
1154 569 1
1154 1217 1
1154 634 1
333 631 1
807 1753 1
807 273 1
807 1496 1
807 501 1
807 1465 1
807 1940 1
807 1519 1
807 369 1
807 23 1
807 1470 1
807 616 1
807 1339 1
807 1174 1
807 694 1
807 852 1
807 74 1
807 1275 1
807 1797 1
807 1065 1
807 1436 1
807 628 1
807 1067 1
807 1179 1
807 145 1
807 1544 1
807 1223 1
1038 1279 1
1038 1591 1
1038 1434 1
1038 148 1
627 1508 1
1006 244 1
803 1263 1
966 327 1
1168 590 1
987 1542 1
1384 1242 1
1406 527 1
174 26 1
174 865 1
174 572 1
174 1679 1
174 665 1
174 163 1
1106 752 1
1106 1664 1
1106 1375 1
1106 1175 1
1106 1110 1
1106 1946 1
1106 1295 1
1106 588 1
1106 1810 1
1106 359 1
1106 452 1
1106 1925 1
1106 68 1
1106 322 1
1106 730 1
989 1812 1
989 174 1
989 1188 1
989 193 1
989 1122 1
989 36 1
989 106 1
989 1754 1
989 1647 1
989 670 1
989 1957 1
989 1607 1
989 1747 1
989 797 1
989 700 1
989 820 1
1731 982 1
896 1414 1
916 1550 1
1389 1571 1
1389 425 1
1109 935 1
606 1280 1
318 202 1
1078 940 1
1899 166 1
1899 432 1
1899 1440 1
1899 105 1
1899 1147 1
1899 954 1
1899 1924 1
1899 1788 1
329 970 1
885 333 1
330 915 1
1637 1080 1
469 1883 1
858 1292 1
1543 948 1
1563 743 1
339 1824 1
339 179 1
339 1803 1
339 1997 1
339 125 1
781 810 1
781 666 1
781 912 1
1917 308 1
1524 554 1
944 1680 1
783 1586 1
783 321 1
783 160 1
1455 611 1
1455 1064 1
93 753 1
93 1722 1
399 1402 1
1858 731 1
1858 1501 1
1858 1209 1
406 1602 1
185 1066 1
185 155 1
185 1572 1
185 1634 1
968 956 1
1885 1932 1
1885 1560 1
1885 495 1
1885 1789 1
1885 1491 1
1885 1910 1
1885 929 1
1885 388 1
867 190 1
1599 635 1
1053 1943 1
1053 1171 1
1053 656 1
1053 739 1
33 315 1
33 1830 1
33 2025 1
33 1982 1
33 1346 1
33 1521 1
33 1690 1
474 1573 1
348 323 1
1708 147 1
2008 1200 1
979 1024 1
491 746 1
1052 945 1
350 579 1
56 1533 1
56 75 1
766 1245 1
766 1684 1
766 164 1
766 228 1
766 1428 1
766 1013 1
766 12 1
1350 337 1
1804 1133 1
1804 1088 1
1977 1202 1
292 561 1
149 1912 1
1228 166 1
1228 312 1
1228 1312 1
1228 57 1
1228 624 1
1228 1374 1
1228 361 1
1228 607 1
1318 1782 1
938 367 1
938 1137 1
938 859 1
938 320 1
938 2014 1
938 1369 1
1068 523 1
1068 1564 1
1068 1538 1
1068 1504 1
1068 768 1
1068 1673 1
1068 1970 1
192 1960 1
1073 1806 1
1073 722 1
1073 31 1
1073 932 1
1073 461 1
1073 1487 1
1073 955 1
1073 1467 1
1073 1716 1
1073 1095 1
1073 800 1
1073 1444 1
1073 1632 1
1073 1939 1
370 814 1
1039 1145 1
1039 835 1
1916 2031 1
1576 1306 1
1576 1565 1
1409 1224 1
55 209 1
949 1004 1
897 2036 1
1505 798 1
1216 1983 1
262 738 1
262 2004 1
262 1096 1
262 136 1
262 1828 1
262 390 1
262 1450 1
262 2005 1
262 1705 1
262 386 1
262 1854 1
262 689 1
262 792 1
262 879 1
262 482 1
262 758 1
262 431 1
262 1870 1
262 310 1
262 785 1
262 1309 1
262 1739 1
262 1370 1
262 621 1
262 1012 1
625 639 1
625 1727 1
625 1743 1
430 1819 1
253 1621 1
1333 1265 1
415 127 1
415 553 1
415 772 1
415 582 1
415 1955 1
415 1658 1
415 712 1
415 567 1
27 1282 1
27 986 1
27 1834 1
27 610 1
27 1415 1
27 947 1
27 806 1
27 1649 1
27 716 1
27 668 1
27 1234 1
27 1728 1
27 529 1
27 316 1
1934 717 1
438 1196 1
1351 1614 1
1087 1340 1
1141 1526 1
1141 1063 1
1141 28 1
1141 719 1
1141 449 1
1141 1796 1
1141 1464 1
1141 1416 1
861 1554 1
861 173 1
1889 861 1
1889 917 1
1889 1302 1
1889 1382 1
1889 889 1
1889 996 1
1481 687 1
729 1255 1
255 1452 1
868 512 1
868 1768 1
2022 377 1
563 1056 1
434 1498 1
1764 1610 1
2015 1134 1
953 1190 1
1772 864 1
559 1953 1
559 1974 1
559 259 1
224 1098 1
1392 351 1
583 1271 1
583 980 1
251 1615 1
251 1725 1
1011 788 1
535 591 1
1456 1380 1
324 195 1
1849 2023 1
484 118 1
484 995 1
1165 541 1
1165 664 1
1165 992 1
1165 1171 1
1165 62 1
1165 1330 1
1165 1049 1
1165 1661 1
1165 880 1
1165 1749 1
1165 504 1
1165 659 1
1165 119 1
1165 1793 1
1165 451 1
9 470 1
1319 1976 1
2035 1759 1
993 37 1
1183 1712 1
1183 1288 1
1183 1151 1
454 1868 1
544 1713 1
1709 890 1
1709 673 1
1709 1539 1
1709 881 1
1709 1756 1
1709 648 1
1709 622 1
1709 186 1
229 839 1
229 1981 1
229 1128 1
473 494 1
52 1732 1
1597 1734 1
1354 644 1
440 880 1
1058 2007 1
63 99 1
309 1321 1
220 1031 1
220 538 1
220 793 1
667 1025 1
1762 585 1
1798 1201 1
1798 1761 1
1798 1033 1
1798 1791 1
1798 234 1
1798 1492 1
1865 1691 1
1631 784 1
1631 643 1
1631 373 1
1631 1821 1
1631 42 1
1005 266 1
557 1030 1
1707 1160 1
1324 259 1
1322 167 1
496 1448 1
496 1394 1
496 766 1
496 1889 1
496 1391 1
496 1897 1
190 423 1
190 19 1
190 900 1
190 1903 1
190 1195 1
190 1316 1
190 497 1
190 723 1
695 569 1
1476 1120 1
720 1811 1
1730 1344 1
1832 1986 1
468 825 1
1086 834 1
1349 1648 1
1794 1455 1
1794 958 1
1794 153 1
1794 1978 1
1794 1552 1
1794 398 1
1794 1182 1
1794 972 1
1794 978 1
1794 748 1
1794 1305 1
1794 1954 1
486 1930 1
1105 519 1
1082 1567 1
1082 764 1
1082 540 1
1082 1922 1
1082 1809 1
886 1251 1
886 1535 1
886 392 1
886 1595 1
886 453 1
886 1945 1
886 515 1
886 901 1
886 564 1
886 1461 1
886 1153 1
886 1115 1
930 1001 1
930 1639 1
909 1549 1
909 847 1
909 421 1
437 1403 1
437 813 1
437 1833 1
437 857 1
437 1851 1
332 1600 1
391 2018 1
391 459 1
927 2 1
1393 1386 1
1114 1859 1
1946 1568 1
1946 1611 1
1946 208 1
1946 46 1
1946 1155 1
1946 1902 1
1946 1107 1
1946 1231 1
236 750 1
569 1296 1
633 364 1
1257 724 1
1965 1780 1
1965 1566 1
1965 823 1
1965 1219 1
1965 1264 1
1965 1907 1
1965 1909 1
1965 1838 1
1965 1881 1
1965 130 1
1965 593 1
1965 65 1
1683 139 1
1478 490 1
684 794 1
684 163 1
1774 1688 1
1290 1166 1
1533 692 1
1533 1835 1
1533 552 1
1533 1497 1
1533 1248 1
1533 1570 1
1961 786 1
591 653 1
950 663 1
950 1942 1
950 2017 1
1259 1138 1
822 1609 1
822 1894 1
1686 1039 1
1686 64 1
1686 200 1
1686 1860 1
1686 594 1
1686 381 1
1220 1325 1
586 458 1
478 1757 1
1494 1929 1
1494 767 1
1494 1475 1
328 448 1
1017 1998 1
1017 299 1
1017 354 1
1017 1273 1
1462 1172 1
250 1842 1
1692 1598 1
1692 1460 1
1692 514 1
1692 1962 1
1692 1206 1
1692 1300 1
1692 14 1
1692 625 1
1692 374 1
1692 930 1
1692 1032 1
1692 212 1
1692 1240 1
1692 1767 1
1692 542 1
1692 1072 1
1692 70 1
1692 1866 1
1692 198 1
1692 1473 1
365 32 1
477 933 1
477 199 1
849 894 1
53 1097 1
53 220 1
53 840 1
53 1471 1
53 1884 1
53 974 1
1112 526 1
1008 902 1
1847 441 1
1847 383 1
1847 128 1
485 1091 1
215 240 1
1790 598 1
1960 1777 1
1960 1861 1
1905 871 1
411 1505 1
1486 109 1
1034 1920 1
1694 726 1
1694 1668 1
1694 78 1
1694 1735 1
1694 371 1
1694 317 1
1694 1267 1
1694 1293 1
1694 1796 1
1694 205 1
1694 587 1
1694 990 1
1694 1681 1
1694 895 1
1694 1559 1
1892 285 1
1284 809 1
615 1794 1
1638 2030 1
679 1237 1
679 964 1
679 641 1
679 260 1
679 649 1
679 599 1
679 488 1
679 1256 1
679 233 1
679 1765 1
679 2001 1
409 1042 1
418 43 1
733 1148 1
733 1984 1
733 1529 1
733 971 1
733 349 1
733 1169 1
733 1121 1
43 1048 1
43 1419 1
43 1967 1
43 231 1
43 571 1
778 1341 1
326 1911 1
326 1582 1
326 427 1
326 1124 1
326 2028 1
326 217 1
199 363 1
199 1426 1
199 34 1
1509 1873 1
1288 21 1
1288 1878 1
1288 90 1
1547 1900 1
888 1580 1
888 115 1
888 93 1
888 476 1
888 1381 1
888 1268 1
888 1683 1
888 384 1
888 1400 1
888 642 1
888 1823 1
888 1069 1
888 1061 1
888 1125 1
888 1192 1
888 905 1
925 886 1
259 754 1
1800 462 1
227 16 1
227 1493 1
227 1345 1
1789 176 1
1789 405 1
1789 439 1
1789 1118 1
1789 393 1
1789 1232 1
1789 821 1
1789 576 1
1789 494 1
1789 1089 1
101 1522 1
218 1875 1
218 1437 1
218 302 1
218 1408 1
218 387 1
218 1723 1
218 1755 1
143 1590 1
457 394 1
1424 737 1
1424 921 1
389 1826 1
745 1389 1
745 1002 1
745 301 1
1482 1820 1
1180 24 1
1180 1908 1
1180 617 1
7 489 1
1326 1923 1
1277 1813 1
1277 480 1
1277 61 1
1277 1584 1
1277 437 1
1277 402 1
1277 1129 1
1277 1717 1
1277 1973 1
1277 636 1
1277 914 1
1277 1246 1
1277 246 1
1277 210 1
1277 1445 1
1277 878 1
1348 267 1
1675 565 1
1675 1376 1
1675 999 1
71 545 1
71 1070 1
445 1899 1
445 783 1
445 33 1
445 938 1
445 1458 1
445 787 1
445 1189 1
445 1208 1
445 450 1
445 1827 1
445 158 1
913 1847 1
1948 400 1
1514 613 1
1514 1082 1
1514 882 1
1103 48 1
1103 1373 1
1103 1477 1
1103 836 1
1103 1035 1
1103 516 1
1103 1625 1
1103 1701 1
156 1329 1
1343 6 1
1839 620 1
396 1604 1
268 1650 1
1485 1951 1
1666 281 1
1014 380 1
47 2016 1
204 1678 1
1942 103 1
513 1876 1
1366 1158 1
216 339 1
1289 1176 1
991 1499 1
1882 1182 1
556 1996 1
556 278 1
556 338 1
556 194 1
556 1161 1
556 1449 1
556 690 1
1796 108 1
1534 1071 1
271 1396 1
1579 474 1
1579 782 1
1579 1353 1
1243 1441 1
1616 1413 1
1773 1817 1
918 134 1
918 1927 1
918 560 1
918 334 1
918 844 1
918 1249 1
918 517 1
1100 426 1
356 1740 1
356 678 1
356 13 1
356 1585 1
356 1020 1
356 175 1
873 1792 1
232 918 1
398 247 1
398 2021 1
1043 1291 1
395 1057 1
1055 1956 1
1556 735 1
1556 1896 1
1556 1317 1
632 96 1
632 479 1
1645 862 1
852 412 1
714 1250 1
1527 1652 1
1527 626 1
1479 1937 1
1214 1113 1
1214 909 1
1214 1485 1
1214 1205 1
1214 1952 1
1214 506 1
741 760 1
49 696 1
1155 830 1
1155 124 1
1155 1123 1
1269 1654 1
1269 742 1
1269 1332 1
1269 1540 1
1269 1028 1
1269 1085 1
1269 117 1
1269 378 1
1269 261 1
1269 1748 1
1269 1775 1
1269 172 1
1269 1636 1
1269 1298 1
1269 756 1
675 183 1
675 1802 1
675 876 1
99 79 1
99 1633 1
99 72 1
99 903 1
99 307 1
99 297 1
99 203 1
83 1489 1
368 219 1
419 53 1
1314 2034 1
655 413 1
1778 1066 1
1120 1836 1
1120 776 1
1120 1101 1
120 275 1
206 238 1
963 191 1
542 555 1
314 1211 1
1208 1608 1
1208 796 1
1208 1342 1
1208 1167 1
1208 1872 1
1208 1410 1
1208 401 1
1208 870 1
1208 1548 1
1208 524 1
2013 372 1
1491 600 1
1491 919 1
1491 223 1
1491 1046 1
1491 2037 1
1657 1029 1
642 1783 1
1643 8 1
1643 1359 1
1643 1915 1
1643 573 1
1643 1018 1
1643 88 1
1643 1589 1
1643 1213 1
537 1152 1
977 1019 1
1569 1523 1
957 1377 1
1592 1744 1
1191 1283 1
623 751 1
546 464 1
546 1695 1
546 165 1
546 356 1
546 910 1
546 1506 1
1116 1928 1
1372 185 1
410 123 1
1390 960 1
1852 456 1
1852 1139 1
1852 574 1
1852 1218 1
1518 1383 1
15 358 1
15 981 1
1588 1816 1
1027 492 1
1445 1714 1
1445 1990 1
1445 1584 1
1445 1661 1
1445 500 1
1445 1388 1
1445 1199 1
1445 1023 1
829 1667 1
789 277 1
789 679 1
536 104 1
536 1187 1
877 1469 1
877 1247 1
877 1016 1
877 1281 1
877 727 1
877 284 1
877 697 1
239 898 1
1969 1562 1
1969 702 1
1125 677 1
1736 816 1
1135 1738 1
1135 664 1
1135 481 1
1135 725 1
1135 1285 1
1135 1466 1
1135 769 1
1135 1587 1
1135 180 1
1135 66 1
1135 1336 1
1135 1702 1
1698 685 1
1698 379 1
1698 1438 1
1698 2024 1
1698 1659 1
1698 1670 1
1374 892 1
1374 1421 1
1374 826 1
1374 709 1
1374 2020 1
1136 1053 1
2030 618 1
2030 520 1
2030 1665 1
2030 1622 1
2030 1130 1
2030 860 1
2030 1887 1
2030 734 1
2030 375 1
2030 1546 1
2030 1045 1
2030 343 1
2030 1593 1
1669 528 1
848 428 1
882 1431 1
882 1047 1
882 1729 1
882 1059 1
882 404 1
882 152 1
994 1846 1
994 1882 1
1464 1963 1
1464 1331 1
1464 899 1
1464 1181 1
1464 357 1
1464 1531 1
1464 269 1
804 424 1
1921 744 1
519 1315 1
519 596 1
519 304 1
270 1194 1
1436 635 1
1704 1150 1
1674 1050 1
1618 1453 1
688 279 1
40 1163 1
40 110 1
40 85 1
40 1361 1
40 558 1
40 391 1
40 1671 1
40 282 1
40 1596 1
40 1944 1
937 1644 1
577 319 1
2002 270 1
394 1545 1
394 2033 1
394 1848 1
177 1511 1
1198 1017 1
1958 815 1
1958 1641 1
1958 1710 1
1958 1993 1
1862 1043 1
288 1814 1
1987 1104 1
1144 1989 1
1144 587 1
1144 1844 1
800 1157 1
800 1270 1
800 265 1
1553 740 1
170 1643 1
1606 1599 1
1429 27 1
1429 218 1
1700 1975 1
1484 1401 1
703 684 1
532 1474 1
532 1093 1
532 1323 1
640 1931 1
640 1185 1
1473 1880 1
1473 1411 1
1473 660 1
1799 1627 1
614 1682 1
1939 221 1
1939 17 1
1939 1276 1
1939 182 1
1192 39 1
1192 817 1
1192 638 1
1192 487 1
1192 1715 1
1192 920 1
1192 683 1
342 1693 1
805 1230 1
906 997 1
158 1898 1
158 201 1
158 1513 1
158 837 1
129 969 1
1166 1541 1
1166 298 1
1992 1520 1
1979 1488 1
1979 1758 1
1979 1510 1
1979 114 1
1979 831 1
1979 28 1
1979 189 1
1979 10 1
1979 838 1
1979 467 1
1979 775 1
1979 732 1
1979 1642 1
1979 1468 1
1979 1676 1
1979 121 1
700 1286 1
700 315 1
700 455 1
700 237 1
1737 355 1
1079 1718 1
1037 530 1
765 1337 1
1646 498 1
854 1631 1
1532 311 1
1532 1111 1
1532 936 1
1532 1229 1
1532 1472 1
1532 650 1
1532 502 1
1108 1075 1
313 20 1
669 345 1
1525 959 1
988 807 1
988 1941 1
988 348 1
988 1381 1
988 1751 1
1877 1397 1
1490 868 1
1805 1949 1
1378 1763 1
1378 146 1
1378 1368 1
715 629 1
3 80 1
589 214 1
934 245 1
910 1696 1
910 256 1
910 1890 1
910 2012 1
910 845 1
910 227 1
910 983 1
910 1015 1
910 532 1
1991 1745 1
1447 1116 1
1770 578 1
1897 1457 1
1897 86 1
1897 1010 1
1897 662 1
1897 157 1
1897 1935 1
1897 1387 1
289 736 1
1506 549 1
1506 230 1
1506 1906 1
54 132 1
54 252 1
1662 44 1
788 2006 1
788 1204 1
788 150 1
788 1918 1
788 1425 1
788 420 1
1454 1950 1
1132 181 1
1132 1427 1
1132 429 1
1132 1689 1
1132 376 1
757 1054 1
407 1026 1
407 928 1
407 505 1
407 718 1
1612 863 1
1612 1815 1
1612 1500 1
1612 471 1
333 171 1
333 1007 1
807 1226 1
807 340 1
807 1253 1
807 2027 1
807 352 1
174 1528 1
1106 856 1
1106 1619 1
1106 1022 1
989 790 1
989 1338 1
989 1530 1
989 770 1
989 291 1
498 676 1
498 92 1
498 295 1
339 100 1
33 570 1
33 1405 1
33 592 1
979 682 1
766 1177 1
938 1972 1
262 1495 1
415 161 1
415 984 1
415 475 1
415 584 1
415 287 1
415 38 1
415 1594 1
415 1142 1
415 1726 1
415 672 1
415 1320 1
415 1623 1
415 976 1
415 1517 1
415 850 1
415 2010 1
415 50 1
415 1233 1
967 60 1
967 51 1
967 1750 1
324 1672 1
324 508 1
1165 1795 1
1165 414 1
1165 131 1
1165 819 1
1165 435 1
1165 779 1
1165 274 1
1165 1420 1
1165 187 1
1165 713 1
1165 1914 1
1165 18 1
1165 1985 1
1165 1829 1
1165 197 1
1165 1512 1
1165 58 1
1165 416 1
1165 222 1
1190 2019 1
1190 122 1
1631 818 1
886 159 1
886 1626 1
886 188 1
1721 1620 1
645 38 1
645 850 1
645 597 1
930 283 1
461 2026 1
1946 1184 1
1946 842 1
98 699 1
1965 1203 1
1533 1301 1
1533 926 1
1220 962 1
1995 1656 1
1995 1752 1
1995 1503 1
1995 107 1
1995 1021 1
1995 1328 1
1995 1430 1
1995 1423 1
1995 305 1
1995 211 1
1995 331 1
1995 1357 1
1995 1843 1
1995 843 1
1995 911 1
1995 1968 1
1995 346 1
1995 1605 1
1995 280 1
1995 22 1
1995 1871 1
1494 290 1
1017 1574 1
1692 1904 1
1756 973 1
53 923 1
1112 1262 1
1847 1850 1
1694 1003 1
1694 347 1
1694 568 1
1694 1162 1
1694 162 1
1694 1358 1
1694 828 1
1694 336 1
1694 248 1
1694 1537 1
1694 652 1
1694 1044 1
1694 1362 1
1694 1084 1
1694 1856 1
1694 1760 1
1694 306 1
1694 1766 1
1694 1102 1
1694 1303 1
1694 946 1
1694 1837 1
733 81 1
1745 1980 1
554 811 1
326 1864 1
326 1685 1
326 780 1
888 710 1
888 1238 1
888 728 1
888 1502 1
888 116 1
888 1278 1
888 67 1
1789 874 1
745 884 1
745 521 1
745 691 1
1675 1364 1
1103 433 1
918 1507 1
1269 602 1
1269 1399 1
1269 263 1
1269 1483 1
1269 1463 1
1269 69 1
1269 630 1
1269 1964 1
777 465 1
777 1 1
777 707 1
777 550 1
1208 1776 1
712 1422 1
1445 1933 1
536 1127 1
536 77 1
1135 1040 1
1374 91 1
1374 1781 1
1374 1310 1
2030 761 1
2030 1297 1
2030 235 1
2030 300 1
2030 140 1
2030 417 1
217 1578 1
1979 1742 1
1979 808 1
2011 335 1
1532 111 1
910 869 1
910 1640 1
704 1694 1
1656 242 1
1299 1214 1
137 951 1
1936 1746 1
1090 1888 1
747 1938 1
154 243 1
604 989 1
604 1852 1
1653 1228 1
1197 1186 1
1443 1119 1
580 1073 1
1603 658 1
1603 646 1
1959 886 1
1417 184 1
382 408 1
382 577 1
1081 1135 1
1577 1260 1
1577 1966 1
795 1532 1
547 942 1
1733 802 1
29 264 1
1156 445 1
1536 198 1
711 1274 1
1077 1614 1
539 1840 1
1855 1352 1
1879 344 1
1720 41 1
1254 463 1
472 1103 1
619 1677 1
447 1236 1
447 1893 1
1140 1244 1
543 1822 1
493 1277 1
82 460 1
293 605 1
2000 1965 1
1660 1770 1
1769 988 1
59 1719 1
483 1719 1
762 503 1
73 1617 1
73 207 1
422 1798 1
422 1675 1
1379 979 1
1867 1913 1
1355 1818 1
965 1149 1
1227 1583 1
1227 1576 1
1227 1327 1
1227 1979 1
258 1784 1
998 827 1
1239 98 1
443 407 1
609 721 1
1459 1112 1
168 967 1
5 1304 1
1398 1698 1
1891 887 1
581 799 1
853 858 1
855 1555 1
595 556 1
601 1407 1
1831 679 1
1845 651 1
575 985 1
907 1269 1
774 1651 1
1551 262 1
975 397 1
11 40 1
1360 138 1
1235 1687 1
1635 1094 1
1635 294 1
1117 832 1
851 518 1
961 89 1
1222 1106 1
891 1804 1
2032 272 1
126 415 1
1601 777 1
548 1516 1
657 809 1
4 1869 1
705 943 1
76 135 1
1724 1713 1
612 1074 1
846 444 1
360 178 1
647 841 1
249 1266 1
883 466 1
1801 95 1
893 119 1
257 1371 1
286 645 1
1919 1131 1
1212 1365 1
1630 348 1
1193 759 1
1009 1347 1
1051 708 1
1258 35 1
1853 771 1
1515 97 1
1786 1947 1
1225 324 1
87 1799 1
1433 733 1
674 442 1
1385 329 1
84 1165 1
362 1439 1
1076 326 1
939 326 1
1367 1041 1
551 757 1
1307 872 1
1711 1442 1
446 1334 1
446 1335 1
1863 566 1
1210 1060 1
225 880 1
1363 25 1
1874 941 1
1207 333 1
1706 2033 1
1787 509 1
1655 680 1
1575 113 1
296 1178 1
533 1771 1
133 1159 1
866 675 1
1062 1686 1
1628 1006 1
1261 2033 1
325 952 1
693 1807 1
693 801 1
144 931 1
1000 1999 1
1083 1613 1
1741 1451 1
1395 877 1
141 1317 1
30 562 1
1779 1418 1
2029 1895 1
1099 1457 1
1480 1965 1
1561 1885 1
522 1287 1
706 227 1
213 1692 1
1272 745 1
701 345 1
403 1808 1
1971 1624 1
681 102 1
525 112 1
1558 1612 1
1994 2011 1
875 1221 1
773 583 1
1581 908 1
1557 1608 1
510 1356 1
45 1861 1
1164 812 1
1886 151 1
1308 671 1
698 1841 1
