957 1504 1
544 1505 1
1410 1659 1
1263 1644 1
1728 1769 1
338 156 1
992 349 1
992 1757 1
1207 11 1
1207 271 1
461 472 1
791 1028 1
1754 849 1
68 104 1
58 1246 1
512 442 1
1392 869 1
1392 1991 1
1435 976 1
1435 330 1
1435 1242 1
974 27 1
772 1668 1
772 120 1
1487 1516 1
1888 1780 1
1282 1776 1
166 1978 1
414 1517 1
414 1058 1
414 575 1
414 351 1
414 1023 1
414 342 1
414 133 1
414 258 1
414 780 1
414 560 1
414 1006 1
414 79 1
1298 879 1
223 625 1
942 573 1
173 353 1
173 457 1
1103 231 1
812 449 1
1019 69 1
1019 1401 1
1019 1751 1
502 568 1
233 263 1
1183 1209 1
1183 496 1
1183 1097 1
1029 785 1
1671 83 1
1853 290 1
1629 630 1
1629 365 1
1775 98 1
1278 1819 1
1336 1161 1
205 877 1
1832 3 1
192 1249 1
1721 295 1
1703 1190 1
336 1913 1
922 1640 1
922 571 1
922 381 1
922 1960 1
922 1377 1
265 491 1
265 607 1
239 108 1
805 1069 1
140 1676 1
51 737 1
747 216 1
1380 1186 1
1632 1431 1
1532 1170 1
243 742 1
1066 612 1
1860 213 1
1873 638 1
1385 440 1
290 10 1
1680 1969 1
1680 1932 1
1453 853 1
358 1110 1
358 268 1
1568 254 1
107 827 1
1374 1426 1
1374 1588 1
796 72 1
1346 1388 1
1346 847 1
1346 1164 1
149 1230 1
1885 1407 1
655 142 1
655 1929 1
655 1079 1
93 314 1
1702 835 1
1878 1042 1
1300 1762 1
1130 1368 1
1810 1678 1
1810 1857 1
880 907 1
1589 497 1
1201 569 1
1305 306 1
1467 88 1
1447 1221 1
1793 550 1
1662 56 1
653 240 1
848 1710 1
970 1975 1
1004 1286 1
1004 1859 1
1642 1395 1
1784 632 1
1784 12 1
1784 1493 1
1784 1575 1
1098 1600 1
1910 657 1
1112 1603 1
891 572 1
401 202 1
1689 35 1
1432 1193 1
767 36 1
767 1973 1
733 923 1
849 1238 1
830 1605 1
1360 1085 1
176 728 1
1711 1835 1
1541 356 1
19 839 1
1087 809 1
399 1908 1
622 141 1
622 723 1
473 1598 1
1053 2005 1
1802 1241 1
1426 105 1
763 1930 1
175 1335 1
1791 287 1
1649 2004 1
1371 596 1
1650 873 1
1868 1144 1
836 60 1
1698 1320 1
1698 498 1
162 344 1
162 1602 1
1368 1892 1
1368 1536 1
1368 1759 1
1368 24 1
1368 2002 1
1368 989 1
1124 606 1
1177 593 1
1901 1843 1
1291 336 1
1709 1015 1
1529 896 1
1710 929 1
101 6 1
1758 1417 1
1325 825 1
1748 1132 1
707 1899 1
1369 234 1
626 1229 1
994 221 1
1063 452 1
86 814 1
828 22 1
1125 1633 1
1500 417 1
1620 203 1
288 840 1
865 1316 1
1141 1803 1
1141 214 1
1141 952 1
1141 1212 1
1790 1479 1
579 1688 1
1525 1851 1
902 1101 1
1347 1328 1
1669 300 1
604 1953 1
499 591 1
499 1993 1
499 1423 1
499 103 1
499 180 1
499 1284 1
499 406 1
499 1148 1
499 1693 1
499 1565 1
1032 1397 1
874 1054 1
1611 1893 1
1984 1763 1
999 953 1
1473 262 1
18 363 1
18 1184 1
446 1963 1
1585 784 1
967 323 1
567 396 1
1151 1708 1
1151 1322 1
1794 400 1
245 1796 1
1030 824 1
925 1966 1
238 1316 1
1761 84 1
916 1597 1
448 1833 1
1027 686 1
1094 767 1
59 431 1
298 424 1
298 1519 1
986 1603 1
972 1634 1
1741 798 1
164 639 1
1444 1147 1
981 948 1
717 659 1
299 445 1
129 127 1
1548 362 1
1436 1958 1
585 1448 1
985 722 1
838 183 1
838 1285 1
1641 469 1
160 412 1
337 988 1
1234 1863 1
699 1459 1
507 1182 1
455 1830 1
716 359 1
716 1010 1
1566 1088 1
389 658 1
389 16 1
1945 1489 1
1945 1578 1
1370 1005 1
815 1883 1
212 1 1
1608 556 1
1606 1872 1
1817 284 1
773 745 1
1746 28 1
1294 1643 1
371 1494 1
1768 1340 1
1138 1980 1
1454 899 1
920 793 1
1254 29 1
1218 508 1
1145 934 1
1543 111 1
443 1081 1
443 73 1
712 1837 1
895 1357 1
1750 1753 1
235 1135 1
546 1959 1
1293 656 1
1787 1468 1
1480 1031 1
1921 944 1
1443 1248 1
427 1544 1
946 114 1
1591 979 1
1658 673 1
1056 1675 1
1798 734 1
564 996 1
799 1269 1
799 569 1
799 1552 1
218 1600 1
1881 1176 1
1881 1354 1
1881 983 1
229 617 1
1449 1406 1
885 378 1
1003 1266 1
605 553 1
938 1223 1
339 1338 1
251 1330 1
1867 1590 1
760 539 1
13 1461 1
563 1172 1
1720 1890 1
207 469 1
1399 706 1
844 438 1
844 1573 1
1554 1950 1
834 576 1
409 671 1
1471 641 1
1779 327 1
958 273 1
1210 191 1
1073 715 1
78 170 1
1686 345 1
789 1706 1
1518 768 1
1607 1765 1
1440 1814 1
913 1923 1
913 153 1
1627 1571 1
1416 1074 1
1416 393 1
1281 220 1
1024 1275 1
1774 374 1
1774 1864 1
1774 1816 1
1774 198 1
1341 883 1
1341 343 1
1341 1907 1
1341 1738 1
1341 536 1
1341 1905 1
1563 868 1
1381 1789 1
1285 1513 1
91 1911 1
1198 1265 1
1131 701 1
269 222 1
1704 1139 1
801 1153 1
905 1540 1
386 1264 1
1515 1631 1
1515 1070 1
754 1967 1
54 787 1
54 1482 1
1044 1405 1
1306 1848 1
94 751 1
1838 687 1
714 1858 1
750 154 1
1596 1593 1
465 807 1
1781 121 1
1382 542 1
1718 1799 1
769 369 1
490 1486 1
466 1195 1
842 1613 1
1292 521 1
1645 1419 1
1002 334 1
1002 672 1
1797 1884 1
618 1102 1
618 1236 1
1646 1079 1
1413 1478 1
688 637 1
688 1128 1
688 931 1
688 1452 1
688 1523 1
688 398 1
688 855 1
688 1547 1
1403 720 1
554 660 1
1406 1219 1
1406 1979 1
1406 523 1
1406 501 1
1127 476 1
1559 1623 1
1559 402 1
933 786 1
790 1327 1
790 862 1
955 74 1
642 954 1
623 387 1
887 1538 1
320 1957 1
1647 1687 1
611 1451 1
1771 1089 1
1886 366 1
1592 1358 1
535 364 1
509 1561 1
1434 1262 1
315 333 1
315 1021 1
1778 319 1
1594 1379 1
631 1351 1
1732 427 1
1732 301 1
1732 881 1
979 651 1
237 1239 1
551 1533 1
573 1134 1
1273 1951 1
1078 1304 1
349 675 1
349 1146 1
349 1041 1
349 1861 1
660 1977 1
151 428 1
99 956 1
921 884 1
1154 1240 1
795 614 1
795 172 1
710 311 1
871 20 1
1831 624 1
696 116 1
471 1051 1
1564 415 1
1060 93 1
1060 1430 1
1961 1660 1
1113 1915 1
4 893 1
1267 1497 1
1729 1043 1
580 1735 1
1180 1999 1
1870 1666 1
352 1367 1
1535 1612 1
552 1805 1
1477 130 1
1270 1829 1
1651 644 1
1366 1451 1
421 557 1
1894 435 1
752 997 1
1714 1695 1
1231 1616 1
65 1542 1
57 561 1
403 1226 1
794 259 1
1425 524 1
1476 1846 1
1476 1420 1
1476 200 1
1245 690 1
1245 1983 1
1245 525 1
1384 1690 1
297 504 1
297 1121 1
1822 85 1
1965 680 1
570 170 1
122 540 1
832 911 1
832 1764 1
527 37 1
9 1355 1
1895 1919 1
135 532 1
1152 44 1
340 1725 1
422 1807 1
422 355 1
1705 753 1
1804 1530 1
1484 1578 1
1484 511 1
1106 1569 1
1880 1283 1
1773 266 1
1957 1841 1
1957 249 1
1957 1898 1
1766 817 1
1682 629 1
270 1133 1
1512 201 1
1724 375 1
1162 1667 1
1744 1887 1
1185 22 1
1417 1488 1
1417 1902 1
283 1937 1
329 909 1
1224 159 1
1235 898 1
102 1779 1
1656 1424 1
430 863 1
430 566 1
430 513 1
14 857 1
652 664 1
764 1922 1
973 1845 1
1104 382 1
1104 1522 1
1839 255 1
53 1653 1
1150 1157 1
643 522 1
145 901 1
145 324 1
1411 700 1
1830 309 1
1830 434 1
1830 1409 1
1891 1222 1
1986 1823 1
1795 303 1
1297 1194 1
864 477 1
864 206 1
886 1213 1
42 260 1
682 1011 1
1333 807 1
147 1339 1
516 1866 1
621 1035 1
456 1437 1
980 1332 1
695 918 1
1621 1782 1
711 788 1
850 790 1
5 345 1
1199 1615 1
1617 1657 1
208 499 1
423 500 1
1574 1143 1
1557 1007 1
1737 1156 1
1092 1324 1
1719 993 1
1456 529 1
1854 241 1
1287 361 1
1287 1551 1
1287 1474 1
383 774 1
1948 792 1
984 1826 1
829 125 1
1233 678 1
1625 1555 1
1672 1203 1
628 1472 1
1717 1834 1
478 80 1
272 1438 1
272 332 1
272 1869 1
1404 1001 1
1856 1889 1
1813 852 1
34 1155 1
34 1418 1
1628 1670 1
1295 1406 1
592 492 1
971 47 1
971 1539 1
397 1962 1
647 1260 1
1825 725 1
1825 113 1
1825 185 1
1825 1508 1
619 1247 1
1000 1614 1
1244 1061 1
1712 1475 1
1690 870 1
1690 137 1
1257 1634 1
1202 1349 1
1272 965 1
2006 1800 1
1531 1715 1
1595 1992 1
1595 2007 1
1595 681 1
328 1527 1
860 1509 1
1520 766 1
1673 1414 1
1296 689 1
1580 100 1
1252 177 1
440 32 1
440 182 1
440 589 1
440 123 1
1428 1446 1
1665 744 1
1914 476 1
1847 1465 1
1439 1812 1
914 468 1
1852 515 1
392 1142 1
87 1181 1
87 1924 1
823 414 1
1700 1408 1
1537 555 1
668 1526 1
1521 1072 1
1731 474 1
1175 1067 1
1206 1321 1
593 558 1
1196 1120 1
1549 486 1
648 1788 1
1610 1955 1
286 1776 1
274 173 1
157 1685 1
684 657 1
232 1412 1
1952 1739 1
698 368 1
1253 1090 1
1584 52 1
1584 496 1
1681 451 1
1165 378 1
1165 1601 1
1165 525 1
1752 1163 1
888 1850 1
746 1261 1
1556 28 1
255 1276 1
1086 692 1
1648 480 1
1168 460 1
1045 1378 1
1502 1696 1
1855 225 1
661 729 1
31 917 1
31 441 1
927 1974 1
1964 275 1
1964 388 1
380 1375 1
1059 1017 1
1701 7 1
64 990 1
64 1836 1
321 982 1
627 702 1
410 142 1
410 694 1
410 594 1
584 1935 1
685 1460 1
1363 458 1
856 1387 1
1317 1840 1
645 810 1
138 1350 1
1197 1875 1
316 826 1
190 1215 1
783 1975 1
1119 1302 1
1303 1217 1
804 1507 1
1503 547 1
1995 1626 1
215 1740 1
89 741 1
1048 941 1
219 209 1
866 977 1
1096 384 1
1938 1652 1
936 736 1
603 26 1
1383 1823 1
1383 407 1
1383 1211 1
1075 982 1
1483 1777 1
420 1625 1
1926 951 1
1583 1987 1
15 1457 1
1624 1663 1
1116 370 1
1166 1679 1
1038 1318 1
600 1250 1
1567 1441 1
1101 197 1
548 940 1
1524 1639 1
676 562 1
195 1012 1
947 1636 1
1126 1122 1
1097 872 1
1492 779 1
1055 1052 1
8 599 1
1013 1117 1
1683 1012 1
543 1713 1
43 932 1
418 1862 1
418 1545 1
528 168 1
1386 761 1
71 503 1
1077 1361 1
765 771 1
294 82 1
294 1971 1
294 1664 1
294 23 1
294 187 1
294 109 1
294 598 1
738 851 1
821 1684 1
669 1109 1
669 322 1
669 770 1
669 616 1
669 964 1
1107 171 1
429 390 1
945 1376 1
2 748 1
1939 793 1
1939 677 1
1939 1947 1
1939 882 1
1927 1080 1
310 505 1
479 474 1
892 1200 1
1996 1277 1
1256 331 1
2003 751 1
930 1301 1
1824 1271 1
144 69 1
144 1807 1
21 1896 1
112 110 1
966 1429 1
1707 276 1
279 691 1
279 1954 1
1064 581 1
1450 1785 1
937 625 1
875 559 1
45 46 1
45 419 1
45 148 1
924 703 1
759 1925 1
1394 1475 1
161 1189 1
727 1329 1
803 326 1
118 1188 1
1988 1344 1
372 635 1
704 518 1
267 1550 1
1609 92 1
117 755 1
1018 443 1
1018 394 1
1018 134 1
1018 1100 1
1018 1136 1
1018 1111 1
1495 1365 1
1546 1046 1
1546 1657 1
590 1514 1
590 1904 1
1279 634 1
413 1208 1
1726 724 1
1490 1348 1
1490 878 1
1490 1654 1
1490 837 1
1259 115 1
998 1635 1
1573 1280 1
1319 1506 1
649 1562 1
1498 1510 1
1577 318 1
1577 1677 1
1577 1020 1
657 1811 1
657 739 1
657 666 1
657 1792 1
657 1323 1
657 152 1
657 38 1
657 1820 1
906 377 1
906 280 1
906 1167 1
906 732 1
346 1169 1
1178 959 1
1398 1528 1
1389 487 1
63 519 1
1232 1037 1
1749 408 1
731 467 1
1736 963 1
1342 939 1
1342 66 1
1808 1501 1
1808 1903 1
1220 1214 1
1510 75 1
173 482 1
173 1393 1
173 30 1
173 1091 1
173 124 1
922 1586 1
922 1638 1
922 549 1
290 1352 1
1784 894 1
230 1940 1
1368 354 1
1368 304 1
1716 782 1
1716 307 1
1190 530 1
1031 1099 1
499 296 1
499 1970 1
443 1396 1
1274 1949 1
1455 1040 1
1455 577 1
1455 1909 1
1455 926 1
1455 667 1
1455 426 1
1455 987 1
1455 1362 1
1455 910 1
1455 1372 1
1455 1025 1
1455 1014 1
1455 908 1
1455 50 1
1455 1364 1
790 1326 1
349 81 1
349 876 1
349 293 1
306 662 1
419 193 1
1417 1022 1
1875 436 1
145 1990 1
145 693 1
145 928 1
145 1312 1
145 1871 1
145 150 1
145 1228 1
145 1655 1
145 912 1
1301 1661 1
1625 2001 1
1164 1033 1
325 55 1
325 713 1
598 1767 1
593 1289 1
593 537 1
593 811 1
593 291 1
593 76 1
1701 450 1
519 1149 1
519 41 1
295 405 1
1101 897 1
1097 1356 1
1998 724 1
1599 765 1
285 646 1
1307 459 1
726 325 1
588 565 1
1745 1311 1
683 126 1
1900 1012 1
335 302 1
244 615 1
90 1255 1
312 1572 1
1849 189 1
859 1158 1
1783 444 1
1071 858 1
1770 1159 1
17 495 1
586 822 1
139 533 1
181 196 1
904 1844 1
228 1692 1
775 1359 1
1604 1722 1
277 1433 1
1743 922 1
718 1828 1
800 1341 1
802 1968 1
1579 1254 1
1400 1050 1
470 906 1
757 483 1
708 813 1
373 919 1
679 1701 1
404 1768 1
264 1637 1
264 945 1
808 210 1
1016 253 1
506 743 1
119 281 1
1422 843 1
721 1742 1
991 674 1
1057 879 1
411 1976 1
1997 427 1
1118 1897 1
1630 505 1
261 1697 1
484 247 1
806 1587 1
1982 146 1
833 230 1
846 1191 1
95 1308 1
236 1956 1
534 1076 1
1258 640 1
514 256 1
531 1268 1
1733 1838 1
246 520 1
1944 358 1
1337 781 1
385 541 1
1786 1353 1
587 1093 1
1920 613 1
1946 1137 1
1582 1458 1
1314 1877 1
194 1827 1
2000 1985 1
949 1481 1
1809 545 1
1842 1581 1
184 1818 1
762 211 1
488 688 1
1205 1442 1
33 257 1
1391 132 1
1943 347 1
252 1981 1
510 778 1
1331 250 1
1496 1171 1
178 227 1
128 1784 1
341 1784 1
1290 841 1
305 1821 1
317 308 1
391 248 1
1755 1879 1
1928 1082 1
818 106 1
1469 1657 1
1243 1251 1
186 1710 1
1026 40 1
1619 889 1
670 1421 1
1390 1083 1
39 204 1
1934 1004 1
62 376 1
1174 820 1
654 1187 1
1570 158 1
136 1114 1
609 1406 1
950 1274 1
494 636 1
650 1129 1
367 425 1
968 217 1
854 1677 1
819 978 1
1972 1402 1
1485 1225 1
61 629 1
1192 1216 1
131 1315 1
475 464 1
1499 493 1
1008 982 1
995 1216 1
1310 777 1
1874 697 1
1511 1801 1
867 1334 1
289 226 1
199 348 1
462 1727 1
1906 1561 1
1062 143 1
1140 25 1
1622 439 1
845 1534 1
165 454 1
705 749 1
1756 1865 1
1491 97 1
758 278 1
962 48 1
1772 1618 1
831 888 1
1760 491 1
1173 66 1
313 595 1
1345 279 1
1204 740 1
1815 1139 1
1427 433 1
481 1047 1
582 765 1
1699 861 1
601 900 1
167 70 1
1558 360 1
1747 1455 1
1933 1876 1
608 1288 1
578 485 1
1576 378 1
1343 1309 1
583 1553 1
1462 663 1
1806 574 1
1108 1916 1
1095 911 1
1941 620 1
597 323 1
903 1918 1
463 1918 1
665 145 1
1463 1464 1
188 447 1
1105 1160 1
730 379 1
1989 1034 1
1039 272 1
1373 1730 1
416 1179 1
1009 453 1
1917 350 1
890 1068 1
1882 1837 1
1084 1249 1
169 1994 1
1065 1123 1
395 1716 1
1313 1466 1
1415 1936 1
49 1274 1
1942 1049 1
1674 77 1
1237 633 1
242 943 1
517 969 1
1912 357 1
960 99 1
816 866 1
155 1515 1
735 1931 1
961 915 1
67 610 1
179 163 1
975 526 1
282 1227 1
756 1734 1
1036 1115 1
1470 489 1
797 1445 1
602 1694 1
224 432 1
437 776 1
174 709 1
1560 1691 1
292 1299 1
935 1106 1
538 1723 1
96 719 1
