4090 5469 1
4090 5488 1
4090 2466 1
4090 5499 1
751 1225 1
751 2754 1
647 3198 1
2748 5758 1
1797 5228 1
5939 5002 1
5939 5172 1
5939 5910 1
5939 4369 1
5939 4027 1
5939 34 1
5939 6011 1
5939 5058 1
5939 6140 1
5939 5706 1
5939 4036 1
1694 5146 1
2980 5225 1
2980 2538 1
3713 2066 1
1062 3763 1
1062 2688 1
1062 3027 1
1062 908 1
1062 4296 1
1062 2595 1
1062 2189 1
1062 252 1
1062 601 1
1062 4270 1
1062 3765 1
1062 3641 1
1062 1478 1
1062 4077 1
1062 4564 1
1062 638 1
1062 4812 1
1062 4778 1
1062 1107 1
1062 6209 1
1062 6117 1
1062 4528 1
4641 660 1
4641 4409 1
4641 3484 1
4641 3595 1
4641 6271 1
4641 974 1
4641 2725 1
4641 4621 1
4641 4051 1
4641 3415 1
4641 5368 1
1682 1336 1
1682 951 1
1682 5699 1
1682 4810 1
1682 2992 1
1682 2119 1
1682 459 1
1682 1337 1
1682 2185 1
1682 1743 1
1682 3250 1
1682 2594 1
1682 4675 1
1682 395 1
1682 528 1
2816 4783 1
2816 1859 1
2816 5795 1
2816 3594 1
2816 4721 1
6246 4519 1
3590 5160 1
4966 736 1
789 2351 1
2073 3777 1
885 5847 1
885 691 1
885 4466 1
885 5001 1
885 4034 1
885 4853 1
885 1631 1
2024 710 1
2024 5922 1
2024 4639 1
777 4641 1
777 3372 1
777 2029 1
777 5153 1
777 2794 1
777 6166 1
777 3346 1
777 6242 1
777 3646 1
777 1549 1
777 5293 1
13 1260 1
13 1577 1
13 2696 1
2460 4843 1
2460 4906 1
2460 5533 1
2460 3187 1
2460 3336 1
2460 6150 1
4136 2175 1
102 3517 1
102 432 1
5526 1601 1
2994 733 1
2994 4112 1
6215 4003 1
6215 6238 1
6215 2855 1
275 5821 1
275 5290 1
275 6255 1
275 397 1
275 4893 1
275 354 1
275 5061 1
275 4145 1
1633 2293 1
1633 5034 1
1633 831 1
1633 3111 1
1633 2295 1
1633 5355 1
1633 563 1
1633 20 1
1633 6015 1
1633 123 1
1633 5240 1
1633 6020 1
1633 4936 1
1633 1521 1
1633 3839 1
1633 4155 1
628 3283 1
3386 5048 1
918 1032 1
918 825 1
399 4230 1
399 1757 1
399 4411 1
399 5715 1
399 1245 1
399 3329 1
399 3648 1
4863 5613 1
4863 4741 1
1825 4604 1
1825 3080 1
3884 1938 1
1599 1626 1
1599 1541 1
1599 5154 1
2899 4815 1
2899 1897 1
2899 4664 1
2899 6260 1
2899 4953 1
2899 5506 1
2899 3482 1
2899 4757 1
2899 1762 1
2899 1690 1
2899 4959 1
2899 3153 1
2899 177 1
2899 3760 1
3267 3823 1
6083 4260 1
6083 1037 1
6083 3071 1
2834 604 1
2834 4426 1
2834 3405 1
4162 4024 1
4162 4951 1
4162 555 1
4162 796 1
4162 497 1
4162 5449 1
4162 3838 1
4162 1536 1
4162 4350 1
4162 1992 1
4162 4204 1
2319 1688 1
2319 1296 1
2319 6244 1
2319 5512 1
2319 1753 1
2319 5851 1
2319 2689 1
2319 4907 1
2319 6095 1
2319 4427 1
2319 1822 1
2319 2897 1
2319 1790 1
2319 2690 1
2319 3500 1
2319 231 1
2319 1534 1
3059 3358 1
3059 6033 1
5907 4768 1
5907 3668 1
5907 872 1
5907 2125 1
403 2782 1
403 5532 1
403 2417 1
403 3066 1
4274 1941 1
2345 3284 1
24 5767 1
24 1760 1
24 682 1
24 3188 1
24 3363 1
24 937 1
24 5518 1
3663 4643 1
3663 4724 1
3663 3501 1
3663 120 1
3663 2559 1
3663 47 1
3663 1637 1
3663 3247 1
3663 187 1
3663 3392 1
3663 1625 1
3663 3097 1
3663 5498 1
3663 2095 1
3663 2144 1
3663 2254 1
3663 1728 1
3663 1477 1
266 1511 1
4237 1909 1
5171 5263 1
5171 337 1
5171 3332 1
5171 5354 1
5171 475 1
5171 4278 1
5171 3744 1
5171 2785 1
5171 5519 1
4583 2035 1
4583 4667 1
4583 2063 1
4583 704 1
4583 5796 1
4583 3276 1
4583 3312 1
4583 4222 1
4583 4187 1
4583 5101 1
4583 2100 1
4583 2149 1
4583 5587 1
4583 4247 1
4583 2463 1
4583 2222 1
4583 3627 1
4583 2335 1
4583 1668 1
4583 707 1
4583 1896 1
4583 1982 1
5625 5871 1
5625 1015 1
5625 3427 1
5625 5750 1
5625 4432 1
5625 5584 1
5625 2767 1
5625 5125 1
5625 4842 1
5625 5841 1
5625 3467 1
2711 4359 1
5772 5175 1
5772 5946 1
4387 1176 1
3354 3226 1
5912 5551 1
1837 1438 1
1837 5859 1
1837 3888 1
1837 5130 1
1837 2210 1
1837 5649 1
1837 286 1
1837 3468 1
1837 5379 1
1837 5439 1
1837 1408 1
1837 3682 1
1837 1419 1
1837 3902 1
1837 5028 1
1837 1207 1
1837 4934 1
1837 5637 1
1837 2109 1
1837 2022 1
1837 5661 1
826 2681 1
826 4025 1
826 1420 1
1057 2899 1
1057 3913 1
1057 4074 1
1057 1461 1
1057 3092 1
1057 1582 1
1057 4965 1
1057 4999 1
1057 3281 1
1057 4076 1
1057 3624 1
1057 1979 1
1057 6180 1
1057 4209 1
1057 3706 1
1057 5671 1
1057 1570 1
1057 2434 1
1057 3436 1
1057 1889 1
1057 3958 1
1057 4102 1
1057 235 1
2304 3980 1
2304 5334 1
2304 2020 1
2304 3736 1
2304 2571 1
2304 6152 1
5870 3075 1
5870 4461 1
5870 2861 1
5870 318 1
1479 107 1
3807 3361 1
3807 1842 1
3807 5338 1
3807 263 1
3807 820 1
3807 6055 1
3807 4915 1
3807 4219 1
3807 1306 1
3807 6270 1
3807 3871 1
5735 3982 1
5735 2869 1
5735 3224 1
5735 5961 1
5735 6102 1
5735 1122 1
5735 1140 1
5735 4793 1
5735 5564 1
5735 1892 1
5735 2887 1
5735 5711 1
5735 2555 1
5735 4459 1
5735 5161 1
5735 4001 1
744 3905 1
6253 2856 1
6253 2731 1
3217 5981 1
4691 4190 1
4691 3499 1
5745 1230 1
4498 1318 1
5953 1563 1
1295 3886 1
1295 3333 1
1295 474 1
1295 291 1
1295 4175 1
4798 620 1
1556 778 1
3009 3063 1
5746 3236 1
5746 4281 1
5746 663 1
5746 706 1
5746 4741 1
5746 1788 1
5746 892 1
5746 1732 1
790 1232 1
790 5596 1
790 1451 1
1161 5215 1
2019 1141 1
2019 403 1
2019 3517 1
2019 4791 1
2019 4653 1
2019 3066 1
3913 5987 1
3913 4706 1
3913 3472 1
3913 31 1
3913 2797 1
3913 1487 1
3913 5577 1
3913 4165 1
2366 3124 1
636 386 1
636 276 1
6178 4159 1
5133 5652 1
5133 6206 1
5133 3985 1
5133 3730 1
2909 6030 1
2909 2097 1
2909 2303 1
2909 4668 1
2909 685 1
5229 1520 1
5229 2952 1
4252 4094 1
4833 5203 1
4833 3656 1
1971 4840 1
42 2903 1
6040 2704 1
6040 4541 1
1796 5580 1
1796 2691 1
1796 1369 1
5442 1546 1
4317 3757 1
4317 3219 1
4317 3191 1
4317 5994 1
5410 2024 1
5410 5810 1
5410 5769 1
5410 3159 1
5410 5938 1
5410 3991 1
5410 3634 1
5410 4726 1
5410 2896 1
5410 5740 1
5410 3388 1
5410 3981 1
5410 2314 1
5410 1691 1
5410 2317 1
5410 1293 1
5410 6066 1
5410 3166 1
5410 2513 1
5410 2966 1
5410 1222 1
4822 5230 1
4822 2790 1
2071 4293 1
351 2008 1
2218 3935 1
1197 2664 1
1197 3120 1
1197 1304 1
1197 83 1
1197 2439 1
1197 5561 1
1197 5809 1
1197 5231 1
1197 3460 1
1197 561 1
1197 4908 1
1197 5900 1
5235 5386 1
5235 2735 1
5235 5729 1
5235 3663 1
5235 111 1
5235 3474 1
5235 2859 1
5235 2675 1
5235 10 1
5235 5373 1
5235 3479 1
5235 1353 1
5235 2775 1
5235 2299 1
5235 5623 1
5235 4596 1
5235 3812 1
5235 2274 1
5235 4123 1
5235 3428 1
5235 281 1
5235 5250 1
5235 1001 1
5235 6205 1
5235 2625 1
5235 3575 1
5235 1639 1
5235 3788 1
5235 5631 1
5235 866 1
5235 1535 1
5235 3305 1
5235 5642 1
2573 5995 1
2573 2614 1
2805 5453 1
2805 3394 1
3474 1855 1
3474 3479 1
3474 5853 1
6176 940 1
836 5277 1
3612 2154 1
3612 5346 1
3612 841 1
2734 5047 1
2734 3924 1
4876 4361 1
3555 2548 1
728 3275 1
4627 1380 1
6061 5828 1
6061 3978 1
6061 5394 1
2667 2322 1
3979 1 1
3979 3086 1
3377 5131 1
4658 1918 1
4658 233 1
5782 450 1
4363 3128 1
2118 2630 1
2118 134 1
2118 3429 1
2118 1853 1
2118 5337 1
2118 3600 1
2118 1632 1
2118 1009 1
2118 5604 1
2118 5345 1
2118 3109 1
2118 1249 1
2118 5996 1
2118 5489 1
4733 3524 1
4733 5669 1
4733 5684 1
4733 3161 1
4173 320 1
4173 2263 1
4173 1990 1
4173 1829 1
4173 1021 1
4173 2013 1
4173 4980 1
4173 4216 1
4173 5450 1
498 6141 1
498 941 1
1617 2567 1
5603 102 1
5603 2648 1
5603 410 1
5603 4984 1
5603 69 1
5603 2608 1
5603 2338 1
5603 1915 1
5603 876 1
1322 5378 1
1322 2169 1
1322 646 1
1322 621 1
1322 4805 1
1322 2378 1
1322 3529 1
1322 3790 1
899 5049 1
899 3169 1
899 463 1
899 5269 1
899 4686 1
899 1441 1
899 3617 1
3852 6115 1
3852 449 1
3852 1186 1
2133 2898 1
2160 5738 1
2160 2279 1
2160 967 1
2776 2824 1
5794 3183 1
5794 1999 1
5794 1895 1
2954 5852 1
4588 5446 1
4588 253 1
4588 1983 1
4588 2592 1
4588 2364 1
4588 6046 1
3684 1578 1
2695 5644 1
2695 3992 1
2695 1184 1
2695 3002 1
2695 3490 1
2695 990 1
2695 4536 1
2695 4607 1
2695 3039 1
2695 4954 1
2695 3201 1
2695 119 1
2695 5202 1
2695 5300 1
2695 2530 1
2695 2613 1
2695 1242 1
2695 5430 1
2695 488 1
2695 2958 1
2695 1435 1
2695 6288 1
2695 5162 1
2695 4558 1
2695 490 1
2695 5544 1
2695 5079 1
2695 2904 1
2695 37 1
2695 1809 1
2695 87 1
2695 798 1
2695 4381 1
2695 924 1
2695 3862 1
2695 3525 1
2695 2620 1
2695 5616 1
2695 3615 1
2695 3205 1
2695 256 1
4828 2479 1
4828 5448 1
4828 3965 1
4828 3969 1
4828 5865 1
4828 2155 1
4828 2340 1
4828 4477 1
2755 5687 1
1252 1810 1
1252 4588 1
1252 225 1
1252 1724 1
1252 5241 1
1252 5360 1
128 4770 1
3126 2265 1
4825 2285 1
1808 739 1
5581 3154 1
5581 1745 1
5581 5830 1
2472 962 1
2472 5527 1
2472 740 1
3485 5310 1
3485 5966 1
3485 2718 1
3485 4368 1
3485 916 1
3485 2737 1
3485 1738 1
3485 3621 1
3485 1384 1
3485 4554 1
3689 2506 1
3869 4649 1
3869 915 1
4931 4889 1
4931 4941 1
2055 4423 1
2895 266 1
2895 2438 1
2895 1976 1
2895 657 1
2895 2705 1
3203 4937 1
1608 5468 1
4900 101 1
4900 3316 1
4900 510 1
4900 1148 1
4900 6225 1
4900 76 1
4900 3893 1
4900 1871 1
4900 5713 1
4900 983 1
4900 3530 1
4900 942 1
4900 6118 1
4900 4601 1
1309 1937 1
4385 2746 1
4385 739 1
5885 5418 1
5885 73 1
5885 1713 1
6032 3304 1
618 4254 1
1184 1972 1
6177 4660 1
6218 6017 1
6126 1870 1
2698 4082 1
4602 3523 1
4690 5279 1
4690 3324 1
4690 5780 1
1679 4090 1
1679 885 1
1679 6006 1
1679 753 1
1679 4858 1
1679 2015 1
1679 3520 1
1653 2568 1
503 2591 1
261 4772 1
5727 2977 1
5727 5620 1
5727 1776 1
5727 4591 1
5727 1470 1
5727 652 1
5727 1485 1
5727 4694 1
5727 4026 1
5727 4732 1
5727 1142 1
5727 2693 1
5727 5718 1
5727 1061 1
5727 4709 1
5727 209 1
5727 6059 1
5727 1143 1
5727 2932 1
5727 236 1
5727 843 1
5727 3331 1
2650 5575 1
2650 5078 1
2650 4630 1
2650 6100 1
2650 2508 1
571 502 1
571 4902 1
571 2717 1
571 2275 1
5164 1333 1
3107 3395 1
5920 4115 1
1526 3285 1
1092 2590 1
1092 524 1
1092 2740 1
3670 2170 1
3670 2544 1
3670 3387 1
3670 30 1
3670 2445 1
3670 4040 1
2772 476 1
1501 2314 1
3497 2413 1
3497 167 1
3497 1934 1
4547 5246 1
4669 1469 1
4669 3151 1
4669 190 1
4669 1119 1
4669 3632 1
1228 4764 1
1228 5073 1
1228 3384 1
1228 5434 1
4896 3912 1
1019 5520 1
1019 5283 1
1019 5606 1
3222 4056 1
3758 4901 1
3758 3035 1
382 1027 1
382 3564 1
3968 5060 1
1041 4610 1
2359 5296 1
613 5066 1
589 2250 1
4449 324 1
4449 1220 1
5226 4515 1
1311 1749 1
1311 4931 1
1311 2496 1
1311 53 1
1311 5873 1
1311 5771 1
1311 4684 1
1311 5411 1
1311 1098 1
1311 4767 1
1311 1175 1
1311 2821 1
1311 5710 1
1311 3814 1
1311 466 1
1311 5954 1
1311 4458 1
4100 5955 1
4100 930 1
4100 5889 1
4100 3238 1
4100 4571 1
4100 3908 1
4100 4895 1
4100 2973 1
4100 5082 1
4100 5348 1
4100 4524 1
4100 3310 1
759 5227 1
5881 5908 1
5881 1993 1
5881 4015 1
5881 4044 1
5881 6268 1
5881 3232 1
4185 4070 1
5374 970 1
5374 4113 1
4074 1686 1
4074 3654 1
4074 1598 1
4074 1922 1
4074 5808 1
4074 2302 1
4074 2519 1
2205 300 1
1826 938 1
1826 3587 1
1826 4735 1
1826 3423 1
1826 3290 1
1826 5566 1
1826 2281 1
4742 949 1
2399 3495 1
1326 1949 1
1330 4754 1
229 5849 1
229 827 1
229 1939 1
229 4566 1
5811 5532 1
2961 661 1
3583 1674 1
3846 4356 1
3846 805 1
3846 2161 1
3846 2187 1
3846 1594 1
3846 4867 1
247 5094 1
247 2561 1
247 5857 1
247 2565 1
247 384 1
247 4064 1
247 1340 1
2447 1778 1
1942 4540 1
1942 2936 1
1942 2929 1
1942 130 1
1942 4023 1
1942 3653 1
4046 1660 1
3660 3514 1
3008 4584 1
3008 2430 1
3008 6188 1
3008 3638 1
3008 5657 1
3008 6171 1
3008 4727 1
3008 2540 1
3008 1876 1
3008 4462 1
3008 219 1
3008 409 1
3008 3032 1
3008 5032 1
3008 5562 1
3008 2970 1
3008 946 1
5503 1156 1
5503 2900 1
5503 1680 1
5503 4321 1
5503 5387 1
5503 4439 1
5503 594 1
5503 3370 1
3043 6199 1
3043 2271 1
1276 5586 1
1276 1997 1
1276 210 1
1276 376 1
1276 3256 1
4634 3349 1
4634 3404 1
2947 2098 1
2162 6256 1
2162 1615 1
2162 2259 1
2162 2046 1
2162 2432 1
2162 388 1
2162 66 1
2162 2224 1
2162 3639 1
2162 6153 1
2510 2480 1
2917 1023 1
4059 5683 1
714 1280 1
714 375 1
714 852 1
5474 586 1
362 2342 1
362 5927 1
5901 4989 1
5290 6002 1
2986 5150 1
2986 2266 1
2986 168 1
2986 3507 1
2986 4340 1
2986 1716 1
2986 4384 1
2986 4298 1
2986 1986 1
2986 1675 1
2986 2579 1
2986 3791 1
2986 4845 1
2986 223 1
2986 1854 1
2986 1237 1
2986 1162 1
2110 4835 1
2110 1969 1
463 4452 1
463 3277 1
369 1307 1
3002 4733 1
3002 179 1
3002 3931 1
3002 3974 1
3002 5546 1
3002 5466 1
3002 2539 1
4787 2390 1
6058 2305 1
6058 3976 1
6058 393 1
6058 643 1
2751 2493 1
2751 3076 1
2037 1096 1
2037 881 1
2037 2918 1
2037 4868 1
4344 3625 1
4950 635 1
2248 1389 1
2248 341 1
5910 4280 1
1042 4162 1
1042 6253 1
1042 2699 1
1042 1427 1
1042 3251 1
2034 5814 1
2034 3876 1
3325 301 1
3325 4689 1
3325 3847 1
3325 3580 1
3325 57 1
3325 5550 1
3325 3435 1
2836 171 1
1397 1872 1
800 432 1
1963 701 1
1963 4262 1
6072 4299 1
5260 1919 1
5116 1074 1
5200 4127 1
5200 2165 1
5200 3213 1
5200 2230 1
5200 4797 1
5200 3192 1
5496 2844 1
6045 2461 1
299 4821 1
299 1080 1
299 126 1
299 1611 1
299 1363 1
299 5043 1
3270 6207 1
2172 6120 1
2172 3922 1
2172 1942 1
2172 862 1
2172 2068 1
2172 1916 1
4347 304 1
5751 3868 1
5366 5445 1
2154 4823 1
2154 2749 1
2154 700 1
2154 2783 1
2154 2225 1
2154 240 1
2154 5559 1
2154 1574 1
2154 2765 1
2154 1415 1
5801 1076 1
1544 1039 1
1544 5525 1
1544 2969 1
1544 6191 1
1544 598 1
4408 5843 1
3550 632 1
724 6276 1
724 5812 1
724 5866 1
1291 3873 1
5020 6203 1
5020 5139 1
5020 4932 1
5020 2692 1
5020 5538 1
3099 5768 1
3099 1218 1
3099 2923 1
3099 4678 1
2067 5606 1
2067 3800 1
1974 3732 1
4838 1693 1
6068 647 1
6068 43 1
6068 582 1
6068 317 1
6068 1412 1
6068 1109 1
6068 94 1
6068 2965 1
6068 3788 1
6068 4086 1
6068 4182 1
6068 910 1
2368 5600 1
2368 1216 1
2182 2099 1
4421 4080 1
5882 1857 1
1582 4273 1
1582 1540 1
1582 6028 1
4827 5944 1
4827 1366 1
3570 3973 1
1847 4019 1
1847 1926 1
5178 5157 1
5178 1297 1
5178 702 1
5178 4352 1
5178 118 1
5178 549 1
4157 3379 1
4157 2819 1
4157 6053 1
4157 392 1
4157 3894 1
4157 5114 1
4011 2996 1
4011 541 1
4011 2203 1
4011 3925 1
4011 3087 1
4568 3843 1
4568 234 1
4568 3522 1
4568 2488 1
4568 6084 1
4568 6104 1
4568 1284 1
4568 873 1
4568 4638 1
4568 2233 1
2424 5467 1
2520 4750 1
862 4307 1
5660 7 1
4465 4358 1
6016 5590 1
567 5102 1
567 1530 1
2724 3899 1
2724 2803 1
2724 1907 1
2724 3477 1
2724 5846 1
2724 5424 1
2724 5057 1
2724 3297 1
2724 139 1
2724 1421 1
2724 6089 1
2724 5185 1
2724 1135 1
2724 2802 1
2724 4497 1
2724 4206 1
2724 5110 1
2724 4908 1
2724 156 1
400 4499 1
1270 5256 1
4287 2792 1
4287 4647 1
4287 447 1
4287 2422 1
4287 3930 1
4287 963 1
4287 2503 1
4287 3809 1
2764 5013 1
2764 4592 1
2104 2475 1
1708 756 1
1708 4430 1
1708 3150 1
1708 1823 1
1708 1043 1
1708 2075 1
1708 5122 1
1708 5862 1
1708 6237 1
1708 4471 1
1708 1838 1
1708 6004 1
1034 307 1
907 4366 1
907 616 1
5531 935 1
100 3177 1
2856 2049 1
2856 1862 1
2856 606 1
2856 4606 1
2856 2129 1
2856 5179 1
2856 4061 1
4756 353 1
4756 274 1
4756 2395 1
4756 5333 1
4756 6240 1
4756 5582 1
4756 5848 1
4756 6038 1
138 4357 1
2012 1418 1
4241 5401 1
4241 802 1
4241 1746 1
4241 93 1
4241 2471 1
4241 2815 1
4241 5328 1
4241 6042 1
2029 5999 1
2029 5588 1
2029 1355 1
2029 4780 1
2029 3260 1
2029 251 1
2029 1504 1
2029 3987 1
2029 823 1
1681 3254 1
1681 743 1
1681 1814 1
1681 4578 1
2178 5383 1
2178 1722 1
2178 557 1
2178 4654 1
2178 548 1
6012 1062 1
6012 689 1
6012 3943 1
6012 3318 1
6012 4243 1
2406 4156 1
3211 1388 1
4018 3308 1
4018 4790 1
4018 5255 1
4018 4837 1
4018 3455 1
4018 4083 1
4018 4978 1
4018 2209 1
4018 893 1
4018 1022 1
4018 4289 1
4018 1456 1
4018 2875 1
4018 161 1
4018 1373 1
4018 1543 1
4018 5825 1
1970 2136 1
1970 2462 1
1970 4338 1
1970 5356 1
5906 1269 1
1183 1512 1
1183 741 1
4493 3454 1
4493 4265 1
4493 3298 1
4493 5844 1
4493 5697 1
4493 4964 1
4493 2017 1
4493 5204 1
4493 477 1
4493 3928 1
6258 3667 1
5760 2526 1
683 5350 1
4506 2616 1
4506 2280 1
4506 3803 1
4506 3194 1
4506 1018 1
4506 4134 1
2534 4740 1
3234 1113 1
3234 1741 1
3134 3100 1
3134 3338 1
3134 4144 1
923 3840 1
923 4968 1
923 2798 1
923 4443 1
923 776 1
1967 2313 1
2076 52 1
370 2224 1
3253 4047 1
1091 5541 1
1091 4531 1
1091 116 1
1091 4261 1
85 865 1
85 4169 1
85 3816 1
85 2669 1
5925 6279 1
5925 5096 1
4897 1405 1
3699 248 1
3740 6130 1
3740 4039 1
3740 5064 1
3740 1537 1
3740 4295 1
3740 6134 1
3740 4212 1
3740 4572 1
3740 4210 1
3740 2134 1
3740 1593 1
3820 1613 1
3820 5176 1
1315 1095 1
1315 4202 1
6101 3911 1
3317 2723 1
1208 5477 1
2166 1389 1
2166 341 1
2439 5728 1
2439 1812 1
2439 1219 1
2439 5331 1
2439 3872 1
2439 4581 1
2439 2910 1
2439 697 1
2362 4286 1
2566 1138 1
5220 5251 1
3878 2460 1
3878 1633 1
3878 5912 1
3878 5896 1
3878 3630 1
3878 3649 1
3878 6179 1
3878 2060 1
3878 5702 1
3878 2208 1
3878 5030 1
3878 6182 1
3878 889 1
3878 3458 1
3878 3437 1
3878 4456 1
3878 2213 1
3878 1559 1
6041 4890 1
3137 4693 1
3137 294 1
3137 5321 1
3137 1257 1
3137 6168 1
3137 2041 1
1616 1832 1
1616 343 1
1616 4619 1
692 533 1
692 421 1
692 5046 1
692 1525 1
692 1201 1
5647 3132 1
4396 846 1
2873 2448 1
890 4872 1
6113 4468 1
6113 4365 1
5921 5930 1
3948 3375 1
1014 2654 1
1014 822 1
1014 5665 1
1014 1561 1
1014 1699 1
1014 4166 1
1014 3778 1
1014 3707 1
2027 4655 1
2027 50 1
2027 1063 1
2027 2231 1
2027 1082 1
2027 5021 1
2027 2582 1
226 5132 1
226 2140 1
3650 3013 1
732 2171 1
732 5759 1
732 312 1
732 3516 1
732 71 1
732 4341 1
4555 1114 1
5527 5967 1
5527 2014 1
5527 5515 1
5527 208 1
5527 964 1
5527 2919 1
5527 5696 1
1783 3721 1
1783 3622 1
4360 420 1
4008 6068 1
5308 3940 1
5308 6081 1
5308 1542 1
5308 745 1
5308 4826 1
5308 4288 1
5308 716 1
3007 2825 1
2907 2831 1
2500 1498 1
5357 5545 1
2280 2476 1
2280 587 1
2280 3241 1
2280 2174 1
837 2998 1
1488 2527 1
1488 4885 1
1488 923 1
1488 4946 1
1488 2615 1
1488 5495 1
1488 3119 1
1488 4438 1
1488 1820 1
4222 6069 1
4222 972 1
4222 5461 1
4222 3167 1
4222 5686 1
4222 360 1
4222 1317 1
4222 950 1
4346 1047 1
4346 4652 1
4346 5621 1
4346 1877 1
4563 1825 1
551 372 1
551 1255 1
551 5650 1
551 4878 1
551 3533 1
551 6031 1
551 495 1
551 5435 1
551 1241 1
551 4597 1
551 5006 1
551 1683 1
551 2467 1
551 3271 1
551 1774 1
551 1204 1
551 3545 1
551 2452 1
551 5399 1
551 2031 1
2065 2444 1
1026 3090 1
1460 197 1
1460 3069 1
1636 728 1
1636 4715 1
4239 2597 1
4239 4315 1
4239 3984 1
4239 1706 1
4239 5207 1
4239 1344 1
4239 2551 1
1621 4168 1
2053 6292 1
2634 4141 1
2634 2727 1
2013 35 1
2739 1972 1
6065 3950 1
5447 800 1
1959 1856 1
1959 264 1
1959 3768 1
1959 610 1
1959 658 1
1959 429 1
2615 5051 1
2615 919 1
2615 5948 1
2615 1955 1
1116 3705 1
254 4682 1
254 5913 1
254 4310 1
254 3574 1
254 6085 1
254 6151 1
254 816 1
254 5284 1
254 1858 1
254 4071 1
254 2320 1
254 542 1
6076 5235 1
4156 871 1
4156 1036 1
3917 3697 1
3917 4010 1
3917 6208 1
3917 5963 1
3917 6249 1
3917 2927 1
3917 2842 1
3917 405 1
1406 537 1
1406 3182 1
4706 3339 1
4706 2942 1
4706 2989 1
4706 5902 1
4706 4436 1
4706 5689 1
4706 3463 1
4706 6221 1
4706 1849 1
4706 4703 1
4657 299 1
6064 4229 1
3576 6074 1
3576 4836 1
3576 1238 1
44 2023 1
781 3189 1
3762 3942 1
3762 4887 1
3762 797 1
3762 2719 1
3762 5294 1
3762 5359 1
3762 5919 1
3762 2920 1
3762 3679 1
3762 1824 1
3762 5576 1
3762 1088 1
2468 124 1
2468 2886 1
2468 792 1
2468 911 1
2468 5412 1
2468 4743 1
2468 259 1
2468 3263 1
2468 1831 1
2468 3090 1
2468 132 1
2468 5392 1
2468 5302 1
2468 4923 1
2468 4993 1
2468 828 1
2468 1560 1
2468 799 1
5571 2126 1
1704 133 1
4294 4741 1
4028 1532 1
5209 3622 1
268 2018 1
268 1012 1
268 357 1
268 4972 1
268 5363 1
268 4514 1
1274 1591 1
1353 1798 1
1353 4142 1
1353 154 1
1353 5419 1
2262 1717 1
2262 1004 1
2262 4103 1
2262 5069 1
2262 1807 1
997 4854 1
4021 2327 1
500 18 1
500 5473 1
500 4882 1
500 664 1
500 332 1
500 6070 1
500 2593 1
500 1669 1
500 1053 1
500 690 1
500 4873 1
500 3941 1
500 2358 1
500 4782 1
500 512 1
500 1642 1
500 4692 1
500 1292 1
1125 1447 1
1125 2524 1
1125 367 1
1125 3445 1
1677 2915 1
1981 189 1
4979 2360 1
4979 232 1
4979 1553 1
4979 5611 1
4979 3508 1
4979 2299 1
1755 2732 1
1755 4714 1
1755 747 1
1755 4097 1
914 2511 1
914 4688 1
914 4708 1
914 5783 1
914 3323 1
914 5391 1
914 5675 1
914 1914 1
914 6060 1
914 3257 1
2955 6204 1
1893 385 1
4550 4405 1
623 3252 1
623 2812 1
623 2995 1
623 1120 1
623 3273 1
623 1273 1
623 2229 1
623 5547 1
623 986 1
1789 5610 1
1789 97 1
1789 316 1
1789 1735 1
2710 1902 1
2710 569 1
2710 5899 1
5280 331 1
3701 1618 1
3701 5129 1
3701 4800 1
3701 812 1
1199 2475 1
2423 842 1
2423 4948 1
2423 3198 1
2423 1474 1
2423 570 1
5371 525 1
2113 1532 1
3911 489 1
3911 3340 1
3911 5991 1
3911 5336 1
3911 3264 1
3911 383 1
573 5998 1
573 3233 1
4264 4944 1
4264 2817 1
3031 5565 1
3721 403 1
3721 2550 1
3721 3821 1
3721 3328 1
3721 626 1
3721 4041 1
1313 1607 1
3015 5144 1
5105 751 1
4401 2564 1
4401 3471 1
4401 3848 1
4401 3418 1
4401 6226 1
4401 6158 1
4401 2967 1
4401 1044 1
4401 5733 1
4401 4246 1
4401 5749 1
3101 5381 1
2603 155 1
2603 4683 1
5014 2871 1
4761 2495 1
4761 3749 1
4761 4509 1
4761 5163 1
4761 1695 1
4761 3527 1
4761 3430 1
4761 1150 1
4761 1736 1
4761 6124 1
4761 3407 1
4761 6122 1
4761 2629 1
4761 2374 1
4761 2600 1
4761 839 1
4761 3072 1
4761 84 1
4761 5916 1
4761 4135 1
4761 2375 1
4761 2838 1
4761 5552 1
718 1387 1
4615 4331 1
4615 2813 1
4615 572 1
4615 3249 1
4322 5351 1
4322 5791 1
4322 907 1
4322 3917 1
4322 4990 1
4322 1060 1
4322 2537 1
4322 4760 1
4322 5305 1
4322 1189 1
4322 5785 1
6196 3381 1
6196 82 1
6196 2668 1
6196 3696 1
6196 5737 1
6196 3065 1
6196 2665 1
3442 394 1
3737 3989 1
5898 1048 1
2676 5822 1
4382 2673 1
4382 377 1
5282 1161 1
5282 4988 1
1697 1217 1
1697 957 1
1697 2232 1
1697 4461 1
1697 5127 1
5158 3237 1
2627 3383 1
2627 3377 1
2627 2308 1
2627 1172 1
2627 551 1
2627 427 1
2627 500 1
2627 1882 1
2627 2574 1
2627 1357 1
2627 438 1
2627 1335 1
2627 2151 1
2713 4442 1
2713 5003 1
2891 3139 1
2891 5978 1
6195 1552 1
6195 3610 1
3346 2047 1
3346 4874 1
3346 1131 1
3346 782 1
3346 3543 1
3616 5047 1
3599 1174 1
6263 3457 1
6013 4334 1
6013 2987 1
6013 3148 1
6013 211 1
6013 1452 1
6013 298 1
6013 2328 1
6013 322 1
6013 4749 1
6013 3018 1
6013 975 1
6013 1772 1
6013 931 1
6013 762 1
6013 3808 1
6013 3408 1
6013 4244 1
6013 6202 1
6013 5332 1
6013 1371 1
6013 2487 1
6013 2444 1
6013 356 1
6013 5070 1
6013 1968 1
5702 956 1
5702 1133 1
5702 1256 1
5702 1072 1
5702 5786 1
5702 5787 1
5702 2428 1
4196 4799 1
3552 4053 1
3552 5169 1
2028 5247 1
3342 255 1
810 2098 1
3196 1322 1
244 1375 1
244 2960 1
244 5084 1
244 5877 1
1912 2073 1
1912 2738 1
1912 78 1
1912 3028 1
1912 3204 1
1912 1505 1
1912 5456 1
1912 4720 1
1912 1294 1
1912 201 1
1912 1960 1
1912 5238 1
1912 3907 1
1912 6234 1
1912 3140 1
1912 5717 1
1912 1771 1
1912 4695 1
1912 516 1
1912 5831 1
1912 4152 1
1912 5762 1
725 5136 1
2249 6058 1
1430 538 1
4397 1775 1
4397 2256 1
4397 1147 1
3398 180 1
4990 4 1
4990 4314 1
4990 5503 1
4990 2162 1
4990 373 1
4990 4186 1
4990 3061 1
4990 70 1
4990 45 1
4990 4685 1
4990 5832 1
4990 5497 1
4990 2372 1
4990 5329 1
4990 401 1
4990 4258 1
4990 272 1
4990 4881 1
4990 4861 1
4990 1258 1
4990 4324 1
4990 1702 1
4990 3849 1
4990 5972 1
3197 194 1
3197 5662 1
3197 2729 1
3197 456 1
3197 5701 1
3197 5055 1
3197 3412 1
3197 2801 1
3197 2766 1
2279 5117 1
2279 19 1
2279 2930 1
2279 770 1
2279 4803 1
2279 6283 1
2279 345 1
2279 4942 1
2279 4755 1
2279 4672 1
2279 3926 1
2279 4517 1
2279 1071 1
2279 419 1
2279 3746 1
2279 5464 1
2279 2588 1
2279 4763 1
2279 6121 1
4434 5316 1
4434 1368 1
4434 4537 1
4434 2661 1
4434 5197 1
4434 2621 1
1979 390 1
1979 3914 1
1979 2888 1
1979 688 1
1979 2979 1
1979 2612 1
1979 5306 1
1979 5829 1
1979 1959 1
1979 559 1
1979 2879 1
1979 2702 1
1979 995 1
1979 4947 1
1979 4208 1
1979 5343 1
1979 4308 1
1979 3504 1
1979 4818 1
1979 3348 1
1979 1416 1
1979 3022 1
1979 5454 1
1979 544 1
1979 2288 1
1979 959 1
1979 36 1
1979 4479 1
1979 46 1
1979 2981 1
1979 5990 1
1979 1079 1
1979 4753 1
1979 6290 1
1979 2605 1
1979 153 1
1979 1339 1
1979 5156 1
2321 1539 1
6240 3360 1
6240 1409 1
2184 2637 1
2184 813 1
2184 4031 1
4996 2861 1
16 3741 1
6192 1957 1
5068 477 1
967 25 1
967 1624 1
967 3451 1
967 4603 1
967 1075 1
967 5086 1
967 297 1
4997 2122 1
1882 936 1
1882 6097 1
440 1586 1
3891 2633 1
3734 5295 1
891 2 1
891 3098 1
3834 4211 1
1070 4333 1
4887 3175 1
4887 363 1
4500 6157 1
4500 3827 1
4500 2152 1
4500 237 1
4500 9 1
4500 2557 1
4500 2533 1
4500 1483 1
4500 4543 1
2984 3014 1
2984 5134 1
2984 5189 1
2984 3726 1
2984 6043 1
2984 244 1
2984 4114 1
2984 767 1
2984 246 1
2984 3835 1
2984 1701 1
2984 1865 1
1925 723 1
1925 6167 1
1925 3802 1
1925 618 1
1925 2120 1
1925 5178 1
1925 4579 1
1925 4207 1
1925 2292 1
1925 1936 1
1925 3717 1
1925 1251 1
1925 640 1
6139 2999 1
4596 5092 1
4596 3479 1
4596 4277 1
4596 1906 1
4596 750 1
2744 26 1
11 5469 1
11 1126 1
11 3299 1
5223 5913 1
5223 3574 1
5223 448 1
5223 542 1
439 1864 1
439 3291 1
439 719 1
439 4605 1
439 2486 1
439 3811 1
3486 6230 1
4902 2575 1
4902 92 1
4902 6148 1
4902 402 1
4902 2870 1
4902 6088 1
4902 2344 1
4902 4769 1
4902 3853 1
4902 5653 1
4902 4035 1
4902 3473 1
4902 530 1
4902 2504 1
4902 3678 1
4902 4462 1
4902 122 1
4902 2983 1
4902 5135 1
5497 3772 1
5497 3466 1
5497 325 1
5497 445 1
5497 1028 1
5497 4367 1
5497 2925 1
5497 270 1
5497 3865 1
5497 1348 1
5497 5074 1
5497 3307 1
5497 3870 1
499 655 1
2535 5856 1
4312 5205 1
3443 1442 1
3443 1891 1
3443 543 1
3443 2204 1
3443 5608 1
3700 1102 1
5879 3799 1
4353 3469 1
4353 321 1
4353 2607 1
4353 1025 1
4353 5979 1
4353 5194 1
4353 6131 1
105 422 1
105 1855 1
105 4246 1
105 5402 1
2599 3352 1
3803 1792 1
5269 1141 1
5269 1408 1
5269 4433 1
5269 6254 1
5269 4128 1
5269 136 1
5269 2507 1
5269 296 1
5269 4081 1
5269 5149 1
678 735 1
678 6083 1
678 1754 1
678 2569 1
678 2429 1
678 5885 1
678 2450 1
678 2087 1
678 2425 1
678 4337 1
678 217 1
678 3652 1
678 1349 1
678 5572 1
1242 3898 1
1242 1270 1
1242 4045 1
1242 4898 1
1242 4481 1
1242 5286 1
1242 4480 1
1242 5579 1
1242 2114 1
2274 277 1
2274 3479 1
2274 3180 1
2274 4974 1
2274 117 1
2274 882 1
2274 5631 1
2717 5526 1
2717 2800 1
2717 4067 1
2717 2671 1
2717 3206 1
2717 3223 1
2717 3729 1
2717 4205 1
2717 4485 1
2717 5595 1
2717 521 1
2717 6009 1
2717 5958 1
2717 5709 1
2717 2341 1
2717 3859 1
2717 4775 1
2717 2489 1
31 1084 1
4491 2528 1
4316 4917 1
4316 2411 1
4316 1453 1
4316 1881 1
4316 1287 1
4316 4847 1
4316 86 1
3766 1793 1
1414 6252 1
1414 485 1
1414 899 1
1414 437 1
1414 1729 1
1414 612 1
1414 1236 1
1414 2006 1
1414 88 1
1414 1359 1
1414 3936 1
1414 90 1
1414 5012 1
1414 239 1
1414 2418 1
1414 3614 1
1414 3088 1
1414 4712 1
1414 4375 1
1414 1709 1
1414 3044 1
1414 5732 1
1414 4420 1
1414 328 1
1414 5805 1
1414 108 1
1414 1068 1
4619 1168 1
4490 4482 1
3366 1830 1
3366 1493 1
3366 3287 1
3366 1262 1
3366 4856 1
3366 4910 1
3366 5397 1
3366 659 1
3366 5523 1
5346 1479 1
5346 1652 1
255 5950 1
255 379 1
406 5553 1
406 4107 1
4257 3946 1
1144 2326 1
1144 1666 1
1144 2590 1
1144 3605 1
1144 4866 1
1144 1035 1
1144 3964 1
1144 1094 1
1144 1622 1
1144 1670 1
1144 3350 1
1144 6278 1
5641 2985 1
5641 624 1
5641 2255 1
5641 4397 1
5641 1995 1
5641 4859 1
5641 144 1
2173 2178 1
2278 2211 1
491 414 1
491 4168 1
69 6285 1
3302 5038 1
3302 1462 1
4492 2586 1
4492 3321 1
4492 1040 1
4492 4637 1
4492 2628 1
4492 5403 1
4492 3157 1
2537 137 1
2537 4072 1
213 560 1
213 2409 1
5931 5670 1
5931 5481 1
5931 2040 1
5931 1407 1
5931 260 1
5931 3040 1
5931 5853 1
5931 1002 1
5931 758 1
5931 5824 1
5931 1794 1
5931 1911 1
5931 1627 1
401 5237 1
1240 981 1
3202 5789 1
4406 1233 1
5430 3586 1
5430 3761 1
5430 1533 1
5430 1975 1
5430 4133 1
5430 3885 1
5430 2332 1
5430 3676 1
5430 998 1
5430 2070 1
5430 4285 1
5430 2253 1
4325 2074 1
2373 2763 1
3687 1224 1
3687 4930 1
5517 314 1
5942 4283 1
5942 3930 1
1231 1100 1
1231 4759 1
1231 809 1
4594 514 1
1254 4249 1
452 2381 1
452 2283 1
452 2941 1
452 193 1
452 4422 1
452 287 1
452 311 1
452 3325 1
452 4382 1
452 1029 1
452 4665 1
452 5965 1
452 5093 1
452 5554 1
452 3966 1
452 5766 1
452 3262 1
452 2570 1
2239 4440 1
3742 880 1
5459 4938 1
5459 3800 1
5459 2216 1
5459 4148 1
5459 1362 1
2823 1929 1
2454 5327 1
2454 4661 1
2454 1961 1
2454 4909 1
2454 4121 1
2454 1994 1
2454 6154 1
2454 3785 1
2454 1802 1
2454 3830 1
4995 1612 1
4995 708 1
4995 5725 1
1040 15 1
1040 1758 1
1040 1129 1
4505 4553 1
1568 2298 1
4053 5722 1
4053 5781 1
4053 5023 1
4147 6251 1
4147 2789 1
4147 2058 1
4147 2589 1
4147 1092 1
4147 5876 1
4147 85 1
4147 590 1
4147 2722 1
4147 3990 1
4147 2891 1
4147 4084 1
4147 2984 1
4147 4193 1
4147 4492 1
4147 4043 1
4147 2207 1
4147 2330 1
4147 2348 1
4147 2491 1
4147 2084 1
389 4613 1
389 4292 1
389 5745 1
389 1473 1
389 3289 1
389 1091 1
389 1085 1
389 6008 1
389 105 1
389 1078 1
389 2715 1
389 2223 1
389 4987 1
389 3722 1
969 1692 1
3841 4022 1
3841 2769 1
3841 1641 1
3841 1352 1
3841 2758 1
3841 5940 1
3841 686 1
3841 693 1
3841 115 1
3841 4504 1
3841 3050 1
3390 2902 1
221 5225 1
221 5198 1
221 5659 1
2600 5923 1
2600 5569 1
2600 238 1
2600 2635 1
2600 3688 1
2600 4956 1
2600 125 1
2600 5690 1
2600 584 1
2600 3817 1
2600 1486 1
2600 4184 1
2600 5249 1
2600 566 1
2600 1263 1
2600 684 1
62 5557 1
1565 2988 1
3220 3064 1
2261 2194 1
4535 3400 1
5802 1342 1
5802 6222 1
6158 255 1
2806 4484 1
3194 3895 1
2781 1748 1
1540 3293 1
1540 2004 1
1540 1761 1
1540 1400 1
1540 3577 1
1540 783 1
1540 3045 1
1540 5561 1
1540 3951 1
1540 2993 1
1540 927 1
1540 196 1
1540 5248 1
1540 3690 1
1540 3365 1
1540 4214 1
1540 3200 1
1540 4415 1
5221 2260 1
3837 4149 1
3837 1515 1
3837 1894 1
3837 1899 1
3837 2759 1
3837 5522 1
3837 329 1
3837 4374 1
3837 4559 1
3837 1547 1
3837 305 1
3837 558 1
3837 2809 1
3837 4472 1
3837 677 1
3837 5367 1
3837 3581 1
6186 3565 1
5929 1087 1
3601 4599 1
5232 1177 1
5232 985 1
5232 2523 1
5232 5761 1
5232 472 1
5232 4085 1
5232 243 1
5232 5438 1
5232 2138 1
267 5667 1
267 5567 1
267 5673 1
267 5206 1
2596 3396 1
2596 641 1
2596 3090 1
2596 2186 1
2596 140 1
5295 2407 1
5295 3798 1
2685 4640 1
6225 5219 1
6225 2269 1
6225 212 1
6225 1073 1
6225 5004 1
6225 4912 1
6225 5681 1
6225 4309 1
6225 3709 1
6225 3651 1
6225 3186 1
6225 5500 1
2 5975 1
2 6090 1
2 637 1
6003 2680 1
5162 2333 1
5162 2103 1
5162 465 1
627 2580 1
239 6187 1
239 666 1
239 5326 1
239 4091 1
239 6259 1
239 2741 1
3216 4828 1
355 3488 1
4916 452 1
3662 5089 1
3662 807 1
1381 5501 1
1381 4466 1
1381 3597 1
1381 2244 1
1381 5868 1
1381 5000 1
1381 754 1
1381 6164 1
1381 6067 1
1381 6173 1
1381 3422 1
5450 5983 1
5450 5099 1
5450 2779 1
817 2001 1
3029 5764 1
2143 4569 1
3556 4457 1
788 1341 1
4567 4104 1
1767 5626 1
1767 5753 1
3174 2850 1
3174 2272 1
3174 242 1
1720 3478 1
1910 2536 1
1910 1203 1
1910 1712 1
1910 2827 1
1910 5597 1
1910 4737 1
4760 981 1
507 2284 1
1171 4670 1
1171 2056 1
1171 1927 1
1171 1160 1
1171 920 1
1171 3561 1
4637 5236 1
4637 228 1
4637 262 1
4637 5698 1
4637 5807 1
4637 283 1
4637 2949 1
4637 833 1
4637 5666 1
4637 2662 1
4637 755 1
3030 3613 1
2275 3852 1
2275 3330 1
2275 5458 1
2275 2881 1
2275 5112 1
2275 3089 1
2275 5298 1
2275 5593 1
2275 3711 1
2275 1123 1
2275 2163 1
2275 3752 1
4266 2687 1
2349 3496 1
2418 4791 1
5036 368 1
5036 3714 1
5036 4463 1
5036 2435 1
5036 3792 1
5036 4832 1
5036 346 1
5036 2791 1
5036 1725 1
5036 2541 1
5036 3207 1
5159 2115 1
1425 1583 1
1229 3376 1
1229 2226 1
1229 2316 1
5614 1050 1
5614 787 1
1427 22 1
1427 3702 1
1427 2156 1
1427 738 1
1427 4245 1
1427 2624 1
1427 3934 1
1427 4259 1
1427 3551 1
1427 4029 1
1427 3845 1
675 562 1
675 1777 1
675 3510 1
675 6229 1
675 2336 1
675 4330 1
675 6236 1
675 3629 1
675 3828 1
675 1977 1
3996 4150 1
5742 2118 1
5742 2085 1
5742 4257 1
5971 2890 1
191 848 1
191 5874 1
191 3740 1
191 5714 1
5970 484 1
5970 821 1
5970 5395 1
5970 5960 1
5970 1718 1
5970 2610 1
5970 5992 1
5970 698 1
5970 531 1
5970 1382 1
5970 926 1
1016 3526 1
5027 1998 1
6242 2674 1
2371 568 1
2371 3294 1
2371 2089 1
2371 2451 1
3481 1672 1
3481 5875 1
3481 14 1
1795 5800 1
1795 3221 1
1795 3401 1
1795 1164 1
1795 5155 1
1795 3712 1
1795 3195 1
1795 4844 1
818 5252 1
4327 2128 1
4881 3536 1
4881 4318 1
4881 68 1
4881 5763 1
4881 127 1
3962 173 1
3962 4957 1
3962 2778 1
3962 5151 1
3962 4616 1
3962 1714 1
3962 1623 1
3962 5823 1
3962 1279 1
3962 2334 1
3962 2131 1
3962 1391 1
3962 3199 1
3962 216 1
3962 164 1
3962 6239 1
3962 648 1
3962 4635 1
3962 3351 1
3962 4752 1
3962 1385 1
3962 878 1
3962 5270 1
3962 5325 1
3962 619 1
3962 5147 1
3962 3959 1
3962 5970 1
3962 1000 1
3962 5364 1
3962 577 1
3962 4879 1
3962 4546 1
3962 4391 1
3962 4598 1
3962 5511 1
3962 3658 1
3962 6172 1
3962 1590 1
3962 2401 1
3962 1093 1
3962 5926 1
4115 1271 1
4115 48 1
4115 295 1
4115 1826 1
4115 679 1
4115 2043 1
4115 1584 1
4115 5217 1
4115 4765 1
4115 1645 1
4115 597 1
4115 3123 1
4115 5817 1
6091 4705 1
172 5845 1
172 5265 1
806 1599 1
806 4425 1
806 1879 1
806 2962 1
806 4808 1
806 1576 1
806 396 1
806 3953 1
806 4611 1
806 4967 1
806 4306 1
806 1433 1
806 112 1
806 5222 1
3152 1250 1
1234 900 1
909 5243 1
909 4006 1
909 103 1
3877 1733 1
2747 1323 1
2747 4747 1
3103 6022 1
2000 3069 1
3614 1331 1
3614 5784 1
3614 2826 1
3614 5044 1
3614 1200 1
3614 933 1
3614 4469 1
3614 496 1
3614 3163 1
3614 5024 1
3614 3620 1
3614 4188 1
3614 4801 1
3614 493 1
3614 1106 1
3614 5941 1
3614 4226 1
3614 3659 1
3614 669 1
3589 3327 1
3589 2193 1
3589 4562 1
3589 1867 1
3589 2598 1
3589 1673 1
3589 4829 1
3589 1170 1
3589 3481 1
3589 1773 1
4867 2083 1
3326 3670 1
4058 5148 1
1259 5607 1
1259 4418 1
3597 2339 1
4042 3559 1
4042 1465 1
4042 2481 1
4042 2549 1
4042 5563 1
4042 1665 1
4042 4513 1
4042 2657 1
4042 3300 1
4042 3424 1
4042 3243 1
4042 1070 1
4042 3337 1
4042 2978 1
4042 285 1
4042 3282 1
4042 2939 1
4042 2365 1
4042 2436 1
4042 4220 1
4042 145 1
4042 4971 1
4042 5993 1
4042 5278 1
3611 5493 1
5155 1904 1
3935 3138 1
3935 2388 1
3935 3367 1
2167 6147 1
2167 980 1
4530 4428 1
1121 4852 1
1121 4060 1
1121 2647 1
1000 2546 1
1000 6093 1
1000 5723 1
1000 3881 1
1000 2768 1
1000 4183 1
1000 3598 1
1000 4590 1
1000 5568 1
1000 344 1
1000 583 1
1000 5839 1
1000 2192 1
1000 3450 1
1000 2787 1
141 1900 1
141 5648 1
5216 4508 1
1705 834 1
1705 4373 1
1705 887 1
1705 460 1
1705 615 1
1705 1656 1
1705 365 1
1705 1247 1
1705 1646 1
1705 3311 1
84 3511 1
84 3012 1
84 5190 1
394 5173 1
394 467 1
394 939 1
394 3671 1
394 1509 1
1206 6160 1
3082 5646 1
3082 5330 1
3082 4390 1
3082 1413 1
3082 5433 1
3082 3952 1
3082 3215 1
3082 5765 1
3082 5100 1
3082 5643 1
847 4672 1
1327 522 1
1327 2037 1
1327 1402 1
4709 717 1
1995 4744 1
1995 1310 1
1995 2577 1
3286 2405 1
4372 954 1
4372 3875 1
3246 4098 1
1312 4574 1
1312 5022 1
1312 526 1
186 5861 1
186 5052 1
186 3819 1
1431 2782 1
1431 3517 1
1431 5470 1
1431 6119 1
1431 2380 1
1431 1248 1
1431 3818 1
1431 4653 1
1101 3171 1
1101 6201 1
5740 1436 1
5740 5393 1
5740 2469 1
5740 5035 1
5740 1527 1
5740 5335 1
5740 3420 1
1151 2141 1
6086 5556 1
771 5890 1
771 2470 1
2552 3753 1
5047 4707 1
5714 3606 1
5714 4728 1
5714 3255 1
5714 748 1
5714 5248 1
5714 2963 1
5714 3681 1
5714 1567 1
5714 6109 1
5714 4255 1
5714 1157 1
5423 3806 1
5423 1038 1
5423 5693 1
505 2059 1
4125 1609 1
4125 2637 1
4125 5962 1
4125 1947 1
4125 4031 1
4125 5080 1
4234 2412 1
1768 3596 1
1768 5756 1
1768 4544 1
1768 3719 1
5259 3091 1
4549 2560 1
4549 3210 1
4549 2382 1
4549 2400 1
4549 4534 1
580 6071 1
580 6040 1
580 5365 1
580 2096 1
580 2884 1
580 3549 1
580 5077 1
2354 4048 1
2354 1298 1
511 3801 1
511 4379 1
3673 901 1
3465 1634 1
3465 4137 1
2180 3837 1
5266 2319 1
5266 4583 1
5266 857 1
5266 3954 1
5266 1137 1
5266 247 1
5266 4927 1
5266 2214 1
5266 4568 1
5266 1299 1
5266 6018 1
5266 2494 1
5266 2937 1
5266 4346 1
5266 4979 1
5266 631 1
5266 4761 1
5266 2627 1
5266 2835 1
5266 4556 1
5266 2454 1
5266 869 1
5266 5036 1
5266 4888 1
5266 4663 1
5266 5126 1
5266 819 1
5266 348 1
5266 1272 1
5266 1573 1
5266 6277 1
5266 1195 1
5266 3892 1
5266 3227 1
5266 142 1
5266 3723 1
5266 3956 1
5266 5224 1
5266 4319 1
471 3807 1
471 894 1
471 1685 1
471 2972 1
471 1766 1
471 4789 1
471 2868 1
5850 5589 1
4399 1964 1
5108 188 1
4959 3051 1
3706 5685 1
3706 5788 1
3706 2077 1
3706 3618 1
3706 4486 1
3706 6132 1
3706 3643 1
5694 1605 1
2057 3694 1
2057 3033 1
2057 1572 1
2057 2127 1
2057 3743 1
2057 4163 1
2057 5017 1
2057 3677 1
2057 4124 1
2057 5168 1
2057 352 1
2057 2111 1
2057 2522 1
2057 2990 1
2057 2636 1
2057 1428 1
3470 5396 1
3470 3855 1
3470 6264 1
3470 5113 1
3470 529 1
3356 5775 1
4712 4271 1
4644 1528 1
4644 2756 1
4644 2953 1
4644 3727 1
4644 435 1
4644 4608 1
4342 479 1
4342 330 1
5218 197 1
1622 3642 1
4891 3296 1
2195 4065 1
2455 4000 1
2455 1579 1
2822 1450 1
2822 2201 1
1439 5370 1
5973 2873 1
5778 3637 1
1090 956 1
1090 3000 1
1090 804 1
1090 1072 1
1090 5787 1
5538 506 1
1139 2091 1
3022 2414 1
3022 4865 1
3022 2653 1
3022 4474 1
304 2416 1
304 3983 1
5719 504 1
5719 3369 1
5719 5280 1
5719 5291 1
5719 5083 1
5719 2535 1
5719 879 1
5719 174 1
5719 1805 1
6269 3794 1
2457 1153 1
1827 913 1
2810 1912 1
1205 3461 1
2389 1108 1
2389 2353 1
2389 3975 1
2389 5053 1
2389 5232 1
2389 3286 1
2389 1372 1
2389 5384 1
2389 2576 1
1619 3824 1
2554 5106 1
3646 2453 1
3646 603 1
3646 3631 1
3646 1661 1
3646 2379 1
3646 547 1
3646 896 1
3646 430 1
4386 2921 1
4386 4696 1
5651 4777 1
5918 404 1
6028 5836 1
6028 5524 1
6028 6011 1
6028 4973 1
6028 12 1
6028 695 1
4117 2679 1
4170 4903 1
2855 4991 1
2855 5431 1
224 1467 1
2518 1667 1
222 1740 1
5072 4734 1
2331 1052 1
4467 2492 1
2157 218 1
5980 5947 1
3672 2215 1
424 3750 1
424 5389 1
424 34 1
424 2002 1
424 4870 1
424 3483 1
424 1510 1
424 2815 1
3456 5663 1
5674 4407 1
5674 2799 1
438 5887 1
438 6057 1
438 4014 1
438 3397 1
438 3062 1
438 4713 1
438 4662 1
438 4435 1
438 3115 1
438 3023 1
438 3558 1
438 4005 1
5299 2975 1
2982 1769 1
2982 2135 1
556 2618 1
556 3077 1
556 1545 1
556 1347 1
556 3576 1
556 4502 1
556 2713 1
556 5754 1
556 4557 1
556 1833 1
556 1671 1
556 3589 1
556 106 1
556 965 1
556 5193 1
556 5037 1
6219 2048 1
6219 1663 1
6219 3494 1
4883 2145 1
4883 3453 1
4883 1167 1
4883 849 1
4725 511 1
3703 4454 1
3703 696 1
1871 3832 1
3636 5097 1
5713 1426 1
5713 6181 1
5713 5655 1
5713 3751 1
5713 622 1
5770 5746 1
5770 4120 1
5770 4503 1
5770 5317 1
1573 2950 1
1573 3160 1
1573 3231 1
1573 4332 1
1573 3584 1
1573 4809 1
1573 952 1
1573 1185 1
5490 3208 1
473 4679 1
473 4268 1
473 2309 1
473 667 1
473 3060 1
473 943 1
3693 4181 1
2222 4722 1
2222 292 1
2222 5404 1
2222 5716 1
2222 3384 1
2222 157 1
4659 4816 1
2123 2706 1
3244 5949 1
3244 3540 1
3244 1196 1
3244 3197 1
3244 1910 1
3244 2033 1
2943 4673 1
2943 3396 1
2943 4585 1
2943 6286 1
2943 3738 1
2943 4939 1
2943 3021 1
2943 4110 1
2943 2733 1
2943 2849 1
2943 2882 1
2943 176 1
2943 3143 1
2943 1655 1
2943 4575 1
2943 335 1
2943 1275 1
2943 5340 1
2943 3919 1
2943 4762 1
2943 67 1
2943 3434 1
2943 2596 1
2943 2913 1
2943 711 1
2943 5629 1
2943 2483 1
2943 4311 1
2943 2666 1
2943 107 1
2943 4830 1
2943 1523 1
2943 166 1
6138 2038 1
3824 2080 1
3824 1334 1
3824 4129 1
2288 1928 1
2288 4864 1
2288 1978 1
3368 581 1
2094 2296 1
2094 6007 1
2094 2762 1
2094 5536 1
5183 5422 1
5183 4116 1
5183 3 1
5183 1484 1
5183 5188 1
5183 2935 1
5183 3116 1
5183 4195 1
5183 371 1
5183 2796 1
5183 5039 1
5183 2168 1
5183 1281 1
5183 1588 1
5183 668 1
5183 5605 1
5183 874 1
5183 859 1
5183 444 1
5183 3438 1
5183 3900 1
5183 3566 1
5183 2011 1
5183 4911 1
5183 2578 1
5183 1246 1
5183 595 1
5183 1863 1
5183 6029 1
5183 4447 1
5183 2712 1
5183 1836 1
5183 4992 1
5183 1097 1
5183 3156 1
5183 3883 1
5183 5658 1
3531 1239 1
4483 1214 1
1351 2132 1
163 1502 1
163 1033 1
163 5088 1
163 1719 1
163 146 1
163 2490 1
163 2200 1
163 2728 1
3279 416 1
983 1837 1
983 895 1
983 2219 1
983 6079 1
983 2656 1
983 2968 1
983 5182 1
983 2166 1
983 3016 1
983 4892 1
983 5774 1
983 481 1
983 4527 1
983 4057 1
983 2553 1
983 785 1
983 3703 1
983 6149 1
983 1689 1
983 3994 1
983 4475 1
5287 525 1
1124 1506 1
1124 3343 1
1124 1267 1
6137 165 1
5318 1596 1
2730 5400 1
3972 4460 1
3972 1640 1
1392 2916 1
1392 1064 1
1392 6185 1
1392 2246 1
1392 1155 1
1392 3961 1
1392 989 1
1392 4016 1
3594 3831 1
3594 5485 1
3691 5638 1
3691 279 1
1700 6133 1
1189 2933 1
1189 3162 1
1189 1848 1
3530 912 1
3530 2242 1
3530 713 1
3530 5914 1
3530 4096 1
3530 4007 1
3530 673 1
3530 855 1
4224 4069 1
5743 6115 1
5743 5613 1
5743 574 1
5743 2655 1
5743 1732 1
5426 5376 1
5244 468 1
3378 4267 1
2686 742 1
2686 2137 1
2686 110 1
2686 5145 1
2686 2370 1
2686 1657 1
3774 2393 1
2831 3104 1
2831 4416 1
2831 1169 1
2831 1045 1
2831 1843 1
2831 5085 1
2831 1604 1
2831 423 1
2831 4179 1
2831 1315 1
2831 2352 1
2831 2016 1
2831 5656 1
2831 4194 1
2831 5019 1
2831 3686 1
2831 1130 1
2831 672 1
2831 4738 1
2831 1524 1
2831 1364 1
2831 947 1
2831 3804 1
2030 2793 1
3245 6078 1
3245 3921 1
3344 5678 1
3344 565 1
3785 2742 1
3785 5888 1
4476 3640 1
4476 4549 1
3970 4690 1
3970 1410 1
4495 3165 1
4495 5018 1
4495 2784 1
4495 2905 1
4495 3371 1
3932 3402 1
3932 5140 1
5265 5845 1
5265 830 1
2434 4773 1
5377 3608 1
54 6243 1
303 2293 1
2314 407 1
2314 315 1
2314 5529 1
2314 1346 1
2314 4058 1
2314 6272 1
5120 268 1
6207 5 1
1969 327 1
1969 576 1
1969 5033 1
3436 2848 1
3436 2716 1
3436 2708 1
3436 540 1
3436 5221 1
3436 4302 1
3436 4698 1
3436 4848 1
3436 4437 1
1149 2714 1
3135 906 1
3925 353 1
3925 2795 1
3925 6273 1
3925 1480 1
4983 1014 1
3046 1481 1
3046 730 1
3046 2601 1
3046 2025 1
3046 519 1
4692 5272 1
3052 5636 1
5267 6061 1
5267 4323 1
5267 2482 1
5267 2853 1
5267 875 1
5267 2804 1
5267 72 1
5267 5138 1
5267 482 1
5267 4300 1
5267 3042 1
5267 4025 1
5267 5011 1
6272 1324 1
2140 3669 1
2140 760 1
2140 4711 1
2140 2276 1
4987 6232 1
5934 5484 1
2311 310 1
633 5273 1
5799 1117 1
5622 412 1
5664 1898 1
5664 553 1
5664 5307 1
5952 6286 1
5952 3434 1
1266 1789 1
924 5213 1
924 5184 1
924 3447 1
924 3335 1
924 5196 1
924 6019 1
2638 1920 1
2310 1734 1
3168 3421 1
4087 275 1
4087 1112 1
4087 2045 1
4087 4945 1
4087 4970 1
4715 814 1
4715 1396 1
4715 3829 1
4715 4180 1
680 515 1
3867 3374 1
3867 4317 1
3867 3607 1
3867 2346 1
3867 453 1
3867 5199 1
3867 2609 1
3867 4883 1
3867 3025 1
3867 3822 1
3867 1647 1
3867 5903 1
6165 366 1
1756 6282 1
1756 5380 1
1756 1328 1
1756 2880 1
1756 4316 1
1756 1358 1
1756 2306 1
1756 5309 1
1756 575 1
1756 681 1
1756 1620 1
1756 5618 1
4723 3006 1
4723 1118 1
4723 5724 1
4723 3735 1
4723 6044 1
4723 4410 1
4723 4985 1
4723 4394 1
4723 1600 1
3145 3380 1
5720 2107 1
5720 2709 1
5720 4851 1
5720 977 1
5720 1956 1
5720 2516 1
5720 630 1
5720 5087 1
5720 3866 1
5720 3567 1
5720 64 1
5720 3127 1
5720 5492 1
5720 3568 1
2721 6183 1
2721 5488 1
2721 2238 1
2721 721 1
2721 2750 1
2721 3560 1
2721 1126 1
2721 4313 1
2721 4276 1
2721 131 1
2721 5407 1
4214 4068 1
106 3967 1
106 3020 1
106 4238 1
832 1395 1
832 3860 1
5320 914 1
2410 3721 1
2410 1431 1
2410 2477 1
4122 3299 1
6194 5884 1
6194 3633 1
6052 5892 1
4524 4423 1
3121 1492 1
3121 3146 1
3121 4242 1
3121 4139 1
3004 1261 1
3861 4419 1
3861 446 1
3861 4586 1
3861 4404 1
4056 5304 1
4056 207 1
4056 2398 1
4056 2449 1
5744 3756 1
829 6287 1
3857 3043 1
3857 3733 1
1887 382 1
1887 4493 1
6001 4487 1
6001 3512 1
6001 3352 1
6001 2780 1
5507 4758 1
3901 398 1
578 701 1
2212 2485 1
3350 2082 1
3350 2587 1
3350 925 1
3350 2683 1
3239 764 1
4073 694 1
5413 2124 1
4174 6135 1
6075 4392 1
1821 1703 1
1821 2176 1
1821 2442 1
4698 4814 1
4698 1500 1
4831 1277 1
4831 1903 1
4831 2356 1
4831 4786 1
4831 1193 1
4831 6196 1
4831 5015 1
4831 3986 1
6009 308 1
6009 3278 1
6009 3341 1
883 5292 1
1804 905 1
1804 898 1
1804 3017 1
1804 6145 1
1804 1818 1
1804 1301 1
1804 6127 1
4977 6023 1
3464 2350 1
4118 2181 1
2108 6013 1
5508 3544 1
520 2684 1
520 5323 1
520 6063 1
520 2928 1
520 175 1
4235 3609 1
5654 3739 1
5654 5005 1
605 4975 1
605 1844 1
605 5427 1
605 5171 1
605 3034 1
605 4236 1
605 3955 1
605 3880 1
605 378 1
605 1010 1
605 3094 1
605 364 1
605 4055 1
605 4197 1
605 5191 1
605 3019 1
1803 2646 1
2649 2301 1
5578 4176 1
5578 2518 1
4285 5820 1
4285 1194 1
4285 1115 1
4285 6107 1
2876 518 1
74 3579 1
2584 671 1
2584 434 1
1647 1564 1
4102 5543 1
4102 3879 1
4102 3189 1
4102 3781 1
4102 5212 1
4102 5166 1
4102 3550 1
4102 1581 1
4102 1710 1
4102 1081 1
4102 1343 1
4102 213 1
4102 2032 1
4102 5971 1
4102 5617 1
4102 2788 1
801 454 1
2357 5528 1
2357 1866 1
2357 1966 1
2357 1597 1
2357 1179 1
2357 3441 1
2357 4038 1
2357 5405 1
2357 4424 1
2357 5414 1
2357 462 1
2357 6161 1
2357 4582 1
2357 4620 1
2357 3786 1
2357 4612 1
2357 143 1
2357 1551 1
2357 2912 1
3229 3091 1
2105 428 1
2105 3680 1
2105 2644 1
2105 897 1
2105 2337 1
2105 2837 1
2105 21 1
2105 4395 1
2105 441 1
2105 4111 1
2105 4290 1
2105 5186 1
2105 1730 1
2105 4894 1
5672 4131 1
3164 5301 1
3063 1215 1
3063 5192 1
3063 1796 1
3063 6213 1
3063 2841 1
3063 3417 1
3063 4704 1
3063 1011 1
5384 6114 1
5384 5977 1
5384 2623 1
5384 2956 1
5384 5891 1
5384 1954 1
2877 2976 1
2877 4614 1
2877 4940 1
3602 3102 1
349 982 1
5360 5409 1
5360 4412 1
5360 3268 1
5360 5199 1
5360 6163 1
1750 2072 1
1750 273 1
1750 3971 1
1750 1313 1
1750 3366 1
1750 961 1
1750 40 1
1750 3378 1
1750 4450 1
1750 3038 1
2862 5308 1
2862 2854 1
2862 2148 1
2862 4213 1
2862 1105 1
645 1860 1
645 451 1
645 1099 1
4776 1356 1
4776 734 1
4776 182 1
670 3211 1
2243 2611 1
716 4310 1
716 5044 1
716 4469 1
716 6151 1
716 3799 1
716 2413 1
716 167 1
716 4801 1
716 1934 1
2951 5486 1
2951 5239 1
2951 2517 1
786 929 1
786 2052 1
786 49 1
786 5635 1
786 4171 1
786 5437 1
786 2433 1
786 1868 1
3538 517 1
3538 3024 1
1819 3117 1
1819 3793 1
1819 1445 1
1819 2743 1
1819 1468 1
1819 5115 1
1819 2807 1
1819 1558 1
2932 2297 1
2932 5208 1
2932 2191 1
340 2247 1
5552 163 1
5552 1806 1
4388 2427 1
4789 5420 1
4789 4922 1
4789 6175 1
2292 1300 1
2292 5755 1
2292 4904 1
2292 1367 1
2292 3487 1
2292 5869 1
2292 1443 1
2292 5539 1
2292 6099 1
2292 3864 1
5919 3977 1
5919 3419 1
2726 13 1
2726 987 1
2576 1496 1
2576 4629 1
3723 4160 1
391 3078 1
391 5123 1
3945 3889 1
3945 63 1
3945 5855 1
3945 3269 1
763 3724 1
1571 5268 1
1571 5483 1
1571 4796 1
1571 2473 1
1571 2634 1
1571 2945 1
1571 5612 1
1571 509 1
1571 339 1
1571 4400 1
1571 1146 1
1571 1517 1
1571 2547 1
1571 3036 1
188 4383 1
188 1345 1
188 1192 1
188 596 1
188 2287 1
188 715 1
188 4841 1
188 6233 1
188 2221 1
188 358 1
188 3057 1
844 1350 1
2074 5946 1
2074 3858 1
2074 3178 1
2074 23 1
2074 2458 1
2074 3095 1
3525 5324 1
3525 1707 1
3525 1850 1
4631 5146 1
5856 5645 1
5856 1930 1
5856 2843 1
5856 588 1
5856 1191 1
5856 6010 1
1996 4020 1
1563 6037 1
1563 24 1
1563 4279 1
1563 5726 1
1563 3995 1
1563 3126 1
1563 1182 1
1563 3762 1
1563 5513 1
1563 4718 1
1563 6192 1
1563 4017 1
1563 2894 1
1563 593 1
1563 3571 1
1563 5838 1
1563 5050 1
1563 3245 1
1563 5480 1
1563 4343 1
1563 1821 1
1563 3665 1
1563 3093 1
1563 5234 1
1563 3615 1
1563 3850 1
1563 1360 1
1209 5385 1
5741 1920 1
4699 399 1
3956 4963 1
3956 3141 1
3956 2088 1
3956 6050 1
3956 4177 1
3956 3491 1
3956 198 1
3956 4792 1
3956 2556 1
3956 4624 1
3956 3963 1
3956 4364 1
4359 752 1
4359 2487 1
4359 4730 1
3887 4886 1
3887 5772 1
3887 109 1
3887 5121 1
3887 5858 1
3887 2312 1
3887 170 1
3887 1187 1
3887 4521 1
3887 5174 1
3887 6189 1
3887 674 1
3887 5475 1
3887 3503 1
3887 3720 1
3748 4831 1
1466 4417 1
1466 662 1
1466 2652 1
1466 4745 1
1466 5691 1
3459 6159 1
3459 5339 1
3459 75 1
3459 2470 1
1628 3539 1
2069 4192 1
2069 4646 1
2069 4986 1
2069 4819 1
2069 1377 1
2069 5242 1
4403 6143 1
4403 5031 1
4403 4807 1
4403 5634 1
4403 5813 1
4403 3655 1
4403 309 1
4403 4952 1
4403 2829 1
4403 654 1
4403 6275 1
4403 6146 1
4403 5535 1
4403 1923 1
4403 5982 1
4403 1548 1
4403 3084 1
1463 1711 1
5254 5416 1
3851 2086 1
3851 3782 1
2102 293 1
5542 6142 1
1945 91 1
1945 5705 1
1945 2318 1
1945 2820 1
1945 2081 1
1945 3773 1
1945 4933 1
1945 5195 1
1945 4075 1
1945 3999 1
1945 1566 1
1945 4671 1
1945 1089 1
1945 4919 1
1945 772 1
1945 850 1
902 4576 1
2620 2515 1
2620 406 1
2620 4004 1
2620 2938 1
2620 3592 1
4542 5792 1
4030 4063 1
4030 44 1
5630 6156 1
5630 4746 1
5630 665 1
5630 1376 1
5630 1851 1
5630 3110 1
5630 2851 1
5630 617 1
5630 3079 1
5630 645 1
5630 3509 1
5630 3572 1
150 4507 1
174 2039 1
174 5128 1
174 2651 1
174 6054 1
174 282 1
174 5842 1
174 6096 1
174 3242 1
174 2377 1
5725 4622 1
1434 5452 1
1434 4961 1
1434 5801 1
1434 4697 1
1434 3067 1
1434 2944 1
1434 5180 1
1434 1799 1
1434 6274 1
1434 4140 1
1434 6262 1
1434 2649 1
1434 3011 1
1434 3416 1
1434 4223 1
4784 6220 1
3176 2914 1
2934 4676 1
2934 4538 1
2934 4099 1
2934 2054 1
2934 1813 1
2934 1065 1
2934 2499 1
2934 5010 1
148 2649 1
2555 1852 1
2555 5997 1
2555 1338 1
2555 1678 1
2555 845 1
2555 1988 1
2555 2465 1
2555 5165 1
2555 3532 1
2555 278 1
870 4000 1
5805 917 1
5805 3745 1
5805 4791 1
5805 3444 1
3310 1733 1
5257 271 1
5257 2069 1
4587 1508 1
4642 3612 1
5534 3288 1
4860 4580 1
4860 2394 1
4860 1785 1
4860 1817 1
3989 5959 1
3989 6035 1
3989 3716 1
3989 1321 1
3989 4429 1
3989 4218 1
3989 1952 1
6128 1554 1
5114 5803 1
5114 2682 1
5114 6155 1
5114 3055 1
5114 5609 1
5114 5599 1
5114 2092 1
5114 2164 1
5114 3452 1
5114 4215 1
4182 4231 1
4182 1458 1
4545 1980 1
4113 2258 1
4113 1077 1
4113 2179 1
4113 2459 1
4848 3144 1
4848 4256 1
4848 4351 1
4848 4523 1
4848 3406 1
4848 2376 1
4848 5731 1
4848 483 1
4848 2931 1
4848 1354 1
4848 1932 1
4848 2307 1
4848 418 1
4848 2270 1
4848 4981 1
4848 160 1
4848 5688 1
4848 765 1
4848 851 1
4848 649 1
4848 6284 1
4848 1606 1
4848 2604 1
1752 5585 1
1752 3476 1
1752 2545 1
1752 5627 1
1752 1522 1
5616 4551 1
5616 5695 1
5616 2497 1
5616 3923 1
5616 4955 1
4137 1662 1
1489 61 1
3615 5787 1
3209 3947 1
79 5674 1
1251 4822 1
1251 5312 1
1251 5406 1
1251 1592 1
1251 856 1
1251 5065 1
1251 5909 1
1251 4378 1
3850 2771 1
3850 2190 1
3850 3322 1
2991 6210 1
1723 5262 1
4282 2150 1
4282 1058 1
4282 5779 1
4282 5181 1
4282 6168 1
4282 5534 1
4282 1861 1
5984 5303 1
5071 1883 1
5071 5768 1
5071 1664 1
5071 4250 1
5071 1218 1
5071 2529 1
5071 2101 1
5071 3147 1
5071 2923 1
5071 5677 1
5071 5712 1
5071 1046 1
5071 4678 1
5071 1229 1
5071 4398 1
5071 2846 1
5071 2532 1
5071 5860 1
5071 3708 1
5436 867 1
5974 2757 1
5224 3759 1
5224 1244 1
5224 4600 1
5224 5441 1
5224 2672 1
5224 3056 1
5224 6087 1
313 5933 1
313 214 1
313 4173 1
313 3274 1
313 2619 1
313 4018 1
313 732 1
313 3854 1
313 2464 1
313 5935 1
313 1464 1
313 3962 1
313 2525 1
313 2057 1
313 4644 1
313 3754 1
313 149 1
313 3920 1
313 3887 1
313 5288 1
1820 1839 1
2867 442 1
3489 5465 1
3489 3780 1
3489 3927 1
3489 443 1
3489 2323 1
3489 4529 1
2966 4172 1
2966 5928 1
2966 1226 1
2966 3918 1
2966 1869 1
2966 4335 1
5104 4101 1
4414 5479 1
4414 650 1
4414 2007 1
4414 5773 1
4414 3212 1
4414 1991 1
4414 5583 1
4414 6024 1
4414 634 1
4414 607 1
4414 2642 1
4414 2531 1
4414 2240 1
4414 2617 1
4414 104 1
4414 585 1
5976 5664 1
4437 3882 1
4437 5632 1
4437 527 1
4437 2474 1
940 4539 1
940 2286 1
940 6144 1
5388 3431 1
5388 2369 1
2901 3603 1
1494 4921 1
1494 1575 1
1222 4788 1
1222 1589 1
1222 2845 1
1222 5347 1
1222 4731 1
1222 4105 1
1222 4441 1
1222 6011 1
1222 152 1
935 2268 1
935 4488 1
935 5510 1
3752 2202 1
3752 5025 1
3752 4320 1
3752 3547 1
1877 5211 1
1877 4918 1
1877 3334 1
6116 1925 1
6116 1178 1
3513 5352 1
3359 4282 1
6048 552 1
4066 4161 1
5103 3292 1
5103 6000 1
5103 3003 1
928 2206 1
928 4164 1
928 4496 1
204 2062 1
3782 1268 1
3782 2093 1
3782 4811 1
2828 613 1
165 184 1
165 1401 1
165 4717 1
165 2384 1
165 1305 1
165 3541 1
165 487 1
165 644 1
165 2112 1
165 6216 1
751 6105 1
751 6123 1
751 1569 1
751 1127 1
647 486 1
5939 4834 1
5939 1763 1
5939 768 1
1062 1638 1
1682 3938 1
885 2700 1
777 192 1
777 2183 1
777 976 1
102 2753 1
102 3432 1
275 2367 1
1633 3399 1
1633 4561 1
1633 550 1
1633 2277 1
1633 5986 1
1633 27 1
1633 1055 1
1633 5878 1
1599 3118 1
2899 3787 1
2319 2514 1
403 5894 1
3189 3081 1
24 1440 1
5252 5432 1
4583 3142 1
4583 5009 1
4583 3874 1
5625 4681 1
5625 38 1
5625 1779 1
5625 1211 1
5625 6062 1
5625 99 1
2597 4272 1
5912 4453 1
5912 4774 1
1837 4920 1
1837 726 1
1837 1253 1
1837 80 1
1837 1424 1
1837 1319 1
1837 3813 1
1837 56 1
1837 4589 1
1837 55 1
3807 5555 1
3807 3096 1
3807 5619 1
3807 4012 1
5735 1482 1
5735 6047 1
5735 1931 1
5735 864 1
5735 4925 1
5735 28 1
5745 3915 1
1295 5311 1
5746 1054 1
5746 3373 1
5746 1282 1
5746 95 1
5746 1499 1
790 2324 1
790 5045 1
790 4632 1
790 6248 1
3913 1399 1
5410 3815 1
5410 5457 1
5410 4656 1
5410 2478 1
5410 1379 1
1197 2044 1
1197 3957 1
5235 6026 1
5235 5834 1
5235 2659 1
5235 3675 1
5235 3272 1
5235 4473 1
5235 5989 1
5235 973 1
5235 1550 1
5235 5917 1
3474 1503 1
3474 5297 1
3474 3775 1
3474 2282 1
3474 1437 1
3612 6112 1
3612 5008 1
6061 4681 1
1475 2832 1
1475 4510 1
4250 3426 1
4733 1243 1
4733 5056 1
1322 2252 1
3852 5915 1
3852 4348 1
3852 1286 1
2160 2440 1
4588 65 1
2695 1393 1
2695 113 1
2695 3771 1
2695 5494 1
2695 1835 1
2695 5904 1
2695 4928 1
2695 326 1
2695 220 1
2695 2177 1
2695 5628 1
2695 5895 1
2220 5968 1
2220 780 1
2220 4275 1
2220 5421 1
2220 2811 1
2220 703 1
2220 5281 1
2220 4328 1
4828 469 1
4828 1448 1
4828 6257 1
4828 1973 1
4828 5361 1
4828 5573 1
4828 2892 1
3485 4943 1
4900 2441 1
2611 3657 1
5885 1190 1
5885 4532 1
5885 5837 1
5885 1173 1
571 639 1
4669 183 1
3763 4444 1
613 4623 1
1311 4221 1
1311 4875 1
1311 5016 1
1311 1684 1
4100 2863 1
4100 1285 1
968 6103 1
968 1325 1
968 5471 1
968 4701 1
968 4573 1
3846 1444 1
3846 1136 1
247 5905 1
247 2420 1
1942 2044 1
1942 1495 1
3008 973 1
3008 2419 1
3008 2889 1
3008 599 1
3043 3353 1
2986 5201 1
2986 501 1
2986 2267 1
2986 3844 1
1042 5107 1
3325 705 1
3325 1188 1
3325 387 1
800 1696 1
800 1289 1
800 4710 1
5178 3896 1
5178 656 1
5178 993 1
5178 2273 1
5178 33 1
4568 2832 1
4568 4138 1
4568 3715 1
4568 994 1
4568 4151 1
4568 3112 1
2724 5804 1
2724 863 1
2724 436 1
2724 749 1
1708 2116 1
1708 2355 1
1708 5943 1
1708 6281 1
1708 4032 1
1708 3933 1
1708 4106 1
1708 3903 1
4186 5676 1
5132 1163 1
4241 3747 1
4241 737 1
4241 784 1
4241 1361 1
4241 534 1
4018 2572 1
4018 5491 1
4018 5415 1
4018 230 1
4018 3136 1
4018 4345 1
4018 2786 1
4018 4628 1
1021 6193 1
1021 5152 1
4493 1103 1
4493 1886 1
4493 1531 1
4493 877 1
1091 1320 1
3740 5692 1
1924 3306 1
1315 3929 1
3728 4736 1
3728 5639 1
3728 1643 1
5529 5986 1
2439 181 1
3878 861 1
3878 1454 1
3878 3037 1
3878 4380 1
3878 1221 1
3878 5893 1
3878 3149 1
3878 1985 1
3878 888 1
3878 2146 1
3137 2924 1
1014 2959 1
1014 4329 1
1014 2946 1
2027 4748 1
732 860 1
5527 1067 1
5308 4751 1
5712 1555 1
4346 614 1
4239 1884 1
4239 3295 1
2013 5285 1
2615 4820 1
686 3409 1
254 129 1
254 5276 1
3917 4935 1
367 1917 1
3576 5886 1
3762 2291 1
3762 39 1
3762 2852 1
3762 2329 1
3762 4269 1
2468 6111 1
2468 2315 1
2468 361 1
1353 3906 1
1353 1989 1
1353 4651 1
2262 932 1
2262 4158 1
500 840 1
500 3904 1
500 81 1
500 3789 1
500 4153 1
5621 1264 1
914 4052 1
914 3890 1
914 3314 1
914 1007 1
623 1595 1
1789 722 1
5280 121 1
3911 2347 1
3721 1962 1
3721 381 1
4401 6136 1
4761 413 1
4761 775 1
4761 5062 1
4761 302 1
4761 4525 1
4322 6247 1
4322 1013 1
2627 3645 1
2517 3578 1
6013 2498 1
6013 5398 1
6013 2217 1
6013 1181 1
196 17 1
1912 2044 1
1912 4677 1
1912 5463 1
1912 3309 1
1912 2064 1
1912 3644 1
1912 1180 1
4114 2585 1
4397 245 1
4990 1005 1
4990 3403 1
4990 4109 1
4990 6214 1
4990 5095 1
4990 4618 1
4990 2484 1
4990 3413 1
4990 3005 1
4990 5936 1
2279 3626 1
1979 3718 1
967 290 1
4887 5482 1
1925 978 1
4596 1644 1
4596 6241 1
4596 5054 1
4902 4178 1
4902 60 1
4902 4303 1
4902 6184 1
4902 5679 1
4902 6021 1
3443 284 1
3443 1417 1
3443 6125 1
3443 1747 1
3443 2188 1
3443 2893 1
3443 1471 1
3443 3319 1
3443 288 1
3443 5274 1
3443 3240 1
3443 1457 1
3443 3542 1
3443 5313 1
3443 1885 1
3443 3480 1
4353 4926 1
426 5059 1
426 4650 1
426 114 1
678 4225 1
678 2121 1
678 4251 1
678 4785 1
678 2391 1
678 2521 1
678 5818 1
678 6 1
2274 1550 1
2274 1518 1
2274 1610 1
2717 2866 1
2717 1394 1
2717 2858 1
2717 5119 1
2717 921 1
1343 3563 1
1414 4199 1
1414 1403 1
1414 2501 1
1414 1374 1
1414 333 1
1414 523 1
1414 199 1
1414 2878 1
1414 3960 1
1414 3362 1
1414 2563 1
1414 3357 1
1414 1006 1
3425 3704 1
69 1965 1
2466 4560 1
2466 4813 1
4492 5957 1
213 4227 1
213 1329 1
5931 6231 1
5931 945 1
5430 5040 1
827 2697 1
4428 4949 1
452 3661 1
452 3125 1
5459 6077 1
5459 1585 1
5459 457 1
5459 258 1
2454 5344 1
2454 6198 1
5583 1873 1
5583 1491 1
4053 3825 1
4053 1791 1
4147 3074 1
389 425 1
389 3070 1
389 4078 1
2600 5369 1
2600 3228 1
2600 1212 1
2600 2142 1
2600 3026 1
1540 1398 1
3837 1154 1
3837 3414 1
3837 3502 1
3837 5342 1
3837 1290 1
6202 3280 1
2596 3764 1
6225 1008 1
2 1786 1
627 3190 1
4637 853 1
4637 135 1
2275 195 1
5036 2387 1
1953 4464 1
1953 5833 1
1953 5516 1
1953 5594 1
1953 1365 1
1953 1158 1
1953 5640 1
1953 1086 1
1953 1066 1
675 2421 1
675 793 1
675 5826 1
675 4716 1
675 3113 1
675 3695 1
675 3826 1
675 948 1
675 5177 1
5971 3193 1
5971 4448 1
5971 3181 1
5970 3158 1
5970 1562 1
5970 1332 1
3481 6174 1
3962 2026 1
3962 3313 1
3962 3521 1
3962 508 1
3962 1514 1
3962 854 1
3962 1429 1
3962 5872 1
3962 5806 1
3962 4389 1
4115 4336 1
806 6224 1
3589 838 1
4042 4143 1
4042 960 1
3935 996 1
1000 5233 1
1000 1908 1
1705 5790 1
1705 1459 1
394 1834 1
394 1059 1
1431 4552 1
1431 4905 1
1431 3628 1
1431 536 1
5740 3130 1
5740 4595 1
5740 2300 1
5714 2197 1
5714 3573 1
5714 4451 1
5714 2830 1
580 2130 1
580 492 1
5266 2361 1
5266 3910 1
5266 159 1
5266 1901 1
5266 203 1
5266 5530 1
5266 5041 1
5266 2922 1
5266 5026 1
5266 6049 1
2057 4617 1
2057 5341 1
4644 41 1
4644 773 1
4644 3155 1
4644 4794 1
4644 1801 1
4644 3897 1
5007 4920 1
2389 4339 1
2389 6162 1
2389 3446 1
3646 6223 1
6028 4960 1
6028 4625 1
6028 3534 1
6028 1721 1
4170 791 1
3431 600 1
424 5478 1
424 2404 1
424 2926 1
424 868 1
438 3904 1
438 323 1
556 1742 1
556 4494 1
556 5187 1
6219 2626 1
2943 1411 1
2943 2814 1
2943 3172 1
2943 3683 1
3824 5897 1
2288 3073 1
5183 3261 1
5183 3105 1
5183 5835 1
5183 2408 1
5183 746 1
5183 2703 1
5183 6036 1
5183 5460 1
5183 2736 1
5183 1933 1
5183 2581 1
5183 3382 1
5183 5747 1
5183 803 1
5183 3108 1
5183 5739 1
163 494 1
163 4857 1
163 5075 1
983 4132 1
1124 5462 1
3530 4291 1
5743 1651 1
2831 5142 1
2831 151 1
2831 903 1
112 3439 1
3245 4884 1
5265 4200 1
2434 3058 1
6207 3054 1
6207 5362 1
6207 1111 1
1969 2237 1
4055 1538 1
5267 178 1
6272 3988 1
5348 6051 1
5952 2158 1
5952 1449 1
5952 1840 1
5952 1635 1
924 5721 1
924 1715 1
4715 1875 1
3867 4248 1
3867 2833 1
3867 4565 1
1756 4994 1
5720 5487 1
5720 4982 1
5720 3784 1
5720 5734 1
5720 4850 1
5720 3440 1
5720 3856 1
5720 4739 1
4056 1787 1
1821 4958 1
4831 1049 1
4831 769 1
4831 458 1
6009 877 1
6009 3916 1
1804 6108 1
605 4785 1
605 4729 1
3242 4092 1
4285 2643 1
4102 408 1
4102 3548 1
2357 1944 1
2357 4413 1
2357 6293 1
2357 347 1
2357 5502 1
3085 359 1
3085 3410 1
3085 2245 1
3085 4377 1
4840 1198 1
236 5261 1
4789 6250 1
4789 2403 1
4789 1210 1
5438 579 1
2576 2602 1
2576 5264 1
2576 3993 1
5193 794 1
5193 6056 1
1571 4511 1
1571 5137 1
1571 3515 1
188 953 1
188 2964 1
6243 761 1
6243 5633 1
1563 835 1
1563 6200 1
1563 1490 1
1563 2437 1
1563 5271 1
1563 1800 1
1563 4362 1
1563 4446 1
1563 3593 1
1563 4526 1
3664 5109 1
2665 2061 1
3956 3353 1
3956 5167 1
3956 922 1
3956 2874 1
3887 1278 1
3887 2847 1
3887 3266 1
4403 5880 1
4403 1940 1
4403 5455 1
4403 2558 1
4403 4002 1
2974 4618 1
1945 2678 1
2620 3518 1
2620 6170 1
1878 687 1
5630 1051 1
5630 1386 1
1434 2770 1
1434 6291 1
1434 1423 1
5493 2257 1
5805 5505 1
3989 1765 1
5114 6014 1
4848 1134 1
4848 712 1
5071 350 1
5071 4802 1
5071 1432 1
5071 4680 1
5071 2196 1
5071 2251 1
313 2752 1
313 2865 1
313 629 1
313 4520 1
313 6212 1
313 3755 1
313 3582 1
2491 4146 1
2491 4781 1
2491 5748 1
2491 4079 1
2491 709 1
2491 5382 1
2491 5624 1
841 5540 1
3489 3068 1
4414 1751 1
4414 2658 1
4414 1890 1
4437 546 1
940 2234 1
1222 3083 1
1222 1828 1
1222 59 1
1222 5985 1
5390 158 1
992 3378 1
5601 4191 1
5601 2010 1
5601 1311 1
2036 4913 1
2502 2396 1
2502 2872 1
2502 4370 1
1649 4305 1
1649 3301 1
5245 2747 1
5245 5720 1
2509 6048 1
1383 4401 1
1383 5931 1
1383 3082 1
1383 5630 1
642 4445 1
3475 5793 1
3475 200 1
480 389 1
1648 4533 1
815 1145 1
815 3049 1
815 1003 1
815 4969 1
3585 4687 1
3944 4954 1
3944 5430 1
5816 1197 1
1213 3131 1
3939 206 1
4232 1295 1
2860 580 1
2363 2343 1
1529 62 1
1529 4108 1
6235 623 1
6197 790 1
6197 2173 1
6197 1804 1
3248 5988 1
3248 3010 1
3248 4042 1
5425 1698 1
5932 5939 1
5521 1924 1
5521 3867 1
2645 3739 1
6080 3725 1
3505 1905 1
4548 1682 1
535 257 1
1165 4287 1
1165 3315 1
2386 4522 1
1020 2774 1
1020 904 1
1020 1650 1
1020 1017 1
1020 3710 1
4899 5840 1
4049 2639 1
2199 729 1
3805 304 1
4645 3184 1
1265 5170 1
2264 1446 1
5797 3553 1
2745 4326 1
2745 3046 1
4431 4126 1
4593 5548 1
2198 539 1
2948 1614 1
2289 3796 1
5509 2172 1
5854 2090 1
5854 2368 1
2839 3506 1
4804 1422 1
5124 5289 1
5124 6217 1
2606 4359 1
2707 3246 1
265 241 1
811 4466 1
6247 5827 1
608 5867 1
3767 5029 1
6265 645 1
5558 1381 1
5443 3836 1
2147 909 1
5703 4403 1
1283 1756 1
4871 678 1
4871 5007 1
4846 6280 1
4846 1166 1
4849 3913 1
4849 5671 1
3535 5727 1
6110 1414 1
5798 3846 1
2009 2389 1
6034 806 1
205 4615 1
2957 2720 1
4050 4669 1
1587 4037 1
374 433 1
727 971 1
5253 4087 1
3949 963 1
4154 1654 1
5476 3519 1
5615 249 1
2997 2670 1
380 5314 1
1516 3347 1
3554 69 1
3937 5819 1
966 1889 1
3604 310 1
58 5440 1
4702 3185 1
4478 5266 1
4666 2160 1
1676 1455 1
1727 5349 1
5322 1057 1
5322 4147 1
4304 1806 1
4998 498 1
334 1759 1
2021 4157 1
3998 2726 1
3393 6025 1
4674 800 1
4766 5091 1
1913 5143 1
3385 2290 1
3385 162 1
5945 675 1
2426 2456 1
2426 1946 1
3776 4089 1
757 2027 1
3391 1953 1
2153 3355 1
4062 4880 1
545 6116 1
1519 2220 1
5602 2086 1
3389 3687 1
1580 520 1
5141 1708 1
5549 5881 1
1782 3218 1
999 3794 1
2385 1476 1
4636 152 1
1739 3512 1
1152 3911 1
1308 5267 1
3345 3299 1
731 4349 1
532 1780 1
532 2724 1
532 2357 1
3666 4609 1
1731 313 1
1744 2986 1
289 699 1
5118 4217 1
6082 6027 1
2885 4516 1
2042 6211 1
564 5468 1
4093 2468 1
3114 5735 1
824 5574 1
4719 5020 1
1841 1768 1
5098 3492 1
1104 4791 1
464 426 1
2227 3588 1
2227 1144 1
1472 1571 1
886 5451 1
1404 5591 1
2392 1466 1
2392 3489 1
591 1132 1
415 215 1
3731 89 1
2050 431 1
4167 4354 1
4402 202 1
1513 968 1
2840 3462 1
5707 2943 1
5707 5952 1
3364 5668 1
4489 2475 1
5275 4100 1
250 4490 1
5428 1816 1
5863 4233 1
4130 4241 1
2660 3137 1
3698 3258 1
2808 1726 1
3179 2383 1
2431 6261 1
2562 3047 1
5682 1314 1
1288 808 1
4203 5410 1
6129 1616 1
602 4700 1
676 2640 1
3449 391 1
4355 3433 1
4009 5214 1
1811 1056 1
2908 4043 1
227 2051 1
2512 2051 1
6005 1770 1
4626 4284 1
5358 5504 1
5730 5488 1
2325 269 1
1888 2864 1
3623 5081 1
2505 3053 1
5924 254 1
5924 5911 1
5924 2721 1
5736 1488 1
5736 5704 1
5736 1750 1
5472 3443 1
884 1159 1
3214 2089 1
3569 3997 1
77 3842 1
5757 1227 1
3769 2003 1
944 3537 1
3170 3425 1
611 556 1
1943 625 1
4263 4900 1
955 4228 1
955 2777 1
6039 5743 1
5815 3367 1
1202 6106 1
3528 1767 1
2443 3048 1
1659 1629 1
185 4353 1
6227 4723 1
2694 2415 1
1316 4779 1
1935 3041 1
858 1641 1
1110 2632 1
3833 1223 1
2911 957 1
319 280 1
3230 417 1
3265 2105 1
5210 1301 1
3546 4924 1
2906 1124 1
791 4570 1
791 5514 1
4862 4741 1
5680 5956 1
98 3129 1
2078 2543 1
4371 2857 1
1958 5592 1
4501 4512 1
5964 1019 1
2622 3863 1
4198 988 1
5315 51 1
958 102 1
6073 3878 1
306 3861 1
6169 2816 1
4839 461 1
4839 4095 1
3106 1252 1
774 4239 1
609 5700 1
5598 627 1
1303 4470 1
1603 605 1
1128 1390 1
96 2555 1
2583 4761 1
5951 4455 1
4824 4434 1
169 1784 1
336 5408 1
4771 3085 1
4869 6094 1
29 3759 1
2397 3225 1
3493 592 1
651 5280 1
4033 795 1
3411 4119 1
3235 5864 1
2631 3448 1
1069 5625 1
1951 4855 1
2818 5071 1
4976 342 1
3795 6289 1
6098 3728 1
4054 4542 1
5883 2548 1
4518 505 1
1781 2139 1
3685 3945 1
3001 2005 1
1737 223 1
2446 470 1
5319 554 1
3591 3810 1
3122 4977 1
5708 2701 1
5353 4322 1
1630 1083 1
5777 1507 1
4817 2353 1
4088 571 1
2159 2982 1
3647 3702 1
5372 5937 1
779 2934 1
513 2940 1
4189 4414 1
2761 4393 1
6092 2030 1
2542 4795 1
1302 4013 1
3674 979 1
478 3008 1
5444 5752 1
2760 5042 1
2663 786 1
5969 4648 1
6266 1984 1
4914 2402 1
5429 1475 1
2641 1497 1
338 5570 1
3692 2917 1
5111 1602 1
32 789 1
5090 1705 1
5537 6219 1
3797 1815 1
1557 3173 1
1987 5845 1
1687 1434 1
4962 8 1
5258 3557 1
2773 455 1
1950 1845 1
2236 4806 1
1880 3779 1
5375 5063 1
1658 3485 1
1658 6267 1
984 1024 1
934 653 1
3498 4170 1
3619 3770 1
4240 4242 1
3303 3721 1
4376 2294 1
411 2695 1
4877 720 1
1764 4283 1
1030 991 1
2228 1162 1
766 5796 1
1921 3664 1
6245 2094 1
6228 5183 1
3320 1878 1
1948 424 1
1235 1563 1
5067 4786 1
1370 3066 1
1874 2855 1
2883 4301 1
3259 4577 1
4929 2079 1
147 403 1
3783 5673 1
5417 5459 1
4633 4201 1
2235 4297 1
3635 1378 1
1846 1945 1
2241 1819 1
2117 3133 1
5076 2262 1
4253 2677 1
1031 2971 1
2106 5560 1
5776 3909 1
6190 3562 1
