2496 541 1
3826 2726 1
5224 22 1
4985 3229 1
4985 2842 1
4985 300 1
4985 2232 1
149 1820 1
149 1709 1
149 2946 1
149 4081 1
149 1834 1
149 2887 1
149 4464 1
149 3610 1
149 6037 1
4984 1666 1
5415 4149 1
3096 5010 1
3096 1095 1
3096 2329 1
3096 1850 1
3096 3527 1
3096 599 1
3096 5797 1
3096 4004 1
3096 3384 1
5446 6086 1
3368 1455 1
2340 1804 1
331 6024 1
2196 940 1
3863 5248 1
5991 3760 1
5991 3369 1
2957 5119 1
2957 2174 1
5337 576 1
3406 293 1
1758 451 1
980 2494 1
3224 2589 1
4290 3168 1
4290 4273 1
4290 5026 1
4290 3338 1
4290 427 1
4290 889 1
3363 6160 1
3363 553 1
3363 1603 1
3363 1599 1
3363 3963 1
3363 299 1
3363 5316 1
3363 2084 1
3363 2910 1
3363 1085 1
368 1796 1
3922 1697 1
4501 1858 1
4501 4338 1
4501 4677 1
3918 4868 1
6126 5448 1
755 3103 1
2181 124 1
2181 860 1
2181 2692 1
2181 5672 1
2181 2514 1
2181 5643 1
2181 3166 1
2181 3966 1
2181 4557 1
2181 3911 1
2181 3563 1
2181 4440 1
2181 4572 1
2181 5032 1
2181 5180 1
2181 3162 1
2181 529 1
2181 5696 1
2181 207 1
2181 2705 1
2181 2402 1
2181 4085 1
2181 678 1
2181 4209 1
2181 3747 1
2181 688 1
3873 487 1
3873 1371 1
4154 100 1
915 5042 1
915 5203 1
915 4862 1
915 5869 1
2106 2615 1
2704 3836 1
2704 2904 1
2704 5423 1
2704 3403 1
2006 201 1
3301 3214 1
1931 2447 1
1931 2960 1
4292 4631 1
4292 2465 1
4292 3738 1
4292 604 1
4292 5375 1
6028 1112 1
5325 2167 1
5325 3050 1
5325 2516 1
5325 271 1
5325 6252 1
5325 722 1
5325 6241 1
568 4226 1
5688 674 1
5964 2632 1
5964 2611 1
5964 2762 1
5964 5078 1
3835 6017 1
6058 2320 1
5612 3352 1
5612 624 1
86 6280 1
86 534 1
86 4353 1
86 5734 1
5636 3784 1
1463 5815 1
1463 3210 1
1463 4283 1
2866 4198 1
563 3723 1
563 2234 1
563 6060 1
563 3108 1
563 1010 1
2519 5402 1
804 5683 1
2156 5120 1
2606 82 1
2606 3473 1
2606 1948 1
2606 3680 1
2771 1826 1
2771 5976 1
2771 666 1
2771 1699 1
2771 4857 1
2771 6164 1
2771 332 1
5679 3314 1
5372 6079 1
5372 907 1
2710 1849 1
5514 4910 1
2613 3591 1
2613 5154 1
2613 2253 1
2613 45 1
2776 1764 1
4091 4263 1
4446 5418 1
4446 3790 1
4446 4379 1
4446 768 1
4446 5312 1
4446 401 1
4446 5912 1
4446 5813 1
4446 5927 1
4446 4701 1
4446 3060 1
4446 5285 1
4446 1042 1
4446 47 1
4446 4055 1
4446 4267 1
4446 3828 1
4446 4270 1
4446 1233 1
4446 1330 1
4446 3919 1
4446 2175 1
4446 2187 1
4446 3208 1
4446 1214 1
4446 3823 1
4446 1554 1
4446 5262 1
4446 5735 1
4446 3882 1
4446 6146 1
4446 6161 1
4446 2238 1
4446 510 1
4446 3371 1
4446 969 1
4446 358 1
4446 2701 1
4446 3681 1
4446 3885 1
4446 5698 1
4446 5618 1
4446 6061 1
4446 2591 1
4446 3547 1
4446 2014 1
4446 1356 1
4446 298 1
3759 2064 1
5548 982 1
5548 2851 1
5548 4256 1
5548 1696 1
3074 4845 1
1211 2049 1
1211 153 1
1211 1856 1
3303 6271 1
3303 4200 1
3303 4963 1
3303 2950 1
3303 949 1
3303 839 1
3303 769 1
3303 3142 1
3303 5938 1
3303 3051 1
3303 3437 1
5152 1374 1
3939 1089 1
1027 637 1
4453 4035 1
4453 1229 1
4453 4525 1
2160 4203 1
2080 5736 1
4300 1002 1
4987 2297 1
1954 2578 1
1954 997 1
1954 2211 1
1954 4614 1
1954 2744 1
1954 412 1
1954 5539 1
1954 6064 1
1954 707 1
1954 2458 1
5507 5028 1
4861 5588 1
4861 3658 1
4861 6050 1
4861 1119 1
4861 1670 1
4861 4142 1
4861 1189 1
4861 2734 1
2482 2144 1
5218 3055 1
4241 309 1
5320 3943 1
5320 1581 1
5320 1673 1
5320 1669 1
1491 4734 1
1491 540 1
1491 3693 1
1491 959 1
1491 523 1
1491 2477 1
1491 5350 1
1491 6025 1
1491 3377 1
5602 5898 1
5071 5307 1
5071 744 1
5106 6148 1
5106 4808 1
5259 5667 1
1852 2008 1
3800 2483 1
2217 5366 1
1564 5173 1
4113 6194 1
3856 2937 1
3856 756 1
3856 4047 1
3856 3031 1
3856 3777 1
3856 5754 1
3856 2124 1
3856 5510 1
3856 4801 1
95 1580 1
95 5017 1
95 5123 1
95 3174 1
95 6157 1
95 4414 1
95 2441 1
95 3097 1
95 1071 1
1429 4588 1
1429 925 1
1429 1475 1
6180 2186 1
1262 5803 1
1262 2168 1
2805 2355 1
2805 5340 1
2805 742 1
2805 6155 1
2805 2076 1
2805 5040 1
4370 5478 1
4370 3512 1
2844 5693 1
2844 76 1
2844 524 1
2844 550 1
2844 5531 1
2844 5860 1
2844 827 1
2844 6091 1
2844 3807 1
2844 583 1
2844 2827 1
2844 2898 1
2844 3117 1
2844 4424 1
2844 2242 1
2844 3336 1
2844 5867 1
2844 736 1
2844 536 1
2844 3798 1
2844 6076 1
2844 3814 1
2844 1055 1
2844 5249 1
2844 6093 1
2844 1889 1
2844 5583 1
2844 3771 1
2844 2871 1
2844 1977 1
2844 937 1
2844 2455 1
2844 5880 1
2844 5447 1
2844 70 1
2844 948 1
2844 3080 1
2844 1349 1
2844 3998 1
2844 4050 1
2844 392 1
2844 4175 1
2844 1646 1
2844 2520 1
2844 3639 1
2844 258 1
843 5749 1
843 2170 1
2706 2484 1
1869 3457 1
5276 3424 1
3296 3847 1
3296 1441 1
3296 2132 1
3296 3617 1
3296 5870 1
3296 6285 1
4834 2467 1
4059 5838 1
4059 592 1
5828 5386 1
5828 6062 1
5828 2138 1
5041 2845 1
5041 1107 1
5041 2635 1
5041 2184 1
5041 6135 1
3375 2273 1
4221 4484 1
4221 6200 1
4221 5215 1
4221 2969 1
4221 5839 1
4221 4600 1
4028 1044 1
2271 4246 1
2271 1418 1
2271 4483 1
2271 1748 1
2271 5966 1
2271 2016 1
2271 167 1
2271 3804 1
2271 4732 1
3839 3624 1
3879 1360 1
4870 941 1
4870 3073 1
4870 4053 1
4870 4991 1
4870 5977 1
3247 1640 1
1563 800 1
1563 2262 1
1563 2145 1
1563 2219 1
1563 797 1
5319 3986 1
5281 1672 1
5281 5125 1
5281 5541 1
5281 2424 1
5281 2206 1
5281 1443 1
3004 3704 1
2736 1217 1
3566 3140 1
5131 790 1
3890 4208 1
1018 1283 1
1018 4967 1
1018 5221 1
1018 5023 1
1018 6210 1
1018 355 1
1018 436 1
1018 4966 1
1018 1203 1
1018 5561 1
1018 4467 1
1018 4491 1
1018 2143 1
1018 4703 1
1018 584 1
1018 6238 1
1018 2060 1
1018 657 1
242 3346 1
1601 923 1
135 3916 1
772 3642 1
5580 1523 1
5799 38 1
448 1893 1
448 2051 1
448 5655 1
5175 2359 1
1066 968 1
4129 3197 1
602 700 1
602 391 1
602 2412 1
602 5412 1
602 5521 1
602 5096 1
602 1882 1
602 650 1
3845 334 1
1277 6134 1
4929 3085 1
4929 5313 1
4282 5274 1
4282 4351 1
1503 2832 1
1061 2109 1
6191 1625 1
5231 4612 1
4511 503 1
431 3354 1
431 1718 1
431 4737 1
431 213 1
431 2821 1
776 2597 1
776 279 1
26 2938 1
211 4333 1
211 4904 1
211 3267 1
211 833 1
211 6036 1
211 2365 1
211 1053 1
211 3326 1
211 3362 1
211 13 1
211 349 1
211 6267 1
211 823 1
211 2673 1
211 653 1
211 3230 1
211 1608 1
211 203 1
211 3000 1
211 1477 1
211 517 1
211 4001 1
211 5804 1
211 2345 1
211 1901 1
2692 727 1
2692 5159 1
2692 5022 1
1602 108 1
1602 3956 1
5369 399 1
1783 1879 1
1783 799 1
1783 3821 1
1783 3454 1
1783 3548 1
1783 2720 1
2091 2342 1
1866 6272 1
1866 4858 1
5015 3596 1
5015 673 1
5015 723 1
5015 5821 1
5015 507 1
3664 4141 1
3664 3706 1
5010 4584 1
5010 1711 1
5010 5744 1
5010 5587 1
5010 2584 1
5010 5479 1
5010 4212 1
5010 924 1
5010 5885 1
3452 3253 1
1566 3731 1
5348 3484 1
5348 1462 1
2746 2414 1
2746 3979 1
1695 5789 1
3511 3774 1
758 4024 1
56 2039 1
3367 2966 1
3917 2495 1
5610 398 1
5610 701 1
5610 4933 1
5610 2294 1
5610 324 1
5610 2339 1
5610 6145 1
5610 1242 1
5610 2694 1
5610 4415 1
5610 1174 1
996 4722 1
28 2679 1
28 3082 1
28 4714 1
28 5985 1
28 6065 1
28 1172 1
28 3337 1
28 5497 1
28 3612 1
28 729 1
28 2027 1
4528 494 1
4219 619 1
4022 3113 1
4022 1522 1
4022 5774 1
4022 283 1
4022 2457 1
4022 1835 1
4022 3147 1
3796 3888 1
3659 2298 1
3659 1485 1
3659 1638 1
3659 4174 1
3659 3193 1
1175 2637 1
1422 1985 1
1422 5913 1
1422 5773 1
1422 2958 1
1422 892 1
1422 4925 1
246 5669 1
4018 1413 1
3352 767 1
2437 791 1
4678 5210 1
3219 1888 1
4919 4583 1
731 621 1
1636 5060 1
1636 3376 1
1636 1956 1
1636 1875 1
5145 4604 1
5145 6142 1
1535 3811 1
1535 5157 1
1535 6175 1
1535 1495 1
1535 1396 1
1535 2229 1
5917 2862 1
4998 2274 1
2639 3101 1
3029 4687 1
6012 4731 1
2286 990 1
5052 2155 1
3419 3602 1
3419 3641 1
3419 5272 1
3073 4343 1
904 5223 1
2266 3893 1
6006 814 1
321 4238 1
619 92 1
730 5172 1
730 4953 1
730 1297 1
730 5981 1
730 1911 1
730 3470 1
730 1624 1
730 1319 1
730 1236 1
730 6159 1
730 5378 1
730 5461 1
730 4897 1
730 131 1
730 1382 1
730 4420 1
1967 5645 1
3066 3559 1
805 914 1
805 5006 1
805 2096 1
805 5495 1
805 5550 1
805 1720 1
151 1207 1
945 136 1
157 5009 1
157 1105 1
157 4498 1
157 1120 1
157 4401 1
157 4304 1
157 2164 1
157 5689 1
157 4186 1
157 1685 1
579 2430 1
3156 1029 1
3156 5492 1
3156 411 1
3156 535 1
3156 5646 1
4975 974 1
2284 3110 1
3278 4021 1
3278 2685 1
3278 628 1
5672 4271 1
732 4717 1
3225 5530 1
3225 4558 1
3225 2856 1
3225 58 1
3225 5095 1
3225 323 1
3225 794 1
3225 981 1
3225 4541 1
3225 1596 1
3225 6144 1
3225 1843 1
3225 2038 1
3225 1 1
3225 335 1
3225 6016 1
3225 4595 1
3225 2791 1
3225 2114 1
3225 5118 1
1847 1781 1
1847 1574 1
2000 5601 1
2000 6088 1
2000 2996 1
2000 4289 1
2000 2683 1
2000 66 1
2000 3567 1
2000 4938 1
2000 3707 1
2000 2712 1
2000 4049 1
2000 145 1
2000 2977 1
2000 3753 1
2000 2307 1
2000 3028 1
3573 444 1
3808 6251 1
3182 4052 1
5200 3024 1
383 286 1
1644 4667 1
2905 4985 1
2905 5186 1
2602 5379 1
2602 3279 1
2602 572 1
2602 4730 1
2602 6094 1
2602 6047 1
2602 4099 1
2602 168 1
2602 2454 1
2602 4193 1
2602 740 1
2602 1683 1
2602 1278 1
69 3220 1
1661 2571 1
6277 5431 1
3552 5508 1
3552 2828 1
5614 6286 1
5614 4756 1
5614 4369 1
5614 4767 1
5614 3621 1
5614 2521 1
5614 1304 1
3979 3549 1
3979 2108 1
3979 5019 1
3979 1193 1
3979 3319 1
3979 5054 1
3979 2327 1
1702 5452 1
4802 159 1
4156 2934 1
1150 1352 1
4800 936 1
577 2573 1
3489 2865 1
3489 1517 1
3489 270 1
1437 1007 1
2343 5382 1
2343 2770 1
2343 5626 1
3654 2771 1
3654 5065 1
3654 655 1
3654 3545 1
3654 2193 1
3654 5851 1
3654 1351 1
3288 1191 1
4141 421 1
4141 1736 1
4141 4620 1
6116 1106 1
5763 3052 1
5432 3675 1
4790 3860 1
4790 1357 1
4790 620 1
4790 4358 1
4790 4038 1
4790 1810 1
4790 3201 1
638 3252 1
2987 3978 1
3335 3688 1
3859 5671 1
2072 5080 1
847 5090 1
5464 4497 1
5464 3281 1
3565 3087 1
735 233 1
735 4544 1
735 2618 1
735 2374 1
735 2883 1
735 1787 1
735 226 1
735 798 1
2663 4092 1
4024 2118 1
4024 2953 1
4024 379 1
4024 5523 1
4024 2002 1
4024 1237 1
4024 2590 1
4024 2797 1
4945 5847 1
4735 4114 1
4735 3696 1
4735 3874 1
4735 490 1
4735 4831 1
4735 4216 1
4735 5116 1
4735 4262 1
4735 1266 1
4735 2471 1
4735 1546 1
4735 2558 1
4735 2943 1
4544 1610 1
6228 5895 1
905 1762 1
1911 732 1
1911 2470 1
1911 1623 1
1911 3228 1
1911 449 1
1911 4302 1
1911 3831 1
1911 2183 1
1911 6143 1
1911 2404 1
1911 4432 1
1911 101 1
2432 2762 1
2764 1530 1
3962 1767 1
3962 1163 1
3962 181 1
3962 5821 1
3962 2617 1
3962 5013 1
6046 690 1
6046 3810 1
6046 2069 1
4128 1825 1
4128 6072 1
4128 4291 1
4128 3432 1
4218 4313 1
5780 4981 1
129 450 1
129 3366 1
129 2608 1
129 2139 1
129 4168 1
129 2559 1
2272 6111 1
2272 6297 1
2272 3347 1
2272 5266 1
2272 1375 1
2272 4766 1
2272 1103 1
2272 4060 1
2272 5230 1
2272 4457 1
2272 4587 1
2272 4555 1
2272 2347 1
2272 3521 1
2272 3444 1
2272 1569 1
2272 4542 1
2272 416 1
2272 5059 1
2272 532 1
2272 1364 1
2272 9 1
2272 2644 1
1790 2899 1
1790 4681 1
1790 4943 1
1790 1759 1
4073 1988 1
1960 2919 1
1960 2687 1
1960 1444 1
1960 2299 1
4804 3199 1
5962 5309 1
5936 2192 1
5936 1700 1
5936 2178 1
5936 4547 1
5936 5292 1
3737 256 1
3737 1622 1
3737 2689 1
3737 474 1
2416 4079 1
2900 5666 1
2900 3233 1
794 2835 1
794 2438 1
4652 2105 1
4652 2331 1
4652 4122 1
2462 6003 1
4447 3235 1
4447 4662 1
4447 5294 1
4447 4183 1
4447 1864 1
4447 2052 1
4447 1915 1
4447 4426 1
4447 1886 1
1044 2357 1
1044 1842 1
1044 5166 1
1044 5685 1
1044 697 1
1044 4623 1
1044 5793 1
1044 244 1
1044 4029 1
1044 18 1
1044 359 1
1044 2085 1
4329 3328 1
5009 4546 1
121 760 1
121 6096 1
121 2090 1
121 5288 1
121 3905 1
121 2867 1
121 603 1
4275 3124 1
1721 1776 1
4054 4751 1
1423 3951 1
5786 1192 1
5786 300 1
5786 1431 1
5786 1512 1
3791 2662 1
1039 3722 1
2825 2824 1
1426 2387 1
5167 4235 1
5167 932 1
5167 1379 1
5167 1390 1
3765 2586 1
3765 4556 1
4605 1052 1
5792 2241 1
5792 6108 1
1202 262 1
965 6074 1
2433 4859 1
4772 3256 1
4772 5893 1
4772 6 1
4772 1613 1
4772 1445 1
4772 4363 1
4772 894 1
4772 4310 1
4772 2218 1
6137 2276 1
3851 52 1
2245 3674 1
3842 4594 1
3842 1232 1
3842 644 1
3842 5444 1
3842 4343 1
4926 2044 1
192 410 1
2939 4654 1
3931 1258 1
5074 5491 1
1641 2207 1
1641 2992 1
1641 918 1
1641 1571 1
1641 3883 1
1641 5811 1
1641 3825 1
1641 5502 1
1641 845 1
2834 5101 1
2834 5828 1
2834 5142 1
2834 5534 1
2834 3697 1
2834 1925 1
2834 32 1
2834 4699 1
2834 3947 1
2834 6254 1
2834 6030 1
2834 385 1
2834 4518 1
6233 3667 1
1663 6018 1
4380 4655 1
4380 5752 1
4380 3537 1
4380 4067 1
4380 5911 1
2256 6090 1
3470 407 1
3470 2587 1
3470 5746 1
3470 2046 1
3470 4738 1
3470 2475 1
3470 2024 1
3470 2507 1
3470 2022 1
5904 1263 1
4035 2614 1
3310 1136 1
5196 632 1
5196 1531 1
5196 2691 1
5196 257 1
5196 1579 1
3027 30 1
4607 1972 1
343 915 1
343 2004 1
343 1270 1
343 2633 1
343 1560 1
343 6196 1
343 2650 1
343 4824 1
1792 3645 1
1792 5277 1
551 4684 1
5138 73 1
2903 1909 1
2903 6059 1
4338 1401 1
4338 874 1
4338 2538 1
4338 1943 1
4338 840 1
4338 2353 1
4338 2755 1
4338 2619 1
4338 5496 1
4338 3414 1
2793 2199 1
2793 6022 1
1020 2161 1
4956 5566 1
1395 89 1
1395 3728 1
422 2396 1
2220 3555 1
3273 1600 1
3273 2490 1
3273 3137 1
3273 1808 1
3273 522 1
3273 375 1
3273 3146 1
3273 5651 1
4725 4095 1
2630 3886 1
3164 2379 1
3164 5999 1
3164 2509 1
2026 4861 1
2026 4206 1
2026 27 1
2026 4357 1
2368 4894 1
2872 3858 1
3973 2648 1
3973 1492 1
3486 134 1
3486 4621 1
3486 3806 1
3486 3412 1
3486 4946 1
3486 2588 1
3486 325 1
3486 2914 1
5707 4618 1
5707 4531 1
3579 242 1
1811 1448 1
1811 5033 1
1811 3251 1
3775 4589 1
3775 4886 1
3775 5955 1
3775 1675 1
3775 3732 1
3775 2816 1
3775 4513 1
4167 4373 1
4167 4271 1
5759 4813 1
1416 3538 1
1416 4293 1
1926 395 1
252 1469 1
252 5451 1
5918 4586 1
2495 3311 1
2495 5384 1
2495 3794 1
1405 5628 1
1405 5252 1
3838 4535 1
3838 1483 1
4927 1301 1
3269 5209 1
3720 3026 1
5266 4033 1
5266 950 1
5266 5567 1
5266 504 1
5266 4728 1
5266 4819 1
5266 2607 1
5266 5222 1
5266 1876 1
556 5956 1
556 2774 1
556 3751 1
556 4140 1
3165 196 1
1105 5150 1
3478 1238 1
3302 6215 1
2864 4759 1
2864 4169 1
2864 4843 1
2864 5233 1
2504 2651 1
5762 4691 1
5762 4679 1
5762 2257 1
5762 512 1
3803 5139 1
3803 1511 1
3239 4697 1
3239 2518 1
3239 141 1
3239 245 1
801 1465 1
801 1927 1
801 4013 1
801 1307 1
801 617 1
2369 4799 1
5371 5772 1
1128 612 1
1128 2668 1
669 3188 1
2337 4159 1
4639 1742 1
3348 1377 1
4251 3518 1
4251 6127 1
4251 6234 1
3378 1819 1
3378 10 1
3378 3671 1
3378 3834 1
3378 2035 1
3378 4976 1
3378 3482 1
3378 4591 1
3378 2311 1
3378 6176 1
3378 675 1
3378 3926 1
3378 3616 1
2886 6259 1
4166 3583 1
4166 28 1
4166 246 1
4166 3700 1
4166 1057 1
4166 1065 1
4166 1161 1
4166 1813 1
4166 6113 1
4166 2858 1
4166 2634 1
4166 1049 1
4324 5662 1
3487 5503 1
5843 4788 1
5843 1030 1
4078 2641 1
4078 2703 1
4078 548 1
4078 2232 1
1969 4188 1
1846 3581 1
3507 3871 1
3507 2261 1
2425 1606 1
2070 537 1
4118 3255 1
1778 1280 1
1778 374 1
3748 4318 1
5606 3345 1
5551 4386 1
5551 1096 1
5551 466 1
5551 473 1
2065 1561 1
1188 1965 1
1188 3316 1
2761 922 1
3911 2420 1
4807 6256 1
5295 3248 1
2654 4839 1
1517 4437 1
1517 2594 1
1517 3179 1
1517 2101 1
1517 4309 1
1517 1403 1
1517 4747 1
1517 3133 1
3690 5500 1
1485 6068 1
1485 3524 1
1768 402 1
4765 4461 1
3116 2278 1
4512 4911 1
4512 293 1
4512 4165 1
4512 4735 1
4512 371 1
4512 301 1
4512 3128 1
4716 3169 1
3397 3508 1
3397 873 1
3397 425 1
3397 5979 1
3397 5089 1
3969 773 1
2358 3204 1
2358 3891 1
2358 648 1
2358 2908 1
2358 3788 1
2358 3183 1
2358 4116 1
3585 5680 1
198 4173 1
198 3460 1
198 2179 1
4289 927 1
4289 4950 1
315 5928 1
315 3212 1
322 2568 1
1975 3878 1
3682 5287 1
1629 1545 1
1421 2931 1
5544 2202 1
5544 3075 1
5544 4882 1
5544 4298 1
5544 1391 1
5544 5211 1
5544 2913 1
5544 2344 1
5544 5001 1
5544 1180 1
5544 2102 1
5544 6048 1
449 4384 1
4107 2808 1
2677 4797 1
4398 4045 1
5900 6187 1
5900 3758 1
5900 4308 1
5900 4105 1
5900 6214 1
5900 1466 1
5900 5652 1
5900 3990 1
5900 2647 1
5900 2508 1
5900 6188 1
5900 3638 1
5900 5151 1
5900 420 1
5900 1797 1
5900 6288 1
5900 165 1
19 3873 1
19 1188 1
19 1226 1
19 2837 1
19 354 1
19 4539 1
6063 1392 1
312 2984 1
2321 3953 1
2321 859 1
2321 5396 1
5085 1408 1
1013 4742 1
3119 1855 1
3119 4800 1
3560 4671 1
998 1575 1
4920 4082 1
294 1491 1
5243 2111 1
1132 1604 1
1132 4447 1
1132 5837 1
1132 1405 1
1132 4395 1
1132 4876 1
1132 5657 1
1132 5124 1
1132 3950 1
1132 5617 1
1132 3417 1
3564 6205 1
2951 1880 1
2951 3274 1
2951 4771 1
2951 2498 1
2951 892 1
2163 4370 1
2163 847 1
2163 5426 1
2163 3175 1
2163 5183 1
2163 5306 1
2163 1385 1
2163 5286 1
2163 1658 1
2163 5710 1
2163 44 1
2163 715 1
2163 5954 1
2163 4416 1
2163 1160 1
2163 519 1
2754 5529 1
880 1507 1
5383 3824 1
954 841 1
2413 5107 1
1716 3418 1
1716 1989 1
1716 1905 1
4573 1524 1
4573 1087 1
4281 3056 1
4281 3588 1
4281 3687 1
5143 2881 1
1924 446 1
5687 3691 1
1730 4387 1
1730 3154 1
1730 1912 1
3010 2180 1
5800 2695 1
2264 4659 1
2264 5615 1
176 1899 1
2801 3724 1
2801 668 1
2801 813 1
3250 1733 1
3250 413 1
3250 4396 1
5717 2083 1
447 4381 1
5267 4041 1
5267 3765 1
2810 3772 1
2810 3054 1
1433 3656 1
4706 787 1
1434 3064 1
5493 4312 1
5625 4507 1
4160 5613 1
5972 1725 1
964 4388 1
964 2843 1
5047 2864 1
5047 1008 1
5047 4624 1
5047 5443 1
5047 3215 1
5047 5354 1
5047 2829 1
5047 5270 1
5047 1428 1
5314 4318 1
5036 2620 1
2313 8 1
2313 546 1
2313 3198 1
2313 5699 1
2313 2501 1
2313 5263 1
2313 3411 1
2313 2176 1
2313 4023 1
3483 4503 1
5647 4693 1
5983 1235 1
5983 5853 1
5983 4908 1
5983 2275 1
4627 560 1
3353 4688 1
3353 2165 1
3353 4682 1
3353 1936 1
1008 442 1
1008 2658 1
1008 2373 1
1008 5269 1
1008 1562 1
935 955 1
1913 2544 1
1913 5103 1
1913 5111 1
1913 4375 1
6150 2532 1
259 1410 1
4636 4064 1
4636 2001 1
354 4490 1
354 5765 1
354 5635 1
354 230 1
5664 1550 1
5664 4090 1
5664 4492 1
613 1570 1
3196 5926 1
3196 1092 1
3196 2877 1
5907 104 1
1779 3373 1
1779 4536 1
148 1790 1
437 2616 1
2305 454 1
1865 3971 1
1865 3015 1
1865 4570 1
1865 1054 1
1865 5122 1
1865 5174 1
1865 4229 1
2348 4921 1
2348 684 1
2348 4582 1
2348 3118 1
2348 3869 1
2348 5490 1
4939 333 1
2066 1650 1
1452 496 1
1452 3143 1
214 630 1
606 770 1
606 1587 1
606 4307 1
606 2448 1
606 2916 1
606 4903 1
606 1292 1
606 2889 1
606 4438 1
606 3071 1
606 1417 1
606 5555 1
606 3622 1
606 4526 1
1256 3525 1
3849 4199 1
917 4971 1
917 4810 1
1445 1986 1
5749 1941 1
5749 4261 1
5749 3509 1
5749 518 1
5749 5467 1
5749 61 1
5092 152 1
4377 2592 1
3876 4471 1
3876 5205 1
1476 1373 1
1476 1209 1
1476 5879 1
1134 3474 1
3772 1155 1
3772 264 1
3772 5994 1
3772 1662 1
3772 4965 1
3772 1690 1
3772 3471 1
3772 3962 1
3772 5388 1
3772 4043 1
3772 5719 1
3772 284 1
3772 2690 1
3772 1184 1
3772 1614 1
3772 4739 1
3772 367 1
3772 2915 1
3772 5709 1
3772 3200 1
3772 1322 1
3772 2890 1
3772 5030 1
1145 5824 1
3355 1035 1
738 2981 1
4158 1750 1
2 2711 1
2392 3047 1
2295 2743 1
2295 2868 1
2295 5925 1
2295 3607 1
2295 3245 1
2253 5192 1
2253 113 1
2253 4207 1
2253 993 1
2253 6162 1
2253 5472 1
2253 4359 1
2253 4608 1
2253 4123 1
5861 3038 1
5027 306 1
3272 1833 1
3272 1668 1
3272 3303 1
3272 3856 1
3272 2731 1
3272 3936 1
3272 6006 1
3272 3489 1
3272 4901 1
3272 125 1
3272 5551 1
3272 6000 1
3272 4540 1
3272 4160 1
3272 6273 1
3272 4548 1
3272 3830 1
3272 5012 1
3272 3257 1
3272 1021 1
3272 595 1
3272 1544 1
3272 1480 1
3272 1593 1
3272 1259 1
3272 4155 1
3272 2460 1
3272 4995 1
3272 3034 1
3272 5114 1
3272 3293 1
3272 5343 1
3272 2583 1
3272 4947 1
77 2007 1
2054 713 1
350 2285 1
3208 3715 1
3208 4088 1
3208 4086 1
3208 3059 1
3208 5899 1
3208 5084 1
3208 5653 1
3208 870 1
3208 1110 1
3208 714 1
3208 3285 1
3208 5820 1
3208 802 1
3208 3995 1
3208 4170 1
3208 2800 1
3208 1336 1
3208 6202 1
3208 5279 1
3208 5731 1
3208 1817 1
3208 3289 1
3208 1698 1
3208 1794 1
3208 3887 1
3208 1771 1
3208 241 1
3208 3127 1
3208 3386 1
3208 543 1
2223 938 1
2223 319 1
5422 1944 1
3325 2358 1
1558 5552 1
3428 1712 1
3428 710 1
3428 4189 1
3205 4423 1
3205 4695 1
3205 3712 1
1295 1739 1
5645 600 1
5645 419 1
5645 3387 1
5645 3976 1
5645 5545 1
5645 2995 1
5645 956 1
4136 197 1
4847 5108 1
4847 6077 1
4847 5468 1
4847 3773 1
4847 2488 1
4847 2603 1
4847 5582 1
3608 2372 1
3769 5257 1
4576 3023 1
4576 2855 1
4576 5475 1
4576 757 1
4576 3833 1
4576 3902 1
4576 2561 1
4576 4893 1
4576 4514 1
4598 5910 1
4598 50 1
4598 1293 1
3415 3046 1
3415 4280 1
3415 389 1
3415 5637 1
3415 1138 1
3415 2319 1
3415 506 1
3415 895 1
3415 6101 1
3415 5639 1
3415 1144 1
3415 165 1
3415 1176 1
3613 5929 1
4250 4477 1
4250 51 1
3383 3662 1
3102 1427 1
3277 3673 1
3476 1735 1
2585 513 1
1970 6080 1
736 4970 1
736 1534 1
736 150 1
736 5785 1
736 4661 1
736 2831 1
736 5298 1
736 160 1
736 4833 1
736 745 1
736 2955 1
736 527 1
736 5868 1
736 3534 1
736 1726 1
736 3043 1
736 5002 1
736 417 1
736 5852 1
736 3595 1
736 67 1
736 5857 1
736 1414 1
736 6240 1
736 1529 1
736 680 1
736 3413 1
736 3701 1
736 913 1
736 564 1
736 1287 1
736 5520 1
736 3754 1
736 3592 1
736 2928 1
736 2306 1
736 872 1
736 5961 1
736 3533 1
736 1306 1
736 2542 1
736 4842 1
736 5686 1
736 3678 1
736 1588 1
736 1968 1
736 2104 1
736 5038 1
5937 2059 1
3561 1022 1
1664 4580 1
5852 2379 1
5852 4811 1
5852 3035 1
5852 516 1
5852 2565 1
5852 2786 1
5852 465 1
5852 3541 1
5852 3795 1
5852 5129 1
5852 2317 1
5852 3260 1
5852 1126 1
5852 627 1
5852 2626 1
4746 388 1
1818 3258 1
1551 3582 1
3598 5808 1
1384 3297 1
5600 1831 1
347 296 1
347 2351 1
347 6218 1
347 4780 1
347 376 1
347 4328 1
347 1616 1
347 6020 1
475 1710 1
1642 1213 1
1642 2513 1
1642 2575 1
1642 4311 1
1642 463 1
1642 764 1
1642 2073 1
1642 1113 1
270 2341 1
270 6035 1
2924 1125 1
1447 2110 1
3823 2659 1
317 318 1
1554 574 1
1554 3735 1
1554 5848 1
3727 3122 1
3778 1128 1
3778 578 1
3778 223 1
5483 4100 1
229 2146 1
1236 3941 1
1236 3211 1
1236 6166 1
1236 1253 1
1236 2775 1
1236 154 1
1236 5969 1
1236 746 1
1236 4841 1
1236 4337 1
1236 4137 1
1236 1694 1
1236 1497 1
1236 4143 1
1236 2909 1
1236 5714 1
1236 6217 1
1236 777 1
1236 2978 1
1236 5416 1
2516 1332 1
2516 5760 1
2516 4633 1
2516 2079 1
4844 1419 1
4844 1827 1
4844 4846 1
4844 5293 1
4844 5055 1
4844 5519 1
4844 5300 1
4844 891 1
4844 4761 1
4844 4378 1
4844 1667 1
4844 4815 1
4844 5225 1
4844 1873 1
558 3530 1
3032 3798 1
5311 596 1
5311 2833 1
5968 2419 1
1619 1435 1
693 565 1
693 469 1
693 5076 1
693 3736 1
693 3861 1
5887 1980 1
2178 4030 1
2042 5948 1
4019 5751 1
960 4711 1
4624 3952 1
4624 5906 1
4624 2445 1
4624 234 1
1850 5530 1
1850 2388 1
1850 1194 1
1850 6034 1
1850 2474 1
1850 3896 1
1850 5916 1
1850 1979 1
1850 4048 1
1850 3287 1
1850 218 1
1850 202 1
1850 3093 1
1850 2315 1
2055 633 1
557 2693 1
147 2529 1
147 2491 1
2383 728 1
2383 5433 1
5194 6019 1
5194 1536 1
5194 4948 1
5194 3378 1
5194 3576 1
5194 1518 1
5194 5611 1
5194 1996 1
5194 1526 1
5194 511 1
5194 3105 1
5194 897 1
5194 3866 1
5194 5247 1
3546 5701 1
3546 5336 1
5581 1505 1
3257 1206 1
3257 4394 1
3257 2993 1
3257 2269 1
4255 4037 1
4255 1158 1
2233 5182 1
2233 231 1
1891 40 1
1891 1067 1
3306 5953 1
4613 1279 1
16 5137 1
16 5727 1
16 1811 1
16 5334 1
5128 3305 1
5128 6192 1
3927 5605 1
408 1050 1
408 3144 1
408 173 1
408 885 1
6105 2385 1
5486 5931 1
1918 4647 1
4712 3120 1
5809 4071 1
1501 2116 1
1077 3425 1
2669 5632 1
3006 3574 1
1119 4890 1
2893 1261 1
1446 170 1
5235 1185 1
604 4527 1
5742 5480 1
5742 6008 1
3539 2763 1
3539 2896 1
4367 1854 1
3246 6213 1
3246 826 1
3246 2449 1
3246 4660 1
3246 1824 1
3246 260 1
3246 1732 1
4417 5476 1
4006 2567 1
2964 2113 1
2964 4779 1
2964 5511 1
2964 4879 1
2964 4537 1
2964 2103 1
2964 2811 1
2964 4773 1
2964 6149 1
2964 4954 1
2964 5891 1
2964 5499 1
2964 2137 1
2964 3789 1
2964 2741 1
2964 1782 1
1937 3216 1
1839 5762 1
2303 4285 1
5434 5690 1
6183 1674 1
1108 5049 1
1108 5442 1
1108 835 1
1108 3923 1
1108 5351 1
1108 4978 1
1108 1118 1
1108 2985 1
3567 1686 1
3567 4361 1
4385 2399 1
3145 3273 1
3145 278 1
3145 5711 1
3145 4148 1
3021 4150 1
818 345 1
818 2246 1
818 6069 1
5058 803 1
5058 3012 1
5058 3357 1
5058 3014 1
5058 5304 1
5058 6097 1
1974 1743 1
812 2961 1
4780 815 1
4780 671 1
4780 1821 1
4314 2469 1
5024 3960 1
1734 4629 1
1064 4877 1
13 5631 1
1273 2293 1
1559 4057 1
2675 6274 1
3490 5474 1
3451 1216 1
5387 1780 1
902 2643 1
1011 3740 1
3011 3876 1
2543 4853 1
1070 514 1
1070 2730 1
1070 4201 1
5877 5380 1
3213 4909 1
79 1760 1
1250 5747 1
1245 3679 1
4554 3792 1
788 5088 1
788 3676 1
5659 3653 1
1171 3266 1
1171 1803 1
1171 3192 1
1171 2941 1
3559 3044 1
5873 3666 1
6005 4026 1
3882 2230 1
3882 5946 1
3882 4849 1
37 581 1
5441 4227 1
5477 2271 1
5477 4915 1
5477 2944 1
5477 5370 1
5477 1960 1
5477 2581 1
5477 41 1
5477 4474 1
5477 1424 1
5477 3741 1
5477 6231 1
5477 5661 1
5477 6125 1
5477 4566 1
5477 1137 1
1367 493 1
6171 738 1
6197 4519 1
6197 3178 1
6197 3333 1
6197 4923 1
6197 5355 1
6197 5064 1
6197 3145 1
6197 5891 1
6197 1183 1
6197 830 1
6031 623 1
2929 5155 1
6051 3389 1
1710 2263 1
1710 3349 1
1710 4316 1
1710 2988 1
1710 4653 1
1710 3077 1
3504 4617 1
2792 43 1
2792 2349 1
2792 3065 1
2792 3138 1
2792 4578 1
2792 2724 1
2792 1053 1
2792 1397 1
2792 2599 1
2792 5665 1
2792 3683 1
2792 1271 1
2792 4020 1
2792 6004 1
2792 5590 1
2792 1230 1
4405 2290 1
1584 6296 1
3779 3062 1
1807 3304 1
2522 2569 1
5350 3629 1
555 4934 1
4777 2609 1
4777 2258 1
4777 2148 1
4777 1715 1
4777 3241 1
4777 458 1
4777 1881 1
4777 5761 1
4777 1591 1
4777 2129 1
4777 4733 1
4777 4676 1
4777 3601 1
4777 5619 1
4777 4637 1
4777 848 1
4777 2421 1
4777 1243 1
4777 4683 1
4777 6110 1
4777 2034 1
4777 4529 1
4777 5031 1
4777 626 1
4777 3244 1
4777 5400 1
4777 3717 1
4777 4074 1
4777 1682 1
4777 2367 1
665 4871 1
3955 3275 1
793 127 1
1464 2343 1
1023 5102 1
1633 2956 1
1166 461 1
3816 1335 1
3816 795 1
3556 3136 1
194 4975 1
194 5546 1
194 5930 1
5255 585 1
5255 2557 1
5249 1324 1
5249 4918 1
5249 1800 1
5249 1917 1
5249 1693 1
5249 441 1
5249 2048 1
5249 2452 1
5249 1632 1
5249 4063 1
5249 426 1
5249 5264 1
5249 5393 1
5249 1420 1
5249 221 1
5249 2972 1
5249 4835 1
5249 174 1
5249 4881 1
5249 5160 1
5249 5791 1
5249 1838 1
5249 3364 1
5249 2121 1
5249 21 1
5249 5681 1
5249 2505 1
5249 1017 1
5249 2642 1
5249 586 1
5249 23 1
5249 110 1
5249 5278 1
5249 1784 1
5249 611 1
5249 2756 1
5249 4523 1
5249 2197 1
5249 775 1
5249 3713 1
5249 1496 1
5249 2492 1
5362 6236 1
5362 4010 1
5362 3107 1
5914 5535 1
5914 4421 1
5914 3206 1
5914 3498 1
5914 5596 1
5914 571 1
4075 1963 1
2803 5464 1
911 5236 1
1676 2050 1
2891 2215 1
670 3586 1
4569 899 1
4569 1878 1
4569 147 1
4569 5374 1
4569 3526 1
4569 4549 1
4569 5854 1
4771 2450 1
995 404 1
587 3709 1
587 15 1
587 2362 1
587 1262 1
587 1088 1
587 4765 1
587 2375 1
587 4096 1
587 821 1
823 3725 1
823 4854 1
823 4368 1
823 3278 1
823 3265 1
823 5043 1
823 4493 1
823 5427 1
823 4112 1
823 6158 1
823 526 1
823 470 1
823 4348 1
823 2324 1
823 4012 1
823 74 1
823 5034 1
823 1983 1
823 4435 1
4336 5819 1
112 3764 1
3468 6082 1
178 5731 1
68 3593 1
68 3270 1
68 6220 1
68 2819 1
68 531 1
68 1476 1
68 2431 1
5126 589 1
5378 4515 1
5378 5127 1
5378 1805 1
5378 3076 1
5378 6205 1
5378 120 1
5378 3455 1
5378 4372 1
4709 2704 1
589 6179 1
589 5424 1
589 3781 1
589 6208 1
589 200 1
590 4205 1
3209 5764 1
1047 4303 1
1352 4400 1
6225 5591 1
2848 554 1
4202 3577 1
4176 5361 1
4044 313 1
4603 5883 1
6136 471 1
2001 5963 1
2001 573 1
2001 3262 1
2001 2895 1
2001 1490 1
2001 2326 1
2001 5572 1
2001 3312 1
2001 340 1
2001 1468 1
2001 5741 1
2001 1296 1
2001 5960 1
2001 1705 1
2001 725 1
2001 2765 1
2001 1344 1
2001 2684 1
5197 5770 1
5197 4729 1
5197 2097 1
5197 3502 1
5197 6255 1
5560 1920 1
1801 6043 1
3695 1519 1
3695 4805 1
3176 3308 1
210 5564 1
2920 5437 1
1069 3416 1
1069 2173 1
1069 1111 1
5776 3933 1
1713 4596 1
1341 5242 1
2959 2682 1
2157 1954 1
2157 3881 1
4098 344 1
2767 5908 1
4752 240 1
4752 6042 1
3435 2735 1
5592 1383 1
3531 961 1
3531 856 1
3921 920 1
3921 5146 1
3657 3086 1
3657 4936 1
3657 4848 1
3657 3095 1
3657 288 1
3657 3752 1
3657 3672 1
3657 2742 1
3657 1135 1
3657 3685 1
3657 3191 1
3657 3495 1
3657 4496 1
3657 3716 1
3657 1121 1
1809 4837 1
1809 734 1
1809 3112 1
5070 4347 1
5148 357 1
5148 6281 1
5148 4 1
5148 5862 1
5148 3997 1
5148 3708 1
5148 1139 1
5170 4397 1
985 2870 1
75 3408 1
4402 5323 1
4402 5405 1
2494 117 1
2494 3880 1
2494 5674 1
2494 1844 1
2871 1463 1
2871 1327 1
2871 5656 1
2871 5818 1
2871 5722 1
2871 1355 1
2871 5846 1
2871 6014 1
2871 1361 1
2871 2266 1
2871 3787 1
2871 1653 1
2871 97 1
2871 2884 1
2871 3290 1
2871 78 1
2871 4428 1
2871 5942 1
2871 4838 1
2871 5357 1
2871 3159 1
2871 4675 1
2871 1388 1
2871 5297 1
2871 1756 1
2871 4242 1
2871 963 1
2871 5471 1
2871 1635 1
2871 237 1
2871 6140 1
2871 2809 1
2871 2820 1
2871 4866 1
2871 5068 1
2871 6260 1
2871 5007 1
2871 5136 1
2871 2528 1
2871 2224 1
2871 2524 1
2871 4960 1
2871 1621 1
2871 5445 1
2871 291 1
2871 1930 1
2871 4855 1
2871 3106 1
2871 2151 1
2871 4874 1
2871 5134 1
2871 2440 1
2871 2093 1
2871 423 1
2871 1671 1
2871 4058 1
2871 2798 1
2871 3392 1
2871 4257 1
2871 4190 1
2871 1369 1
2871 115 1
2871 455 1
2871 2011 1
2871 5565 1
2871 5882 1
2871 750 1
2871 1919 1
495 1001 1
6085 1003 1
5878 3078 1
5367 1799 1
1648 1152 1
5516 4334 1
1895 179 1
6118 2707 1
1593 172 1
1593 3840 1
1593 3977 1
1593 1773 1
1593 3505 1
1593 3036 1
2822 2560 1
2822 5599 1
1938 3615 1
1938 5627 1
278 705 1
278 5232 1
278 1272 1
278 4439 1
278 3746 1
278 1902 1
278 3855 1
278 4087 1
278 1509 1
6073 5296 1
1212 5922 1
6103 1597 1
6103 5465 1
6103 780 1
6103 6180 1
6103 1903 1
6103 3391 1
6103 4609 1
6103 4968 1
6103 5728 1
6103 4639 1
6103 6109 1
6103 3196 1
6103 106 1
6103 3782 1
6103 488 1
6103 4603 1
6103 3958 1
6103 958 1
6103 2081 1
6103 3837 1
6103 4626 1
6103 3084 1
6103 5816 1
6103 1962 1
6103 2152 1
485 5041 1
485 3129 1
485 2292 1
485 4339 1
485 2481 1
485 3637 1
485 1244 1
485 5375 1
485 5778 1
1438 2021 1
3464 753 1
5790 4383 1
5790 2473 1
966 3058 1
5356 4240 1
1234 5845 1
1234 3994 1
2846 72 1
2216 4346 1
4056 3296 1
5057 1389 1
5263 3409 1
5263 5648 1
168 1365 1
168 3186 1
168 5227 1
3809 5805 1
3148 4299 1
3443 4504 1
5110 1451 1
3883 480 1
3883 3422 1
3883 2983 1
3883 3365 1
3883 5537 1
3883 363 1
3883 822 1
3883 1124 1
3883 5502 1
1977 3048 1
1977 1173 1
1977 5732 1
1977 2601 1
1977 4040 1
1977 1688 1
1977 2371 1
1977 570 1
1977 2227 1
1977 741 1
1977 533 1
1977 3643 1
1977 3959 1
1977 2310 1
1977 505 1
1977 3221 1
1977 3341 1
1977 2640 1
1977 5767 1
1977 3282 1
1977 4025 1
1977 4874 1
1977 2671 1
1977 3158 1
1977 1862 1
1977 4999 1
3192 3867 1
3192 2790 1
3192 4638 1
3192 5633 1
3192 456 1
3192 4027 1
3192 1164 1
5112 1631 1
3477 508 1
1303 868 1
1303 1218 1
1303 2936 1
1303 2666 1
1303 3854 1
1303 5790 1
1303 6246 1
1303 5487 1
4354 2198 1
2071 1115 1
2071 1907 1
2071 3957 1
2071 5099 1
2071 2135 1
2071 3194 1
2071 2386 1
2071 1177 1
1701 5547 1
1701 3467 1
2422 5149 1
4995 6054 1
4995 3627 1
4995 4533 1
2486 1652 1
1836 1953 1
1836 4937 1
1836 6247 1
1836 5543 1
1836 3153 1
1836 4315 1
1836 1097 1
1028 3172 1
5513 801 1
5832 1338 1
4931 608 1
3020 5394 1
3020 390 1
3020 3242 1
3020 4330 1
3020 6242 1
3020 6216 1
3907 4031 1
661 5512 1
5538 2553 1
5538 2434 1
5538 4409 1
5538 2185 1
5538 5098 1
5538 3217 1
3218 5484 1
1404 3069 1
2249 2033 1
3125 387 1
3125 2739 1
3125 846 1
373 5863 1
5499 774 1
5499 6152 1
5499 2182 1
5499 520 1
5499 4211 1
5499 659 1
5499 3603 1
5499 1914 1
5499 6052 1
708 5757 1
62 3123 1
2024 947 1
2503 1488 1
5633 4785 1
6163 2040 1
2453 1167 1
3815 4997 1
3815 6261 1
3815 1627 1
3815 1823 1
3815 5213 1
3706 1728 1
3706 3246 1
3706 6275 1
3706 2486 1
3706 415 1
2664 890 1
1525 4650 1
5484 5053 1
4138 1190 1
4138 2395 1
4138 2443 1
4138 1363 1
4138 5984 1
3667 3356 1
3667 4248 1
3667 132 1
4592 4089 1
4451 5075 1
409 5866 1
2728 3360 1
5866 5044 1
2296 4634 1
2296 1200 1
2296 1689 1
2296 3187 1
2296 1075 1
2296 5623 1
3492 3001 1
3492 4167 1
3492 4613 1
3492 1108 1
3492 2787 1
329 4102 1
329 6112 1
2732 682 1
281 2535 1
281 6269 1
281 2061 1
281 884 1
281 5429 1
3516 4459 1
3516 4983 1
3516 5342 1
3516 1498 1
5549 3634 1
2697 4782 1
2562 5239 1
4104 1527 1
1482 878 1
1482 3695 1
1482 489 1
1482 4982 1
599 4832 1
599 2005 1
2676 4101 1
4134 3373 1
3819 315 1
3819 25 1
2917 2010 1
3417 6232 1
3417 1532 1
3417 428 1
3417 4072 1
3417 3635 1
3417 5675 1
3417 887 1
3417 2159 1
3417 2336 1
3417 942 1
3155 1147 1
939 393 1
4990 5258 1
105 5201 1
779 6264 1
2449 2838 1
2020 6044 1
1630 2403 1
1630 852 1
6287 706 1
5784 3620 1
5784 1240 1
1148 460 1
1148 2300 1
1148 1770 1
1148 5553 1
1148 4744 1
6156 5849 1
1473 362 1
6120 1043 1
6120 4119 1
3291 1285 1
42 2579 1
5020 6253 1
5504 928 1
5245 4520 1
5245 838 1
5245 5156 1
5245 5968 1
5245 337 1
5245 6038 1
5245 587 1
5245 5697 1
5245 2901 1
5245 2153 1
5245 1133 1
5245 1887 1
5245 4036 1
5245 4852 1
5245 1381 1
978 292 1
5358 4014 1
5358 909 1
5358 4598 1
5358 2517 1
5358 1507 1
5358 4672 1
4769 5843 1
2078 580 1
2078 2280 1
2078 1716 1
2078 4132 1
2078 3944 1
158 193 1
6235 3679 1
6254 2638 1
6254 1467 1
6254 46 1
1791 597 1
5461 4930 1
5461 6278 1
5461 2495 1
5461 3929 1
5461 1677 1
5461 1631 1
5461 408 1
5461 1248 1
5461 747 1
5461 4798 1
5461 4009 1
5461 4062 1
1257 1572 1
1257 4215 1
1257 6203 1
1257 439 1
1257 5945 1
1257 943 1
2318 4839 1
430 2834 1
280 4278 1
3292 988 1
1514 1567 1
1514 1928 1
1514 1586 1
1514 3421 1
1514 5723 1
2948 5684 1
5826 3135 1
836 2123 1
3692 6184 1
664 1576 1
664 1727 1
5941 766 1
1945 2255 1
4452 5755 1
549 824 1
2925 1400 1
4197 4364 1
4197 162 1
453 639 1
2969 4445 1
2969 4645 1
2969 1717 1
70 4664 1
70 6282 1
70 1894 1
70 651 1
70 1916 1
70 1555 1
70 3942 1
4472 1195 1
215 4992 1
4108 5944 1
4698 4065 1
4698 5644 1
4698 3604 1
3612 4658 1
6193 2322 1
6193 991 1
4736 1246 1
3669 4007 1
1582 1617 1
2530 3088 1
6102 3689 1
989 2817 1
754 883 1
754 2757 1
754 5679 1
754 4593 1
754 57 1
754 5077 1
754 2844 1
754 5246 1
754 2826 1
754 4366 1
754 3438 1
754 3385 1
754 5498 1
754 3780 1
754 5840 1
754 3908 1
754 1700 1
754 1704 1
754 1486 1
754 3970 1
754 4585 1
754 4332 1
754 1339 1
754 634 1
754 4641 1
754 6177 1
754 6174 1
754 4335 1
754 351 1
754 1078 1
754 6276 1
754 6026 1
754 2171 1
754 2769 1
754 5501 1
754 4720 1
754 4097 1
754 4726 1
754 5603 1
754 5798 1
754 5275 1
754 5834 1
754 1179 1
754 1745 1
754 3410 1
754 2212 1
754 4436 1
754 5292 1
754 175 1
754 983 1
754 4869 1
5816 5871 1
5816 2574 1
2787 3742 1
2787 5758 1
2333 5896 1
2333 4295 1
2333 6230 1
2333 2222 1
6139 3913 1
5308 719 1
3632 211 1
3632 1626 1
3632 2502 1
4233 6049 1
3555 6078 1
3555 219 1
3555 3089 1
3555 133 1
3555 5905 1
5375 4888 1
5375 2804 1
5375 1556 1
5375 130 1
5375 4698 1
5375 1557 1
5375 4581 1
2854 1254 1
3410 4015 1
3410 694 1
3410 2554 1
3410 5568 1
2686 5676 1
2457 5072 1
3606 5836 1
3933 1378 1
3933 3170 1
3933 849 1
4757 3276 1
5995 3374 1
107 4254 1
1223 832 1
2133 2973 1
5518 3538 1
6246 2882 1
6246 3321 1
6246 5048 1
6131 126 1
1141 461 1
1141 1990 1
3013 5787 1
1140 6221 1
3661 372 1
781 3553 1
781 397 1
781 3433 1
864 6100 1
3733 2785 1
1170 3205 1
4425 3361 1
944 6227 1
944 3647 1
944 5352 1
944 1946 1
944 1000 1
944 6244 1
3528 3227 1
3528 712 1
3528 381 1
3528 4817 1
2461 5191 1
4646 178 1
4646 566 1
2485 2627 1
404 3067 1
404 4265 1
404 140 1
1251 5650 1
51 187 1
51 4234 1
2013 5039 1
2013 3677 1
4210 5087 1
6040 1636 1
2390 1573 1
1887 3283 1
5903 1863 1
3181 1060 1
2998 2003 1
2201 6169 1
5730 1540 1
5730 1605 1
5730 3475 1
5730 702 1
6090 238 1
4145 2332 1
3799 5559 1
3799 2166 1
3799 1315 1
3799 965 1
3799 5779 1
3799 631 1
3799 5317 1
3799 1003 1
3799 4906 1
1224 129 1
1224 3195 1
3293 5589 1
3293 2149 1
3293 308 1
3293 2370 1
3293 1328 1
3293 5730 1
3293 4872 1
5282 1615 1
5282 5352 1
5282 4700 1
5282 4551 1
5282 4632 1
5282 3090 1
5282 4476 1
5282 3663 1
5282 6031 1
5282 3587 1
5282 3497 1
5282 4217 1
5282 1204 1
5282 1946 1
5282 1000 1
5282 6244 1
4486 4713 1
4486 2780 1
4486 6009 1
2502 5121 1
2502 652 1
2502 157 1
2502 4412 1
2502 4790 1
2502 2141 1
2502 4597 1
2502 3496 1
2502 1146 1
2502 1470 1
2502 3799 1
2502 4245 1
2502 1081 1
2502 819 1
2502 3618 1
5061 5706 1
3848 2723 1
2143 5320 1
2143 3853 1
2143 934 1
2143 4442 1
2143 4356 1
2143 5935 1
2143 1070 1
2143 1494 1
2143 3404 1
2143 5998 1
2143 5240 1
2067 3786 1
2067 4450 1
5788 4543 1
5788 3785 1
5788 3811 1
5788 5303 1
5788 2564 1
5788 1019 1
5788 1329 1
5788 4979 1
5788 1481 1
5788 3322 1
5788 4615 1
5788 2393 1
2788 166 1
4612 3231 1
1583 250 1
5705 4775 1
5527 3972 1
2408 71 1
4341 4715 1
3099 4775 1
338 4463 1
1707 2940 1
1707 143 1
1707 1457 1
5177 4287 1
5864 1865 1
4468 6292 1
1006 528 1
1006 5463 1
33 3554 1
679 3652 1
3185 5176 1
4133 4094 1
598 4495 1
598 3522 1
598 1656 1
598 1565 1
598 2708 1
598 1298 1
598 3599 1
6114 5368 1
977 3063 1
4305 4482 1
6290 3889 1
4285 4481 1
4285 6165 1
4285 6181 1
4285 2852 1
4285 5260 1
2570 6056 1
3719 4532 1
1461 3743 1
1461 3115 1
1461 785 1
1461 5100 1
1461 2335 1
1461 629 1
1461 2356 1
1461 5310 1
1461 1286 1
3812 3236 1
3812 2243 1
3812 5524 1
3812 2406 1
3812 1354 1
3812 3030 1
3812 3020 1
3812 2047 1
3812 5788 1
3812 2436 1
3519 2789 1
3519 1208 1
3338 4352 1
5178 2056 1
4032 654 1
967 1471 1
967 559 1
967 664 1
967 5308 1
2537 1910 1
2537 622 1
2537 1643 1
2537 3551 1
5217 1288 1
3730 2398 1
3472 295 1
3472 952 1
1228 326 1
2802 1840 1
4651 2277 1
5086 3920 1
5086 4391 1
5086 3445 1
5086 3503 1
5086 708 1
5086 4017 1
5086 4941 1
5086 5322 1
2576 4441 1
749 4656 1
749 743 1
5438 4665 1
1312 5660 1
5777 2525 1
1797 2130 1
4821 1802 1
1036 6279 1
1036 689 1
2583 5897 1
2583 2731 1
2583 667 1
2583 4619 1
2583 5704 1
2583 5992 1
2583 5097 1
2583 1032 1
2583 4039 1
2583 5577 1
2583 2088 1
678 2328 1
2974 4996 1
2974 3436 1
5391 3388 1
5391 4611 1
5391 4980 1
5391 5171 1
5391 1947 1
5391 2015 1
2123 2094 1
2123 4083 1
2123 2598 1
5769 5610 1
5769 2968 1
5769 1482 1
5769 500 1
5769 98 1
335 4320 1
335 1585 1
335 3870 1
462 3329 1
1333 879 1
1081 5481 1
1081 339 1
1081 1871 1
1081 5018 1
1081 440 1
1081 2131 1
1081 4562 1
1081 863 1
1081 530 1
1081 1877 1
1081 3298 1
1081 1957 1
1081 1657 1
1081 96 1
1081 2270 1
1502 5161 1
1502 3895 1
2526 5802 1
4130 809 1
2878 1040 1
4288 3515 1
5376 2997 1
884 4253 1
884 4230 1
884 5202 1
884 5616 1
884 3382 1
884 5256 1
884 5795 1
884 4774 1
884 472 1
3427 3340 1
2600 3813 1
2600 4885 1
4456 2126 1
4456 1083 1
4456 5557 1
4456 155 1
4456 5419 1
4456 1478 1
4456 953 1
4456 5208 1
4456 1093 1
4456 4809 1
4456 1978 1
4456 4117 1
3223 5781 1
55 5459 1
1449 1149 1
2861 5494 1
2861 2089 1
2861 6117 1
177 1538 1
1349 6257 1
1349 2308 1
1349 2577 1
4443 1182 1
1049 1611 1
1049 4828 1
1049 1196 1
1049 4500 1
3940 3981 1
3940 4568 1
6241 2376 1
6241 3506 1
6241 2411 1
6241 3465 1
6241 5856 1
6241 4899 1
6241 6185 1
4340 149 1
4231 5409 1
3163 2316 1
1460 3516 1
1609 4763 1
2942 29 1
1527 1940 1
1527 726 1
1527 4365 1
1527 4704 1
1527 5713 1
1527 901 1
1527 834 1
1527 1316 1
1527 6237 1
1527 1714 1
1527 2282 1
1527 3915 1
1527 4182 1
1527 5029 1
1527 4220 1
1527 4863 1
1527 4814 1
1527 5025 1
1527 831 1
1527 1984 1
1527 1101 1
224 4710 1
2753 5756 1
4046 5889 1
4046 2782 1
4046 164 1
4046 1220 1
4046 5654 1
4046 4434 1
4046 2194 1
4046 3419 1
4046 3300 1
4046 3793 1
4046 1857 1
4046 2621 1
4046 3949 1
4046 2795 1
4046 5449 1
4046 3446 1
4046 3744 1
4046 251 1
4046 4928 1
4046 4776 1
4046 5739 1
4046 4988 1
4046 4643 1
4046 1012 1
4046 5228 1
4046 3429 1
4046 4783 1
394 5014 1
394 1738 1
1275 6262 1
5540 484 1
268 4796 1
3877 1776 1
4671 5381 1
4671 3631 1
4671 1320 1
4671 5996 1
4671 1305 1
4671 3900 1
4671 3151 1
4671 2552 1
4671 4502 1
1205 4784 1
63 492 1
236 4912 1
5510 1552 1
5510 3309 1
5510 4610 1
5510 4889 1
5510 1016 1
5510 2122 1
5510 4243 1
521 5687 1
2188 188 1
2741 5216 1
2741 4195 1
2741 137 1
2741 931 1
2741 6052 1
5005 3542 1
1755 4376 1
4406 2323 1
4406 2382 1
4406 4762 1
4406 303 1
5364 4139 1
5364 4993 1
4988 5783 1
4988 2394 1
4988 3909 1
4988 2688 1
748 5548 1
748 4727 1
748 3770 1
748 2700 1
748 4847 1
748 6226 1
748 5237 1
748 4789 1
748 1645 1
6153 2281 1
2665 1814 1
3441 5924 1
4905 2041 1
4905 1763 1
5289 4364 1
483 5196 1
483 2822 1
483 3649 1
6268 5332 1
6268 6265 1
1654 1785 1
1654 1376 1
1654 3520 1
1654 3323 1
1654 5881 1
1654 6098 1
1654 2717 1
1654 691 1
2857 4770 1
1099 60 1
1099 509 1
1099 4961 1
1099 4816 1
1099 2309 1
1099 1829 1
1099 2729 1
1099 5162 1
1099 3402 1
1099 6178 1
1099 2604 1
1099 3796 1
1099 4164 1
1099 862 1
1099 1592 1
1099 190 1
1099 4972 1
1099 2906 1
1099 6011 1
1099 3462 1
1099 792 1
1099 3190 1
1099 4741 1
1099 5673 1
1099 5187 1
1099 5251 1
1099 4225 1
1099 2933 1
1099 1921 1
1099 3415 1
1099 1337 1
1099 1269 1
1099 3965 1
1099 4932 1
1099 1487 1
1099 3868 1
1099 1765 1
1099 3589 1
1099 1999 1
1099 5190 1
1099 4649 1
1099 4121 1
1099 5250 1
1099 191 1
1099 3718 1
1099 4689 1
1099 217 1
1099 269 1
1099 2885 1
1099 5000 1
1099 378 1
1099 4630 1
1099 4958 1
276 3370 1
276 5990 1
276 4524 1
276 5973 1
276 4878 1
360 641 1
6067 3648 1
3628 1994 1
3062 4458 1
3062 2210 1
1142 2702 1
1142 3327 1
1142 1806 1
1142 6189 1
1142 3633 1
1142 4522 1
1142 3243 1
957 2994 1
807 1033 1
807 4786 1
4077 538 1
3017 976 1
1795 3268 1
1795 3766 1
2150 3355 1
6248 5428 1
5392 2773 1
5035 1952 1
3578 4279 1
3578 4005 1
3578 4178 1
3578 4144 1
3578 658 1
519 4669 1
519 4127 1
519 4696 1
519 2551 1
4223 4131 1
4223 1129 1
3974 1786 1
3974 5362 1
3974 1883 1
854 4955 1
3126 2181 1
3126 2653 1
5943 561 1
5943 396 1
5943 5244 1
5943 4413 1
5943 6083 1
5241 2840 1
3453 459 1
3453 4288 1
2818 5251 1
4489 2805 1
2468 2541 1
4342 225 1
5429 3449 1
5429 285 1
5429 5220 1
5429 2489 1
5429 1474 1
5429 3749 1
2550 3381 1
2028 687 1
2028 2815 1
2028 5140 1
2028 6057 1
2028 3523 1
2028 3536 1
2028 2497 1
3640 3797 1
739 1493 1
739 6219 1
739 5460 1
739 867 1
739 614 1
3351 869 1
791 161 1
791 5291 1
791 5290 1
791 1340 1
791 1458 1
5721 6106 1
5658 5614 1
6059 2239 1
6059 2354 1
6059 2515 1
6059 1453 1
6059 3271 1
3104 1769 1
3104 1731 1
5876 3750 1
4080 481 1
4080 1308 1
1153 432 1
1153 5604 1
1153 2071 1
1153 434 1
1153 3899 1
1738 3494 1
1738 2427 1
1738 3379 1
83 2240 1
882 1846 1
1143 6013 1
6041 2479 1
3684 2547 1
4284 4181 1
98 2830 1
98 5569 1
98 3130 1
98 828 1
98 6095 1
970 1001 1
3827 3003 1
4507 4222 1
4507 418 1
1326 2971 1
1933 3239 1
1933 4559 1
282 1637 1
59 3324 1
277 5708 1
277 3295 1
1507 5794 1
1507 6211 1
1507 2747 1
3705 3875 1
2436 464 1
2436 2364 1
2436 3393 1
2436 3988 1
2436 3558 1
2436 2348 1
2436 1323 1
2436 1539 1
2436 5738 1
2436 5538 1
2436 2718 1
2436 4479 1
2436 5988 1
3649 1313 1
3649 1380 1
3649 1533 1
1987 3993 1
6016 2140 1
3160 1506 1
3160 5488 1
3160 1406 1
3160 2092 1
3160 5011 1
3160 3317 1
3160 1372 1
3160 5515 1
3160 5171 1
3160 3597 1
3160 3852 1
5335 5439 1
5335 893 1
5399 4705 1
3550 1616 1
737 3318 1
4799 4410 1
4799 900 1
4799 1680 1
4595 1822 1
4595 4184 1
5778 5629 1
4148 5385 1
2350 5265 1
4274 4690 1
2719 4642 1
265 5593 1
2655 2927 1
2655 88 1
2655 227 1
2896 4297 1
2896 778 1
2896 382 1
2896 2699 1
2896 1651 1
2896 5983 1
2896 3493 1
2896 102 1
2896 2283 1
2896 1848 1
2896 2451 1
2896 5391 1
3007 4898 1
1841 2480 1
3655 4685 1
1646 1992 1
1646 3396 1
2463 1343 1
2463 3686 1
2463 4185 1
2463 817 1
2463 1290 1
2463 6294 1
2463 1789 1
2463 1225 1
2628 5949 1
2418 4567 1
1620 3330 1
1620 2758 1
6270 5324 1
320 2548 1
5135 926 1
3399 1241 1
676 4986 1
676 4666 1
676 2527 1
676 5817 1
5829 195 1
5829 3307 1
3747 4708 1
3747 4827 1
3747 2698 1
2102 2853 1
2102 5261 1
2102 6249 1
4872 4820 1
1062 272 1
1062 3431 1
1062 5695 1
4153 2610 1
45 1528 1
45 3776 1
45 4516 1
20 2512 1
752 4227 1
6130 5554 1
6130 1082 1
6168 2213 1
6168 3016 1
6168 4564 1
6168 2926 1
6168 2965 1
6168 4403 1
6168 3458 1
6168 6263 1
6168 3456 1
6168 316 1
6168 1761 1
6168 5575 1
6168 6284 1
6168 1079 1
6168 204 1
6168 1752 1
6168 2596 1
6168 3761 1
6168 2766 1
6168 3975 1
6168 1102 1
6168 2612 1
6168 3694 1
6168 1370 1
6168 718 1
6168 971 1
6168 253 1
5886 2256 1
5886 2391 1
5886 5900 1
5886 2801 1
5886 4844 1
5886 656 1
5886 1929 1
5886 1302 1
5886 2099 1
5886 3072 1
5886 2975 1
5886 5771 1
5886 20 1
85 1084 1
3726 5888 1
3726 542 1
1381 5963 1
1381 3400 1
1381 3829 1
1381 3109 1
1381 4171 1
1381 4922 1
1381 6029 1
1381 5526 1
1381 302 1
1381 1634 1
1381 2980 1
1381 2057 1
1381 3739 1
1381 2859 1
1381 5766 1
1381 1853 1
1381 3350 1
1381 5975 1
1381 4344 1
1381 5865 1
1381 5807 1
1381 4508 1
1381 5253 1
1381 2325 1
1381 414 1
1381 5037 1
1381 4917 1
1381 4530 1
4260 5421 1
4260 4110 1
4260 6232 1
4260 647 1
4260 3984 1
4260 916 1
4260 5775 1
4260 5390 1
4260 307 1
4260 1922 1
4260 1861 1
5782 5923 1
5782 273 1
5782 4787 1
5782 6081 1
5804 5407 1
5105 5737 1
5105 6121 1
5105 2463 1
1181 4875 1
4869 861 1
4869 5301 1
4869 1543 1
4869 1222 1
4869 5234 1
4869 4325 1
4869 4873 1
4869 3294 1
4869 3114 1
5 782 1
1793 5280 1
1793 4196 1
4510 663 1
2405 2989 1
2158 2062 1
3455 704 1
4109 2532 1
6002 3177 1
6002 1860 1
6002 6070 1
6002 4907 1
4429 5179 1
783 1904 1
5950 1607 1
3721 4629 1
625 1165 1
681 1792 1
681 2384 1
681 3578 1
457 3797 1
4444 3405 1
5932 5598 1
4642 4774 1
1962 4718 1
1962 64 1
1962 5850 1
1962 2860 1
2539 5724 1
4860 4590 1
4860 5903 1
1521 5473 1
1521 672 1
1521 3466 1
1521 5933 1
1521 144 1
1521 5842 1
1521 2312 1
1521 5822 1
1521 1056 1
1521 762 1
1521 266 1
1521 1127 1
1521 4056 1
1521 1598 1
1521 2918 1
1521 5595 1
1521 1260 1
1521 825 1
1521 4000 1
1521 4867 1
4792 4616 1
3019 2075 1
2037 1018 1
2037 2000 1
2037 4959 1
2037 1114 1
2037 1151 1
2037 5544 1
2037 4891 1
2037 4753 1
2037 2781 1
2037 6298 1
2037 5398 1
2037 3660 1
2037 5050 1
2037 2233 1
2037 1885 1
2037 4266 1
2037 5058 1
2037 3150 1
2037 5700 1
2037 3844 1
2037 380 1
2037 3815 1
2037 4478 1
2037 281 1
2037 1647 1
2037 3005 1
2037 3057 1
2037 5436 1
2037 3081 1
2037 1393 1
2037 3820 1
2037 5726 1
2037 7 1
2037 2537 1
2037 4760 1
2037 4046 1
2037 748 1
2037 1142 1
2037 2028 1
2037 5408 1
2037 3580 1
2037 4969 1
2037 5750 1
2037 4260 1
2037 2783 1
2037 4411 1
4824 3605 1
3180 1766 1
1204 4466 1
1204 6186 1
1204 5268 1
1204 4606 1
1204 763 1
1204 1504 1
5016 1086 1
3716 1109 1
3716 905 1
3716 1973 1
3716 4538 1
3716 1100 1
3716 2880 1
4371 676 1
2567 6045 1
3501 4818 1
478 607 1
1318 2260 1
4506 1425 1
4506 3359 1
4506 3094 1
4506 5890 1
4506 4449 1
4506 4517 1
3342 6212 1
5048 4147 1
138 5184 1
138 2115 1
3535 2417 1
2722 4864 1
2722 5485 1
2428 2314 1
2428 1836 1
4749 4644 1
2302 582 1
5827 1074 1
1443 4093 1
3881 3222 1
3881 2772 1
3881 4251 1
3881 5745 1
3881 1409 1
3881 3698 1
2152 4758 1
2152 1754 1
2152 1942 1
649 4795 1
3049 208 1
4947 2086 1
4947 5528 1
4947 4162 1
4947 5453 1
4947 2907 1
4947 3775 1
4947 699 1
4947 3203 1
4947 1480 1
4947 1014 1
4947 1706 1
5970 4236 1
5970 2439 1
253 4824 1
4985 443 1
149 3932 1
3096 330 1
3363 2304 1
2181 2244 1
2181 3575 1
2181 4560 1
2181 1516 1
2181 1353 1
3873 1156 1
3873 1898 1
573 5397 1
2771 1772 1
4446 4259 1
4446 2095 1
4446 3757 1
1954 3237 1
5320 1788 1
1491 2162 1
5106 5315 1
48 5901 1
3296 5331 1
5041 3514 1
4221 1317 1
4221 3461 1
5281 871 1
5281 609 1
242 6190 1
4904 1015 1
3318 4942 1
3318 5214 1
5186 2721 1
211 5229 1
211 3763 1
211 4124 1
211 4900 1
211 1436 1
211 5812 1
5015 4322 1
5015 5909 1
5015 5702 1
5015 205 1
5010 4204 1
5610 1568 1
5610 5165 1
5610 24 1
5610 3570 1
5610 1590 1
4022 5703 1
4022 2533 1
4022 1430 1
4022 4258 1
3659 4433 1
3659 6151 1
1636 5091 1
1535 2251 1
1535 5720 1
805 5980 1
157 4106 1
157 336 1
3278 2869 1
3278 31 1
3225 5164 1
3225 183 1
3225 933 1
3225 2214 1
3225 2954 1
3225 14 1
3225 2045 1
2000 3254 1
2602 3263 1
2602 2930 1
2602 3914 1
69 871 1
3979 2979 1
3979 4224 1
1045 5748 1
4800 1958 1
4800 5299 1
4800 3864 1
2263 5163 1
4735 6123 1
4735 1130 1
4735 6195 1
1911 3439 1
3481 816 1
3481 1116 1
5396 2172 1
129 5505 1
2272 3448 1
2272 1432 1
2272 3132 1
1790 2745 1
1790 1025 1
1960 547 1
4804 1577 1
4263 5743 1
121 6182 1
121 5718 1
121 5406 1
121 3002 1
121 5621 1
121 5349 1
5167 1265 1
4772 4286 1
4772 5318 1
4772 703 1
4772 4470 1
4772 1520 1
4772 3590 1
4772 1264 1
4772 5199 1
3842 185 1
1641 1719 1
1641 5892 1
1641 4252 1
1641 4323 1
1641 4068 1
1641 366 1
2834 5373 1
2834 3614 1
4380 3041 1
4380 5630 1
4380 5525 1
4380 686 1
4380 3420 1
4380 999 1
4380 1255 1
4380 881 1
4380 4822 1
4380 212 1
4380 1489 1
4380 4172 1
899 5073 1
5871 4707 1
3470 4579 1
5196 5691 1
5196 4419 1
5196 4115 1
5196 2381 1
2733 2053 1
2733 2036 1
4338 498 1
3760 3892 1
2438 249 1
3138 3394 1
1742 1541 1
1742 709 1
4448 3510 1
4227 5920 1
1042 99 1
4078 1708 1
1188 1961 1
1188 5542 1
1188 3894 1
5544 5153 1
5544 4949 1
5900 5934 1
5900 2784 1
5900 2849 1
5900 973 1
5900 3702 1
1132 2119 1
2163 128 1
2163 5841 1
2163 1906 1
2801 1456 1
2801 2410 1
2801 5725 1
2313 5844 1
2313 5327 1
1008 171 1
354 1076 1
3196 2636 1
3196 2595 1
3196 1872 1
1865 479 1
1865 5413 1
1865 2921 1
1865 6198 1
1865 3033 1
606 6141 1
606 2346 1
606 4599 1
917 5682 1
5749 3091 1
5749 5238 1
1476 163 1
3772 5978 1
3772 3961 1
3772 353 1
4737 3910 1
3355 5046 1
2295 3904 1
2295 6209 1
2253 2063 1
2253 810 1
3272 3439 1
3272 1386 1
3272 3540 1
3272 11 1
3272 2023 1
3272 594 1
3272 662 1
3272 2360 1
5032 3584 1
5032 5874 1
3208 2796 1
3208 724 1
3208 844 1
5645 4331 1
5645 820 1
4847 1159 1
4847 424 1
4576 4042 1
3415 811 1
3415 4622 1
736 2330 1
736 4952 1
736 1041 1
5852 4326 1
5852 2674 1
4694 3543 1
1642 3857 1
1642 1892 1
1642 3946 1
1642 4177 1
1642 5965 1
270 4399 1
1236 5051 1
1236 3407 1
1236 2444 1
1236 3846 1
1236 5482 1
1236 4264 1
4980 5410 1
5968 5021 1
693 5536 1
693 2727 1
693 239 1
3972 4916 1
1850 643 1
4337 1068 1
2446 1454 1
2171 4051 1
5194 3045 1
5194 3372 1
3257 2177 1
2964 1274 1
2964 3157 1
2964 2363 1
2964 3121 1
2964 384 1
2964 2074 1
2964 2623 1
2964 865 1
2964 5692 1
1937 5283 1
1108 1342 1
1108 6138 1
1108 1051 1
1108 1046 1
1108 5321 1
3145 1749 1
3145 3906 1
5058 866 1
4780 6021 1
4780 3280 1
4780 5835 1
2666 3650 1
2424 3091 1
1367 1198 1
1367 5825 1
1367 6239 1
1367 1201 1
6197 4360 1
1710 3872 1
1710 1935 1
1710 4692 1
1710 4382 1
1710 806 1
1710 1358 1
1710 5360 1
2792 216 1
2792 2009 1
3365 4812 1
3150 3954 1
4777 5377 1
4777 4389 1
4777 2289 1
4777 2531 1
4777 3818 1
194 5952 1
194 2190 1
194 717 1
194 2235 1
5249 1837 1
5249 1737 1
5914 3767 1
5914 2429 1
5914 4427 1
5914 858 1
587 1034 1
587 3079 1
587 3485 1
587 2203 1
587 1753 1
68 169 1
68 1746 1
589 4552 1
589 5470 1
589 5586 1
589 5609 1
589 3865 1
589 328 1
589 2352 1
589 3284 1
589 5420 1
589 5435 1
589 5670 1
589 2967 1
589 1178 1
589 1547 1
589 3430 1
589 6027 1
4729 5347 1
4729 1122 1
4729 3240 1
4603 4462 1
2001 2605 1
2001 4146 1
2001 4743 1
2001 5533 1
2001 1681 1
2001 1553 1
2001 3898 1
5197 2259 1
5197 4830 1
5197 139 1
5197 525 1
5197 5414 1
5197 786 1
5197 1227 1
5197 5204 1
5197 1063 1
5197 4648 1
5197 640 1
5197 3968 1
5197 1162 1
5197 695 1
5197 992 1
5197 5132 1
5197 2963 1
5197 2759 1
5197 6170 1
5197 5768 1
5197 4487 1
5197 1828 1
5197 2622 1
5197 2252 1
5197 5859 1
3657 5597 1
3657 1294 1
3657 2032 1
3657 290 1
3657 5207 1
2871 2377 1
2871 615 1
2871 4914 1
1593 3903 1
1593 4702 1
6103 2760 1
6103 1267 1
6103 5341 1
6103 2098 1
6103 3152 1
6103 502 1
6103 5810 1
6103 1851 1
6103 2812 1
6103 3996 1
6103 4668 1
6103 274 1
6103 2134 1
6103 34 1
485 1440 1
6144 888 1
4120 796 1
4120 2836 1
1977 2696 1
3192 2237 1
3192 499 1
3192 1026 1
3192 2657 1
3192 4944 1
3192 4239 1
3503 3532 1
6146 2169 1
3020 2534 1
5538 35 1
5499 2409 1
3815 4407 1
3667 4825 1
5866 6154 1
588 2236 1
5273 2493 1
5273 2120 1
5273 3646 1
5273 4066 1
5273 4187 1
281 5729 1
281 4657 1
5404 4748 1
599 2267 1
599 4473 1
5245 2911 1
5245 1612 1
415 254 1
5461 2847 1
5461 1347 1
5461 721 1
5461 2678 1
2969 4745 1
70 3665 1
70 4485 1
70 5957 1
70 6129 1
754 2709 1
754 2017 1
754 2970 1
754 1628 1
754 304 1
2787 2807 1
3632 2366 1
3632 1618 1
3632 267 1
3632 3594 1
3632 4061 1
3632 1450 1
3632 109 1
3632 1186 1
5436 3189 1
5436 3729 1
4577 6291 1
4577 1594 1
4577 5974 1
2133 2407 1
6246 3611 1
3013 4404 1
781 2716 1
781 6199 1
781 6245 1
781 1024 1
781 5753 1
781 3500 1
781 361 1
781 5417 1
781 1589 1
781 5326 1
781 4126 1
781 3711 1
781 896 1
404 5466 1
5903 2680 1
3799 4151 1
5282 545 1
5282 2018 1
5282 4768 1
5282 1282 1
5282 642 1
2502 2713 1
2502 1649 1
2502 5586 1
2502 5609 1
2143 720 1
2143 3805 1
2143 5921 1
2143 5919 1
5788 4793 1
5788 3948 1
5788 906 1
5788 2478 1
3812 6207 1
1797 5640 1
2583 2478 1
2583 515 1
2583 930 1
2583 5181 1
2583 305 1
2583 3339 1
4456 4561 1
4456 5578 1
2817 6055 1
309 6250 1
1527 4180 1
4046 3568 1
268 1950 1
5409 199 1
5409 377 1
5510 3313 1
5510 1346 1
5510 4764 1
2741 222 1
2741 114 1
2741 3651 1
2741 3459 1
748 1291 1
1099 5254 1
1099 4191 1
1099 2435 1
1099 5574 1
1099 6032 1
2977 6289 1
791 2714 1
6059 4850 1
1738 2254 1
3139 5144 1
3139 5333 1
3139 4829 1
3139 2077 1
98 5894 1
4507 5403 1
4507 850 1
4507 5884 1
633 2879 1
1507 951 1
1507 5359 1
5416 4791 1
5416 3841 1
3160 4422 1
2015 1749 1
2896 1117 1
2896 685 1
2896 2205 1
4566 356 1
2463 5410 1
2463 692 1
2463 4574 1
3747 1289 1
3747 4553 1
45 4571 1
45 1484 1
45 2025 1
45 54 1
45 2500 1
45 4232 1
45 6283 1
45 2523 1
45 5620 1
45 3141 1
6168 1005 1
6168 3299 1
6168 445 1
6168 3817 1
5886 3395 1
5886 5066 1
5886 2990 1
4869 696 1
4869 3423 1
1521 5455 1
2037 3670 1
2037 4865 1
2037 310 1
2037 3442 1
2037 5814 1
2037 2912 1
2037 610 1
3716 4306 1
3716 4803 1
6293 663 1
616 1001 1
2923 3182 1
2400 2459 1
3801 248 1
4781 5576 1
2287 5576 1
2652 6133 1
1655 3768 1
3670 2043 1
3670 2200 1
3670 4120 1
2334 3272 1
2334 3688 1
2999 2284 1
1252 2723 1
5401 93 1
1231 6010 1
1231 1977 1
1231 5880 1
501 2279 1
3 95 1
5069 805 1
1897 2248 1
3161 3160 1
3982 2580 1
3982 2462 1
3982 3470 1
3982 3486 1
3982 917 1
3982 94 1
3982 1642 1
3982 5378 1
3982 4249 1
3982 588 1
3982 2875 1
3982 5784 1
3982 3619 1
3982 4317 1
4499 4078 1
4505 2624 1
4505 3008 1
4194 5282 1
5164 606 1
2555 3802 1
2947 452 1
3822 1259 1
4277 2952 1
544 1210 1
1618 2283 1
1618 2442 1
1618 1951 1
5093 1019 1
406 1463 1
406 1355 1
406 78 1
406 2528 1
3945 4069 1
4319 4213 1
5740 69 1
919 5226 1
2226 5886 1
2510 3657 1
5339 1556 1
5458 5197 1
4673 2446 1
4673 4778 1
4673 903 1
3529 4871 1
2670 3261 1
4994 2861 1
898 3225 1
4247 3557 1
4228 3785 1
4640 4989 1
4962 4002 1
1366 4011 1
1966 184 1
2082 340 1
1131 1747 1
3334 4823 1
3334 5365 1
660 1132 1
660 3250 1
4214 1367 1
2301 3491 1
4321 3843 1
3343 3973 1
341 804 1
341 567 1
341 4153 1
2646 255 1
261 1845 1
261 5715 1
986 189 1
65 912 1
3167 4887 1
3937 2382 1
1949 1535 1
1949 1284 1
1949 376 1
3992 4350 1
5971 1438 1
352 3025 1
39 48 1
39 4390 1
1964 5015 1
1048 2922 1
3983 3513 1
1900 2058 1
1281 3679 1
842 3018 1
6066 6122 1
6066 971 1
6243 3331 1
5469 5245 1
5796 5194 1
5796 1183 1
1537 1697 1
84 2667 1
2625 3812 1
4719 1998 1
733 6224 1
2806 2019 1
4362 5677 1
1870 683 1
5959 2133 1
4550 4506 1
2031 636 1
2031 3703 1
3935 3234 1
552 5509 1
1995 4070 1
4884 3264 1
910 4221 1
3380 2738 1
1169 2792 1
1169 276 1
784 6179 1
1729 3562 1
5117 4804 1
5117 1515 1
5982 3344 1
5982 3139 1
1311 194 1
3571 5083 1
1038 5914 1
1993 2166 1
3320 2964 1
921 1301 1
3061 1521 1
1348 1777 1
103 5668 1
5823 3363 1
5823 2982 1
2740 1724 1
2546 6079 1
2546 907 1
2291 693 1
1123 405 1
1722 1249 1
2147 4250 1
5556 739 1
1031 2191 1
5872 2582 1
1997 6103 1
468 2777 1
482 2777 1
235 5389 1
119 497 1
3202 5189 1
5395 1877 1
2208 1981 1
1508 6103 1
1982 5516 1
1221 1215 1
5940 138 1
1678 4374 1
4892 1762 1
5573 1359 1
1415 2037 1
4723 3083 1
1744 2466 1
5133 2501 1
4125 4022 1
365 6002 1
4964 4601 1
2661 4601 1
1314 754 1
4686 1775 1
1472 1815 1
3626 1955 1
908 1825 1
3434 5003 1
3434 5594 1
3434 3022 1
3434 5198 1
3434 2100 1
4480 4327 1
5489 4794 1
49 3901 1
1058 5404 1
2563 3013 1
3872 3745 1
4680 3286 1
2750 1755 1
2645 3842 1
123 247 1
123 2602 1
123 4312 1
123 6258 1
5579 2087 1
5579 2308 1
3714 5792 1
1009 4380 1
2127 2888 1
1073 5584 1
3401 1412 1
5462 5801 1
5462 4978 1
3068 3928 1
3625 1447 1
1934 364 1
1976 4520 1
761 3531 1
6087 5424 1
3756 5831 1
4924 1757 1
370 2897 1
5081 6295 1
1187 4777 1
1691 3054 1
5989 601 1
765 4913 1
1830 4268 1
2813 3699 1
4635 1654 1
2593 4192 1
4465 121 1
5193 3042 1
886 5328 1
6266 2464 1
6266 4575 1
2656 4392 1
2737 5450 1
4455 1439 1
5833 6206 1
6092 5067 1
386 3925 1
5206 5857 1
12 4543 1
12 4979 1
2423 3967 1
3184 3544 1
591 3426 1
4951 6089 1
4545 5786 1
5271 1111 1
3488 6229 1
2268 1199 1
2768 2288 1
3569 4940 1
4851 2476 1
3390 2083 1
6172 4393 1
5830 645 1
3755 2873 1
403 4446 1
2752 5987 1
5456 759 1
2389 5454 1
2935 1345 1
3850 2250 1
5004 6115 1
3009 1239 1
4750 467 1
646 1154 1
435 3710 1
1080 3096 1
1080 4275 1
3315 635 1
2672 3981 1
2029 2793 1
946 5330 1
1774 5585 1
3989 2536 1
1094 5325 1
476 3934 1
476 5141 1
6015 3463 1
6001 837 1
2876 287 1
2068 2313 1
1884 1303 1
5607 3356 1
433 4694 1
3226 1500 1
3226 5425 1
5997 4957 1
5558 3479 1
3232 3572 1
6071 491 1
5967 2415 1
5967 5457 1
4563 4305 1
6201 3070 1
4296 5062 1
1037 5167 1
4345 1639 1
4345 1036 1
87 602 1
3783 5947 1
5079 4269 1
5694 6053 1
4856 4974 1
5902 5168 1
4840 5188 1
979 4430 1
2894 1442 1
4418 1090 1
3884 3507 1
1321 4534 1
3609 1310 1
1971 3644 1
5951 1125 1
1399 1125 1
1168 111 1
116 857 1
5305 5344 1
4724 220 1
4509 396 1
2945 4576 1
1513 5858 1
1513 1783 1
2902 4355 1
3450 2799 1
1939 4475 1
5363 2725 1
6132 3499 1
6107 4456 1
1660 289 1
4157 4577 1
1398 120 1
2681 3632 1
875 5219 1
875 4301 1
1300 1219 1
1510 122 1
228 3397 1
789 3332 1
3636 3656 1
3207 2295 1
2030 4763 1
962 984 1
4016 1923 1
4003 3102 1
4111 2549 1
2338 1549 1
2850 1549 1
90 3134 1
929 1938 1
2749 562 1
1059 2932 1
2125 5522 1
716 2136 1
3469 369 1
3668 5338 1
593 4454 1
569 6168 1
1407 5430 1
5663 3303 1
5875 6119 1
4161 2841 1
6204 2733 1
4880 3987 1
4740 1896 1
81 5563 1
1350 5106 1
1350 3173 1
1394 4772 1
618 5191 1
2715 2231 1
1098 2506 1
5649 342 1
2631 5353 1
1548 1684 1
1548 5273 1
1548 483 1
677 3149 1
711 3659 1
5329 4959 1
1751 1072 1
5634 429 1
3131 2012 1
771 4460 1
1687 1868 1
2265 3541 1
605 876 1
605 182 1
146 5622 1
4163 243 1
4163 3991 1
2204 1937 1
2540 1402 1
2228 463 1
2195 346 1
2660 5592 1
1362 5571 1
314 1841 1
4721 2986 1
400 5806 1
275 297 1
4272 5109 1
348 1595 1
4034 2758 1
4237 5104 1
5056 3999 1
5056 4294 1
3111 72 1
987 1459 1
4755 5986 1
1325 2840 1
2863 2368 1
2472 5517 1
186 936 1
1874 2209 1
4670 486 1
6007 2117 1
5115 4244 1
2511 3718 1
994 4290 1
2107 4625 1
5733 4883 1
6084 5993 1
4408 5281 1
1740 485 1
5045 2225 1
5678 1659 1
3100 2991 1
4902 1499 1
6223 2649 1
3734 4754 1
263 5302 1
1104 1091 1
877 6128 1
698 5346 1
1578 5855 1
4521 2900 1
80 2221 1
2751 6147 1
5570 2903 1
2142 438 1
3447 3980 1
5284 2153 1
853 5439 1
2839 3930 1
5506 3897 1
2426 209 1
5345 2112 1
4431 1331 1
4565 6167 1
4494 1479 1
1723 3080 1
1816 142 1
2949 3517 1
1703 1665 1
751 2078 1
206 5772 1
4488 4663 1
3249 2456 1
3249 232 1
1890 1932 1
327 1368 1
1157 2128 1
1157 4152 1
5082 1563 1
6023 197 1
3037 197 1
5130 3832 1
4103 2892 1
180 5529 1
3238 4215 1
5169 1045 1
1679 2487 1
3924 4628 1
5008 36 1
5195 156 1
2247 2272 1
2380 975 1
17 1006 1
3171 5094 1
1387 1334 1
2556 5641 1
575 2163 1
5212 2778 1
3039 855 1
972 268 1
851 1542 1
3912 5405 1
3600 3630 1
1741 2361 1
1247 2397 1
3092 4008 1
1299 3259 1
3398 6222 1
2572 5532 1
2545 4573 1
4935 5147 1
2794 1692 1
4806 2566 1
1959 3762 1
1268 5624 1
6124 1276 1
1908 1276 1
4084 4241 1
4826 3862 1
5939 3440 1
4895 5113 1
3985 1812 1
2962 1798 1
3964 3040 1
5638 1707 1
2401 4271 1
4349 5411 1
6039 829 1
2189 3938 1
2779 3766 1
6033 808 1
118 4836 1
5185 4602 1
4179 3358 1
91 6099 1
1004 5562 1
5716 3481 1
477 1411 1
4977 781 1
1832 5712 1
5063 6104 1
3098 6104 1
2874 5642 1
3053 3623 1
2154 2378 1
2814 53 1
2499 4135 1
5958 5915 1
311 2629 1
5608 1641 1
6173 2823 1
4896 539 1
4674 1867 1
4276 4076 1
6075 68 1
1197 1859 1
3480 1099 1
5440 2748 1
4973 5158 1
4469 5170 1
2976 1309 1
1991 4448 1
