362 240 1
231 384 1
150 194 1
507 59 1
186 156 1
284 504 1
273 129 1
219 159 1
124 223 1
41 276 1
165 76 1
434 222 1
51 385 1
79 471 1
330 208 1
285 81 1
323 88 1
168 274 1
162 334 1
341 169 1
213 518 1
116 210 1
347 317 1
78 158 1
242 86 1
60 424 1
12 281 1
351 141 1
13 513 1
130 335 1
130 204 1
110 181 1
137 406 1
75 481 1
466 153 1
466 336 1
466 280 1
466 516 1
86 500 1
86 439 1
112 261 1
398 417 1
246 508 1
409 367 1
23 272 1
294 17 1
498 405 1
425 279 1
490 38 1
32 468 1
470 376 1
447 225 1
152 355 1
152 454 1
152 282 1
202 30 1
379 159 1
491 492 1
525 14 1
475 94 1
475 366 1
522 441 1
144 155 1
340 247 1
260 52 1
342 356 1
205 7 1
173 117 1
126 251 1
20 483 1
20 105 1
343 407 1
17 263 1
17 333 1
17 106 1
478 142 1
395 77 1
27 184 1
445 230 1
101 108 1
31 364 1
304 271 1
301 346 1
301 292 1
519 233 1
380 261 1
99 42 1
404 111 1
49 97 1
310 217 1
234 24 1
129 224 1
400 62 1
227 201 1
125 44 1
125 270 1
125 403 1
125 404 1
125 5 1
264 35 1
29 236 1
422 318 1
413 512 1
113 383 1
435 508 1
435 488 1
435 190 1
133 530 1
421 289 1
216 11 1
233 168 1
233 293 1
365 100 1
298 251 1
293 84 1
399 504 1
504 96 1
461 149 1
311 526 1
479 45 1
368 85 1
352 43 1
436 163 1
467 357 1
179 199 1
515 443 1
33 188 1
198 328 1
312 390 1
147 319 1
275 299 1
459 170 1
140 68 1
396 394 1
396 2 1
326 496 1
381 461 1
63 432 1
505 174 1
38 391 1
38 57 1
38 25 1
255 423 1
302 218 1
17 119 1
17 259 1
410 303 1
410 50 1
410 354 1
524 91 1
233 472 1
68 431 1
438 331 1
436 9 1
462 172 1
38 361 1
387 135 1
98 397 1
70 61 1
370 495 1
72 210 1
1 412 1
324 139 1
160 453 1
419 369 1
506 456 1
128 414 1
371 38 1
250 393 1
6 325 1
89 418 1
89 46 1
200 437 1
148 478 1
157 332 1
254 131 1
109 39 1
209 300 1
455 103 1
493 122 1
53 146 1
189 449 1
235 434 1
171 139 1
211 143 1
211 107 1
489 291 1
337 161 1
127 83 1
313 446 1
241 192 1
241 64 1
510 469 1
120 167 1
244 256 1
411 442 1
411 265 1
114 358 1
92 465 1
392 220 1
22 134 1
338 249 1
338 21 1
197 436 1
73 491 1
195 74 1
487 58 1
15 62 1
373 177 1
359 344 1
185 237 1
132 176 1
132 348 1
402 136 1
452 110 1
477 173 1
258 8 1
277 196 1
69 517 1
10 410 1
288 138 1
420 191 1
482 262 1
47 360 1
486 339 1
297 339 1
278 329 1
278 175 1
278 82 1
464 226 1
54 203 1
415 101 1
457 314 1
80 221 1
388 266 1
145 320 1
374 443 1
48 55 1
48 408 1
502 428 1
40 23 1
283 239 1
187 372 1
187 309 1
123 433 1
267 125 1
308 125 1
238 485 1
65 466 1
102 377 1
66 166 1
154 520 1
476 215 1
499 521 1
93 528 1
511 183 1
252 474 1
426 3 1
451 305 1
296 524 1
26 164 1
36 523 1
286 349 1
28 16 1
67 121 1
212 463 1
178 386 1
450 243 1
416 193 1
290 232 1
228 427 1
248 430 1
87 497 1
206 253 1
71 255 1
104 448 1
527 268 1
473 95 1
514 421 1
501 345 1
19 257 1
321 295 1
34 306 1
429 353 1
56 378 1
18 378 1
401 438 1
440 208 1
444 90 1
287 375 1
529 151 1
180 316 1
307 214 1
315 460 1
494 229 1
480 327 1
503 484 1
382 484 1
458 350 1
389 509 1
322 37 1
245 118 1
363 207 1
115 4 1
182 269 1
