11 148 1
279 345 1
279 573 1
279 230 1
187 181 1
187 88 1
344 111 1
338 115 1
338 475 1
338 127 1
338 399 1
338 61 1
338 465 1
124 160 1
124 540 1
124 235 1
124 579 1
124 103 1
124 31 1
381 261 1
472 68 1
417 215 1
118 251 1
202 456 1
105 359 1
105 1 1
105 384 1
105 132 1
105 346 1
105 166 1
18 379 1
271 78 1
271 187 1
271 36 1
271 482 1
271 535 1
271 282 1
271 57 1
271 418 1
271 133 1
271 254 1
271 43 1
271 56 1
271 37 1
271 488 1
435 174 1
435 457 1
435 307 1
435 314 1
435 325 1
435 374 1
435 385 1
435 339 1
435 126 1
483 375 1
422 222 1
23 316 1
416 308 1
182 149 1
341 76 1
341 433 1
341 422 1
341 144 1
341 492 1
341 141 1
341 494 1
341 134 1
341 563 1
341 273 1
239 338 1
239 53 1
239 109 1
239 429 1
239 305 1
239 168 1
239 343 1
239 30 1
458 459 1
469 198 1
548 267 1
306 191 1
378 110 1
69 64 1
109 125 1
109 543 1
109 150 1
530 244 1
365 240 1
321 347 1
321 502 1
321 177 1
321 300 1
321 290 1
321 415 1
457 480 1
149 322 1
149 595 1
149 447 1
149 547 1
149 462 1
149 101 1
58 279 1
58 452 1
58 524 1
58 136 1
58 109 1
58 594 1
58 260 1
58 226 1
58 331 1
58 272 1
58 559 1
58 225 1
58 493 1
58 159 1
58 395 1
58 390 1
58 531 1
58 8 1
52 328 1
116 537 1
116 326 1
116 464 1
116 371 1
495 324 1
382 534 1
278 174 1
278 519 1
278 541 1
278 10 1
278 262 1
278 85 1
278 280 1
278 414 1
278 223 1
278 411 1
278 305 1
278 74 1
278 45 1
278 315 1
278 65 1
278 232 1
278 288 1
278 471 1
278 421 1
342 143 1
342 336 1
342 249 1
342 228 1
59 48 1
565 303 1
565 394 1
173 153 1
173 335 1
173 565 1
173 212 1
173 538 1
173 406 1
173 487 1
173 117 1
173 528 1
367 210 1
340 544 1
384 301 1
384 451 1
384 466 1
384 179 1
384 567 1
384 584 1
384 589 1
384 434 1
384 337 1
384 392 1
384 508 1
384 485 1
384 439 1
384 184 1
384 256 1
384 189 1
384 419 1
384 386 1
384 206 1
384 171 1
384 351 1
384 151 1
384 529 1
384 372 1
384 12 1
384 409 1
384 443 1
384 289 1
384 55 1
384 220 1
384 463 1
384 155 1
384 441 1
384 520 1
384 24 1
384 291 1
384 426 1
384 17 1
384 170 1
384 186 1
384 162 1
384 190 1
384 356 1
384 128 1
384 175 1
384 348 1
331 364 1
331 216 1
133 442 1
133 564 1
133 539 1
133 264 1
429 250 1
429 545 1
429 95 1
429 25 1
429 284 1
429 62 1
402 302 1
498 425 1
132 157 1
132 38 1
132 380 1
132 566 1
132 33 1
132 549 1
132 591 1
132 527 1
132 204 1
132 137 1
132 15 1
132 287 1
132 311 1
132 255 1
132 309 1
46 473 1
592 431 1
195 368 1
572 467 1
165 597 1
165 286 1
165 510 1
165 449 1
165 196 1
314 63 1
314 569 1
314 506 1
314 460 1
314 445 1
314 214 1
314 523 1
314 293 1
522 509 1
163 140 1
163 82 1
163 257 1
163 27 1
163 205 1
163 407 1
113 229 1
353 26 1
353 568 1
39 254 1
431 587 1
431 224 1
431 554 1
431 94 1
431 581 1
431 138 1
431 557 1
431 120 1
431 532 1
431 129 1
455 54 1
455 436 1
455 327 1
455 533 1
455 330 1
455 22 1
455 352 1
455 122 1
455 586 1
48 81 1
48 396 1
48 474 1
476 16 1
476 275 1
476 219 1
476 512 1
476 14 1
476 430 1
476 34 1
476 35 1
476 238 1
476 444 1
476 210 1
476 135 1
176 231 1
229 243 1
229 562 1
354 172 1
354 139 1
354 106 1
354 295 1
354 52 1
354 358 1
354 47 1
354 332 1
354 387 1
354 180 1
354 294 1
156 578 1
156 268 1
156 362 1
156 580 1
156 513 1
156 518 1
156 108 1
156 427 1
156 241 1
156 50 1
156 121 1
156 349 1
156 501 1
156 72 1
156 96 1
156 455 1
156 486 1
156 478 1
156 313 1
156 112 1
156 98 1
156 107 1
154 296 1
329 4 1
68 470 1
68 258 1
192 397 1
210 193 1
210 80 1
210 9 1
210 32 1
210 91 1
210 13 1
112 461 1
112 588 1
112 147 1
112 477 1
521 298 1
251 20 1
251 164 1
251 158 1
251 393 1
251 403 1
188 479 1
507 209 1
169 114 1
453 167 1
453 503 1
320 334 1
126 361 1
126 381 1
126 398 1
126 253 1
517 468 1
11 5 1
11 213 1
338 388 1
105 245 1
271 571 1
271 391 1
271 582 1
271 221 1
435 412 1
239 199 1
239 576 1
239 400 1
131 570 1
131 410 1
131 66 1
194 516 1
152 86 1
321 233 1
321 428 1
149 203 1
58 19 1
116 79 1
116 130 1
342 350 1
342 366 1
342 420 1
342 504 1
342 237 1
342 234 1
342 299 1
565 67 1
173 317 1
173 552 1
302 553 1
302 583 1
384 183 1
384 505 1
384 40 1
384 450 1
384 536 1
384 499 1
384 207 1
384 318 1
456 550 1
133 496 1
429 333 1
429 263 1
429 97 1
429 355 1
402 500 1
402 292 1
132 448 1
132 555 1
353 161 1
431 497 1
455 200 1
455 575 1
455 70 1
476 269 1
156 590 1
68 208 1
68 99 1
68 49 1
68 283 1
68 236 1
192 2 1
210 561 1
210 369 1
390 481 1
251 454 1
251 377 1
30 119 1
453 285 1
107 560 1
514 143 1
514 336 1
514 446 1
21 246 1
7 75 1
87 491 1
593 105 1
593 476 1
376 271 1
100 89 1
370 211 1
281 152 1
437 515 1
401 546 1
363 319 1
363 453 1
29 163 1
276 596 1
357 192 1
432 124 1
432 556 1
28 526 1
60 41 1
274 3 1
438 201 1
438 342 1
438 522 1
511 123 1
6 446 1
373 568 1
484 194 1
218 429 1
259 435 1
83 145 1
93 109 1
252 489 1
42 579 1
304 353 1
323 240 1
248 131 1
424 165 1
389 574 1
404 44 1
310 110 1
413 360 1
542 354 1
92 156 1
142 297 1
405 408 1
423 551 1
104 58 1
525 266 1
90 440 1
217 71 1
312 116 1
73 146 1
227 51 1
197 402 1
102 321 1
558 77 1
277 11 1
242 278 1
383 456 1
84 270 1
577 341 1
265 173 1
585 178 1
490 239 1
247 185 1
