749 448 1
873 381 1
313 814 1
177 537 1
664 1087 1
214 385 1
173 434 1
848 12 1
975 949 1
230 911 1
1067 322 1
457 793 1
457 953 1
676 701 1
171 1068 1
624 628 1
595 510 1
535 457 1
535 121 1
858 597 1
288 938 1
288 394 1
468 311 1
468 951 1
808 922 1
54 565 1
166 917 1
483 300 1
247 639 1
579 634 1
213 788 1
51 111 1
271 778 1
31 735 1
357 930 1
357 856 1
357 650 1
357 875 1
357 834 1
357 766 1
357 743 1
357 188 1
357 15 1
357 1031 1
357 962 1
92 37 1
92 74 1
92 495 1
500 931 1
399 501 1
399 307 1
805 379 1
37 915 1
37 885 1
37 712 1
283 744 1
910 553 1
285 933 1
221 64 1
783 284 1
402 350 1
387 341 1
1015 920 1
155 994 1
155 10 1
155 125 1
299 600 1
568 776 1
568 6 1
1082 1026 1
258 563 1
224 689 1
1074 458 1
450 161 1
543 24 1
124 198 1
818 562 1
818 1037 1
818 102 1
1070 665 1
251 831 1
251 472 1
842 872 1
178 647 1
259 103 1
425 223 1
425 694 1
425 1088 1
425 536 1
425 580 1
425 386 1
425 204 1
425 552 1
2 627 1
554 523 1
983 517 1
130 30 1
130 91 1
130 941 1
1049 615 1
343 542 1
745 323 1
745 71 1
782 692 1
86 32 1
660 711 1
539 787 1
539 65 1
713 675 1
713 9 1
713 748 1
713 661 1
800 1065 1
800 218 1
269 985 1
269 67 1
269 652 1
269 876 1
339 955 1
80 1063 1
80 890 1
80 717 1
80 631 1
424 866 1
424 152 1
209 469 1
586 148 1
572 255 1
572 892 1
168 42 1
571 108 1
459 295 1
459 395 1
459 901 1
459 416 1
459 340 1
459 885 1
459 187 1
459 736 1
459 156 1
459 607 1
459 807 1
459 276 1
459 441 1
459 115 1
459 27 1
336 36 1
847 1054 1
103 786 1
103 906 1
103 197 1
103 91 1
103 859 1
103 126 1
103 666 1
708 696 1
882 653 1
621 127 1
621 1005 1
621 66 1
621 868 1
621 581 1
621 716 1
621 1075 1
621 573 1
621 826 1
621 902 1
621 540 1
621 475 1
621 884 1
621 606 1
621 862 1
621 49 1
1007 759 1
332 634 1
830 306 1
1057 1041 1
1056 751 1
991 534 1
627 548 1
627 413 1
627 1072 1
627 644 1
627 344 1
627 936 1
627 556 1
627 365 1
1058 462 1
1058 780 1
1058 590 1
359 1021 1
499 130 1
632 172 1
997 233 1
549 144 1
489 909 1
566 547 1
84 202 1
84 677 1
364 749 1
364 244 1
353 90 1
588 236 1
791 834 1
894 861 1
894 746 1
286 194 1
4 454 1
4 409 1
4 1011 1
1038 1094 1
922 262 1
922 154 1
922 176 1
922 430 1
988 342 1
354 298 1
758 345 1
996 545 1
406 167 1
100 1022 1
272 21 1
440 796 1
216 119 1
429 974 1
429 296 1
667 521 1
832 933 1
939 352 1
1098 957 1
820 611 1
878 637 1
1059 1095 1
764 502 1
356 613 1
1081 55 1
1081 398 1
1081 451 1
1081 907 1
1081 290 1
1081 301 1
1081 504 1
1081 56 1
1081 686 1
919 970 1
574 539 1
90 525 1
90 724 1
90 1092 1
645 819 1
557 263 1
531 1101 1
277 855 1
310 132 1
1016 378 1
1034 605 1
951 370 1
951 612 1
601 898 1
889 532 1
815 511 1
815 513 1
815 829 1
815 569 1
815 956 1
512 706 1
78 802 1
570 825 1
408 207 1
498 11 1
937 963 1
714 998 1
181 7 1
181 433 1
950 737 1
569 226 1
133 474 1
133 211 1
133 914 1
133 589 1
133 389 1
133 318 1
133 999 1
133 97 1
133 205 1
133 984 1
133 158 1
133 1050 1
93 649 1
147 505 1
827 317 1
1069 740 1
1069 414 1
1069 5 1
1069 596 1
1069 762 1
1069 76 1
1069 329 1
1069 182 1
1069 109 1
1069 945 1
1069 849 1
1069 725 1
378 435 1
378 582 1
378 654 1
135 544 1
583 662 1
550 789 1
550 461 1
550 752 1
550 1046 1
550 981 1
550 916 1
550 850 1
550 309 1
550 851 1
550 3 1
550 89 1
550 131 1
550 663 1
550 932 1
550 608 1
550 403 1
550 603 1
567 235 1
1090 294 1
895 283 1
1091 358 1
189 22 1
682 987 1
13 231 1
35 170 1
148 683 1
455 289 1
1017 292 1
1017 266 1
1017 452 1
1017 964 1
814 969 1
814 781 1
814 436 1
814 688 1
814 372 1
814 1060 1
814 726 1
814 14 1
422 732 1
1093 874 1
1093 521 1
29 57 1
1014 584 1
640 803 1
707 431 1
707 887 1
520 641 1
520 738 1
319 88 1
129 118 1
129 730 1
129 491 1
129 142 1
390 823 1
390 184 1
390 1023 1
453 800 1
992 104 1
515 490 1
977 222 1
190 518 1
1000 1071 1
1000 723 1
1000 157 1
1000 772 1
585 141 1
585 741 1
526 225 1
324 337 1
324 508 1
324 794 1
366 734 1
956 1006 1
956 473 1
465 1079 1
428 383 1
1028 346 1
1028 1066 1
1028 555 1
879 47 1
879 240 1
879 331 1
879 843 1
879 642 1
1024 250 1
1024 368 1
1024 1001 1
1024 864 1
1024 1008 1
1024 355 1
1024 744 1
1009 594 1
622 659 1
646 199 1
958 769 1
958 896 1
122 623 1
801 785 1
443 220 1
657 133 1
411 893 1
439 293 1
351 420 1
326 35 1
905 852 1
185 426 1
185 459 1
185 206 1
149 830 1
1084 61 1
954 83 1
279 837 1
957 107 1
957 1044 1
957 192 1
957 479 1
957 325 1
957 1019 1
530 883 1
220 380 1
220 466 1
220 705 1
220 575 1
220 529 1
220 700 1
795 1076 1
795 264 1
739 123 1
828 673 1
1061 392 1
1061 1017 1
940 704 1
98 417 1
38 333 1
38 320 1
38 238 1
38 79 1
38 799 1
680 845 1
792 979 1
792 833 1
792 106 1
792 871 1
792 1048 1
792 681 1
792 253 1
792 900 1
792 978 1
792 1020 1
792 809 1
792 926 1
151 668 1
865 1085 1
865 1053 1
393 471 1
287 432 1
1032 1013 1
375 961 1
978 767 1
978 373 1
267 541 1
377 73 1
265 854 1
265 390 1
296 1077 1
655 85 1
838 506 1
1020 822 1
1020 1010 1
1020 239 1
1020 993 1
1020 174 1
1020 846 1
1020 72 1
1020 626 1
1020 484 1
1020 404 1
1020 610 1
1020 28 1
1020 733 1
1020 806 1
1020 68 1
1020 312 1
1020 765 1
1027 719 1
784 753 1
920 509 1
920 407 1
920 363 1
920 229 1
920 514 1
765 32 1
252 857 1
252 487 1
153 8 1
729 227 1
754 747 1
881 1096 1
561 270 1
18 592 1
18 982 1
656 965 1
797 39 1
614 1045 1
200 163 1
400 619 1
43 437 1
75 330 1
75 101 1
755 280 1
503 183 1
244 193 1
44 824 1
44 367 1
44 23 1
44 695 1
702 531 1
341 602 1
341 839 1
341 551 1
341 427 1
493 697 1
493 376 1
492 944 1
492 456 1
48 438 1
517 94 1
517 775 1
517 819 1
517 698 1
517 321 1
99 616 1
1035 248 1
1100 966 1
591 990 1
687 774 1
63 384 1
145 485 1
145 1035 1
136 558 1
913 989 1
685 1029 1
605 234 1
605 275 1
605 636 1
605 396 1
605 617 1
605 40 1
605 912 1
605 761 1
605 718 1
605 497 1
605 507 1
605 934 1
605 110 1
605 439 1
605 1012 1
605 449 1
605 41 1
605 960 1
605 669 1
605 770 1
853 929 1
888 269 1
692 82 1
692 482 1
692 684 1
692 921 1
952 324 1
117 20 1
117 727 1
674 899 1
374 577 1
165 334 1
505 559 1
505 886 1
505 191 1
505 699 1
505 903 1
505 1040 1
505 347 1
505 50 1
505 128 1
419 763 1
315 95 1
690 560 1
690 418 1
690 87 1
690 967 1
942 715 1
620 904 1
19 870 1
37 282 1
291 1039 1
459 817 1
459 232 1
103 790 1
621 693 1
621 722 1
332 52 1
332 112 1
609 1 1
588 116 1
1081 146 1
90 1003 1
874 212 1
569 995 1
1069 811 1
1069 113 1
1069 935 1
1069 25 1
550 460 1
35 1047 1
814 522 1
308 1083 1
324 360 1
777 268 1
777 618 1
777 710 1
777 891 1
777 137 1
777 17 1
777 528 1
296 760 1
1020 405 1
1020 1052 1
1020 897 1
1020 273 1
517 756 1
605 33 1
605 397 1
605 546 1
605 1036 1
605 208 1
505 120 1
1030 278 1
361 948 1
629 210 1
45 777 1
81 635 1
470 302 1
971 750 1
327 201 1
877 942 1
757 369 1
179 388 1
203 516 1
114 70 1
972 943 1
257 844 1
442 1089 1
219 621 1
219 908 1
105 59 1
1062 412 1
228 26 1
423 620 1
863 559 1
1051 291 1
1051 709 1
1086 1026 1
53 421 1
804 609 1
1033 476 1
261 651 1
261 215 1
261 308 1
721 959 1
175 773 1
175 1069 1
162 519 1
768 18 1
328 46 1
371 464 1
159 1099 1
691 816 1
1025 980 1
16 690 1
486 742 1
274 249 1
576 1078 1
362 480 1
481 477 1
658 375 1
835 60 1
1002 245 1
860 588 1
494 391 1
1018 643 1
587 810 1
303 1081 1
316 160 1
467 444 1
1080 949 1
237 973 1
703 638 1
134 463 1
923 679 1
348 550 1
599 260 1
598 670 1
798 1043 1
139 538 1
446 628 1
77 80 1
164 625 1
927 505 1
281 593 1
812 24 1
812 964 1
564 478 1
488 69 1
840 869 1
880 678 1
880 349 1
533 1058 1
968 1064 1
246 422 1
445 924 1
169 332 1
918 4 1
140 946 1
243 143 1
243 604 1
821 34 1
947 578 1
186 19 1
401 818 1
731 779 1
1055 254 1
410 531 1
813 297 1
338 180 1
524 242 1
415 527 1
138 447 1
304 867 1
62 905 1
195 836 1
196 671 1
976 720 1
305 382 1
925 633 1
241 986 1
672 189 1
335 630 1
217 728 1
928 1004 1
1073 496 1
841 264 1
150 96 1
256 771 1
1097 800 1
314 1042 1
648 58 1
