261 251 1
261 67 1
160 129 1
40 240 1
376 429 1
376 168 1
412 74 1
107 177 1
247 420 1
274 157 1
52 231 1
202 332 1
358 307 1
126 245 1
221 406 1
282 424 1
350 268 1
333 181 1
300 81 1
365 391 1
132 219 1
88 278 1
121 267 1
28 82 1
28 19 1
37 320 1
113 68 1
69 357 1
227 216 1
199 360 1
65 218 1
313 415 1
368 310 1
262 424 1
417 178 1
117 205 1
57 303 1
269 283 1
293 340 1
36 261 1
114 403 1
62 17 1
13 385 1
229 296 1
101 224 1
70 149 1
70 9 1
70 3 1
70 317 1
70 433 1
70 164 1
70 155 1
70 34 1
70 287 1
70 179 1
70 402 1
70 276 1
70 42 1
70 210 1
70 393 1
70 335 1
70 143 1
70 381 1
70 363 1
70 89 1
263 92 1
209 266 1
25 306 1
171 270 1
171 56 1
171 162 1
171 44 1
171 426 1
171 361 1
171 246 1
32 330 1
16 355 1
87 341 1
174 328 1
344 38 1
302 275 1
170 236 1
58 48 1
190 108 1
46 389 1
94 14 1
98 351 1
256 379 1
264 356 1
346 165 1
195 336 1
55 102 1
353 387 1
314 146 1
18 35 1
374 243 1
252 279 1
191 431 1
291 421 1
347 234 1
272 6 1
19 139 1
19 27 1
19 318 1
30 366 1
163 371 1
352 383 1
382 329 1
49 189 1
64 51 1
153 206 1
394 407 1
289 154 1
377 337 1
255 339 1
258 169 1
226 119 1
315 1 1
395 128 1
259 370 1
152 430 1
298 249 1
248 140 1
225 127 1
29 304 1
424 305 1
424 167 1
424 145 1
20 211 1
284 184 1
158 207 1
188 213 1
214 180 1
185 141 1
31 331 1
208 198 1
80 105 1
7 242 1
72 261 1
93 78 1
311 319 1
322 183 1
123 186 1
220 120 1
204 125 1
144 26 1
237 230 1
312 196 1
97 428 1
84 228 1
53 45 1
63 109 1
73 68 1
378 405 1
241 324 1
118 192 1
423 134 1
137 111 1
244 372 1
200 301 1
112 288 1
103 342 1
175 49 1
50 408 1
79 297 1
2 85 1
215 52 1
418 15 1
281 193 1
150 384 1
83 235 1
61 349 1
321 166 1
70 131 1
70 201 1
70 348 1
70 334 1
70 386 1
19 138 1
424 343 1
76 142 1
22 392 1
47 54 1
8 86 1
130 232 1
222 260 1
43 33 1
124 369 1
396 75 1
115 71 1
110 148 1
253 388 1
99 285 1
309 316 1
59 203 1
217 326 1
133 434 1
338 156 1
104 254 1
286 91 1
413 292 1
176 171 1
398 23 1
5 206 1
411 10 1
12 39 1
187 295 1
66 70 1
425 390 1
173 223 1
399 414 1
11 354 1
323 147 1
212 100 1
24 95 1
327 404 1
416 397 1
182 419 1
280 373 1
362 197 1
4 213 1
77 233 1
273 271 1
106 427 1
151 365 1
277 367 1
380 288 1
359 308 1
135 308 1
410 432 1
194 21 1
159 257 1
239 41 1
364 422 1
90 400 1
299 161 1
250 60 1
409 290 1
401 136 1
122 116 1
345 325 1
265 375 1
172 96 1
238 294 1
