5127 1849 1
5127 7827 1
5127 3192 1
7559 1612 1
242 2096 1
6348 1534 1
5164 2205 1
7098 8577 1
1747 6446 1
1747 1070 1
1747 6958 1
343 4261 1
7716 3341 1
7716 1727 1
7716 5046 1
7716 574 1
7716 7753 1
7716 3483 1
7716 2664 1
7716 3660 1
7716 4204 1
7716 2387 1
7716 7049 1
7716 90 1
7716 8842 1
7716 8723 1
7716 3378 1
7716 2620 1
7716 7977 1
7716 3346 1
7716 8562 1
7716 6865 1
2204 4828 1
2204 672 1
2204 2962 1
2204 5722 1
2204 6897 1
2204 3008 1
2204 4979 1
2204 3811 1
2204 4899 1
2204 8566 1
2204 8656 1
2204 7810 1
2204 8725 1
2204 214 1
2204 4718 1
2204 953 1
2204 4480 1
2204 362 1
2204 2400 1
2204 6065 1
2204 3761 1
2204 6976 1
2204 6872 1
2204 167 1
2204 3586 1
2204 3517 1
2204 7137 1
2204 6307 1
2204 6013 1
2204 7713 1
2204 3832 1
2204 7127 1
2204 1386 1
2204 801 1
2204 4760 1
2204 6889 1
2204 3718 1
3584 3639 1
2745 2985 1
2745 1651 1
3969 6362 1
3678 1973 1
4999 5863 1
1429 5746 1
1429 3188 1
2720 160 1
1480 3540 1
7192 3607 1
5903 473 1
2738 5187 1
5954 2220 1
4479 5203 1
1394 4844 1
4908 8112 1
65 3063 1
4084 2536 1
4084 2369 1
4084 3342 1
4084 2849 1
4084 807 1
4084 2401 1
2151 5363 1
7162 5754 1
3419 8143 1
10 4758 1
5878 1632 1
3376 8487 1
3376 5418 1
3376 6798 1
3376 8678 1
3376 5259 1
3376 8195 1
3376 8023 1
18 6528 1
5229 8695 1
5229 1644 1
5229 859 1
5229 5017 1
5229 2660 1
5229 2083 1
5229 2747 1
5229 5881 1
5229 931 1
5229 3035 1
5229 2206 1
5229 5948 1
5229 3496 1
5229 7919 1
5229 4790 1
5229 2105 1
5229 7986 1
5229 6723 1
5229 4028 1
6367 8056 1
6367 1278 1
6367 375 1
6367 4937 1
2829 4006 1
915 5907 1
8157 7784 1
8157 4481 1
8157 5509 1
8157 5758 1
8157 2894 1
8157 766 1
8157 3852 1
3081 1630 1
3081 5539 1
5505 5407 1
306 4644 1
8697 4649 1
7692 6619 1
3716 2414 1
3716 895 1
3716 5527 1
3716 8519 1
975 1192 1
975 829 1
3087 3210 1
3062 4295 1
5521 1503 1
5521 2477 1
5521 5674 1
5521 4530 1
5521 3671 1
5928 3913 1
5928 5531 1
5928 2674 1
5928 149 1
5928 311 1
4431 2509 1
4431 6516 1
7541 5632 1
7541 1045 1
7541 8149 1
8240 601 1
8240 8471 1
8240 8753 1
8240 1220 1
8240 3885 1
1703 8114 1
5491 1568 1
5491 6959 1
5491 1535 1
957 8841 1
1225 8145 1
1824 8278 1
1824 8285 1
1824 3280 1
1824 5971 1
1824 8818 1
1824 2517 1
1824 981 1
1824 1332 1
1824 4555 1
1824 3120 1
1824 111 1
1832 8498 1
1832 8289 1
1832 7008 1
1832 2893 1
1832 5636 1
1832 1257 1
1832 6842 1
1832 3871 1
3254 4690 1
4727 272 1
1359 2830 1
6287 8154 1
6287 7732 1
6287 1232 1
6287 5560 1
6287 3101 1
6287 6499 1
6287 2494 1
6287 8571 1
6287 376 1
6287 6699 1
1439 8497 1
3928 990 1
3928 5972 1
3928 8812 1
3928 7151 1
3135 210 1
3135 4505 1
3135 6349 1
3135 1404 1
3135 491 1
3135 6829 1
3135 4291 1
3135 7953 1
3135 8637 1
3135 6427 1
3135 2694 1
3135 7017 1
3135 982 1
3135 7590 1
3135 5246 1
5905 8007 1
5905 7956 1
5905 2874 1
6532 6654 1
4537 6127 1
8586 1392 1
8586 4997 1
8586 579 1
8586 56 1
8586 4734 1
5821 3245 1
5821 3674 1
5821 779 1
5821 8014 1
5821 359 1
5821 7130 1
5821 3015 1
5821 5115 1
5821 2283 1
5821 5634 1
5821 8512 1
2908 3882 1
2908 1153 1
2908 4945 1
2908 285 1
2908 1556 1
2054 5491 1
2054 6313 1
2054 3643 1
2054 6580 1
2054 6359 1
2054 4383 1
2054 157 1
2054 3746 1
2054 4190 1
2054 6413 1
2054 7297 1
2054 115 1
3118 2670 1
3118 2873 1
3118 2668 1
3118 1322 1
3118 3194 1
3118 6749 1
3118 5834 1
7060 1318 1
6461 6905 1
6461 2686 1
6461 1672 1
6461 4783 1
6461 7720 1
6461 1827 1
6461 3076 1
555 5583 1
555 7028 1
555 4386 1
555 1787 1
555 8037 1
555 3224 1
5457 7923 1
8560 5018 1
5299 2615 1
7303 876 1
7303 4492 1
7303 8222 1
7303 3112 1
4249 8191 1
4249 8256 1
4249 4231 1
4249 8336 1
4249 6630 1
4249 8549 1
4249 6 1
2195 2212 1
5799 4278 1
5799 2021 1
5799 3919 1
5799 7701 1
6561 2850 1
7690 1774 1
7690 7711 1
7690 5569 1
8716 3158 1
8716 6171 1
6697 6583 1
8709 1585 1
8709 1561 1
7742 5823 1
7742 7933 1
7742 1281 1
7742 4265 1
7742 6833 1
7742 7878 1
5023 446 1
4170 2887 1
4170 7881 1
4170 1722 1
4616 482 1
6515 6242 1
6515 6391 1
6515 7984 1
6515 8669 1
4073 2378 1
4073 6439 1
4073 930 1
2073 7284 1
2073 5697 1
2073 6468 1
2073 5785 1
2073 5820 1
2073 7931 1
2073 3783 1
2073 3612 1
2073 8513 1
2073 3779 1
2073 5154 1
428 1215 1
428 1440 1
428 8816 1
428 2705 1
428 5525 1
428 7333 1
428 2768 1
428 5200 1
428 7935 1
428 2321 1
428 8602 1
428 3655 1
3270 6101 1
2823 1497 1
2823 5969 1
2823 481 1
2823 4533 1
2823 5484 1
258 1604 1
258 7294 1
258 1975 1
258 8340 1
258 283 1
258 1019 1
258 1686 1
822 7624 1
822 3934 1
822 3205 1
822 1391 1
822 8426 1
2153 7759 1
3388 976 1
3388 787 1
3388 7244 1
3388 2906 1
4086 4431 1
4086 4010 1
4086 8264 1
4086 514 1
4086 2721 1
4086 2306 1
4086 6516 1
4086 3198 1
4086 1420 1
4086 8584 1
4086 6949 1
4086 6292 1
4086 6531 1
4086 4560 1
4086 2481 1
4086 6338 1
4086 3671 1
4086 4011 1
4086 8192 1
4086 3070 1
4086 2578 1
4086 819 1
4086 8450 1
1096 2547 1
7825 997 1
7825 3949 1
5441 4504 1
5441 6318 1
5441 7272 1
5441 3983 1
5441 3772 1
5441 8552 1
5441 2230 1
5441 1641 1
218 8377 1
218 7668 1
218 7967 1
218 1721 1
2765 1734 1
6954 7495 1
7 7477 1
7 4549 1
7 3749 1
7 4141 1
7 2841 1
7 3127 1
7 6227 1
7 8128 1
7 5402 1
7 8529 1
7 1789 1
8208 5979 1
1265 8123 1
1265 897 1
1265 8779 1
1265 7513 1
1265 310 1
1265 4951 1
1265 4781 1
1265 7940 1
1265 1805 1
608 2087 1
521 1716 1
521 3526 1
521 1882 1
5265 2571 1
5265 5387 1
5265 6014 1
5265 2354 1
5265 6914 1
5265 2871 1
5265 4629 1
5265 2081 1
5265 2166 1
5265 3978 1
8054 5964 1
8054 8164 1
8054 3153 1
8054 4241 1
8054 6945 1
8054 5841 1
8054 806 1
8054 5449 1
8054 273 1
8054 8720 1
8054 8522 1
8054 8034 1
8054 7018 1
8054 6258 1
8054 5281 1
8054 2389 1
6894 799 1
6894 2781 1
6894 3132 1
6894 5302 1
66 5764 1
5620 3848 1
6730 1129 1
6961 3544 1
6961 6594 1
6961 5371 1
4676 3390 1
5794 8092 1
5794 2179 1
5794 8476 1
5794 1317 1
5794 3263 1
5794 1197 1
5794 5036 1
5794 7755 1
5794 6046 1
5794 3303 1
5794 7210 1
5794 7828 1
5794 6069 1
2962 2636 1
2962 5057 1
2962 4924 1
2962 6301 1
2962 4577 1
2962 7479 1
2962 4877 1
2962 5856 1
2962 2403 1
2962 5091 1
2962 1271 1
2962 7215 1
1668 5011 1
8692 6948 1
8692 5581 1
1758 1165 1
1758 8448 1
1758 6667 1
1758 6145 1
1758 5069 1
1758 3232 1
1758 6406 1
1758 664 1
1758 4816 1
1758 3005 1
1758 392 1
1758 7382 1
1758 2270 1
1758 4138 1
1758 7491 1
1758 7514 1
1758 8680 1
1758 7409 1
1758 6096 1
1506 4263 1
211 4488 1
211 7352 1
8430 5521 1
5851 135 1
825 6522 1
4123 6375 1
204 7329 1
204 7745 1
204 4040 1
204 2239 1
204 8193 1
204 2996 1
204 2772 1
204 7747 1
204 958 1
204 1563 1
204 5300 1
204 8808 1
204 8393 1
204 7944 1
204 5083 1
8299 141 1
8299 1943 1
4025 3818 1
4025 1285 1
4025 7377 1
4025 1884 1
4025 1084 1
8015 8547 1
8015 217 1
8015 4114 1
8015 7712 1
4140 1682 1
2346 1718 1
2346 368 1
2346 7253 1
2346 2370 1
2346 3723 1
2346 3264 1
2346 6366 1
2346 1406 1
2346 3510 1
2346 8095 1
2346 6279 1
2346 1393 1
2346 5687 1
2346 814 1
2346 2046 1
2346 3778 1
2346 6652 1
2346 4529 1
7140 5795 1
3099 1580 1
3177 8413 1
3177 4992 1
3177 1351 1
3177 2605 1
3177 5763 1
3177 5120 1
3177 2822 1
6240 1822 1
6240 8853 1
6240 992 1
6240 960 1
6240 4483 1
901 73 1
6964 7115 1
6964 5927 1
4958 6706 1
3677 5693 1
3947 6735 1
3947 4460 1
6616 6323 1
6616 6360 1
8198 6627 1
7226 553 1
7226 5113 1
7226 7709 1
7226 4282 1
8487 5973 1
8487 4292 1
8487 3429 1
8487 4638 1
8487 6033 1
7036 3684 1
2801 2082 1
7788 3928 1
7788 8306 1
7788 4189 1
7788 3640 1
7788 5786 1
7788 4989 1
7788 5891 1
7788 5 1
7788 7071 1
8532 7510 1
8532 4712 1
8532 5215 1
8532 7391 1
8532 5493 1
8532 4645 1
7304 3256 1
7304 6023 1
1737 7348 1
4125 3238 1
4125 4310 1
4125 7318 1
4125 2472 1
4125 4831 1
4125 5723 1
4125 2004 1
4125 1301 1
4125 3996 1
4125 3650 1
4125 3652 1
4125 6821 1
4728 7322 1
147 7922 1
147 7790 1
147 1921 1
147 7003 1
147 4108 1
147 6276 1
147 2445 1
147 1806 1
420 3521 1
5494 7791 1
5494 8775 1
8495 5745 1
8495 6795 1
8495 8217 1
8495 7737 1
8495 3759 1
48 8724 1
48 5399 1
48 2645 1
1166 5874 1
6196 7279 1
6196 6675 1
6196 1998 1
6196 2210 1
6196 354 1
6196 816 1
6196 6618 1
6196 8138 1
6196 3770 1
6196 8184 1
1636 5600 1
1636 2537 1
7797 5694 1
5490 4187 1
5490 4111 1
5490 1108 1
5490 6000 1
5490 6072 1
5490 5771 1
5490 2912 1
5490 8405 1
5490 2650 1
5490 7374 1
5490 8486 1
3529 2977 1
3529 7106 1
3529 4963 1
3529 6984 1
3529 1353 1
3529 2953 1
3529 2637 1
3529 2374 1
3529 8200 1
3529 3368 1
3529 3741 1
3529 8338 1
3529 2373 1
4590 5273 1
4590 3133 1
4590 1209 1
4590 7896 1
4624 5928 1
4624 7468 1
4624 877 1
4624 3739 1
4624 2466 1
4624 5626 1
3491 2932 1
8695 1795 1
8695 2753 1
8695 5244 1
8695 4346 1
8695 6716 1
8695 7402 1
8695 4739 1
8451 5846 1
8451 6674 1
905 790 1
905 3955 1
905 4177 1
905 4209 1
905 3914 1
3152 5450 1
3152 8663 1
7921 8275 1
7921 6827 1
1649 6580 1
6414 551 1
6414 6456 1
6482 3940 1
2907 4327 1
2907 7141 1
5974 1576 1
5974 62 1
7376 375 1
2598 4714 1
4833 7853 1
4833 8574 1
4833 1783 1
4833 1714 1
4833 5485 1
2199 8533 1
3208 4155 1
1691 4027 1
1691 35 1
1691 637 1
1691 1095 1
1691 8342 1
1691 2464 1
1691 8437 1
1691 7765 1
1691 2304 1
1691 5168 1
1691 7706 1
1691 5596 1
1691 4225 1
1691 6231 1
1691 8242 1
8404 1488 1
6679 789 1
7913 6400 1
7913 8472 1
7913 7258 1
7913 7862 1
4584 1506 1
4584 4829 1
4584 7992 1
4584 3058 1
8730 3606 1
8730 8623 1
8730 4041 1
7024 2909 1
4303 5685 1
4303 4895 1
4303 4601 1
8121 1125 1
8121 2470 1
8121 1150 1
8121 5490 1
8121 4833 1
8121 6898 1
8121 4750 1
8121 2878 1
8121 2386 1
8121 1529 1
8121 2960 1
8121 5854 1
8121 4637 1
8121 6848 1
8121 2680 1
8121 7642 1
8121 1131 1
8121 1709 1
8121 605 1
8121 5998 1
8121 662 1
8121 1861 1
8121 3455 1
8121 1980 1
8121 5937 1
8121 175 1
8121 4297 1
8121 5809 1
8121 486 1
8121 4171 1
8121 3675 1
8121 3841 1
8121 2037 1
8121 6974 1
8121 6517 1
8121 8356 1
8121 1364 1
8121 743 1
8121 4149 1
8121 7902 1
8121 4607 1
8121 3278 1
8121 1346 1
8121 7236 1
8121 7142 1
8121 1922 1
8121 5197 1
8121 969 1
8121 3450 1
8121 3249 1
8121 154 1
8121 7417 1
8121 8661 1
8121 8010 1
1087 6876 1
728 7094 1
4861 6850 1
4861 660 1
6753 7295 1
8091 3824 1
2608 1950 1
1208 2759 1
7178 1352 1
6643 4290 1
1223 7648 1
8722 4023 1
932 7611 1
932 7221 1
6765 5941 1
6765 5241 1
6765 6361 1
6765 5368 1
6765 3014 1
6765 848 1
6765 8345 1
6765 3893 1
6765 5452 1
4885 525 1
4885 5035 1
2035 4775 1
2035 1470 1
2035 2676 1
2035 5580 1
2035 8427 1
2035 1099 1
2035 4446 1
2035 2460 1
2035 4609 1
2035 584 1
2035 7453 1
2035 7781 1
8804 7136 1
8645 351 1
8645 6372 1
1859 3118 1
1859 258 1
1859 2365 1
1859 7488 1
1859 8180 1
1859 910 1
1859 2725 1
1859 4826 1
1859 2060 1
1859 8326 1
1859 7312 1
1859 8065 1
1859 8317 1
1859 2671 1
1859 6934 1
1859 8852 1
1859 6732 1
1859 4055 1
1859 2078 1
1859 3931 1
1859 6639 1
1859 7292 1
1859 5808 1
1859 3502 1
1859 4767 1
1859 3762 1
1859 7081 1
1859 7298 1
2365 8576 1
2365 4053 1
2365 8615 1
2365 1195 1
2365 384 1
2365 8664 1
2365 1382 1
4731 3362 1
8327 2461 1
5707 5647 1
4800 8511 1
4800 7201 1
4800 6648 1
4800 120 1
4800 7083 1
6501 1683 1
6501 8255 1
1153 338 1
1153 7074 1
1153 8283 1
1153 4658 1
1153 3512 1
1153 1448 1
5659 462 1
5659 3826 1
5659 846 1
5659 7835 1
5659 3624 1
5659 8613 1
5659 2574 1
5978 469 1
5978 7697 1
5978 2433 1
5295 8728 1
5295 4150 1
5295 5502 1
5295 4725 1
5295 2028 1
5295 2767 1
5295 6860 1
5295 6510 1
5295 2159 1
7745 5369 1
5965 1383 1
7002 4080 1
7002 8001 1
3796 1723 1
8418 1952 1
6487 7498 1
6415 8575 1
6415 7123 1
5233 1284 1
6249 1519 1
8260 4112 1
7449 5331 1
7449 6930 1
1433 1279 1
1433 437 1
1433 8715 1
1433 8022 1
1433 3197 1
709 1664 1
5404 7052 1
3437 8751 1
3437 2260 1
166 5586 1
166 8488 1
166 3857 1
166 3754 1
166 2526 1
166 8520 1
3411 9 1
7269 6644 1
7269 548 1
4835 1941 1
4835 7304 1
4835 3551 1
4835 689 1
4835 2489 1
4835 3845 1
4835 4820 1
4835 4812 1
4835 7422 1
4835 7240 1
5282 8079 1
5282 6477 1
5282 3610 1
5282 4782 1
5282 4467 1
5282 6758 1
5282 8075 1
5282 6729 1
5282 4636 1
5282 1856 1
5282 1274 1
152 5470 1
1279 3096 1
1279 182 1
1279 5315 1
811 3890 1
811 5446 1
6424 5944 1
6424 6765 1
6424 4097 1
6424 8380 1
6424 7548 1
6424 4562 1
6424 8125 1
6424 2062 1
6424 494 1
6424 701 1
6424 2653 1
6424 5068 1
6424 1810 1
6424 1752 1
6424 7903 1
6424 134 1
6424 8489 1
4081 2351 1
3976 541 1
1786 5421 1
1786 3634 1
1786 5967 1
1786 7751 1
1786 6542 1
1786 8500 1
943 858 1
943 79 1
8611 3862 1
1215 4576 1
1215 1782 1
1215 4220 1
1215 150 1
1215 3619 1
1522 4980 1
125 6631 1
3668 6266 1
3668 8419 1
6981 6682 1
6981 7959 1
6981 6615 1
6981 434 1
6981 736 1
6981 5743 1
6981 4267 1
6981 652 1
6981 2914 1
6981 5482 1
8757 2644 1
8757 5660 1
668 4131 1
6117 3373 1
3435 2394 1
3435 5474 1
568 6981 1
568 4804 1
2704 5860 1
3265 3555 1
6738 1444 1
6738 6081 1
6738 7135 1
4091 4861 1
4091 5071 1
1261 5471 1
1261 341 1
1261 4561 1
6878 5839 1
6878 6861 1
6878 8080 1
6878 77 1
755 3100 1
224 1059 1
224 8840 1
224 1387 1
1296 5736 1
1296 585 1
3442 1348 1
4029 1571 1
5275 3558 1
7010 4478 1
327 3091 1
6219 6681 1
6788 1422 1
6788 5403 1
6788 7149 1
6788 3085 1
6788 7189 1
6788 2038 1
6788 5824 1
6788 8197 1
6788 3523 1
6788 5677 1
7981 1742 1
8347 5312 1
4235 4841 1
6120 8681 1
6120 748 1
6120 4435 1
6120 4016 1
6120 6038 1
6120 4852 1
6120 1219 1
6120 6387 1
6120 8126 1
7633 2177 1
7633 6702 1
7633 5760 1
13 2084 1
13 7821 1
13 2440 1
13 5563 1
13 7630 1
13 7549 1
13 8084 1
13 3110 1
13 4306 1
13 4370 1
1828 5963 1
2658 7129 1
2658 4774 1
2658 4495 1
2658 6173 1
2658 4749 1
2658 3524 1
2658 2484 1
2658 7809 1
2658 4559 1
2658 2089 1
2658 2135 1
2658 8528 1
2658 6919 1
2658 7369 1
6866 2338 1
1398 2606 1
1398 5380 1
414 2005 1
7320 3802 1
4134 4356 1
195 8004 1
195 3282 1
195 4035 1
195 257 1
2834 4096 1
7842 5731 1
2878 984 1
2878 2756 1
2878 959 1
6382 2728 1
6881 1536 1
6881 6052 1
6881 2811 1
6881 315 1
6881 4064 1
6881 6810 1
7851 2562 1
7851 4244 1
7851 6553 1
7851 7777 1
5272 6943 1
4513 2172 1
5971 5351 1
4223 5680 1
4223 4778 1
4223 89 1
4223 3089 1
4223 5811 1
4223 4677 1
4223 2918 1
4223 2805 1
4223 3559 1
4223 870 1
4223 5933 1
4223 2013 1
4223 5783 1
538 7844 1
538 7069 1
1823 6095 1
4936 5022 1
685 8150 1
685 4293 1
685 6463 1
3773 2111 1
3008 480 1
3008 8463 1
3008 7242 1
3008 6493 1
3008 3528 1
3008 4675 1
8647 3587 1
8647 5487 1
8647 8325 1
8647 1140 1
8647 5397 1
8647 4834 1
8647 8794 1
8647 207 1
8647 5803 1
8647 773 1
8647 7680 1
8647 1260 1
8647 3046 1
8647 1189 1
8647 6657 1
8647 6578 1
8647 815 1
8647 7540 1
8647 2567 1
8647 3349 1
8647 6399 1
8710 5530 1
5287 6836 1
4618 6686 1
4618 7177 1
4192 6354 1
8399 2836 1
8399 5157 1
8399 2622 1
8399 4135 1
8399 761 1
8399 3605 1
8399 2418 1
8399 1694 1
8399 4987 1
8399 1109 1
6073 2900 1
6073 5284 1
470 439 1
470 3972 1
7505 6492 1
4778 6306 1
4778 8754 1
4778 5006 1
8048 5792 1
5999 6461 1
5999 2279 1
5999 5621 1
5999 391 1
5999 3186 1
5157 5843 1
3574 1085 1
3574 1058 1
3574 4768 1
3574 653 1
3574 4259 1
7912 3462 1
1298 4556 1
1276 5762 1
1276 4602 1
1276 3073 1
1276 3320 1
8447 4967 1
8773 2945 1
8773 5473 1
377 3246 1
377 5337 1
377 7757 1
7158 6064 1
7158 2303 1
7158 4196 1
7158 5204 1
7158 6426 1
7158 8648 1
7158 1996 1
7158 933 1
7158 5378 1
7158 1127 1
7158 8355 1
7158 2267 1
7158 4713 1
7158 2732 1
7158 2113 1
7158 8250 1
7158 7403 1
7158 69 1
7158 4813 1
7158 3394 1
7158 1167 1
7158 1491 1
7158 1990 1
7158 3927 1
7158 6220 1
7158 2273 1
7158 8130 1
7158 7461 1
1759 5288 1
4863 1454 1
87 4886 1
87 1889 1
87 6229 1
8180 6244 1
8180 860 1
7855 6350 1
78 6863 1
78 8270 1
7118 8045 1
4825 6563 1
5260 2061 1
4165 8444 1
7609 8698 1
1844 5101 1
4302 1007 1
4748 4883 1
5031 7628 1
2084 4117 1
2084 5149 1
2084 539 1
2084 3445 1
2084 8246 1
5162 581 1
4352 1510 1
843 4307 1
843 3923 1
4522 2534 1
4522 5917 1
4522 8431 1
4522 3812 1
4522 5416 1
3433 4761 1
8066 5845 1
7327 4864 1
7327 5756 1
7562 7180 1
2757 5659 1
5080 791 1
4706 4807 1
4603 7678 1
1754 7779 1
4106 3577 1
3011 1459 1
3011 6025 1
3011 2722 1
3011 6478 1
8019 4853 1
8019 6484 1
8019 1389 1
8019 3438 1
8019 2697 1
3903 8240 1
3903 4230 1
3903 7858 1
1610 6156 1
37 855 1
8843 6507 1
8843 8473 1
7589 5219 1
2495 4540 1
7035 6016 1
7251 7495 1
3822 5888 1
7265 6410 1
7265 4012 1
7265 918 1
7265 8836 1
7265 1210 1
7265 6248 1
7265 8025 1
7265 5943 1
7265 2462 1
4150 2820 1
4150 7241 1
4150 5214 1
4150 3959 1
4150 2184 1
4150 2011 1
4150 5082 1
4150 7845 1
4150 1159 1
4150 723 1
4150 8293 1
4150 449 1
4150 3485 1
4150 4393 1
4150 3699 1
4150 3363 1
772 335 1
2897 1735 1
2897 871 1
2897 2168 1
2897 4366 1
2897 940 1
2897 5435 1
2897 3231 1
2897 4436 1
2897 556 1
2897 4642 1
2897 1887 1
2897 6608 1
2897 2858 1
2897 642 1
2897 7754 1
2897 5679 1
2897 3313 1
2897 5131 1
2897 6328 1
7341 8633 1
2991 724 1
2338 2790 1
2338 6143 1
3540 8625 1
3540 5652 1
3540 2436 1
3540 2611 1
3540 2749 1
6194 3148 1
113 6201 1
113 2282 1
1243 657 1
1243 8357 1
1243 5077 1
1243 5986 1
5915 6401 1
6752 1414 1
5161 530 1
4160 6659 1
4160 1968 1
4160 7861 1
6228 1640 1
6228 6043 1
6228 4207 1
6228 707 1
1536 3098 1
1536 4986 1
1821 3071 1
2185 1144 1
2185 5346 1
2185 4525 1
2185 2713 1
4015 4791 1
4015 3074 1
4015 1820 1
4015 200 1
4015 2910 1
4015 5551 1
6604 1154 1
5608 8400 1
5592 498 1
5592 3032 1
6906 426 1
6906 4314 1
6906 792 1
3458 1412 1
3458 2771 1
3458 7616 1
3458 3635 1
1409 8826 1
1175 3732 1
6027 7958 1
6027 1650 1
6027 4077 1
6027 6332 1
6027 5966 1
6027 951 1
6027 1110 1
6027 7260 1
6027 3167 1
6027 2322 1
1947 3006 1
6153 6694 1
6153 4762 1
5925 904 1
5925 2744 1
5925 1247 1
5925 3827 1
5925 3217 1
7571 6653 1
6708 1179 1
5598 5229 1
3719 3696 1
8570 8382 1
8570 3088 1
8570 5813 1
8570 3631 1
8570 4058 1
8570 7962 1
8570 4413 1
8570 4652 1
8570 5616 1
8648 2548 1
8648 4600 1
2714 4364 1
2714 818 1
5638 1547 1
5638 1241 1
5638 8372 1
5638 4242 1
5638 1355 1
5638 164 1
5638 2994 1
5638 4682 1
5638 602 1
5638 1456 1
5638 4146 1
5638 6274 1
4604 2441 1
8351 4635 1
4579 8469 1
4579 2251 1
1910 8784 1
4598 948 1
4598 7811 1
4598 4099 1
4598 4508 1
4335 1472 1
5121 1704 1
2180 4365 1
5502 438 1
5502 31 1
5502 6250 1
5502 7156 1
5502 5146 1
5502 1965 1
5502 5940 1
5502 7972 1
5502 8207 1
5502 6834 1
3390 6158 1
3621 6405 1
3805 8084 1
3863 2359 1
8666 2003 1
6018 1255 1
8349 6500 1
5991 2638 1
1986 980 1
1986 7652 1
7596 7466 1
7596 4741 1
7596 3647 1
7596 6122 1
3175 53 1
1760 3486 1
7548 2439 1
5205 8490 1
6599 8524 1
6599 3155 1
6599 8151 1
6599 7152 1
6599 5545 1
5306 3 1
8371 2094 1
7267 74 1
3399 6217 1
3399 2121 1
3399 938 1
3399 2662 1
3399 670 1
3399 1328 1
3399 4471 1
3399 8813 1
5724 6746 1
7734 6077 1
7734 999 1
5216 5437 1
1745 646 1
1745 1537 1
271 4536 1
271 6819 1
1985 762 1
5563 6695 1
5563 6864 1
534 6494 1
812 2527 1
2957 5774 1
1151 7924 1
2066 1017 1
5400 8365 1
5400 7426 1
403 6577 1
403 5341 1
403 1334 1
403 8764 1
5328 7840 1
3943 8756 1
4570 3024 1
4570 7588 1
406 5980 1
406 5690 1
406 3396 1
3536 5323 1
6880 3478 1
6245 4788 1
739 6978 1
1021 7783 1
7688 7439 1
262 8769 1
8166 3801 1
8166 6589 1
8166 882 1
8166 6983 1
8166 3286 1
8166 6334 1
4496 6968 1
4496 4949 1
4496 6621 1
4496 4136 1
6882 5434 1
2691 3780 1
5909 4321 1
5909 5904 1
4477 5132 1
4477 4437 1
2420 6007 1
4866 1417 1
4866 3000 1
6733 6649 1
342 4348 1
342 2207 1
4670 8288 1
2415 1152 1
1052 4968 1
1052 8105 1
1052 5285 1
2987 4605 1
2987 8638 1
2987 8209 1
2987 690 1
2987 6147 1
2987 6402 1
8701 6221 1
8701 5371 1
1826 1654 1
4994 2259 1
4994 6718 1
4994 490 1
4994 2447 1
4994 4926 1
7787 922 1
8788 8292 1
631 2410 1
631 3616 1
5211 2559 1
5931 6933 1
3522 2243 1
6234 8030 1
1931 2745 1
1931 3225 1
1931 2070 1
1931 614 1
1931 5171 1
1931 2609 1
1931 2819 1
1931 3567 1
1931 5658 1
1931 4683 1
1931 7689 1
1931 2029 1
1931 3984 1
4434 2149 1
4434 5827 1
978 1076 1
4637 565 1
4637 4475 1
3588 5503 1
5097 1868 1
5097 4193 1
8415 267 1
4743 32 1
5139 3589 1
2165 4156 1
5130 3560 1
1512 4595 1
1512 7059 1
6800 2016 1
6800 2281 1
6800 8822 1
6800 1717 1
6800 3181 1
6800 8287 1
6800 5309 1
6800 3909 1
6800 1977 1
6800 1559 1
6800 4119 1
6800 813 1
6800 7021 1
6800 8241 1
6800 5535 1
6800 5223 1
6800 1679 1
6800 2092 1
6800 4163 1
6800 1560 1
8385 2071 1
8385 4036 1
8704 5172 1
8704 3515 1
6614 2817 1
3651 7098 1
6040 776 1
6040 7585 1
6040 7039 1
4977 7927 1
4977 8735 1
4977 1475 1
4977 7852 1
4977 6449 1
4977 4726 1
4977 92 1
2314 2852 1
2314 1911 1
2314 4720 1
94 3353 1
1903 4110 1
1903 7051 1
1903 886 1
1903 517 1
1903 1493 1
1903 4722 1
1903 3149 1
8816 955 1
295 5699 1
6500 6165 1
6500 4526 1
3636 7060 1
3636 7599 1
3636 2502 1
3636 6778 1
3636 5042 1
3636 6280 1
6408 5096 1
6408 4468 1
1434 7897 1
1434 3352 1
1434 6564 1
5194 7941 1
888 8689 1
3026 5173 1
3026 1000 1
3026 8556 1
3026 7086 1
3026 5097 1
3026 5033 1
3026 5129 1
3026 6051 1
3026 5106 1
3026 4397 1
3026 5840 1
3026 5712 1
3026 6603 1
3026 1032 1
8408 6128 1
8363 1091 1
8363 2726 1
8363 1282 1
4047 3436 1
7801 1657 1
7801 7602 1
8035 3321 1
8035 2421 1
8035 8573 1
8035 6169 1
8035 6441 1
8035 8339 1
8035 6213 1
387 4008 1
387 1592 1
387 946 1
387 2727 1
5468 1912 1
5468 3741 1
3231 2290 1
3231 7165 1
3231 3899 1
3231 7957 1
3231 7841 1
3231 6206 1
8604 919 1
8604 7063 1
8604 8235 1
8604 7667 1
887 2471 1
6848 2051 1
6848 2063 1
6848 2776 1
8442 195 1
8442 7961 1
8442 1515 1
8442 6530 1
7617 4628 1
346 5124 1
2131 1288 1
3782 1033 1
3782 7370 1
3782 4374 1
3782 6289 1
3782 4933 1
3782 721 1
3782 5668 1
3782 1695 1
3782 6199 1
3782 4246 1
3782 5713 1
3782 143 1
3782 626 1
7211 1162 1
5377 3633 1
5377 726 1
5377 6518 1
5377 1277 1
5377 1385 1
5377 5222 1
5377 1425 1
5377 2553 1
5377 4174 1
5377 7507 1
5377 2685 1
5377 962 1
5377 7064 1
4669 1583 1
2705 7245 1
2705 4959 1
2705 6084 1
2705 4531 1
8305 4408 1
8305 8263 1
8305 5671 1
8305 6774 1
8305 2901 1
8305 2718 1
8305 5996 1
8305 3294 1
8305 6403 1
8305 3765 1
8305 6885 1
8305 1966 1
8305 7727 1
8305 3162 1
2618 8709 1
2618 2969 1
2618 8438 1
8083 3974 1
698 8271 1
7371 4489 1
7371 3047 1
6384 8793 1
6384 7856 1
6384 2408 1
1860 1771 1
6491 2709 1
569 5956 1
569 7328 1
569 1242 1
569 2835 1
569 6497 1
569 3407 1
569 4733 1
569 8620 1
7066 4974 1
8291 7423 1
8291 5818 1
8291 2002 1
8291 4715 1
8291 4243 1
8291 7991 1
3431 2258 1
4678 2602 1
8234 4227 1
2861 2675 1
8763 5689 1
1228 5030 1
1590 6951 1
1590 7001 1
1590 717 1
831 8705 1
831 7795 1
831 7234 1
831 856 1
831 4392 1
831 7965 1
831 7938 1
831 6373 1
831 3533 1
831 7255 1
831 5567 1
2948 6554 1
2948 1447 1
5869 8470 1
5869 878 1
5869 1025 1
5869 4849 1
5869 4948 1
5869 314 1
5869 451 1
5869 8772 1
1361 2936 1
1361 3562 1
1361 8269 1
1361 7851 1
1361 8076 1
1361 4341 1
1361 4313 1
1361 2556 1
1361 6389 1
1361 8761 1
1361 5209 1
1361 1214 1
1361 675 1
1361 1700 1
1361 849 1
1361 4031 1
1361 3032 1
1361 7455 1
2083 5787 1
6600 6709 1
1845 1684 1
25 4218 1
7595 7143 1
3220 3756 1
5422 7749 1
866 8134 1
866 2807 1
5378 5892 1
5378 2301 1
5378 367 1
5378 1094 1
5378 8036 1
6835 6208 1
6835 8186 1
6835 4186 1
6835 1239 1
6835 3138 1
1932 4482 1
7012 2141 1
1994 6205 1
1994 8424 1
1994 5356 1
1994 7631 1
3057 7594 1
5520 8578 1
304 4650 1
8417 1766 1
6879 4093 1
8219 24 1
6164 5405 1
6164 5370 1
266 1526 1
266 7592 1
266 5970 1
266 3585 1
266 4022 1
266 5048 1
266 8685 1
266 3308 1
266 55 1
266 3575 1
266 6091 1
266 8155 1
266 4696 1
266 1079 1
266 8652 1
266 8641 1
6737 6950 1
161 5488 1
161 4289 1
161 3389 1
161 4199 1
161 639 1
161 8831 1
161 7062 1
161 2667 1
926 5051 1
926 3322 1
926 8408 1
926 7351 1
926 6610 1
926 3345 1
2947 5732 1
1765 4736 1
7567 5169 1
7567 2231 1
7567 8388 1
7567 6180 1
7567 2770 1
7567 2080 1
7567 1563 1
7567 8502 1
7567 5263 1
7567 1567 1
7567 7334 1
1380 770 1
5029 8653 1
5661 3392 1
5661 4368 1
5661 7502 1
5661 6398 1
5661 5575 1
5661 2740 1
5661 2307 1
5661 2442 1
5661 3193 1
5653 2076 1
3685 1305 1
5133 1906 1
6545 8331 1
8040 8464 1
2060 4247 1
2060 7719 1
7830 63 1
7830 215 1
7830 3171 1
7830 6037 1
7830 2068 1
7830 39 1
1127 2457 1
948 1524 1
948 2148 1
948 3157 1
861 1825 1
861 5015 1
861 3434 1
861 7290 1
861 7264 1
861 1368 1
861 5506 1
861 3212 1
861 7280 1
861 6056 1
861 5442 1
5846 1217 1
5846 3354 1
6640 8099 1
4472 3883 1
4904 7555 1
6224 575 1
8179 6783 1
8179 7663 1
8179 7107 1
8179 2913 1
8179 1540 1
8179 7534 1
8179 8158 1
8179 6182 1
8179 282 1
8179 7474 1
8179 1126 1
8179 4072 1
8179 6316 1
2545 6777 1
3300 3311 1
8654 7670 1
8654 8334 1
7296 6425 1
7296 3026 1
7296 1927 1
7296 7910 1
7296 189 1
7296 6670 1
2126 7717 1
5245 4159 1
4065 7756 1
788 7321 1
750 5564 1
2778 7465 1
4331 6119 1
3318 6525 1
8032 1478 1
8326 2942 1
8326 4717 1
8326 7161 1
8326 7105 1
8326 7532 1
8326 2654 1
8326 3412 1
8326 1800 1
8326 456 1
8326 2228 1
8326 7767 1
8326 5605 1
8326 5688 1
8326 4932 1
8326 1598 1
8326 8308 1
3963 424 1
7038 2104 1
7038 4458 1
7038 8050 1
1942 1078 1
823 5599 1
823 104 1
823 2119 1
823 4116 1
823 2647 1
823 5618 1
823 5593 1
823 8131 1
823 6371 1
823 6766 1
823 7771 1
823 1048 1
823 3563 1
823 5952 1
823 7445 1
6465 7849 1
3626 8580 1
6844 5789 1
6844 2916 1
6844 4232 1
7702 1484 1
7702 3898 1
7702 8041 1
2595 3957 1
2595 2289 1
2595 3490 1
2595 4679 1
2595 33 1
2595 6797 1
2595 4264 1
2595 8042 1
2595 3108 1
2595 5810 1
2595 1847 1
6141 5886 1
235 218 1
7934 6196 1
7934 3847 1
7934 50 1
7934 6638 1
7934 3019 1
7934 1376 1
7934 1176 1
7934 5352 1
7934 6817 1
7934 7722 1
7934 2809 1
7934 1436 1
7934 4319 1
7934 1622 1
7934 290 1
7934 5339 1
7934 3316 1
7934 1415 1
7934 5165 1
7934 577 1
4200 5041 1
605 6374 1
8354 8384 1
8174 1660 1
3049 7557 1
2124 1748 1
7004 5219 1
4867 885 1
4867 7742 1
4867 5330 1
4867 2603 1
4867 787 1
4867 2031 1
4867 2758 1
4867 5254 1
4867 8701 1
4867 2147 1
4867 3543 1
4867 5019 1
4867 4519 1
4867 5830 1
4867 95 1
4867 3213 1
4867 1578 1
4867 6823 1
1557 8106 1
1773 6656 1
1241 2467 1
441 8805 1
441 2743 1
441 4693 1
441 3874 1
7610 6961 1
7610 3785 1
7610 8480 1
7610 6969 1
7610 5184 1
7610 2531 1
7610 2173 1
7610 6759 1
7610 355 1
6052 5201 1
5636 667 1
7857 7695 1
7857 3059 1
7857 7134 1
7857 5155 1
7857 3790 1
7857 5550 1
7857 8527 1
7857 4543 1
7857 2200 1
7857 7404 1
7857 5294 1
7857 5770 1
7857 6340 1
7857 2766 1
3416 2693 1
6442 268 1
953 3211 1
953 7824 1
953 2099 1
953 1967 1
953 956 1
953 3782 1
953 6246 1
953 8765 1
953 6565 1
953 6826 1
953 3440 1
953 2943 1
953 3776 1
953 5342 1
953 8177 1
953 3494 1
953 1635 1
953 1236 1
953 8188 1
5708 5741 1
3998 1828 1
1266 6525 1
3622 7716 1
3622 81 1
3622 114 1
3622 1409 1
3622 5775 1
3622 6265 1
3622 6225 1
3622 4655 1
3622 3064 1
3622 2404 1
3622 266 1
3622 7934 1
3622 7400 1
3622 1936 1
3622 7169 1
3622 3274 1
3622 8064 1
3622 740 1
3622 4316 1
3622 8249 1
3622 8632 1
3622 994 1
3622 6907 1
3622 8100 1
3622 3489 1
3622 580 1
3622 4663 1
3622 7278 1
3622 2863 1
3622 270 1
3622 7738 1
3622 609 1
3622 105 1
4610 260 1
1684 5087 1
1684 686 1
6354 2623 1
6354 4280 1
6354 1970 1
6354 198 1
6207 810 1
3948 1065 1
7138 1814 1
7138 3040 1
7138 4751 1
7138 6322 1
2734 3820 1
4873 7527 1
4873 212 1
4873 2208 1
4873 1345 1
4873 1871 1
4873 1988 1
2265 4079 1
5864 5305 1
5864 4318 1
5864 2085 1
8547 1680 1
8547 289 1
8547 6282 1
8547 364 1
8547 8565 1
1412 7147 1
362 2560 1
362 6070 1
5078 7349 1
5078 7544 1
2476 2592 1
5621 21 1
5621 5748 1
5621 5695 1
3393 831 1
2082 1155 1
8317 411 1
3075 557 1
3075 7739 1
3075 592 1
3075 1691 1
3075 2280 1
3075 1798 1
3075 3093 1
3075 1875 1
3075 3287 1
3075 4947 1
3075 8279 1
3075 2326 1
3075 403 1
3075 3843 1
3075 7857 1
3075 7047 1
3075 669 1
3075 883 1
3075 2750 1
3075 8462 1
3075 8182 1
3075 3079 1
3075 3428 1
3075 366 1
3075 7996 1
3075 5902 1
3075 463 1
3075 7261 1
3075 798 1
3075 3939 1
40 1999 1
1656 3657 1
7580 2898 1
2972 1613 1
1267 1292 1
1267 8205 1
1267 5768 1
1267 4921 1
1267 318 1
1267 3479 1
1267 733 1
1267 1645 1
6490 5183 1
288 1395 1
288 6785 1
5741 1867 1
155 1729 1
155 5627 1
155 7839 1
155 3509 1
155 8699 1
155 6162 1
155 3747 1
155 656 1
155 4332 1
155 2639 1
155 4972 1
155 8078 1
4914 292 1
6154 6107 1
5593 5343 1
5593 5044 1
5593 6434 1
780 2056 1
6793 703 1
2791 6505 1
2791 8655 1
2791 5769 1
2791 2245 1
2791 7450 1
2791 2086 1
845 1702 1
61 3201 1
5495 467 1
5495 4101 1
2497 8796 1
2497 2384 1
2497 1935 1
2665 3082 1
2665 2555 1
2665 3787 1
6991 1489 1
6991 3679 1
5588 7867 1
579 2377 1
579 162 1
8707 3470 1
6121 8802 1
6121 7220 1
6121 6103 1
5853 5876 1
5853 1792 1
5853 344 1
5853 7538 1
4030 6873 1
5628 252 1
5628 1959 1
5628 5772 1
4464 700 1
8400 5733 1
2400 3009 1
2400 3011 1
2400 5055 1
2400 6172 1
2400 4253 1
2400 6980 1
2400 853 1
5185 8568 1
7724 1405 1
7724 8210 1
7724 474 1
2246 19 1
3281 5189 1
6144 7942 1
6144 4851 1
2613 8594 1
6457 1963 1
2950 891 1
2950 1662 1
4990 5239 1
4990 5161 1
4990 1120 1
4990 8124 1
4990 1932 1
4990 3626 1
4990 1312 1
4990 2607 1
4990 6559 1
4990 4673 1
4990 1437 1
4990 3004 1
7832 423 1
7832 2044 1
7832 466 1
7832 3625 1
7832 4330 1
7832 3775 1
7832 5388 1
7832 5703 1
7832 2551 1
7832 1178 1
7832 3859 1
7832 2483 1
7832 4427 1
7832 3097 1
7832 5475 1
7693 735 1
7693 5710 1
727 5604 1
1663 7224 1
7894 5522 1
7894 2133 1
662 8781 1
5675 7004 1
5675 7231 1
5675 5219 1
5675 6080 1
5675 3806 1
1595 1238 1
1376 6369 1
4096 2047 1
4096 1785 1
4096 4661 1
4096 6622 1
4096 5000 1
3761 8624 1
3761 5151 1
3761 5766 1
6353 6259 1
297 5483 1
297 2796 1
6448 6473 1
3374 3614 1
2631 5882 1
2631 1769 1
562 8467 1
562 2320 1
562 3199 1
562 3989 1
562 7073 1
562 676 1
562 8677 1
562 4962 1
562 2428 1
562 8386 1
562 523 1
562 331 1
4702 99 1
4702 3169 1
3956 5392 1
3956 4805 1
3956 4288 1
3956 7316 1
3956 2862 1
3956 3670 1
3956 4630 1
3956 4672 1
3956 2754 1
3956 5479 1
3956 7999 1
3956 3833 1
3956 3229 1
3956 7099 1
3956 2093 1
3956 3357 1
3956 961 1
3956 4596 1
3956 3530 1
3956 7212 1
3956 8226 1
3956 2413 1
3956 7385 1
2597 621 1
3746 4897 1
3746 5311 1
6296 7556 1
6306 498 1
492 6437 1
6239 5589 1
1927 1817 1
1927 476 1
1927 140 1
1927 287 1
1927 3065 1
1927 8176 1
3543 5517 1
3543 4137 1
3543 6309 1
3543 1780 1
7306 3128 1
5700 4510 1
96 1538 1
96 7421 1
96 2271 1
96 7864 1
6146 4589 1
3592 2585 1
3592 488 1
3592 3451 1
3592 7735 1
3592 3474 1
3592 4082 1
3592 6416 1
3592 1883 1
3592 1349 1
3592 1477 1
3592 5348 1
6325 7511 1
6325 6241 1
6325 2432 1
6325 7327 1
6325 3799 1
6325 8170 1
6325 4654 1
6325 1461 1
6325 6108 1
5508 130 1
5508 4294 1
5508 3667 1
5508 4206 1
6996 2407 1
7638 7350 1
7638 8687 1
7638 4742 1
7638 944 1
7662 5072 1
2249 6443 1
2249 7104 1
213 6174 1
213 2519 1
1343 4769 1
8018 4553 1
8018 4857 1
1370 5607 1
2891 713 1
8101 627 1
8101 1262 1
5370 6509 1
5370 5602 1
5370 6666 1
5370 3880 1
5370 589 1
5370 8148 1
5370 8799 1
4887 6132 1
931 224 1
931 153 1
931 3222 1
931 3399 1
931 138 1
931 5430 1
931 2794 1
931 1925 1
931 8223 1
931 6352 1
931 1504 1
931 900 1
931 1062 1
931 8720 1
931 7478 1
931 729 1
931 8301 1
931 4277 1
931 6060 1
931 7019 1
931 3539 1
931 3590 1
931 1136 1
6934 7271 1
6934 3094 1
6934 2837 1
6934 6176 1
6934 1647 1
6934 1269 1
6934 1514 1
6934 6428 1
6934 2321 1
6934 4102 1
6934 3317 1
6934 7945 1
6934 6845 1
6934 8740 1
6934 500 1
6934 714 1
159 6955 1
159 7782 1
1802 5279 1
1802 4557 1
5499 263 1
3328 7567 1
1520 5639 1
8441 747 1
6422 1951 1
6422 3122 1
6976 8564 1
2802 3025 1
347 3824 1
5849 1555 1
5005 5715 1
5005 5707 1
5005 7916 1
5005 927 1
5005 1539 1
5005 5235 1
5005 8492 1
5005 731 1
5005 5698 1
5005 7639 1
5005 7483 1
5005 8749 1
5005 4148 1
5005 4732 1
981 4213 1
2501 3615 1
2008 7525 1
2008 8005 1
2008 8006 1
5984 5111 1
1331 5794 1
1331 3740 1
1331 6120 1
1331 3077 1
1331 2730 1
1331 4876 1
1331 2157 1
1331 6020 1
1331 737 1
1331 756 1
1331 6036 1
1331 5365 1
7961 5186 1
7961 7194 1
2883 4197 1
2332 7665 1
2332 4073 1
2332 48 1
2332 4434 1
2332 3191 1
2332 6600 1
2332 2277 1
2332 2846 1
2332 2012 1
2332 7213 1
2332 6709 1
2332 2890 1
2332 7082 1
2332 3767 1
2332 6869 1
769 952 1
1141 7883 1
1141 7440 1
1141 458 1
1141 177 1
1141 7850 1
1141 7653 1
1141 1905 1
1141 1402 1
1141 2425 1
1141 505 1
1141 4298 1
1141 6538 1
1141 5138 1
1141 1670 1
1141 5054 1
1141 6642 1
1141 8601 1
1141 2884 1
1141 3600 1
1141 5358 1
1141 7463 1
1141 6112 1
1141 1043 1
3337 3844 1
6498 1836 1
6498 172 1
8366 1764 1
7333 5643 1
1862 3589 1
1862 8752 1
8257 6087 1
4115 8509 1
2268 8409 1
2732 6064 1
7049 7386 1
7049 3460 1
7049 7760 1
7049 8696 1
3752 7679 1
4814 1575 1
3105 8107 1
8277 520 1
6149 4071 1
2771 1330 1
2771 8136 1
1106 4571 1
4214 7093 1
4214 5734 1
4214 5088 1
4214 7490 1
4214 5317 1
4214 2453 1
4214 3477 1
4214 3277 1
4214 6054 1
4214 1496 1
4214 5395 1
4594 2473 1
7560 2411 1
655 4704 1
655 8236 1
4633 8429 1
704 2633 1
1207 8491 1
1207 3582 1
1207 7969 1
5657 3936 1
1438 4789 1
3055 8831 1
7836 889 1
2708 2368 1
2708 2698 1
2708 4075 1
2708 7731 1
2708 6203 1
2708 1813 1
2708 237 1
2708 6993 1
4240 7890 1
6134 1846 1
2438 7872 1
2438 6775 1
2438 7582 1
2438 6630 1
2438 4911 1
1049 7170 1
1049 2614 1
1049 6536 1
1049 3439 1
1049 3253 1
710 6781 1
710 1486 1
710 913 1
710 2236 1
974 6026 1
1935 2244 1
1935 5276 1
1935 4890 1
6017 5796 1
6017 3170 1
6017 3482 1
6017 5206 1
6017 1310 1
1854 3078 1
2921 2098 1
1553 8135 1
7169 5744 1
7169 7441 1
7169 5635 1
7169 1418 1
7169 8660 1
1390 1972 1
5858 1198 1
3424 8291 1
3424 6792 1
4782 775 1
4782 317 1
4782 373 1
4782 1593 1
4782 6539 1
4782 6962 1
4782 8093 1
4782 5364 1
4782 7860 1
4782 3315 1
4782 14 1
4782 5556 1
4782 1173 1
4668 7608 1
8778 2122 1
6267 3068 1
6267 4034 1
6267 5538 1
4411 8102 1
4411 1879 1
4411 7084 1
4411 6544 1
4411 2091 1
4411 2186 1
1263 4025 1
1263 7283 1
1263 1756 1
1263 2455 1
1263 1673 1
1263 6593 1
1263 1132 1
1263 7198 1
1263 2875 1
1263 5934 1
1263 741 1
1263 3860 1
1263 6393 1
1723 3623 1
1723 2507 1
1723 5393 1
1723 1768 1
1723 3272 1
1723 5609 1
1723 2372 1
1723 6891 1
1723 6273 1
1723 3384 1
1723 7375 1
1723 6269 1
1723 5742 1
1723 5166 1
1723 7778 1
1723 2973 1
7886 5993 1
7886 2649 1
7622 6047 1
5366 5486 1
1906 4587 1
5726 4107 1
4900 7551 1
359 2347 1
4721 3061 1
7931 6429 1
7931 6715 1
7931 3379 1
7931 5093 1
6282 1511 1
6282 4982 1
6282 4048 1
6282 6756 1
800 2964 1
3586 1114 1
3586 5420 1
3586 3683 1
3586 864 1
3586 6560 1
3586 899 1
3586 2821 1
3586 2214 1
3586 4322 1
3586 3603 1
3586 8665 1
2844 425 1
7612 8286 1
7612 7027 1
7612 4617 1
7612 7263 1
7612 5324 1
7612 8086 1
7612 2144 1
7612 516 1
7612 6731 1
7612 7968 1
7612 7563 1
3214 4727 1
2839 1270 1
2839 410 1
2839 6676 1
963 3561 1
963 6029 1
963 629 1
963 4362 1
8190 3358 1
8190 4443 1
8190 2864 1
4284 2187 1
2625 4449 1
2625 4866 1
2625 4545 1
2625 30 1
2625 6383 1
2625 7128 1
2625 1119 1
2625 7869 1
2625 1075 1
3384 5150 1
6454 5729 1
6020 4554 1
6020 6617 1
2424 6890 1
8852 2193 1
2969 529 1
2969 3187 1
872 2478 1
1253 1582 1
1253 2176 1
1631 5319 1
5443 8803 1
2334 1259 1
2334 5663 1
2334 3791 1
1313 4086 1
7763 782 1
7763 4684 1
7763 479 1
7763 1776 1
8727 7155 1
7569 1497 1
625 8503 1
625 678 1
4498 4991 1
4498 5777 1
4498 543 1
4498 7103 1
4498 1413 1
4498 8667 1
4498 1646 1
4498 8595 1
3516 126 1
2739 5921 1
2335 5961 1
6281 5721 1
7202 501 1
7202 2789 1
7202 7619 1
7202 5277 1
7202 4350 1
7202 3312 1
7202 5283 1
7202 475 1
7202 2896 1
7202 8768 1
2663 6097 1
909 2032 1
7195 8262 1
5056 1194 1
5056 4378 1
3298 1713 1
3795 1835 1
3795 7691 1
3795 1985 1
3795 8330 1
3795 928 1
3795 6784 1
3795 4104 1
3795 4872 1
3795 3183 1
3795 4373 1
3795 2777 1
5867 7088 1
5867 1186 1
5867 5177 1
5867 3728 1
8096 7743 1
2723 1885 1
7168 2652 1
4735 3173 1
8849 2027 1
1118 2763 1
3159 7812 1
4625 4981 1
3819 1161 1
3819 6148 1
3819 5199 1
3819 6330 1
3819 6458 1
3819 2706 1
3819 1562 1
3819 3613 1
3819 2868 1
3819 2451 1
3819 6010 1
3819 2838 1
3819 4217 1
3819 7340 1
3819 4878 1
3819 2550 1
6913 3768 1
6913 507 1
6913 2544 1
1972 6118 1
1972 420 1
1972 5414 1
1972 7380 1
1972 3803 1
1972 718 1
1972 6791 1
1972 5951 1
1972 3010 1
1972 6044 1
1972 4515 1
5625 5455 1
6794 5965 1
6794 2115 1
6794 6579 1
6794 5175 1
6794 8358 1
6794 8770 1
6794 4766 1
6794 540 1
6794 1326 1
6794 5230 1
5234 2049 1
5234 1160 1
5234 7080 1
5234 685 1
5234 917 1
5234 2683 1
5234 6040 1
5234 7282 1
5234 1013 1
5234 4893 1
5234 2249 1
5234 566 1
5234 422 1
5234 8324 1
5234 6700 1
5234 7108 1
5234 1015 1
5234 3840 1
5234 6021 1
5269 2117 1
4229 7930 1
2226 4705 1
442 2449 1
442 3072 1
3417 6232 1
3417 6972 1
3417 5959 1
1549 5855 1
7085 2456 1
495 2300 1
495 538 1
495 2102 1
495 3993 1
495 8618 1
495 4815 1
495 3869 1
495 1607 1
495 1687 1
495 4724 1
495 236 1
495 6786 1
869 3944 1
869 5455 1
6859 4194 1
6859 4311 1
6859 4582 1
542 7591 1
6732 6055 1
6732 7254 1
6732 3942 1
6732 209 1
6732 1770 1
6732 233 1
6732 5960 1
6732 7705 1
6732 2232 1
6732 8496 1
7990 5866 1
459 746 1
459 1803 1
8433 7406 1
4565 7964 1
578 771 1
578 1088 1
578 6094 1
3044 5672 1
3044 2278 1
8767 8782 1
8581 7823 1
8640 7061 1
8640 6286 1
8640 3958 1
1799 7268 1
1950 5438 1
1950 561 1
1950 8175 1
1950 5292 1
1950 8206 1
1950 6041 1
1950 8482 1
1950 3905 1
1950 4120 1
1950 5218 1
1950 850 1
1950 7227 1
758 116 1
1430 3757 1
1430 554 1
1430 5278 1
2154 1619 1
2154 1016 1
8334 4547 1
8334 1325 1
8334 4412 1
8334 1067 1
8334 3129 1
3538 6009 1
6973 3182 1
3517 6290 1
3348 5103 1
3348 6397 1
3348 8147 1
3348 1183 1
3348 8672 1
3348 1291 1
5922 1674 1
5922 3828 1
5922 1360 1
5922 333 1
5231 7062 1
653 5899 1
653 4776 1
6275 624 1
6275 3838 1
6275 4970 1
6275 5812 1
7065 7072 1
8186 5831 1
2158 4185 1
6982 1832 1
6982 7238 1
5016 1445 1
7973 8070 1
7973 2496 1
7973 5144 1
7973 2485 1
7973 6469 1
7973 8434 1
7973 4359 1
7973 4647 1
3640 8216 1
5431 5256 1
8061 6462 1
8061 7626 1
8061 3258 1
8061 6508 1
8061 3938 1
8061 51 1
8061 4279 1
8061 7291 1
8061 1432 1
4354 3456 1
4354 7758 1
4354 1010 1
8107 6846 1
8107 5089 1
8107 4233 1
8107 4226 1
1915 2711 1
1915 7432 1
1915 7182 1
1915 7228 1
3907 5561 1
3680 8515 1
3680 2831 1
3680 1090 1
4128 518 1
4128 5709 1
4128 393 1
4128 738 1
7153 3816 1
7153 7076 1
7153 2106 1
7153 291 1
7153 705 1
7153 3713 1
7153 6175 1
7153 3566 1
7153 6780 1
7153 3850 1
7153 6113 1
7153 2023 1
1061 3123 1
1061 2859 1
16 3529 1
16 6424 1
16 5248 1
16 7808 1
16 6503 1
16 8727 1
16 1174 1
16 5196 1
16 6612 1
16 2257 1
16 1463 1
3666 3856 1
3666 6214 1
3666 7641 1
3666 259 1
3666 5347 1
3666 3383 1
6311 3876 1
6311 720 1
7636 4910 1
7229 6665 1
7229 1878 1
7229 7917 1
7229 8085 1
1625 28 1
1465 8771 1
1465 8115 1
1465 7040 1
3809 3027 1
4446 2708 1
4723 7900 1
4723 6088 1
3827 7746 1
3827 3710 1
8458 7899 1
7476 2325 1
8737 3760 1
183 6111 1
2423 3708 1
2423 8668 1
2423 3179 1
2423 4793 1
2423 4493 1
2423 5518 1
6307 6840 1
6307 6855 1
4759 6712 1
3960 5354 1
983 3423 1
8165 1227 1
8165 5894 1
8165 5252 1
8165 5650 1
8165 8052 1
8165 2792 1
8165 1396 1
8165 7493 1
233 6486 1
1508 5410 1
8313 8153 1
8313 7357 1
8313 6641 1
8313 5630 1
8313 1142 1
8313 144 1
8313 3080 1
8313 1474 1
8313 6355 1
8313 5460 1
8313 6150 1
8313 6392 1
9 8062 1
9 7625 1
9 295 1
9 8067 1
9 8600 1
9 2826 1
9 397 1
9 8746 1
9 7814 1
9 5984 1
9 610 1
9 5007 1
9 1251 1
9 5264 1
9 3467 1
9 7430 1
9 2731 1
9 1852 1
9 3114 1
9 3884 1
6626 8517 1
6757 596 1
3080 65 1
3080 147 1
3080 3855 1
3080 8760 1
3080 4062 1
3080 2688 1
3080 2970 1
3080 2929 1
3080 1455 1
3080 7113 1
4804 7089 1
4804 1190 1
4804 7355 1
6091 7330 1
6091 6412 1
6091 2511 1
4353 1643 1
4881 413 1
8 4585 1
1995 8810 1
1995 4224 1
1995 2299 1
1995 8787 1
1995 4198 1
1995 643 1
1995 1573 1
1995 2033 1
1995 433 1
1995 6918 1
1407 5910 1
5453 6488 1
5453 5861 1
3145 949 1
3145 7671 1
3145 6042 1
3145 4966 1
3145 5142 1
3145 8224 1
3145 1304 1
3145 3925 1
3145 5737 1
958 4172 1
958 7186 1
6811 331 1
1039 5774 1
1039 3182 1
3233 7955 1
3233 8748 1
3233 3534 1
3233 340 1
1174 4275 1
1174 7456 1
1174 7005 1
1174 6523 1
1174 5112 1
1174 1093 1
1174 7166 1
1174 3215 1
6658 2715 1
6658 2296 1
6658 8024 1
6658 7396 1
293 555 1
293 3719 1
8632 305 1
8632 3206 1
8632 2305 1
8632 6329 1
8632 5010 1
8632 6312 1
8632 4621 1
8632 662 1
8632 361 1
8632 3130 1
8632 3195 1
8632 2538 1
8632 6574 1
8632 4922 1
8632 3239 1
8632 7323 1
8632 5313 1
8632 5547 1
8632 7834 1
8632 6464 1
8632 3052 1
8632 5147 1
8632 2524 1
8632 3369 1
8043 407 1
796 4168 1
2412 2204 1
2412 4391 1
2512 5549 1
4599 1064 1
7313 3669 1
7313 6017 1
7313 5415 1
7313 8362 1
3578 8616 1
3578 7339 1
3578 617 1
3578 884 1
3578 1907 1
3578 3599 1
3578 8420 1
3578 2624 1
3578 632 1
3578 386 1
6435 7723 1
6642 1893 1
6642 511 1
6642 2125 1
6642 7110 1
7935 8515 1
7935 3680 1
7935 4640 1
2886 196 1
2460 1411 1
2460 8839 1
2460 1606 1
5805 3531 1
2774 2237 1
2774 3326 1
2774 666 1
2774 704 1
2774 5024 1
2774 7905 1
2774 189 1
2774 1320 1
2774 6662 1
2774 1473 1
2774 6386 1
8800 1693 1
3834 6466 1
3834 6278 1
5945 6663 1
5945 2951 1
5945 535 1
5945 2581 1
8389 1098 1
8389 6137 1
8389 8597 1
8389 2586 1
8389 1938 1
8389 4772 1
8389 219 1
8389 3251 1
908 8778 1
5756 5926 1
5756 8203 1
5756 7090 1
6428 3654 1
4085 4512 1
502 8505 1
681 4800 1
681 6738 1
681 4461 1
681 2431 1
681 7832 1
681 4591 1
681 5375 1
2072 5889 1
2072 898 1
2072 7669 1
1614 6956 1
7207 2656 1
5271 8401 1
5271 429 1
5271 947 1
5271 8096 1
5271 1833 1
2814 6139 1
2814 4794 1
2814 8777 1
2814 912 1
2814 1513 1
7041 8288 1
1534 8828 1
1534 4228 1
1534 4597 1
1534 1937 1
1534 7871 1
1534 4716 1
123 6476 1
123 3846 1
123 5118 1
123 6995 1
123 7332 1
4272 2786 1
2143 8780 1
3608 4476 1
3608 2892 1
8523 132 1
151 3126 1
151 2582 1
3443 8721 1
7868 6857 1
8490 2704 1
6411 644 1
7652 3370 1
7652 3742 1
4578 7248 1
4578 3592 1
4578 2565 1
4578 8247 1
3267 329 1
8690 3131 1
616 8258 1
616 3276 1
616 2974 1
616 3648 1
2015 2666 1
2015 3649 1
2015 3721 1
2015 4919 1
2015 2999 1
575 6409 1
6527 4550 1
3329 4248 1
3329 5857 1
4845 7435 1
4845 6722 1
4845 5720 1
2966 2219 1
3846 8189 1
7813 8243 1
560 6884 1
1694 8230 1
1694 8807 1
3709 6263 1
4400 2341 1
4400 7159 1
4400 1956 1
8493 4167 1
8493 6015 1
8493 42 1
8493 6053 1
8493 1945 1
8493 3371 1
6272 7139 1
6272 3686 1
6272 5879 1
6272 7358 1
6272 124 1
6272 6645 1
6272 5619 1
1233 2053 1
8484 3990 1
2182 2499 1
1615 3301 1
7632 8599 1
7632 2355 1
7632 1378 1
7632 5207 1
1002 5822 1
1002 745 1
3110 5536 1
3110 3235 1
3110 3030 1
3110 5887 1
3110 1692 1
1687 709 1
1687 5806 1
1687 7583 1
7634 1707 1
2081 934 1
2081 1041 1
2081 3920 1
1974 4009 1
4490 8251 1
4490 5573 1
1665 3601 1
5065 591 1
5065 5595 1
5065 8738 1
5065 8232 1
2287 4950 1
8835 1688 1
622 7066 1
1629 2989 1
1629 1290 1
6556 6030 1
6556 2627 1
6556 7929 1
6556 2324 1
6556 515 1
6556 3875 1
6556 5408 1
6556 6308 1
6556 4784 1
6556 5081 1
6556 1545 1
3684 8545 1
7187 7301 1
7187 6632 1
7187 1699 1
5946 5253 1
991 4042 1
4786 7111 1
4786 7389 1
2752 4880 1
2752 3465 1
2459 4631 1
7146 2643 1
8745 2146 1
8745 191 1
8745 8523 1
8745 2001 1
4884 4534 1
4455 8514 1
1441 1628 1
5960 4850 1
5960 7550 1
5960 4785 1
5960 7544 1
5960 3817 1
3679 8403 1
6761 8410 1
136 4369 1
5551 2293 1
8541 3275 1
4020 3781 1
3996 5255 1
3996 2935 1
3996 334 1
3996 802 1
3996 4014 1
2788 684 1
2788 1063 1
1626 6447 1
4379 4498 1
2275 1481 1
4007 4420 1
4007 7770 1
4007 4889 1
4007 4494 1
4007 7650 1
5753 7816 1
5753 2558 1
5753 2 1
2033 6385 1
730 6590 1
1006 6701 1
1006 5759 1
6936 3764 1
6936 6057 1
6936 6591 1
6936 1877 1
6936 916 1
6936 4819 1
6936 8827 1
6936 1558 1
6936 920 1
6936 4823 1
6936 8163 1
6936 8221 1
6936 3505 1
217 5127 1
217 7893 1
217 5454 1
217 7988 1
217 4955 1
217 6521 1
217 842 1
217 5242 1
217 7022 1
217 7575 1
217 6440 1
217 7431 1
217 3060 1
217 8694 1
217 8268 1
217 6106 1
217 893 1
217 487 1
217 6721 1
217 1123 1
217 6874 1
217 5062 1
217 2108 1
217 5651 1
217 6858 1
217 8679 1
217 1591 1
217 3994 1
217 6324 1
217 4039 1
217 3306 1
217 5865 1
217 1746 1
217 2358 1
217 833 1
3056 3230 1
7764 6839 1
7764 2328 1
7764 3469 1
7764 659 1
7764 5614 1
7764 5865 1
7764 1240 1
6816 3461 1
6817 2889 1
6817 6190 1
6817 6319 1
6817 1811 1
6817 7443 1
6817 3527 1
7116 7503 1
7116 8532 1
7116 668 1
2297 7792 1
2297 5013 1
3990 975 1
3990 5667 1
2330 5465 1
8390 5126 1
8390 4331 1
8390 4142 1
4234 4169 1
1024 2426 1
835 2191 1
835 674 1
5209 1134 1
5209 1366 1
5209 2234 1
5209 1600 1
5209 5788 1
5209 3506 1
4517 6339 1
7647 2291 1
3891 3478 1
5705 4084 1
5705 1891 1
2657 3174 1
4575 4721 1
3717 6109 1
606 1509 1
2767 190 1
2767 312 1
8510 2017 1
8510 250 1
5472 6233 1
5472 3933 1
5472 6688 1
7879 7338 1
7528 1309 1
5104 4873 1
4418 8706 1
4418 5669 1
5334 5212 1
5334 3410 1
5334 8811 1
4609 8157 1
4609 4664 1
4609 7633 1
4609 1206 1
4609 6569 1
4609 8165 1
4609 8543 1
4609 5065 1
4609 4510 1
1362 2142 1
1362 4863 1
1362 4862 1
1362 5340 1
1362 3726 1
4467 7517 1
4467 137 1
6047 5190 1
6047 3706 1
6047 6567 1
6047 8156 1
6047 4634 1
6047 1457 1
6047 528 1
6047 8439 1
6047 4404 1
1264 357 1
1264 5816 1
5118 5336 1
5118 4662 1
5662 1574 1
5662 5570 1
6130 4474 1
3296 1467 1
3240 7913 1
1594 5738 1
7128 4729 1
7128 2042 1
7128 3136 1
7128 7989 1
7128 3406 1
7128 8314 1
7128 1738 1
1094 5004 1
5332 2870 1
5332 5247 1
5332 6418 1
564 3945 1
564 2510 1
564 3808 1
5755 284 1
1566 443 1
1566 611 1
1566 6381 1
1566 6625 1
1566 6343 1
1566 1006 1
184 6100 1
189 4154 1
6639 2217 1
6639 8688 1
6639 4256 1
6639 708 1
6639 2818 1
6639 4221 1
6639 3922 1
6639 7046 1
6639 1035 1
6639 5515 1
6639 1117 1
7209 6994 1
7209 2997 1
3832 8606 1
3832 1297 1
3832 5511 1
3832 6378 1
3832 2194 1
3832 245 1
3832 4936 1
3832 3999 1
3832 179 1
3832 3299 1
3832 7508 1
3832 5837 1
3832 2579 1
3832 5577 1
310 1113 1
8113 3632 1
7360 7075 1
1178 7414 1
1178 5790 1
5037 7904 1
5037 3420 1
5565 1068 1
3866 3254 1
3866 3177 1
3866 3033 1
3866 5912 1
3866 7067 1
3866 4977 1
3866 5955 1
3866 2979 1
3866 5529 1
3866 7973 1
3866 76 1
3866 6769 1
3866 5432 1
3866 7664 1
3866 1507 1
6742 1029 1
6742 8774 1
6742 5261 1
6742 3892 1
6742 4466 1
6742 2513 1
6742 4470 1
6742 1804 1
6742 7676 1
6742 8819 1
6742 6575 1
6742 2130 1
6742 3851 1
6061 2344 1
6061 6293 1
6061 6770 1
6061 8142 1
6061 7937 1
6061 4423 1
6061 2337 1
6061 6573 1
6061 7764 1
6061 7100 1
6061 6438 1
6061 2549 1
1563 8684 1
1563 7747 1
4970 168 1
4970 7037 1
3700 7512 1
8455 1642 1
4004 8635 1
4004 5918 1
4004 1097 1
4004 1275 1
3611 4239 1
7006 6436 1
7698 4257 1
7698 1948 1
540 3917 1
540 2541 1
540 4942 1
1532 4430 1
6327 3305 1
6327 7699 1
6327 8341 1
5227 1711 1
1542 5877 1
4499 6743 1
8009 578 1
44 369 1
5859 3889 1
5859 1100 1
5859 2452 1
5859 6902 1
5859 2703 1
5458 8785 1
1492 5152 1
2649 8824 1
2649 1196 1
2649 3722 1
2649 5318 1
2323 7378 1
325 1888 1
509 7356 1
8139 7197 1
2707 3676 1
2707 7464 1
5850 5646 1
5850 2761 1
5850 820 1
5850 4349 1
1914 3758 1
1914 1296 1
1914 3883 1
1914 2295 1
1914 7299 1
1914 6045 1
1914 1443 1
1914 1141 1
1914 1253 1
1914 6794 1
1914 5922 1
1914 6275 1
1914 1465 1
1914 3690 1
1914 64 1
1914 7740 1
1914 2240 1
1914 4752 1
1914 440 1
5891 8071 1
5891 7870 1
5891 2469 1
468 1358 1
468 6691 1
468 2134 1
468 7138 1
468 4581 1
468 6595 1
4211 1955 1
4211 6808 1
4211 2342 1
4211 8055 1
4211 4680 1
4211 3911 1
4211 8750 1
4211 1923 1
4211 1485 1
4211 921 1
4211 2682 1
8658 6287 1
8658 5781 1
8658 7311 1
8658 2199 1
8658 8804 1
8658 6236 1
8658 1086 1
8658 1903 1
8658 2833 1
8658 5730 1
8658 2450 1
8658 2363 1
8658 2154 1
8658 6658 1
8658 3659 1
8658 6129 1
8658 7058 1
8658 3492 1
7718 4309 1
8282 4956 1
8282 1499 1
6355 8570 1
6355 6272 1
1371 8534 1
5735 6235 1
5735 7038 1
5735 4964 1
5735 2508 1
5735 1904 1
5735 7573 1
5735 2163 1
5735 8218 1
5735 3066 1
4041 1731 1
4041 8459 1
4041 5895 1
4041 6433 1
4041 8144 1
2557 527 1
2557 328 1
1379 2773 1
4764 3164 1
7993 1339 1
7993 5412 1
7993 6588 1
7993 3507 1
7993 5119 1
7993 2392 1
7993 5469 1
642 673 1
6662 7387 1
6662 3967 1
6662 1341 1
2364 4176 1
2364 6163 1
7100 3687 1
239 2272 1
239 2045 1
239 6598 1
239 902 1
239 7206 1
239 3330 1
239 127 1
239 8518 1
239 508 1
239 6004 1
239 8373 1
239 2402 1
6709 4033 1
6709 8850 1
6709 7497 1
6709 2095 1
6709 107 1
6709 2808 1
320 2101 1
7771 7888 1
7771 8591 1
7771 5102 1
5180 8090 1
4779 1724 1
4779 2616 1
834 6304 1
7068 3189 1
7068 7315 1
7068 4875 1
2653 8795 1
2653 7658 1
2653 5450 1
2653 5566 1
2653 7196 1
2653 4763 1
2653 3691 1
2653 5156 1
2653 1373 1
2653 6450 1
2653 1490 1
2653 8129 1
2653 7504 1
693 6689 1
693 5176 1
693 4007 1
1352 2648 1
1352 415 1
3476 3095 1
3476 2151 1
3476 3075 1
3476 5367 1
3476 6741 1
3476 6552 1
3476 4444 1
225 8211 1
225 6960 1
225 4802 1
225 6430 1
225 3084 1
225 3644 1
225 7656 1
225 4323 1
225 7183 1
225 6394 1
225 5957 1
225 6260 1
225 5962 1
225 7416 1
225 6941 1
6860 5893 1
6860 8233 1
6860 2854 1
6860 7014 1
6860 8607 1
6860 8481 1
6860 8077 1
7865 7274 1
3131 533 1
3131 1880 1
3131 8550 1
3131 1427 1
3131 8731 1
3131 381 1
3131 7424 1
3131 1145 1
3131 4707 1
3131 8369 1
3131 38 1
3131 2869 1
3131 6116 1
3964 5691 1
1736 444 1
1736 7145 1
1736 3284 1
5594 635 1
5594 3916 1
8555 1211 1
8555 7522 1
8555 5574 1
8555 567 1
8555 2952 1
8555 2735 1
8555 3804 1
8555 7776 1
8555 8116 1
8555 8389 1
8555 5141 1
8555 3351 1
8555 4092 1
8555 3375 1
8555 6739 1
8555 1148 1
1749 7342 1
2092 4325 1
6056 1460 1
6056 7785 1
2797 7 1
2797 4352 1
2797 4015 1
2797 2595 1
2797 6490 1
2797 155 1
2797 2375 1
2797 5001 1
8302 5433 1
1101 4500 1
1101 1958 1
1101 2137 1
1101 495 1
1101 4100 1
1101 3702 1
1101 744 1
1101 7293 1
1101 3141 1
7672 8337 1
7672 3973 1
7672 5123 1
7672 3487 1
7672 8675 1
7672 6200 1
7672 536 1
1767 5623 1
5906 8328 1
3673 4396 1
3673 6114 1
1015 1449 1
1258 1307 1
2521 1521 1
6720 8453 1
6720 2339 1
6720 8152 1
447 4281 1
447 2305 1
447 8219 1
447 4059 1
447 6498 1
447 6714 1
447 4287 1
6660 1909 1
6660 2345 1
6660 2493 1
6660 8662 1
7167 1102 1
7167 4043 1
7167 2885 1
3480 3216 1
6739 5542 1
6739 3784 1
6739 2448 1
6739 8548 1
6739 7895 1
6739 261 1
1167 7606 1
1167 5929 1
1167 2982 1
1167 5320 1
1167 5296 1
1167 2681 1
1167 2417 1
1659 8104 1
1659 1730 1
3604 1372 1
2170 7057 1
6284 6453 1
6284 1057 1
6284 3404 1
6284 3564 1
513 1315 1
513 519 1
513 1916 1
513 356 1
513 5578 1
513 654 1
513 3548 1
513 3737 1
513 1831 1
513 1900 1
513 2700 1
513 8809 1
513 436 1
513 7681 1
513 5496 1
513 6900 1
513 2319 1
513 1229 1
4837 126 1
5872 3789 1
5872 7024 1
5872 3731 1
5872 2729 1
5872 620 1
5872 2213 1
5872 3291 1
5872 7817 1
5872 4429 1
5872 8636 1
2128 3839 1
2128 1683 1
2128 8255 1
1048 7095 1
2161 2554 1
3503 7044 1
3503 5510 1
795 7446 1
4114 1552 1
4114 6888 1
4114 2876 1
4114 8051 1
4114 7167 1
4114 5258 1
4810 6799 1
1401 3302 1
8259 5379 1
1365 4453 1
1365 202 1
5094 1763 1
5094 401 1
6104 6364 1
6104 3935 1
3514 4687 1
3514 6223 1
3514 7117 1
3514 8321 1
3514 3042 1
3514 2640 1
3514 604 1
3514 5419 1
3514 6256 1
3514 29 1
3514 4564 1
964 7998 1
1987 5217 1
1987 2327 1
1987 8329 1
1987 7032 1
1987 4001 1
1987 6032 1
6582 3255 1
2992 4848 1
1943 3218 1
1943 6634 1
1943 3788 1
1605 647 1
2479 7519 1
6758 6804 1
6758 2333 1
6758 2343 1
4506 4909 1
4506 6368 1
7987 1716 1
3338 5314 1
3338 4539 1
3338 7454 1
3338 7914 1
3338 4691 1
3338 6596 1
7547 7975 1
73 4090 1
73 6092 1
73 1421 1
73 4245 1
73 2406 1
73 4032 1
73 4836 1
73 4523 1
73 1231 1
73 7951 1
73 3176 1
73 5848 1
73 4250 1
73 1054 1
73 503 1
73 8676 1
6776 4342 1
7025 8834 1
4381 1834 1
4381 7950 1
4381 8507 1
4381 5593 1
4381 6281 1
4381 7486 1
4381 4888 1
4381 1012 1
4381 3707 1
4381 7144 1
4978 3081 1
4978 7543 1
4978 8273 1
7452 2911 1
430 6230 1
658 8229 1
5095 6800 1
5737 8082 1
5737 6698 1
5737 6929 1
7820 696 1
4653 7581 1
2503 3361 1
2503 6684 1
8013 4351 1
8013 101 1
8526 5266 1
3730 6039 1
3730 6195 1
3979 2851 1
3979 3894 1
3979 570 1
3979 6910 1
3979 2949 1
3979 4695 1
3979 8798 1
2522 5624 1
4459 1997 1
4459 6629 1
7800 8244 1
1606 2590 1
4988 1052 1
216 6095 1
849 7629 1
849 1928 1
849 5125 1
849 7462 1
4 4333 1
4276 6215 1
6460 753 1
6460 3252 1
6460 1036 1
6460 246 1
6460 979 1
6460 5778 1
6460 330 1
6460 2126 1
6460 1784 1
6460 4923 1
6460 4162 1
6460 2072 1
6460 1719 1
6460 1221 1
6460 5290 1
8729 7011 1
8729 1838 1
8729 1579 1
8729 7195 1
8729 6937 1
8729 2007 1
8729 8542 1
8729 5532 1
4156 308 1
4156 6370 1
4156 1982 1
4156 7399 1
4124 4276 1
5808 1107 1
5808 8726 1
5808 4422 1
663 5098 1
1005 8375 1
5092 6835 1
5092 2229 1
8626 2923 1
3697 2882 1
3664 7898 1
7869 5613 1
4532 1200 1
7275 7300 1
7552 6650 1
6703 7863 1
365 1092 1
4269 1419 1
4269 5654 1
6952 2939 1
6899 7121 1
4485 3269 1
3868 1824 1
3868 4835 1
3868 7949 1
4078 1205 1
8837 194 1
8837 7077 1
8837 8120 1
8837 2039 1
5692 1741 1
5692 6261 1
3813 6734 1
3813 5310 1
5196 836 1
5196 2476 1
5196 6502 1
5196 7361 1
5196 2430 1
5196 80 1
5196 4583 1
5196 8436 1
5196 2514 1
5196 1611 1
5196 4719 1
6870 5546 1
6870 1137 1
2382 5238 1
8596 1541 1
6635 5829 1
4611 1767 1
851 3763 1
7768 5749 1
7768 8343 1
7768 2398 1
7768 1638 1
6218 6255 1
3365 2904 1
1382 8844 1
1382 640 1
156 8407 1
4343 3615 1
4343 1446 1
7635 2769 1
3767 757 1
3316 8141 1
1728 8762 1
8432 5293 1
2779 6495 1
6243 1011 1
465 1203 1
5793 3165 1
7446 6912 1
5376 4580 1
2689 1898 1
2689 7109 1
3794 2539 1
7157 822 1
7157 3435 1
4361 7554 1
1990 2316 1
6612 378 1
5606 1786 1
2107 203 1
2107 3985 1
2107 4371 1
2107 296 1
2107 5945 1
5686 2741 1
2655 7577 1
6135 7843 1
5344 1199 1
4651 6475 1
7236 4210 1
7236 1466 1
7236 3343 1
7236 7530 1
7236 499 1
7236 5361 1
7236 3823 1
7236 8758 1
7236 5568 1
1662 5611 1
3425 8588 1
3425 6005 1
3425 4938 1
3425 5819 1
3425 6794 1
3425 3329 1
3425 4004 1
3425 2621 1
3425 6987 1
3425 2036 1
3425 4740 1
5939 7229 1
549 1138 1
549 2427 1
6336 3556 1
1953 4000 1
1953 4132 1
7398 6533 1
3479 4182 1
3479 4195 1
3479 2357 1
3479 996 1
3479 8671 1
3479 5108 1
3479 1329 1
3479 6803 1
3479 6568 1
3479 4965 1
3479 2112 1
3479 2543 1
3479 8776 1
3479 7257 1
3479 1939 1
3479 1809 1
7459 4258 1
7459 1616 1
7459 2988 1
7459 1044 1
7459 5213 1
7459 2856 1
5460 5428 1
5460 3432 1
5460 6294 1
5460 6483 1
5460 4388 1
5460 6546 1
5460 7216 1
5460 5107 1
5460 7983 1
5460 485 1
5460 5825 1
5460 3203 1
5460 379 1
108 5512 1
108 5638 1
108 4786 1
3954 6003 1
5875 5413 1
1507 6606 1
7646 6985 1
7646 5459 1
7646 5373 1
7646 2540 1
7646 4796 1
7646 8073 1
7646 7457 1
7646 4457 1
4031 6587 1
5549 6957 1
5549 4795 1
5549 4304 1
7181 8456 1
7235 7654 1
4373 1978 1
2172 7726 1
2172 2075 1
2172 682 1
2172 3545 1
2172 7007 1
2172 4728 1
2172 3391 1
2172 3738 1
2172 8642 1
2172 7564 1
2172 385 1
2172 4502 1
2172 7891 1
2172 6314 1
2172 7877 1
2172 4694 1
2172 7906 1
2172 6099 1
2172 5478 1
2172 5726 1
2172 7561 1
2172 3792 1
2172 4399 1
2172 8046 1
2172 8290 1
2172 1293 1
2172 409 1
2172 2292 1
2172 4681 1
2172 5938 1
2172 513 1
2172 1987 1
2172 7515 1
2172 2238 1
2172 7971 1
2172 2041 1
2172 1546 1
2172 1698 1
2172 7054 1
2172 6557 1
2172 6883 1
2172 2256 1
2172 275 1
2172 7696 1
2172 1543 1
2172 5968 1
2257 7425 1
2257 4410 1
7203 8446 1
8572 6302 1
8572 1103 1
6609 3413 1
6609 778 1
1199 86 1
1199 1796 1
1199 2920 1
1199 7119 1
1199 1581 1
1199 6078 1
1199 7346 1
1199 1224 1
128 935 1
7485 6390 1
986 1949 1
986 6211 1
986 1471 1
986 7494 1
986 4415 1
986 7415 1
986 1705 1
986 1772 1
3720 8159 1
3547 6519 1
6664 7907 1
2533 671 1
5982 7429 1
8438 7539 1
5847 4512 1
3441 711 1
3441 5350 1
3441 1669 1
2784 6482 1
2784 7341 1
2784 6599 1
2784 1181 1
2784 6125 1
2784 3580 1
2784 2286 1
2784 7954 1
2784 6303 1
2784 8061 1
2784 7096 1
2784 2814 1
2784 2009 1
2784 8202 1
2784 3289 1
2784 6264 1
2784 8504 1
2784 371 1
2784 4641 1
2784 1342 1
7543 7336 1
7543 5308 1
7543 6431 1
7543 1807 1
7543 8111 1
7543 1548 1
7543 783 1
7543 838 1
4017 8657 1
8252 4745 1
4765 6240 1
4486 2708 1
6552 691 1
6552 598 1
6552 4907 1
6552 5833 1
6552 450 1
6552 2405 1
6552 5012 1
6552 6012 1
6552 6633 1
6552 4811 1
6552 8465 1
6552 7523 1
6552 5448 1
6552 5945 1
6552 3023 1
6552 2983 1
6552 7628 1
6552 2409 1
6552 4130 1
6552 6724 1
6552 504 1
6552 4375 1
6552 7605 1
6552 5167 1
2 7410 1
2 6696 1
2 5025 1
2026 793 1
1743 353 1
7963 2048 1
7288 2687 1
1902 1516 1
1902 5381 1
2635 817 1
2635 6337 1
1971 7419 1
8808 7004 1
3734 6805 1
3734 5327 1
2570 1989 1
1564 4019 1
1564 2030 1
1564 8461 1
1564 2604 1
5797 2563 1
5797 4626 1
5797 6365 1
5797 8214 1
5797 7317 1
4709 6540 1
6472 5642 1
5124 4044 1
5124 7230 1
5124 23 1
8551 3692 1
4344 7859 1
8090 8732 1
7762 345 1
162 4697 1
162 7882 1
162 4874 1
162 3449 1
2626 7707 1
7537 5149 1
3345 7974 1
3345 4688 1
1944 1435 1
2799 8107 1
683 99 1
722 4463 1
722 7932 1
722 6623 1
722 8536 1
722 6191 1
722 4268 1
4821 8383 1
6188 7609 1
6188 3570 1
6188 630 1
6188 7102 1
6188 6832 1
6188 6202 1
6188 5049 1
1463 15 1
1463 8759 1
1463 4746 1
1463 3787 1
4395 4514 1
4395 8512 1
7343 7597 1
7200 3966 1
7200 8172 1
322 4518 1
5179 2198 1
8521 201 1
1501 7521 1
7918 5422 1
5372 7173 1
1881 3053 1
1857 3463 1
2399 1022 1
5009 8557 1
5009 1930 1
4696 5757 1
4696 2917 1
4696 7124 1
4696 2058 1
4696 6809 1
7484 8395 1
7484 3906 1
7484 4160 1
7484 91 1
7484 7053 1
7484 3500 1
7484 873 1
7484 3620 1
7484 4868 1
7484 2116 1
7484 706 1
7484 5026 1
3386 84 1
2968 4573 1
2395 7467 1
2395 5295 1
2395 3038 1
2395 358 1
2395 4411 1
2395 6257 1
2395 3866 1
2395 1272 1
2395 2381 1
2395 3425 1
6895 2302 1
4995 4806 1
4508 1858 1
4508 380 1
4508 7218 1
4508 4930 1
8579 408 1
8579 6611 1
8579 4689 1
8579 823 1
8579 1656 1
8579 2631 1
8579 5519 1
6142 868 1
6785 6787 1
8167 8416 1
5050 6167 1
5050 1283 1
5050 7232 1
5050 8712 1
6344 7574 1
6344 6155 1
3052 7150 1
3052 4665 1
3052 5558 1
3052 4339 1
3052 3146 1
3590 6161 1
8027 7309 1
967 5052 1
967 1327 1
6562 8237 1
4444 8353 1
4444 2965 1
4444 2610 1
4444 6342 1
4444 2059 1
4444 5268 1
4444 2995 1
2764 5382 1
2564 8364 1
4558 7985 1
6743 6748 1
6743 1168 1
6743 1850 1
6743 8394 1
6743 6298 1
6743 593 1
6743 8199 1
6743 4701 1
6743 6238 1
6743 4699 1
6743 2139 1
6743 4003 1
6743 2077 1
6743 3991 1
6743 5090 1
6743 205 1
6743 3865 1
6743 1431 1
2350 3012 1
6754 4237 1
7455 5500 1
7455 7174 1
7455 7613 1
7455 1666 1
7455 3750 1
7455 805 1
3244 7801 1
3244 3853 1
3244 5385 1
3244 2998 1
4752 4623 1
8412 2264 1
8412 3134 1
8398 8196 1
109 6831 1
4122 3503 1
8362 7444 1
3149 6605 1
3204 1280 1
3598 8693 1
2961 3121 1
8553 5158 1
8553 421 1
8553 7451 1
6021 6602 1
6021 7846 1
6021 4896 1
6021 665 1
5587 923 1
5587 4882 1
5587 2504 1
5587 7646 1
6904 5160 1
5562 7265 1
5562 1732 1
5562 5464 1
7475 5995 1
4613 7866 1
4360 7335 1
6810 5053 1
6810 6804 1
3762 905 1
3762 725 1
3762 1222 1
3762 1434 1
3762 4666 1
3762 896 1
3762 5028 1
3762 6514 1
3762 2162 1
3762 3987 1
8220 8017 1
2474 2708 1
827 8422 1
2171 7482 1
2171 2903 1
199 6179 1
199 1397 1
199 1755 1
6719 3034 1
2812 7447 1
1403 2702 1
1146 4290 1
8631 803 1
2219 2057 1
2219 8000 1
4636 8612 1
4636 7029 1
4636 7042 1
4636 3769 1
1324 5716 1
1324 1451 1
1324 71 1
1324 1652 1
1324 4251 1
1324 445 1
7516 4916 1
134 3810 1
8833 477 1
154 3484 1
154 7560 1
154 417 1
154 8201 1
154 8516 1
154 7237 1
6670 303 1
6670 3273 1
6670 2594 1
6670 1609 1
6670 4403 1
6670 2793 1
8311 8225 1
2201 5901 1
2201 7887 1
2201 998 1
2201 5020 1
2201 5398 1
2201 2315 1
2201 7125 1
1458 8110 1
1458 1081 1
7081 5590 1
7081 4070 1
7081 7601 1
7081 7565 1
7081 1554 1
7081 6671 1
7081 5074 1
7081 2352 1
7081 2927 1
7081 1505 1
7293 6576 1
7293 2915 1
7293 5994 1
7293 1759 1
7293 7469 1
7293 8711 1
7293 3609 1
7293 5440 1
7293 7876 1
7293 572 1
8628 274 1
7324 5925 1
7324 1745 1
7324 6325 1
4143 3642 1
6699 6471 1
6699 4385 1
6699 8049 1
6699 6851 1
4118 6707 1
3997 7802 1
4740 4407 1
4740 4367 1
4740 8530 1
4740 6079 1
4740 752 1
4740 8335 1
4740 7901 1
4740 5727 1
60 5516 1
60 4792 1
60 3661 1
60 7879 1
60 749 1
60 8610 1
7696 8589 1
7696 1188 1
7696 903 1
7696 6920 1
7696 7101 1
7696 1671 1
7696 3307 1
7696 3581 1
7696 8443 1
7696 2612 1
7696 8629 1
6786 774 1
6786 1872 1
6786 3359 1
6786 7259 1
6786 3513 1
6786 2716 1
6786 1678 1
6786 5932 1
6786 5947 1
6786 5075 1
6786 6928 1
6706 4438 1
6706 3051 1
6706 8423 1
7738 4255 1
7738 7226 1
7738 1494 1
7738 1934 1
7738 7171 1
7738 5914 1
7738 412 1
7738 4674 1
7738 6136 1
7738 2136 1
7738 139 1
7738 1004 1
7738 6807 1
7738 785 1
7738 7953 1
7738 1003 1
7738 6320 1
7738 3403 1
7738 4953 1
7738 4906 1
7738 6090 1
7738 1191 1
7738 2492 1
7738 4384 1
7738 3421 1
7738 4254 1
7738 326 1
7738 8608 1
7738 7078 1
1198 6939 1
1198 3766 1
1198 6687 1
1198 6144 1
1198 6935 1
1198 1147 1
2515 2196 1
5174 1517 1
5174 7700 1
5174 5429 1
5174 5817 1
5174 4737 1
5174 3347 1
8020 2599 1
8020 1896 1
7838 8312 1
7838 2784 1
5784 399 1
2250 5975 1
3340 7659 1
4072 1069 1
6036 8094 1
6036 924 1
6036 5896 1
6036 6997 1
6036 5301 1
6036 7520 1
6036 5085 1
6036 7524 1
6036 7285 1
6036 4337 1
6036 3807 1
6036 249 1
6036 2429 1
6036 1865 1
6036 3658 1
6036 1487 1
6036 5557 1
6036 8713 1
6036 4024 1
6036 4052 1
6036 3166 1
6036 7627 1
6036 875 1
6036 2491 1
6036 5601 1
6036 2221 1
6036 588 1
6036 1969 1
6036 5897 1
6036 8598 1
6036 6333 1
6036 6380 1
6036 4568 1
5683 5900 1
2815 7395 1
2815 784 1
2815 1377 1
2815 2181 1
2815 3160 1
1306 8053 1
1306 2641 1
8402 8026 1
8402 2971 1
2954 2679 1
506 8035 1
506 6075 1
5290 5079 1
4692 2274 1
4692 5360 1
4692 4643 1
4692 8820 1
4692 7936 1
4692 4891 1
4692 6331 1
4692 4903 1
4692 6511 1
4692 4755 1
4692 4490 1
4692 8691 1
4692 5919 1
4692 8127 1
4692 1957 1
4692 3733 1
4692 5682 1
4692 4363 1
4692 5873 1
4692 841 1
1598 4432 1
1598 6048 1
1598 4517 1
1598 6419 1
1598 6812 1
1598 4756 1
6790 5862 1
1442 6066 1
1442 5913 1
1442 7741 1
1442 1781 1
1442 8445 1
1442 8539 1
1442 4608 1
1442 3568 1
1442 6485 1
8744 2584 1
2567 7289 1
2567 2356 1
2567 4103 1
713 971 1
713 158 1
713 6086 1
713 4376 1
713 2628 1
713 3143 1
713 649 1
713 337 1
5953 435 1
5953 4068 1
5953 4944 1
3468 4049 1
6368 7655 1
6368 2634 1
2919 2931 1
2919 6680 1
3402 5038 1
2577 6673 1
1238 8474 1
1238 3751 1
1238 4219 1
1238 7048 1
1238 188 1
1238 8832 1
1238 4993 1
1238 7148 1
1238 234 1
1238 7205 1
1238 1156 1
1238 8016 1
1238 1462 1
1238 8639 1
1238 2000 1
1238 418 1
1238 7677 1
1238 6668 1
1238 808 1
1238 3970 1
1238 102 1
1238 6297 1
1238 1031 1
4832 2765 1
4832 4535 1
4832 7874 1
4832 1819 1
3939 2422 1
8132 764 1
8132 647 1
8132 52 1
7461 6524 1
7298 2285 1
7298 103 1
7298 6159 1
7298 510 1
7298 163 1
7298 7714 1
7298 2463 1
1755 7501 1
1755 4567 1
1755 2813 1
1755 987 1
1755 6183 1
2719 5406 1
5040 4563 1
5040 4700 1
5040 1992 1
5040 5021 1
5040 8137 1
5040 633 1
5040 2724 1
5040 3886 1
5040 1812 1
3852 7286 1
3852 8506 1
3852 7979 1
3852 6071 1
3852 2222 1
3852 2255 1
4098 2677 1
4098 3829 1
4098 8683 1
4098 1863 1
4098 2642 1
4098 6624 1
4612 3583 1
2990 3172 1
7631 4711 1
7631 7243 1
5167 8714 1
5167 3447 1
5167 8627 1
5167 2572 1
5167 3638 1
5167 1569 1
5167 8435 1
5167 5655 1
6828 4487 1
2737 8350 1
2737 4879 1
2737 8587 1
2737 7393 1
2737 3045 1
2737 6479 1
2737 3627 1
2737 2656 1
5740 4912 1
5740 1843 1
5740 3355 1
5740 5830 1
5740 5983 1
5740 6474 1
5740 2120 1
5740 603 1
1801 5916 1
1712 4586 1
7822 321 1
4147 7405 1
7712 4191 1
7712 6124 1
2692 5592 1
2692 840 1
2692 7796 1
331 2816 1
1287 4524 1
1847 3933 1
1847 7804 1
2516 6760 1
4542 1336 1
1295 6938 1
6744 1030 1
6744 4546 1
6744 1708 1
5127 3293 1
2204 248 1
2204 8814 1
2204 8276 1
34 6825 1
34 349 1
34 3430 1
34 6558 1
1894 324 1
1894 2064 1
1894 6299 1
1894 3520 1
5229 6726 1
8157 4089 1
5928 3459 1
4431 6421 1
4431 3018 1
1832 6008 1
1832 4913 1
6287 8162 1
6287 6529 1
6287 2528 1
6287 8231 1
3928 2103 1
3928 350 1
3135 133 1
3135 5291 1
5821 8360 1
5821 3495 1
5821 4940 1
5821 1311 1
5821 2311 1
5821 4113 1
5821 2138 1
5821 5498 1
5821 1218 1
7112 2434 1
7112 8682 1
2054 5513 1
2054 6762 1
2054 847 1
2054 8361 1
2054 7531 1
2054 8215 1
2054 2827 1
2054 906 1
2054 3975 1
2054 2132 1
2054 7752 1
2054 8414 1
2054 5236 1
2054 1468 1
2054 7214 1
2054 298 1
2054 7079 1
2054 5002 1
2054 628 1
2054 4002 1
3118 4917 1
2073 3237 1
2073 2806 1
2073 6651 1
2073 4465 1
2073 1083 1
2073 8603 1
2073 5193 1
428 4271 1
258 1212 1
258 4773 1
258 7337 1
4086 1551 1
4086 3711 1
4086 244 1
4086 6187 1
4086 1627 1
4086 8585 1
4086 8508 1
7284 4516 1
8208 1302 1
6313 1104 1
8054 6818 1
8054 7837 1
8054 1601 1
8054 121 1
8054 4566 1
8054 5706 1
8054 8801 1
5794 8821 1
5794 797 1
2962 1775 1
2962 489 1
1758 2197 1
1758 3554 1
204 8294 1
204 6782 1
4025 6999 1
4025 3835 1
4025 4976 1
7545 363 1
7545 6379 1
4281 3241 1
7788 6967 1
7788 1124 1
8532 5711 1
4125 100 1
4125 8452 1
4125 4920 1
4125 3113 1
4125 8457 1
4125 2178 1
4125 6520 1
4125 6178 1
4125 5670 1
147 607 1
6196 7448 1
6196 4236 1
6196 2881 1
5490 6216 1
5490 110 1
3529 3712 1
3529 3786 1
3529 8454 1
8695 4401 1
4833 493 1
1691 6204 1
1691 1866 1
8121 8098 1
8121 8554 1
8121 1074 1
8121 5555 1
8121 552 1
6345 4856 1
6345 4780 1
6345 1689 1
2194 4139 1
2194 4266 1
2035 2310 1
2365 6892 1
2365 6222 1
2365 7185 1
4800 5544 1
4800 4971 1
4800 3630 1
5901 3472 1
5659 3466 1
5295 6767 1
5295 5942 1
5295 993 1
5295 6922 1
709 4469 1
4835 7793 1
4835 1344 1
5282 4416 1
5282 427 1
5282 4158 1
5282 3497 1
5282 2437 1
811 8008 1
8668 67 1
6424 4202 1
6424 600 1
6424 6283 1
6424 5584 1
6424 1954 1
6424 512 1
6981 2505 1
668 558 1
3435 2123 1
3435 3971 1
6738 8741 1
6738 2568 1
6738 2601 1
6738 7188 1
6219 1354 1
7191 5597 1
2976 1637 1
2976 5143 1
2976 3703 1
2976 3646 1
2976 547 1
2976 2944 1
2976 8307 1
2976 2416 1
2976 2018 1
2976 2751 1
2976 1917 1
2976 2699 1
2976 5540 1
2976 5335 1
2976 4178 1
2976 7948 1
2976 8119 1
2976 6903 1
2976 7946 1
2976 6586 1
2976 7427 1
2976 7326 1
2976 5135 1
2976 5105 1
2976 2824 1
2976 6034 1
2976 2396 1
2976 452 1
2976 1254 1
2976 1428 1
6120 3798 1
1828 4998 1
2658 4447 1
2658 1204 1
195 7586 1
3606 7694 1
6881 5987 1
6881 4686 1
6881 7015 1
6881 7848 1
6881 7364 1
6881 8359 1
6881 7640 1
6881 6504 1
6881 6740 1
4223 2847 1
4223 5559 1
4223 8267 1
4223 939 1
4223 5100 1
4223 1071 1
3008 7683 1
8647 5425 1
8647 448 1
8647 8582 1
8647 7031 1
8647 5576 1
8647 3319 1
8647 3334 1
8647 230 1
8647 7854 1
8647 2435 1
8647 6074 1
8647 1981 1
4184 1289 1
8399 890 1
8399 186 1
8399 5871 1
3574 1040 1
3574 2097 1
7158 594 1
4863 1388 1
4863 615 1
4863 3953 1
4863 2573 1
7118 4871 1
7118 5163 1
4352 279 1
8066 7618 1
8066 2933 1
8066 1830 1
7327 1617 1
1754 1913 1
3011 7939 1
1610 8181 1
4150 6975 1
4150 2224 1
4150 1777 1
4150 3364 1
4150 6830 1
4150 6725 1
4150 3041 1
2338 8392 1
2338 7500 1
2338 7281 1
1536 7420 1
1536 5427 1
1536 6212 1
6266 3645 1
6266 2446 1
6266 4927 1
6266 2866 1
6266 5221 1
6266 2500 1
6027 4803 1
6027 6893 1
6027 6570 1
5925 2262 1
5925 118 1
5925 3688 1
5925 3504 1
5925 4320 1
7571 7603 1
7571 5188 1
3719 41 1
3719 6123 1
5638 6801 1
5638 4854 1
5638 2109 1
5638 3017 1
5638 5631 1
3390 7798 1
3390 3900 1
3390 6058 1
4536 6875 1
4536 7685 1
5205 3926 1
5205 6019 1
2034 3897 1
2034 2203 1
4679 7000 1
4679 6102 1
4164 2530 1
4164 3573 1
4164 6908 1
4164 5451 1
4164 6909 1
342 7536 1
342 3163 1
1052 370 1
2987 8069 1
2987 2312 1
2987 651 1
5097 319 1
8415 3557 1
8415 5648 1
8415 6251 1
8415 2393 1
8415 4126 1
8415 8039 1
6800 586 1
6800 2695 1
6800 7780 1
6800 2672 1
8385 5935 1
4977 222 1
4977 1527 1
5175 1073 1
3026 4660 1
3231 6543 1
3231 1180 1
8604 8169 1
3782 5357 1
3782 6247 1
3782 8845 1
3782 7766 1
3782 3961 1
5377 11 1
2705 4656 1
8305 3147 1
6384 374 1
831 8477 1
2948 8479 1
5869 4462 1
5869 8797 1
5869 7566 1
1994 5987 1
1994 8421 1
1994 7926 1
266 1901 1
161 6940 1
161 1226 1
7567 1185 1
7567 1840 1
7567 1037 1
7567 3904 1
7567 767 1
5661 3980 1
5661 8475 1
861 4619 1
861 2444 1
861 2955 1
861 4521 1
861 5719 1
861 8546 1
861 4026 1
8179 497 1
8179 5791 1
5245 1111 1
8326 5140 1
8326 1762 1
7038 768 1
7702 6796 1
7702 615 1
7702 7055 1
2595 4809 1
7934 8140 1
2124 2629 1
2124 8063 1
2124 8097 1
4867 5641 1
4867 1577 1
4867 7092 1
4867 4018 1
4867 3262 1
4867 7584 1
4867 3268 1
4867 5326 1
1557 4925 1
441 6407 1
441 336 1
441 3323 1
441 8320 1
7610 6160 1
7610 5541 1
7610 7250 1
6052 3228 1
7857 1248 1
7857 3106 1
953 4527 1
3622 1946 1
3622 4685 1
3622 2798 1
3622 1623 1
6354 5148 1
4873 5828 1
4873 2050 1
5078 5291 1
5078 7803 1
5078 7970 1
5078 3672 1
5078 460 1
5078 6705 1
5078 4497 1
5078 5202 1
5078 679 1
5078 3896 1
5078 300 1
5621 7920 1
5621 5750 1
3075 3003 1
3075 6268 1
3075 8352 1
3075 1697 1
6490 8044 1
2298 388 1
2298 7070 1
2298 590 1
2298 8786 1
2298 1586 1
155 4173 1
155 7911 1
155 231 1
5593 5316 1
5593 7966 1
2791 2216 1
4464 6916 1
2400 3137 1
7832 8173 1
7832 5533 1
7832 2361 1
7693 612 1
3761 939 1
3761 1042 1
3761 8068 1
3761 7247 1
3761 4069 1
8673 277 1
8673 6237 1
8673 7686 1
562 251 1
562 36 1
562 7637 1
562 4839 1
562 1008 1
562 1237 1
562 3288 1
562 4334 1
562 6727 1
562 1761 1
562 7873 1
562 8253 1
562 7805 1
562 8789 1
562 3092 1
562 8783 1
562 7172 1
562 8790 1
562 1158 1
562 8059 1
562 5058 1
562 3380 1
562 2022 1
562 5497 1
3956 4954 1
3956 5633 1
3956 4166 1
1927 1177 1
3592 5761 1
6325 2902 1
6325 7773 1
6325 6535 1
6325 4308 1
6325 1340 1
5508 5134 1
5508 3325 1
5370 4703 1
931 3304 1
931 5504 1
159 7366 1
159 192 1
159 4312 1
159 5401 1
159 3689 1
159 72 1
159 4067 1
8441 7480 1
8441 6597 1
8441 390 1
8441 8535 1
8441 2190 1
8441 7133 1
2003 1014 1
5849 3454 1
5849 2164 1
5005 4708 1
981 8609 1
981 1450 1
2008 844 1
1331 3422 1
1331 4328 1
1331 2848 1
7961 966 1
2332 7383 1
2332 6946 1
2332 4777 1
2332 2313 1
1141 7392 1
1141 5988 1
1141 3537 1
1141 937 1
1141 6253 1
1141 2284 1
2732 5409 1
2732 49 1
2732 1009 1
7772 299 1
7772 1250 1
7772 7661 1
7772 5349 1
7772 3156 1
7772 680 1
7772 1895 1
7772 7273 1
7772 8304 1
7772 4935 1
7772 1249 1
7772 7411 1
7772 8272 1
7772 7673 1
7772 1338 1
7772 6926 1
7772 7347 1
7772 232 1
7772 3774 1
7772 7344 1
7772 7607 1
7772 2940 1
7772 6098 1
7772 4439 1
7772 8501 1
7772 3405 1
704 8238 1
2558 7190 1
2558 6512 1
2708 8646 1
2708 255 1
710 2803 1
6017 3473 1
6017 1993 1
6017 5524 1
4782 1347 1
4782 5603 1
4782 5039 1
1263 3295 1
1723 7262 1
1723 6140 1
4358 1464 1
4358 1890 1
4358 5128 1
5726 4548 1
4721 4939 1
7931 3401 1
7931 6467 1
7931 8621 1
3586 8029 1
3586 1116 1
3586 4179 1
3586 5159 1
3586 2632 1
3586 8118 1
2625 2588 1
2625 6444 1
2625 3178 1
2625 3221 1
2625 1316 1
1253 1410 1
1253 3895 1
2334 309 1
8727 5911 1
5463 241 1
5463 6209 1
4498 4127 1
7202 4593 1
7202 6837 1
7202 5249 1
7202 5027 1
7202 8559 1
7202 3086 1
7195 2895 1
7195 3180 1
1449 8425 1
7168 7114 1
3276 754 1
3276 1608 1
1972 2673 1
1972 5322 1
1972 1245 1
1972 5908 1
5234 2905 1
5234 995 1
5234 6917 1
5234 3681 1
5269 3821 1
6732 6661 1
1950 4157 1
4354 1122 1
8107 5800 1
1797 3837 1
5072 7270 1
4128 6963 1
16 264 1
16 4770 1
16 5436 1
16 8178 1
16 6481 1
16 1384 1
16 7184 1
16 2580 1
16 3937 1
16 8766 1
16 278 1
16 3952 1
3666 7908 1
3666 1848 1
2423 2127 1
2423 3297 1
2423 2787 1
3428 1979 1
9 8719 1
9 2348 1
9 8806 1
9 5043 1
9 1794 1
6091 8483 1
7680 522 1
7680 6288 1
2845 8348 1
2845 3488 1
1995 5145 1
1174 7314 1
1174 6062 1
1174 3283 1
8632 6678 1
8632 3755 1
8632 483 1
8632 5807 1
8632 1918 1
8632 2617 1
2412 8791 1
2412 5411 1
2412 3471 1
2412 43 1
3578 1740 1
3578 5640 1
3578 6277 1
2774 636 1
2774 7833 1
2774 8396 1
2774 5210 1
8389 6685 1
5271 3414 1
7919 2587 1
2814 638 1
2814 8391 1
2814 8069 1
1534 2760 1
616 2006 1
4845 6971 1
4845 3028 1
4845 3535 1
5065 5501 1
6556 8567 1
2752 3591 1
2752 5362 1
5960 59 1
3679 7009 1
3679 238 1
3679 280 1
3679 8670 1
3679 4509 1
3679 8011 1
3679 2576 1
4007 1788 1
4007 4273 1
217 2010 1
217 6210 1
217 5099 1
7764 307 1
79 7526 1
3990 3532 1
3990 4180 1
3990 6451 1
3990 402 1
3990 3408 1
3990 431 1
3990 5832 1
3990 1060 1
3990 7487 1
3990 6262 1
3990 4056 1
8702 7428 1
8702 781 1
8702 1066 1
8702 8332 1
8702 3729 1
8702 6847 1
8702 7412 1
8702 2993 1
8702 5391 1
8702 6931 1
8702 3595 1
8702 2383 1
8702 8619 1
8702 1416 1
8702 2591 1
8702 6115 1
8702 3542 1
8702 2857 1
8702 5801 1
835 7033 1
835 5836 1
835 383 1
6647 4484 1
4467 7815 1
4467 1252 1
6047 4390 1
5118 677 1
6130 7748 1
6130 879 1
7128 7225 1
6639 599 1
6639 1518 1
6639 2025 1
3832 6886 1
3832 4787 1
3832 1624 1
3832 453 1
3866 3090 1
3866 3103 1
3866 5576 1
3866 5728 1
6742 6789 1
6742 2690 1
6742 8499 1
6742 68 1
6742 3921 1
6742 4842 1
6742 1725 1
6742 1851 1
6742 2052 1
6061 6942 1
6061 1121 1
6061 6713 1
6061 20 1
6061 1740 1
64 7620 1
1563 6049 1
1563 6363 1
4004 3597 1
4004 8033 1
988 576 1
988 3815 1
988 405 1
988 4632 1
988 645 1
540 4340 1
3754 7994 1
5891 8478 1
5891 7390 1
5891 759 1
468 2542 1
4041 4425 1
239 597 1
6709 2956 1
2645 1791 1
6856 7593 1
4779 7831 1
2653 4657 1
2653 6024 1
2653 3525 1
225 1926 1
225 7418 1
7508 7578 1
2504 1216 1
7464 208 1
8555 972 1
7672 1690 1
7672 85 1
7672 1639 1
7672 8108 1
7672 5676 1
7672 1453 1
7672 5014 1
7672 8109 1
7672 2669 1
7672 5664 1
7672 185 1
7672 6417 1
3673 3836 1
3673 394 1
3673 4572 1
3673 7193 1
3673 3910 1
3673 3266 1
6720 3382 1
5434 6802 1
5434 6357 1
8012 8089 1
8012 3271 1
8012 4738 1
6739 5191 1
6739 2100 1
5872 699 1
3503 8315 1
3503 8183 1
3503 595 1
3503 7960 1
3503 8284 1
4114 7308 1
4491 719 1
4491 3995 1
4491 3227 1
4491 6001 1
4491 945 1
4491 2376 1
4491 7043 1
4491 3119 1
4491 6655 1
4491 6768 1
4491 8583 1
4491 4355 1
2639 839 1
73 7708 1
73 3965 1
73 2978 1
73 1053 1
73 4345 1
2020 5717 1
2020 8563 1
2020 8817 1
5737 1235 1
6460 7997 1
6460 8590 1
5808 7649 1
8542 3109 1
5196 5725 1
5196 6067 1
5196 6526 1
5196 5076 1
5196 694 1
5196 3715 1
5196 8468 1
5196 4840 1
5196 8060 1
5196 7750 1
1382 3888 1
7236 2678 1
7236 6750 1
1662 8266 1
3425 5439 1
3425 256 1
3425 1816 1
3479 8303 1
3479 1050 1
3479 2202 1
3479 3350 1
3479 8367 1
7459 5489 1
8375 7618 1
5460 5122 1
5460 7880 1
7646 3777 1
7646 8378 1
7646 4394 1
4373 4799 1
2172 2926 1
2172 3704 1
2172 5059 1
2257 5645 1
1199 2842 1
1199 3877 1
1199 1528 1
1199 1706 1
1199 7087 1
8438 7325 1
5797 4614 1
3345 3553 1
4767 98 1
4767 8057 1
4767 45 1
2283 8117 1
2283 6814 1
722 4865 1
7200 1047 1
7918 524 1
7918 1961 1
7918 2261 1
7918 760 1
7918 3196 1
7918 142 1
7918 3831 1
7918 2174 1
7918 7176 1
4696 1400 1
4696 8741 1
7484 6990 1
2395 2980 1
2395 4818 1
2395 8829 1
8579 8733 1
6785 8300 1
5050 5776 1
5050 3248 1
3052 3511 1
3426 8569 1
3426 1565 1
4558 550 1
4558 2742 1
4558 832 1
7455 2865 1
6810 3446 1
6810 1897 1
3762 2150 1
4714 3029 1
2219 419 1
2219 7675 1
2219 3054 1
2219 5835 1
2219 2114 1
154 1500 1
6670 7518 1
2201 454 1
2201 5582 1
7293 852 1
6772 2928 1
6772 7222 1
6772 5553 1
4740 3234 1
4740 854 1
6706 8700 1
6706 206 1
6706 4201 1
7738 2188 1
7738 4013 1
1198 7721 1
1198 650 1
1198 7623 1
5174 1169 1
5174 5466 1
5174 484 1
6036 5243 1
6036 301 1
6036 4433 1
2815 5673 1
2815 5394 1
2815 4817 1
2815 7164 1
2815 6321 1
2815 6035 1
8449 3016 1
4692 1790 1
1598 2263 1
1598 6927 1
1598 6555 1
1598 6736 1
1442 3602 1
1442 2366 1
1442 6270 1
3748 478 1
3748 7381 1
5953 5610 1
5953 5701 1
1238 7266 1
1238 3453 1
1238 2227 1
1238 5714 1
1755 8846 1
5040 695 1
5040 7736 1
5040 5208 1
5040 2800 1
3852 1182 1
3852 1588 1
5740 1469 1
5740 2569 1
5740 5110 1
5740 7160 1
5740 3292 1
7822 223 1
7822 7704 1
7822 6068 1
7822 925 1
7822 4627 1
7822 5585 1
7822 455 1
3918 3185 1
3918 7978 1
3918 4151 1
3918 7179 1
3918 804 1
3918 7674 1
3918 4326 1
3918 8248 1
3918 404 1
3918 93 1
3918 4847 1
3918 8537 1
3918 6820 1
3918 1677 1
3918 7091 1
3918 7943 1
3918 828 1
3918 2746 1
3918 8381 1
3918 6572 1
3918 1089 1
3918 4744 1
3918 129 1
3918 6133 1
3918 5718 1
3918 3596 1
3918 1533 1
3918 8494 1
3918 1661 1
2692 6537 1
1847 7397 1
6744 1744 1
6744 5270 1
6744 1603 1
6744 176 1
5374 5997 1
3260 3864 1
3260 7807 1
5920 1599 1
5920 571 1
1286 811 1
1286 3426 1
7471 6693 1
4822 8736 1
2490 4203 1
5444 8510 1
5444 7276 1
7509 7775 1
3744 3139 1
145 5930 1
8212 2780 1
4252 4060 1
8397 16 1
221 6556 1
5008 4445 1
6717 2419 1
7889 1263 1
3020 4743 1
5280 2860 1
6351 7408 1
2155 3037 1
8274 2762 1
5617 1659 1
7208 3674 1
1726 710 1
2872 3577 1
1046 2495 1
1046 5859 1
1046 4381 1
7097 2124 1
6677 5271 1
5572 1188 1
5572 2612 1
4894 7158 1
3102 3207 1
4507 6924 1
294 2774 1
2388 4223 1
2110 1056 1
3618 148 1
1924 4615 1
5981 2922 1
2810 239 1
4057 8614 1
6852 5958 1
8825 4574 1
3541 8387 1
5445 3279 1
1620 1869 1
1105 1602 1
4973 8647 1
4973 824 1
1502 3982 1
7319 8296 1
7056 2506 1
6358 8333 1
8227 7153 1
2079 2035 1
7305 352 1
3727 7219 1
6252 8703 1
3736 1550 1
3736 4270 1
3736 3842 1
360 3695 1
7587 3956 1
6944 8309 1
5514 4983 1
8838 2795 1
8838 3366 1
6085 3881 1
4771 6460 1
765 7612 1
4753 7354 1
7034 5868 1
7621 7202 1
7621 468 1
3250 3656 1
7496 5492 1
6581 3236 1
4901 3247 1
661 7761 1
4918 2907 1
2937 7615 1
1658 7191 1
7175 8673 1
3682 8673 1
8297 8673 1
7614 2897 1
6862 7672 1
1899 267 1
6550 4144 1
6059 3549 1
3968 3202 1
8622 4984 1
1750 6936 1
582 8305 1
5773 1408 1
4451 4858 1
3908 7980 1
1273 1676 1
2959 6551 1
8851 8659 1
2288 5821 1
2288 5265 1
7433 4037 1
5666 2314 1
4902 8031 1
880 3918 1
6692 4846 1
146 6496 1
8538 1557 1
1294 988 1
648 3388 1
1696 2040 1
7818 3190 1
3662 8561 1
3662 5195 1
3662 3748 1
6166 4886 1
1648 970 1
1157 3310 1
2733 400 1
3653 3569 1
3653 3387 1
1356 5092 1
2397 3231 1
1584 2211 1
197 3427 1
4855 2332 1
5622 4943 1
5622 3107 1
7407 5423 1
2523 6647 1
4544 6744 1
3873 5228 1
4424 1531 1
1164 5869 1
1164 4612 1
5073 5910 1
777 1375 1
3168 8802 1
165 8054 1
6254 5661 1
6254 2201 1
6636 106 1
8717 3498 1
2074 228 1
8310 7690 1
1130 3083 1
1920 4867 1
6566 3314 1
8074 6856 1
3002 3849 1
7925 7246 1
7925 4358 1
7925 6571 1
7928 5989 1
5476 3919 1
2696 1894 1
1495 3144 1
1034 5192 1
5798 2851 1
3800 1853 1
472 281 1
5289 7459 1
5289 986 1
6867 3200 1
2981 7744 1
3219 4452 1
6763 1331 1
4511 2140 1
4511 7132 1
4511 3870 1
6300 2371 1
5084 1370 1
5084 7915 1
1482 5649 1
3400 6285 1
3771 13 1
7643 7885 1
7362 5383 1
6346 4830 1
4827 7730 1
5359 5976 1
863 5976 1
6988 3508 1
1933 5117 1
1933 5797 1
3344 4934 1
6341 1995 1
7995 4569 1
1187 3338 1
3333 6751 1
2152 1425 1
5612 6477 1
8344 4845 1
372 2498 1
1133 3552 1
6459 4398 1
8316 6822 1
8316 7596 1
8316 3636 1
8316 569 1
8316 1994 1
8316 3233 1
613 12 1
5462 6970 1
1170 7571 1
4061 5377 1
2855 313 1
1873 4329 1
1149 2014 1
7774 1335 1
8531 8496 1
4105 3514 1
3140 1027 1
732 382 1
3452 7442 1
7204 6549 1
7204 2189 1
3950 7819 1
3950 4928 1
6683 7200 1
914 3819 1
3962 4426 1
4387 861 1
2192 3257 1
2192 8592 1
5949 27 1
4419 722 1
4538 2641 1
6977 8122 1
8346 5299 1
7016 396 1
5307 3043 1
8617 1184 1
4181 1184 1
5329 7492 1
8847 2684 1
1960 6052 1
2934 4996 1
54 8081 1
4188 476 1
4188 1061 1
2241 8313 1
2241 2412 1
2065 1374 1
5262 6843 1
5137 6515 1
8103 6904 1
2209 1399 1
316 3576 1
8466 3830 1
4448 5267 1
3457 7645 1
6923 795 1
3117 6219 1
2225 2298 1
1426 985 1
5644 1815 1
1940 2630 1
432 4074 1
7715 3929 1
7789 2877 1
1476 3048 1
5814 8213 1
1381 887 1
2391 4960 1
7368 4121 1
4801 1303 1
3150 7679 1
26 2589 1
8460 835 1
1300 1859 1
1300 5282 1
1300 2235 1
2215 4133 1
3571 2482 1
3571 4087 1
2242 6772 1
826 7393 1
1357 715 1
3398 845 1
6506 4800 1
6189 3339 1
7472 2458 1
2575 1760 1
8194 180 1
6998 8187 1
8747 8280 1
965 7081 1
4648 4440 1
623 950 1
8485 862 1
8485 7452 1
8485 5321 1
4905 5508 1
4286 461 1
3743 3124 1
712 4808 1
1424 8692 1
4843 4870 1
3641 7020 1
7729 1649 1
2169 1633 1
1001 6887 1
8411 5116 1
1720 5681 1
942 8379 1
941 2334 1
2552 4692 1
1839 8385 1
6877 8686 1
3735 1430 1
6186 3912 1
7687 3022 1
5170 8133 1
8319 7806 1
4892 907 1
6813 3673 1
1681 6151 1
3332 3285 1
416 8228 1
6815 2938 1
6915 8644 1
1544 8322 1
4129 4164 1
4503 3184 1
1701 8815 1
4175 7331 1
6356 122 1
4501 6027 1
457 4125 1
7434 7059 1
8087 2468 1
1244 8376 1
587 1525 1
3705 5992 1
2717 2900 1
193 2900 1
7489 8743 1
3814 1051 1
6911 1423 1
1753 4128 1
5526 1213 1
5250 5883 1
5480 2710 1
5990 2360 1
5990 8643 1
7909 5890 1
786 7430 1
5678 3013 1
3663 1984 1
6925 6398 1
8318 2367 1
5461 1080 1
7287 4142 1
6489 4336 1
6489 3714 1
3367 6704 1
1234 2353 1
4620 4730 1
5064 7769 1
187 3887 1
8650 131 1
6965 2625 1
4109 2480 1
58 75 1
892 6868 1
3335 1055 1
894 2828 1
4969 4776 1
2701 1082 1
2701 1736 1
2317 204 1
6548 7118 1
8254 7610 1
8161 3142 1
3356 6184 1
6317 6614 1
1323 7217 1
2167 5234 1
697 1587 1
973 6757 1
2984 2845 1
911 2488 1
7533 1886 1
251 6728 1
251 2525 1
7363 7625 1
7666 1483 1
874 2364 1
2561 8593 1
1864 2073 1
1350 6197 1
119 5078 1
119 562 1
5355 559 1
7529 2346 1
4952 6534 1
3397 5269 1
573 881 1
2145 2362 1
526 8038 1
5767 8649 1
3725 3501 1
4797 4405 1
4957 7249 1
3226 1829 1
7535 1163 1
4296 4045 1
2043 5463 1
3878 3336 1
4541 5205 1
3694 1876 1
6011 6423 1
3261 5447 1
5779 2583 1
57 5007 1
7436 5543 1
3637 2423 1
1675 4611 1
4305 7733 1
4305 253 1
4212 4450 1
583 1299 1
4747 6181 1
6480 254 1
2661 5481 1
8742 7093 1
8739 7168 1
2475 7023 1
8630 6507 1
3116 2308 1
5844 4094 1
2379 7256 1
2379 5304 1
6002 1139 1
7372 5303 1
7598 1636 1
4283 4588 1
226 4441 1
2566 3825 1
2899 428 1
1337 7829 1
1337 6673 1
8261 4757 1
7233 809 1
2118 857 1
8368 8558 1
1808 8634 1
929 8495 1
3242 3385 1
5066 3324 1
6779 6396 1
7223 4671 1
7660 2034 1
5034 4624 1
2318 2968 1
4931 7384 1
7365 3135 1
2546 7050 1
5880 1128 1
6745 1243 1
4622 4184 1
3409 348 1
936 7154 1
936 6711 1
936 88 1
6470 3475 1
8239 6177 1
2380 6193 1
6170 4454 1
6824 5441 1
1479 968 1
332 2947 1
4639 2736 1
2055 2328 1
977 389 1
716 6881 1
8674 6743 1
1621 4152 1
6979 2067 1
4946 8370 1
6853 6742 1
3924 5802 1
8160 3173 1
7030 82 1
4915 7379 1
7345 6452 1
247 4262 1
1919 2069 1
3565 5656 1
7122 5552 1
6901 1942 1
5507 342 1
1498 3007 1
3546 7567 1
2535 5216 1
7045 3986 1
3377 4552 1
5136 7112 1
5136 5286 1
3395 6432 1
240 2105 1
4528 1115 1
2024 3622 1
3448 2763 1
8265 7580 1
8605 3243 1
3617 5040 1
1018 8848 1
5467 7120 1
7499 687 1
1733 2129 1
8708 2658 1
4208 70 1
2930 4354 1
1842 34 1
227 7918 1
5936 4317 1
2782 5456 1
4324 4754 1
8374 3372 1
5815 3567 1
5534 7303 1
5534 2518 1
5534 7458 1
7373 7484 1
7239 4083 1
2252 6932 1
6420 2946 1
3493 6710 1
751 1754 1
7542 7822 1
7131 8449 1
1589 7657 1
4710 2385 1
6947 5050 1
5220 1143 1
4667 8166 1
2266 1710 1
5665 1314 1
3036 2233 1
6669 5181 1
2529 5923 1
4299 8792 1
6613 161 1
6613 7772 1
8295 6061 1
532 5045 1
5251 46 1
4592 4274 1
4659 7702 1
6031 8088 1
178 4260 1
6771 2987 1
4161 3464 1
4421 6063 1
3104 3902 1
6295 6335 1
4357 2986 1
3151 5852 1
4222 4551 1
4222 4183 1
2840 1634 1
2646 2008 1
6192 6953 1
4046 5537 1
3381 8208 1
6992 7728 1
1715 2088 1
1715 5354 1
2465 989 1
4063 5061 1
3951 7570 1
6376 1757 1
4066 4215 1
8544 579 1
5032 1207 1
2925 5240 1
1618 2486 1
5109 5164 1
4698 2976 1
4869 3290 1
734 5153 1
2880 4382 1
634 7651 1
4153 1246 1
4975 7976 1
1028 1023 1
3628 2888 1
6455 7604 1
7353 7146 1
5333 3431 1
3309 6620 1
4050 2991 1
2340 2924 1
4205 4038 1
5224 5870 1
7473 1655 1
6388 954 1
8734 545 1
2593 2692 1
8440 6764 1
4285 8179 1
7644 2532 1
1751 1778 1
3941 3879 1
2958 4300 1
1739 159 1
5752 6747 1
2941 4211 1
6168 742 1
7553 6315 1
5571 520 1
1570 7163 1
4216 5826 1
3930 3579 1
2294 3693 1
1964 4520 1
8406 8473 1
1020 8604 1
5884 6083 1
5780 2254 1
2804 7506 1
6513 4798 1
7847 6592 1
3481 5591 1
5226 8298 1
7481 4301 1
496 7982 1
2651 6672 1
6076 6690 1
2963 5245 1
3745 4098 1
6310 563 1
6310 5804 1
4838 1597 1
5426 1209 1
6395 8190 1
7394 8185 1
5114 4428 1
6347 4558 1
7799 2020 1
3067 8835 1
6445 5838 1
6601 5389 1
4051 5389 1
5747 8540 1
1367 8540 1
1779 1081 1
3499 7682 1
5417 5953 1
7572 3988 1
5477 8702 1
6126 3793 1
7558 3360 1
3992 8447 1
6806 1007 1
85 4054 1
8047 3946 1
3867 3209 1
1530 220 1
323 1892 1
1870 7302 1
7359 8527 1
5615 2443 1
8028 4238 1
6377 7437 1
2755 5985 1
2659 3872 1
83 4372 1
5523 490 1
3069 8121 1
3069 2175 1
3069 6921 1
7026 4377 1
5003 1685 1
2825 6986 1
2309 6198 1
7826 4347 1
8651 5345 1
2975 4779 1
3518 4076 1
5637 17 1
471 5070 1
5047 7252 1
8755 4417 1
3021 866 1
7576 5232 1
7576 7725 1
8204 1172 1
97 8399 1
6989 2336 1
7401 3861 1
6138 6130 1
1908 6656 1
276 6896 1
8428 3001 1
1962 3915 1
6185 8012 1
2349 1758 1
117 3182 1
7126 5274 1
2276 5325 1
171 6022 1
2853 170 1
3111 169 1
6105 1596 1
3977 4961 1
6854 7579 1
4646 2054 1
7470 8641 1
1268 5259 1
3415 7438 1
8323 5872 1
8171 22 1
7794 464 1
7794 2390 1
2454 5005 1
8168 7013 1
1991 8493 1
821 1256 1
7277 5396 1
1523 4380 1
339 7892 1
5782 2752 1
1667 4473 1
5842 3932 1
5353 269 1
1841 4088 1
692 1333 1
6271 6646 1
7703 7786 1
6326 5921 1
6607 6305 1
2785 7413 1
2867 3444 1
5297 8058 1
688 8058 1
2329 1855 1
3629 3797 1
3724 5977 1
5924 5338 1
5579 5516 1
1308 1072 1
1112 3529 1
4406 3854 1
5182 5257 1
395 5765 1
7388 3665 1
6838 5740 1
1038 6720 1
2223 616 1
7884 8390 1
4005 5306 1
1077 441 1
5390 47 1
4859 5372 1
5424 6637 1
3550 7568 1
3901 7199 1
546 2815 1
2748 6585 1
618 865 1
4898 387 1
1369 6491 1
6028 3161 1
4456 1193 1
4389 2948 1
3327 6152 1
837 5885 1
6404 6157 1
531 6082 1
702 5528 1
2247 5702 1
5739 2600 1
5178 1202 1
3593 2160 1
4095 3858 1
763 4985 1
8830 5298 1
619 8066 1
3753 4477 1
3331 4464 1
5629 704 1
2967 5696 1
6547 229 1
7875 6006 1
6628 6345 1
4402 8555 1
7684 6584 1
7460 537 1
5063 4929 1
302 4806 1
5198 265 1
6050 2775 1
3572 2269 1
5950 5974 1
286 2783 1
2331 7322 1
5225 6296 1
2253 2183 1
4338 7545 1
641 4860 1
5386 7367 1
6541 1442 1
8021 5384 1
4414 5867 1
6966 8281 1
5067 6384 1
6093 1324 1
1793 5174 1
6089 2791 1
5684 4409 1
5898 173 1
8823 2712 1
1319 2248 1
4021 6871 1
6226 1321 1
6291 7788 1
2596 8803 1
794 867 1
3418 3259 1
4606 8718 1
112 3666 1
1818 475 1
6110 3698 1
7952 3578 1
7710 5849 1
181 8412 1
5237 5554 1
6755 909 1
830 7429 1
3115 7429 1
6849 6906 1
2019 5060 1
7600 1230 1
3223 7693 1
3039 8525 1
8002 1610 1
8002 1874 1
8245 2843 1
3050 2487 1
3701 5735 1
3594 4214 1
1452 1976 1
3154 4442 1
3981 5741 1
2520 1 1
2090 7947 1
2619 7546 1
1363 7310 1
6841 225 1
5704 243 1
5751 4824 1
1837 8013 1
1201 8441 1
4941 6036 1
1929 113 1
2832 3948 1
4145 4315 1
1653 4595 1
8072 4 1
1171 3125 1
5086 6773 1
6131 2879 1
1026 2218 1
7307 1983 1
3031 1135 1
1572 8003 1
2156 5538 1
3519 544 1
398 2395 1
5548 8146 1
174 4994 1
