5249 5030 1
5249 4224 1
5249 6711 1
5249 7578 1
5249 4296 1
4056 2185 1
4056 801 1
4056 6973 1
4056 5239 1
4056 8004 1
4056 6870 1
4056 1178 1
4056 7750 1
4056 4022 1
4056 7178 1
4056 6579 1
4056 4790 1
4056 3454 1
6931 2981 1
1995 6555 1
2035 7843 1
2035 4967 1
2035 896 1
7640 2657 1
7640 5957 1
7640 7147 1
7640 3297 1
7640 6149 1
7640 5625 1
7640 7424 1
7640 5933 1
7640 1551 1
7640 5052 1
7640 1947 1
7640 1416 1
7640 3050 1
7640 2748 1
7640 3865 1
7640 5326 1
7640 6734 1
7640 219 1
7640 6069 1
7640 3350 1
7640 7270 1
7640 341 1
7640 2979 1
7640 559 1
7640 5360 1
7640 457 1
7640 4419 1
7640 6696 1
1185 6840 1
2382 394 1
2382 3900 1
2382 1861 1
2382 1040 1
2382 6940 1
215 6165 1
4130 5208 1
6827 4835 1
6827 6664 1
6827 1181 1
6827 2065 1
6827 8111 1
6827 3997 1
6827 6224 1
6827 3377 1
6827 6144 1
6827 1103 1
6827 1388 1
6827 8197 1
6827 3698 1
1510 4858 1
1510 405 1
1047 1411 1
2394 3340 1
2394 1053 1
2394 1685 1
2394 7613 1
5524 6981 1
5524 2438 1
5524 1110 1
5524 4258 1
5524 6855 1
5524 5213 1
5524 1989 1
5524 3908 1
5524 6338 1
5524 8160 1
5524 508 1
5524 5696 1
5524 6253 1
5524 3393 1
3389 7620 1
81 2061 1
81 734 1
81 393 1
81 6491 1
81 128 1
81 6630 1
81 1818 1
3663 3437 1
3663 3778 1
3663 1460 1
3663 7006 1
3663 6307 1
3663 2350 1
3663 2987 1
3663 6498 1
3663 920 1
3663 6938 1
3663 8245 1
3663 5601 1
2905 4938 1
7883 1940 1
7883 1573 1
7883 2137 1
7883 6937 1
7883 3975 1
7883 7015 1
7883 3879 1
7883 4948 1
7883 5099 1
6335 1804 1
6335 7462 1
6335 5849 1
6335 5844 1
6335 4008 1
1225 4770 1
6304 5121 1
6304 1553 1
7959 3061 1
7959 8268 1
7959 3019 1
7959 5518 1
7959 6564 1
7959 579 1
7959 1974 1
7959 7972 1
7959 1190 1
7959 7125 1
7959 1037 1
7959 7983 1
7959 2723 1
7959 4134 1
7959 5721 1
7959 1136 1
7067 4110 1
413 663 1
2416 3212 1
1820 6108 1
5699 4946 1
600 4910 1
592 43 1
592 807 1
592 5859 1
592 745 1
592 6942 1
592 57 1
592 6787 1
592 6123 1
592 4396 1
592 6295 1
7213 8167 1
7213 1520 1
7213 3368 1
261 2907 1
261 6523 1
261 7167 1
261 8210 1
261 7181 1
261 1337 1
2076 416 1
2076 8267 1
2076 2491 1
2076 7880 1
2076 3411 1
2076 1881 1
2076 7762 1
2076 5071 1
2076 4054 1
2076 5827 1
2076 2509 1
631 90 1
4680 2695 1
4680 3846 1
4680 3964 1
4680 4322 1
5066 3593 1
5066 1799 1
5066 516 1
5066 887 1
5066 5290 1
5066 4131 1
5155 5314 1
5155 2316 1
3597 2461 1
3597 6925 1
3597 5621 1
3597 3226 1
3597 504 1
3597 2352 1
3597 7505 1
3597 3870 1
3597 42 1
3597 4623 1
3899 7595 1
83 2817 1
83 1087 1
83 5140 1
83 2848 1
83 5394 1
6684 8038 1
6684 3653 1
6684 6752 1
6684 3808 1
6684 3728 1
6684 5098 1
6684 1331 1
2840 5188 1
776 859 1
7726 2312 1
7726 3667 1
5021 7974 1
1787 395 1
1787 4063 1
1787 7048 1
1787 6786 1
5047 1005 1
5047 2046 1
5047 4517 1
614 6694 1
6783 3319 1
6783 1212 1
5384 6234 1
1188 682 1
1188 5253 1
1829 3496 1
1829 7614 1
1829 7237 1
1829 5327 1
1829 499 1
1829 3502 1
1829 4845 1
1829 448 1
1829 763 1
1829 5302 1
1829 7781 1
1829 6260 1
3320 2957 1
7247 67 1
7551 992 1
7551 7905 1
3629 4849 1
3645 4556 1
7388 1894 1
5144 1613 1
6042 5237 1
2976 1807 1
2976 8000 1
2976 1470 1
2976 7135 1
2976 27 1
2976 4055 1
2976 356 1
2976 6900 1
2976 2000 1
2976 8282 1
2976 7718 1
2389 6262 1
2389 6320 1
1692 1381 1
3861 4828 1
1241 7166 1
1241 3830 1
1241 2177 1
1241 4502 1
1241 51 1
5459 2830 1
5459 4547 1
3168 6812 1
3168 305 1
3168 3005 1
3168 7370 1
4778 5490 1
871 1660 1
871 3308 1
871 3821 1
871 710 1
871 8122 1
871 2047 1
4469 7971 1
1916 6265 1
1916 7203 1
1916 7294 1
1916 2024 1
1916 124 1
1916 2313 1
1916 2725 1
1916 4458 1
1916 987 1
1916 6198 1
5712 6116 1
2190 3691 1
2190 5143 1
2190 4685 1
2190 4423 1
3212 3275 1
3212 3791 1
4132 8158 1
4132 6045 1
4132 4478 1
4132 3066 1
4132 2099 1
4132 3679 1
5147 5944 1
5147 6813 1
142 6505 1
313 7522 1
2902 2662 1
1448 7235 1
1448 2096 1
1448 4880 1
1448 4588 1
4974 2095 1
1656 3677 1
5049 8224 1
5728 3290 1
3436 7242 1
5572 1122 1
5572 7269 1
5572 7615 1
5572 200 1
434 1042 1
1922 2296 1
2028 3397 1
8184 7398 1
3635 2721 1
228 3465 1
228 7737 1
228 6283 1
228 1720 1
721 7711 1
632 2452 1
2193 336 1
2193 727 1
2193 8207 1
2193 7313 1
5388 4262 1
5388 5510 1
5046 3837 1
5046 1008 1
5046 5310 1
5046 3957 1
5046 1117 1
5046 4952 1
5046 7577 1
5046 169 1
5046 3608 1
5046 2787 1
5046 4363 1
5046 6410 1
5046 110 1
5046 7241 1
5046 6287 1
1631 2639 1
1631 5610 1
1631 4574 1
1631 5493 1
1631 1111 1
1631 1491 1
1631 7794 1
1631 1006 1
1631 6031 1
1631 1130 1
1631 5371 1
622 7789 1
622 7150 1
622 322 1
622 3872 1
814 1975 1
5660 5576 1
5660 6429 1
5660 679 1
5660 6379 1
6190 5496 1
6190 5504 1
6190 4613 1
3890 3298 1
3890 5652 1
3890 3848 1
3890 4933 1
3890 3068 1
3890 4844 1
266 5430 1
266 4635 1
266 5516 1
266 56 1
266 1857 1
266 7417 1
266 1575 1
266 664 1
266 5299 1
266 3124 1
7906 4277 1
7906 411 1
8178 7771 1
7820 4479 1
7820 3753 1
7820 4991 1
7820 6128 1
7820 4940 1
7820 3948 1
7820 5668 1
7820 7827 1
7820 7994 1
7820 2806 1
7820 7025 1
7820 7674 1
7820 3494 1
7820 5408 1
7820 4259 1
7820 4251 1
7820 2063 1
7820 6832 1
7820 7504 1
7820 1453 1
7820 70 1
7820 464 1
7820 753 1
7820 8144 1
7820 4020 1
7820 6795 1
7820 6453 1
7820 7902 1
7820 2713 1
7820 2064 1
7820 7103 1
569 2595 1
569 4466 1
5422 7937 1
2675 3666 1
5431 2298 1
7755 3119 1
7755 8182 1
7755 7352 1
7755 6708 1
7755 7038 1
7755 1522 1
7755 2353 1
1913 2323 1
5496 8047 1
5496 4344 1
5496 3824 1
5496 4557 1
3716 5013 1
3430 8287 1
3430 252 1
3430 7421 1
5690 787 1
5690 4936 1
5690 468 1
5690 1645 1
5690 76 1
5690 3637 1
5690 2854 1
4446 349 1
5225 1356 1
5225 1890 1
5225 1869 1
3662 167 1
3662 467 1
3980 4697 1
3980 4353 1
2036 1276 1
3033 3897 1
3033 4002 1
3033 2889 1
5361 1916 1
5361 5049 1
5361 2647 1
5361 3092 1
1033 6958 1
7869 2774 1
7869 6851 1
2977 2066 1
4774 599 1
3909 2205 1
3909 1216 1
1578 6536 1
1578 1789 1
1578 3937 1
1578 2598 1
1578 2468 1
2661 3911 1
766 7632 1
4277 2282 1
4277 8259 1
4277 4438 1
4277 7743 1
4277 398 1
4277 3012 1
4277 1823 1
4277 5315 1
4277 1512 1
4277 39 1
4277 7479 1
4277 7045 1
4277 980 1
4277 4403 1
4277 3088 1
4277 1577 1
4277 803 1
4277 2168 1
4277 7512 1
4277 4162 1
4277 2529 1
4277 2213 1
906 968 1
906 6589 1
6236 7808 1
3582 2319 1
3582 8202 1
7329 488 1
6716 3669 1
6716 712 1
6716 3078 1
6716 5230 1
6820 4800 1
1918 2663 1
7783 5769 1
7783 7 1
2793 6983 1
2793 2502 1
2793 3883 1
2793 2377 1
2793 325 1
2793 7544 1
2793 8083 1
2793 3901 1
2793 1774 1
2793 7336 1
6057 6388 1
1161 7979 1
1161 4175 1
1074 7029 1
1518 630 1
1518 3798 1
1364 238 1
1364 5352 1
1364 45 1
1364 1923 1
1364 1097 1
1364 5478 1
1364 4303 1
1364 818 1
1364 2938 1
1364 1628 1
1364 1012 1
1364 1958 1
1364 6363 1
1364 5497 1
1364 2100 1
7628 553 1
7628 2876 1
8147 4998 1
4087 3427 1
7403 3790 1
2180 2086 1
6449 3687 1
2798 7072 1
1250 5004 1
1250 1433 1
2691 3197 1
2691 433 1
2691 4174 1
2691 7175 1
2691 218 1
2691 4851 1
2691 5067 1
2691 6562 1
6779 2968 1
6779 3322 1
6779 4478 1
6779 1332 1
6779 6431 1
6779 3008 1
7127 7156 1
7127 667 1
7127 7059 1
3362 5731 1
6181 6299 1
3780 1951 1
3289 6882 1
3289 8243 1
3289 4966 1
735 6565 1
735 873 1
2737 2885 1
2737 6650 1
4389 3076 1
8101 3816 1
3754 7835 1
3792 2843 1
3792 5884 1
3792 1862 1
3792 6880 1
3792 5247 1
3792 3992 1
3792 3856 1
3792 7510 1
3792 1665 1
3792 820 1
3792 1511 1
3792 1854 1
3792 1847 1
3792 3255 1
3792 1052 1
3792 6702 1
3792 2080 1
3792 3783 1
3792 7511 1
3792 84 1
3792 186 1
3792 4721 1
3792 7013 1
3792 5666 1
3792 7797 1
2152 4286 1
2152 2366 1
2152 6941 1
2152 5914 1
2152 7457 1
3722 5673 1
3524 5458 1
3524 7730 1
3524 6526 1
3524 3125 1
3524 1903 1
3524 7819 1
6246 7864 1
3691 3271 1
3691 8001 1
3691 2853 1
3691 1796 1
3691 1725 1
3691 3296 1
3691 5866 1
3691 3810 1
3691 4818 1
3691 1184 1
3691 3247 1
2317 4615 1
1579 4731 1
7454 2655 1
7454 24 1
3779 1687 1
701 1510 1
701 1666 1
701 4394 1
701 1309 1
701 388 1
7953 5964 1
7953 7830 1
3183 4724 1
3183 798 1
7039 982 1
7039 7648 1
7039 7632 1
7039 6661 1
6080 4065 1
6080 344 1
6080 7024 1
6080 1670 1
6080 4422 1
6080 5981 1
6080 1357 1
6080 1067 1
6080 6549 1
6080 5297 1
6080 542 1
6080 5760 1
6080 3104 1
1788 2262 1
1788 3625 1
1788 2636 1
1788 3380 1
1788 429 1
1788 4809 1
1788 6608 1
588 4702 1
588 7923 1
244 5277 1
244 4112 1
244 2378 1
4706 2477 1
3743 6105 1
801 291 1
8017 1200 1
6104 198 1
673 2652 1
4991 5201 1
4991 7195 1
4991 912 1
4991 8180 1
4991 2483 1
4991 1746 1
4991 5987 1
4991 3588 1
4991 8215 1
4991 2732 1
4991 3586 1
4991 1093 1
4991 4548 1
4991 2146 1
4991 4268 1
4991 1742 1
4991 1770 1
4991 3845 1
4991 4646 1
4991 5118 1
5157 4261 1
3303 2497 1
6760 5995 1
6760 8194 1
6346 998 1
6346 6469 1
1808 1021 1
1808 3065 1
1808 7182 1
1808 4080 1
4961 3730 1
4961 3042 1
4961 112 1
4961 1841 1
4961 6394 1
4961 1254 1
4961 6785 1
4961 1682 1
4961 2704 1
4961 4614 1
743 4233 1
276 4314 1
276 8112 1
276 5468 1
276 5722 1
276 5885 1
276 4349 1
276 5996 1
276 808 1
276 8018 1
5237 6435 1
5256 3363 1
5256 290 1
5256 4867 1
5256 6111 1
5256 7418 1
5256 1377 1
5256 5287 1
5256 324 1
5256 3195 1
5256 403 1
6969 4208 1
6969 3463 1
7645 7591 1
7645 6339 1
7645 520 1
7645 7422 1
7645 6169 1
7645 5385 1
7645 4352 1
7645 4313 1
7645 2280 1
7645 26 1
3363 5771 1
3363 6333 1
3363 3723 1
3363 4620 1
5527 5113 1
4870 4920 1
7152 2855 1
7765 5486 1
7765 383 1
7098 2596 1
6444 2569 1
1546 5216 1
7875 120 1
7875 1621 1
4354 8089 1
107 1334 1
107 1976 1
2730 2793 1
2730 1238 1
2730 6212 1
2730 4378 1
2730 4433 1
2730 5094 1
1634 7067 1
4004 3110 1
2122 740 1
2122 5824 1
2122 6646 1
2122 2913 1
2122 6325 1
764 7709 1
7028 3702 1
4148 7894 1
4148 5037 1
4148 6135 1
4148 5960 1
4148 1887 1
4148 3787 1
4148 2464 1
3706 17 1
6 2398 1
6 6857 1
6 3533 1
6 7656 1
6 65 1
6 518 1
6 408 1
6 7082 1
2860 2560 1
5818 2618 1
312 38 1
312 7030 1
312 7061 1
312 7364 1
312 7365 1
2019 7188 1
2019 7474 1
2019 7719 1
2019 3609 1
2019 6419 1
2019 3727 1
2019 8125 1
1896 4216 1
1896 5612 1
1714 6077 1
2775 773 1
2775 1165 1
2775 3983 1
2775 1218 1
2775 4771 1
2775 2650 1
2775 326 1
2775 568 1
2775 5026 1
2775 3133 1
2775 6509 1
2775 7636 1
7834 6115 1
7834 825 1
1733 5145 1
1468 3530 1
1468 5059 1
1468 3661 1
1468 8176 1
1468 436 1
1468 145 1
1468 3321 1
1468 358 1
1468 1449 1
1468 475 1
1468 4829 1
2962 5449 1
2771 5573 1
2771 5250 1
2771 3807 1
2771 3518 1
5876 869 1
1260 5973 1
1260 6970 1
5133 7626 1
5133 7987 1
3201 1329 1
7641 5528 1
7641 3849 1
5124 5305 1
5606 1260 1
1333 6087 1
1333 5174 1
1333 7678 1
2684 4252 1
2684 4821 1
2684 7787 1
4658 4408 1
4658 4580 1
4658 6504 1
1312 1981 1
7900 8090 1
7900 4981 1
7900 2668 1
7900 6026 1
7900 6741 1
3992 69 1
3992 3154 1
3992 5276 1
3963 3569 1
907 3403 1
897 5690 1
897 6246 1
897 543 1
897 4670 1
897 1902 1
897 905 1
897 4672 1
897 203 1
897 3323 1
897 880 1
897 5985 1
897 2871 1
6977 2221 1
6248 3954 1
6248 786 1
6248 3196 1
6248 4868 1
6248 4451 1
6248 6674 1
6248 1587 1
3719 6751 1
4047 5982 1
4047 4026 1
4047 5130 1
4047 2070 1
5129 2444 1
4141 4690 1
4839 5704 1
4839 5085 1
4839 1371 1
4839 7168 1
4839 5464 1
4839 2528 1
4839 1465 1
4839 1304 1
4839 4229 1
4839 2011 1
4839 5285 1
4839 73 1
4839 2646 1
4839 3391 1
8081 2075 1
8081 1054 1
8081 7579 1
1441 2612 1
1441 3244 1
7463 5523 1
5354 1076 1
5354 2989 1
5354 3874 1
3468 3067 1
3468 7431 1
238 6584 1
238 2494 1
3115 5205 1
829 7064 1
609 5674 1
6288 698 1
1874 3570 1
5553 7138 1
5553 7379 1
6395 188 1
1380 6916 1
1380 3643 1
1686 6189 1
2764 1318 1
2475 4813 1
2475 651 1
2475 4746 1
2475 3976 1
2475 1275 1
2475 5551 1
1146 4018 1
1146 4351 1
1146 206 1
1146 656 1
1146 2967 1
1146 7076 1
1146 7487 1
1146 1313 1
1146 5345 1
1146 3510 1
3500 586 1
1177 3166 1
1177 6736 1
1177 1132 1
8123 4682 1
1651 1341 1
1651 8033 1
1651 4220 1
1651 4310 1
1651 6989 1
1651 1689 1
1651 5206 1
1651 6994 1
1651 5051 1
7786 2698 1
7598 7914 1
7598 7413 1
4781 2346 1
4781 1364 1
7274 1106 1
3606 2778 1
4612 660 1
4612 7834 1
4612 3681 1
4081 4820 1
4635 5560 1
4635 1045 1
4635 2252 1
2244 2210 1
2488 6406 1
2488 5061 1
2488 162 1
2488 4174 1
2488 3675 1
2488 3614 1
2488 5519 1
2488 3392 1
2488 4901 1
2488 2621 1
2488 4947 1
2488 4666 1
2488 1118 1
2488 7483 1
2488 352 1
2488 1022 1
2488 5622 1
1359 3232 1
1359 2083 1
1359 537 1
1359 3237 1
5845 2848 1
2214 2391 1
2214 6789 1
2214 3277 1
2214 7044 1
2214 7376 1
2214 695 1
3407 3473 1
2542 1083 1
5522 5355 1
610 2150 1
610 7489 1
610 132 1
610 5609 1
610 1534 1
610 2008 1
1790 3074 1
290 4307 1
290 2263 1
1442 3191 1
1442 1153 1
1442 5344 1
1442 2506 1
1442 7917 1
1442 2435 1
1442 6384 1
1442 2143 1
1442 3875 1
1442 7552 1
1442 2418 1
740 6352 1
740 2734 1
740 1071 1
740 6803 1
740 875 1
4836 7363 1
989 1351 1
989 5195 1
989 6003 1
7733 802 1
8130 7993 1
8130 1517 1
8130 8141 1
8130 6152 1
8130 1490 1
5312 6159 1
237 6705 1
237 2575 1
237 6414 1
6950 3481 1
8225 5564 1
8225 3148 1
8225 7117 1
477 3509 1
1007 6456 1
4585 6466 1
7531 4025 1
3917 303 1
3617 2342 1
5138 2997 1
5138 687 1
5138 9 1
8169 862 1
8169 7729 1
8169 3082 1
8169 3293 1
8169 3193 1
8169 4311 1
8169 3768 1
8169 3673 1
8169 1889 1
8169 3227 1
8169 4784 1
8169 4294 1
8169 345 1
8169 6781 1
8169 7703 1
8169 71 1
4656 5233 1
4656 4365 1
4656 1609 1
4656 8036 1
4656 1422 1
7497 5420 1
3537 1979 1
2562 3800 1
2562 7340 1
3278 3145 1
6807 3387 1
7895 6409 1
7895 2716 1
2657 540 1
2657 6427 1
2657 1558 1
2657 7442 1
2657 2091 1
2657 4490 1
2657 437 1
5770 7829 1
5805 2112 1
5805 4925 1
5805 5375 1
5805 5872 1
5805 1668 1
1724 6158 1
5540 2644 1
5540 6480 1
8142 7395 1
3902 612 1
3902 3254 1
5304 780 1
6128 4870 1
6128 4911 1
6128 1701 1
6128 3163 1
6128 4348 1
5102 3010 1
5102 3390 1
2293 7909 1
1290 5977 1
1290 2127 1
1290 7821 1
1290 61 1
1290 1632 1
4655 6833 1
340 7309 1
340 226 1
340 7383 1
340 1552 1
7751 4007 1
7751 6685 1
7751 5095 1
7751 7118 1
3998 1434 1
2518 7764 1
2518 1687 1
4457 435 1
5722 7724 1
5722 357 1
5722 5856 1
5722 3287 1
8174 7517 1
8174 5050 1
2671 4815 1
902 3965 1
902 3053 1
902 2680 1
902 6655 1
902 5259 1
2593 3511 1
2593 1405 1
2593 7854 1
7725 1537 1
7725 1600 1
7725 5588 1
7725 5357 1
7725 7317 1
7725 894 1
4826 2451 1
6679 536 1
6679 8119 1
6538 3252 1
608 2526 1
608 2238 1
608 7428 1
608 1851 1
608 636 1
608 7215 1
608 5757 1
608 2170 1
3484 3051 1
3484 3490 1
3484 5273 1
3484 5784 1
3484 979 1
3484 6156 1
3484 3311 1
7772 7244 1
489 4563 1
489 6192 1
489 5650 1
8104 6622 1
2426 5436 1
3726 6416 1
2445 5076 1
5217 3299 1
5217 3414 1
5217 4402 1
5217 3449 1
5217 8050 1
5217 6133 1
5217 1355 1
5217 3177 1
7495 5546 1
7495 1896 1
7495 6064 1
7495 5719 1
7495 8077 1
7495 88 1
7495 2952 1
7495 4905 1
7495 7210 1
7495 4932 1
7495 2337 1
7495 7802 1
7495 5489 1
7495 2858 1
7495 2929 1
7495 1245 1
7495 6324 1
6866 1158 1
7435 7077 1
7435 4816 1
7435 3884 1
6367 2226 1
3187 2574 1
1148 6520 1
6657 6457 1
1944 1540 1
2610 302 1
6058 6221 1
3108 4842 1
6037 1133 1
6037 2743 1
6037 314 1
6037 1078 1
6037 8129 1
6037 4284 1
6037 6893 1
6037 7183 1
6037 698 1
6037 7022 1
7405 7387 1
7405 1710 1
7405 2520 1
7405 4806 1
7405 6204 1
6305 1638 1
878 1378 1
878 7062 1
878 5645 1
878 5945 1
878 5044 1
878 419 1
878 2436 1
878 702 1
878 5591 1
878 2669 1
878 5778 1
878 2739 1
878 7882 1
878 4300 1
878 4520 1
878 5013 1
878 2515 1
878 6707 1
5288 3189 1
2959 6017 1
3682 844 1
3682 8229 1
3682 6537 1
3682 1953 1
3682 5920 1
3682 5512 1
4745 5380 1
4745 4368 1
4745 3763 1
4745 1003 1
4745 6966 1
3374 5217 1
3374 1566 1
8272 5517 1
8272 3203 1
8272 5414 1
7259 81 1
7259 739 1
7259 4515 1
7259 3353 1
7259 7033 1
7259 525 1
7259 7337 1
7259 4196 1
7259 3152 1
7259 3245 1
7259 5938 1
7259 6889 1
7259 3563 1
7259 7176 1
5221 230 1
3749 4881 1
3749 6460 1
1011 2735 1
4954 2392 1
4954 427 1
4954 1606 1
4954 6014 1
7150 2788 1
7150 2986 1
7150 1629 1
7150 1934 1
350 959 1
1405 7597 1
1405 4401 1
1405 751 1
1405 3341 1
1405 7773 1
1405 1399 1
1405 6490 1
7207 386 1
2187 249 1
4275 5214 1
5128 7014 1
5128 5088 1
5128 4668 1
5128 1652 1
7564 103 1
7564 661 1
8265 5159 1
6990 1543 1
3273 1317 1
3273 4006 1
3273 750 1
8009 7509 1
8009 451 1
1811 1154 1
5708 2914 1
2415 5196 1
7863 99 1
7863 4589 1
1955 5692 1
4031 7355 1
360 680 1
360 8042 1
360 8150 1
360 6020 1
1964 4555 1
1964 3126 1
4404 7798 1
5703 1435 1
5703 1140 1
5703 6374 1
5703 1891 1
5703 538 1
5703 684 1
5703 3889 1
5972 4098 1
670 5785 1
6316 641 1
4755 5863 1
2949 6544 1
2659 2606 1
3489 2446 1
3489 3345 1
5415 3618 1
5415 3229 1
4712 1412 1
8243 5729 1
8243 4455 1
8243 4930 1
8243 7407 1
8243 5204 1
8243 5351 1
8243 7146 1
4705 8061 1
4705 1159 1
4705 3797 1
4705 2604 1
3840 7792 1
2271 6088 1
2656 7870 1
5081 4183 1
6848 3398 1
2234 6522 1
820 271 1
6111 425 1
6111 1519 1
6111 4704 1
6111 101 1
6111 3087 1
6111 633 1
612 4109 1
79 3567 1
2423 2622 1
5923 7492 1
7922 2054 1
7922 681 1
7667 7645 1
7667 4862 1
7667 3129 1
7667 5548 1
7667 3604 1
7667 8113 1
7667 2918 1
7667 3674 1
7667 5586 1
1523 6720 1
4793 7493 1
4793 7389 1
4793 1480 1
7586 2599 1
7586 8169 1
7586 7751 1
7586 3488 1
7586 3330 1
7586 1663 1
7586 2101 1
7586 2812 1
7586 3376 1
7586 6643 1
7586 7348 1
7586 7219 1
7586 6470 1
7586 3111 1
7586 7366 1
7586 2118 1
7586 952 1
7586 3876 1
7586 7436 1
7586 3099 1
7586 6402 1
7586 6310 1
7586 5795 1
3011 1941 1
2376 6248 1
2376 2027 1
4971 3639 1
4971 6413 1
1623 4536 1
7508 126 1
7508 2324 1
294 4808 1
2884 5064 1
2884 6775 1
8222 960 1
8222 5984 1
8222 4380 1
2065 1234 1
2065 7887 1
2065 3738 1
7687 6138 1
922 2709 1
7320 5416 1
7320 3210 1
7320 2687 1
7320 2832 1
7320 3988 1
6665 5226 1
6665 2561 1
4242 3739 1
4442 4100 1
4442 6777 1
4442 4909 1
4442 1247 1
4442 8055 1
4442 2638 1
4442 5582 1
4442 465 1
4442 7500 1
4442 400 1
4442 4398 1
4442 4068 1
4442 2559 1
4442 2939 1
4442 1366 1
4442 7594 1
4442 6233 1
4442 5732 1
4442 6024 1
4442 6604 1
4442 6264 1
4442 2417 1
4442 2321 1
4442 135 1
4442 3701 1
4442 7950 1
4895 3281 1
1500 4034 1
3466 919 1
1603 6866 1
1603 524 1
1603 2307 1
1603 7173 1
1603 2717 1
2405 6481 1
2405 5569 1
7490 2537 1
7490 4338 1
7490 3715 1
7490 3146 1
7490 6951 1
7490 7069 1
7490 3266 1
7490 7920 1
7490 5850 1
7490 1328 1
3379 7651 1
4733 7449 1
4733 2074 1
4733 1149 1
4733 1718 1
4733 4424 1
1688 6653 1
3429 3045 1
4316 7928 1
5668 5780 1
2863 6859 1
1060 6516 1
1060 7307 1
3498 3932 1
2638 4493 1
2638 1139 1
2638 790 1
2638 6425 1
2638 7930 1
2638 2225 1
2638 7701 1
3330 7638 1
7891 7533 1
3194 2354 1
3194 106 1
3512 7566 1
3512 5336 1
3512 7347 1
3512 7361 1
3512 1010 1
7147 1441 1
7147 4673 1
7147 6137 1
4079 3215 1
1996 6303 1
1996 5999 1
755 7929 1
151 5246 1
849 6150 1
3151 6459 1
5753 5738 1
5753 624 1
5753 3262 1
5753 531 1
5753 7099 1
5753 4983 1
5753 2012 1
3129 3420 1
3129 1980 1
3129 876 1
3129 1707 1
3129 6390 1
3129 6308 1
3129 3462 1
3129 3085 1
3129 3717 1
3129 2859 1
3129 426 1
6605 2637 1
7105 4643 1
3928 3999 1
3928 7324 1
3928 3757 1
7829 2883 1
6515 113 1
7932 3634 1
4987 1443 1
4987 4876 1
3084 3398 1
4097 8071 1
2672 4271 1
5020 7749 1
5020 3304 1
5020 5864 1
870 6223 1
6342 6511 1
2474 4566 1
284 2688 1
284 821 1
284 13 1
4959 4605 1
4959 498 1
1112 752 1
3023 3916 1
5266 2702 1
5266 5012 1
5266 7704 1
5266 3369 1
5266 6995 1
3619 2381 1
3619 832 1
3619 2355 1
3318 1142 1
3318 2827 1
3318 3056 1
3318 5605 1
3318 5402 1
3318 7912 1
3318 7654 1
3318 3164 1
3318 943 1
3318 3335 1
3318 772 1
3318 1065 1
3318 3725 1
3318 5683 1
3318 5890 1
7784 966 1
7784 6762 1
4185 6244 1
4185 563 1
2305 1274 1
3991 7633 1
992 6619 1
7460 8062 1
7460 7327 1
7460 6000 1
7460 7556 1
6945 2110 1
3989 409 1
3989 7976 1
3989 3348 1
1844 2511 1
1844 1740 1
1844 6738 1
2653 7305 1
2653 3994 1
2653 1950 1
2653 4969 1
2653 8185 1
3457 1906 1
256 3947 1
256 5127 1
256 289 1
256 2217 1
256 6217 1
256 1228 1
256 4760 1
256 4754 1
256 7806 1
256 184 1
256 4465 1
256 4048 1
256 4304 1
256 2930 1
3603 6447 1
5898 3150 1
1063 2393 1
7712 5587 1
2670 6959 1
7694 7955 1
7694 5286 1
217 2530 1
3624 1759 1
2685 2449 1
3505 5927 1
6692 5469 1
7426 3347 1
2097 7721 1
2097 102 1
20 4188 1
5337 248 1
5337 6905 1
5337 7619 1
5337 331 1
5236 7829 1
7995 3310 1
7995 6091 1
1242 3344 1
5991 7360 1
5991 2214 1
5991 2161 1
5991 3775 1
5991 2260 1
5991 1559 1
5991 209 1
8216 7849 1
3708 967 1
6302 4321 1
6302 7412 1
6302 4974 1
6302 1055 1
6302 1164 1
6302 4457 1
6302 6517 1
6302 827 1
6302 7935 1
6302 337 1
6302 6237 1
6302 1988 1
6302 559 1
6302 2434 1
6302 6683 1
6564 2169 1
5751 4794 1
3445 5079 1
3445 5794 1
3445 8029 1
3445 5853 1
3445 2584 1
3445 7239 1
3445 2001 1
3445 7123 1
3445 6766 1
3445 7574 1
3445 2761 1
3445 7680 1
3445 4467 1
3445 1936 1
3445 7073 1
3445 4226 1
3445 3444 1
3445 7911 1
3445 2328 1
3445 697 1
3445 4531 1
3445 911 1
3445 5211 1
1338 1664 1
7612 3833 1
4508 5925 1
6875 450 1
5989 3714 1
122 95 1
6839 6326 1
6839 5598 1
6839 80 1
6839 8117 1
6839 2772 1
6839 3885 1
3522 5474 1
3522 4601 1
3522 3862 1
3522 4577 1
3522 415 1
3522 6412 1
3522 6649 1
6876 3206 1
6876 5777 1
7570 6590 1
7570 6343 1
6468 6132 1
6468 927 1
6468 3903 1
6468 7432 1
6468 1654 1
6468 6278 1
6468 50 1
6468 6933 1
6468 5087 1
6468 5697 1
6468 5786 1
6468 2567 1
6468 1134 1
6468 3982 1
6468 2705 1
6468 1576 1
6468 165 1
6468 8206 1
6468 1987 1
6468 388 1
5251 1180 1
5251 4211 1
1610 2131 1
1610 5635 1
1610 1542 1
1041 3888 1
60 2562 1
60 2097 1
60 5535 1
60 4204 1
60 737 1
60 6902 1
5616 4511 1
2946 2201 1
3939 5868 1
8042 8181 1
8042 4847 1
8042 2125 1
7993 549 1
88 7276 1
88 951 1
503 3718 1
6222 6560 1
6222 4700 1
7642 6898 1
1550 3272 1
6195 1450 1
6148 2413 1
6148 2345 1
6148 6801 1
6148 7471 1
8090 6999 1
8090 7746 1
8090 3579 1
323 5511 1
323 3597 1
323 3168 1
323 4369 1
323 6070 1
323 2326 1
323 5083 1
323 58 1
323 4385 1
323 7816 1
323 5602 1
323 1785 1
323 1481 1
323 1888 1
323 5706 1
323 1193 1
323 5176 1
323 1616 1
323 8244 1
323 6376 1
323 1499 1
323 1826 1
323 3294 1
1454 1656 1
3723 7311 1
2941 8097 1
2941 3737 1
2941 5834 1
2941 3572 1
5447 5753 1
5447 6806 1
5447 3750 1
6294 5151 1
7446 1163 1
7994 7888 1
7994 7740 1
3519 6300 1
3519 5438 1
3519 5220 1
3241 5387 1
3370 8027 1
3370 1386 1
3370 1960 1
3370 7705 1
3370 3469 1
3370 5839 1
3370 8006 1
3337 871 1
3337 5639 1
210 311 1
210 2442 1
210 2954 1
210 2351 1
210 445 1
210 5555 1
210 114 1
3179 4298 1
4461 6330 1
1698 4965 1
1698 851 1
1885 936 1
5901 7761 1
7205 5773 1
7205 3107 1
1935 3058 1
1935 4013 1
1935 3360 1
7747 4739 1
80 493 1
5341 387 1
6884 3016 1
3853 528 1
1777 4736 1
4926 7518 1
4926 6327 1
4926 52 1
4926 3007 1
4926 5349 1
6182 7229 1
7049 5146 1
5625 3476 1
5625 1907 1
5625 2274 1
5625 2204 1
5625 1497 1
5625 7956 1
5625 3424 1
5625 5829 1
5625 6723 1
5625 8241 1
5625 4253 1
1078 6055 1
1078 2976 1
1078 1909 1
1078 4047 1
1078 1146 1
1078 4612 1
1078 5959 1
1078 6482 1
1078 1267 1
1078 5308 1
1078 7289 1
1078 7924 1
1078 3839 1
1078 3246 1
1078 4227 1
1078 4595 1
1078 7357 1
1078 718 1
1078 8155 1
1078 748 1
1078 6293 1
1078 3612 1
1078 7659 1
1078 8201 1
6932 4184 1
3770 5409 1
3770 7865 1
3770 5359 1
6166 700 1
318 6193 1
3905 2910 1
3905 6714 1
3905 6085 1
3905 7593 1
3905 8179 1
3905 7722 1
3905 40 1
1218 1489 1
1218 2394 1
1218 5342 1
1218 1075 1
1218 5779 1
1218 6742 1
1218 4798 1
1218 7435 1
1218 8252 1
1218 2566 1
1218 7375 1
1218 4663 1
1218 1849 1
1218 5165 1
1218 2414 1
1218 2068 1
1218 8098 1
1218 3038 1
1218 7020 1
1218 2248 1
1218 2733 1
1218 1514 1
6996 5783 1
6349 4780 1
6049 1734 1
2952 5372 1
4785 6374 1
5477 5325 1
5477 2524 1
5477 7140 1
5477 2152 1
5477 4201 1
5477 8247 1
5477 7904 1
5477 1138 1
5477 1702 1
5477 2192 1
5477 6539 1
7223 7944 1
7351 8143 1
2338 1483 1
1099 245 1
1099 3432 1
1099 1189 1
1099 7303 1
1099 7290 1
1099 4191 1
1099 2111 1
1099 4437 1
1099 2609 1
1099 3952 1
1099 1282 1
1099 7631 1
1099 75 1
1099 2220 1
1099 6157 1
1099 5741 1
1099 6377 1
1099 839 1
1099 5653 1
1099 7728 1
7723 5915 1
983 6016 1
983 3951 1
983 4414 1
983 5339 1
400 4379 1
400 975 1
400 6040 1
400 7392 1
400 1456 1
400 6047 1
400 1797 1
400 6918 1
400 1782 1
6028 5129 1
6028 3024 1
6028 2523 1
6028 1705 1
6276 1624 1
6276 3955 1
1622 7088 1
2814 3338 1
5381 1865 1
5381 2429 1
1506 3960 1
2707 3270 1
2707 7115 1
2707 1822 1
4771 5937 1
4771 63 1
4771 4587 1
4771 5248 1
4771 6728 1
4771 4975 1
4771 6629 1
4184 1658 1
4184 5861 1
4184 5229 1
4184 6336 1
4184 993 1
4184 7655 1
4184 3094 1
4184 5177 1
4184 2504 1
4184 6610 1
4184 1870 1
4184 1883 1
4184 5307 1
6487 2909 1
6487 6694 1
5036 4155 1
7448 5703 1
3106 836 1
4907 2906 1
4907 939 1
4905 6543 1
4905 502 1
4905 3547 1
4905 6213 1
3850 909 1
99 4533 1
99 7541 1
99 3782 1
7312 7926 1
2732 4598 1
2732 6365 1
2732 5054 1
2732 5787 1
2732 5072 1
2732 6164 1
2732 7095 1
2732 4121 1
2732 7162 1
2732 3594 1
2186 4107 1
2186 6623 1
2186 4795 1
2186 4885 1
2186 8285 1
2186 6400 1
2186 4897 1
1551 2869 1
1551 8007 1
1551 2219 1
1551 1137 1
4503 6315 1
5393 7844 1
5393 3867 1
4030 6865 1
6933 4043 1
6933 8271 1
6933 645 1
5024 1168 1
1836 5660 1
1836 3057 1
1836 5934 1
3559 6380 1
3559 4453 1
3559 2792 1
8170 5439 1
131 8205 1
7522 1845 1
7522 2443 1
4330 5046 1
8278 811 1
4395 2207 1
4395 6949 1
4395 2295 1
4395 5465 1
4395 2589 1
4395 6423 1
4395 6083 1
5442 4725 1
5442 4767 1
5442 6887 1
5442 4170 1
5442 1256 1
5442 5680 1
5442 2597 1
5442 6750 1
5442 1283 1
6123 7096 1
6123 5169 1
7904 5754 1
342 522 1
1512 7756 1
2624 3474 1
4385 560 1
4385 2019 1
4385 7741 1
4385 4106 1
4385 3083 1
4385 3905 1
4385 948 1
4385 2202 1
4385 4641 1
4385 4581 1
4385 6285 1
4385 4917 1
4385 954 1
4385 2126 1
4385 6755 1
7387 6314 1
7941 6254 1
7941 3417 1
7941 7934 1
7941 7164 1
7941 7353 1
7941 4157 1
5419 6546 1
5007 1554 1
5007 6258 1
5513 2193 1
5513 3316 1
5513 4538 1
5513 7334 1
5513 5223 1
5513 3213 1
5513 4590 1
5513 2667 1
8139 46 1
4525 7328 1
4525 2594 1
4525 2811 1
4525 331 1
4525 8157 1
4399 1784 1
7469 103 1
7469 7838 1
4633 533 1
4633 5904 1
4633 7391 1
1609 7748 1
6013 6737 1
8163 7016 1
8163 5624 1
8163 5542 1
8163 5365 1
1859 6255 1
6033 6442 1
2428 7052 1
2428 992 1
2428 4484 1
2428 4740 1
996 3975 1
4425 7700 1
4425 6348 1
4425 2098 1
4425 8189 1
4425 6885 1
1827 5191 1
1827 4516 1
1827 86 1
1827 1830 1
1827 1864 1
4203 4906 1
5112 1191 1
483 5615 1
3642 235 1
794 2934 1
3886 3712 1
3886 3260 1
3886 1290 1
5520 7026 1
5520 4085 1
5520 1013 1
5520 4833 1
5520 3421 1
5548 5110 1
5548 8031 1
5548 2592 1
5548 4213 1
5548 361 1
3455 3557 1
3455 4573 1
1810 4726 1
1810 87 1
1810 2284 1
1810 2487 1
4297 781 1
366 1220 1
8117 598 1
3922 3610 1
6513 6163 1
6850 7713 1
6850 6624 1
38 3403 1
756 7609 1
2354 6210 1
2354 1169 1
339 33 1
1539 7155 1
4488 6834 1
6856 2335 1
5659 2157 1
1085 15 1
1085 994 1
1085 3015 1
7197 7791 1
7197 2887 1
7197 1359 1
7197 3286 1
7197 4135 1
7197 389 1
7197 441 1
7197 7562 1
7197 7154 1
7197 7478 1
7197 4539 1
7197 4015 1
7197 8079 1
7197 3745 1
7197 5339 1
7197 2288 1
3793 3030 1
3793 1030 1
3793 4374 1
6117 6747 1
7004 2512 1
7004 1931 1
7004 6542 1
7004 3538 1
7004 837 1
7004 3063 1
7004 2648 1
7004 1222 1
7004 2681 1
7004 3228 1
7004 7292 1
7004 246 1
7004 693 1
7004 658 1
7004 173 1
7025 4064 1
7025 8154 1
7025 5078 1
7025 407 1
7025 3493 1
7025 8231 1
6106 7254 1
6106 5047 1
6106 486 1
6106 5245 1
6106 6721 1
6106 4894 1
6106 1459 1
193 5734 1
193 296 1
758 1068 1
758 5271 1
3515 3966 1
2690 4549 1
2690 8283 1
2690 6428 1
2690 8043 1
2690 2984 1
2690 4550 1
2690 6854 1
2690 3953 1
2690 1990 1
2690 5828 1
2690 1135 1
2690 30 1
2690 7807 1
2690 3686 1
2690 6354 1
2690 863 1
2690 3004 1
2690 1814 1
3089 1383 1
3089 5185 1
3089 735 1
3089 6189 1
3089 4341 1
3089 2174 1
3089 2215 1
3089 2607 1
5378 2037 1
2307 3349 1
2307 8226 1
2307 4694 1
2307 3540 1
2307 6411 1
6459 6486 1
6459 3972 1
6459 477 1
6459 2369 1
6459 4487 1
6459 970 1
6459 5324 1
6459 6274 1
6459 1379 1
6459 2991 1
6459 7386 1
1771 7717 1
1771 7330 1
1771 7543 1
1771 428 1
1771 5498 1
1771 1396 1
1771 3103 1
1771 3273 1
1771 3355 1
1771 7408 1
1771 6671 1
1771 6528 1
1771 3631 1
1771 8187 1
1771 1199 1
1771 5284 1
1771 7496 1
1771 3022 1
1771 5538 1
1771 308 1
1771 7630 1
1771 6415 1
1771 644 1
1771 2948 1
1771 652 1
1771 6642 1
1771 8171 1
1771 3274 1
1771 4295 1
1771 4578 1
6389 1195 1
5064 629 1
2327 170 1
2327 7202 1
5608 2673 1
5260 4456 1
5260 4823 1
2623 1965 1
2623 5802 1
2623 4444 1
2623 2103 1
2623 1791 1
2623 7007 1
6740 5761 1
4543 29 1
3639 2336 1
3639 2255 1
3639 1678 1
3639 1772 1
3639 6266 1
3639 5171 1
3639 7333 1
3639 1646 1
3639 5788 1
299 2892 1
299 5337 1
299 5737 1
299 3172 1
299 7295 1
299 5494 1
299 6329 1
299 5158 1
299 2253 1
299 1696 1
6081 7440 1
6081 2382 1
6081 460 1
6081 7374 1
6081 8047 1
6081 713 1
6081 3766 1
6081 4329 1
6081 676 1
6081 3682 1
6081 4591 1
6081 218 1
6081 5116 1
6081 965 1
6081 8011 1
6081 1226 1
6081 3381 1
6081 5243 1
6081 6926 1
6081 1484 1
6081 5232 1
6081 2049 1
6081 558 1
6081 6811 1
6081 3047 1
6703 7236 1
6725 4929 1
6725 8100 1
6725 6279 1
4260 4617 1
7697 5691 1
6137 2932 1
6137 6628 1
2919 4235 1
2919 1633 1
1084 59 1
1466 7291 1
1466 2048 1
2511 4874 1
1494 3822 1
1494 5693 1
1494 7222 1
1494 5125 1
891 4883 1
1269 6404 1
2637 328 1
64 8164 1
5114 5160 1
5114 8261 1
6947 1582 1
6212 4044 1
6212 1769 1
6212 2158 1
6212 5907 1
6212 5540 1
6212 1440 1
6212 5041 1
6212 3755 1
6212 281 1
6212 7439 1
6212 1077 1
6212 2365 1
6393 6387 1
6393 3375 1
5139 7629 1
5139 3860 1
5139 3173 1
5139 1346 1
5139 4699 1
5139 6142 1
5139 4873 1
5139 7691 1
7189 8203 1
7189 2129 1
7189 1115 1
1486 2230 1
6337 4764 1
7418 1565 1
7418 1232 1
7418 984 1
7418 4912 1
7418 4243 1
7418 5417 1
7418 492 1
7418 7557 1
7418 412 1
7418 6593 1
7418 6084 1
7418 6478 1
7418 2188 1
7418 3521 1
1602 2882 1
3613 2198 1
5202 4180 1
3433 7063 1
3433 233 1
778 2073 1
778 7177 1
778 2993 1
778 6890 1
778 2106 1
778 4941 1
74 1833 1
3912 5334 1
2552 8173 1
2552 3200 1
1902 5294 1
1902 227 1
1902 4491 1
4427 4141 1
4427 6672 1
4427 3700 1
8035 4687 1
8035 1957 1
8035 6559 1
8035 307 1
8035 7126 1
8035 7980 1
8035 3868 1
7804 2312 1
7804 5765 1
7804 2114 1
7804 5491 1
1626 5407 1
5545 21 1
5445 7443 1
5445 4003 1
5445 6936 1
5922 2448 1
6120 7970 1
4571 1213 1
31 5854 1
31 6030 1
1796 243 1
1796 5197 1
5318 6257 1
1513 3434 1
1390 4891 1
8129 926 1
8129 3132 1
8129 1236 1
8129 4495 1
8129 4510 1
8129 7736 1
8129 2297 1
8129 7530 1
8129 6799 1
8129 510 1
8129 2209 1
8129 3491 1
8129 4254 1
8129 534 1
2822 6436 1
1266 365 1
1266 3984 1
1266 4267 1
1266 8013 1
1266 8051 1
1266 5679 1
1750 5181 1
775 4278 1
775 3309 1
775 3184 1
775 382 1
775 438 1
775 1908 1
775 2791 1
775 6290 1
775 8037 1
775 5997 1
775 4415 1
775 1496 1
972 6506 1
972 2003 1
972 7110 1
972 4405 1
972 6984 1
972 1897 1
972 5894 1
972 6765 1
972 3985 1
972 1625 1
972 5974 1
3328 370 1
3328 4900 1
3328 8120 1
852 5869 1
7674 6078 1
7674 420 1
7674 2023 1
7674 5460 1
899 864 1
899 1348 1
899 2159 1
899 6891 1
899 5065 1
899 2975 1
552 5782 1
552 1726 1
6419 1367 1
6419 4140 1
6419 1672 1
6419 607 1
4291 2757 1
1226 3568 1
1226 3081 1
1226 2247 1
1226 5111 1
1226 236 1
1226 6883 1
1226 1404 1
1226 8121 1
1226 7984 1
4028 4857 1
4028 5669 1
4028 6971 1
4028 7238 1
4028 195 1
4028 2744 1
4028 5103 1
4028 1143 1
4028 6280 1
4028 3549 1
4028 1752 1
2489 2605 1
2489 5865 1
761 1151 1
5862 7034 1
7089 2035 1
7089 1429 1
7089 3741 1
7089 176 1
7089 7426 1
7089 2926 1
7089 5039 1
7089 2156 1
7089 2872 1
7089 589 1
7089 6107 1
1842 6985 1
949 7669 1
3926 7217 1
3926 48 1
3926 6418 1
3926 7223 1
3317 3531 1
2558 5393 1
1655 5899 1
1655 4051 1
1655 806 1
1655 1327 1
1655 7193 1
1655 7601 1
2309 4801 1
2309 1127 1
2309 1204 1
2309 6948 1
2309 3098 1
2309 6550 1
2309 1605 1
2174 5593 1
2174 8199 1
2174 5 1
2174 6322 1
6824 7356 1
6824 3425 1
6824 7832 1
6824 6669 1
6824 5466 1
6824 5676 1
6824 5646 1
5374 5298 1
4777 2920 1
5308 7247 1
5308 1631 1
5308 1224 1
5308 2816 1
5308 1737 1
5308 1183 1
5308 1455 1
5308 5027 1
5308 3002 1
5308 5080 1
5308 8256 1
5308 6729 1
5308 6895 1
5308 2163 1
4284 293 1
4594 467 1
4594 2082 1
4594 5279 1
2585 8087 1
4657 902 1
4657 1775 1
4657 2947 1
5836 4176 1
5836 456 1
5836 3941 1
2825 1948 1
2825 5892 1
2825 7514 1
2825 1584 1
2825 5268 1
2825 8236 1
2825 3394 1
2825 180 1
2825 4317 1
2825 5633 1
2825 6768 1
2825 2767 1
1642 5175 1
4463 4124 1
4463 2493 1
4463 4149 1
4463 2267 1
2147 4866 1
2147 7600 1
2147 4528 1
2147 5495 1
2147 5840 1
2147 4810 1
2147 6691 1
2147 3923 1
2147 6331 1
2147 7907 1
2147 6756 1
2147 5058 1
2147 2516 1
161 2062 1
5897 2077 1
5897 6122 1
5897 7377 1
5897 5817 1
5897 5992 1
5897 7550 1
5897 7454 1
5897 4485 1
5897 5426 1
5897 2626 1
5897 4583 1
5897 7582 1
5897 6277 1
5897 202 1
5897 5950 1
5897 1610 1
5897 5534 1
5897 3199 1
5897 6334 1
5897 4058 1
5897 5306 1
5897 4722 1
5897 4817 1
5897 5675 1
5897 3460 1
5897 6472 1
5897 7322 1
5897 490 1
4783 2908 1
4783 683 1
4783 1069 1
3649 6614 1
1427 3508 1
1427 3847 1
4981 1719 1
4981 2945 1
4981 1023 1
5778 89 1
3170 7523 1
2476 6430 1
2476 406 1
2476 7975 1
6051 5724 1
6051 8116 1
7575 3817 1
4629 1985 1
4629 2625 1
4978 5001 1
1530 3587 1
1530 2233 1
1530 7685 1
4718 1406 1
2267 4599 1
2267 7410 1
2267 1002 1
2267 1034 1
2267 5867 1
2267 3692 1
2267 1898 1
2267 1728 1
2267 1227 1
2267 7265 1
2267 3585 1
2267 3921 1
2267 4381 1
2267 507 1
2267 2299 1
2267 3041 1
2267 3251 1
2267 270 1
2267 7817 1
2267 2010 1
2267 2395 1
2267 2031 1
2267 1581 1
2267 877 1
2267 6957 1
2267 5332 1
2267 2226 1
2267 4681 1
5424 956 1
5424 7683 1
5424 860 1
5424 6495 1
5535 4460 1
5535 2996 1
5978 8038 1
5978 4164 1
5978 4418 1
5052 1787 1
5052 6923 1
5052 1829 1
5052 906 1
5052 5108 1
5052 1690 1
5052 2033 1
5052 4633 1
5052 105 1
5052 2825 1
5052 3157 1
6556 2501 1
6556 3405 1
6556 228 1
6556 7339 1
6556 1956 1
6556 4796 1
6556 5664 1
6556 2548 1
6556 138 1
6556 7058 1
6556 6206 1
6556 1324 1
6556 5137 1
6556 4899 1
6556 3123 1
6556 1930 1
6188 7423 1
2505 2334 1
6645 5018 1
6645 449 1
999 8251 1
3112 752 1
136 720 1
4251 7169 1
4251 1046 1
4251 3801 1
2212 2911 1
4962 5568 1
6334 2160 1
6334 4151 1
6334 1175 1
5309 4315 1
8177 1272 1
7151 4541 1
7151 7583 1
7151 1320 1
346 3841 1
346 5590 1
346 7634 1
346 3003 1
346 7992 1
3431 133 1
3431 8190 1
3431 5410 1
3431 5634 1
7793 3445 1
7793 1048 1
1088 2583 1
149 1079 1
149 2653 1
1557 6066 1
56 6296 1
56 6868 1
56 4994 1
4336 2186 1
7511 1330 1
7511 2165 1
685 4607 1
1349 4265 1
1843 3744 1
376 8175 1
3148 8273 1
3148 795 1
3148 3071 1
3148 1961 1
5725 7065 1
1217 4475 1
8072 2868 1
8072 5209 1
8072 3351 1
3759 815 1
3759 1786 1
3759 7240 1
3759 7475 1
3759 5105 1
3759 934 1
3759 6956 1
3759 140 1
1671 6272 1
98 7558 1
7858 279 1
7858 2485 1
5492 741 1
91 5456 1
91 320 1
5940 6903 1
5940 6443 1
5940 7320 1
5940 4291 1
5940 7770 1
5940 6366 1
8037 6161 1
3767 7959 1
3767 2691 1
3767 2775 1
3767 6998 1
3767 5022 1
2322 7248 1
671 1191 1
4984 6808 1
1911 5539 1
7744 74 1
6667 1562 1
6667 5552 1
3859 6199 1
978 4815 1
423 265 1
6022 4732 1
6240 5943 1
1639 3489 1
1639 5529 1
7882 6616 1
7882 5766 1
7882 2277 1
7882 539 1
7882 2347 1
573 6139 1
573 1954 1
573 6796 1
573 8067 1
573 3017 1
573 7409 1
573 5320 1
573 4448 1
573 7842 1
573 4470 1
573 2545 1
573 3452 1
573 4146 1
573 3223 1
573 2600 1
573 647 1
573 2371 1
5600 3636 1
2113 2092 1
4500 2069 1
4500 6103 1
4921 5755 1
4921 8255 1
2285 963 1
3834 1848 1
4138 564 1
8183 5714 1
8183 4454 1
1268 3069 1
6893 6928 1
2203 6027 1
2203 8086 1
2203 6770 1
2203 4326 1
2203 4411 1
2203 5396 1
2203 2330 1
2203 6907 1
2203 842 1
2203 7397 1
2203 4177 1
2203 4171 1
2203 3659 1
2203 3382 1
2203 4572 1
2203 2629 1
2203 1648 1
84 2843 1
84 7422 1
84 5385 1
84 6399 1
2166 554 1
2166 3893 1
3831 1860 1
3312 6830 1
3312 7900 1
3312 7217 1
3312 6037 1
6113 1394 1
6113 8146 1
2645 7866 1
2645 6098 1
6675 2640 1
779 1370 1
2457 49 1
2457 5390 1
2457 6810 1
2457 2327 1
2457 7560 1
2457 6695 1
2457 1945 1
5023 7727 1
6225 273 1
6225 102 1
6225 2370 1
6225 3752 1
6225 150 1
6225 2078 1
6225 7506 1
6225 2142 1
6225 5902 1
6225 7484 1
5809 2714 1
5809 1116 1
5809 4324 1
5809 4192 1
5809 5068 1
5809 96 1
1760 1261 1
4992 7707 1
4992 5553 1
4992 2726 1
4992 354 1
4992 6700 1
4992 6876 1
4992 210 1
4992 4273 1
4992 572 1
4992 794 1
4992 1424 1
4992 7503 1
4992 4629 1
4992 5571 1
4992 7624 1
4992 100 1
4992 5203 1
4992 1155 1
4992 6878 1
4992 5744 1
4992 881 1
4992 7438 1
4992 626 1
6532 6767 1
5793 7251 1
4679 8103 1
8020 5353 1
1105 924 1
1105 6651 1
1105 3589 1
1105 3564 1
1105 729 1
4659 3991 1
4659 1527 1
5912 3641 1
5912 3709 1
5912 7850 1
5912 7358 1
5912 7262 1
5912 7837 1
5912 4416 1
5912 2708 1
5912 447 1
5912 54 1
1812 6980 1
2828 4603 1
2773 678 1
6061 7640 1
6006 7273 1
7489 1601 1
7489 1867 1
7489 109 1
7489 2974 1
1647 6010 1
4684 5670 1
6570 7901 1
6570 547 1
6570 3623 1
6570 1031 1
6570 7941 1
6570 7798 1
6570 7112 1
6570 6269 1
5566 4529 1
5702 913 1
1605 6464 1
667 1131 1
3630 4010 1
3630 7144 1
7897 7814 1
7867 5797 1
5955 4703 1
5955 4759 1
5955 6422 1
5955 7444 1
3143 4949 1
3143 4654 1
7957 3 1
2699 1712 1
7811 3257 1
2838 5227 1
848 6044 1
4091 230 1
2674 770 1
2674 7455 1
2674 1365 1
2674 7696 1
2674 3439 1
2674 5774 1
2674 5726 1
7101 2115 1
4440 2550 1
4440 5733 1
7848 5224 1
1287 1717 1
1287 6314 1
3198 152 1
2800 1333 1
2109 7520 1
2109 2577 1
2109 7306 1
4527 3046 1
1134 7186 1
2808 4834 1
2808 8023 1
2808 2801 1
2808 2488 1
2808 47 1
2808 7768 1
2808 4189 1
2808 5362 1
2808 4552 1
2808 4395 1
2808 4222 1
2808 511 1
2808 2690 1
2808 4228 1
2808 1560 1
2808 5479 1
2808 6006 1
2808 6034 1
2808 6982 1
2808 7231 1
2808 6892 1
2808 3461 1
2808 6194 1
2808 4956 1
6587 2766 1
1453 7460 1
5165 3181 1
4716 6930 1
4738 1144 1
4738 7652 1
4773 618 1
6852 1252 1
7396 4095 1
7396 3243 1
3001 6163 1
2458 256 1
2458 8091 1
2458 6261 1
2458 7851 1
2458 2440 1
2462 5275 1
2462 6073 1
2462 6368 1
6129 6507 1
6129 217 1
6129 3241 1
6129 4260 1
6129 392 1
6129 3342 1
5529 1237 1
5529 6745 1
5529 3396 1
5529 4634 1
5529 333 1
5529 4864 1
5529 7071 1
5529 2514 1
5529 6754 1
5529 8276 1
4979 7949 1
4979 2508 1
4979 7649 1
4979 7757 1
4979 1288 1
4979 2045 1
4979 6356 1
4979 5911 1
4979 5857 1
4979 5796 1
4979 5526 1
4979 8230 1
1595 1462 1
5241 6772 1
2627 7170 1
2627 4340 1
2627 1596 1
2627 7885 1
2627 1756 1
2627 6230 1
2627 404 1
2627 5532 1
4932 1050 1
4932 742 1
6686 1919 1
6686 2988 1
6686 2777 1
6686 1892 1
3773 1457 1
3773 2751 1
4750 4830 1
1230 7938 1
1230 8212 1
1230 1667 1
1230 4752 1
1230 1773 1
1230 3721 1
1230 4250 1
1230 2927 1
1230 595 1
1230 1523 1
1230 4593 1
1230 3544 1
1230 791 1
1230 2759 1
1230 3771 1
1230 1604 1
1230 1362 1
1230 544 1
1230 2999 1
1230 6894 1
1230 5272 1
1230 5873 1
1230 1387 1
1230 5585 1
1230 1765 1
1230 6378 1
1230 1461 1
1230 6595 1
1230 2923 1
7536 4156 1
22 3011 1
597 4995 1
597 4602 1
597 2779 1
1984 3968 1
1984 5060 1
1984 6632 1
1984 8240 1
1984 856 1
1984 3013 1
1984 2615 1
1984 4832 1
1416 3142 1
1416 5986 1
1416 7402 1
1416 4596 1
1416 5667 1
2492 2994 1
3331 6461 1
3331 551 1
3331 5966 1
134 1410 1
2239 5941 1
2239 5775 1
2239 7662 1
2239 7393 1
6184 7194 1
4874 2995 1
4874 3385 1
1541 4040 1
1298 1593 1
1298 3475 1
1298 6405 1
1298 4103 1
1298 3536 1
4000 6218 1
6982 4990 1
6982 1788 1
6982 7300 1
6982 4126 1
6982 28 1
6982 5918 1
6982 6687 1
7815 3600 1
6452 2256 1
1779 3706 1
4234 5392 1
4234 6996 1
4134 1882 1
4134 2454 1
4134 5166 1
3554 3039 1
3554 3676 1
4484 4120 1
4484 4791 1
4484 8095 1
4484 668 1
4484 6267 1
1524 5435 1
464 6124 1
666 1928 1
753 489 1
753 4916 1
753 7734 1
753 3000 1
753 2689 1
7283 611 1
2538 7380 1
1977 567 1
1977 4684 1
1977 5231 1
1977 6763 1
4945 3938 1
4945 2089 1
4945 6530 1
4945 5887 1
1392 214 1
6781 5838 1
6781 3784 1
6816 5830 1
6816 5461 1
7477 738 1
287 1859 1
7231 1591 1
292 5120 1
805 5903 1
6417 2877 1
6417 8059 1
5866 5581 1
3163 4169 1
904 1674 1
3026 5870 1
2790 2856 1
2790 5803 1
2790 4968 1
2790 7179 1
2790 7889 1
4355 1233 1
3640 8045 1
3640 6960 1
2090 915 1
2090 3224 1
2090 5525 1
2090 5658 1
1003 338 1
2586 7622 1
5285 4677 1
5285 4922 1
777 6018 1
777 7171 1
2463 7754 1
5575 1840 1
5575 4827 1
4391 5595 1
4737 31 1
4737 6527 1
4737 1731 1
6963 3131 1
5953 5100 1
5328 5972 1
5328 1308 1
6038 4105 1
4102 4430 1
1471 4708 1
1193 2380 1
4193 7684 1
4193 2590 1
4193 2879 1
4193 5694 1
4193 2372 1
961 8081 1
961 4288 1
6431 7272 1
6647 2940 1
3276 6258 1
1920 7192 1
832 8196 1
832 793 1
832 4734 1
832 3383 1
4163 3630 1
6663 1089 1
4595 7516 1
5931 1817 1
8234 2144 1
5418 822 1
2539 6668 1
3482 193 1
2004 4739 1
2004 1000 1
4020 3772 1
143 2752 1
143 7720 1
143 1875 1
2823 1425 1
8262 6 1
8262 3804 1
3236 6162 1
4719 5888 1
4719 3707 1
4719 7458 1
4719 2134 1
4719 3242 1
4719 3695 1
4719 2894 1
4719 1798 1
3657 4896 1
8107 5530 1
4161 4016 1
3443 7584 1
1407 4729 1
2395 4768 1
2395 6680 1
6101 211 1
7555 4928 1
191 2478 1
8099 397 1
1982 3535 1
1982 2254 1
1982 5025 1
1982 2890 1
1982 4240 1
7114 5505 1
1309 6397 1
1493 463 1
1493 7119 1
1493 1487 1
1493 7804 1
1493 5567 1
1493 5434 1
1421 4361 1
1421 7429 1
7519 625 1
7519 6256 1
7519 4045 1
7519 7859 1
7519 2799 1
1428 711 1
1428 4878 1
3087 5384 1
3087 2266 1
3087 6666 1
3087 3571 1
3087 7359 1
3087 623 1
5231 7650 1
6658 2916 1
392 1564 1
392 7141 1
392 1921 1
392 5816 1
392 2268 1
392 3419 1
392 3062 1
392 7109 1
392 833 1
392 5640 1
392 1825 1
392 6609 1
392 5687 1
392 3021 1
6600 526 1
4233 3668 1
4233 2546 1
4233 4957 1
4233 7032 1
4233 3977 1
3279 1475 1
3279 153 1
3279 3054 1
5715 4181 1
5741 5400 1
5741 576 1
5741 5182 1
5741 3887 1
5028 1179 1
840 5713 1
4158 7869 1
4158 4237 1
4158 3812 1
5700 7434 1
5926 2409 1
4669 4005 1
4669 1868 1
4669 7898 1
1285 3263 1
7061 6386 1
7061 6207 1
7061 1417 1
7061 2119 1
7061 4558 1
7061 374 1
7061 2044 1
7061 7255 1
7061 5764 1
7061 3327 1
7061 7587 1
7061 7113 1
7061 688 1
7061 1586 1
5006 7822 1
5026 2164 1
5026 2634 1
5026 2017 1
5026 1611 1
5026 3037 1
5026 5055 1
5026 5363 1
5026 8161 1
5026 4592 1
5026 5019 1
5026 6780 1
7482 7645 1
7482 4771 1
7482 3133 1
892 6236 1
892 4373 1
892 4372 1
892 5655 1
6795 6670 1
6795 5368 1
6795 2007 1
6795 6243 1
6795 941 1
6795 3127 1
519 4802 1
865 3404 1
7357 1991 1
7357 778 1
7357 7316 1
7357 1395 1
7357 3943 1
7357 4720 1
7464 817 1
5164 2269 1
8049 7986 1
8049 4972 1
8049 7824 1
8049 7529 1
8049 1126 1
7833 1198 1
1616 7991 1
1616 908 1
1616 4627 1
1616 7960 1
1616 3043 1
1616 6228 1
1616 3158 1
1616 7989 1
1616 2715 1
1616 6396 1
1616 6677 1
1616 5413 1
1616 2921 1
1616 8075 1
1616 5038 1
1616 4924 1
1616 2251 1
1616 4542 1
1616 7445 1
1616 707 1
4662 732 1
4662 3962 1
4662 6640 1
4662 1821 1
4662 7003 1
4662 6922 1
4662 5119 1
4662 1547 1
4662 8188 1
4662 2964 1
4662 7293 1
4662 385 1
4662 3171 1
4662 7635 1
4662 6993 1
4662 3102 1
4662 1192 1
4662 7876 1
4662 347 1
4662 2108 1
4662 845 1
4662 1072 1
5826 6788 1
8096 3235 1
8096 1060 1
4219 2625 1
4219 5951 1
4219 2139 1
4219 7212 1
4219 1025 1
4219 1156 1
4219 3898 1
6121 7451 1
6121 3578 1
6121 3240 1
6121 5877 1
6121 2870 1
2975 2578 1
2975 4088 1
2440 7610 1
2440 2223 1
2440 1301 1
2440 2522 1
2440 1090 1
2440 7687 1
2440 3409 1
2440 2630 1
2440 4569 1
2717 7671 1
121 4751 1
5777 7855 1
5777 4445 1
5777 6769 1
5777 1599 1
5777 4247 1
5777 6416 1
5777 4032 1
5777 1501 1
5777 6477 1
5777 7196 1
5777 3777 1
5777 4259 1
5777 5767 1
5777 1358 1
5777 646 1
1182 1780 1
797 1999 1
4701 5257 1
4701 627 1
6730 1258 1
6291 5509 1
5858 4714 1
8217 2356 1
8208 2819 1
8208 2117 1
5603 4356 1
5603 7325 1
5603 4449 1
5158 7127 1
5158 3176 1
5158 2151 1
5158 119 1
5158 2683 1
5158 3059 1
5158 6292 1
5158 3291 1
8194 1983 1
8194 2341 1
8194 7896 1
8194 942 1
8194 6588 1
8194 2072 1
6776 3882 1
6776 34 1
5154 3044 1
5154 2333 1
5154 8242 1
5154 8115 1
5154 1299 1
5154 8272 1
5154 3501 1
5154 6592 1
5154 715 1
5154 5848 1
5154 3055 1
5154 3464 1
5154 1997 1
5154 125 1
5154 7341 1
5154 985 1
5154 5689 1
5154 7000 1
5154 765 1
5154 6332 1
5154 174 1
5154 6987 1
5154 6920 1
5154 1294 1
5014 895 1
7450 6245 1
2915 7051 1
2915 7094 1
3323 1754 1
2015 1827 1
3534 3936 1
3534 3149 1
5132 3751 1
5132 878 1
4016 3720 1
4016 2179 1
4016 5968 1
4016 297 1
7292 5616 1
7292 401 1
7292 118 1
718 8270 1
2304 2810 1
2304 6067 1
3628 2818 1
4477 830 1
4477 3895 1
5550 175 1
1614 1171 1
1614 6514 1
1614 950 1
1614 377 1
1614 443 1
1614 5503 1
1614 6060 1
1614 6635 1
8238 3079 1
872 2563 1
872 8056 1
8244 7084 1
8244 889 1
8244 1123 1
8244 2412 1
8244 3758 1
8244 5096 1
8244 725 1
8244 5589 1
479 3231 1
479 7260 1
479 5717 1
479 5860 1
479 4628 1
479 6814 1
479 6289 1
479 3539 1
479 6997 1
479 5289 1
479 4302 1
479 5980 1
479 7467 1
4074 5002 1
6432 2795 1
6432 8030 1
7627 1585 1
4343 1640 1
4343 1949 1
4343 5142 1
4343 6473 1
4343 471 1
4343 5735 1
4343 2404 1
4343 5425 1
7282 2402 1
7282 4971 1
7282 3990 1
7282 2551 1
7282 3519 1
7282 5391 1
7282 5847 1
7282 4393 1
7282 5661 1
7282 1152 1
7282 2738 1
7282 4193 1
7282 5637 1
7282 3422 1
7282 5291 1
7282 7823 1
7282 1028 1
6917 5620 1
417 7820 1
417 5128 1
417 7037 1
417 2627 1
417 5603 1
7106 575 1
3161 7148 1
3161 804 1
3161 5376 1
3161 7001 1
3161 828 1
3161 4715 1
3161 7078 1
3161 5736 1
3161 5819 1
3161 7121 1
3161 581 1
3161 7319 1
7884 1992 1
7696 5841 1
201 5014 1
1377 6328 1
1377 3249 1
1377 2973 1
3221 3554 1
1297 7599 1
2040 3492 1
2040 2666 1
2040 440 1
5592 6561 1
5592 1032 1
5592 253 1
219 4417 1
219 3121 1
219 2286 1
219 7343 1
219 4504 1
219 220 1
1387 3120 1
7457 3654 1
7457 1700 1
7457 4710 1
2479 4038 1
4535 4046 1
4535 7259 1
4535 1935 1
4535 6297 1
4535 4440 1
4535 783 1
2654 6861 1
3612 3211 1
3612 655 1
3612 5959 1
3612 1051 1
3612 4471 1
3612 4386 1
3612 2242 1
3612 6566 1
3612 1206 1
6099 5033 1
6694 6503 1
6694 410 1
6694 2909 1
6694 3073 1
6026 5599 1
1801 5092 1
1801 4082 1
1801 7053 1
1801 3602 1
1801 7198 1
6837 1876 1
6048 1325 1
4632 1518 1
4892 4292 1
937 6992 1
3038 6743 1
3038 2846 1
481 316 1
2925 3487 1
2925 1485 1
2925 3596 1
2925 6059 1
2925 1819 1
2925 3646 1
6802 2826 1
2439 5581 1
4917 4723 1
4917 6800 1
4917 4509 1
2631 3395 1
1335 5531 1
1253 3135 1
7857 5048 1
7344 4621 1
7344 2946 1
7344 1372 1
1058 1439 1
6238 4805 1
6238 6850 1
391 938 1
3479 5821 1
2039 6321 1
6597 4582 1
6597 7947 1
6597 521 1
3546 6114 1
541 4027 1
6191 1174 1
6191 2388 1
6191 2041 1
6191 6978 1
6191 8105 1
6191 5473 1
5073 1244 1
2710 4822 1
798 7371 1
798 2232 1
798 4489 1
798 8263 1
798 855 1
2253 5703 1
2253 1172 1
2765 2572 1
439 1561 1
3575 8192 1
23 3857 1
4812 2362 1
1292 6268 1
3356 3880 1
3356 6818 1
3356 6841 1
3356 7085 1
3157 5800 1
6364 1704 1
6364 699 1
7277 4327 1
7277 2053 1
3136 5723 1
3136 262 1
7298 3234 1
5558 3918 1
5556 5745 1
5556 7228 1
6773 523 1
7590 7184 1
3028 5882 1
3028 1618 1
3028 3823 1
469 8208 1
5748 6422 1
6594 3683 1
2240 7565 1
2240 6943 1
2240 304 1
6778 3690 1
3736 461 1
3736 4376 1
3736 7753 1
367 1838 1
1548 6112 1
1548 2802 1
4036 2886 1
1263 3560 1
1939 8019 1
1939 3264 1
1939 5148 1
1939 637 1
1939 2760 1
1939 480 1
1939 229 1
1939 3769 1
1853 5720 1
2486 4775 1
2486 1300 1
6447 282 1
1875 6592 1
1875 7623 1
6634 6140 1
7985 3761 1
7985 8014 1
8073 17 1
1679 1962 1
1679 1336 1
5767 1802 1
2619 7372 1
826 1650 1
826 6093 1
5596 708 1
5596 5074 1
5596 3974 1
5596 3522 1
5596 4190 1
5596 7431 1
5596 7939 1
5596 1101 1
5596 4879 1
5596 1316 1
5596 8092 1
4519 5282 1
4519 2958 1
4519 3832 1
6571 5173 1
6571 8057 1
6571 2030 1
6571 7134 1
6571 2686 1
7675 4452 1
7675 2718 1
1924 3819 1
1924 4186 1
1924 3366 1
1924 2891 1
1924 3009 1
1924 3161 1
6237 2430 1
1129 7852 1
1635 5488 1
285 1185 1
1353 6843 1
737 7532 1
737 7611 1
737 257 1
5773 6454 1
5773 6692 1
5773 1735 1
5773 4434 1
5287 6071 1
5287 5875 1
5287 5527 1
5287 6828 1
5287 7165 1
5287 5417 1
5287 7694 1
5287 5254 1
5287 5812 1
5287 1085 1
5287 2664 1
5287 5617 1
5287 932 1
5287 484 1
5287 893 1
5287 865 1
5287 5596 1
199 7200 1
5681 5577 1
7476 5470 1
7068 6908 1
3138 3710 1
4212 1963 1
4212 1246 1
4212 7321 1
3558 8135 1
3558 841 1
3558 6927 1
3558 1350 1
3558 268 1
3558 7706 1
3558 5881 1
3558 6620 1
3558 2703 1
3558 6552 1
6252 3993 1
6252 4113 1
2437 692 1
2437 1398 1
2437 2970 1
2437 5499 1
2437 4662 1
6152 3122 1
6152 3440 1
6152 4142 1
6152 709 1
6152 6877 1
1617 3638 1
2966 5716 1
5825 431 1
3477 1120 1
3477 1375 1
2616 8119 1
1630 1210 1
1124 321 1
5261 1444 1
4077 7709 1
954 4683 1
954 1845 1
954 5921 1
954 3907 1
954 5588 1
954 4202 1
954 8044 1
954 5200 1
954 8052 1
954 3601 1
1730 6618 1
7609 3282 1
7609 7083 1
7609 3506 1
5799 2525 1
6151 1243 1
6433 1795 1
6433 7877 1
6433 300 1
6433 4143 1
6433 4159 1
6433 1016 1
6433 1150 1
6433 3218 1
6433 767 1
6433 1832 1
6433 7090 1
6433 3239 1
4370 648 1
4370 1776 1
4370 7752 1
4370 1846 1
4370 4263 1
4370 5808 1
4370 2396 1
4370 5835 1
639 4009 1
639 1494 1
5397 1729 1
5397 4508 1
5264 6347 1
5264 1801 1
2742 8016 1
2943 7490 1
691 7252 1
7137 3599 1
7137 7308 1
2553 6675 1
2553 2358 1
5382 5117 1
4015 1196 1
4015 7725 1
4015 3484 1
4015 6712 1
4015 3731 1
4015 8250 1
7573 8186 1
4814 1649 1
4346 189 1
3621 6002 1
4154 6282 1
4154 5437 1
4154 6359 1
4154 4230 1
2785 1878 1
4590 194 1
7909 4523 1
7909 1418 1
7386 5056 1
7386 6639 1
7386 402 1
7386 5347 1
320 5476 1
320 3927 1
320 6147 1
2133 3827 1
6688 4918 1
6688 6056 1
6688 115 1
6688 2006 1
7420 7731 1
4831 237 1
3995 2231 1
3995 247 1
3995 5707 1
3995 7813 1
3995 6601 1
3995 2749 1
3995 4198 1
3995 5641 1
3995 7714 1
3995 2971 1
3995 1727 1
3995 819 1
3995 7908 1
3995 562 1
3995 1637 1
3995 3705 1
6292 4839 1
6292 1141 1
6292 8140 1
6292 4299 1
6292 3811 1
6998 2222 1
7881 719 1
7881 724 1
6279 2018 1
6279 7808 1
6279 5433 1
6279 7060 1
6279 6127 1
5742 7528 1
5742 3258 1
5742 7256 1
5742 1104 1
5742 505 1
5742 5990 1
647 4630 1
647 3077 1
647 2768 1
647 8214 1
647 7180 1
647 192 1
647 7576 1
647 3208 1
647 2140 1
1926 6758 1
1926 3796 1
1926 769 1
1926 7918 1
1926 5678 1
4647 705 1
4647 2543 1
4647 7092 1
4939 7023 1
5814 2665 1
2614 2580 1
2614 7047 1
2614 642 1
2614 1643 1
2614 7673 1
2614 5583 1
2614 5651 1
2614 5919 1
2614 3684 1
2614 7699 1
2614 4150 1
2614 1187 1
2614 4309 1
2614 2367 1
2614 530 1
2614 231 1
6835 5620 1
7204 2043 1
2022 2620 1
2022 2200 1
7890 4331 1
4735 4357 1
3188 6080 1
3732 6023 1
5069 7554 1
260 4976 1
260 4172 1
260 7693 1
7057 6961 1
7057 1619 1
7057 3412 1
7057 7872 1
7057 6448 1
7057 5333 1
7057 2 1
7057 4875 1
7057 4567 1
7057 583 1
7057 6008 1
7057 6825 1
7057 4950 1
7057 6358 1
7057 6731 1
7057 2888 1
7057 6531 1
7057 3950 1
7057 3386 1
7057 6888 1
7057 4219 1
7057 6974 1
7057 2227 1
7057 3116 1
7057 6214 1
7378 3371 1
3257 6247 1
3257 4727 1
3257 2136 1
3257 6956 1
3257 6797 1
3257 1194 1
2359 94 1
2359 2275 1
2359 3789 1
2359 8246 1
2359 2722 1
2359 6475 1
2359 4323 1
2359 1835 1
2359 4462 1
2359 7964 1
2359 6062 1
2359 6392 1
2359 603 1
2359 1029 1
2359 4935 1
2359 4223 1
2359 2259 1
2359 3802 1
2359 2181 1
2359 196 1
2359 1793 1
2359 2676 1
2359 2925 1
2359 7763 1
2359 5218 1
2359 1721 1
2359 5756 1
3364 4248 1
3364 4099 1
3364 3456 1
5655 482 1
6885 3711 1
6885 5045 1
6885 5746 1
6885 4993 1
6885 5613 1
6885 7120 1
590 4996 1
3704 4290 1
6699 2807 1
6699 5969 1
6699 3929 1
6699 3325 1
6699 7981 1
6699 4568 1
6699 3413 1
5010 1567 1
5010 5956 1
5010 7524 1
6325 4919 1
5022 444 1
5022 5389 1
5022 1073 1
5022 3326 1
5022 122 1
5022 5043 1
5022 5665 1
5022 5167 1
3717 5948 1
458 3261 1
458 7738 1
3683 4117 1
3683 6910 1
3683 5131 1
6100 2796 1
5151 5750 1
5151 6968 1
3551 4281 1
3195 3315 1
6371 6499 1
6371 2311 1
2237 3678 1
5013 1755 1
5013 6912 1
7782 6197 1
722 8209 1
722 1057 1
722 6633 1
722 3513 1
722 7263 1
722 3064 1
722 2130 1
722 7456 1
2990 6176 1
930 4337 1
930 5747 1
4053 6425 1
4053 4096 1
2947 3300 1
3574 7616 1
3574 1293 1
3574 37 1
3574 3528 1
3574 7608 1
3574 1217 1
3574 1498 1
3574 868 1
3574 6727 1
3574 7220 1
3574 3933 1
3574 1020 1
7013 7702 1
7013 6701 1
7013 6586 1
7013 6025 1
6695 3214 1
6695 988 1
6695 286 1
6695 3031 1
6695 675 1
6695 4052 1
6695 430 1
6695 1708 1
6695 7473 1
6695 3238 1
4217 254 1
3765 1296 1
4144 4282 1
4609 3048 1
4609 8232 1
4609 2320 1
7585 171 1
8078 2456 1
8078 4973 1
8078 4926 1
8078 8008 1
8078 4272 1
8078 346 1
8078 7191 1
8078 7304 1
8078 3480 1
5568 4747 1
5568 957 1
5568 4837 1
5568 606 1
5568 5403 1
5568 4071 1
5568 2121 1
5568 1476 1
5568 4676 1
5568 2880 1
5568 7692 1
5568 2120 1
5568 4073 1
5568 1738 1
457 3836 1
457 2533 1
1499 6732 1
812 900 1
812 6838 1
2701 596 1
2408 813 1
4153 4758 1
860 1993 1
7318 7766 1
1245 1467 1
6638 6955 1
3521 3658 1
3521 129 1
3521 6168 1
3521 953 1
658 1397 1
658 6275 1
658 2147 1
658 2838 1
658 6063 1
658 378 1
126 496 1
126 5399 1
126 2182 1
126 232 1
1747 6585 1
6472 2696 1
466 2931 1
466 3034 1
466 7617 1
466 163 1
466 4207 1
466 5255 1
5179 5648 1
2450 5009 1
388 5115 1
3162 3556 1
7335 5440 1
5057 4076 1
5913 1917 1
5913 5831 1
5913 7686 1
5913 5663 1
5913 8060 1
5913 3096 1
5913 1653 1
5913 4686 1
5913 5638 1
5913 7716 1
5913 6175 1
5913 2340 1
5913 3029 1
3829 1264 1
317 3760 1
2406 7596 1
835 2997 1
835 8193 1
835 204 1
6324 6215 1
6324 1039 1
6324 2211 1
6324 485 1
6324 6612 1
6324 6125 1
6324 3426 1
6324 4848 1
6324 3025 1
6324 4537 1
6324 2837 1
6324 7940 1
6324 1096 1
6324 3438 1
7559 5319 1
7809 3155 1
5207 2079 1
5070 4522 1
7728 5879 1
7728 6606 1
3124 4575 1
3124 4501 1
3124 5029 1
3124 168 1
3124 4678 1
3124 7225 1
3124 7278 1
5543 7952 1
6656 6625 1
6656 3159 1
1768 7323 1
1768 8021 1
7080 2132 1
7080 4023 1
7080 7644 1
7080 2373 1
7080 2102 1
7080 6301 1
7080 4127 1
7080 1709 1
5569 1515 1
4709 4426 1
2196 6519 1
2196 222 1
2196 8076 1
174 6201 1
174 1409 1
174 3442 1
174 4042 1
174 657 1
174 582 1
174 4695 1
174 6043 1
174 3896 1
174 5642 1
174 4882 1
174 6976 1
174 5946 1
174 4464 1
174 5482 1
174 1114 1
783 7563 1
7950 1748 1
6804 584 1
3598 6249 1
3598 8025 1
5656 885 1
4017 4036 1
4322 3799 1
4322 1291 1
4322 8165 1
1762 208 1
1762 7853 1
1762 6311 1
1762 5900 1
1762 7005 1
1762 8223 1
1248 4037 1
736 4412 1
736 3949 1
3423 2532 1
3423 2746 1
3423 1369 1
591 4083 1
1754 1749 1
8080 2349 1
7322 339 1
7322 5149 1
7322 6489 1
7322 5317 1
7322 2897 1
3724 754 1
3401 3764 1
3401 5485 1
6946 5521 1
3864 910 1
2789 2344 1
2789 5908 1
931 205 1
3483 1017 1
2243 4090 1
2243 5311 1
2243 5152 1
2243 7966 1
2243 1691 1
7054 5626 1
2510 3109 1
7264 3485 1
7264 7777 1
929 6271 1
1542 5459 1
1542 5186 1
1542 5162 1
7502 5942 1
7502 4173 1
7502 6440 1
7502 1235 1
8088 662 1
8088 53 1
8088 7745 1
4225 6676 1
4080 3573 1
4080 5280 1
4080 6901 1
2228 7368 1
7818 8134 1
4358 6774 1
4358 3719 1
4358 7416 1
4358 3793 1
4358 2203 1
4358 2105 1
536 6095 1
3644 3372 1
4072 5411 1
1570 571 1
1570 4959 1
4325 7232 1
4325 4114 1
4325 1536 1
2357 2741 1
3828 1001 1
3388 8204 1
1048 2173 1
1048 7485 1
4890 570 1
2564 1223 1
5721 6913 1
5481 4129 1
2235 3969 1
2235 6784 1
274 1448 1
274 191 1
274 2407 1
3127 5963 1
8015 809 1
3265 275 1
3265 4761 1
3265 183 1
3265 8022 1
3265 5672 1
3265 2712 1
4711 7661 1
4419 3204 1
1340 8032 1
1340 3835 1
1340 6263 1
6451 2588 1
4854 5249 1
4854 4937 1
4854 5811 1
4854 8213 1
4854 4382 1
4854 3134 1
4854 4245 1
4854 8211 1
4854 2432 1
4854 164 1
4854 955 1
6361 2565 1
4093 5536 1
4093 1319 1
2059 7698 1
3852 3925 1
3852 83 1
3852 2931 1
3852 7774 1
3852 7139 1
3852 5133 1
3852 7414 1
3852 2137 1
3852 6445 1
3852 5252 1
3852 6401 1
3852 1219 1
3852 4772 1
3852 7799 1
3852 375 1
3852 1493 1
3852 259 1
3852 2421 1
3852 391 1
3852 7384 1
3852 3091 1
2429 6873 1
6631 3443 1
7931 5432 1
7385 1221 1
7385 7575 1
2850 788 1
2850 5998 1
2850 3647 1
2850 974 1
2850 7415 1
2850 5628 1
2850 7657 1
2850 4050 1
2850 6054 1
2850 5718 1
2850 589 1
2850 5655 1
1828 1321 1
1828 2272 1
1828 4506 1
1426 1223 1
3314 7800 1
2871 5533 1
2871 5369 1
2871 6753 1
4570 7553 1
6202 155 1
2859 703 1
390 439 1
353 4257 1
4692 4421 1
5549 799 1
5549 6492 1
5549 843 1
3671 6420 1
3671 6641 1
4923 8012 1
272 6797 1
7111 5092 1
7111 5557 1
7111 4642 1
7111 4710 1
4645 7785 1
4645 8127 1
4645 4789 1
4645 7399 1
4788 4397 1
220 1723 1
220 6345 1
7563 4318 1
7563 7190 1
7563 7153 1
7563 7572 1
7563 2425 1
8018 1592 1
7022 2720 1
7022 3503 1
7022 3507 1
7022 7805 1
7022 7679 1
7022 7234 1
7022 3906 1
7022 1107 1
4276 6626 1
3006 8085 1
2780 5180 1
2780 6439 1
6143 3313 1
6143 5398 1
6143 3144 1
6143 3185 1
6143 5053 1
6143 2658 1
4366 6713 1
5971 7145 1
5971 7681 1
6755 6829 1
3996 4597 1
1739 2386 1
646 3040 1
646 1834 1
646 6860 1
646 4406 1
646 418 1
646 1420 1
4056 5235 1
7640 5578 1
6827 2955 1
6827 3655 1
2394 3756 1
5524 6991 1
3663 1531 1
3663 2183 1
3663 1549 1
3663 6032 1
7883 6097 1
6335 2498 1
7959 6398 1
7959 7978 1
7959 5643 1
7959 1850 1
592 3664 1
7213 4029 1
261 3306 1
261 8227 1
261 6690 1
2076 6019 1
3899 160 1
5047 7663 1
1829 2290 1
7247 7187 1
5459 7886 1
5459 5244 1
1916 2875 1
1916 962 1
4132 6177 1
4132 1529 1
6611 2141 1
1448 5618 1
228 3529 1
721 6141 1
5046 6904 1
1631 7653 1
1631 5104 1
7820 5270 1
7820 18 1
7820 3358 1
7820 6798 1
7820 5976 1
7820 846 1
7820 6636 1
7820 3402 1
1715 5462 1
7755 1464 1
7755 2697 1
7755 1403 1
7755 3416 1
7755 1697 1
5225 7070 1
5361 6748 1
1578 7604 1
4277 4807 1
4277 3967 1
5598 2403 1
1364 1753 1
1364 5649 1
1250 744 1
6779 6858 1
2442 7245 1
3792 7825 1
3792 5234 1
6882 3688 1
6882 2531 1
3524 7538 1
3524 3595 1
3691 7860 1
3691 5554 1
3183 3301 1
4991 1437 1
4991 7056 1
4991 3090 1
4991 5730 1
1808 3451 1
1808 2397 1
743 32 1
743 1438 1
276 4133 1
276 5183 1
276 4179 1
1933 3453 1
1933 4308 1
5527 3863 1
2730 2794 1
2730 5172 1
2730 1382 1
2730 7046 1
2827 123 1
2122 2257 1
4148 3656 1
4148 3190 1
4148 3399 1
6 3978 1
2775 2649 1
1468 8109 1
1468 144 1
6365 6735 1
6248 7958 1
809 7133 1
1686 3160 1
381 1711 1
1146 181 1
1146 7795 1
1146 3333 1
1177 212 1
4612 4765 1
610 6706 1
1442 6698 1
1442 6341 1
8130 1347 1
8130 4347 1
8130 7759 1
8130 2197 1
4024 3689 1
4024 2573 1
4236 3428 1
5805 4637 1
5579 4319 1
5579 3352 1
5722 2753 1
3192 3543 1
902 2904 1
4826 157 1
608 3301 1
3633 187 1
354 1681 1
354 1914 1
354 7425 1
354 2067 1
354 7027 1
7768 6053 1
7495 7143 1
6866 5395 1
7435 4375 1
6037 446 1
878 1474 1
878 5109 1
878 4364 1
878 7249 1
4704 85 1
7259 2834 1
5128 7275 1
5128 4089 1
360 4255 1
360 7332 1
360 4559 1
5703 6118 1
1043 5219 1
1043 6467 1
4705 2535 1
4705 3703 1
7586 1852 1
3011 4283 1
2376 5448 1
7689 6952 1
2065 5265 1
7320 3446 1
4442 3373 1
4442 2841 1
4442 2781 1
7490 6170 1
4733 156 1
4733 3113 1
4733 4328 1
1060 7427 1
3512 36 1
7147 3284 1
5753 4279 1
3928 6021 1
3928 1205 1
5020 4377 1
786 1763 1
3318 5654 1
3318 4367 1
3318 3180 1
3318 4606 1
3318 368 1
3318 4860 1
3318 7285 1
3318 8162 1
2653 6089 1
256 7760 1
256 5684 1
6692 1535 1
5337 7874 1
5991 6235 1
5991 7647 1
5991 1061 1
5991 1419 1
5991 8254 1
6302 1556 1
3445 2500 1
3445 2459 1
3445 4871 1
3445 5383 1
7570 4792 1
6468 6065 1
6468 8054 1
6468 3961 1
5251 4631 1
5251 3776 1
3975 7546 1
2946 550 1
2946 5405 1
2946 6220 1
88 6119 1
503 1675 1
503 7097 1
503 8133 1
503 1458 1
503 4287 1
503 4407 1
503 717 1
8090 6842 1
323 348 1
323 7840 1
323 7739 1
3370 3747 1
3337 7299 1
3337 2937 1
3337 2527 1
210 6697 1
210 1794 1
747 92 1
747 7452 1
4926 1761 1
4926 7087 1
4926 6167 1
5625 2641 1
5625 2224 1
5625 995 1
5625 8228 1
5625 4565 1
1078 2427 1
1078 2176 1
1218 1157 1
1644 3742 1
1099 384 1
983 566 1
983 5011 1
400 2279 1
400 6434 1
4771 1877 1
4771 5192 1
4771 2496 1
4771 6306 1
4771 1209 1
4771 2289 1
4771 8153 1
4771 6553 1
4771 6660 1
4184 8068 1
2732 6659 1
2732 5163 1
2732 6172 1
3586 3913 1
5442 917 1
6250 4586 1
4385 6821 1
4633 1555 1
5278 116 1
4425 4481 1
4425 2470 1
4425 3514 1
1827 7163 1
1827 3660 1
6641 6360 1
277 4092 1
277 4194 1
277 6146 1
277 4898 1
277 5823 1
277 4766 1
277 6793 1
1085 5790 1
7197 7677 1
7004 4532 1
7004 7526 1
7004 4482 1
7004 2847 1
7004 6187 1
7004 1415 1
6106 6009 1
758 6582 1
758 1315 1
2307 3620 1
6459 6844 1
6459 3153 1
3924 5502 1
1771 491 1
1771 2866 1
1771 7942 1
1771 513 1
5260 1627 1
3639 3219 1
299 1910 1
6081 8040 1
5139 2867 1
7189 3205 1
7189 1044 1
8129 7108 1
8129 4011 1
8129 7091 1
8129 2093 1
8129 6094 1
454 2555 1
775 2861 1
775 2960 1
775 6136 1
775 4210 1
3328 172 1
3328 2833 1
3328 2258 1
7089 8131 1
1655 3818 1
5308 3256 1
5308 1080 1
5308 8063 1
5308 1027 1
5308 6323 1
5308 2805 1
4594 1884 1
2825 3699 1
2825 213 1
2825 890 1
2825 3036 1
2825 8172 1
2147 5035 1
5897 2917 1
5897 5574 1
5897 4232 1
5897 2613 1
2267 3448 1
5978 1495 1
5052 1863 1
4251 759 1
4251 1108 1
6334 4977 1
346 1469 1
3148 4345 1
3759 1533 1
3759 5632 1
3759 2148 1
7858 7401 1
7858 4070 1
5940 5929 1
6022 2864 1
1639 4443 1
573 264 1
573 1886 1
5965 1680 1
5965 6617 1
5965 7878 1
5965 3230 1
2203 351 1
84 1259 1
4214 686 1
4214 4624 1
4214 6911 1
4214 1147 1
4214 8218 1
4214 6313 1
4214 3842 1
4214 6369 1
4214 4893 1
2457 6438 1
6225 6853 1
4992 8114 1
4992 7603 1
4992 3486 1
4992 3186 1
4684 5880 1
6570 240 1
7506 5791 1
2109 6226 1
2109 3979 1
2808 7545 1
2808 4137 1
5165 5739 1
6129 935 1
6129 2178 1
4979 731 1
2627 6484 1
1230 1049 1
1230 5451 1
1984 4884 1
1984 7055 1
1984 4218 1
1416 2878 1
1416 7801 1
1416 8138 1
3331 2815 1
2239 4693 1
1298 5443 1
4127 3504 1
464 2303 1
1977 3746 1
4945 2835 1
805 6155 1
805 7394 1
3790 4553 1
2090 7433 1
4494 5970 1
7042 8286 1
2004 3934 1
2004 1516 1
2004 1986 1
2004 3785 1
2004 6533 1
2004 1311 1
4719 3217 1
4719 659 1
191 2107 1
1982 6381 1
1982 8253 1
1982 371 1
7114 6075 1
7114 178 1
1493 379 1
1493 1262 1
1493 7208 1
7519 139 1
7519 5483 1
7519 5677 1
7519 127 1
3906 7688 1
5741 3072 1
4158 509 1
4158 4856 1
4158 7943 1
4669 1094 1
7061 6086 1
5026 6231 1
7482 4499 1
5164 1004 1
5164 1568 1
1616 501 1
2975 4649 1
5967 8110 1
5777 4819 1
5777 1743 1
2813 6483 1
1677 7540 1
1677 914 1
1677 1121 1
1677 3622 1
1677 8069 1
1677 3093 1
1677 362 1
2245 5267 1
2245 8132 1
2245 3971 1
5154 5101 1
5154 5040 1
5154 5961 1
5154 8233 1
7292 3580 1
7292 2154 1
7292 5258 1
1614 545 1
6873 6662 1
479 4534 1
479 4859 1
4343 2057 1
4343 527 1
7282 7018 1
7282 3532 1
7282 4111 1
7282 3788 1
7282 774 1
7282 4943 1
417 7841 1
880 3935 1
880 1430 1
3161 2893 1
2040 5611 1
219 7672 1
6694 1669 1
2925 6355 1
4917 1305 1
7344 5471 1
1360 2982 1
1360 78 1
1360 2310 1
1360 6871 1
1360 424 1
1360 3820 1
5205 3987 1
5556 5156 1
4036 7465 1
1939 7967 1
1939 6474 1
1939 2895 1
4519 3470 1
4519 6953 1
5586 6574 1
5773 7246 1
5287 4741 1
5287 4136 1
954 1384 1
6433 634 1
4370 6232 1
4015 3815 1
4015 6109 1
4590 2123 1
8250 883 1
6292 497 1
6292 898 1
6292 7411 1
7158 7250 1
7158 4985 1
7158 3881 1
7158 2300 1
7158 1505 1
6279 4803 1
647 3672 1
5671 5386 1
5671 3165 1
2614 2896 1
2614 5377 1
260 7933 1
260 672 1
7057 555 1
7057 14 1
7057 1160 1
7057 669 1
2359 5281 1
2359 933 1
2359 4742 1
2359 1376 1
2359 1831 1
2359 604 1
3364 4274 1
722 6831 1
3574 7284 1
3574 223 1
8078 2273 1
457 6717 1
1499 10 1
1499 2088 1
466 947 1
5913 3458 1
5913 6005 1
3829 2540 1
3829 4101 1
881 6547 1
835 8094 1
6324 7973 1
7728 4512 1
7728 6919 1
5569 6317 1
2196 7527 1
174 5463 1
7950 5444 1
4322 1170 1
3401 7861 1
2510 4195 1
536 2469 1
1048 258 1
274 3694 1
3127 4674 1
3127 8239 1
6631 653 1
225 574 1
2871 8065 1
2871 3336 1
5032 7539 1
7111 1059 1
7563 7406 1
8018 981 1
8018 8221 1
6143 6965 1
6143 5500 1
6143 470 1
6143 5427 1
3091 4988 1
1739 2167 1
2281 8269 1
1932 4425 1
1932 6106 1
2928 4074 1
7161 1106 1
7161 3794 1
1676 983 1
1676 6822 1
1676 3649 1
1676 2460 1
7637 1040 1
4964 4130 1
6551 7253 1
5711 7667 1
4762 7497 1
4604 4265 1
3805 6455 1
7286 8274 1
2554 261 1
2554 1580 1
7093 5452 1
2963 4271 1
733 3222 1
3740 7895 1
329 5090 1
7116 810 1
3233 4904 1
3826 7999 1
1302 5631 1
4744 3430 1
4744 1250 1
4744 824 1
4744 7367 1
4744 3680 1
4744 6493 1
4744 2090 1
4744 2004 1
4744 2241 1
4744 5910 1
4744 2359 1
4744 7846 1
4744 5662 1
66 5636 1
4730 5917 1
7776 4031 1
4546 1797 1
4409 2899 1
2104 5008 1
874 5487 1
874 1281 1
874 2736 1
874 7199 1
874 1099 1
874 4696 1
874 2608 1
874 5978 1
874 455 1
874 3561 1
874 5549 1
6654 2808 1
5215 4166 1
5215 2155 1
7831 5467 1
1038 3879 1
4651 3590 1
6790 3174 1
6790 6079 1
6273 4359 1
6183 3328 1
1479 565 1
4118 838 1
2820 1800 1
6479 2732 1
4468 225 1
5084 3806 1
6216 969 1
6216 2782 1
7079 3628 1
7079 1253 1
7338 7326 1
7338 1177 1
7338 323 1
7338 4343 1
6964 1081 1
7796 7469 1
4616 1636 1
4616 5912 1
4853 3615 1
4853 4701 1
2660 2941 1
5537 11 1
2692 7982 1
2692 41 1
185 6134 1
453 5758 1
7568 2510 1
7261 3830 1
6242 2456 1
5507 60 1
5136 6571 1
2084 5313 1
2384 1249 1
3268 2410 1
3268 8026 1
3268 5940 1
7086 3663 1
5242 5768 1
3471 2953 1
4688 7230 1
4244 3705 1
1732 1722 1
2374 276 1
2374 6205 1
5988 2368 1
5988 4404 1
5988 3318 1
5988 1771 1
5988 6570 1
5988 6688 1
5988 6385 1
5762 1360 1
295 2547 1
295 12 1
4104 2740 1
4104 2579 1
4078 7571 1
1521 1063 1
1521 2016 1
1502 1820 1
1502 928 1
6906 2850 1
1693 7726 1
2831 6022 1
2009 5358 1
2009 1295 1
1544 1715 1
3459 7218 1
5804 701 1
6972 2032 1
4804 6686 1
4648 4717 1
5695 4826 1
5695 6605 1
5695 7592 1
3545 476 1
2021 5184 1
1231 1468 1
1344 4888 1
6270 1924 1
6270 6092 1
6915 1706 1
8102 2473 1
8102 3591 1
19 7004 1
19 5132 1
4713 5842 1
4713 1482 1
2264 1277 1
1203 3515 1
1203 1926 1
7350 4680 1
7350 3183 1
2422 166 1
2422 1340 1
4496 6792 1
1608 5805 1
1608 3650 1
3139 5264 1
3139 3838 1
5178 3295 1
5562 6757 1
5562 2243 1
1873 991 1
2385 514 1
3324 2750 1
6298 7618 1
3553 1810 1
5623 4645 1
4383 7670 1
2306 7758 1
4390 5833 1
5563 4139 1
77 6986 1
8168 6238 1
1757 4745 1
1445 7682 1
4698 7778 1
8005 7910 1
8005 6759 1
8005 454 1
8005 6371 1
8005 6638 1
3940 848 1
1347 6724 1
5106 3851 1
7302 6209 1
1066 3305 1
6465 2919 1
6465 6541 1
6465 274 1
7998 792 1
1509 1569 1
1509 4545 1
1574 306 1
7542 6836 1
1615 5082 1
2455 5429 1
4661 7066 1
2898 1298 1
5238 4333 1
3555 6121 1
6353 7899 1
6076 4109 1
288 5685 1
288 7128 1
288 2507 1
2755 7945 1
2755 7459 1
6637 3033 1
6637 4719 1
6637 6292 1
5954 3140 1
6110 2679 1
4350 2790 1
4123 5705 1
2433 4954 1
7481 1879 1
242 2756 1
7174 722 1
5161 2196 1
7267 2453 1
330 7341 1
990 3406 1
990 789 1
990 5364 1
990 8082 1
2135 2905 1
2135 479 1
2135 1806 1
5935 2309 1
2314 8100 1
6375 7434 1
4306 4846 1
3137 608 1
3137 4498 1
1809 8219 1
3809 6239 1
7836 1768 1
4266 2852 1
6864 6393 1
6864 3368 1
1062 2684 1
850 557 1
5316 6667 1
7132 834 1
1912 6631 1
6011 4992 1
6011 6631 1
7868 3220 1
5813 6873 1
4608 7664 1
5340 4702 1
2490 8237 1
1125 6684 1
1125 3512 1
6510 3246 1
5077 1385 1
6726 332 1
6678 3891 1
5199 5506 1
1901 4334 1
6939 743 1
6939 6839 1
97 4486 1
97 6501 1
97 1607 1
97 2291 1
97 805 1
97 6391 1
97 2081 1
7968 16 1
7310 4102 1
1273 2261 1
6015 4561 1
5889 2076 1
5889 6471 1
1361 7606 1
6689 6914 1
5189 1166 1
7839 7314 1
1594 7308 1
1594 1793 1
3359 7271 1
4625 628 1
8152 835 1
1342 3089 1
4997 3517 1
7695 3890 1
2706 3763 1
2447 7569 1
621 4024 1
653 1284 1
517 4769 1
7665 3899 1
976 4342 1
2747 3735 1
2747 7080 1
784 5262 1
800 1683 1
7913 5323 1
1270 1400 1
1036 7495 1
2467 6581 1
5740 6615 1
1239 6827 1
3365 613 1
1767 3495 1
7708 5164 1
1026 7382 1
997 2729 1
7810 4128 1
7969 4782 1
1716 1504 1
3105 2042 1
4246 4953 1
4246 4987 1
442 3080 1
442 6191 1
442 3995 1
958 5508 1
958 4571 1
958 4611 1
958 6823 1
1893 4638 1
4410 7349 1
4347 6746 1
5170 5524 1
5170 2122 1
5170 360 1
5170 1777 1
5170 5858 1
5170 6325 1
6715 8284 1
1323 4119 1
2797 5343 1
2797 335 1
2797 5089 1
594 3944 1
3020 4934 1
2601 2038 1
5565 4562 1
771 4691 1
5428 1241 1
5428 6556 1
7104 7114 1
3729 5135 1
2857 2387 1
2857 7519 1
548 3635 1
7243 159 1
689 6286 1
1473 1322 1
396 7292 1
5075 2557 1
6580 5579 1
6309 4182 1
6309 6028 1
6309 2109 1
6309 1977 1
6309 2813 1
3566 5406 1
2568 7741 1
2116 7507 1
986 2195 1
986 1215 1
310 3980 1
6627 2058 1
3523 5541 1
6954 4544 1
6497 5168 1
2499 589 1
5686 5710 1
6575 419 1
3248 3100 1
7826 2700 1
3269 2361 1
6496 3558 1
1478 5572 1
1478 2771 1
1478 4669 1
5851 4264 1
473 7115 1
5936 3130 1
4986 3928 1
3027 4733 1
1452 5453 1
3786 3877 1
7961 3693 1
7961 5743 1
7961 6004 1
5350 390 1
2218 1043 1
2218 6554 1
4301 2025 1
6869 2276 1
973 432 1
6534 6250 1
2419 7008 1
7441 5751 1
2731 643 1
5091 8173 1
6340 7547 1
6340 2521 1
2694 6578 1
2694 3250 1
3583 7689 1
1781 3835 1
2651 6450 1
3541 1172 1
6805 1578 1
785 3474 1
6577 3474 1
2549 5300 1
3892 117 1
2642 367 1
7345 5991 1
2912 244 1
2912 4476 1
6572 1363 1
5283 7134 1
7646 2617 1
373 2191 1
5752 4115 1
694 7315 1
6886 7588 1
6886 7111 1
1064 1427 1
4811 3888 1
4280 6145 1
4280 577 1
4280 251 1
5062 6002 1
6312 4743 1
3384 5514 1
6259 2014 1
3014 4712 1
7362 1454 1
5134 6826 1
1278 4147 1
7775 6591 1
7775 5225 1
3844 266 1
6576 3878 1
6718 4056 1
6718 1589 1
278 5947 1
6529 309 1
6529 4206 1
6529 2602 1
154 7042 1
5338 609 1
197 277 1
5331 277 1
3958 6186 1
6962 1713 1
714 4442 1
6924 4942 1
3141 2632 1
1744 5454 1
7160 4619 1
7828 6173 1
5580 8074 1
7480 422 1
7480 2052 1
7430 7301 1
8118 4019 1
6709 1009 1
4209 706 1
5886 4863 1
7288 1352 1
1463 7639 1
5366 8220 1
1969 7233 1
1572 4945 1
2087 6433 1
4671 363 1
7803 7211 1
6050 3338 1
7136 4160 1
6219 5485 1
6219 6764 1
1343 1925 1
4521 5843 1
5994 2138 1
3869 3178 1
7513 6007 1
7513 5962 1
1408 6407 1
1684 3257 1
3499 3524 1
3499 4236 1
6357 5455 1
7400 6160 1
3616 1401 1
177 7012 1
6739 1815 1
4610 5876 1
4610 6225 1
4915 8123 1
7346 5015 1
1816 1507 1
7102 224 1
6979 6213 1
2029 6524 1
5373 7962 1
6934 3767 1
3049 930 1
3049 1024 1
6521 4316 1
6621 1018 1
6557 4961 1
6557 4979 1
1402 6190 1
1402 8035 1
2465 1020 1
8198 5153 1
283 5153 1
8126 5967 1
7381 3591 1
62 1214 1
4518 3748 1
6074 4665 1
6845 462 1
2935 2040 1
7548 4931 1
1783 2206 1
3813 5303 1
3813 4902 1
5126 5457 1
5776 6809 1
7036 3759 1
3280 866 1
1736 546 1
923 1208 1
3894 5893 1
7946 3665 1
4167 4095 1
2724 3843 1
3562 1952 1
7009 3855 1
7159 7431 1
2094 925 1
3956 4754 1
2983 4039 1
2983 2678 1
7535 4249 1
8137 7040 1
7331 7871 1
7331 5556 1
7331 4526 1
6072 4753 1
4033 882 1
5657 7172 1
580 2949 1
7602 3633 1
5263 7498 1
7296 578 1
3334 5544 1
6879 5953 1
5627 7755 1
5222 2055 1
6791 8166 1
6462 1929 1
1590 4787 1
654 7447 1
4447 6143 1
6035 481 1
4960 7767 1
179 1972 1
179 3914 1
1741 5671 1
5356 4094 1
585 4855 1
5335 3202 1
5906 7074 1
5644 2614 1
696 1240 1
7963 4647 1
2541 4783 1
8260 387 1
5763 1571 1
5763 5179 1
2441 1899 1
6284 3866 1
7486 1614 1
3871 6512 1
7216 7891 1
4652 7419 1
7607 7297 1
535 861 1
649 4525 1
4600 1100 1
3696 6779 1
4524 7226 1
5086 3192 1
5086 3736 1
3216 1526 1
3216 1858 1
3216 64 1
3216 2458 1
3216 1939 1
359 7221 1
5749 1015 1
5122 886 1
3592 6771 1
6383 6967 1
4305 1967 1
5789 5913 1
8084 4786 1
716 2745 1
4293 3685 1
6437 5321 1
6178 7129 1
1998 512 1
7954 3364 1
4728 2763 1
977 5337 1
5594 7499 1
4824 2769 1
8277 5278 1
68 6699 1
6196 1145 1
1229 4335 1
1082 5361 1
4763 7921 1
6441 736 1
5421 867 1
3086 1423 1
4660 35 1
5891 269 1
506 593 1
831 916 1
857 1279 1
4435 610 1
5293 7491 1
2582 5592 1
5412 7189 1
946 5801 1
4825 7344 1
2050 7715 1
619 4152 1
4108 1900 1
515 6996 1
3018 7788 1
8248 2466 1
2534 1703 1
4472 319 1
4513 5020 1
5928 8028 1
3652 1959 1
4748 4907 1
3259 1612 1
615 2383 1
3267 6281 1
2513 5852 1
2933 3829 1
6704 2587 1
8279 6036 1
1946 1265 1
207 3624 1
7996 6364 1
7996 7502 1
3288 6185 1
3070 6185 1
4579 7279 1
7525 8257 1
602 4372 1
4799 7157 1
241 6421 1
6458 5742 1
5688 2305 1
8151 5212 1
5820 6417 1
5939 1546 1
5939 2570 1
1657 5460 1
5031 3337 1
4554 8046 1
1271 1466 1
1271 2457 1
529 1310 1
5017 6863 1
1880 4514 1
1880 1751 1
1391 2474 1
2972 7043 1
7521 1895 1
7257 5329 1
1528 5422 1
1488 3792 1
6351 592 1
5472 2376 1
6548 263 1
4200 4427 1
4951 3401 1
3781 4215 1
1813 364 1
7031 3930 1
6203 3075 1
298 7482 1
7488 2294 1
4850 5965 1
2348 6 1
3542 4980 1
1314 2187 1
823 7932 1
6761 381 1
2002 369 1
4420 6613 1
7856 2005 1
4944 7985 1
2874 1538 1
8149 5709 1
3435 1975 1
5815 1915 1
4320 3602 1
3651 2124 1
3651 2628 1
8235 2287 1
8235 5251 1
8235 1530 1
8235 6012 1
4989 7021 1
1257 7849 1
4116 1855 1
2901 7586 1
472 4902 1
4636 4001 1
2978 7883 1
1994 8053 1
4473 2727 1
2420 8200 1
1162 167 1
3332 847 1
6673 620 1
6673 8024 1
5682 3613 1
2189 4483 1
3577 3970 1
5330 5792 1
255 72 1
6794 4067 1
3035 4256 1
6849 6263 1
7437 2783 1
4199 730 1
6153 3858 1
4852 7948 1
6607 1904 1
1620 940 1
2961 5949 1
1446 6051 1
2944 1639 1
7965 747 1
3920 1035 1
234 3378 1
1583 148 1
1583 4632 1
8159 3479 1
6872 1098 1
1662 5703 1
421 487 1
6744 903 1
2844 5878 1
1839 7580 1
8145 6583 1
2951 2758 1
4889 141 1
6558 8070 1
7988 650 1
2635 4576 1
2824 2495 1
6344 4838 1
8066 5955 1
7214 2184 1
7214 757 1
1354 3292 1
1354 2711 1
5958 3169 1
1119 6179 1
3697 7268 1
6208 5379 1
7845 8136 1
1345 3117 1
6975 3117 1
7660 7732 1
6782 6424 1
55 2656 1
3302 2026 1
6494 5123 1
4012 5447 1
7936 6446 1
1598 6929 1
4069 6815 1
8034 4958 1
3253 2318 1
7879 3146 1
1202 3356 1
4841 7468 1
616 5442 1
2865 1078 1
3114 3559 1
3339 7625 1
1255 1431 1
3607 552 1
7472 8 1
8195 2145 1
6944 4735 1
1070 7107 1
7710 3028 1
4886 4970 1
3945 1655 1
5855 2633 1
6988 3052 1
2900 1286 1
6749 137 1
1014 6896 1
5810 6896 1
2571 4059 1
1113 1808 1
5269 6603 1
5883 3285 1
2343 7858 1
6180 3525 1
3803 5781 1
3774 1019 1
2308 6120 1
4843 4057 1
6897 5187 1
4530 3447 1
1472 7461 1
147 3942 1
3357 2239 1
280 5698 1
7903 7258 1
2229 2471 1
6733 6535 1
2851 5874 1
760 7990 1
4507 5897 1
5228 1451 1
5228 1933 1
4441 6488 1
638 4497 1
3854 2015 1
8281 44 1
8281 4797 1
4551 3589 1
3581 1428 1
4756 3361 1
1597 6370 1
2770 3118 1
267 4231 1
7100 4701 1
4861 7494 1
5895 4738 1
2265 1686 1
4289 7890 1
4084 4854 1
2544 4982 1
4035 5630 1
6899 5063 1
746 1973 1
25 7142 1
6710 5822 1
3329 8048 1
3329 4028 1
6041 5000 1
6722 640 1
6722 7847 1
1525 4432 1
82 7185 1
2199 532 1
6817 1289 1
674 1644 1
6847 1372 1
858 2162 1
3734 6395 1
2481 3560 1
1306 3441 1
1699 414 1
190 5930 1
239 4429 1
2301 3204 1
6935 6703 1
6935 1201 1
816 5423 1
816 2998 1
7643 7873 1
6229 4027 1
4387 7089 1
2249 4494 1
1086 2611 1
2903 6644 1
4963 216 1
853 1392 1
4675 2489 1
5559 7050 1
2360 7925 1
617 8191 1
4450 2784 1
1970 8106 1
4927 2821 1
2331 6315 1
4707 4657 1
2153 1442 1
2153 7057 1
5193 5615 1
5647 7570 1
7010 7570 1
1872 7151 1
1872 3060 1
6681 1095 1
6130 6540 1
1091 1503 1
2682 1762 1
2085 4639 1
7017 5322 1
4086 4594 1
4653 4161 1
1109 2677 1
6102 1984 1
2325 2842 1
2325 556 1
7081 478 1
4392 1176 1
4197 6033 1
5480 1 1
5296 4388 1
5484 2576 1
6563 5932 1
5301 5896 1
1373 7075 1
2302 6502 1
5759 5260 1
3733 971 1
7790 7369 1
146 5715 1
4239 3765 1
5210 7537 1
3904 7537 1
5194 5141 1
2950 1326 1
3167 500 1
726 500 1
5292 6485 1
7666 1778 1
3915 775 1
4887 5871 1
1186 2139 1
6154 3825 1
3552 6846 1
1659 6090 1
2400 3946 1
7561 7605 1
2956 4154 1
4238 749 1
2536 1307 1
4384 6335 1
1092 8275 1
2728 6665 1
459 6268 1
380 3840 1
2836 2762 1
4492 2873 1
1803 6573 1
5561 7206 1
6372 5604 1
8041 6719 1
7779 7735 1
3986 5475 1
5016 5010 1
3632 1167 1
4584 355 1
108 2673 1
6500 888 1
2881 2405 1
2881 6518 1
2399 3584 1
2250 4705 1
7515 3450 1
5097 8108 1
5807 3565 1
7131 7769 1
1695 4814 1
8148 5066 1
4221 7453 1
665 2171 1
4439 7927 1
7201 1975 1
7916 610 1
1824 3648 1
1792 317 1
111 6819 1
5584 8002 1
1197 2401 1
6029 1230 1
5806 1477 1
7227 4431 1
1303 3611 1
1588 312 1
2424 5595 1
587 3770 1
8249 7209 1
5240 2985 1
4428 466 1
3307 677 1
7122 5005 1
2480 2674 1
4125 4055 1
6652 3724 1
635 5093 1
4872 4689 1
5515 4869 1
8039 1694 1
7011 3128 1
3410 1297 1
3762 4214 1
6227 1739 1
7266 2946 1
7390 3548 1
7951 3548 1
4877 4339 1
5614 4148 1
4564 3467 1
4187 2339 1
4505 6463 1
494 3626 1
4061 2965 1
7581 5983 1
7466 8010 1
3346 158 1
5348 5138 1
2754 5370 1
1563 334 1
1563 3910 1
6874 8058 1
2013 3209 1
1532 7282 1
3520 3045 1
6682 299 1
8093 388 1
7019 6596 1
7130 3026 1
1758 6569 1
2942 3576 1
4269 7124 1
5404 6820 1
3097 2980 1
2379 704 1
7287 2315 1
5597 721 1
2208 5154 1
2693 2915 1
2060 3853 1
2246 1937 1
7812 6275 1
2776 2375 1
4021 4908 1
5107 6046 1
315 3279 1
327 6568 1
2862 3147 1
1211 2245 1
1207 964 1
182 5446 1
2922 728 1
2922 3574 1
4459 1545 1
2292 2431 1
5909 2719 1
918 6468 1
5924 4371 1
1492 5032 1
2581 3662 1
2992 4999 1
7041 104 1
1432 2849 1
4618 8078 1
2363 1927 1
1641 2172 1
2411 1856 1
3225 2128 1
7342 4132 1
5727 944 1
2364 7035 1
452 495 1
4913 8264 1
2175 2643 1
7621 3998 1
1673 6319 1
5367 2786 1
6362 3370 1
5905 6408 1
782 2472 1
2020 8222 1
8258 6241 1
1971 3400 1
5607 2149 1
4360 6476 1
2969 1966 1
8128 4370 1
5295 2804 1
6068 7197 1
1393 3265 1
5401 881 1
3182 5629 1
1837 6611 1
221 573 1
6599 1300 1
5547 4362 1
5346 561 1
4049 5139 1
4014 4122 1
5190 6373 1
7470 5009 1
4540 6200 1
3670 6350 1
2484 8243 1
2278 1943 1
4903 7742 1
7915 768 1
1508 807 1
1339 2332 1
7997 4312 1
7501 6567 1
1978 2216 1
4436 6867 1
6921 3415 1
7862 2556 1
4640 5952 1
6545 796 1
2845 5832 1
4667 4757 1
8003 5837 1
7002 3550 1
3354 6129 1
5916 7213 1
762 4158 1
5619 1859 1
921 1436 1
4749 723 1
5570 3516 1
4644 879 1
1280 2517 1
1938 3156 1
3032 4 1
3101 7158 1
2591 6824 1
4066 6096 1
6648 130 1
1745 7549 1
5979 4971 1
1871 1805 1
2034 7884 1
4650 5274 1
5772 3873 1
3526 5198 1
2056 5266 1
93 3599 1
6082 6426 1
3919 2829 1
2071 7280 1
343 5798 1
5441 3472 1
7780 6171 1
1389 945 1
250 1661 1
5501 2051 1
6211 854 1
5846 1374 1
7404 2270 1
6126 7690 1
1128 4687 1
601 6866 1
6693 1127 1
6862 3418 1
6909 6039 1
8156 3605 1
5003 1056 1
2936 8280 1
4779 8280 1
1942 690 1
2390 6001 1
6174 260 1
3408 4474 1
1968 4060 1
1173 7977 1
4955 6251 1
6131 1677 1
2809 7658 1
2839 2476 1
3175 474 1
2236 4626 1
3095 4270 1
4560 758 1
3931 605 1
3527 4664 1
1251 4839 1
1414 6052 1
2329 4413 1
1764 4168 1
4480 1102 1
7567 8163 1
4062 1447 1
372 3478 1
2194 8130 1
4776 4400 1
7354 7892 1
6881 3331 1
3981 4332 1
2603 7373 1
6403 4622 1
3343 5034 1
4075 3367 1
3497 2730 1
3795 6148 1
1368 3429 1
4041 1766 1
2519 4840 1
1866 2645 1
3283 3902 1
6318 6602 1
3713 5354 1
901 6081 1
7893 6508 1
7919 4241 1
8064 4205 1
2924 5117 1
4145 7589 1
7668 1105 1
7534 5701 1
4865 301 1
3627 2503 1
4914 4519 1
5993 7224 1
8266 5975 1
6525 4178 1
2283 353 1
3973 1905 1
4285 7281 1
2482 2475 1
3207 2803 1
8124 1982 1
1413 5150 1
884 7676 1
3814 399 1
4165 342 1
3959 1996 1
6382 503 1
5450 7149 1
5042 6598 1
