798 1337 1
3034 2850 1
3 3464 1
3697 922 1
3615 4376 1
3615 3938 1
3414 4933 1
3414 4546 1
3414 203 1
4315 2752 1
4315 3851 1
2381 2478 1
4918 3743 1
4918 3114 1
2204 4482 1
766 3794 1
3184 1555 1
1051 1654 1
3665 1304 1
1010 1071 1
1010 4135 1
288 2417 1
976 1944 1
976 3988 1
4433 2870 1
4433 1012 1
4433 4704 1
2873 2547 1
1417 2510 1
4442 4926 1
4078 2501 1
2348 1612 1
3656 3860 1
95 4232 1
4533 1990 1
4533 2168 1
4533 3315 1
4533 1398 1
4533 3273 1
4533 737 1
4533 1753 1
4533 2133 1
4533 1154 1
327 4184 1
1647 4588 1
1647 4204 1
746 3299 1
1500 4850 1
670 1186 1
670 870 1
670 522 1
670 2061 1
4125 716 1
4125 3844 1
4125 4848 1
4125 1856 1
4125 4484 1
4125 808 1
4125 4783 1
4125 4544 1
4125 4540 1
4892 2200 1
4438 905 1
1670 505 1
2006 3252 1
596 485 1
975 2073 1
975 1394 1
975 1819 1
996 3825 1
996 3279 1
996 3603 1
996 4663 1
996 2161 1
996 1136 1
996 2445 1
996 3213 1
996 4176 1
2938 4334 1
1893 4345 1
1893 4863 1
543 2476 1
543 1779 1
543 3765 1
543 4655 1
543 4624 1
543 2819 1
3937 3764 1
3937 4182 1
4911 3521 1
3663 93 1
3894 4048 1
4456 2079 1
3884 3317 1
2944 1282 1
473 4369 1
473 1147 1
473 1333 1
473 2129 1
473 1064 1
473 1175 1
473 1811 1
473 2948 1
3342 1244 1
3195 1406 1
3195 3559 1
3195 1088 1
3195 2780 1
3195 2979 1
3195 4651 1
4288 4765 1
2789 2162 1
2789 480 1
4635 1537 1
4635 2040 1
4635 3482 1
2822 1074 1
1384 916 1
1384 3941 1
2325 4503 1
2325 2602 1
4483 313 1
2945 201 1
1874 551 1
1874 243 1
2781 4150 1
993 3905 1
630 2303 1
945 4231 1
945 1684 1
945 2633 1
945 2415 1
2650 2432 1
3992 2671 1
3992 4826 1
3992 2337 1
3992 585 1
3992 152 1
3992 4556 1
3992 4312 1
3992 2858 1
1999 2220 1
1075 4216 1
4640 4496 1
4640 1698 1
4645 3333 1
3666 3641 1
3666 4260 1
23 2990 1
1945 4713 1
1945 4562 1
1945 1832 1
1945 2124 1
999 4154 1
999 721 1
999 226 1
669 1229 1
4834 1369 1
4834 4005 1
4834 4728 1
4834 1014 1
3762 1940 1
3762 2812 1
3933 2679 1
351 752 1
351 4589 1
351 4681 1
351 2876 1
351 1855 1
351 3322 1
351 1189 1
351 1823 1
351 4601 1
2347 3340 1
2748 4827 1
2748 2462 1
29 2157 1
456 2057 1
232 1497 1
3797 4930 1
3797 2949 1
3797 2675 1
3797 3430 1
4301 148 1
4301 2150 1
4301 3972 1
4301 1451 1
4301 921 1
4301 3061 1
4301 4808 1
4301 2146 1
4301 1806 1
4301 4693 1
4301 789 1
4301 33 1
4301 1812 1
4301 2048 1
4301 912 1
4301 166 1
4402 2273 1
4402 2012 1
1261 1533 1
2182 4814 1
1532 177 1
3122 4871 1
1882 3444 1
1882 1786 1
285 1227 1
1006 3002 1
1338 3920 1
4698 2826 1
4698 275 1
4698 815 1
2363 4320 1
2363 4049 1
2363 3793 1
2363 3261 1
2363 755 1
2374 1868 1
2374 834 1
4387 4244 1
2294 1361 1
2174 2885 1
2174 3785 1
2174 1086 1
4451 2703 1
4198 1769 1
2011 1587 1
148 4328 1
148 973 1
148 173 1
148 4882 1
148 4212 1
129 3216 1
129 1101 1
129 941 1
129 1985 1
4089 875 1
4373 4618 1
1462 199 1
2172 887 1
398 1412 1
398 1144 1
4908 925 1
4908 1732 1
4905 2733 1
2503 1155 1
4050 1756 1
4050 818 1
4050 3707 1
2843 3999 1
2724 1787 1
496 2984 1
496 4727 1
496 1162 1
496 2882 1
2710 1349 1
985 1486 1
1586 642 1
4612 4242 1
4612 3531 1
4612 3810 1
4612 347 1
4612 4669 1
4612 3939 1
3566 3573 1
3289 1917 1
3289 692 1
3289 4889 1
3289 2312 1
3289 80 1
3289 3105 1
4011 742 1
3012 3924 1
749 1222 1
1453 3760 1
2746 3217 1
4866 2838 1
4866 385 1
2862 293 1
2862 4427 1
2862 3512 1
2862 525 1
2862 3848 1
2862 4711 1
2862 1358 1
2862 3636 1
2862 2229 1
2862 2939 1
4404 4156 1
443 2391 1
443 2690 1
443 2653 1
3259 3662 1
3259 4939 1
4766 4886 1
4766 3616 1
4766 2046 1
4766 4940 1
876 1642 1
876 1364 1
4066 1789 1
4155 4180 1
983 3842 1
3945 2757 1
170 914 1
170 4772 1
170 3925 1
170 2957 1
2081 439 1
2081 3527 1
390 1198 1
390 3581 1
390 4455 1
390 323 1
390 200 1
3283 2725 1
4524 1345 1
2647 378 1
2210 587 1
2334 2065 1
476 263 1
3542 2221 1
1930 4396 1
1930 1725 1
1930 4938 1
1930 188 1
1266 2420 1
1033 2719 1
1033 3446 1
1033 4072 1
1033 2020 1
1033 4934 1
1033 3717 1
1033 2018 1
1166 4259 1
1166 2190 1
3035 833 1
3035 3524 1
3739 3868 1
3739 780 1
3739 2622 1
3739 3773 1
3739 4590 1
2455 4898 1
4151 2315 1
4151 3976 1
4151 2228 1
4151 726 1
4860 1738 1
4860 2762 1
4860 2167 1
955 167 1
955 2013 1
955 209 1
955 3337 1
955 3402 1
955 1980 1
955 219 1
955 360 1
1889 4189 1
3843 704 1
1760 517 1
643 891 1
643 1579 1
3164 2584 1
3164 3138 1
4647 4172 1
4647 2201 1
4647 3053 1
156 2022 1
4724 700 1
2993 3820 1
3351 3718 1
3351 3500 1
3456 4811 1
3456 637 1
3456 1862 1
3683 2477 1
4177 3296 1
4592 1102 1
4592 3148 1
4592 4286 1
4337 2705 1
4337 809 1
4337 3331 1
4337 1125 1
4337 1260 1
4605 2484 1
3932 4760 1
3825 1498 1
3825 286 1
3825 2127 1
3825 405 1
4539 444 1
926 289 1
3046 3180 1
2923 1411 1
2923 588 1
1148 4732 1
1078 1490 1
3295 1359 1
3295 2545 1
3295 3669 1
913 2170 1
261 2463 1
261 2163 1
261 438 1
1274 2846 1
727 2890 1
3968 1493 1
3968 4573 1
3968 626 1
3613 290 1
520 4421 1
3583 3501 1
3423 2334 1
3423 1149 1
1815 4185 1
1815 271 1
2859 1378 1
128 2590 1
1242 3694 1
1050 244 1
3469 2271 1
3983 2304 1
2662 2037 1
4333 1106 1
804 3228 1
804 1129 1
2164 4218 1
539 3081 1
538 3737 1
538 3206 1
538 2871 1
1008 1080 1
667 4914 1
667 545 1
1124 1352 1
4241 4411 1
4241 4397 1
4241 4756 1
4241 1495 1
4241 4340 1
4241 3944 1
1611 4746 1
936 2966 1
2953 1360 1
2271 1567 1
2271 470 1
2271 4086 1
2271 2427 1
2271 1172 1
2271 376 1
2271 3077 1
2271 2597 1
2271 4862 1
1047 1339 1
2285 654 1
4565 1954 1
4248 2104 1
3338 3722 1
3758 4877 1
3758 4342 1
3094 3038 1
3094 1613 1
4571 3819 1
4571 4593 1
4571 1290 1
4571 4342 1
4571 2934 1
3599 1618 1
2475 3698 1
2475 4101 1
2428 309 1
2428 897 1
3794 486 1
3794 3720 1
18 1578 1
624 2390 1
624 1461 1
447 4552 1
447 59 1
3001 457 1
4688 927 1
4688 1404 1
4688 4935 1
4623 1655 1
221 24 1
4396 3192 1
4396 1774 1
4396 4233 1
4396 4283 1
4396 4587 1
4396 2135 1
2740 2631 1
3661 4173 1
3343 3998 1
1894 1197 1
1989 1471 1
4249 2121 1
1972 3451 1
1482 1097 1
1054 753 1
3829 2450 1
3829 1168 1
3829 3390 1
3829 1679 1
3829 3906 1
3829 3492 1
3513 4261 1
812 1875 1
2543 534 1
39 1022 1
179 1592 1
1073 2707 1
1073 1560 1
4083 4310 1
4336 4690 1
1387 4381 1
1387 1814 1
1387 54 1
171 15 1
3880 198 1
3485 4057 1
3485 562 1
3485 839 1
2392 1313 1
4215 1351 1
263 2247 1
263 3774 1
263 1922 1
263 772 1
263 2437 1
1383 2805 1
1383 2734 1
566 89 1
566 3473 1
566 2554 1
566 498 1
566 2644 1
41 1784 1
4287 1506 1
1568 4733 1
1568 4362 1
1568 3017 1
1568 2544 1
1568 1765 1
1508 42 1
1237 2583 1
1138 3256 1
1138 1496 1
1138 3770 1
1138 2509 1
1138 604 1
1138 1892 1
1138 2651 1
1803 651 1
3967 3648 1
383 4136 1
162 2327 1
207 1731 1
387 345 1
2232 1199 1
2698 669 1
3063 907 1
313 1718 1
313 2075 1
313 1580 1
2322 2382 1
4422 2147 1
4321 2925 1
681 719 1
681 479 1
3142 3846 1
3142 4506 1
3142 3030 1
3142 2151 1
3142 2181 1
3142 1763 1
3142 4059 1
3142 1911 1
2595 4762 1
4024 1418 1
4024 2 1
4024 3394 1
4024 4111 1
1131 3784 1
589 3962 1
589 1494 1
4469 119 1
553 2265 1
783 598 1
783 389 1
3336 1201 1
241 4535 1
2214 2821 1
4705 1119 1
1372 2842 1
1372 3931 1
1372 1341 1
1372 3986 1
1372 4137 1
4922 666 1
94 4133 1
3443 4577 1
3443 365 1
3443 1577 1
4225 824 1
2891 3881 1
557 4551 1
1668 90 1
1846 308 1
67 3642 1
67 3154 1
67 1237 1
67 893 1
67 4758 1
67 911 1
67 2968 1
67 3741 1
3288 2338 1
1319 4525 1
1319 3453 1
1319 3522 1
2318 4200 1
4630 4513 1
3224 3958 1
3795 853 1
2645 1300 1
1427 959 1
4074 4030 1
4508 877 1
762 2557 1
239 2901 1
4606 1264 1
2599 2859 1
2599 1050 1
2599 4536 1
2599 3779 1
2599 4197 1
2599 573 1
2599 4372 1
3486 1772 1
1666 3663 1
1666 1608 1
1666 2289 1
1666 4448 1
1666 3649 1
1666 1757 1
906 4099 1
3479 4092 1
3479 1323 1
586 2326 1
586 3320 1
586 4696 1
586 4084 1
586 2530 1
586 694 1
3518 1569 1
3518 1316 1
3518 816 1
3518 4759 1
3518 1897 1
3518 1721 1
1552 1785 1
1590 1210 1
1590 2626 1
1590 3230 1
1590 4800 1
1590 3996 1
1590 1549 1
1590 4382 1
611 2524 1
1158 2211 1
3682 1432 1
3682 4523 1
1495 3990 1
689 3789 1
178 3227 1
4898 4297 1
4898 3146 1
4898 1072 1
4898 4039 1
4898 3257 1
4898 2769 1
3431 609 1
2576 2329 1
510 2669 1
665 4718 1
4778 322 1
1685 352 1
1685 491 1
1206 252 1
2052 1180 1
3113 1674 1
3113 4385 1
3113 2117 1
823 4743 1
823 3384 1
823 363 1
368 1986 1
2721 1595 1
2996 499 1
2771 1060 1
4015 4402 1
4015 2202 1
4015 2412 1
4015 3813 1
4015 1963 1
4015 957 1
4015 1415 1
4015 3751 1
4015 4686 1
4015 1743 1
1967 664 1
940 784 1
940 4289 1
4201 468 1
3209 4558 1
3209 1639 1
382 3876 1
616 4008 1
616 2464 1
616 3891 1
616 664 1
616 2564 1
4488 1429 1
4488 1534 1
321 3919 1
321 3377 1
4466 1076 1
362 2385 1
362 2751 1
362 2816 1
3315 2038 1
3315 458 1
3315 3978 1
3315 4378 1
3315 3640 1
3226 2802 1
3193 3611 1
2258 338 1
2258 2236 1
2258 2792 1
2258 3533 1
2258 1230 1
2258 3833 1
2258 1758 1
2258 1094 1
2258 1834 1
2258 3693 1
3931 805 1
3931 1454 1
4161 3367 1
2187 3465 1
2187 3013 1
2187 4868 1
2187 509 1
1671 2109 1
4641 1483 1
1353 2711 1
4690 1631 1
3977 3297 1
3977 3044 1
4554 1826 1
4554 1864 1
2246 2911 1
3775 3088 1
3775 1779 1
3775 3293 1
3775 1370 1
3775 1058 1
3775 2983 1
3775 2819 1
3325 3780 1
3325 3837 1
3325 1928 1
3325 2188 1
3325 4676 1
3280 811 1
2585 3889 1
2585 3883 1
2585 3618 1
2585 1371 1
2585 3865 1
3804 2313 1
3804 3006 1
3804 1139 1
3804 2621 1
3804 1489 1
3804 2910 1
3804 3124 1
3804 488 1
1467 4870 1
4060 1605 1
4060 2844 1
4060 2206 1
2915 4923 1
1886 3403 1
3245 4557 1
331 4495 1
331 4472 1
331 2577 1
4458 1780 1
2466 3171 1
4569 3090 1
408 842 1
4742 1838 1
4742 1665 1
4742 1108 1
4742 2879 1
4742 583 1
3735 2429 1
3581 1111 1
3048 4434 1
3003 3314 1
1159 3488 1
954 1574 1
954 253 1
954 3382 1
954 1771 1
954 4941 1
1821 3026 1
1821 4614 1
4061 2177 1
3728 4584 1
4532 552 1
4532 728 1
2212 220 1
4437 3441 1
4437 2468 1
4437 3137 1
4437 22 1
3248 254 1
2464 3830 1
2464 2297 1
2464 603 1
2464 4110 1
2464 2907 1
2464 570 1
290 2782 1
4720 4533 1
4720 3142 1
4720 1178 1
4720 4578 1
4720 3020 1
4720 1200 1
4240 3381 1
4388 296 1
4388 3055 1
4388 4798 1
4388 3165 1
4388 4203 1
4388 2032 1
4388 3311 1
4388 3632 1
4388 328 1
3553 3729 1
84 2604 1
4200 4635 1
4200 3739 1
4200 4305 1
4200 4818 1
4200 2729 1
4200 827 1
4200 3979 1
4200 773 1
4200 2384 1
4200 3437 1
4200 492 1
4200 2533 1
260 3432 1
903 3597 1
2217 4430 1
2991 265 1
3368 4433 1
1479 3484 1
1844 1409 1
1844 1643 1
1844 3209 1
1844 2365 1
1844 2518 1
1844 2364 1
1844 872 1
1844 4035 1
1844 688 1
2601 2482 1
3084 963 1
3084 4574 1
3084 4115 1
82 3244 1
2339 2722 1
4909 3968 1
2190 4016 1
2190 1153 1
2190 3204 1
4269 3957 1
4767 3854 1
3459 4238 1
3459 2927 1
134 153 1
4795 2004 1
2029 1932 1
4440 1376 1
3092 2999 1
1098 4467 1
274 474 1
4719 2724 1
4428 2760 1
3570 2113 1
3570 1023 1
3570 4944 1
3570 3383 1
3570 1599 1
3570 1063 1
3570 881 1
3570 3875 1
3570 936 1
3570 4870 1
3570 5 1
3570 4662 1
3570 3921 1
3570 62 1
3570 2967 1
3570 2928 1
3570 1203 1
3570 4031 1
3570 2793 1
3570 40 1
3570 3584 1
3570 1297 1
3570 861 1
3570 4149 1
3570 85 1
3570 4518 1
3570 32 1
3570 4007 1
3570 1805 1
3570 3803 1
3570 2524 1
3570 3841 1
3570 4643 1
3570 4274 1
3570 3198 1
3570 524 1
3570 2207 1
3570 2504 1
3570 2323 1
4492 529 1
4277 4623 1
4277 3643 1
4277 1068 1
4277 4840 1
4277 4764 1
4277 3740 1
4277 2629 1
4277 3398 1
4277 977 1
1433 4809 1
2928 4648 1
2928 3858 1
2928 1788 1
2928 725 1
2928 490 1
68 2958 1
4157 1077 1
4157 2823 1
3534 2693 1
60 4583 1
3457 2661 1
144 566 1
4714 3300 1
2521 1637 1
2521 4757 1
2521 3885 1
2521 4858 1
2521 4047 1
2521 2798 1
2623 1103 1
2623 2401 1
2623 3622 1
2623 1123 1
2448 1616 1
880 2047 1
880 690 1
880 2287 1
3420 427 1
1032 425 1
744 1001 1
3007 3558 1
91 2924 1
91 2401 1
91 4354 1
2896 519 1
2896 256 1
2896 1516 1
2896 2776 1
2896 3260 1
2896 3156 1
2896 1042 1
2896 4041 1
2896 2054 1
2896 2559 1
4942 1259 1
250 4559 1
250 3602 1
250 4347 1
250 1507 1
250 3705 1
250 4363 1
2391 1374 1
2373 4642 1
2357 4364 1
4384 4040 1
853 3110 1
3341 4113 1
1656 356 1
1151 3238 1
1151 893 1
1151 2224 1
1151 2652 1
1151 4661 1
1151 2230 1
1151 4758 1
1151 4579 1
1151 1581 1
4721 2245 1
4721 3316 1
4721 2328 1
2850 3043 1
2850 3099 1
2850 1362 1
2850 1510 1
2850 2305 1
1079 4493 1
3987 314 1
617 2343 1
1405 1541 1
1405 52 1
1405 3076 1
1405 400 1
1405 2797 1
2523 3025 1
2523 3888 1
1597 4220 1
1597 4159 1
1597 956 1
3927 469 1
249 1055 1
249 500 1
249 513 1
249 2030 1
249 1683 1
249 2335 1
249 4268 1
249 3657 1
249 4415 1
249 1276 1
4062 1167 1
502 3712 1
2359 802 1
4840 4663 1
2083 3673 1
3482 1481 1
3482 2442 1
3482 3346 1
3482 1105 1
4122 1150 1
4122 4553 1
3544 1623 1
3544 2790 1
3544 961 1
3544 1434 1
3544 3167 1
3544 3421 1
3544 3778 1
3544 1720 1
3282 1115 1
3282 699 1
3282 2599 1
3282 3467 1
3282 1782 1
3282 3892 1
3282 593 1
2865 3538 1
2865 1250 1
2865 2433 1
3650 4064 1
556 3231 1
3781 3413 1
3781 2591 1
3781 1275 1
3781 108 1
3781 4799 1
3781 2080 1
4138 618 1
4425 2686 1
1629 1452 1
40 4725 1
40 1955 1
40 301 1
2044 1996 1
2044 3664 1
2044 840 1
2044 3546 1
2044 222 1
2044 2103 1
2044 1399 1
2044 1937 1
2044 846 1
2908 2010 1
1460 1697 1
1728 2556 1
1381 1491 1
2886 2791 1
1808 1126 1
2244 96 1
2830 4114 1
1658 302 1
1658 250 1
1658 11 1
1658 4731 1
1658 4010 1
1658 3187 1
1658 1195 1
299 1251 1
718 4309 1
106 3916 1
106 1474 1
106 2244 1
106 266 1
106 416 1
3026 1860 1
3026 836 1
3026 493 1
3026 1739 1
3026 4341 1
3026 2353 1
3026 4789 1
3026 3040 1
3026 886 1
3026 3475 1
3026 4884 1
660 1438 1
660 4530 1
660 3210 1
4531 1517 1
4366 1435 1
1682 3824 1
1682 4768 1
1682 4346 1
1682 1281 1
2892 4282 1
2505 2831 1
278 2808 1
1403 1544 1
1403 409 1
825 951 1
964 4793 1
964 4514 1
2568 2985 1
2568 1524 1
1617 647 1
1617 1272 1
1617 4691 1
1617 4819 1
1617 671 1
1617 1848 1
1617 740 1
4650 3971 1
4650 4015 1
4650 408 1
4650 1965 1
4650 1975 1
4650 3281 1
2922 3991 1
2922 205 1
743 1929 1
3651 4597 1
3759 2125 1
3759 2853 1
4665 3829 1
56 3508 1
649 410 1
668 1839 1
2049 3671 1
2148 3633 1
2148 3246 1
2148 76 1
2148 4389 1
3791 1525 1
4460 2218 1
859 3804 1
1835 4598 1
1835 2087 1
1835 1938 1
1835 4779 1
1835 2387 1
1835 2372 1
1835 213 1
1835 1627 1
1835 4090 1
4842 2179 1
1702 2014 1
4646 892 1
1326 4599 1
1650 394 1
1650 4123 1
1650 2963 1
1650 4255 1
1650 417 1
1794 3928 1
1865 2978 1
2119 2723 1
3347 3115 1
2129 3196 1
2129 3557 1
3438 3195 1
3438 4403 1
3438 1775 1
3438 902 1
4784 3249 1
970 1307 1
970 3086 1
970 4545 1
970 4032 1
4468 1024 1
2369 1798 1
1924 3635 1
1395 661 1
3604 3445 1
1619 2618 1
2836 702 1
3100 4170 1
3100 564 1
3100 2227 1
3100 680 1
3100 3218 1
3100 1267 1
3100 4684 1
3100 723 1
3100 792 1
3585 944 1
3585 4457 1
3585 4186 1
3194 1513 1
3194 3476 1
3194 1833 1
3194 3564 1
3194 4617 1
3194 67 1
3194 3301 1
3194 4165 1
3194 4511 1
3194 2512 1
3194 2992 1
3194 3962 1
3194 837 1
3194 3686 1
3194 4915 1
3194 857 1
3194 2486 1
3194 4487 1
3194 307 1
3194 931 1
3194 1312 1
3194 527 1
3194 3895 1
4731 315 1
1257 2692 1
4685 3509 1
3598 873 1
3598 1910 1
2452 3304 1
3073 83 1
3592 1053 1
4010 2426 1
4010 208 1
4010 1385 1
2824 3572 1
2454 821 1
2454 1026 1
2454 2295 1
2454 4580 1
2454 4575 1
2454 27 1
2454 4370 1
3821 1251 1
48 3045 1
48 1204 1
48 187 1
48 4018 1
48 2132 1
48 532 1
48 2409 1
48 454 1
48 4619 1
48 1477 1
2513 3348 1
3514 1747 1
3128 351 1
3128 1833 1
1925 3528 1
3535 3074 1
4365 391 1
4761 4163 1
4761 3062 1
4761 2195 1
4761 3561 1
107 3845 1
478 1425 1
3172 77 1
3278 3466 1
4124 1191 1
1246 1436 1
3940 4785 1
3186 1067 1
1248 4141 1
1248 2320 1
1248 138 1
1248 4504 1
1248 357 1
1248 1090 1
1248 4108 1
1248 1455 1
1248 2430 1
1248 1570 1
109 1692 1
109 2173 1
3915 214 1
3915 2253 1
3915 3468 1
1129 2986 1
1129 2665 1
1129 950 1
1129 1214 1
2607 511 1
4012 3874 1
1299 1003 1
431 3989 1
13 2977 1
2940 3391 1
3101 4158 1
2324 3183 1
3591 3447 1
1575 4695 1
2930 4471 1
3896 1773 1
1430 693 1
1430 4097 1
2994 2027 1
3863 316 1
3863 4206 1
3863 1921 1
3863 1061 1
4498 1074 1
1249 130 1
3057 1802 1
2487 255 1
2487 3934 1
2487 2232 1
2487 2891 1
2487 3859 1
2487 586 1
2487 608 1
2487 3143 1
2487 4666 1
2487 2116 1
2487 4752 1
4316 929 1
4193 17 1
4193 1265 1
4193 2358 1
4193 1606 1
4193 2298 1
4193 3418 1
2974 2972 1
4670 123 1
1730 1181 1
1899 3282 1
1899 3612 1
3085 2278 1
3085 3495 1
3085 4256 1
3085 2137 1
3085 2279 1
3085 711 1
3085 2691 1
1043 4867 1
843 4227 1
843 1724 1
3009 4253 1
1737 2717 1
2438 1690 1
2438 4139 1
2438 1707 1
1527 1776 1
3199 937 1
3199 2754 1
3199 1992 1
3199 847 1
3199 1987 1
3199 683 1
3199 2555 1
3199 3658 1
4127 2076 1
4245 1693 1
571 110 1
4064 3835 1
3151 2245 1
4770 1407 1
4770 4257 1
4770 1410 1
4770 259 1
635 105 1
3815 3975 1
3815 139 1
3815 1330 1
3815 489 1
3176 2678 1
20 4429 1
20 2804 1
20 3433 1
20 97 1
4932 2143 1
4932 3536 1
4932 1797 1
4932 2422 1
4932 4600 1
4932 3021 1
1688 3285 1
2102 3082 1
3953 2612 1
3187 4464 1
3187 4754 1
3187 1672 1
3187 361 1
3056 399 1
1334 1809 1
1790 2233 1
1472 2773 1
1472 572 1
1416 4547 1
1313 2758 1
1313 3537 1
1313 3716 1
1313 580 1
1313 1447 1
1313 3234 1
4110 3305 1
4199 2274 1
4199 878 1
4199 539 1
4199 1437 1
4199 1212 1
4199 287 1
4199 1895 1
4199 1766 1
4199 3344 1
4199 1350 1
806 14 1
3271 3588 1
3271 3926 1
3388 3264 1
3427 1288 1
2165 2490 1
4266 3181 1
988 1664 1
1733 86 1
1149 1539 1
1149 4263 1
1149 3742 1
1149 1268 1
1149 3676 1
1149 909 1
1149 3775 1
1149 1335 1
1149 2845 1
1149 4499 1
1149 1677 1
1149 1408 1
1149 1235 1
1149 2877 1
1149 2215 1
1149 4561 1
1149 2912 1
1149 3614 1
1149 1018 1
1149 2055 1
3670 2105 1
3267 3518 1
3267 3689 1
3123 202 1
4033 1988 1
3686 4787 1
3686 1624 1
3686 4300 1
1719 4802 1
3411 3294 1
3800 210 1
2145 63 1
4636 2076 1
4636 654 1
4636 1987 1
3667 223 1
3667 1745 1
3667 3772 1
3667 895 1
3667 1005 1
3667 3763 1
3667 4017 1
3667 3507 1
3667 1884 1
782 3490 1
4572 3127 1
4572 662 1
3212 4412 1
2146 775 1
3826 432 1
3200 613 1
1270 1025 1
1270 1450 1
4081 2931 1
2213 984 1
2213 359 1
4140 788 1
4140 1402 1
4140 1324 1
4140 3370 1
4140 1045 1
1107 4080 1
1107 1778 1
58 1377 1
58 132 1
676 1521 1
406 224 1
994 3574 1
537 2742 1
4416 822 1
1228 899 1
865 696 1
2479 4526 1
2479 3630 1
3541 3790 1
1090 631 1
4192 1124 1
857 4164 1
857 1831 1
857 1294 1
857 697 1
857 4441 1
154 2857 1
919 4576 1
3719 2694 1
4831 1306 1
3578 1480 1
1428 3416 1
1428 124 1
1428 888 1
1428 3828 1
769 2997 1
1478 2536 1
1876 1511 1
1876 1283 1
3727 2593 1
3378 2069 1
415 2654 1
2641 4348 1
155 2537 1
4869 453 1
4409 686 1
3864 3395 1
1220 4202 1
962 2718 1
962 1030 1
2183 1021 1
4607 2534 1
1109 4349 1
3668 4775 1
2361 3141 1
2361 1638 1
2361 4077 1
2361 4359 1
2361 1112 1
1458 2494 1
1458 2431 1
1458 4828 1
1458 2980 1
1458 958 1
1458 2550 1
1458 3956 1
901 262 1
4239 1492 1
4239 1973 1
1840 3856 1
2920 3456 1
2920 681 1
2920 25 1
2920 2909 1
2920 3543 1
3109 3262 1
4865 4401 1
4602 4144 1
4236 4095 1
4236 1465 1
4236 3752 1
4652 3004 1
169 4229 1
169 1159 1
169 2523 1
169 1593 1
169 3328 1
169 2435 1
3949 4722 1
1363 2806 1
849 3912 1
849 3352 1
3773 1694 1
1518 1233 1
1518 4272 1
2861 171 1
2861 768 1
2861 2122 1
709 1966 1
317 1923 1
317 35 1
369 4626 1
369 1742 1
4408 4438 1
4408 2899 1
4408 3832 1
4408 1734 1
4408 3815 1
4408 1052 1
4408 4615 1
4408 4502 1
4408 4570 1
4408 4616 1
4408 4805 1
4408 4262 1
4627 4794 1
4627 4424 1
4627 3646 1
4627 346 1
4627 3545 1
4627 851 1
4627 793 1
4627 3166 1
4627 1853 1
4627 1522 1
4627 2646 1
1691 3767 1
4579 1295 1
227 4278 1
4205 2340 1
4001 1958 1
4001 3454 1
4001 1262 1
4001 1950 1
4001 4519 1
4001 3158 1
4001 2311 1
4001 2376 1
4001 535 1
1898 3479 1
1898 4211 1
1898 1536 1
1898 1223 1
3617 373 1
3455 3695 1
1956 2241 1
4666 3913 1
4666 206 1
4666 2015 1
4666 512 1
1325 4051 1
1052 871 1
1052 4832 1
1052 4774 1
2616 3159 1
2616 1296 1
2616 4431 1
3327 64 1
2815 1122 1
2003 1163 1
2003 4822 1
2003 204 1
2003 2571 1
3033 1271 1
2387 145 1
2387 1880 1
2387 6 1
2387 2155 1
2961 3125 1
4581 942 1
4581 3877 1
2762 3277 1
2762 2987 1
4327 2851 1
4327 3000 1
4327 1777 1
4327 1582 1
4327 2414 1
4552 3253 1
4552 1644 1
4552 183 1
319 900 1
706 2581 1
638 3201 1
638 2480 1
638 698 1
638 2077 1
4522 3782 1
4522 2866 1
4522 2794 1
2106 4783 1
2106 4324 1
411 2579 1
3612 4612 1
3612 3164 1
3612 2601 1
3612 1914 1
3612 3306 1
3612 4810 1
3612 3286 1
3612 3318 1
2596 1182 1
2596 1845 1
16 1332 1
1099 4762 1
3907 4671 1
1273 2695 1
2346 844 1
3133 1767 1
3678 987 1
3678 869 1
3064 826 1
353 3861 1
2810 686 1
2657 1913 1
122 1431 1
1772 2470 1
1772 568 1
1772 181 1
1772 4400 1
1772 2308 1
1772 1951 1
1772 467 1
1772 4594 1
2832 3644 1
2832 380 1
2832 386 1
2832 2950 1
2832 632 1
2932 442 1
2932 3104 1
2932 4788 1
2932 158 1
3959 2737 1
3959 2684 1
2341 1818 1
4227 2753 1
4227 1550 1
4227 4895 1
2565 1113 1
4673 4701 1
1027 4620 1
504 367 1
990 36 1
990 2259 1
4100 2270 1
1750 1661 1
1750 3091 1
1750 4308 1
1750 970 1
1750 3471 1
1750 2446 1
1750 835 1
1750 3917 1
1750 1419 1
51 264 1
3679 377 1
3811 1572 1
2158 2292 1
445 675 1
2086 4217 1
1343 2139 1
1343 2813 1
693 3232 1
1563 729 1
1563 4145 1
1563 2039 1
1563 4254 1
1563 3268 1
1563 813 1
1563 3873 1
1563 1390 1
1442 4672 1
1442 4106 1
1442 3376 1
2219 778 1
2894 3867 1
4098 1933 1
1920 4485 1
764 1208 1
4519 3168 1
182 1132 1
182 810 1
182 318 1
182 4723 1
860 2732 1
2090 949 1
683 31 1
683 2418 1
683 2913 1
683 1176 1
683 684 1
683 2627 1
1185 2283 1
3095 1625 1
3095 37 1
3095 4516 1
3095 2570 1
3095 2393 1
3095 953 1
3095 4358 1
3095 2528 1
142 915 1
4730 4314 1
4111 3562 1
4111 2495 1
1714 3929 1
339 1680 1
339 3308 1
4194 1127 1
2144 2465 1
2144 1744 1
730 574 1
4903 966 1
4903 3746 1
2795 4075 1
1311 2066 1
541 3265 1
4360 2043 1
4563 3429 1
3576 2388 1
3576 3496 1
3576 3235 1
4304 2321 1
1795 2499 1
1795 3027 1
1795 4332 1
1795 2457 1
1795 1641 1
1795 3240 1
2296 3749 1
1593 3345 1
1593 3111 1
1593 4465 1
1593 3580 1
1593 1799 1
1065 672 1
3102 720 1
3102 3032 1
2660 395 1
2660 2180 1
1218 673 1
3625 2921 1
2699 515 1
4267 2026 1
645 2067 1
3352 2142 1
3352 2033 1
3352 4023 1
3352 2050 1
3352 4815 1
3352 3412 1
3352 4034 1
3352 1695 1
3352 403 1
3352 4637 1
3352 2301 1
3352 3106 1
3352 2042 1
3352 3371 1
3352 2681 1
3352 4236 1
3352 1284 1
3352 2380 1
3352 3102 1
3352 1900 1
3352 1901 1
3352 1873 1
3352 2314 1
3352 3373 1
3352 2330 1
2552 4390 1
2552 1245 1
2552 4462 1
2552 3188 1
2552 2260 1
2552 121 1
2552 3052 1
2552 2902 1
4046 2535 1
4046 1236 1
4046 2280 1
4046 3595 1
4046 2235 1
4046 4105 1
4046 4859 1
4046 3954 1
4046 4769 1
4046 3783 1
852 2237 1
3527 503 1
3527 4849 1
3527 4056 1
3527 3452 1
3527 238 1
3527 1466 1
3527 3862 1
3527 87 1
1365 4423 1
159 1620 1
2446 501 1
2446 960 1
4473 3339 1
4473 1033 1
4473 4299 1
4473 979 1
4473 1729 1
4473 3652 1
4473 2488 1
4473 1140 1
3606 4535 1
789 2965 1
4541 118 1
1706 1145 1
920 1040 1
2546 1628 1
1379 4290 1
3855 1444 1
215 2903 1
4816 225 1
460 2395 1
9 3969 1
9 980 1
2203 1857 1
1146 3334 1
1146 388 1
1146 3302 1
1146 172 1
1146 164 1
333 3425 1
333 2586 1
333 4921 1
3031 3896 1
4763 4116 1
1205 1305 1
115 1366 1
1421 2394 1
1421 3801 1
1421 1976 1
1421 584 1
1421 3872 1
1421 2216 1
750 3847 1
750 4410 1
750 3519 1
3502 494 1
3502 336 1
1883 4517 1
3726 1726 1
2139 3504 1
2954 4270 1
1501 1828 1
2062 1321 1
4527 3985 1
1696 874 1
1696 4682 1
1280 459 1
3703 2056 1
1588 4076 1
4187 3914 1
1137 3909 1
4070 2451 1
4070 779 1
2234 3169 1
4168 4031 1
695 1190 1
2603 2672 1
4755 1673 1
4755 679 1
4755 1535 1
4755 1844 1
4755 2553 1
4755 4450 1
4755 413 1
4755 4891 1
4755 1141 1
4755 2063 1
4755 4652 1
4755 324 1
4755 2286 1
4755 4226 1
3065 2833 1
340 2788 1
1309 1686 1
1223 4488 1
1223 1240 1
1223 760 1
1223 2755 1
1223 724 1
1223 3241 1
323 536 1
323 4355 1
4494 3310 1
4271 1085 1
2036 1017 1
2036 257 1
3136 472 1
157 4473 1
948 402 1
1602 4830 1
2716 3796 1
2716 1187 1
4295 832 1
4493 2282 1
4493 1931 1
4493 4677 1
4493 4093 1
4493 3747 1
4493 710 1
4493 615 1
4493 2240 1
4493 2863 1
4493 1056 1
4493 3422 1
3440 3028 1
835 971 1
3736 4337 1
481 462 1
867 320 1
867 2706 1
4734 4388 1
2031 2331 1
2031 597 1
2031 4386 1
2031 1649 1
2160 2708 1
2160 948 1
191 143 1
191 4611 1
191 2777 1
191 251 1
191 989 1
191 1104 1
191 3170 1
191 1836 1
191 175 1
191 448 1
191 3409 1
3942 1177 1
1604 4781 1
1526 182 1
2588 2469 1
2588 3620 1
2588 1028 1
2588 2028 1
2588 2421 1
2588 2306 1
2588 2893 1
2588 2933 1
2588 1653 1
2588 2606 1
2588 4836 1
2588 2371 1
2588 3935 1
1687 150 1
2766 2865 1
829 3474 1
829 3608 1
829 2817 1
3396 267 1
3396 523 1
2460 1916 1
965 2541 1
965 1528 1
978 4009 1
2229 1659 1
2229 3674 1
2229 3964 1
2229 3335 1
2229 2025 1
2229 2356 1
2229 1941 1
2229 2511 1
2229 1888 1
1850 2878 1
3619 1781 1
3374 2178 1
4022 2502 1
70 3972 1
1735 652 1
795 3139 1
4459 404 1
4459 2655 1
4459 397 1
1867 1485 1
2386 4584 1
748 4250 1
748 2164 1
1603 3685 1
619 1034 1
112 1400 1
112 1120 1
112 3798 1
112 636 1
3587 4543 1
1530 1800 1
599 4501 1
4291 4119 1
4291 4237 1
4291 1514 1
4291 4361 1
2642 161 1
577 362 1
577 3078 1
2186 2566 1
2186 4674 1
1037 1886 1
1037 106 1
1224 2397 1
1224 781 1
967 2835 1
967 3157 1
967 2880 1
967 1905 1
4890 4918 1
4616 3287 1
4616 3022 1
3355 2406 1
4213 3068 1
4213 4474 1
4213 3560 1
4213 589 1
4213 3701 1
4213 3879 1
4213 866 1
4213 1585 1
4213 1146 1
4213 1896 1
4213 418 1
1816 1046 1
889 4277 1
889 3598 1
889 3510 1
889 4219 1
1317 4068 1
1317 2138 1
4383 4420 1
341 1917 1
2900 2615 1
4489 2319 1
4489 1509 1
4489 1984 1
4489 3173 1
1520 2153 1
2041 659 1
57 1291 1
57 1303 1
735 995 1
735 3364 1
735 4025 1
3730 2712 1
3730 3823 1
3730 1392 1
4087 2726 1
1943 3805 1
4412 2164 1
4412 4449 1
4901 4845 1
4901 1170 1
1310 4534 1
1764 4744 1
3653 3385 1
2745 1589 1
928 1517 1
1207 2761 1
2941 975 1
2941 1663 1
2941 731 1
2941 3326 1
2941 450 1
1812 4118 1
1812 1820 1
1812 2572 1
1812 2222 1
1812 1413 1
1812 1727 1
279 4214 1
279 4221 1
3410 4804 1
71 4188 1
998 3853 1
998 4326 1
998 3890 1
998 2741 1
4399 4490 1
2048 685 1
2048 3886 1
2048 2140 1
935 4705 1
935 4497 1
3103 1909 1
3275 3928 1
2474 4391 1
2474 3174 1
3314 3503 1
3314 2971 1
3314 3960 1
184 3472 1
184 4591 1
4596 4132 1
4596 1445 1
4596 65 1
1847 2506 1
216 890 1
216 2434 1
216 2345 1
216 4042 1
216 4195 1
524 705 1
4094 2881 1
3307 1294 1
3307 3812 1
3158 4585 1
3158 4183 1
3158 4380 1
3424 3414 1
3424 1387 1
3424 2852 1
3424 954 1
3424 2100 1
3424 858 1
3424 4621 1
3424 4521 1
3405 61 1
1388 1859 1
923 1827 1
126 3313 1
3214 732 1
3214 3948 1
3214 2531 1
3214 1708 1
3214 2949 1
3214 2926 1
3214 1609 1
3214 2932 1
3214 1314 1
3214 4929 1
4913 2299 1
3050 216 1
3050 4104 1
4883 3480 1
3596 2021 1
1523 609 1
1523 2396 1
4902 1016 1
3637 920 1
4631 3229 1
794 1448 1
121 3970 1
121 4706 1
1160 3794 1
3332 2389 1
3332 2084 1
3332 2828 1
4339 3144 1
140 518 1
4395 464 1
228 1972 1
228 20 1
228 2779 1
228 4094 1
1576 4658 1
4036 4432 1
811 1640 1
811 423 1
850 3220 1
4350 325 1
4350 1292 1
92 3107 1
92 449 1
3160 1991 1
3786 602 1
2770 1469 1
2770 4664 1
2770 2956 1
2770 1281 1
1142 12 1
3694 2266 1
3694 3219 1
3694 4096 1
1571 2951 1
1975 1960 1
1975 4153 1
1975 1822 1
407 2053 1
4445 4911 1
4445 2438 1
4445 4680 1
4445 2156 1
4445 924 1
4445 2485 1
2598 3688 1
2676 2840 1
2676 2225 1
2676 4079 1
2500 801 1
1587 3748 1
1587 4937 1
3239 160 1
1499 1396 1
3434 297 1
3448 2023 1
1667 2872 1
3654 1546 1
2197 3118 1
4668 3645 1
3952 2548 1
276 4120 1
276 2935 1
276 2436 1
495 355 1
3349 868 1
3349 2730 1
3349 1993 1
3349 2663 1
3349 98 1
3349 1238 1
3349 4292 1
3019 1632 1
3019 3399 1
1193 3994 1
1193 4885 1
4820 744 1
4820 2472 1
3124 348 1
289 2736 1
2471 622 1
2114 366 1
2114 2856 1
1720 582 1
1720 3675 1
2738 3089 1
2738 3930 1
2738 2362 1
2939 1703 1
2939 4582 1
2939 146 1
2680 50 1
1939 1004 1
1939 3721 1
1939 3806 1
3372 2514 1
1059 2673 1
4406 2895 1
4406 910 1
4406 343 1
4406 3680 1
4406 2258 1
4406 1143 1
4406 2829 1
4406 1652 1
4406 1551 1
4406 3269 1
4406 2918 1
4406 2787 1
4406 4043 1
4406 1252 1
4406 3732 1
4406 3147 1
4406 4196 1
2950 4644 1
2950 1426 1
2950 3005 1
2950 2947 1
2950 620 1
2950 2410 1
2950 756 1
2950 424 1
2950 3290 1
2950 563 1
657 3132 1
2312 3375 1
2312 3702 1
2312 4692 1
2312 1994 1
2312 2648 1
1824 4893 1
1824 3243 1
1824 3360 1
1824 1791 1
1824 1287 1
3711 3047 1
3711 1851 1
856 4610 1
554 820 1
1834 3516 1
1834 189 1
1834 174 1
1834 2107 1
1834 2005 1
3658 1926 1
211 2983 1
211 2887 1
3223 249 1
623 627 1
2620 4219 1
1414 4247 1
4945 2377 1
4945 4571 1
4945 1935 1
4945 575 1
4945 3208 1
4945 655 1
4945 2413 1
4945 3093 1
4699 1041 1
2813 4478 1
2813 3506 1
2813 2199 1
2787 4307 1
2787 2281 1
2787 26 1
2787 1416 1
2787 763 1
2787 2250 1
2787 3866 1
2787 4797 1
2189 1081 1
2189 351 1
2189 4712 1
2189 4479 1
2189 4446 1
2189 3497 1
2189 2366 1
2189 66 1
2189 4491 1
2189 1039 1
1020 4082 1
2419 4343 1
1293 4729 1
1293 1285 1
1293 3600 1
1293 4888 1
1293 581 1
1293 264 1
738 4920 1
1783 3768 1
1083 1519 1
3817 546 1
3817 2091 1
3857 1761 1
3857 471 1
3857 4844 1
3857 2293 1
3857 3406 1
3857 43 1
1283 3329 1
1283 3098 1
997 2363 1
997 4592 1
2902 904 1
2902 1277 1
4486 4147 1
3552 1841 1
1913 4029 1
1913 1179 1
1913 4317 1
1913 4747 1
1913 2807 1
4160 2674 1
4649 2034 1
1450 2709 1
1450 2332 1
1450 687 1
1450 799 1
1450 260 1
1450 229 1
1450 1082 1
1450 786 1
1450 3710 1
1450 310 1
1450 2060 1
1450 477 1
1450 986 1
1253 638 1
3982 2864 1
1183 4751 1
1183 4675 1
1183 3980 1
1183 422 1
1183 759 1
1183 4131 1
1183 506 1
2169 4073 1
1386 3761 1
4735 1716 1
1968 879 1
1968 1035 1
4174 3755 1
4174 4273 1
3707 3520 1
4351 2585 1
4351 99 1
1977 3781 1
1977 2897 1
1995 3850 1
2962 4413 1
2962 3426 1
2962 1713 1
4262 1573 1
2702 1547 1
2702 3179 1
1096 149 1
1096 1401 1
1057 3899 1
1057 2231 1
3373 237 1
3373 4065 1
2456 707 1
4130 1031 1
190 4418 1
3917 3666 1
3917 4817 1
3917 1890 1
3917 332 1
3984 3937 1
3984 4883 1
4716 298 1
2489 4872 1
4114 2520 1
3042 3379 1
2344 4178 1
1645 4207 1
1645 644 1
1645 1561 1
1645 107 1
1645 4864 1
1645 2936 1
1583 3610 1
600 2525 1
600 3586 1
600 2208 1
1681 4058 1
4171 1070 1
4171 2847 1
492 3291 1
492 2682 1
492 426 1
492 1604 1
492 212 1
492 3039 1
492 3477 1
492 590 1
4276 1553 1
4276 1813 1
701 3627 1
3551 2683 1
3986 1013 1
4392 4608 1
300 1964 1
3112 3997 1
180 2687 1
2208 419 1
2208 3750 1
2208 1902 1
2208 2453 1
2208 3330 1
2208 3121 1
1391 4924 1
1872 3069 1
4137 1748 1
4137 4258 1
4137 2277 1
4137 3478 1
4137 1558 1
4137 4310 1
4137 796 1
4137 4599 1
4137 3923 1
1858 3901 1
1858 1089 1
2564 2128 1
2564 646 1
2564 2975 1
2564 303 1
2564 3362 1
2564 4264 1
2564 9 1
2564 2336 1
2564 246 1
2564 3470 1
2564 1998 1
2564 3831 1
3950 1011 1
3950 712 1
3950 4107 1
3950 4052 1
3950 3955 1
3950 625 1
4829 830 1
1256 1315 1
1239 1232 1
1195 3684 1
1195 4678 1
1195 1156 1
4280 4586 1
3175 1607 1
3175 4656 1
3175 533 1
384 231 1
2988 2735 1
4837 3070 1
3319 277 1
3319 3733 1
3463 3357 1
3463 1443 1
3463 2193 1
3463 1184 1
3463 3582 1
3463 3393 1
628 4439 1
628 1614 1
2367 3590 1
1885 2635 1
2560 4595 1
2560 2608 1
2175 4807 1
4226 4068 1
4226 4393 1
4226 3369 1
4226 2138 1
281 777 1
281 3839 1
281 3556 1
281 2497 1
281 2264 1
4936 4407 1
4936 2563 1
4936 1801 1
4936 1795 1
4936 1512 1
959 3334 1
959 1678 1
959 2578 1
959 2874 1
959 4019 1
959 4199 1
959 3532 1
959 3131 1
959 1205 1
959 2058 1
959 1164 1
959 4856 1
774 1598 1
2316 168 1
2008 2481 1
1049 2666 1
1049 127 1
569 3358 1
3108 344 1
4625 656 1
2515 2981 1
2515 3624 1
193 785 1
451 4191 1
2522 1942 1
200 2637 1
200 2614 1
200 2352 1
200 558 1
200 2507 1
4786 3963 1
4038 465 1
2561 1487 1
3647 1095 1
2538 4311 1
2115 4700 1
2115 3626 1
2115 521 1
2115 2262 1
1062 2668 1
4899 2124 1
2619 1887 1
3517 3529 1
3272 3589 1
4873 4175 1
4044 4825 1
4044 2072 1
4044 2184 1
4044 4565 1
4044 1515 1
4044 4657 1
4044 2496 1
4044 708 1
4044 1948 1
4044 3807 1
4044 4102 1
2664 4880 1
1957 2643 1
2743 3153 1
3071 280 1
2461 4235 1
102 2483 1
102 441 1
1419 1870 1
1419 4152 1
1419 4659 1
1419 4910 1
1419 1357 1
1419 2937 1
1419 591 1
1419 2998 1
1419 21 1
183 612 1
4357 1130 1
751 3655 1
1301 78 1
4208 2159 1
4027 4405 1
1036 4480 1
535 1254 1
535 2118 1
535 3323 1
535 1382 1
4367 770 1
2444 4322 1
2284 2916 1
2834 2126 1
4223 845 1
3590 1715 1
4594 4169 1
4594 4006 1
185 153 1
4176 2837 1
4176 1380 1
4176 4063 1
4176 165 1
4176 3638 1
771 4843 1
771 335 1
771 854 1
918 2398 1
1157 682 1
1157 2580 1
4195 4801 1
4195 371 1
4195 4689 1
3487 4745 1
3105 565 1
3105 2196 1
466 3731 1
466 2185 1
466 2772 1
4289 4352 1
2533 2089 1
2533 2261 1
2533 2713 1
2533 1969 1
2533 1473 1
2533 841 1
2533 3242 1
2533 3225 1
2533 100 1
2533 3766 1
332 4568 1
332 2624 1
332 1308 1
332 1709 1
4723 1557 1
3251 1903 1
2167 639 1
776 4812 1
4694 667 1
4694 1151 1
4694 2594 1
4533 3776 1
4533 1749 1
996 420 1
996 1344 1
996 2349 1
996 2342 1
996 2176 1
996 4792 1
543 4293 1
543 1997 1
543 542 1
543 2255 1
543 4874 1
543 2354 1
543 4803 1
543 4279 1
543 4887 1
3937 4067 1
2462 196 1
2462 797 1
2462 761 1
2043 135 1
4301 4222 1
2862 3010 1
4151 1161 1
955 3943 1
955 4709 1
2390 3266 1
4241 2317 1
4241 3363 1
4241 3274 1
4241 1740 1
3150 3203 1
3202 1746 1
3202 2551 1
3202 4053 1
3758 2255 1
3758 2399 1
3758 4452 1
3758 4660 1
2475 1318 1
2475 4773 1
2812 3816 1
2812 817 1
4231 2443 1
1568 1891 1
1568 28 1
1568 2111 1
313 1829 1
3142 4325 1
4705 3898 1
4705 291 1
4705 2867 1
2599 2825 1
3518 2288 1
3518 4509 1
1495 946 1
4898 4537 1
4015 4112 1
1643 4550 1
4488 2000 1
362 3079 1
362 435 1
362 3540 1
4742 3869 1
4742 19 1
3820 1152 1
954 4715 1
954 2108 1
2464 421 1
4720 2763 1
4720 1231 1
4200 4302 1
4200 4246 1
3570 4181 1
3570 938 1
3570 4335 1
3570 4634 1
4277 1393 1
4277 2973 1
4277 3601 1
4277 2539 1
4277 2689 1
4277 2166 1
4277 2969 1
4277 3523 1
4277 3799 1
4277 2667 1
4277 4374 1
4277 4129 1
880 2720 1
3420 1342 1
2896 370 1
2896 1470 1
2896 2731 1
250 2516 1
1597 3491 1
3282 147 1
3282 2575 1
3282 2768 1
3282 2767 1
2865 1754 1
2044 1879 1
2044 364 1
3026 1804 1
3026 3312 1
3026 2860 1
4055 4564 1
1835 2625 1
1835 3161 1
4026 3699 1
4026 461 1
4026 1397 1
4026 463 1
970 1258 1
3426 3571 1
3426 1118 1
3426 1630 1
3426 1092 1
3100 4853 1
3100 1915 1
3598 4875 1
48 2194 1
48 436 1
48 1002 1
48 947 1
2230 1565 1
1248 1635 1
1248 2016 1
1248 2059 1
1248 3303 1
1248 1007 1
1248 4947 1
1248 4838 1
1248 2540 1
1248 4821 1
1248 1463 1
1248 2783 1
1248 2051 1
1248 4296 1
1248 864 1
1248 4857 1
1248 4021 1
1248 3993 1
1248 2068 1
1248 3401 1
1248 1633 1
1248 791 1
1248 1278 1
1248 311 1
1248 3834 1
1248 3049 1
2806 1116 1
2438 1952 1
4019 862 1
4932 4639 1
3187 2638 1
377 540 1
377 514 1
377 4896 1
1313 594 1
3686 2070 1
1107 292 1
1876 1110 1
2097 1165 1
2361 1475 1
2361 3882 1
2361 3489 1
2361 381 1
2100 3177 1
2861 1792 1
2861 304 1
2861 1327 1
733 2982 1
733 3096 1
733 3080 1
733 3822 1
733 560 1
733 4925 1
733 3247 1
733 273 1
733 3221 1
733 633 1
733 1133 1
733 4876 1
4627 3233 1
4627 3404 1
4627 3900 1
4627 3554 1
4627 79 1
4627 3547 1
4001 2976 1
4001 3140 1
4001 981 1
3135 137 1
4108 4296 1
4108 1559 1
3612 1981 1
3612 2425 1
3133 3659 1
3064 3878 1
3064 1367 1
1772 497 1
4841 3149 1
1563 192 1
1563 194 1
1563 2952 1
182 677 1
3095 4806 1
4730 2267 1
4111 4813 1
1795 1710 1
3352 1048 1
3352 101 1
3352 2209 1
3352 1215 1
2552 1328 1
3527 4736 1
3527 4463 1
2446 1320 1
2446 125 1
4473 3511 1
4473 1610 1
4473 3871 1
4473 1755 1
4473 4603 1
4473 374 1
920 2223 1
9 2917 1
9 4470 1
9 1978 1
9 2290 1
9 1044 1
9 4004 1
4070 2960 1
4070 3178 1
4070 49 1
4755 1689 1
4755 4703 1
323 4931 1
323 4520 1
4493 3350 1
191 133 1
1399 3908 1
1604 2630 1
2588 2868 1
4291 4776 1
4616 2811 1
889 1087 1
889 1837 1
889 131 1
889 2818 1
1812 952 1
1264 741 1
935 3565 1
935 4126 1
935 81 1
935 1171 1
935 2276 1
935 3011 1
3314 1093 1
3307 4748 1
3307 4609 1
3307 2639 1
3307 434 1
4883 2656 1
121 2002 1
121 4633 1
3332 2955 1
1587 2254 1
3124 3550 1
2939 2088 1
4406 1861 1
2950 882 1
2950 4344 1
2950 3802 1
2950 838 1
1824 3974 1
1824 1877 1
1824 2400 1
1824 3672 1
1824 4906 1
4749 4854 1
4749 3887 1
4749 1736 1
4749 3449 1
4749 2750 1
4749 1542 1
1834 3353 1
211 1476 1
211 3014 1
2813 72 1
2787 3836 1
1450 3450 1
1450 4780 1
1450 1484 1
1450 3744 1
1450 1354 1
1450 1825 1
2962 2120 1
2962 186 1
2962 2402 1
2962 4443 1
2962 3965 1
2962 932 1
2962 2404 1
2962 4028 1
2962 898 1
2962 4708 1
2962 1117 1
2962 4878 1
2962 1878 1
4262 4550 1
4262 3419 1
4262 1562 1
4262 4142 1
4262 4629 1
4137 3404 1
2564 2549 1
959 2248 1
959 1699 1
959 4907 1
959 757 1
959 1457 1
4176 2715 1
4195 1355 1
4195 4398 1
2673 2019 1
3105 1584 1
4723 1234 1
2416 3420 1
2416 2888 1
2416 1193 1
4069 3902 1
1543 804 1
3818 606 1
3713 4114 1
111 3064 1
526 1660 1
1545 2574 1
930 4777 1
930 1657 1
930 848 1
930 3435 1
1247 362 1
1711 4816 1
1807 2898 1
1807 482 1
1807 2149 1
1807 4730 1
1807 46 1
230 1322 1
3973 3145 1
1723 634 1
3687 2360 1
3687 2658 1
3687 3407 1
3629 4481 1
831 1243 1
1662 69 1
2268 4918 1
4338 4683 1
248 2473 1
1174 974 1
1393 1849 1
3567 855 1
2045 350 1
3015 640 1
4861 295 1
1601 2800 1
3723 1810 1
982 3992 1
2649 4753 1
2093 3100 1
136 4613 1
2424 1906 1
4330 3222 1
1368 4892 1
1373 2167 1
2239 415 1
1347 2375 1
1347 2764 1
814 3498 1
4835 2685 1
4790 1217 1
1066 4538 1
1646 745 1
4128 157 1
3936 2727 1
4234 1336 1
3309 2007 1
691 3808 1
691 3439 1
116 2198 1
2130 2552 1
3499 4375 1
3499 3734 1
1752 998 1
2914 2959 1
4377 883 1
2205 7 1
3205 576 1
3904 2884 1
1554 2001 1
1554 4475 1
1554 4560 1
1554 4037 1
2814 908 1
3809 4846 1
3505 3724 1
4121 4679 1
595 4447 1
487 1590 1
487 1685 1
2249 2475 1
2249 2003 1
3827 518 1
4622 4461 1
3191 3194 1
4505 433 1
1759 1658 1
4653 1502 1
4453 4919 1
3126 2889 1
3126 1904 1
1279 242 1
1279 2439 1
1279 3609 1
2875 543 1
440 4632 1
440 2542 1
440 2700 1
3387 2269 1
2532 233 1
2092 4265 1
483 3284 1
3236 3083 1
3870 428 1
528 787 1
4823 3129 1
30 375 1
2333 3690 1
1464 2558 1
312 1650 1
2827 4750 1
3152 3408 1
2440 648 1
3555 2238 1
2171 1106 1
3075 1372 1
4228 2748 1
4228 129 1
4228 4151 1
4228 392 1
4228 406 1
4228 1824 1
1389 3211 1
1389 234 1
4162 1866 1
4162 3569 1
3254 2611 1
2765 4209 1
4243 1654 1
4628 4510 1
3577 4574 1
3577 2942 1
2617 1449 1
1946 1119 1
2154 4406 1
4654 4419 1
4294 4224 1
3321 2310 1
2529 2447 1
592 2361 1
3298 4627 1
3298 2009 1
1626 4190 1
1762 1563 1
3134 614 1
4833 2562 1
2600 2601 1
1717 674 1
1594 1553 1
754 4281 1
2242 4528 1
1422 894 1
2849 268 1
163 217 1
163 2896 1
163 3792 1
163 4667 1
163 2770 1
2252 4045 1
2370 516 1
4444 3903 1
2747 4841 1
2756 4549 1
4548 1617 1
4323 3180 1
2883 3493 1
2883 3852 1
2883 2774 1
3037 2887 1
4394 4702 1
621 2628 1
55 4001 1
3392 4109 1
1919 3700 1
1919 2192 1
1919 2141 1
2573 2809 1
2573 2036 1
2573 3711 1
3525 1961 1
1000 2206 1
329 2124 1
1196 3483 1
1196 3461 1
4796 4071 1
1912 282 1
3981 4088 1
3981 4435 1
1842 934 1
4928 1768 1
4542 2688 1
2906 1669 1
1936 806 1
4085 670 1
4085 2052 1
4085 2454 1
4085 747 1
4555 2408 1
803 4003 1
1121 828 1
104 240 1
4847 2859 1
1015 3095 1
4054 38 1
2784 2300 1
2257 3910 1
2110 4412 1
47 2634 1
939 430 1
2943 955 1
2302 1128 1
2526 3704 1
3548 2696 1
3548 3861 1
3548 2035 1
653 4368 1
4379 283 1
4379 4055 1
4379 4507 1
4710 1705 1
4710 3481 1
3051 4331 1
544 2001 1
2099 2414 1
549 4188 1
1219 991 1
1830 2251 1
2085 3255 1
2467 2487 1
3966 2174 1
1188 1505 1
2493 10 1
4839 4026 1
3189 1982 1
1084 294 1
3634 4303 1
1504 1251 1
4791 547 1
3745 1700 1
2659 4445 1
3639 53 1
2848 2843 1
2848 2044 1
1947 1597 1
2136 663 1
713 1756 1
4687 3116 1
1770 2744 1
1211 2256 1
3911 150 1
4275 3150 1
1971 1346 1
1796 1621 1
2640 3087 1
358 4044 1
1843 4313 1
1226 4454 1
141 4755 1
349 555 1
349 1863 1
349 3182 1
349 4000 1
2134 73 1
1100 2403 1
2759 2786 1
3072 1949 1
245 4301 1
1918 247 1
1918 607 1
1503 4707 1
3024 3708 1
3215 1424 1
1439 3950 1
4737 4436 1
2854 4824 1
561 1852 1
943 3922 1
74 2294 1
3207 98 1
2855 1653 1
1009 2938 1
1440 1962 1
1298 2636 1
1173 3359 1
4904 236 1
968 3516 1
1459 658 1
1069 3133 1
4739 2616 1
3155 3397 1
2405 2078 1
2904 3623 1
1881 2950 1
2704 4912 1
4741 3579 1
3995 3016 1
4306 4604 1
2131 2439 1
3691 4140 1
1979 3135 1
1420 3758 1
3417 559 1
4285 305 1
3660 917 1
1634 197 1
412 176 1
765 330 1
765 548 1
2801 2491 1
2677 1568 1
117 4726 1
2785 1107 1
3709 3307 1
437 4720 1
4697 1269 1
3117 714 1
2226 2291 1
1817 2423 1
1648 2082 1
2970 1248 1
306 354 1
306 4851 1
306 3380 1
269 3717 1
992 2613 1
235 1591 1
3769 1340 1
1286 2383 1
2243 2517 1
722 2567 1
722 1556 1
3442 1531 1
3066 2609 1
3563 4945 1
4515 3162 1
3130 3301 1
3777 414 1
3036 1534 1
2697 4900 1
734 2112 1
567 2610 1
567 4327 1
567 4223 1
1446 4179 1
629 1456 1
629 4529 1
863 2074 1
2946 4638 1
4916 3389 1
3696 4356 1
3787 1598 1
1540 2458 1
807 4392 1
578 1793 1
3458 3510 1
1192 4671 1
393 3356 1
3918 4242 1
4002 2031 1
3549 3570 1
1213 739 1
3292 1741 1
1675 2803 1
4897 4927 1
736 4742 1
3237 1423 1
3067 113 1
1225 2094 1
717 3349 1
3849 3736 1
114 935 1
3946 3840 1
819 2492 1
4230 702 1
1029 284 1
3354 2191 1
3270 1636 1
4251 650 1
3756 964 1
1134 1927 1
678 169 1
3706 88 1
1974 88 1
1255 4083 1
1970 4852 1
1263 401 1
4 75 1
2307 4070 1
452 4469 1
2024 880 1
4166 4236 1
2749 4943 1
2605 4536 1
800 1854 1
2869 4738 1
2739 790 1
1038 3365 1
3029 3575 1
3023 3539 1
758 1216 1
3565 3163 1
3097 1441 1
715 1907 1
4771 103 1
4566 3703 1
1348 3018 1
1488 778 1
3753 601 1
3250 1334 1
2101 1596 1
1375 1596 1
2919 3568 1
2919 1751 1
3631 4735 1
34 3058 1
2411 3593 1
396 4202 1
2670 2589 1
1908 4210 1
1934 4013 1
884 2064 1
2351 1430 1
195 933 1
3361 2871 1
3120 3185 1
605 651 1
372 4046 1
2592 1019 1
507 3041 1
507 1441 1
507 4298 1
2459 1651 1
4946 703 1
2519 1331 1
4477 2527 1
3428 3263 1
1356 2775 1
3677 2098 1
1114 2468 1
1959 1 1
4567 3814 1
379 3594 1
4117 4879 1
484 1688 1
550 258 1
767 2071 1
4417 4414 1
1676 2097 1
3530 3197 1
218 1091 1
2905 2728 1
1722 2962 1
2714 4208 1
1135 120 1
3951 191 1
2929 4091 1
3400 996 1
4426 1302 1
1548 3683 1
530 8 1
3725 211 1
972 151 1
1468 4014 1
2449 3738 1
2017 538 1
3515 2275 1
2799 2582 1
2272 1241 1
2820 896 1
4500 969 1
3692 4167 1
2841 2309 1
1953 270 1
2498 3332 1
1712 3128 1
1329 4353 1
4103 4291 1
3788 4371 1
3715 641 1
2989 3060 1
2632 2368 1
1704 1869 1
4476 3494 1
3757 3771 1
1194 2508 1
2152 1983 1
3008 3607 1
3621 353 1
3059 4512 1
1202 337 1
4329 2037 1
3366 4020 1
2964 210 1
3460 2588 1
2839 1221 1
3754 1221 1
3436 4143 1
3436 610 1
2096 3258 1
885 1615 1
1622 2861 1
1289 1871 1
1566 3714 1
3893 4252 1
2378 4252 1
531 2350 1
3681 1876 1
3838 4782 1
2123 3324 1
3961 2234 1
3276 2778 1
455 1564 1
4894 4749 1
326 1538 1
1701 1835 1
3897 475 1
342 4148 1
3386 1157 1
1529 2095 1
4284 3605 1
2995 4881 1
272 1209 1
2441 2263 1
4318 4917 1
3947 3119 1
4740 4319 1
4717 1035 1
4134 3054 1
3415 446 1
4146 2796 1
508 2569 1
508 2862 1
45 4714 1
4855 733 1
334 1339 1
3462 429 1
1600 1169 1
44 48 1
3526 4932 1
2587 276 1
3190 2355 1
2379 2701 1
3628 2407 1
579 4241 1
