3784 3399 1
1566 3123 1
1446 4635 1
2876 5373 1
3792 2337 1
5001 339 1
5001 3287 1
5001 1684 1
5001 4018 1
5001 4227 1
5001 1687 1
5001 616 1
5001 4569 1
5001 6078 1
5001 4752 1
5001 3925 1
5001 1070 1
5001 2333 1
5001 2082 1
1930 3700 1
5222 3732 1
5222 2253 1
5222 4494 1
5222 4686 1
5222 1422 1
5222 5444 1
2901 5037 1
2901 2131 1
2757 1800 1
511 2839 1
511 4367 1
511 5613 1
511 5777 1
511 2702 1
3109 1742 1
4142 504 1
2941 1723 1
2941 3940 1
2941 508 1
2941 486 1
2941 1218 1
1698 3000 1
341 3904 1
341 853 1
2326 2732 1
2326 2382 1
5206 1291 1
5206 297 1
5206 1266 1
5206 5886 1
5206 1153 1
5206 2815 1
5889 4639 1
5889 6000 1
305 3762 1
305 442 1
305 4611 1
2532 6032 1
3900 4199 1
2058 3753 1
596 483 1
5138 3167 1
5108 5067 1
5108 3930 1
5108 2415 1
5108 3709 1
5108 403 1
5108 3276 1
5108 3642 1
5108 6123 1
5108 2459 1
4108 677 1
6106 2596 1
4813 1154 1
4813 41 1
4813 697 1
4813 5510 1
4813 1199 1
4813 3012 1
4813 5390 1
3457 3557 1
4326 495 1
3193 4759 1
3193 2577 1
3193 1347 1
2995 3725 1
2995 3153 1
2995 2977 1
2995 2009 1
2995 1428 1
2995 4926 1
2995 4061 1
2995 2166 1
2995 3645 1
574 538 1
6318 1688 1
199 3835 1
199 70 1
199 5679 1
199 3308 1
199 565 1
3676 3321 1
3676 4130 1
3676 4355 1
3676 4047 1
3676 3381 1
3676 106 1
3676 6168 1
1864 1926 1
3833 4221 1
3833 5134 1
3833 2235 1
3833 5673 1
3833 54 1
3833 2602 1
3833 575 1
3833 4447 1
3833 5947 1
3833 5949 1
3677 4663 1
3678 4109 1
4574 2770 1
3618 3242 1
3618 791 1
2286 2307 1
2286 2561 1
4869 5043 1
4869 4971 1
4869 3154 1
4869 1938 1
4869 4798 1
4869 1907 1
4869 6279 1
4869 4583 1
4869 606 1
6294 2255 1
6294 5814 1
6294 619 1
6278 2501 1
2270 206 1
2270 68 1
2270 5158 1
2270 3507 1
3475 2512 1
4188 5050 1
5759 458 1
1947 2655 1
1947 4283 1
1947 2803 1
5693 1644 1
4586 2706 1
4586 2799 1
3281 1693 1
5967 5664 1
332 1466 1
221 1504 1
5744 5969 1
4234 4118 1
6012 503 1
4655 4337 1
4655 4198 1
5623 5572 1
4977 2511 1
4977 3747 1
4977 368 1
4977 4929 1
4977 3513 1
4977 5386 1
4977 1093 1
4977 4669 1
4977 3765 1
4977 1485 1
5588 6178 1
5588 1000 1
2882 3924 1
4417 2920 1
654 1036 1
3859 3958 1
3859 6176 1
1075 1402 1
1075 2260 1
1075 863 1
1075 1935 1
517 48 1
517 3107 1
517 3467 1
517 4591 1
517 12 1
517 3854 1
5628 133 1
5628 5105 1
5628 4645 1
5628 5666 1
5628 3656 1
3893 2555 1
4670 1947 1
4670 1278 1
4670 4033 1
4670 5284 1
4670 5467 1
4670 6275 1
4670 2648 1
4499 638 1
1825 6095 1
1825 703 1
1825 2575 1
1825 449 1
1825 3629 1
1825 6102 1
1825 4062 1
1825 578 1
1825 190 1
311 1123 1
311 5475 1
311 5980 1
311 4096 1
311 380 1
311 3404 1
311 5334 1
311 6002 1
311 24 1
311 2589 1
311 6049 1
311 2500 1
1127 5965 1
6093 5308 1
6093 2132 1
4987 3112 1
1523 3941 1
2828 3061 1
2828 3704 1
6241 3523 1
4947 112 1
381 5774 1
2844 423 1
2844 175 1
3477 5489 1
4695 5835 1
3245 3817 1
3245 4412 1
2681 1503 1
865 2020 1
33 6265 1
33 1034 1
4459 341 1
4459 124 1
4459 3570 1
4459 907 1
4459 671 1
4459 916 1
4459 3433 1
4459 5533 1
4459 4324 1
4459 2325 1
4459 4446 1
4459 1417 1
4459 5466 1
4459 805 1
4459 604 1
4459 55 1
4459 3344 1
4459 2339 1
4459 3442 1
4459 3674 1
4459 1371 1
1386 1851 1
1386 4728 1
5930 700 1
5930 5431 1
5930 5044 1
5930 1233 1
5930 4418 1
5930 3198 1
5930 5048 1
1001 525 1
1001 4386 1
1001 1711 1
1001 5945 1
3362 956 1
1974 4433 1
191 5937 1
1390 2225 1
2987 1304 1
2987 1234 1
2987 3379 1
3358 2000 1
1113 6301 1
4696 5963 1
1183 4358 1
2129 511 1
2129 2573 1
2129 1075 1
2129 1325 1
2129 5590 1
2129 4233 1
2129 2051 1
2129 719 1
2129 505 1
2129 6169 1
2129 1872 1
2129 3518 1
2129 2911 1
2129 3468 1
2129 5792 1
2129 2719 1
2129 1563 1
2129 3653 1
2129 167 1
2129 5332 1
2129 742 1
2129 4185 1
919 2330 1
919 1317 1
1532 5750 1
1532 494 1
4870 1867 1
4870 3252 1
1720 1880 1
1720 255 1
1720 1030 1
1720 5729 1
1720 5694 1
1720 1531 1
1720 3037 1
6192 1310 1
6192 3359 1
6192 2652 1
6192 2603 1
6192 2417 1
6192 5876 1
6192 1602 1
6192 3527 1
6192 5012 1
5311 4560 1
3095 567 1
5989 3175 1
4466 3476 1
3262 4247 1
2380 1319 1
2380 1358 1
2380 1328 1
2380 5865 1
2380 4549 1
2380 5596 1
3907 77 1
3702 3377 1
5407 1447 1
5407 3336 1
5407 1298 1
5407 2542 1
615 5229 1
3687 1713 1
2346 3335 1
1101 3305 1
1101 1718 1
1128 951 1
1128 2669 1
1128 3261 1
1128 5029 1
1128 1539 1
1128 3179 1
1128 5884 1
1128 1443 1
1128 4468 1
1128 5220 1
1128 842 1
1128 1349 1
1128 5077 1
1128 4245 1
1128 6030 1
3415 208 1
2649 2873 1
897 2047 1
3731 2798 1
16 3519 1
16 3605 1
1796 993 1
2917 4524 1
1647 3025 1
5157 1590 1
5157 4820 1
2761 4525 1
2747 2376 1
1168 2585 1
2197 5559 1
2197 2007 1
2197 4874 1
2197 5615 1
2197 2816 1
2197 3541 1
2197 5202 1
2197 1420 1
2197 4078 1
2197 1856 1
2197 2457 1
2197 4216 1
2197 3827 1
2197 2031 1
2197 2153 1
2197 871 1
2197 5101 1
4750 3455 1
4750 4711 1
2496 3141 1
3928 3011 1
3598 4779 1
3598 5899 1
3598 2656 1
3598 838 1
3598 5280 1
3598 6035 1
3598 5587 1
3598 2890 1
3598 4050 1
3598 5767 1
3659 2490 1
1329 1633 1
1329 3929 1
1329 2276 1
1329 2146 1
1329 4722 1
1329 796 1
1329 2841 1
1329 2523 1
1329 620 1
1329 5903 1
1329 1626 1
1329 2752 1
1329 1650 1
1329 5749 1
3474 4517 1
1190 981 1
1190 5743 1
1190 5689 1
5984 4258 1
5984 2636 1
5675 1676 1
3065 6071 1
3065 448 1
4784 609 1
4396 5111 1
5061 5527 1
5061 2374 1
1172 1505 1
1299 5423 1
1299 2551 1
6289 58 1
6079 210 1
1096 4833 1
1096 3774 1
1325 1874 1
1325 2074 1
1325 4783 1
1325 4530 1
1325 2608 1
1325 4481 1
1325 2680 1
1325 3173 1
1325 2976 1
1325 3688 1
1325 3429 1
1325 3394 1
3452 524 1
6227 1284 1
6227 2921 1
6227 1399 1
6227 193 1
6227 3563 1
6227 3317 1
6227 5331 1
6227 5007 1
6227 4997 1
3293 5275 1
2989 3347 1
2377 3397 1
2517 808 1
65 1884 1
65 376 1
4403 3539 1
2271 1465 1
2271 3430 1
2902 1551 1
2902 2315 1
2902 3624 1
3156 5200 1
3580 1690 1
3580 3967 1
4209 3068 1
1222 6258 1
1222 3277 1
1222 4141 1
1222 5432 1
3664 2748 1
3997 5273 1
3382 3213 1
369 5303 1
766 3349 1
676 5217 1
676 552 1
676 1681 1
676 6288 1
676 2366 1
2734 2215 1
484 6180 1
484 4999 1
484 5404 1
484 2848 1
484 4614 1
484 867 1
484 242 1
484 1058 1
4731 1370 1
34 5697 1
6216 6270 1
6216 2287 1
6216 3901 1
6216 326 1
6216 3778 1
1279 2463 1
1279 635 1
4370 1004 1
3053 3110 1
3034 5310 1
1817 914 1
1745 5863 1
3131 4843 1
5317 4239 1
3148 498 1
1783 3368 1
1783 6149 1
1783 1914 1
3122 785 1
3122 2266 1
4758 5339 1
1315 3013 1
5665 5752 1
3294 5000 1
3449 5984 1
3449 1482 1
3449 4220 1
3449 1913 1
3449 5005 1
3449 3714 1
3449 1646 1
3449 4271 1
3449 630 1
3449 799 1
3449 3201 1
3449 5958 1
3449 1517 1
2614 6018 1
4567 665 1
2861 3065 1
2861 6289 1
2861 5645 1
2861 4930 1
2861 2846 1
2861 2891 1
2861 3070 1
2865 3536 1
2865 2863 1
2865 484 1
2865 5199 1
2865 5168 1
2865 2290 1
2865 6266 1
2865 4950 1
2865 3096 1
2865 5894 1
2865 2010 1
2865 429 1
3271 1537 1
2850 2493 1
1316 6094 1
1316 229 1
1316 5571 1
5820 4464 1
5820 5351 1
5820 3396 1
5820 5185 1
5820 6020 1
5820 108 1
5820 3730 1
5820 5508 1
5820 6072 1
5820 2624 1
5820 6109 1
5820 2084 1
4174 1022 1
4174 90 1
5735 4259 1
5735 1761 1
5735 5760 1
5735 3283 1
5735 5452 1
5735 1415 1
5735 3351 1
5735 6066 1
5735 5469 1
5735 307 1
5735 5755 1
2161 2503 1
5403 5068 1
3863 5809 1
3878 2678 1
3878 3746 1
3878 4723 1
3878 3566 1
3878 3773 1
3878 95 1
3878 149 1
3878 994 1
5706 5298 1
5706 5388 1
3369 2966 1
1341 5985 1
1341 776 1
1341 351 1
6302 87 1
1861 236 1
5405 5641 1
5405 5927 1
5405 2498 1
6151 2540 1
6151 3293 1
6151 4731 1
6151 39 1
6151 3803 1
6151 1413 1
6151 1476 1
6151 4915 1
6151 4649 1
6151 1573 1
6151 4085 1
6151 5420 1
6151 691 1
6151 5574 1
6151 3895 1
6151 921 1
6151 5531 1
6151 754 1
6151 4394 1
6151 4754 1
6151 566 1
6151 4095 1
6151 194 1
6151 3923 1
6151 230 1
6151 2251 1
6151 3292 1
6151 88 1
6151 161 1
2669 2918 1
2669 4136 1
2669 3581 1
2669 2037 1
2669 4472 1
2669 2308 1
2669 4346 1
2669 4913 1
10 6228 1
10 277 1
10 911 1
10 6067 1
10 1432 1
10 2592 1
10 2978 1
5869 2326 1
5869 813 1
5869 6312 1
5869 5223 1
5869 1549 1
5043 732 1
5043 5357 1
5043 125 1
5043 2412 1
5043 4069 1
5043 3921 1
3740 1731 1
3740 5934 1
1247 2975 1
1247 1013 1
1247 2693 1
1247 6098 1
4568 5783 1
4568 173 1
96 5573 1
4917 1882 1
5330 4788 1
5330 5476 1
5330 4210 1
5330 784 1
806 720 1
806 3462 1
806 2300 1
5813 1637 1
5259 1799 1
4168 4218 1
5487 3899 1
126 2024 1
2527 1449 1
2527 5507 1
2527 1576 1
2527 3270 1
2527 971 1
2527 3014 1
2527 3956 1
2527 4825 1
428 4241 1
1486 1242 1
1486 2371 1
1486 4077 1
1486 6305 1
1486 3950 1
1486 4254 1
1486 435 1
1486 5329 1
4672 3211 1
4672 1434 1
4672 1998 1
6044 2033 1
5608 4162 1
2157 3924 1
344 811 1
4787 3316 1
1216 3811 1
1216 2789 1
1216 3666 1
1216 5112 1
1216 5190 1
1216 1140 1
4232 2317 1
5939 3992 1
5939 943 1
5939 4511 1
5939 3713 1
5939 3005 1
1729 1779 1
2112 6077 1
2112 3072 1
2112 5704 1
2112 4148 1
2535 4315 1
2535 2662 1
2535 958 1
2535 1247 1
2535 1216 1
2535 185 1
2535 832 1
2535 2721 1
2535 4268 1
2535 3338 1
2535 4590 1
2535 1165 1
2535 5212 1
2535 5552 1
2535 3556 1
2535 5780 1
2535 2004 1
2535 2635 1
2535 3595 1
2535 5446 1
2535 2933 1
2535 5104 1
2535 844 1
2535 2431 1
2535 2471 1
2535 3880 1
2535 5380 1
2535 6193 1
2535 4092 1
2535 6298 1
2535 6171 1
2535 2888 1
2535 6295 1
3613 6249 1
4664 3832 1
4664 1920 1
4664 4618 1
1288 2301 1
4766 6132 1
4349 6063 1
4914 6192 1
4914 537 1
4914 3781 1
4914 522 1
4914 1200 1
4914 248 1
4914 66 1
4914 254 1
4914 5027 1
4051 374 1
5555 103 1
5555 3170 1
1214 4034 1
5100 1547 1
5144 3237 1
3116 5992 1
2282 3775 1
2282 2474 1
2282 4718 1
2282 2018 1
2282 6276 1
2282 1841 1
2282 3080 1
2282 1928 1
2282 4045 1
1256 1581 1
6115 1534 1
6115 2714 1
4705 2458 1
6201 2207 1
1605 2188 1
5757 1606 1
3955 5384 1
997 780 1
5912 5797 1
879 4576 1
1784 2895 1
4338 4242 1
4338 3635 1
4338 464 1
79 5492 1
79 2986 1
79 293 1
79 5550 1
1308 256 1
500 4250 1
3200 323 1
775 3630 1
775 1927 1
775 1090 1
775 2713 1
775 5381 1
775 822 1
775 4726 1
775 2695 1
775 1906 1
775 350 1
775 6060 1
2866 5021 1
1903 5788 1
5482 3953 1
3215 2776 1
1682 3310 1
4293 4600 1
4293 2106 1
3152 2606 1
3152 283 1
3152 2075 1
3152 653 1
3152 2321 1
3152 2179 1
3439 2870 1
1504 944 1
4961 6033 1
6068 2486 1
2117 3163 1
4623 281 1
1365 5991 1
1365 3755 1
1365 839 1
1365 2956 1
1365 5941 1
1365 4153 1
1365 5660 1
1365 5923 1
1365 3137 1
1365 1238 1
1365 5950 1
1365 1901 1
1365 1122 1
4004 4531 1
6057 5642 1
6057 5479 1
6297 1960 1
1762 4021 1
1762 5686 1
1762 2120 1
2219 156 1
57 2200 1
3403 5222 1
3403 1520 1
3403 6260 1
3403 6216 1
3403 185 1
3403 1112 1
3403 5154 1
3403 3587 1
3403 690 1
3403 4454 1
3403 5661 1
3403 1320 1
3403 4715 1
4125 4114 1
1724 2527 1
201 4572 1
953 1780 1
1507 5959 1
1507 2023 1
1507 5888 1
1557 2968 1
531 6050 1
531 3266 1
3812 6117 1
537 1705 1
537 2785 1
537 5880 1
537 782 1
537 1248 1
537 724 1
537 2043 1
537 2309 1
537 383 1
537 579 1
2103 3710 1
2103 5358 1
2103 2885 1
2453 2070 1
4261 6232 1
6208 4847 1
2670 5464 1
5392 3552 1
5392 5493 1
5392 5177 1
4220 1068 1
2302 244 1
2302 2853 1
134 1980 1
1431 5936 1
1431 166 1
1431 2716 1
1431 3756 1
1431 5521 1
1431 188 1
1431 393 1
5936 1961 1
5936 5625 1
5936 946 1
5936 847 1
5936 6290 1
5936 3238 1
5936 5900 1
5936 3512 1
5936 2104 1
5936 640 1
5936 5728 1
5936 335 1
5936 1636 1
5936 5299 1
5936 5114 1
3873 5372 1
854 1211 1
854 733 1
4730 3311 1
1635 2744 1
1919 3868 1
3959 3776 1
3959 5597 1
3959 2258 1
3959 3221 1
3959 3788 1
3959 3848 1
3959 2387 1
2341 171 1
2341 3555 1
2341 5497 1
2341 3074 1
2341 2078 1
5875 824 1
5447 3178 1
5032 2906 1
5712 3509 1
2838 4236 1
553 4101 1
553 4956 1
371 1115 1
1889 6086 1
1889 1500 1
1889 3569 1
202 224 1
71 420 1
71 2844 1
71 2987 1
71 3877 1
71 1331 1
71 5803 1
71 431 1
71 3309 1
71 6296 1
71 6039 1
71 2689 1
71 1059 1
71 1441 1
71 1283 1
71 4342 1
71 1781 1
71 4826 1
71 5042 1
71 4772 1
71 3808 1
71 3239 1
2632 665 1
2276 2781 1
2276 4445 1
2276 613 1
4406 1143 1
3514 1367 1
5103 1965 1
5103 1136 1
5103 488 1
5103 3056 1
5103 4263 1
5103 739 1
5103 5650 1
5103 1535 1
5103 618 1
5103 1809 1
5103 6158 1
5103 3704 1
5103 3420 1
5103 1429 1
5103 5023 1
5103 2345 1
5103 3826 1
5103 1853 1
5103 637 1
5199 5022 1
5199 5443 1
5199 23 1
2930 1553 1
2930 3957 1
2742 1765 1
2742 4986 1
2742 2898 1
2742 4483 1
2742 9 1
2742 3461 1
2707 246 1
2707 3290 1
2707 3683 1
2707 4738 1
2707 492 1
2707 1999 1
6065 2494 1
5772 3623 1
5772 2189 1
2864 2725 1
2864 6084 1
3115 1002 1
3115 4571 1
3115 3367 1
3115 4755 1
3115 2331 1
3115 1970 1
4275 6283 1
2618 2931 1
2940 2095 1
2940 5135 1
2940 3538 1
2940 1727 1
2940 4908 1
2940 4900 1
2940 3145 1
2940 141 1
2940 5421 1
2940 5181 1
2940 5324 1
2940 4083 1
2940 3906 1
2940 5710 1
2940 127 1
4919 5254 1
757 588 1
757 3836 1
757 3621 1
757 5680 1
757 2502 1
757 2560 1
757 5567 1
757 2385 1
757 5975 1
5204 5450 1
260 4353 1
5398 6107 1
5828 6157 1
1469 4700 1
1469 826 1
1469 1020 1
1469 3202 1
1469 367 1
4631 22 1
4631 3043 1
4161 480 1
217 2221 1
52 5825 1
5569 2022 1
3040 33 1
3040 5378 1
1228 1484 1
5168 4005 1
5168 5734 1
2859 5463 1
2432 1133 1
3790 1088 1
3790 6183 1
2087 4543 1
1163 4353 1
1163 5195 1
1163 3983 1
1163 253 1
73 1479 1
5408 4666 1
5408 4373 1
5408 2777 1
5643 60 1
4351 6056 1
150 4526 1
1237 385 1
1017 1026 1
4659 485 1
6184 5561 1
2659 1864 1
2659 2282 1
2659 4720 1
2659 3553 1
2806 3619 1
2806 2801 1
2806 4748 1
2806 3526 1
2806 619 1
2806 3783 1
2806 2126 1
2806 4132 1
2806 5776 1
2806 5851 1
2806 4329 1
2806 2154 1
3482 5963 1
3482 5779 1
3482 5058 1
3482 5499 1
3482 137 1
2372 4692 1
2012 2041 1
1476 1934 1
1476 4440 1
1476 3881 1
1476 1355 1
3978 772 1
3978 3330 1
4333 2446 1
1660 3042 1
1660 1496 1
1660 5485 1
1660 5867 1
1660 4935 1
1660 1249 1
2146 4427 1
2146 2597 1
2146 5696 1
2146 3913 1
2146 4023 1
3363 1179 1
3363 801 1
1331 3801 1
1331 2390 1
1331 2694 1
1331 5389 1
1331 4086 1
1331 4830 1
1331 4794 1
1331 1757 1
1331 2343 1
1331 4362 1
1331 1661 1
1102 1071 1
1102 2595 1
1102 4621 1
1102 696 1
4268 4876 1
4268 5078 1
4268 2137 1
4268 1461 1
4268 214 1
4268 3492 1
4268 3885 1
4268 1924 1
5453 2727 1
5798 2942 1
2858 38 1
3532 2380 1
3532 6079 1
3532 3447 1
3532 5449 1
4527 5802 1
1202 6226 1
5520 4749 1
2872 5966 1
1669 558 1
3741 3395 1
3206 4168 1
3206 1102 1
3206 15 1
3206 247 1
3206 6191 1
3206 980 1
3206 5300 1
4600 467 1
5119 2897 1
3338 6083 1
3338 5895 1
3338 4857 1
3338 3160 1
3338 5313 1
3338 4654 1
3338 365 1
3338 5260 1
3338 2397 1
3338 1285 1
3338 5439 1
3338 4093 1
3338 5414 1
3338 5438 1
3338 610 1
3338 1540 1
3338 5352 1
3338 2406 1
3338 851 1
3338 240 1
3338 4159 1
3338 4884 1
3338 3139 1
213 5887 1
5005 1330 1
5005 3567 1
5005 1212 1
5005 1262 1
5005 1719 1
5005 4135 1
5005 5207 1
5005 4899 1
5005 3947 1
5005 2006 1
5005 2066 1
5005 2350 1
4554 5584 1
4554 4311 1
4554 2862 1
5724 5270 1
721 6250 1
2439 2261 1
5891 3805 1
2262 866 1
227 4959 1
3180 6214 1
2616 4813 1
2616 3245 1
2616 3470 1
2616 3407 1
2616 2930 1
2616 5231 1
2616 2356 1
2616 880 1
763 893 1
763 3676 1
763 3748 1
763 2112 1
763 648 1
763 4467 1
763 1322 1
763 6160 1
763 1544 1
763 886 1
763 4703 1
763 3689 1
763 5801 1
763 3203 1
763 5051 1
763 5893 1
763 5276 1
2315 1556 1
2315 5981 1
2315 2905 1
2315 4967 1
2315 735 1
2315 5990 1
4296 2708 1
4296 343 1
4296 1609 1
1042 204 1
6205 4031 1
3685 5806 1
3685 855 1
903 4729 1
5892 2536 1
3089 4931 1
1888 5394 1
1888 5928 1
1888 940 1
1888 2520 1
1888 6159 1
1888 1912 1
1888 3229 1
1888 1782 1
1888 1717 1
1888 3273 1
1888 5727 1
1888 1945 1
120 2208 1
5667 3182 1
5667 1333 1
5667 5996 1
5667 4415 1
3540 4968 1
6070 1177 1
6070 1213 1
6070 250 1
6070 5374 1
6070 5323 1
4725 5618 1
4725 2765 1
4725 3259 1
4725 701 1
4725 6055 1
359 985 1
4327 3152 1
114 5536 1
1996 3409 1
1996 2424 1
1996 6195 1
4487 1630 1
4487 1343 1
4487 4334 1
4487 5577 1
99 1989 1
4563 3082 1
2832 4214 1
1112 1129 1
4887 6243 1
4281 964 1
706 1814 1
706 1797 1
706 681 1
706 1497 1
706 5361 1
706 3589 1
2925 5515 1
3696 6225 1
157 5530 1
157 433 1
4559 2109 1
4559 3631 1
6152 5138 1
5233 2633 1
5233 5321 1
1125 2042 1
1125 3579 1
1125 1760 1
1125 1617 1
1125 3224 1
3278 2369 1
952 4841 1
2612 4265 1
4888 2040 1
1528 5547 1
1528 1826 1
5154 5080 1
1264 2994 1
2623 5364 1
5669 3839 1
6142 1545 1
6142 3814 1
6142 5688 1
6142 4827 1
6142 6025 1
6142 4457 1
6142 4163 1
6142 3093 1
6142 3738 1
6142 2628 1
3604 3669 1
622 1146 1
5440 3132 1
5440 2101 1
5440 6097 1
5440 2948 1
5258 3101 1
5258 4079 1
5258 4767 1
5258 3736 1
5258 2609 1
5258 3216 1
5258 1771 1
5258 1046 1
5258 617 1
5258 3810 1
5258 5066 1
5258 1037 1
5258 2426 1
5258 3701 1
5258 4176 1
1604 4619 1
1604 2083 1
1604 5628 1
1604 398 1
1604 3879 1
1604 3560 1
1604 2409 1
1604 5419 1
1604 5041 1
1604 178 1
1604 2642 1
1604 345 1
1604 5935 1
1604 5162 1
1604 1871 1
346 2316 1
346 2917 1
346 2274 1
346 358 1
346 2887 1
346 2795 1
346 1085 1
346 5897 1
346 1229 1
346 2014 1
346 5738 1
346 1599 1
346 1686 1
346 2464 1
346 3282 1
346 2430 1
346 1089 1
346 2831 1
4806 4240 1
4806 4552 1
166 1280 1
166 6127 1
166 4003 1
166 2247 1
166 4751 1
166 4228 1
231 5873 1
231 2250 1
93 4345 1
5056 6075 1
5056 219 1
3588 3028 1
4535 4048 1
4535 4927 1
2543 5634 1
6028 5253 1
4736 674 1
2359 3897 1
1410 5830 1
1410 2365 1
1410 4941 1
1410 5962 1
1539 1014 1
1539 2955 1
1539 950 1
1539 3195 1
1539 3979 1
1539 3334 1
1539 4891 1
1539 5236 1
1539 5285 1
915 5773 1
915 3438 1
915 5092 1
915 218 1
915 3798 1
915 2657 1
915 1588 1
915 5616 1
3232 6212 1
3232 1721 1
3232 2948 1
1353 2451 1
840 1582 1
840 723 1
3434 1857 1
2290 4658 1
2290 2049 1
2290 659 1
2290 6185 1
2290 3851 1
2290 2675 1
2290 2775 1
2290 2069 1
2290 5532 1
2290 2304 1
2290 3423 1
2290 2884 1
4799 1992 1
4799 561 1
4799 4068 1
4799 209 1
4799 2441 1
2130 1195 1
2130 4006 1
2130 6284 1
2130 3615 1
2130 643 1
2130 2922 1
2130 1810 1
3799 1632 1
6175 6142 1
6175 1376 1
648 1768 1
648 1819 1
5617 1086 1
5167 5859 1
5167 5087 1
5167 65 1
5167 4413 1
5167 5170 1
5167 1806 1
5167 3917 1
5167 4246 1
5167 821 1
5167 2945 1
5167 4824 1
5167 5716 1
5167 5599 1
5167 2710 1
5167 3686 1
5167 3172 1
5167 3813 1
5167 4322 1
2740 5038 1
2740 5707 1
2740 3760 1
2740 4230 1
2740 6043 1
2740 6252 1
2740 4031 1
2740 1491 1
2740 147 1
2524 3999 1
5684 727 1
5684 61 1
5684 4689 1
5684 804 1
5684 1837 1
5684 3113 1
5684 267 1
5684 275 1
3478 1365 1
3099 4029 1
3274 3063 1
4850 5745 1
4850 5678 1
5976 5505 1
287 5872 1
1967 5955 1
2533 928 1
5941 2353 1
5941 4449 1
2644 499 1
2088 4032 1
2088 5858 1
2088 623 1
2088 3244 1
2822 3698 1
2822 663 1
2822 5455 1
2822 4110 1
2822 3994 1
1696 1124 1
2713 3626 1
2713 3896 1
2713 215 1
1278 5359 1
1278 2355 1
1278 4090 1
4651 5102 1
3694 4411 1
5741 243 1
5741 2281 1
2547 1825 1
2547 3122 1
2547 4790 1
2547 2130 1
2547 5075 1
2547 5808 1
2547 1207 1
2547 5916 1
2547 2934 1
2547 2526 1
2768 1507 1
2768 1410 1
2768 2740 1
2768 781 1
2768 869 1
2768 6100 1
5719 1904 1
1165 1427 1
1165 3155 1
1165 3487 1
1165 1691 1
2003 4602 1
2003 2969 1
2003 2818 1
1611 889 1
1611 3418 1
4982 716 1
2050 6254 1
1525 3695 1
4361 4978 1
3371 3530 1
3371 1516 1
1344 315 1
1307 4039 1
1307 2011 1
1307 3205 1
1269 820 1
1269 2056 1
690 5511 1
690 1601 1
690 5055 1
690 5096 1
690 4673 1
690 284 1
690 1816 1
450 2288 1
270 1049 1
1105 4340 1
1105 3646 1
1105 4434 1
1105 233 1
1105 1995 1
1105 3184 1
1105 936 1
1105 3607 1
1105 337 1
1105 786 1
1105 2091 1
1335 3611 1
5010 1748 1
4432 3104 1
4432 1253 1
4432 5385 1
4432 1519 1
4432 5751 1
4432 4617 1
4432 1392 1
4432 1289 1
5987 17 1
1541 898 1
1541 3706 1
2429 4844 1
4219 3825 1
4219 6235 1
1483 5538 1
330 2640 1
2198 441 1
2198 1159 1
2198 2180 1
2198 4477 1
2198 2246 1
2198 4049 1
2198 2170 1
5346 4116 1
5240 3372 1
5271 527 1
5271 1672 1
5271 2574 1
5271 1834 1
3464 2715 1
3464 1440 1
2578 3373 1
2578 676 1
2578 3782 1
2578 2358 1
2578 3180 1
2578 2228 1
2578 649 1
4205 1104 1
6319 4960 1
6319 827 1
6319 1079 1
6319 459 1
6319 4507 1
6319 1929 1
6319 3208 1
6319 1658 1
6319 1151 1
1822 2142 1
661 3422 1
5659 1300 1
4368 6148 1
1612 4189 1
1612 6141 1
1612 4942 1
4436 3850 1
1548 3726 1
1548 3209 1
1548 5602 1
1548 165 1
1548 1148 1
1548 3325 1
1548 56 1
1548 1348 1
1548 5883 1
1548 1495 1
1548 5871 1
1548 1395 1
1876 809 1
414 2186 1
414 529 1
414 6299 1
414 2275 1
414 513 1
2410 4970 1
2410 4944 1
3820 555 1
3820 1530 1
3820 3749 1
3820 4518 1
3820 1003 1
3820 4071 1
3820 3108 1
3820 5140 1
3820 991 1
3820 1550 1
3820 4073 1
3820 4388 1
3820 1594 1
3820 3388 1
3820 3742 1
1537 4807 1
2425 4037 1
5315 1219 1
1702 5627 1
1702 4106 1
1702 1134 1
2774 3303 1
3889 4588 1
577 1560 1
1384 5368 1
1384 2510 1
1384 5657 1
2172 3768 1
2172 4299 1
4546 969 1
5783 2328 1
5783 2621 1
5783 3075 1
5783 2690 1
5783 712 1
5783 43 1
4181 6187 1
4181 6304 1
4181 2505 1
4181 26 1
4181 3661 1
1651 6189 1
1651 4576 1
516 212 1
140 6243 1
4634 4207 1
4634 639 1
4634 5369 1
4634 2736 1
4634 1474 1
4634 2220 1
4634 3391 1
4634 536 1
4634 4075 1
4634 900 1
5750 2229 1
1662 5972 1
1662 1845 1
1662 5971 1
1562 693 1
1474 3620 1
4550 5211 1
4550 4866 1
4550 3192 1
5362 564 1
2272 1021 1
2272 910 1
2181 1132 1
6316 3441 1
6316 5776 1
4289 6162 1
5333 457 1
5333 4416 1
5333 3033 1
5333 2416 1
5333 44 1
5333 2045 1
5333 2800 1
5333 4285 1
5333 259 1
3707 4577 1
3707 131 1
3707 1883 1
3707 5249 1
5664 1188 1
5664 3191 1
5664 176 1
5664 722 1
2001 619 1
5557 2048 1
3649 3092 1
2054 5605 1
5516 2699 1
1257 5243 1
3581 5180 1
4157 4166 1
248 2059 1
248 3345 1
248 1777 1
3769 5944 1
3769 1176 1
937 3853 1
5031 5791 1
5031 276 1
5031 874 1
5031 2373 1
5031 2028 1
5031 1963 1
5031 4273 1
5031 4027 1
5031 472 1
5031 2361 1
572 6131 1
5631 6082 1
1751 196 1
4085 752 1
4085 1152 1
4085 5756 1
4085 5082 1
4085 530 1
4085 5640 1
4085 4994 1
4085 13 1
4085 526 1
5202 2013 1
5202 2295 1
5202 2677 1
5202 154 1
1430 4279 1
1430 2169 1
1430 3757 1
1430 3962 1
1430 2469 1
1430 3365 1
1430 1138 1
1430 443 1
1430 3866 1
1430 1830 1
1430 4016 1
1430 3227 1
1430 2090 1
1430 3837 1
6267 1725 1
6267 1900 1
2068 1529 1
4376 977 1
5387 3833 1
5387 6255 1
4002 5730 1
4002 2158 1
4002 4007 1
4002 6199 1
4002 4100 1
4002 2144 1
4002 2954 1
4002 1076 1
4002 4350 1
2896 5503 1
2896 3222 1
2896 2508 1
1374 614 1
1374 3770 1
2367 2206 1
1458 5025 1
1472 5141 1
4902 1955 1
2268 4743 1
2268 2738 1
2268 446 1
2268 5127 1
2268 3164 1
2268 3408 1
2268 2038 1
2303 53 1
1235 680 1
1235 539 1
1944 6008 1
1944 5786 1
4271 1411 1
4271 4532 1
4271 774 1
4271 3086 1
4271 4640 1
4271 5224 1
4271 4796 1
4271 2093 1
4271 2035 1
15 3862 1
15 3151 1
15 109 1
15 4818 1
15 1008 1
15 864 1
15 1942 1
15 197 1
15 334 1
15 1712 1
15 4294 1
505 392 1
4084 1028 1
659 2857 1
5130 4351 1
4144 5088 1
4144 850 1
4144 4881 1
4144 3745 1
4144 2751 1
3599 1406 1
3599 1480 1
3599 3064 1
3599 2704 1
169 668 1
2178 6143 1
4335 1187 1
1046 2685 1
1046 3236 1
1046 4503 1
1046 1805 1
1046 2881 1
1046 2143 1
1046 5737 1
1046 1077 1
1046 378 1
1046 1577 1
1046 3849 1
5495 603 1
5495 2541 1
5495 4918 1
5495 2998 1
5495 4733 1
5495 6223 1
5495 2990 1
1252 3146 1
1252 1031 1
1252 2847 1
1252 3077 1
1252 482 1
1252 3348 1
5378 1763 1
302 1324 1
1241 2318 1
4814 1292 1
797 3118 1
1114 6259 1
1114 4357 1
1114 5400 1
113 3911 1
5845 4945 1
5845 3685 1
5845 4802 1
5845 4904 1
5845 3829 1
5845 6136 1
5845 282 1
5845 5272 1
5845 2226 1
5845 5201 1
5845 4581 1
5845 3129 1
5845 5896 1
5845 4325 1
5845 5083 1
5845 4514 1
5845 6064 1
5845 2491 1
5845 3791 1
5845 5636 1
5845 4708 1
5845 83 1
5845 5015 1
6244 2810 1
6244 1957 1
4684 1453 1
6255 688 1
6255 4528 1
6255 4933 1
6255 6280 1
6255 4996 1
6255 4633 1
6255 5514 1
6255 2880 1
6255 3066 1
6255 2485 1
6255 5979 1
6255 6104 1
6255 251 1
6255 2105 1
5836 3651 1
3843 411 1
3843 2682 1
3843 328 1
3843 4461 1
3843 3117 1
3843 4860 1
669 2638 1
2538 4864 1
3120 1012 1
3120 3031 1
3120 3838 1
3120 5565 1
3120 4377 1
3120 4450 1
3120 2968 1
3946 3637 1
5672 1714 1
3983 5047 1
3983 5262 1
3983 932 1
239 2029 1
239 4333 1
239 3679 1
239 4480 1
239 1583 1
239 169 1
239 1953 1
239 5943 1
239 273 1
239 475 1
3697 1829 1
5957 1522 1
3046 2768 1
4442 4533 1
989 5975 1
360 4781 1
2582 3573 1
2749 1702 1
2749 4103 1
2749 2046 1
2749 1095 1
2749 1137 1
2749 4469 1
2622 1224 1
5353 2205 1
5353 1584 1
5353 6112 1
5353 379 1
5353 5781 1
2141 3296 1
2141 3684 1
2141 657 1
2141 4714 1
3922 922 1
2716 5667 1
2716 3232 1
2716 2402 1
2716 678 1
2716 3194 1
2288 1100 1
2288 6042 1
2288 424 1
2288 3511 1
2288 2030 1
1984 28 1
6053 5396 1
4429 2139 1
4429 145 1
2581 3111 1
2581 6121 1
416 2025 1
5256 1209 1
5256 1706 1
1186 4094 1
1186 5953 1
707 5060 1
2630 1354 1
689 4812 1
5758 5123 1
5758 5654 1
1638 1025 1
1638 6251 1
1638 1251 1
1638 6118 1
1638 310 1
1638 4147 1
1638 3816 1
1638 2782 1
1638 1050 1
1638 4042 1
1638 5363 1
1638 5732 1
1638 1683 1
4990 3009 1
4990 2389 1
4990 2150 1
4990 1064 1
4990 121 1
4990 4637 1
4990 6164 1
4990 5856 1
4990 2329 1
4990 3577 1
4990 1397 1
4990 5013 1
4990 1692 1
4990 3140 1
4990 1141 1
4990 1968 1
4990 819 1
4990 1652 1
4352 2634 1
3822 5663 1
3822 451 1
3723 2828 1
3723 2133 1
3723 5852 1
3723 5993 1
3723 1565 1
3723 5477 1
3723 594 1
3723 5345 1
3723 5290 1
5514 3253 1
5514 768 1
5514 4981 1
5514 2264 1
5514 3169 1
5514 5264 1
3393 5137 1
5501 798 1
5501 1206 1
5502 1554 1
4446 3121 1
4446 2877 1
6198 1569 1
1973 3638 1
2915 3494 1
3825 1189 1
3825 3323 1
3825 4431 1
3825 4556 1
3825 2245 1
3825 2488 1
4033 2404 1
4033 4739 1
4033 3591 1
4033 5740 1
4033 1850 1
4033 4266 1
4033 1502 1
3196 4191 1
6022 163 1
6266 5807 1
6266 5312 1
6266 4473 1
6266 2735 1
6266 646 1
6266 4067 1
6266 5248 1
6266 2450 1
6266 5429 1
6266 2342 1
6266 2663 1
6266 4683 1
6266 5435 1
6266 6182 1
6266 5480 1
3663 5523 1
3663 3562 1
3663 1436 1
3043 4026 1
824 2610 1
824 4579 1
824 3402 1
3400 3385 1
6167 2972 1
2 3721 1
2 1931 1
2 6010 1
5982 2438 1
4972 3249 1
269 81 1
1487 6011 1
1487 4491 1
1487 4804 1
3954 2254 1
1675 4582 1
323 5926 1
4804 1811 1
4804 1891 1
4804 655 1
3251 5155 1
3251 278 1
3251 2545 1
3251 5546 1
5393 3281 1
5393 2141 1
5393 660 1
5393 4853 1
5393 3668 1
5490 2024 1
4882 1754 1
1608 3984 1
1663 2293 1
3267 3841 1
2314 20 1
4793 3493 1
4793 4829 1
4793 2834 1
4793 363 1
4793 885 1
1769 5349 1
6006 6162 1
6006 3821 1
6006 67 1
6006 3166 1
5263 2587 1
3210 2437 1
3210 1084 1
3845 2197 1
3845 6006 1
3845 5413 1
5082 3272 1
5082 5275 1
1305 2113 1
4192 2032 1
6016 4585 1
1250 3633 1
1445 6291 1
1417 5878 1
5703 1870 1
229 6313 1
229 4838 1
229 4875 1
2225 3428 1
2225 362 1
2225 5121 1
5797 4443 1
5797 3586 1
5797 5920 1
5797 3852 1
5797 1303 1
5797 2766 1
5797 5644 1
5797 941 1
5797 4235 1
4055 2733 1
4792 4906 1
4597 5110 1
5995 2746 1
630 3665 1
630 4564 1
630 1828 1
630 313 1
630 6140 1
2360 797 1
4274 4478 1
2988 5336 1
2988 1813 1
2988 591 1
2988 4173 1
2060 1460 1
4252 2739 1
4102 2134 1
3751 5360 1
3063 633 1
3063 1384 1
3063 1622 1
3063 4607 1
3063 3100 1
3063 410 1
6036 2467 1
6036 6281 1
6036 279 1
6036 1261 1
6036 5698 1
6036 29 1
6036 1734 1
2627 1239 1
2230 2442 1
2230 2433 1
2230 3165 1
2230 3448 1
2230 2351 1
2230 6306 1
2230 4298 1
2230 2341 1
2230 3681 1
2230 1665 1
2230 4452 1
2230 4366 1
2230 2052 1
2230 4598 1
2230 3436 1
2230 2039 1
2230 1067 1
2230 2267 1
2230 2468 1
2230 549 1
2230 794 1
2230 285 1
2230 4117 1
399 1908 1
651 2907 1
6213 2125 1
979 1286 1
979 1746 1
979 4439 1
979 631 1
2363 1488 1
2363 4907 1
2363 2239 1
2363 5818 1
1361 6113 1
1019 5422 1
2437 2999 1
2437 770 1
2437 963 1
2437 6013 1
563 1462 1
4740 413 1
4479 2647 1
3062 6038 1
2960 2055 1
2960 5074 1
5164 5768 1
5164 4953 1
5164 4625 1
5164 4713 1
5164 2352 1
5164 899 1
3316 5954 1
3316 2270 1
3316 3718 1
3316 3815 1
3316 2504 1
3316 1267 1
3316 3264 1
3316 4487 1
3316 4799 1
3316 5167 1
3316 5397 1
3316 3551 1
3316 738 1
3316 180 1
3316 4143 1
3316 1047 1
3316 5342 1
3316 4389 1
3316 5977 1
3316 2528 1
3316 4363 1
3316 6023 1
1208 1579 1
1732 155 1
4297 5461 1
4297 2580 1
2759 1819 1
2557 2324 1
3486 79 1
3486 3499 1
3486 625 1
3486 4398 1
3486 4122 1
3486 602 1
3486 5778 1
3486 3927 1
3486 5014 1
3486 1564 1
3486 6274 1
3486 3383 1
3486 1756 1
3486 4382 1
3486 519 1
3486 1820 1
3486 3275 1
859 4609 1
859 3544 1
5347 3584 1
5347 5214 1
5347 4212 1
5347 1668 1
1739 1035 1
2731 2256 1
6076 3212 1
4773 468 1
4088 2904 1
2211 1400 1
3312 2784 1
4506 1949 1
6276 4909 1
5994 550 1
5639 1866 1
51 3795 1
4625 4957 1
4625 2836 1
4140 3453 1
4140 5091 1
2037 5674 1
2037 4381 1
2037 3874 1
2037 2819 1
4646 2741 1
4646 3550 1
4646 2269 1
1837 3590 1
1837 3574 1
3733 366 1
6033 3380 1
6033 4196 1
1203 2079 1
5242 4612 1
2485 4244 1
2485 873 1
2485 4301 1
1966 2532 1
1966 27 1
1966 2327 1
1966 1521 1
1966 6015 1
1966 5622 1
1966 2003 1
1966 4432 1
1966 858 1
1966 2914 1
1966 432 1
1966 6262 1
1966 3682 1
1966 4195 1
1966 1936 1
1966 6144 1
1966 5257 1
1966 652 1
1966 3029 1
1966 2568 1
3138 2854 1
3138 461 1
3138 998 1
3138 2507 1
3138 5758 1
3138 2165 1
3138 3652 1
3138 1166 1
3138 4066 1
3138 3443 1
5075 2754 1
5075 4746 1
5075 1097 1
5075 600 1
5075 397 1
5075 5595 1
6272 3672 1
282 2242 1
282 5024 1
282 4603 1
282 1657 1
282 5072 1
282 466 1
282 728 1
282 2236 1
3444 5054 1
1478 517 1
1478 1956 1
1478 6202 1
1478 4408 1
1478 4974 1
1478 5811 1
1478 4471 1
1478 3663 1
1478 2216 1
1478 3495 1
1478 1821 1
1478 5309 1
1478 4486 1
1478 6263 1
1478 4769 1
1478 1015 1
5465 3796 1
1265 5084 1
1265 2182 1
1265 5318 1
4170 4894 1
1892 3914 1
3427 349 1
4936 4127 1
4936 1271 1
4936 2583 1
4936 3088 1
4936 1135 1
4936 4763 1
4936 5874 1
4936 562 1
4936 1164 1
2661 5655 1
4946 753 1
4946 5850 1
4946 6198 1
4946 4224 1
2772 4107 1
771 2571 1
771 2252 1
771 3412 1
771 1631 1
771 4470 1
771 2344 1
3471 5149 1
329 2313 1
329 3193 1
329 2291 1
329 1342 1
329 876 1
329 354 1
329 4393 1
329 1407 1
329 1072 1
329 128 1
329 4307 1
329 1016 1
329 1106 1
329 2929 1
329 4475 1
329 4523 1
329 4178 1
329 2435 1
329 6292 1
5370 763 1
5574 3864 1
5491 1918 1
5175 5908 1
2991 1098 1
3432 4046 1
258 2363 1
402 4238 1
402 1464 1
402 3469 1
402 5948 1
402 2470 1
402 4041 1
402 5795 1
402 1244 1
402 3332 1
402 3318 1
402 264 1
402 3346 1
402 5570 1
402 1 1
751 5999 1
751 3644 1
751 1673 1
751 815 1
751 3908 1
751 4550 1
751 4852 1
751 4149 1
751 4761 1
751 920 1
751 5819 1
751 3440 1
751 2419 1
751 4800 1
751 6114 1
4366 2852 1
4604 5879 1
4604 1389 1
4604 515 1
4604 3374 1
2478 1240 1
438 2615 1
3181 2466 1
4145 4490 1
3049 861 1
6037 5208 1
799 3865 1
799 834 1
799 1162 1
84 4171 1
84 2217 1
1084 1408 1
1084 5548 1
1084 1401 1
1084 2368 1
1084 222 1
1084 5939 1
1084 1620 1
1084 4347 1
1084 4036 1
1084 849 1
1084 771 1
1084 6269 1
1084 5974 1
1084 5769 1
1084 184 1
1084 5868 1
1084 6277 1
249 2593 1
249 2364 1
3119 5147 1
3119 3302 1
4925 6200 1
2845 4566 1
4958 5320 1
4958 651 1
544 3628 1
544 3103 1
544 1063 1
544 1628 1
544 605 1
6003 5311 1
6003 1889 1
6003 5684 1
6003 2198 1
6003 5845 1
6003 5629 1
6003 3634 1
6003 3243 1
6003 1306 1
6003 1273 1
2943 6139 1
2588 5473 1
666 1715 1
4548 1265 1
4548 3542 1
913 4160 1
913 714 1
913 4305 1
1356 2692 1
931 5512 1
931 3047 1
931 5857 1
3136 2556 1
3136 3044 1
3136 3596 1
3136 576 1
3136 3968 1
3136 3451 1
912 4839 1
912 4544 1
1207 2152 1
1207 3708 1
1207 2691 1
1207 829 1
1207 2297 1
1207 968 1
1207 3987 1
1207 35 1
1207 2026 1
1207 5152 1
1207 4924 1
4372 5960 1
5218 1707 1
5218 3018 1
4282 4053 1
3797 4742 1
3804 2401 1
3583 5187 1
2233 4782 1
2233 3533 1
6150 3842 1
6150 5269 1
6150 4500 1
6150 1978 1
6150 4534 1
6150 1295 1
6150 301 1
6150 3267 1
6150 3138 1
6150 6179 1
6150 5459 1
6150 3857 1
6150 2824 1
6150 2513 1
6150 153 1
6150 130 1
6150 1542 1
6150 487 1
6150 5286 1
6150 1508 1
4867 2817 1
2638 3008 1
2638 3489 1
2638 666 1
2638 4150 1
2638 3301 1
1332 3389 1
1332 4255 1
1332 2209 1
1332 4128 1
1332 4952 1
1332 6246 1
1332 4098 1
1332 3622 1
1332 1728 1
938 5326 1
3201 5040 1
3761 311 1
925 2728 1
925 3639 1
5993 1885 1
5993 717 1
5993 1477 1
5993 6145 1
5993 3234 1
5993 6194 1
2173 1336 1
3211 5069 1
3211 6047 1
3211 2926 1
3211 7 1
5019 3416 1
972 2279 1
4222 2436 1
4222 162 1
4222 1492 1
4222 4126 1
1764 4622 1
1764 1548 1
1764 4661 1
1764 471 1
5918 1969 1
46 2121 1
5921 1977 1
5921 5930 1
5921 2452 1
620 5722 1
620 2813 1
620 5059 1
620 4756 1
2825 192 1
300 3124 1
300 1972 1
300 5417 1
3079 685 1
3079 4451 1
1677 2567 1
4697 2780 1
4697 5395 1
4697 3535 1
4697 3948 1
2970 3339 1
2243 3720 1
2243 2086 1
2243 2940 1
2243 5723 1
5765 2238 1
3299 4757 1
2028 2666 1
1405 1962 1
4920 3977 1
5241 5914 1
4937 4732 1
4937 316 1
4937 3785 1
4937 5085 1
4937 333 1
1338 6165 1
3484 6224 1
3484 6203 1
3484 2558 1
6252 3496 1
6252 3763 1
6252 1318 1
6252 1778 1
6257 3333 1
6257 5702 1
2984 4330 1
2984 2949 1
4123 5425 1
4270 4510 1
5016 4688 1
5016 1456 1
5016 5295 1
5016 2212 1
5016 3465 1
5016 5832 1
496 1463 1
496 5271 1
496 4063 1
496 769 1
2237 262 1
1434 5440 1
1434 3010 1
1434 556 1
5785 2737 1
4627 3476 1
5181 3289 1
5181 1323 1
4993 1230 1
3944 3297 1
4723 5008 1
2008 5701 1
1571 1888 1
3912 5849 1
3682 4938 1
3682 4696 1
3682 3052 1
3682 5406 1
3682 1044 1
3682 5244 1
3682 234 1
3682 4286 1
3682 1385 1
3682 585 1
5894 2285 1
4195 465 1
4195 5354 1
5770 317 1
1565 656 1
1565 394 1
1565 1051 1
5884 1642 1
5884 2005 1
3809 4313 1
4226 5771 1
4226 5718 1
4226 5919 1
4226 4737 1
3032 5904 1
3425 1832 1
3425 5870 1
3425 4536 1
3425 2481 1
3425 387 1
3425 2499 1
3606 4316 1
3270 2939 1
19 148 1
5581 1416 1
2916 414 1
4513 4822 1
616 5589 1
322 3233 1
395 2830 1
5327 2140 1
1382 2347 1
119 4302 1
119 327 1
119 543 1
5946 5304 1
5946 6090 1
5946 3600 1
5946 6161 1
5946 4647 1
5946 237 1
5946 6019 1
5946 4973 1
5946 2946 1
548 5319 1
4816 783 1
3595 2151 1
3595 4652 1
3595 697 1
3595 1511 1
200 3445 1
565 2584 1
4199 5424 1
4199 1860 1
4199 4397 1
4199 2461 1
4199 887 1
3576 5337 1
1854 2849 1
5423 2673 1
5423 4605 1
5423 5646 1
5423 5430 1
5423 587 1
5423 6197 1
5423 306 1
5423 1287 1
5423 2476 1
5423 1204 1
5423 425 1
5423 4204 1
5423 4620 1
5423 1701 1
1737 1910 1
2167 5717 1
2167 2364 1
2214 1513 1
1339 4009 1
478 5543 1
591 2334 1
2996 2289 1
1220 1045 1
1220 2600 1
1220 1641 1
1220 1144 1
1220 942 1
1220 1660 1
1220 4390 1
1220 3820 1
1220 2696 1
1220 5864 1
1220 158 1
1220 4341 1
1220 5011 1
1220 909 1
1220 1697 1
2495 2961 1
2495 2843 1
2015 5682 1
2015 4858 1
2015 599 1
2015 3340 1
2015 6009 1
2015 890 1
2015 823 1
6154 5624 1
440 817 1
2440 6116 1
2440 3919 1
2440 3858 1
2440 6124 1
2440 430 1
2440 2422 1
2440 2698 1
2440 5086 1
2440 2268 1
2440 541 1
2440 2294 1
2440 4222 1
2440 1405 1
2440 6188 1
2440 4921 1
2440 2418 1
2440 598 1
2440 2100 1
2440 5535 1
2440 1603 1
2222 5986 1
5283 4862 1
5283 5681 1
3367 4558 1
3367 2193 1
1856 2336 1
2420 4284 1
490 628 1
3488 151 1
6287 4087 1
6287 2755 1
6287 4375 1
6287 5656 1
6287 72 1
3126 1948 1
1236 2138 1
4630 5537 1
4630 228 1
4630 469 1
4849 4306 1
254 670 1
254 2734 1
254 1552 1
254 5855 1
254 4331 1
254 5496 1
254 1951 1
254 884 1
254 4081 1
254 1753 1
254 309 1
254 984 1
254 2277 1
2516 377 1
2516 5741 1
2516 6229 1
1352 5794 1
1352 2869 1
1352 3446 1
1352 586 1
2962 4129 1
3853 1442 1
3853 1639 1
3853 3876 1
3853 4378 1
3853 4955 1
3853 3818 1
3853 4939 1
3853 5951 1
3853 1869 1
3853 3410 1
3853 2903 1
3853 1737 1
3853 645 1
3853 6074 1
3853 5763 1
3853 1916 1
3853 5816 1
5436 3254 1
491 5089 1
6113 2155 1
6113 4771 1
6113 412 1
6113 336 1
6113 481 1
6113 1309 1
6113 5194 1
6113 5890 1
6113 2767 1
1862 2124 1
4710 4034 1
2280 2723 1
2280 1988 1
1865 4868 1
1326 3673 1
3610 3218 1
2203 1131 1
2203 3284 1
2203 5720 1
2203 3019 1
2203 1740 1
2203 2259 1
2203 3007 1
2203 5030 1
5035 5709 1
5035 4595 1
4280 4387 1
340 272 1
340 1121 1
340 1459 1
340 1486 1
340 5621 1
340 3855 1
340 4308 1
340 1985 1
340 6233 1
340 3545 1
340 1029 1
340 803 1
4031 6110 1
4031 5853 1
4031 5817 1
4031 2827 1
4031 4462 1
6307 1217 1
5459 205 1
5459 2160 1
5459 4803 1
5459 4276 1
5459 5827 1
5459 4643 1
5459 3078 1
5459 347 1
4650 992 1
4650 1260 1
4650 1481 1
5822 1345 1
6096 4295 1
5580 5294 1
5580 1032 1
5580 1958 1
2724 4345 1
2159 391 1
321 5350 1
5861 1215 1
5861 6293 1
2878 6058 1
5460 835 1
1664 945 1
26 5001 1
26 4225 1
26 3480 1
26 5006 1
26 2230 1
26 4596 1
26 4636 1
26 5193 1
26 1425 1
26 1321 1
1985 304 1
1985 4025 1
1985 3594 1
1985 5456 1
3542 4310 1
3542 3743 1
3542 3886 1
3542 1844 1
3542 800 1
3542 4017 1
3542 4482 1
3542 2034 1
3542 2667 1
3542 1296 1
3542 1057 1
3542 3149 1
3542 4365 1
3458 4456 1
4103 85 1
4103 4592 1
4103 4056 1
4103 1625 1
4103 1618 1
4103 3343 1
4103 6268 1
4103 338 1
1173 2753 1
1173 966 1
5314 1198 1
5094 2067 1
3933 4082 1
1726 1527 1
1481 1881 1
1821 5375 1
1821 4911 1
1821 2759 1
1821 3750 1
1821 1108 1
1821 6080 1
2729 1732 1
2729 2679 1
1786 4823 1
6078 1526 1
4648 2973 1
4648 4725 1
4648 2967 1
3771 5840 1
3771 2534 1
2783 4521 1
2783 1738 1
2783 2806 1
2783 225 1
4575 2562 1
3559 3298 1
5925 1161 1
584 402 1
584 5544 1
584 1040 1
2586 4226 1
2586 5513 1
2072 5946 1
1679 4091 1
1679 5411 1
1679 5488 1
1679 195 1
4198 3017 1
4198 5234 1
4198 6172 1
4198 2484 1
5711 1720 1
1804 1403 1
3641 2794 1
3641 4001 1
3641 4962 1
3641 1444 1
3641 5905 1
3641 2118 1
3641 6170 1
3641 1952 1
3641 4889 1
3641 3860 1
3641 5268 1
3641 2951 1
982 1976 1
982 1758 1
373 1418 1
373 4458 1
373 3295 1
5373 5556 1
5739 4290 1
2400 3048 1
2400 3572 1
2393 1561 1
1667 896 1
2168 3658 1
421 1678 1
421 2176 1
421 111 1
421 1744 1
421 296 1
421 4936 1
421 2563 1
421 545 1
421 5932 1
626 168 1
2283 4851 1
2283 1430 1
2283 4793 1
2283 6150 1
2283 4336 1
2283 3883 1
2283 3157 1
4765 3414 1
80 4138 1
80 1835 1
3506 382 1
3506 2449 1
3440 1703 1
1979 3846 1
6134 4437 1
902 1596 1
902 4438 1
902 5554 1
902 3120 1
902 1506 1
902 84 1
902 5601 1
902 734 1
902 1546 1
902 5291 1
902 3971 1
902 3483 1
42 4905 1
42 6037 1
42 3758 1
42 3537 1
42 3319 1
5582 2210 1
3601 4845 1
3601 1886 1
3601 4632 1
3601 2611 1
6186 1302 1
386 4553 1
4693 2935 1
4693 802 1
4693 2835 1
6204 3060 1
183 1155 1
1802 682 1
4336 3324 1
4336 2299 1
4336 1083 1
4336 3585 1
4336 2094 1
652 2384 1
652 2549 1
869 4113 1
869 3158 1
182 4969 1
291 2570 1
2227 4348 1
3035 2868 1
3916 4885 1
3949 2489 1
3949 3524 1
3014 3830 1
3014 3306 1
3014 6092 1
3014 6105 1
3975 1099 1
3975 1423 1
5137 4493 1
5137 6147 1
5137 3161 1
5137 2065 1
5137 6261 1
5137 2073 1
5137 3806 1
5137 970 1
5137 5498 1
5137 6242 1
5137 5637 1
5137 6081 1
5137 5560 1
5163 3802 1
3500 4070 1
1337 4984 1
1489 742 1
559 1915 1
679 4668 1
836 2646 1
836 2413 1
2104 3716 1
1906 2971 1
5237 548 1
5345 4260 1
5345 1833 1
5345 1119 1
5345 3504 1
5345 5192 1
3903 2057 1
3903 546 1
3903 807 1
3903 5837 1
3903 787 1
3903 1699 1
3903 4319 1
3903 2175 1
3903 1743 1
5481 1621 1
5562 711 1
1006 731 1
957 6024 1
957 3021 1
957 686 1
957 1378 1
957 3401 1
957 5687 1
957 1559 1
957 1109 1
957 353 1
957 4608 1
957 6041 1
957 1827 1
957 3754 1
957 523 1
4325 607 1
4325 314 1
4325 5213 1
4325 4610 1
4325 4169 1
2339 5116 1
4815 2605 1
5977 818 1
5977 1733 1
5977 1895 1
5977 1111 1
3378 4253 1
188 5784 1
188 5064 1
188 5869 1
188 3985 1
188 2103 1
188 2899 1
188 4837 1
188 5328 1
188 418 1
188 3 1
188 5848 1
188 331 1
188 2879 1
188 4856 1
5661 6166 1
4264 3805 1
1514 364 1
5210 528 1
5210 1623 1
5210 2565 1
156 3171 1
156 390 1
156 3094 1
156 1509 1
156 1038 1
156 3067 1
156 4229 1
156 3931 1
156 2203 1
156 1679 1
156 1943 1
156 2455 1
156 632 1
156 1055 1
3670 5690 1
4342 1377 1
4342 139 1
4342 3050 1
4342 624 1
5415 4442 1
5415 2552 1
2036 699 1
1024 2234 1
2528 1589 1
2528 1846 1
2528 3387 1
2528 3932 1
2528 5486 1
2528 4476 1
2528 5189 1
904 5761 1
6238 1572 1
6238 2076 1
6238 4356 1
6238 5519 1
6238 6040 1
5484 2842 1
3130 118 1
3130 2822 1
2098 1255 1
86 6 1
2937 4139 1
2937 4272 1
947 4653 1
4956 3320 1
4022 5928 1
4022 1695 1
436 3937 1
436 4657 1
436 1680 1
436 2447 1
436 6029 1
1297 6314 1
5219 1790 1
5219 477 1
3249 4463 1
1363 2395 1
519 142 1
3561 1171 1
877 3707 1
5239 5150 1
5239 49 1
1773 4208 1
3572 4217 1
831 1858 1
2451 1250 1
3260 5340 1
3260 143 1
3260 4785 1
641 1294 1
641 3285 1
641 3371 1
641 2701 1
320 74 1
320 3105 1
320 5437 1
320 1990 1
320 1391 1
6174 5063 1
3395 3752 1
3395 4886 1
3395 740 1
649 5148 1
649 3190 1
649 1750 1
649 1080 1
2097 6130 1
5934 4589 1
5934 135 1
5934 4495 1
2331 3219 1
2331 2115 1
2331 4573 1
2292 3413 1
2424 5095 1
2424 2641 1
1600 597 1
2752 5823 1
2752 318 1
2752 4291 1
2752 5517 1
2752 1433 1
2752 2381 1
2752 2963 1
562 4863 1
1027 2062 1
1027 3972 1
1027 1061 1
469 4142 1
469 235 1
469 4179 1
469 1329 1
469 5735 1
469 3878 1
469 1903 1
469 3960 1
469 4395 1
469 5049 1
469 3326 1
469 1448 1
469 5031 1
469 3667 1
469 2187 1
469 3398 1
469 444 1
469 521 1
469 973 1
469 3771 1
469 152 1
469 3969 1
469 5471 1
6191 2535 1
5099 5377 1
4615 388 1
1314 3705 1
1314 4842 1
3510 5736 1
3510 6220 1
271 5733 1
2631 2894 1
4921 5366 1
3793 100 1
3793 298 1
3793 2974 1
3793 5906 1
3793 506 1
3793 3601 1
3793 5998 1
3793 40 1
3777 1776 1
6233 2860 1
6233 4351 1
6233 3479 1
6233 5606 1
6233 6303 1
6233 5766 1
4095 627 1
4095 3593 1
4095 5793 1
4095 123 1
4095 4854 1
4095 1245 1
4095 726 1
4095 812 1
4095 6036 1
4095 833 1
4095 5225 1
4095 4474 1
4095 1795 1
4095 3711 1
4095 3269 1
2348 5278 1
232 935 1
5629 5564 1
5629 5115 1
5629 692 1
5629 3882 1
5629 1823 1
5629 1184 1
5629 4741 1
5629 533 1
5629 5468 1
5629 1607 1
5629 2889 1
5629 2162 1
5629 2936 1
5629 741 1
3689 3731 1
3689 6103 1
3689 5524 1
3689 3059 1
3689 3640 1
3689 1103 1
3689 5245 1
3689 3963 1
3689 4013 1
3689 4479 1
3689 6160 1
3689 3614 1
3689 1182 1
3689 1802 1
3689 3069 1
3689 434 1
3689 1812 1
3689 452 1
3689 2460 1
1709 5833 1
2338 3314 1
3197 4638 1
5834 5267 1
5513 5076 1
5513 667 1
5513 573 1
5513 5844 1
2448 4497 1
2448 4119 1
2448 593 1
2448 3225 1
2448 1221 1
2448 4770 1
2448 2434 1
3575 4587 1
3824 4421 1
983 746 1
983 1074 1
983 4080 1
983 261 1
983 3996 1
3910 6300 1
6125 5470 1
1160 1288 1
2893 164 1
6317 1290 1
6317 4323 1
878 3486 1
6263 104 1
6263 5182 1
5871 4028 1
1689 2240 1
4880 5330 1
4880 2564 1
4976 1005 1
4976 4000 1
4976 6316 1
4976 1498 1
4976 5205 1
4976 4677 1
4976 1741 1
4976 2981 1
4976 1640 1
4976 473 1
4976 1118 1
4976 2482 1
3772 357 1
3772 3501 1
223 18 1
223 6120 1
4054 790 1
4054 4512 1
1048 419 1
462 825 1
4060 2923 1
4800 2483 1
4800 1747 1
4290 5026 1
4290 4516 1
4290 5445 1
4290 2763 1
4290 5685 1
4290 1670 1
4290 1471 1
4290 4809 1
2804 4699 1
2804 1039 1
2804 274 1
2804 5145 1
1595 6089 1
1595 6231 1
612 779 1
303 3241 1
303 4664 1
303 21 1
303 6129 1
303 2590 1
303 6122 1
303 1126 1
303 4407 1
303 3248 1
2709 5483 1
2709 1457 1
2709 5333 1
2709 2407 1
2709 1191 1
2709 266 1
4682 5433 1
4682 1412 1
4682 170 1
2089 2743 1
2244 2613 1
427 5171 1
427 1543 1
5800 872 1
5800 1116 1
5800 3083 1
5800 1414 1
5800 1023 1
5800 828 1
5800 1272 1
5800 965 1
5800 644 1
5800 960 1
5800 5365 1
5800 3915 1
5179 2107 1
1346 5335 1
1346 2544 1
1346 4616 1
1346 4819 1
1580 3006 1
1320 1894 1
1320 1619 1
1320 2019 1
1320 2658 1
1320 5235 1
1320 4747 1
1320 5296 1
2370 736 1
1069 1094 1
172 4989 1
172 4557 1
172 2477 1
172 2096 1
2125 1270 1
2125 5545 1
3485 4111 1
5472 4484 1
230 5157 1
230 4932 1
230 949 1
230 5172 1
1755 2156 1
1450 3582 1
4593 1592 1
1181 5860 1
3380 5169 1
3380 5117 1
2710 3355 1
2710 3183 1
35 4405 1
35 5583 1
35 715 1
3883 1334 1
3883 6221 1
3883 75 1
3883 1226 1
5847 2909 1
1943 1624 1
1943 37 1
2398 2092 1
3759 3988 1
3759 3898 1
3759 4922 1
3759 1986 1
3759 3655 1
3759 1227 1
3759 4916 1
3759 3699 1
3759 2319 1
3759 2730 1
3759 5603 1
3759 4562 1
1143 1578 1
1143 3938 1
1143 4877 1
1143 3722 1
1143 895 1
1143 5956 1
1143 4624 1
268 2964 1
268 6163 1
4721 352 1
3027 4488 1
842 662 1
2786 2224 1
1387 856 1
1387 5804 1
1419 3159 1
2405 2965 1
3297 5901 1
3297 4374 1
3297 6196 1
3297 1201 1
3297 5107 1
3297 4734 1
3297 4821 1
5471 426 1
5471 5831 1
5471 1567 1
5471 4180 1
5471 4057 1
5471 2473 1
5098 3098 1
3651 2809 1
4997 2519 1
4997 439 1
4997 3548 1
4997 3228 1
4997 5978 1
2808 3176 1
1923 3599 1
3275 762 1
5090 3528 1
5090 3144 1
5090 3102 1
5090 2298 1
5090 3564 1
5090 6247 1
5090 4444 1
5090 939 1
5126 4869 1
5911 2892 1
2688 6245 1
3936 2833 1
3417 5371 1
3634 5282 1
3634 3597 1
3634 5647 1
3634 4690 1
3634 3258 1
285 5287 1
285 1666 1
285 1941 1
285 4762 1
285 3250 1
1142 2968 1
3982 3939 1
560 4992 1
4392 300 1
3231 3934 1
4287 4115 1
1896 5530 1
1383 4780 1
1824 5203 1
2521 4074 1
1510 583 1
361 888 1
1655 1060 1
2399 5343 1
3545 4197 1
3545 3675 1
3545 4778 1
1791 159 1
6098 687 1
6098 1043 1
6098 4948 1
400 5434 1
4193 6153 1
1010 5028 1
5297 3891 1
5297 4019 1
5297 1380 1
2576 3456 1
2576 2145 1
3189 3353 1
3189 3654 1
5699 2980 1
1029 5614 1
1029 1643 1
3070 4124 1
3384 4964 1
1313 2248 1
725 5045 1
725 1878 1
454 5070 1
1095 1615 1
2671 510 1
3128 1575 1
1909 3734 1
5854 2665 1
5854 2874 1
5854 2111 1
5854 4360 1
3791 4453 1
4099 3823 1
3051 5700 1
5004 3520 1
5004 3057 1
5284 1268 1
5284 4404 1
6286 3240 1
6286 3482 1
6286 3508 1
6286 5790 1
6286 6319 1
6286 329 1
6286 4430 1
6286 3993 1
6286 1722 1
6286 5929 1
6286 3728 1
2672 1225 1
4332 4871 1
3856 6273 1
2773 1478 1
5553 3322 1
1714 3505 1
1714 2147 1
1714 1533 1
4540 1716 1
5504 1078 1
6223 136 1
6223 1168 1
6223 3894 1
6223 5843 1
6223 5197 1
6223 252 1
6223 3703 1
6223 4949 1
6223 1656 1
6223 64 1
6223 5522 1
6223 2778 1
6223 1905 1
6223 5232 1
2790 3989 1
2790 3840 1
1185 4496 1
2990 5188 1
2990 4928 1
2990 493 1
2990 1890 1
2990 2172 1
2990 3023 1
2990 160 1
2990 5917 1
2990 5356 1
2990 1301 1
2990 5281 1
2990 5246 1
2452 2649 1
2452 3280 1
2452 1327 1
2452 5942 1
2452 3356 1
2452 3875 1
2452 3001 1
2452 1451 1
2452 4424 1
2452 3771 1
2452 5742 1
2452 5383 1
2452 4520 1
2452 5297 1
2452 4883 1
930 489 1
5594 2064 1
3268 3897 1
1839 5198 1
1839 2856 1
1839 3578 1
1839 6101 1
1839 3337 1
1839 4156 1
1425 1852 1
1425 2700 1
1425 5176 1
1425 4545 1
1425 3568 1
1425 4541 1
3735 3016 1
6062 5578 1
6062 923 1
6062 4565 1
6062 4910 1
6062 2871 1
4178 3313 1
4178 4190 1
4178 955 1
4178 2265 1
4422 3843 1
4422 967 1
767 6007 1
767 1499 1
3728 3435 1
3728 1735 1
3728 5931 1
3728 1360 1
3728 1863 1
3728 1170 1
3728 3045 1
3728 4570 1
3728 1855 1
3728 1467 1
3728 396 1
3728 1120 1
3728 2718 1
3728 1398 1
3728 6014 1
3728 2705 1
3728 5762 1
3728 3002 1
3728 3386 1
2924 5506 1
848 1593 1
650 187 1
905 6239 1
6207 2764 1
1219 1396 1
1219 5838 1
1219 789 1
1219 718 1
1219 2919 1
1219 5183 1
2322 4201 1
2322 5073 1
6219 4641 1
4601 1772 1
4791 5632 1
3269 1897 1
3269 5649 1
5449 1362 1
5449 4801 1
5449 4584 1
5449 4775 1
5449 4419 1
5449 5355 1
5449 1275 1
5449 4777 1
5449 5494 1
5449 2823 1
5449 2340 1
342 447 1
342 4206 1
342 5933 1
342 3204 1
342 5721 1
342 5676 1
509 2378 1
2643 1473 1
1180 1091 1
1180 6052 1
1180 5052 1
1180 2668 1
1180 4508 1
803 5748 1
803 2546 1
1873 4164 1
1873 4354 1
1873 5347 1
6271 5292 1
6271 988 1
6271 3449 1
6271 3532 1
6271 1638 1
6271 5393 1
6271 751 1
6271 6003 1
6271 810 1
6271 421 1
6271 303 1
6271 930 1
6271 6062 1
6271 5775 1
3370 110 1
6190 5288 1
5114 3497 1
5114 4613 1
5114 2218 1
5114 3847 1
4131 5206 1
4133 3617 1
4133 5215 1
6222 59 1
3291 3087 1
2383 1387 1
843 906 1
843 2201 1
843 5670 1
843 1175 1
843 2273 1
843 3463 1
843 1877 1
2934 3214 1
3807 4709 1
5051 3015 1
5051 460 1
5051 2127 1
5051 2487 1
2153 3671 1
4304 710 1
507 1792 1
792 5216 1
4137 730 1
3966 6069 1
3966 3952 1
6091 5186 1
6091 4724 1
3091 4963 1
1728 76 1
4983 1379 1
4983 2403 1
4983 427 1
220 346 1
1812 5815 1
1812 4789 1
1812 3459 1
1812 3870 1
1812 2594 1
2163 5539 1
2163 2653 1
891 3531 1
891 476 1
891 2664 1
891 2726 1
891 2506 1
891 4988 1
512 2015 1
3243 764 1
3243 5079 1
3243 4423 1
3243 5448 1
3243 1494 1
3243 1490 1
4519 4167 1
2066 5081 1
2066 5747 1
2066 4872 1
2066 2128 1
2066 2472 1
5307 2980 1
5893 540 1
5893 4594 1
5893 3831 1
5893 1053 1
5893 706 1
5893 1421 1
5893 4529 1
5893 5129 1
5893 2122 1
5893 1600 1
5893 2229 1
5893 5322 1
5893 4660 1
4489 3935 1
5209 4706 1
5209 6017 1
3521 5810 1
2548 1041 1
3331 1704 1
3331 3402 1
4691 929 1
4691 621 1
4691 775 1
4691 5103 1
4691 3942 1
4691 6070 1
4691 5988 1
4691 1649 1
4691 2762 1
4691 239 1
4691 4934 1
4691 931 1
4691 3502 1
4691 5219 1
4691 2443 1
4691 92 1
4691 1568 1
4691 1180 1
4691 1887 1
4691 2625 1
4691 698 1
5467 1843 1
5467 3304 1
5467 6061 1
5467 1803 1
5467 2619 1
5467 3327 1
5467 2421 1
5467 8 1
5467 1470 1
5467 1426 1
5467 4414 1
5467 5109 1
3991 3187 1
3616 1987 1
130 2952 1
130 3481 1
130 6135 1
4359 5136 1
1098 6128 1
1098 2750 1
1098 4764 1
1098 841 1
1098 3026 1
1098 2539 1
1098 1518 1
1098 4213 1
1098 4937 1
1098 520 1
1098 4865 1
1098 3690 1
1098 5764 1
1098 4834 1
1098 4211 1
2444 2572 1
2444 4256 1
63 990 1
4504 2375 1
2354 4832 1
6138 6227 1
4187 5407 1
4187 2496 1
4187 6022 1
4187 5648 1
2676 5821 1
1359 3454 1
1081 6045 1
1081 4010 1
1998 1836 1
1998 1647 1
1998 3853 1
3041 502 1
2085 2559 1
1838 1110 1
5585 788 1
3609 1258 1
6100 4409 1
6100 1917 1
6100 5 1
6100 5591 1
6100 5478 1
6100 2237 1
3388 5805 1
3388 3288 1
3388 1785 1
3388 5528 1
3515 384 1
3515 4903 1
295 5289 1
1512 433 1
289 69 1
1878 1205 1
1878 3869 1
4380 1308 1
4380 3691 1
4380 2249 1
4380 4680 1
6298 1801 1
6298 2651 1
6298 1674 1
6298 5997 1
6298 1107 1
3780 3004 1
6308 2514 1
2779 2199 1
2779 6177 1
2779 4675 1
2779 5683 1
2779 959 1
2779 325 1
2779 1939 1
4203 3020 1
4203 514 1
2900 1128 1
2900 755 1
2900 5402 1
2900 5258 1
2900 1046 1
2900 6211 1
2900 6238 1
2900 5862 1
2900 2867 1
2900 1082 1
4674 2553 1
4674 2391 1
4674 1775 1
4674 2021 1
4674 976 1
4674 3217 1
4674 4774 1
4674 6234 1
4674 1959 1
4674 5626 1
4674 729 1
4674 2802 1
4674 5509 1
4674 4606 1
3964 1435 1
1701 1570 1
1701 2829 1
2099 82 1
2099 636 1
2099 5846 1
2099 2027 1
2099 5668 1
2099 4155 1
2121 6054 1
2745 5938 1
1437 5161 1
1437 5634 1
5399 3657 1
6310 288 1
1122 830 1
1122 5457 1
2720 5348 1
4175 4676 1
1033 3406 1
487 3794 1
1321 172 1
868 2833 1
868 3884 1
6295 5829 1
6295 3887 1
6295 2982 1
6295 2947 1
2807 3974 1
2949 4425 1
2949 4716 1
2949 4828 1
2949 3828 1
2949 4537 1
694 6005 1
1041 1351 1
1563 1610 1
1563 743 1
1563 5708 1
1563 1375 1
1563 1752 1
1563 883 1
1563 189 1
1563 3890 1
1563 4040 1
1563 1196 1
1563 4786 1
1563 852 1
1563 5799 1
1563 6236 1
1563 3054 1
1563 1789 1
4469 4505 1
4469 1223 1
4064 3235 1
2071 1598 1
4237 5915 1
4237 2194 1
3134 2886 1
3134 3592 1
5276 1493 1
5276 2525 1
5276 319 1
5276 2722 1
5276 5053 1
5276 4249 1
5276 4985 1
5106 4385 1
2454 4776 1
2639 4371 1
3256 658 1
3162 1062 1
4038 3554 1
1273 5913 1
4243 2479 1
2414 5230 1
5566 5877 1
2908 3286 1
3653 2941 1
3653 4089 1
3653 3354 1
3653 146 1
3653 3142 1
3653 453 1
3653 294 1
3653 186 1
3653 372 1
3653 1276 1
3653 3522 1
2526 3861 1
5560 5866 1
5560 4402 1
1501 2995 1
1501 4977 1
1501 4980 1
1501 5813 1
1501 6073 1
1501 5529 1
1501 4642 1
1501 3789 1
1501 4502 1
1501 5353 1
1501 962 1
1501 3419 1
1501 3500 1
1501 3759 1
1501 4035 1
737 3902 1
4825 2771 1
2056 5658 1
2056 2537 1
2056 5842 1
2114 3466 1
2114 1944 1
2114 5907 1
2114 5902 1
2114 5568 1
2114 5250 1
2114 3636 1
5620 2779 1
2108 1281 1
2108 1694 1
4694 3199 1
4873 4846 1
4873 1818 1
4873 31 1
4873 745 1
4873 2797 1
4873 1087 1
4873 5549 1
4873 57 1
4873 3300 1
4873 986 1
4873 3549 1
4873 4076 1
4873 4990 1
4873 62 1
4873 45 1
4873 5592 1
4873 544 1
4873 2591 1
4873 4426 1
4873 3641 1
4873 42 1
4873 6132 1
4873 78 1
4873 2717 1
4873 6256 1
4873 4795 1
4873 5454 1
4873 3517 1
4873 4269 1
4873 2758 1
4873 1997 1
2674 3648 1
3431 695 1
4745 3672 1
2968 5427 1
2968 6126 1
2968 407 1
5027 568 1
5027 1190 1
5027 2310 1
5027 547 1
5027 3246 1
5027 3127 1
5027 580 1
5027 3490 1
5027 211 1
5027 749 1
393 1316 1
393 5125 1
393 4104 1
393 132 1
393 5159 1
393 891 1
393 948 1
2475 756 1
2475 4702 1
2475 5691 1
1371 5410 1
1371 4278 1
1371 805 1
1371 1439 1
1371 4975 1
1997 2183 1
1997 1848 1
1997 2174 1
1997 1710 1
1997 571 1
5332 324 1
1178 5576 1
698 4292 1
698 2192 1
698 1994 1
698 3717 1
1697 2855 1
1697 3834 1
1697 6051 1
1697 1893 1
1697 1117 1
1697 3079 1
1697 4879 1
1697 216 1
1697 348 1
4317 901 1
2551 3058 1
2551 3625 1
1970 4912 1
5551 6125 1
4435 1475 1
161 4797 1
1340 3918 1
1340 4805 1
5518 589 1
5518 582 1
5518 4200 1
5518 3926 1
5518 4134 1
5518 4735 1
5518 3980 1
5518 2241 1
5518 3712 1
429 6181 1
429 4399 1
429 5131 1
429 1246 1
429 2335 1
429 3729 1
429 5677 1
3036 463 1
2149 4262 1
2149 2396 1
5525 4855 1
999 3680 1
1508 5428 1
1508 2306 1
1508 5391 1
742 1156 1
742 2637 1
742 806 1
742 2148 1
742 2686 1
742 1350 1
742 3392 1
742 2445 1
742 5020 1
742 14 1
742 3003 1
742 1454 1
742 4400 1
4117 50 1
292 535 1
2135 2616 1
1789 2394 1
1789 3147 1
5604 5412 1
2423 4539 1
2423 672 1
3185 3390 1
471 2044 1
471 4538 1
471 3376 1
471 4318 1
3022 4030 1
2913 4383 1
4012 4678 1
1055 2979 1
1055 4043 1
1055 3378 1
1055 4154 1
2080 2953 1
5001 1231 1
5001 4995 1
5222 534 1
4142 2323 1
5108 3766 1
4813 5057 1
4869 5910 1
4869 226 1
1075 6021 1
4670 2177 1
1825 917 1
1825 5274 1
311 3571 1
311 2522 1
3245 122 1
33 4644 1
4459 778 1
4459 1659 1
4459 3662 1
4459 5534 1
2129 3627 1
2129 5598 1
2129 177 1
2129 2077 1
2129 5238 1
2129 3608 1
2129 934 1
2129 4014 1
1720 6137 1
6192 101 1
6192 793 1
6192 3450 1
2380 4897 1
2380 5609 1
1128 1982 1
1128 406 1
1128 2284 1
1128 3602 1
1128 2116 1
1647 6315 1
6116 5611 1
1329 4662 1
1329 5338 1
1329 6111 1
1329 1840 1
1329 2392 1
3065 3990 1
3065 1274 1
6079 2196 1
484 4665 1
4731 5924 1
3449 3341 1
3449 5156 1
3449 2497 1
3449 4177 1
3449 995 1
3449 401 1
2861 5952 1
1316 1831 1
1316 2257 1
5820 299 1
5820 2788 1
5820 4861 1
6151 1971 1
6151 5652 1
2669 415 1
2669 6230 1
2669 2312 1
10 3650 1
5869 2626 1
5869 5638 1
2527 2598 1
1216 2983 1
1216 3737 1
1216 2711 1
5939 5753 1
2535 4165 1
2535 4314 1
2535 3226 1
2535 996 1
2535 5826 1
2535 1065 1
2535 3920 1
2535 5036 1
2535 5002 1
2535 2171 1
2535 2712 1
2535 6248 1
2535 2620 1
2535 3090 1
2535 1749 1
2535 5964 1
2535 5973 1
2535 4320 1
2535 5277 1
775 4717 1
775 4719 1
1365 2927 1
537 3315 1
4458 4183 1
4220 1911 1
5936 2332 1
3959 1933 1
2341 2379 1
2341 5575 1
71 5132 1
71 4698 1
71 3516 1
2276 2231 1
5103 3643 1
5103 3632 1
5103 1282 1
5103 5812 1
5103 1232 1
5103 3715 1
2930 2601 1
2742 3986 1
2940 2840 1
2940 4599 1
2940 5118 1
2940 1597 1
2940 456 1
2940 2213 1
2940 975 1
2940 1009 1
757 5196 1
1460 5968 1
2806 3867 1
2806 5782 1
2806 1558 1
2806 1372 1
2806 2837 1
1331 2408 1
3206 2660 1
3206 2509 1
3338 1842 1
5005 3965 1
5005 3342 1
2616 5630 1
763 3114 1
763 1468 1
763 5586 1
763 4836 1
763 4120 1
763 664 1
3685 4901 1
5667 5305 1
6070 2016 1
4725 1645 1
4725 5124 1
4725 4343 1
706 5251 1
6142 2617 1
5258 404 1
5258 1145 1
5258 4704 1
5258 207 1
5258 3307 1
346 3039 1
346 1700 1
346 908 1
915 3071 1
2290 2349 1
2130 4072 1
5167 4303 1
5167 3943 1
5167 4629 1
5167 1787 1
2740 2492 1
927 479 1
927 1807 1
5684 4152 1
5684 750 1
5684 6309 1
1278 3472 1
1165 3207 1
2378 4501 1
5271 4998 1
6319 3106 1
6319 6031 1
414 4667 1
3820 3024 1
3820 4121 1
3820 4344 1
3820 6209 1
3820 2604 1
3820 3375 1
3820 5725 1
5783 6027 1
5783 4817 1
4634 1875 1
4634 1073 1
4634 3612 1
5750 245 1
5333 3081 1
5664 3998 1
5664 5983 1
5031 2465 1
1430 557 1
1430 4580 1
1944 4848 1
3599 5039 1
3599 3424 1
1046 2579 1
1252 5153 1
5378 5651 1
797 601 1
5845 25 1
5845 97 1
5845 1648 1
5845 405 1
5845 422 1
6255 1007 1
6255 1925 1
3513 3143 1
3983 6264 1
239 47 1
5353 3565 1
1638 2123 1
1638 4878 1
4990 1587 1
541 3647 1
6022 4182 1
6022 532 1
6022 542 1
6022 3328 1
6022 5500 1
6266 1150 1
824 4202 1
5393 3724 1
1616 629 1
1616 1538 1
2225 3247 1
5797 4011 1
630 4498 1
3063 6215 1
5164 3719 1
3316 4923 1
3316 590 1
3316 6088 1
3316 5122 1
3316 1388 1
3316 6240 1
3316 1424 1
3316 6173 1
3316 1849 1
3486 4681 1
4625 2950 1
4625 1092 1
1966 2411 1
1966 5612 1
3138 1788 1
3138 2992 1
1478 1932 1
1478 286 1
1265 265 1
3427 1975 1
3427 608 1
3427 5540 1
3427 3135 1
4936 2515 1
329 1991 1
329 3357 1
402 4339 1
402 4251 1
751 2814 1
751 1157 1
751 2650 1
6037 2629 1
1084 2883 1
1084 3529 1
1084 2195 1
544 709 1
544 5120 1
6003 4015 1
1207 5133 1
1207 5610 1
1207 2386 1
1207 6119 1
1207 4369 1
4564 6001 1
4564 2928 1
2638 5293 1
3211 5796 1
3211 4065 1
66 257 1
6252 179 1
6252 5165 1
5016 5046 1
2563 5633 1
6104 1018 1
3673 5033 1
3673 2684 1
1220 6206 1
1220 5713 1
1220 569 1
1220 1524 1
1220 1798 1
2015 3693 1
2015 5139 1
2440 3460 1
2440 4288 1
2440 2296 1
2440 474 1
1856 2958 1
254 4158 1
254 3177 1
254 4859 1
254 4248 1
3853 6108 1
3853 5726 1
3853 5789 1
3853 5316 1
3853 1591 1
3853 5731 1
3853 1902 1
6113 2002 1
26 673 1
26 1654 1
1985 3546 1
3542 290 1
3542 5787 1
3542 675 1
4198 4223 1
3641 3503 1
421 3981 1
421 705 1
421 2102 1
902 1868 1
3601 1404 1
869 116 1
5137 5226 1
5137 5265 1
2104 3727 1
4325 2910 1
4325 1259 1
188 98 1
436 4186 1
519 370 1
320 4391 1
2331 4059 1
469 1653 1
469 2191 1
469 3905 1
469 5302 1
469 4656 1
469 4485 1
5099 6004 1
5099 2793 1
5629 4300 1
5629 5416 1
3689 4410 1
3689 5174 1
1160 5881 1
6263 6048 1
303 1950 1
303 2997 1
303 1293 1
5800 1767 1
5800 3097 1
5801 3534 1
1320 2769 1
2710 5247 1
3883 4428 1
3883 2851 1
842 1254 1
3651 4460 1
3651 5692 1
3651 551 1
2820 629 1
2820 1538 1
3545 1263 1
6286 4685 1
1714 4940 1
6223 375 1
6223 4105 1
2452 2190 1
2452 4760 1
6062 1277 1
3728 595 1
5348 4146 1
5449 5344 1
5449 2263 1
5449 837 1
342 611 1
6271 4384 1
6271 94 1
6271 102 1
6271 4267 1
6271 1759 1
6271 1174 1
6271 1158 1
5114 5526 1
5114 1922 1
6023 3055 1
5051 1964 1
2153 759 1
871 4058 1
5467 2826 1
1098 6034 1
1098 3547 1
1098 5279 1
4187 2530 1
1613 5462 1
1613 1793 1
1613 1954 1
1613 1940 1
1613 4492 1
1613 2912 1
1613 5184 1
1613 882 1
1613 2875 1
1613 1455 1
1613 2599 1
1613 3787 1
1613 744 1
1613 5754 1
1613 2456 1
1613 845 1
1613 1056 1
1613 4231 1
1613 2320 1
1613 4701 1
1613 6253 1
1613 1194 1
3388 5009 1
1878 3084 1
2779 4112 1
2099 2480 1
2099 11 1
2099 4551 1
2099 683 1
6295 4835 1
2949 1438 1
1041 5541 1
1563 3779 1
1563 117 1
4469 5301 1
3653 5071 1
3653 4951 1
3653 1312 1
3653 5441 1
4873 408 1
4873 570 1
4873 389 1
4873 1515 1
4873 4707 1
4873 2944 1
5027 5128 1
1997 5882 1
5518 5143 1
5518 409 1
429 105 1
742 765 1
742 6087 1
3872 3843 1
1629 5671 1
1629 2756 1
1629 10 1
1629 1125 1
1629 2063 1
1629 2749 1
1629 1332 1
5940 1532 1
6217 3427 1
5191 263 1
5600 1252 1
5600 983 1
5325 1513 1
2081 924 1
2081 4831 1
2081 3076 1
2081 1364 1
2081 6099 1
3186 1366 1
4727 5018 1
2462 89 1
2462 3959 1
2462 4297 1
2017 5093 1
3951 3168 1
860 3286 1
4194 1169 1
816 280 1
5160 4671 1
5458 5056 1
2993 2745 1
4808 4601 1
3764 4515 1
3764 71 1
3223 2861 1
4679 4052 1
4522 5240 1
5367 2529 1
2811 5715 1
4044 892 1
3230 3411 1
3230 4896 1
2554 1794 1
747 3970 1
3426 3174 1
3426 4979 1
1147 5149 1
4257 4674 1
1393 1105 1
5635 1409 1
2204 4547 1
3692 6033 1
203 6133 1
2061 1061 1
1369 4309 1
1369 1993 1
3114 5108 1
3114 3831 1
3114 4529 1
5563 2796 1
5563 3119 1
5563 2985 1
5563 5518 1
356 2812 1
5097 1216 1
1946 4024 1
5376 2550 1
2110 1220 1
174 856 1
6311 761 1
862 6286 1
5451 3800 1
1373 1452 1
4172 4184 1
2388 4628 1
6155 757 1
6155 1114 1
6155 1766 1
6155 1160 1
6155 342 1
5146 6026 1
3498 3603 1
4966 902 1
355 2821 1
795 2607 1
4455 4459 1
4455 4542 1
4455 4634 1
4455 2243 1
4455 957 1
1879 417 1
1879 241 1
4561 6151 1
4561 5392 1
4561 641 1
3279 1736 1
1149 933 1
758 3206 1
758 1966 1
3945 5166 1
4892 199 1
4892 5065 1
4892 2272 1
4892 1671 1
4892 5164 1
4892 4380 1
581 5418 1
4768 4810 1
5695 3152 1
5252 115 1
5922 4691 1
5178 6237 1
5178 2569 1
129 1815 1
1983 5885 1
1054 4403 1
1685 5854 1
2278 2968 1
4893 846 1
4895 2427 1
5607 2202 1
2654 2496 1
2654 6022 1
2654 5648 1
3366 5228 1
6156 1847 1
881 4949 1
1311 4816 1
36 5099 1
5113 6166 1
5221 1529 1
760 2099 1
647 5034 1
4215 2305 1
4321 3364 1
1774 915 1
4364 3437 1
6146 2938 1
1634 266 1
2787 5440 1
2787 3010 1
4890 5382 1
4555 305 1
4555 1130 1
4555 4873 1
2760 3903 1
708 4376 1
5542 1898 1
894 4187 1
2184 1014 1
3888 3550 1
748 5341 1
6285 3136 1
814 4526 1
2164 5536 1
1357 4328 1
2932 4626 1
2932 4 1
1536 2004 1
4811 927 1
2566 5619 1
1614 2984 1
3739 717 1
974 1899 1
6210 3819 1
6282 5746 1
2136 5593 1
3961 773 1
2185 2683 1
4379 2423 1
1708 1705 1
4687 684 1
3150 634 1
5227 1381 1
1192 2311 1
4943 3361 1
875 5824 1
5017 5442 1
3030 4008 1
2805 138 1
1150 2431 1
3352 3859 1
642 497 1
1066 320 1
4753 5961 1
5579 5756 1
3491 3257 1
5426 4225 1
2357 2041 1
308 3338 1
4165 4732 1
3660 2635 1
5714 3403 1
445 987 1
198 4712 1
5151 870 1
91 2129 1
1653 470 1
1585 2586 1
437 3995 1
3525 5662 1
2223 3572 1
5898 967 1
704 3122 1
4898 5164 1
4151 5474 1
3976 3073 1
1921 2957 1
3786 2362 1
6046 3115 1
1981 4241 1
2232 2131 1
501 3682 1
3263 1730 1
4401 3723 1
3265 4983 1
6059 5926 1
3892 2687 1
5003 5379 1
4441 1394 1
4744 2444 1
312 23 1
238 4826 1
3844 1011 1
3133 5347 1
857 2527 1
4954 5306 1
1808 5261 1
2703 1501 1
961 978 1
5401 1616 1
918 3405 1
4420 1613 1
592 5955 1
4840 3255 1
6085 1036 1
5841 2645 1
5653 5949 1
2959 5624 1
5839 436 1
3360 107 1
5062 1243 1
3871 4605 1
5266 1604 1
1627 554 1
3188 2791 1
926 6218 1
702 2187 1
777 3297 1
2053 3932 1
32 2792 1
2428 5800 1
5558 2742 1
4509 4965 1
4509 4547 1
4578 1052 1
5255 3543 1
1770 4465 1
3085 3767 1
1586 3473 1
5142 4020 1
1859 2440 1
4097 1197 1
954 5408 1
518 1555 1
3125 1167 1
5409 1574 1
3350 5937 1
1937 5705 1
4312 1183 1
5909 2952 1
30 144 1
2119 4991 1
1210 4670 1
1368 539 1
5970 3220 1
2697 6245 1
713 3558 1
2518 780 1
1193 5820 1
4448 3744 1
3329 4277 1
1139 5137 1
3909 2900 1
2531 455 1
3421 5739 1
5173 2109 1
181 1431 1
3973 3038 1
