298 224 1
442 83 1
442 219 1
327 149 1
106 43 1
343 259 1
153 308 1
323 382 1
367 391 1
17 87 1
9 395 1
9 164 1
9 124 1
9 96 1
9 433 1
9 95 1
9 50 1
9 11 1
9 133 1
9 264 1
9 421 1
9 62 1
9 337 1
9 290 1
9 295 1
210 106 1
136 141 1
136 356 1
136 360 1
136 127 1
136 236 1
136 441 1
136 292 1
136 296 1
136 355 1
136 37 1
136 74 1
136 377 1
136 314 1
136 408 1
136 3 1
136 77 1
136 301 1
136 363 1
136 75 1
412 371 1
158 102 1
190 254 1
187 33 1
38 326 1
376 427 1
319 409 1
128 302 1
128 113 1
418 392 1
418 240 1
429 44 1
90 42 1
93 218 1
93 262 1
196 252 1
196 89 1
402 196 1
322 307 1
249 15 1
249 267 1
112 4 1
424 439 1
174 213 1
47 35 1
47 216 1
47 162 1
140 419 1
139 9 1
139 192 1
378 214 1
191 156 1
159 174 1
159 357 1
91 78 1
303 59 1
151 274 1
345 344 1
315 33 1
55 276 1
231 203 1
312 289 1
123 48 1
123 150 1
123 301 1
123 363 1
340 293 1
340 266 1
340 388 1
340 132 1
340 165 1
340 417 1
340 368 1
340 173 1
340 351 1
340 8 1
35 103 1
35 361 1
35 380 1
100 334 1
58 61 1
353 285 1
353 18 1
353 331 1
185 120 1
53 228 1
53 154 1
334 429 1
334 6 1
334 81 1
334 389 1
334 21 1
334 176 1
334 437 1
233 202 1
233 335 1
318 305 1
422 184 1
317 71 1
330 20 1
348 34 1
237 232 1
225 353 1
260 160 1
269 248 1
172 198 1
333 182 1
385 137 1
428 118 1
428 416 1
428 401 1
428 36 1
428 72 1
428 434 1
428 166 1
428 111 1
428 194 1
428 291 1
428 410 1
428 51 1
428 431 1
428 205 1
428 316 1
428 242 1
428 54 1
428 358 1
428 161 1
428 398 1
428 272 1
428 229 1
428 374 1
428 300 1
428 310 1
428 105 1
428 25 1
304 428 1
129 346 1
142 243 1
57 399 1
411 14 1
415 423 1
212 73 1
364 207 1
195 338 1
121 251 1
306 201 1
440 180 1
117 200 1
32 249 1
114 247 1
197 188 1
387 67 1
387 299 1
387 375 1
387 420 1
387 245 1
387 425 1
387 168 1
387 39 1
387 177 1
387 396 1
387 12 1
387 328 1
339 156 1
215 413 1
246 313 1
22 297 1
22 400 1
235 234 1
178 387 1
257 336 1
373 282 1
268 56 1
204 277 1
320 93 1
435 94 1
436 321 1
404 253 1
405 143 1
131 199 1
41 19 1
167 113 1
26 288 1
26 208 1
26 223 1
26 69 1
26 263 1
26 64 1
26 170 1
26 13 1
26 221 1
26 46 1
26 122 1
26 134 1
26 352 1
26 146 1
26 284 1
206 107 1
347 258 1
179 286 1
287 341 1
60 144 1
136 294 1
136 349 1
136 407 1
136 163 1
136 366 1
136 280 1
136 49 1
136 68 1
93 92 1
93 183 1
93 108 1
93 250 1
99 390 1
99 109 1
79 255 1
79 220 1
79 98 1
79 359 1
79 152 1
79 256 1
340 116 1
340 2 1
340 10 1
35 370 1
428 369 1
428 278 1
387 66 1
26 238 1
26 84 1
26 329 1
332 157 1
31 198 1
80 209 1
217 106 1
115 432 1
27 222 1
138 175 1
403 52 1
394 227 1
189 60 1
239 340 1
281 384 1
88 211 1
270 26 1
383 156 1
279 428 1
241 79 1
230 5 1
438 414 1
63 110 1
275 186 1
406 362 1
354 273 1
261 125 1
119 65 1
244 1 1
171 265 1
86 76 1
23 148 1
426 180 1
30 82 1
16 93 1
104 7 1
70 99 1
226 135 1
147 397 1
311 324 1
45 169 1
29 24 1
271 193 1
126 40 1
365 101 1
28 309 1
145 386 1
283 430 1
325 136 1
342 130 1
85 393 1
97 198 1
381 181 1
350 372 1
379 155 1
