4777 6370 1
6585 1844 1
4814 5091 1
4814 1886 1
6183 2401 1
6183 2144 1
6183 6748 1
2372 4838 1
2372 2479 1
2167 255 1
2167 4597 1
2167 971 1
2167 4966 1
3741 5742 1
3741 1787 1
6268 1609 1
1727 3231 1
1727 6627 1
1727 2665 1
1727 2626 1
5839 3286 1
4785 5977 1
1834 4216 1
1834 1293 1
1834 4486 1
1834 1548 1
1834 3295 1
1834 5145 1
3030 2201 1
3030 1919 1
4422 819 1
4422 3586 1
4422 4418 1
4422 1569 1
4422 5882 1
4422 1403 1
4422 517 1
4422 4992 1
4422 5595 1
4422 3897 1
4422 6214 1
4422 576 1
4422 2127 1
4422 1947 1
4422 914 1
4422 380 1
4422 32 1
4422 4907 1
4422 2076 1
4422 242 1
4422 1153 1
3108 469 1
3660 4812 1
4025 6498 1
2419 1845 1
2419 1862 1
2419 251 1
2419 444 1
2419 1762 1
2419 1976 1
1030 347 1
1623 2245 1
1623 5755 1
1623 2501 1
1623 1138 1
5509 6717 1
1426 2712 1
1426 6189 1
1426 3910 1
3531 2018 1
3531 357 1
3531 4207 1
3531 944 1
3531 3701 1
3531 5169 1
3531 2722 1
1511 259 1
3936 588 1
3936 1903 1
3936 1784 1
3936 4539 1
3936 1935 1
3936 5307 1
3936 342 1
3936 1454 1
3936 2217 1
2799 6618 1
2799 4652 1
5636 6708 1
5636 1314 1
5636 5336 1
5636 3308 1
5636 69 1
5968 986 1
5968 965 1
5968 2060 1
6689 2323 1
4202 2480 1
4202 3095 1
859 3144 1
859 3477 1
859 2568 1
859 690 1
3294 5706 1
3294 5422 1
3294 4638 1
3294 900 1
3294 6271 1
5297 3948 1
5297 1075 1
4376 6336 1
4376 159 1
4376 73 1
589 2536 1
2296 4653 1
2296 3995 1
2296 608 1
2296 556 1
2296 2672 1
2332 1179 1
2332 6262 1
2332 4006 1
2332 2088 1
2332 4719 1
2332 2535 1
2332 3220 1
2332 5398 1
2332 6204 1
2332 2770 1
2332 720 1
2332 2165 1
4736 2910 1
4736 6611 1
3529 5967 1
3529 4770 1
3529 4154 1
3529 5485 1
3529 4581 1
3529 590 1
3529 1720 1
1234 5634 1
860 2997 1
5239 711 1
5239 5367 1
5239 3846 1
5239 3457 1
5239 5897 1
5239 4670 1
5239 4155 1
5239 3780 1
5239 5007 1
5239 6087 1
5239 1946 1
5239 1892 1
5239 3290 1
5239 5870 1
5239 5538 1
730 5245 1
730 3201 1
2604 1517 1
2604 3818 1
2604 4232 1
2604 133 1
2604 915 1
5021 2294 1
5021 52 1
5021 4623 1
5021 2196 1
5021 3088 1
5021 6551 1
5736 4542 1
5736 4370 1
5736 6174 1
5736 5784 1
5185 696 1
5185 119 1
5185 3559 1
5185 1113 1
5185 591 1
5185 2859 1
5185 411 1
5185 3927 1
5185 5589 1
5185 1910 1
5185 3374 1
431 4354 1
431 1480 1
431 1357 1
2708 3866 1
4898 4437 1
4898 5223 1
6693 1351 1
6693 2021 1
6693 4877 1
6693 5660 1
6693 295 1
6022 3397 1
6022 6026 1
6022 843 1
288 1586 1
5427 6345 1
5427 1277 1
5427 3309 1
5427 2565 1
5427 6626 1
5427 4298 1
5427 1748 1
5427 123 1
5427 6058 1
5427 4103 1
5427 3066 1
5427 2526 1
5427 4238 1
5427 2207 1
3471 6219 1
3471 964 1
3471 2376 1
3471 5524 1
3471 1428 1
3471 1616 1
3471 3328 1
3471 1463 1
3605 2038 1
486 288 1
486 3683 1
486 2116 1
486 416 1
486 3431 1
821 4272 1
821 2423 1
821 3256 1
821 6711 1
821 4360 1
821 3483 1
3804 361 1
3804 2047 1
3804 5535 1
3804 1055 1
3804 1669 1
3804 1635 1
3804 2238 1
3804 3183 1
3804 2204 1
3804 624 1
3804 2883 1
3804 820 1
3804 4668 1
3804 2209 1
3804 3357 1
2824 5942 1
2824 2212 1
2808 4753 1
5306 2893 1
3776 1310 1
3943 6681 1
3943 1397 1
3943 4948 1
3943 2861 1
3951 4492 1
3951 3249 1
4849 1843 1
6219 4043 1
3466 1883 1
3466 2124 1
3466 2773 1
3466 5016 1
3466 5339 1
3466 3606 1
3466 6456 1
3466 982 1
1530 2985 1
2575 5559 1
5691 885 1
1743 6676 1
5144 6236 1
5144 2912 1
5144 353 1
5144 813 1
5144 1882 1
5144 4028 1
5144 6455 1
5144 6462 1
5144 2168 1
5144 2644 1
5144 1496 1
3144 3000 1
3144 3054 1
3144 1203 1
3144 810 1
3144 4541 1
3144 5290 1
3144 780 1
3144 5165 1
3144 2929 1
3144 3830 1
3144 6316 1
3144 2129 1
3144 4119 1
3144 571 1
3144 2416 1
3144 4461 1
278 428 1
1023 2551 1
1023 5750 1
1023 443 1
1023 6463 1
1023 4885 1
1023 3058 1
152 4831 1
152 1422 1
1703 4007 1
1902 6468 1
3172 4707 1
2156 4736 1
4003 5956 1
4003 977 1
4003 2298 1
4003 2635 1
4003 3102 1
4003 1611 1
4003 3368 1
4003 3826 1
4003 4791 1
4003 5757 1
4003 2537 1
5019 5411 1
3219 5762 1
2495 1008 1
2495 2740 1
2495 3324 1
2495 3842 1
2495 4873 1
2495 922 1
2495 6074 1
2495 3424 1
2495 3298 1
2818 4750 1
5645 180 1
5645 1264 1
3319 4637 1
3319 846 1
3319 2880 1
3319 2153 1
3319 2674 1
3319 2015 1
3319 317 1
3319 3130 1
3319 1624 1
3319 5765 1
3319 481 1
3319 3271 1
3319 4036 1
3319 3937 1
3319 1136 1
3319 2613 1
3319 4336 1
3319 5907 1
3319 5974 1
3319 5042 1
3319 1949 1
5123 5147 1
6333 4573 1
5652 78 1
5652 658 1
5652 4548 1
5979 189 1
2538 3291 1
2538 6279 1
2538 4699 1
3538 1967 1
3538 675 1
3538 5030 1
3538 4792 1
3538 1778 1
3538 6302 1
3538 423 1
3913 3719 1
1339 1961 1
4015 6449 1
4015 2354 1
89 2832 1
89 4716 1
89 6077 1
89 4644 1
89 1290 1
89 1301 1
89 378 1
89 4634 1
89 2469 1
89 58 1
89 6033 1
89 3299 1
89 955 1
89 3869 1
89 335 1
89 406 1
89 568 1
89 2240 1
89 20 1
6577 2430 1
6577 4960 1
1456 5284 1
2059 283 1
2059 2976 1
2059 2396 1
4068 5500 1
4068 5130 1
4068 3069 1
4068 5684 1
4068 2588 1
4068 991 1
4068 5505 1
4068 3159 1
4068 6153 1
4068 5616 1
4068 6559 1
4068 239 1
4068 4626 1
5410 4823 1
2466 566 1
16 1099 1
16 548 1
2841 2453 1
2841 1215 1
1329 2945 1
1329 1577 1
1329 928 1
1329 3384 1
1329 220 1
1329 4522 1
1329 5230 1
1329 453 1
1329 6763 1
1329 529 1
567 6579 1
5383 5656 1
5383 3243 1
5383 2524 1
5383 5162 1
5383 6366 1
5383 104 1
5813 3294 1
6555 364 1
6624 1341 1
6624 4592 1
6624 219 1
6624 3820 1
6624 4143 1
6624 4459 1
6624 3992 1
6624 1896 1
6624 5613 1
6624 4183 1
3656 4347 1
3656 3676 1
3656 305 1
3656 1478 1
3656 5550 1
3656 2907 1
3656 600 1
3656 5094 1
3656 5533 1
3656 6550 1
3656 3410 1
3656 1324 1
3656 1926 1
3656 2663 1
3656 4469 1
3656 1620 1
3656 3840 1
3656 1219 1
2749 2107 1
5590 6451 1
5590 6243 1
5590 5264 1
5590 5064 1
5590 3700 1
5590 1970 1
5590 4196 1
3502 6367 1
4350 5805 1
4350 225 1
4350 1662 1
4397 561 1
5367 3753 1
5367 4887 1
1028 1856 1
920 4156 1
2038 464 1
2038 2186 1
2038 5534 1
2038 2111 1
2038 4222 1
2038 6232 1
2038 4961 1
2038 4841 1
2038 341 1
2038 1098 1
2038 468 1
2038 3276 1
2038 101 1
2038 3825 1
2038 3914 1
5089 1520 1
5089 1291 1
6762 2645 1
6326 3277 1
1841 2362 1
1615 4178 1
1707 5960 1
1707 5080 1
1707 4566 1
1707 3521 1
1707 5265 1
1707 854 1
1707 5983 1
1707 3964 1
1707 4683 1
1707 2738 1
1707 5931 1
1707 5213 1
1707 668 1
1707 5013 1
1707 1725 1
1707 4092 1
1707 528 1
1707 4322 1
5319 533 1
5319 3656 1
5319 1250 1
5319 6169 1
5319 793 1
5319 1877 1
5319 4818 1
5319 2794 1
5319 4890 1
5319 6679 1
314 6584 1
2890 6474 1
2890 3055 1
2890 6521 1
2890 6528 1
2890 4663 1
2890 2447 1
2890 4306 1
2890 6785 1
2890 3380 1
1519 5318 1
1519 5260 1
1519 6696 1
1519 5581 1
1519 3847 1
2080 589 1
2080 6137 1
2080 836 1
2080 9 1
2080 5721 1
2080 3448 1
2080 6665 1
2080 966 1
2080 724 1
2080 4560 1
2080 4180 1
2080 5586 1
2080 1804 1
2080 2251 1
2080 512 1
2080 6078 1
2080 3950 1
618 3632 1
618 1382 1
2988 5650 1
2988 1023 1
2988 76 1
2988 3775 1
2988 254 1
2988 66 1
2988 2432 1
2988 5677 1
2988 6344 1
2988 3981 1
2988 1184 1
2988 2921 1
2988 3199 1
2988 3497 1
1275 4723 1
3921 3525 1
3921 492 1
3921 3715 1
3921 5564 1
6659 5904 1
1853 575 1
1453 5600 1
1453 71 1
1453 2451 1
1453 5565 1
1453 4020 1
686 2332 1
686 821 1
686 6292 1
686 5720 1
686 4108 1
2845 6180 1
2845 5914 1
3554 3320 1
3085 1832 1
3085 4773 1
5617 2853 1
5617 2213 1
5617 5541 1
5617 3010 1
5617 1793 1
5617 2096 1
5617 3063 1
5617 4787 1
5617 534 1
5617 2282 1
5617 1195 1
5617 3215 1
5617 5844 1
5617 2283 1
5617 448 1
5617 3460 1
5617 2143 1
5617 4533 1
5617 4958 1
5617 6556 1
5617 466 1
5617 2720 1
5617 6250 1
639 3270 1
3803 4950 1
3803 785 1
3803 2867 1
2825 2772 1
2825 3243 1
5855 6651 1
3501 2690 1
2773 5577 1
2773 4399 1
2773 304 1
2773 5237 1
2773 2163 1
2773 26 1
2773 868 1
2773 2682 1
2773 86 1
3139 5569 1
637 5383 1
637 560 1
637 1414 1
2267 5734 1
2425 1498 1
2425 4117 1
6109 3975 1
1711 436 1
1711 6771 1
1711 4931 1
2246 4808 1
2246 6346 1
5646 3658 1
5646 4088 1
2274 2986 1
2274 3773 1
2274 330 1
6164 134 1
6164 4460 1
6164 3180 1
4298 4071 1
5703 3454 1
5703 2262 1
1009 2860 1
2304 1040 1
2304 5087 1
5171 1297 1
4998 1011 1
4998 3662 1
4998 1262 1
4998 2390 1
4998 990 1
4998 1746 1
4998 2924 1
4998 4607 1
4998 6256 1
4998 2468 1
4998 12 1
4998 5323 1
4998 2595 1
4998 6714 1
4998 786 1
4998 5150 1
4998 4348 1
4998 4342 1
4998 3795 1
4998 5733 1
4998 5868 1
1761 127 1
5085 999 1
4338 6208 1
4185 3984 1
4185 5356 1
4185 1588 1
4185 2425 1
4185 1711 1
4185 2210 1
4185 3312 1
4185 2357 1
4185 3184 1
4185 5224 1
4185 4247 1
4185 1789 1
4185 5571 1
4185 3430 1
4185 3313 1
4185 3740 1
4185 1960 1
4185 4657 1
4185 3835 1
4185 6070 1
4185 973 1
4185 2973 1
3080 6493 1
3080 3430 1
4606 2205 1
2476 1644 1
2476 6179 1
2476 1709 1
3508 2263 1
2598 5322 1
2598 3197 1
2598 2397 1
2046 6515 1
2046 3416 1
2046 2862 1
2046 2936 1
2046 5633 1
2046 47 1
2046 3781 1
2046 4946 1
4289 6184 1
4289 5517 1
4289 5420 1
4289 4662 1
4289 2048 1
4289 1752 1
4289 5484 1
4289 442 1
4289 6538 1
4289 4562 1
4289 3407 1
4289 2157 1
4289 3334 1
4289 461 1
4289 252 1
5689 3432 1
5689 1251 1
5689 3574 1
5689 3626 1
5689 1085 1
5689 2877 1
5689 5417 1
5689 3311 1
1429 3848 1
1429 4499 1
1429 5963 1
1429 3500 1
1429 177 1
1429 4479 1
1429 5612 1
778 5682 1
778 3495 1
778 2509 1
778 5752 1
3124 26 1
3590 6726 1
3752 3169 1
4237 2871 1
4217 3832 1
4217 4099 1
4217 6222 1
4217 2667 1
4217 2651 1
4217 5710 1
4217 905 1
4217 3546 1
4217 3020 1
4217 1467 1
5385 1326 1
1269 3071 1
1269 1331 1
1269 1157 1
1269 4464 1
1269 2336 1
1269 18 1
1269 1197 1
1269 6378 1
1269 2477 1
1269 4037 1
6529 294 1
791 5498 1
791 3455 1
2753 2226 1
2753 1130 1
2753 3445 1
1152 2622 1
5283 1488 1
5283 498 1
5283 1563 1
5283 5196 1
5283 3927 1
5283 3376 1
5283 3716 1
5283 2464 1
5283 350 1
5283 829 1
5283 5474 1
6329 5360 1
6329 6006 1
2870 2079 1
3926 1647 1
3926 5471 1
3926 3748 1
3926 1440 1
6427 121 1
6427 5932 1
6427 6586 1
6427 3134 1
6427 2874 1
6427 1840 1
6427 5414 1
6427 3619 1
2134 5863 1
1559 6475 1
1559 580 1
1559 5400 1
1559 1006 1
1559 5065 1
1559 701 1
1559 1555 1
1559 2876 1
1559 4041 1
1559 5081 1
3703 1517 1
3703 2079 1
3015 197 1
3015 632 1
3015 408 1
3015 1641 1
3128 641 1
3012 5214 1
3012 4004 1
3012 1433 1
3012 111 1
3012 2919 1
3012 3377 1
3012 604 1
3012 2761 1
3012 6443 1
3012 1779 1
3012 4892 1
3012 4112 1
3012 275 1
3012 33 1
3012 3487 1
3012 557 1
3012 4933 1
3012 1943 1
3012 2369 1
3012 4913 1
3012 6327 1
3012 4503 1
3012 1677 1
3012 1473 1
3012 3147 1
3012 4648 1
3012 1104 1
3012 3073 1
3012 2765 1
3012 4799 1
3012 6120 1
3012 6309 1
3012 2103 1
6767 6264 1
4378 3498 1
4378 1769 1
4378 4416 1
6495 265 1
506 6765 1
1129 613 1
1129 1363 1
1129 2994 1
1129 1041 1
1129 6415 1
1129 6389 1
1129 1225 1
1129 5026 1
2260 5951 1
957 2270 1
2767 3026 1
1571 6268 1
1571 6307 1
1571 5195 1
1571 4794 1
1571 6734 1
1571 1441 1
1571 5036 1
1571 4300 1
1571 5100 1
1571 4417 1
1571 1094 1
1571 1722 1
1571 5308 1
2231 717 1
2231 5312 1
2231 1596 1
2231 390 1
2231 746 1
2231 2007 1
2231 2288 1
2231 321 1
5893 5649 1
5893 968 1
1250 4881 1
1250 3614 1
1250 5793 1
1250 6625 1
1250 1730 1
1250 5911 1
3541 5476 1
253 5833 1
23 4465 1
1906 1270 1
1906 5946 1
1906 1088 1
1906 1451 1
1906 642 1
1906 4313 1
1906 4027 1
1906 4857 1
1906 6027 1
1906 2259 1
1906 3563 1
1906 1657 1
1906 1878 1
1906 5547 1
1906 405 1
1906 5399 1
1906 6404 1
1906 1188 1
1906 42 1
2205 5996 1
2205 4018 1
2205 5029 1
6645 6631 1
2967 1095 1
2967 667 1
5758 683 1
5758 1671 1
5758 3607 1
5758 4854 1
5758 3610 1
5758 6240 1
5758 6069 1
5758 497 1
3822 3156 1
1852 4878 1
1852 1199 1
1852 4796 1
1852 5522 1
2490 2407 1
2490 136 1
2490 2536 1
2490 446 1
6715 5915 1
4167 5156 1
1412 3951 1
1412 1276 1
1412 6055 1
1412 2569 1
1412 5027 1
1412 6181 1
1412 114 1
1412 5673 1
3639 1327 1
5554 125 1
3047 3444 1
3047 1608 1
1742 582 1
6095 5537 1
6095 2634 1
6778 1408 1
6578 5074 1
6578 350 1
5976 4171 1
5976 4147 1
5976 6318 1
5976 327 1
5976 4490 1
5976 1778 1
5976 2415 1
5976 4211 1
5976 5901 1
5976 3528 1
5976 4666 1
5264 6557 1
5264 1828 1
5264 258 1
5264 4133 1
5264 5489 1
503 2835 1
503 2981 1
503 708 1
503 2441 1
503 2331 1
503 1750 1
1235 2053 1
4604 1069 1
4604 4870 1
4604 4688 1
4604 4516 1
4604 1951 1
1537 6262 1
1537 276 1
1537 4100 1
1537 4580 1
1537 5121 1
6358 4334 1
6358 5605 1
1944 722 1
1944 5330 1
1944 5366 1
1944 5172 1
1944 710 1
1944 2518 1
3632 5055 1
3632 562 1
3632 2249 1
3632 4488 1
3632 6053 1
3632 5263 1
3632 6338 1
3632 2823 1
3632 3929 1
3632 306 1
2152 1339 1
3401 5185 1
3401 4702 1
3401 250 1
3401 3921 1
3401 3275 1
3401 5188 1
3401 1059 1
3401 6410 1
3401 633 1
3401 6572 1
3401 2796 1
3401 5282 1
3401 1763 1
3401 2333 1
3401 4428 1
3401 609 1
3133 3990 1
3133 1721 1
3133 5994 1
3133 1393 1
3133 1688 1
3133 6247 1
3133 607 1
3133 5738 1
3133 1131 1
3133 2754 1
3133 2932 1
3133 1690 1
3133 2006 1
3133 413 1
3133 6114 1
3133 1788 1
3768 2062 1
5351 191 1
5351 3580 1
5351 6535 1
5351 3572 1
2171 373 1
2171 6175 1
614 1572 1
5876 3702 1
5876 4863 1
5876 354 1
5876 1815 1
6546 4343 1
6546 3754 1
6546 2268 1
6546 6391 1
6546 1551 1
6546 6458 1
6546 3730 1
6546 3900 1
6546 6376 1
6546 4942 1
6546 5806 1
6546 1492 1
6546 5296 1
6546 4000 1
5102 2847 1
5102 374 1
5102 284 1
5102 3583 1
5102 5617 1
5102 2520 1
5102 4701 1
5102 663 1
5102 2649 1
5102 4611 1
5102 5702 1
5102 6012 1
5102 1964 1
5102 6776 1
5102 4158 1
5102 4645 1
5102 716 1
5102 1007 1
5102 5388 1
5102 2802 1
5102 1402 1
5102 3762 1
5102 6729 1
5102 5295 1
5102 40 1
5102 3441 1
5102 5966 1
5102 1295 1
5102 6514 1
5102 6272 1
5102 1879 1
5102 876 1
5102 3868 1
5102 5732 1
5102 1107 1
5102 4783 1
5102 2600 1
5102 2706 1
5102 6480 1
5102 1084 1
5102 1334 1
2523 6740 1
2523 4718 1
2523 3387 1
6365 6612 1
6365 5071 1
6365 3174 1
6365 5984 1
3006 3515 1
3006 1859 1
2991 5824 1
1283 5461 1
1283 3710 1
1283 5787 1
1283 4096 1
1283 4861 1
1283 4011 1
1283 3191 1
1283 56 1
1283 2452 1
1283 4526 1
1283 3166 1
1283 3763 1
1283 10 1
375 1140 1
375 5871 1
375 4287 1
375 4471 1
375 2098 1
375 2358 1
375 3121 1
375 5247 1
375 2243 1
375 1061 1
375 2271 1
375 1770 1
375 4690 1
375 538 1
375 5149 1
707 3566 1
4379 5995 1
6169 1246 1
6169 91 1
6169 4016 1
6169 6001 1
6169 6780 1
6169 4320 1
6169 2383 1
6169 5716 1
6169 1305 1
6169 3727 1
6169 995 1
6169 5614 1
6169 800 1
6169 2485 1
6169 1718 1
6169 3163 1
6169 891 1
6169 404 1
6169 376 1
6169 6664 1
6169 1597 1
6169 5334 1
6169 2786 1
6169 2386 1
5932 1974 1
5932 672 1
346 6205 1
346 450 1
3957 3694 1
3957 90 1
2882 3035 1
2882 666 1
2882 162 1
2882 3045 1
2882 4349 1
2882 3405 1
2882 5924 1
2882 1167 1
2882 2041 1
2882 5531 1
2882 15 1
5671 3704 1
3608 5740 1
885 1538 1
885 4123 1
885 5392 1
885 6105 1
885 2069 1
885 4421 1
885 648 1
885 1333 1
885 2719 1
885 1110 1
885 2353 1
248 282 1
248 6122 1
248 3854 1
248 3581 1
248 5228 1
4959 3282 1
4242 4025 1
4242 4268 1
4242 718 1
3589 4504 1
3589 1955 1
3589 232 1
3589 4199 1
3589 6 1
3589 877 1
3589 3821 1
3589 3001 1
3589 6303 1
3589 1365 1
3589 1472 1
3589 3503 1
3589 5 1
3589 5814 1
3589 6386 1
3589 2436 1
3589 934 1
3589 6115 1
3306 5432 1
3306 723 1
301 6429 1
301 49 1
4146 2133 1
845 2896 1
845 638 1
845 5789 1
845 5466 1
845 202 1
845 6360 1
845 4082 1
845 4618 1
3316 3865 1
3627 1156 1
3627 709 1
4106 3822 1
5304 1161 1
3751 4622 1
3751 343 1
3751 403 1
3751 3630 1
3751 3450 1
3751 5491 1
3751 4659 1
3751 5610 1
3751 6560 1
3751 935 1
3751 3575 1
4260 878 1
4260 3911 1
4541 3392 1
4541 6188 1
4541 5361 1
228 409 1
932 4788 1
932 5250 1
932 4855 1
932 847 1
932 4496 1
932 3036 1
932 5276 1
4839 842 1
1222 6659 1
1222 2773 1
1222 579 1
1222 6325 1
1222 2906 1
1222 181 1
1222 1692 1
1222 5469 1
1222 685 1
1222 3802 1
1222 6083 1
1222 2969 1
1222 27 1
1222 759 1
1222 2034 1
1222 6425 1
1222 5178 1
4233 230 1
3853 4711 1
1532 3332 1
1358 3737 1
1358 761 1
1358 3698 1
1358 5141 1
1358 5941 1
1358 5763 1
1358 5158 1
1358 4248 1
1358 997 1
1358 1340 1
1358 2093 1
1358 3349 1
1358 6265 1
1358 5592 1
793 1904 1
2582 2237 1
2582 6481 1
3704 3467 1
3704 4284 1
3704 2428 1
3221 5845 1
3221 3547 1
3221 5493 1
3221 5709 1
319 6672 1
319 1944 1
1108 3476 1
3707 359 1
3707 2954 1
3707 6516 1
4684 662 1
4684 757 1
4398 3708 1
2952 6158 1
2952 3120 1
2952 2625 1
2952 2335 1
2952 5526 1
2952 669 1
2952 5782 1
2952 4677 1
2952 1204 1
2952 3839 1
2952 519 1
2952 1063 1
2952 1744 1
2952 6754 1
2952 3855 1
2952 1618 1
2952 1505 1
2952 574 1
515 6072 1
515 2036 1
5134 1100 1
5134 6704 1
5134 4362 1
5134 2685 1
5134 3633 1
5134 4793 1
5134 643 1
5134 2286 1
5134 5653 1
5134 4851 1
5134 4301 1
5134 804 1
975 3093 1
1038 3596 1
1038 5767 1
1038 433 1
1038 3222 1
1038 5540 1
1038 2379 1
1038 107 1
1038 1933 1
1038 2804 1
1038 1615 1
1038 1592 1
1038 4045 1
1038 1810 1
1038 4573 1
1038 4245 1
1038 5929 1
1038 4069 1
1038 412 1
1038 2424 1
1038 4489 1
1038 4546 1
1038 2844 1
1038 1601 1
1038 1846 1
1038 897 1
1038 3494 1
1038 5902 1
1038 1223 1
1038 5701 1
1038 4480 1
1038 6470 1
1038 4109 1
1038 2140 1
1038 2319 1
1038 1923 1
1038 2108 1
1038 5114 1
1038 927 1
1038 4002 1
1038 193 1
1038 3310 1
1038 145 1
1038 3261 1
1038 1710 1
1038 2675 1
1038 3988 1
1038 5560 1
1038 4704 1
1038 4674 1
6501 5958 1
1311 3597 1
1311 4939 1
1311 1952 1
1311 4895 1
1905 3731 1
1905 2404 1
1905 2228 1
1905 2344 1
1905 6497 1
1905 880 1
1905 2539 1
4210 3033 1
5318 4296 1
5177 6210 1
5177 490 1
5177 1606 1
5177 1002 1
5177 2097 1
5177 2149 1
5177 4660 1
5177 168 1
5177 5864 1
5177 6545 1
5177 2655 1
5177 4612 1
5177 5241 1
5177 6348 1
5177 3524 1
5177 2983 1
5177 3755 1
5177 5246 1
5177 2043 1
3454 1735 1
3454 414 1
3454 5458 1
3454 4543 1
3454 4023 1
3454 1289 1
3454 143 1
6339 6452 1
6393 246 1
6393 3240 1
6393 4924 1
6393 1298 1
6393 2444 1
6379 2688 1
6379 6079 1
6379 983 1
6379 6313 1
317 6187 1
317 1060 1
317 5208 1
317 2758 1
317 2220 1
317 5298 1
6623 2926 1
5822 6398 1
5822 2056 1
5822 5764 1
5822 2953 1
5822 372 1
5822 5424 1
5822 6257 1
5822 1041 1
5822 818 1
5822 456 1
5822 3576 1
5822 1317 1
5822 5672 1
5822 3790 1
5822 4340 1
5822 2887 1
2894 2305 1
2894 2483 1
2894 4598 1
2894 4483 1
2894 1870 1
2894 3956 1
2894 3653 1
2894 5708 1
2424 3624 1
2543 3365 1
4181 4190 1
4181 2950 1
4181 3750 1
4181 906 1
4181 6616 1
4181 6278 1
4181 2265 1
4181 1867 1
4181 1191 1
4181 144 1
6697 6025 1
6697 4375 1
6697 397 1
6697 3562 1
6697 4980 1
6697 336 1
6697 2137 1
6697 115 1
6697 5435 1
2846 1105 1
3162 1668 1
3162 5283 1
3162 5797 1
3162 5048 1
3162 425 1
3162 3592 1
3162 1691 1
3162 4089 1
3162 5948 1
1323 3745 1
5681 208 1
3655 1527 1
3655 1170 1
3655 2974 1
3655 1437 1
3655 6371 1
3655 2820 1
3655 3682 1
3655 3915 1
5511 1537 1
5292 3444 1
3849 948 1
2433 6527 1
2433 1494 1
940 1853 1
2560 4067 1
2560 6499 1
2560 2008 1
2560 1958 1
669 3253 1
669 2625 1
669 2335 1
669 1988 1
669 6036 1
744 659 1
5622 1259 1
5052 2743 1
5052 5286 1
5052 6544 1
5052 6751 1
5052 4843 1
5052 2914 1
5052 6315 1
5052 902 1
5052 4545 1
6700 4588 1
641 2617 1
641 2115 1
641 1801 1
641 1990 1
641 4091 1
641 1261 1
641 6695 1
641 3823 1
641 6413 1
641 4713 1
641 979 1
641 870 1
641 2878 1
2023 3408 1
5988 2312 1
544 5873 1
544 478 1
544 3015 1
544 2272 1
544 2426 1
544 6737 1
544 6255 1
544 2836 1
544 542 1
544 2806 1
544 5344 1
544 5006 1
544 192 1
544 2608 1
544 2113 1
544 178 1
544 1824 1
544 6280 1
544 3167 1
544 2975 1
544 122 1
2946 5163 1
4815 5683 1
4815 2980 1
4815 370 1
4815 4455 1
2636 6368 1
2636 2889 1
2636 4337 1
6419 2445 1
6419 5651 1
6419 6484 1
1087 6117 1
1087 5083 1
4489 6461 1
6290 1741 1
6290 4617 1
6290 6093 1
6290 988 1
6290 2147 1
6290 5173 1
6290 3982 1
4743 3402 1
4743 4366 1
4743 5325 1
4743 1713 1
4743 1761 1
4743 4518 1
4743 2202 1
4743 1214 1
4743 2552 1
4743 5291 1
4743 3809 1
4743 3671 1
4743 6108 1
4743 1217 1
4743 4987 1
4743 2122 1
4743 5639 1
4743 2387 1
4743 2011 1
4743 6380 1
4743 3116 1
4743 6680 1
4743 612 1
4743 2403 1
4743 814 1
4743 4355 1
4743 4756 1
4743 247 1
4743 861 1
4743 1698 1
4743 3688 1
4743 3807 1
2377 6029 1
2377 3152 1
2377 5313 1
2377 930 1
2377 4020 1
4075 4292 1
4075 2427 1
1612 4407 1
1612 1636 1
3999 2266 1
3472 5599 1
3472 3053 1
866 6049 1
866 3198 1
866 5832 1
4253 6407 1
44 348 1
44 253 1
44 5847 1
44 513 1
44 4435 1
44 6337 1
44 3092 1
44 2091 1
2169 1852 1
2169 1646 1
4145 5525 1
4145 1132 1
4145 6692 1
4145 2175 1
5561 3935 1
5561 945 1
5561 620 1
5561 5961 1
5561 4291 1
5561 266 1
5561 360 1
5561 3615 1
5561 4954 1
5561 4969 1
5561 2158 1
5561 1875 1
5561 1405 1
5561 5890 1
5561 3489 1
1452 2487 1
1452 218 1
1452 5807 1
1452 3677 1
1452 1772 1
1452 5954 1
1452 2584 1
1452 4784 1
1452 2234 1
3971 5473 1
3971 733 1
3971 4321 1
3971 5558 1
3971 6670 1
3971 3244 1
3971 2926 1
5593 3622 1
3018 4767 1
3018 5827 1
3018 1358 1
3018 68 1
3018 4408 1
3018 6479 1
3018 2718 1
151 2322 1
4280 3338 1
4280 1950 1
4280 5236 1
4280 5041 1
4280 2580 1
4280 1476 1
4280 5270 1
4280 4766 1
4875 1048 1
4875 2776 1
4875 3824 1
4875 1047 1
4675 3735 1
217 1438 1
1054 5995 1
1054 6260 1
1054 1962 1
1054 113 1
5921 727 1
5921 206 1
5921 4413 1
5921 1622 1
1401 698 1
1873 4785 1
1873 1510 1
1873 4936 1
1873 3458 1
1873 3185 1
1873 5711 1
1873 2850 1
1873 6170 1
1873 2718 1
2033 201 1
4148 3370 1
4148 4867 1
4148 4218 1
4148 1448 1
4148 1506 1
4148 6358 1
4148 6409 1
4148 2197 1
4148 3114 1
4148 4731 1
4148 1543 1
4148 6016 1
4148 4009 1
4148 1325 1
4148 1799 1
4148 1927 1
4148 5126 1
4148 5725 1
4148 2562 1
4148 5803 1
4148 595 1
4148 4406 1
4148 1178 1
1642 4384 1
1642 2231 1
1642 3127 1
1642 5075 1
1642 1164 1
1642 4325 1
2437 2154 1
2437 5921 1
2437 1487 1
2437 4314 1
2437 4086 1
2437 2632 1
2437 5572 1
6781 586 1
3672 2574 1
6744 4711 1
4899 1628 1
3289 6352 1
3094 6193 1
3094 4365 1
3094 6741 1
3094 4235 1
3094 5555 1
3094 5753 1
3094 2145 1
3094 4281 1
3094 1490 1
3094 649 1
3094 4182 1
3094 4184 1
3094 3371 1
3094 4012 1
3094 1704 1
3094 55 1
3094 5371 1
3094 3208 1
3094 712 1
3094 6123 1
2660 2852 1
2660 1755 1
2660 2435 1
2660 6581 1
5867 677 1
2723 3978 1
2671 187 1
2671 4409 1
2671 5796 1
2671 2987 1
2633 245 1
4902 5391 1
148 1743 1
148 3536 1
3419 6464 1
5442 3765 1
66 5606 1
66 6014 1
66 6319 1
4382 1809 1
4382 157 1
4382 1037 1
4382 3896 1
4382 3509 1
4382 5139 1
3593 322 1
5955 4424 1
5955 3296 1
5955 3017 1
5955 4530 1
5955 5674 1
5955 4189 1
5955 5707 1
5955 2557 1
5955 4555 1
5955 3507 1
5955 6759 1
5955 4811 1
775 6084 1
1160 5678 1
1160 3447 1
1308 4609 1
1308 1521 1
6055 135 1
6055 5401 1
6055 2830 1
6055 2714 1
6055 969 1
6055 5017 1
6055 5594 1
6055 1819 1
6055 198 1
2848 3709 1
4591 3932 1
4591 1062 1
4591 146 1
4591 5362 1
2569 37 1
2569 2777 1
2569 6215 1
2480 5480 1
4677 2799 1
4677 1392 1
4677 2068 1
4677 1066 1
4677 1394 1
4677 401 1
4677 3203 1
4677 163 1
4677 6558 1
4677 1948 1
4677 2925 1
4677 1899 1
4677 2105 1
4677 2989 1
4677 565 1
4677 2161 1
4677 6397 1
4677 916 1
1368 5138 1
1368 313 1
1368 2752 1
1368 1344 1
1368 841 1
5433 4791 1
3089 2579 1
3089 486 1
3089 3005 1
3089 1417 1
3089 2090 1
3089 4977 1
3089 6117 1
3089 156 1
3089 2442 1
3089 2233 1
3089 6722 1
3089 5820 1
3089 3420 1
3089 2554 1
3089 5083 1
3089 2307 1
3089 592 1
3089 838 1
5273 2222 1
5273 5818 1
5273 4265 1
5273 2631 1
5273 2478 1
5273 1387 1
5273 1773 1
5273 3814 1
5273 3446 1
5273 3248 1
5273 985 1
5273 572 1
4740 2170 1
4740 5748 1
6007 1891 1
2568 6396 1
2568 2051 1
2568 6444 1
2568 1421 1
2568 749 1
2568 3501 1
2568 1372 1
2568 6760 1
2568 3711 1
2568 510 1
2568 4947 1
2568 3769 1
2568 6772 1
2568 4436 1
2586 2587 1
4734 1220 1
4734 6391 1
4734 4220 1
4734 3465 1
4201 1082 1
4201 4832 1
4201 2700 1
4201 6660 1
4201 524 1
4201 6546 1
4201 1532 1
4201 3221 1
4201 3454 1
4201 5834 1
4201 2291 1
4201 3155 1
4201 6185 1
4201 276 1
4201 2275 1
4201 2504 1
4201 3236 1
4201 2450 1
4201 6426 1
4201 806 1
4201 3062 1
4201 507 1
4201 4937 1
4201 6609 1
4201 3945 1
5186 797 1
5186 2182 1
5186 84 1
2855 3584 1
6274 4836 1
6274 5675 1
1583 5695 1
1583 796 1
1583 4654 1
1583 3038 1
1583 2928 1
1583 5502 1
1583 4502 1
1583 3659 1
1583 1114 1
1583 5894 1
1583 6241 1
1583 2716 1
1583 2258 1
1583 3811 1
2993 3529 1
2993 6567 1
740 2507 1
5754 6633 1
5754 137 1
3925 1825 1
3617 5413 1
3617 5120 1
3617 4610 1
3617 866 1
3617 5510 1
3617 6446 1
3617 5512 1
3617 736 1
3617 316 1
1876 1626 1
1876 4616 1
3866 5972 1
3866 2966 1
3866 734 1
3866 1027 1
1312 4822 1
4134 857 1
5067 3250 1
3552 3997 1
3552 5927 1
3552 1822 1
3552 2939 1
3552 5950 1
3552 6145 1
3552 6440 1
3552 2081 1
3552 2473 1
3552 2884 1
3552 2731 1
3552 1345 1
97 2304 1
97 2030 1
3332 6183 1
3332 1000 1
3332 1756 1
3332 3942 1
3332 61 1
1877 6727 1
5786 884 1
4127 2506 1
2166 4596 1
2166 4478 1
600 6019 1
2448 6728 1
1198 5795 1
1198 3533 1
1198 2739 1
1198 5050 1
1198 4453 1
1198 3493 1
1198 1847 1
1198 783 1
1198 4415 1
1198 6720 1
1198 1010 1
1198 5492 1
153 2560 1
4552 5839 1
4552 1561 1
4552 355 1
4552 908 1
4552 25 1
4552 309 1
4552 3732 1
4552 5183 1
4552 5542 1
4552 6125 1
4552 6621 1
3876 1457 1
3876 2689 1
5016 1427 1
4511 6372 1
2075 3885 1
2041 4751 1
2041 1739 1
2041 5655 1
2041 4050 1
4191 2767 1
4191 3176 1
4191 2315 1
4191 3539 1
2620 5227 1
2620 3081 1
2620 630 1
4177 4757 1
4177 1605 1
4177 4352 1
4177 4117 1
4177 3746 1
4177 3430 1
4177 3313 1
4177 4727 1
4177 2955 1
4177 5317 1
4177 2768 1
4177 4721 1
5595 1453 1
5595 6745 1
5595 3480 1
5595 4441 1
5595 5242 1
5595 2897 1
5595 6724 1
5595 5591 1
1851 925 1
1851 419 1
1560 770 1
1560 4806 1
1560 4498 1
1560 1673 1
5619 4860 1
5619 6269 1
5619 108 1
5619 5117 1
901 6310 1
5986 6588 1
5986 4988 1
5986 4578 1
5986 1430 1
5986 2239 1
5986 4833 1
5986 2858 1
5986 4054 1
5986 38 1
5986 1786 1
5986 5068 1
5986 3587 1
5986 4388 1
5986 2484 1
5986 3204 1
5986 3989 1
5986 5368 1
5986 3434 1
5986 4619 1
5986 1953 1
5986 271 1
5986 5184 1
5986 6614 1
5986 2834 1
5986 864 1
5986 389 1
5986 671 1
5986 2659 1
5986 921 1
5986 2642 1
5986 272 1
5986 6421 1
5986 3079 1
5986 2591 1
5986 6314 1
5986 2414 1
5986 1676 1
5986 5056 1
5986 1920 1
5986 4445 1
5986 5180 1
5986 1013 1
5986 5287 1
5986 762 1
5986 5487 1
5986 1154 1
421 3959 1
421 1362 1
421 4403 1
421 463 1
421 3786 1
421 6365 1
421 3207 1
421 4225 1
421 5621 1
421 2014 1
421 6587 1
421 3254 1
421 6142 1
421 326 1
421 4 1
421 310 1
421 1173 1
5846 1267 1
2199 6509 1
2199 2002 1
2199 1581 1
2199 102 1
3207 4124 1
3207 2359 1
3207 950 1
3207 1679 1
3207 4450 1
3207 4558 1
3207 5888 1
3207 987 1
3207 545 1
3207 754 1
3207 4993 1
3207 1064 1
3207 5107 1
3207 1299 1
3207 6591 1
3207 4577 1
5138 1137 1
2759 6017 1
2759 1404 1
2759 1418 1
2759 5063 1
2759 4228 1
2759 547 1
2759 2998 1
2759 5475 1
2759 488 1
2759 2977 1
2759 5399 1
2759 1377 1
2759 3485 1
2759 2405 1
2759 4819 1
2759 747 1
2759 3048 1
2759 2713 1
2759 1968 1
3375 5061 1
3375 5860 1
3375 6657 1
743 1539 1
743 6628 1
3321 5146 1
4918 6150 1
1122 5987 1
6634 1133 1
6634 6756 1
6634 3922 1
6634 5891 1
1093 5916 1
1093 233 1
1093 5155 1
1093 772 1
1093 3027 1
1093 4640 1
1093 6599 1
842 4205 1
842 1977 1
842 5872 1
842 3556 1
842 5051 1
842 5253 1
842 5416 1
842 2025 1
3021 2704 1
3021 1553 1
3021 4661 1
3021 956 1
4053 2813 1
4053 5529 1
4053 5628 1
4053 3350 1
4053 504 1
3352 3106 1
3352 3953 1
3352 5381 1
3352 4195 1
3352 2542 1
5281 3538 1
5281 1841 1
5281 2898 1
5281 6202 1
5281 1425 1
5281 4684 1
5281 3684 1
5281 19 1
3345 322 1
5338 1614 1
5338 5377 1
5338 4353 1
5338 4880 1
5338 2443 1
1336 3425 1
1336 6684 1
1336 563 1
1336 4949 1
1336 5428 1
1336 6576 1
3972 5993 1
201 4777 1
201 4042 1
201 6457 1
201 196 1
201 3783 1
201 863 1
201 5335 1
201 4389 1
201 2816 1
201 6291 1
201 6037 1
3185 4673 1
3745 3604 1
1805 3360 1
1805 6277 1
1805 1374 1
1805 3827 1
1805 300 1
1805 5700 1
476 853 1
476 898 1
6523 1975 1
6523 6244 1
6523 1893 1
6523 4712 1
6523 5623 1
6523 4186 1
6523 6076 1
6523 5353 1
6523 6595 1
6523 4128 1
6523 263 1
6523 3211 1
6523 6295 1
5860 1379 1
5860 848 1
5860 6015 1
5860 3784 1
5860 1613 1
5860 1285 1
5860 1332 1
5860 93 1
5860 6030 1
5860 1840 1
5860 2533 1
1483 3041 1
2300 6104 1
5234 5102 1
4574 3026 1
1230 5584 1
1230 2798 1
4333 4241 1
4333 5386 1
2146 1347 1
2146 2278 1
2146 4046 1
2146 2279 1
2146 4628 1
2146 1723 1
2146 352 1
2146 3273 1
4300 4275 1
1102 5128 1
6432 5021 1
6743 5488 1
1112 1822 1
1112 5436 1
1112 6051 1
6220 5333 1
6220 5267 1
6220 22 1
6220 6267 1
2378 4889 1
1349 5099 1
2014 6373 1
2800 1080 1
2901 3200 1
2901 3841 1
2901 3933 1
1237 3874 1
1118 6466 1
1785 4439 1
4009 2381 1
2608 221 1
4372 3738 1
3259 6207 1
3259 3280 1
3442 2372 1
3442 850 1
3442 5618 1
3442 231 1
3442 4253 1
3442 6569 1
3442 4908 1
3442 5930 1
3442 6177 1
3442 3723 1
3442 1797 1
3442 5778 1
3442 6149 1
3442 5481 1
3442 2176 1
3442 1508 1
3442 817 1
3442 3459 1
3442 3657 1
3442 972 1
3442 6698 1
3442 6004 1
1325 3109 1
5889 1792 1
4019 4323 1
563 714 1
563 862 1
563 1545 1
2585 4551 1
2585 2334 1
2585 4642 1
2585 4604 1
2585 1086 1
2585 3125 1
2585 4262 1
2585 1837 1
2585 4001 1
2585 1971 1
2585 3845 1
2585 2347 1
2585 2374 1
2585 858 1
2585 4227 1
2585 619 1
2585 5829 1
2585 2843 1
6062 3367 1
2691 2106 1
6572 30 1
6572 5973 1
6253 1871 1
6253 5306 1
6253 5383 1
6253 6164 1
6253 6209 1
6253 4549 1
6253 6124 1
6253 1541 1
4175 4005 1
1972 4070 1
6298 5657 1
4905 4685 1
4905 3461 1
4905 755 1
4905 2492 1
4905 1803 1
4905 4286 1
4905 1780 1
4905 6484 1
4905 4891 1
4905 1025 1
4905 1575 1
4905 1 1
4905 2680 1
4905 5815 1
6181 3803 1
4750 3355 1
1811 4127 1
4344 2747 1
1192 381 1
1192 2458 1
4801 5999 1
2645 1591 1
2645 4765 1
2645 3255 1
2645 4464 1
2645 3863 1
2645 3070 1
4423 1621 1
64 329 1
1139 62 1
4317 6079 1
4317 6647 1
3444 4965 1
5082 3354 1
5082 5479 1
5082 2070 1
5082 2301 1
5082 1590 1
827 544 1
827 2904 1
2904 6085 1
2904 1556 1
2904 4817 1
2904 767 1
2904 5054 1
4605 2927 1
2763 1736 1
3179 1381 1
3179 933 1
3179 2192 1
3179 6286 1
3179 844 1
3179 503 1
3179 5630 1
3179 5205 1
3179 4614 1
3179 6683 1
3179 6301 1
3179 4593 1
3179 646 1
3179 2094 1
3179 5670 1
3179 3889 1
3179 1242 1
3179 1252 1
3179 543 1
4883 3474 1
6722 3431 1
2352 3679 1
2352 2821 1
2352 2886 1
1515 1600 1
5309 3417 1
5268 1234 1
5268 2299 1
5268 3499 1
5268 2044 1
5268 94 1
5268 4332 1
5268 4508 1
5268 3104 1
5268 2329 1
1089 5831 1
6587 3532 1
3734 4289 1
3734 4743 1
3734 4192 1
5952 2521 1
6685 2641 1
6685 2593 1
6685 1595 1
2956 1112 1
2956 3912 1
2956 1523 1
5252 274 1
5252 4693 1
5252 1311 1
5252 1106 1
5252 4547 1
5015 3257 1
6005 5736 1
6005 1388 1
6005 57 1
6005 5280 1
6005 2063 1
6005 1383 1
6005 1485 1
6005 3857 1
6005 6562 1
6005 1911 1
6005 1884 1
6005 1906 1
6005 4914 1
6005 6383 1
6005 6131 1
6005 1900 1
6005 5327 1
6005 6242 1
6005 907 1
6005 4745 1
6005 1805 1
6005 1266 1
6005 3223 1
6005 205 1
6005 5118 1
6005 3067 1
6005 1278 1
6005 2085 1
6005 4432 1
6005 6066 1
6005 3969 1
6005 3342 1
6005 5947 1
6005 3663 1
6005 2629 1
6005 2188 1
6005 929 1
6005 4270 1
6005 1695 1
6005 1634 1
5333 4047 1
5333 4118 1
5770 2214 1
6608 5019 1
6608 4220 1
3277 445 1
6723 5448 1
6723 2694 1
576 5636 1
576 3353 1
576 4585 1
576 6416 1
576 2398 1
576 694 1
576 5521 1
4060 2100 1
4060 4314 1
4760 610 1
4760 5329 1
4760 5543 1
2931 1686 1
2931 4090 1
2931 1205 1
6488 6541 1
6488 808 1
5668 3138 1
4862 3314 1
4862 1408 1
1924 6111 1
6592 2389 1
6592 1466 1
6218 6661 1
4706 1796 1
551 3949 1
551 3115 1
551 3749 1
551 5373 1
551 3112 1
551 895 1
551 2422 1
560 3661 1
560 6405 1
560 171 1
560 3696 1
560 6610 1
560 5348 1
560 5449 1
560 384 1
1411 837 1
2764 3189 1
2764 5575 1
2764 5321 1
2764 2890 1
2764 3891 1
2764 4755 1
2764 4764 1
2764 1079 1
2764 2660 1
2764 1798 1
2764 1759 1
2764 1982 1
2764 410 1
2764 1934 1
2764 6128 1
2764 4569 1
2764 5938 1
993 6206 1
6344 1568 1
6344 3008 1
6344 3190 1
6142 4630 1
564 1343 1
564 3462 1
564 5405 1
564 6688 1
3181 2658 1
1791 4483 1
1791 2670 1
3616 4944 1
4559 3590 1
4559 4515 1
674 6638 1
5135 1335 1
62 5047 1
62 1409 1
4176 6200 1
6259 2922 1
2693 2751 1
5547 1280 1
1999 3272 1
1999 4135 1
1999 4282 1
1999 331 1
1999 3400 1
1999 6176 1
4358 3372 1
4070 1623 1
4070 521 1
4070 2710 1
4070 5513 1
4070 5689 1
4070 5969 1
4070 5110 1
4070 1166 1
4070 6013 1
4070 3743 1
4070 4594 1
4070 597 1
4070 6477 1
4070 1120 1
4070 5685 1
552 2313 1
552 3856 1
552 2429 1
552 5899 1
4829 1376 1
4829 3573 1
211 4759 1
211 777 1
2318 3305 1
2318 2576 1
2318 5802 1
2318 988 1
2318 2971 1
2318 5800 1
2318 5661 1
2318 4446 1
2318 243 1
2318 4239 1
2318 2566 1
2318 3148 1
2924 5579 1
449 5920 1
449 2054 1
449 815 1
6670 4420 1
5257 5273 1
4166 6057 1
4166 5215 1
4166 2486 1
4166 2614 1
1714 6693 1
1442 5040 1
1442 2555 1
1442 6438 1
2570 4371 1
420 970 1
548 5160 1
548 6401 1
548 765 1
548 4813 1
548 832 1
548 6718 1
548 1243 1
548 6655 1
548 4302 1
548 5450 1
548 5059 1
6192 1384 1
2093 6071 1
4594 1481 1
3011 2308 1
3011 4114 1
3202 469 1
3391 3232 1
3391 4669 1
3391 6173 1
3391 4279 1
3391 1309 1
3391 1860 1
3391 899 1
3391 4419 1
3912 1495 1
3912 5123 1
3912 4882 1
3912 392 1
3912 2996 1
3912 867 1
3912 873 1
3912 2548 1
3912 1660 1
3912 4676 1
3912 3113 1
3912 174 1
199 3323 1
6050 994 1
4465 6650 1
4465 2461 1
1831 4223 1
1831 4729 1
1831 1072 1
939 4396 1
1604 152 1
1604 1836 1
1189 2942 1
1189 4305 1
1189 2339 1
1189 3059 1
1189 2400 1
1189 3406 1
1189 2785 1
1189 5887 1
1189 3224 1
1189 4083 1
1189 4830 1
1189 2596 1
1189 465 1
1189 4034 1
1189 4094 1
1189 869 1
1189 4587 1
1189 6031 1
5483 260 1
5483 3692 1
5483 2080 1
5483 5638 1
5483 3971 1
5483 4315 1
5483 2517 1
5483 4835 1
5483 776 1
5483 5692 1
5483 826 1
715 5944 1
2646 2744 1
2646 4495 1
4400 2528 1
4927 4599 1
4927 3225 1
4927 938 1
4927 5460 1
4927 6091 1
4927 1020 1
4927 3003 1
4927 2457 1
4927 1512 1
4927 4102 1
4927 1966 1
3213 4763 1
1182 2276 1
2697 2391 1
3356 166 1
1836 5645 1
1836 4703 1
1836 3535 1
1836 6393 1
1836 5879 1
1836 2300 1
1836 4466 1
1836 4168 1
2622 59 1
2622 3393 1
4415 947 1
4415 2881 1
4415 6675 1
4415 839 1
4415 4925 1
4415 888 1
4415 591 1
4415 4709 1
4415 4962 1
4415 1576 1
4415 5980 1
4415 3193 1
4415 3887 1
4415 1910 1
4415 1019 1
4415 5536 1
6725 431 1
4226 5275 1
6090 6329 1
2218 3506 1
2218 4381 1
2218 4528 1
3646 2223 1
2035 1579 1
2035 2961 1
2035 2965 1
2035 2590 1
2035 249 1
3534 6258 1
1700 3943 1
1700 4910 1
1700 532 1
1700 4603 1
1700 6056 1
1700 3963 1
1700 4212 1
4 297 1
4 1248 1
4 2895 1
4 21 1
4 5754 1
4 5989 1
4 345 1
4 756 1
4 4319 1
4 5514 1
4 3591 1
6674 1371 1
6674 6607 1
6674 2471 1
6674 3076 1
6674 2284 1
4125 4024 1
4125 3422 1
4125 4316 1
4125 5326 1
4125 629 1
4125 6018 1
4125 3512 1
4125 1557 1
4125 713 1
4125 3902 1
4125 6601 1
4125 1659 1
4125 5587 1
4125 4720 1
4125 5104 1
4125 2446 1
5128 5729 1
840 2342 1
840 5378 1
840 2864 1
840 4697 1
840 6387 1
840 2098 1
840 6020 1
840 3899 1
840 2905 1
840 6160 1
1997 1070 1
286 4694 1
286 4115 1
286 2872 1
286 1142 1
286 6212 1
286 3901 1
286 1304 1
286 2214 1
286 3188 1
286 6289 1
286 3520 1
286 4512 1
286 3611 1
286 234 1
286 3651 1
286 244 1
286 3548 1
286 6362 1
5395 1589 1
5395 3358 1
5395 5936 1
5395 5171 1
5395 6038 1
5395 6186 1
5395 1306 1
5395 4904 1
5395 3544 1
5395 5374 1
5395 3851 1
3029 273 1
2389 1143 1
2389 2345 1
6088 1174 1
3799 6506 1
3799 188 1
209 3279 1
209 3002 1
4314 5240 1
4314 2984 1
4314 4952 1
4314 2100 1
4314 5686 1
4314 2837 1
4314 3850 1
4314 377 1
4314 1684 1
1382 4556 1
1382 1165 1
1382 4351 1
1382 3301 1
1382 379 1
1382 1135 1
1382 946 1
1382 1632 1
1382 5900 1
1382 3983 1
1382 5421 1
1382 6361 1
1382 653 1
6513 3744 1
1602 596 1
1602 365 1
3212 3484 1
4473 5794 1
4473 3670 1
4473 2540 1
4473 3168 1
4473 1364 1
4473 6436 1
4473 6282 1
4473 2630 1
4473 6354 1
4473 3123 1
6549 1757 1
6549 4852 1
6549 4809 1
6549 4038 1
3667 5822 1
5267 4746 1
5267 2734 1
5267 2875 1
5267 1283 1
5267 1390 1
5267 28 1
5267 5620 1
5267 4943 1
5267 1122 1
5267 5364 1
5267 656 1
5267 4064 1
5267 6275 1
5267 2029 1
5267 5193 1
5267 5629 1
5267 3486 1
5267 2459 1
5267 5939 1
5267 4039 1
5267 6473 1
131 1973 1
131 2406 1
131 6441 1
131 6191 1
131 2180 1
131 3303 1
131 24 1
131 4434 1
131 1504 1
131 5243 1
131 1231 1
131 4157 1
2611 4529 1
5126 6575 1
5126 6375 1
5126 3154 1
5126 5566 1
5126 657 1
5126 1888 1
5126 332 1
5126 3090 1
5126 4152 1
5126 394 1
5126 29 1
5126 3672 1
5126 4267 1
5126 2586 1
5126 1312 1
5126 3021 1
5126 4842 1
5126 4689 1
5126 2715 1
5126 3642 1
5126 3799 1
5126 4473 1
5126 2990 1
5126 3453 1
5126 6349 1
5126 1963 1
5126 2003 1
5126 752 1
5126 4920 1
5126 1042 1
5126 3977 1
5126 6694 1
5126 5530 1
5126 6502 1
5126 6476 1
5126 5462 1
6485 3404 1
3894 4378 1
4084 1455 1
4084 5791 1
3093 5204 1
3093 962 1
3093 5619 1
3093 2087 1
3093 4377 1
1003 2646 1
873 3872 1
3449 186 1
4871 4427 1
4871 2701 1
4871 3394 1
4871 6334 1
4871 5858 1
4871 2812 1
4871 3465 1
4871 2307 1
1850 3281 1
1850 2534 1
1850 3182 1
1850 339 1
4761 333 1
4761 4982 1
4761 2589 1
4761 5905 1
3105 106 1
1206 6644 1
5861 5799 1
5861 5990 1
4414 1584 1
4414 2310 1
4414 4448 1
4414 1224 1
4414 4725 1
4414 6251 1
4414 2020 1
4414 1800 1
4414 424 1
4414 6350 1
4414 204 1
4414 4145 1
4414 1401 1
4414 5486 1
4414 3337 1
4414 1835 1
4414 4527 1
4414 1914 1
4414 4295 1
4414 6228 1
4414 4983 1
4414 3433 1
4414 1268 1
4414 1194 1
4414 2027 1
4414 518 1
6238 311 1
6238 5769 1
6238 2227 1
6238 6786 1
6238 3636 1
3679 1681 1
3679 3472 1
3679 96 1
3679 4795 1
4239 1708 1
4353 5164 1
4353 6010 1
2112 4579 1
1565 2199 1
1380 2287 1
1380 949 1
1380 6467 1
1380 2412 1
4636 5821 1
6423 2624 1
6423 3267 1
6423 6412 1
6423 3939 1
6423 4553 1
6423 3883 1
6423 356 1
6423 3864 1
6423 3934 1
6423 825 1
6423 4120 1
6423 2510 1
6423 6227 1
3631 264 1
3192 5545 1
2944 6697 1
904 5153 1
904 2281 1
904 5324 1
904 3721 1
904 4732 1
6445 2605 1
6445 1424 1
6445 4564 1
6445 5472 1
6445 3549 1
6445 6517 1
6445 5255 1
6445 6580 1
6445 2264 1
6445 1119 1
6445 6783 1
6445 5034 1
6445 4269 1
6445 63 1
6445 6101 1
6445 2148 1
6445 1043 1
6445 1078 1
6445 3747 1
6445 3974 1
6445 5949 1
6445 5197 1
6445 2742 1
6445 5504 1
6445 4561 1
6445 1247 1
6445 4255 1
6445 6641 1
6445 4678 1
6445 2879 1
6445 1439 1
6445 2594 1
6445 2449 1
6445 1764 1
6445 4844 1
6661 5669 1
6661 1348 1
6621 6107 1
6621 3800 1
6621 5232 1
6621 4311 1
6621 5293 1
6621 4458 1
6621 1001 1
6621 1745 1
6621 473 1
6621 2621 1
6621 5852 1
6621 3558 1
6621 5109 1
6621 1366 1
6621 2721 1
6621 788 1
6621 5358 1
6621 5477 1
6621 1661 1
6621 2638 1
6621 487 1
6621 5148 1
6621 2348 1
6621 1567 1
6621 1995 1
6621 1005 1
3430 541 1
3430 279 1
3430 6471 1
3430 4126 1
3430 4309 1
3430 699 1
6648 386 1
876 2042 1
876 4213 1
876 2705 1
876 3669 1
3347 3564 1
238 3681 1
4072 4033 1
4072 5151 1
4072 3930 1
6782 6248 1
6782 3333 1
6782 3881 1
6782 5520 1
1854 644 1
1854 831 1
1854 573 1
1854 1573 1
1854 3378 1
1854 6750 1
1854 5092 1
1854 472 1
1854 3585 1
1854 5659 1
1854 4884 1
1854 6668 1
1854 1566 1
1854 6283 1
182 3527 1
182 3766 1
182 1921 1
182 1656 1
182 3843 1
2355 1771 1
2355 1271 1
2355 1962 1
2822 5698 1
2822 2083 1
2193 2779 1
2193 2013 1
2193 6539 1
2193 2771 1
2193 3758 1
1572 1391 1
1572 3146 1
1572 4405 1
1572 1826 1
1572 3674 1
1572 60 1
1572 179 1
1572 2637 1
1572 3025 1
1572 6450 1
3065 6024 1
3065 1484 1
3740 1672 1
3740 71 1
3740 1328 1
3740 2373 1
5909 435 1
4537 917 1
3537 4257 1
4561 3813 1
4561 3164 1
3209 1693 1
3209 615 1
5666 5101 1
5585 5580 1
2702 4295 1
1960 3898 1
1960 4749 1
1960 1498 1
5229 6388 1
4044 31 1
4555 3952 1
3652 3034 1
3652 520 1
3652 3263 1
3652 2248 1
3652 4410 1
3652 2915 1
3652 6102 1
1513 190 1
1513 5210 1
6098 5978 1
2157 2127 1
1034 2559 1
1034 4233 1
1034 4198 1
628 3440 1
628 5680 1
628 2016 1
6348 2488 1
6348 6459 1
6348 4367 1
6348 3602 1
6348 3871 1
6348 5574 1
6348 5991 1
6348 5672 1
6348 2440 1
6348 5345 1
6348 909 1
6348 3022 1
6348 4132 1
6348 222 1
4800 1987 1
4800 6057 1
4800 3880 1
4800 6032 1
4800 2746 1
4800 1674 1
4800 130 1
4800 5066 1
4800 4160 1
4800 2032 1
4800 6356 1
4800 6384 1
4800 5609 1
4800 3594 1
6757 6119 1
2085 3341 1
2085 5573 1
2085 4692 1
5072 6377 1
5072 2686 1
941 301 1
941 3004 1
941 3961 1
941 5278 1
941 1380 1
941 2193 1
941 5093 1
941 2293 1
941 881 1
3262 4538 1
4062 1346 1
4062 4576 1
5772 552 1
539 4974 1
2760 6073 1
3862 6287 1
3862 5211 1
4428 6234 1
4428 1369 1
2028 6745 1
1127 3386 1
1127 437 1
1127 1286 1
1127 660 1
1127 5256 1
3351 2417 1
3351 5476 1
3351 2502 1
3351 6331 1
3351 4667 1
3351 693 1
3351 5456 1
3351 5426 1
3351 2326 1
4515 6233 1
4515 4412 1
4515 4840 1
4515 1701 1
4515 2474 1
4515 2933 1
4515 6322 1
4515 6773 1
5270 1131 1
367 1525 1
367 6235 1
270 647 1
270 4357 1
270 1185 1
270 5749 1
1181 758 1
5168 2857 1
6300 953 1
3062 1540 1
3062 4550 1
3062 1378 1
3062 1257 1
3062 5626 1
3062 6411 1
3062 6238 1
3062 369 1
3062 1665 1
3062 4249 1
3062 2285 1
3062 3712 1
5324 5631 1
5335 67 1
5335 4385 1
5335 4285 1
5335 540 1
5335 6682 1
5335 5717 1
5335 2792 1
5335 6199 1
577 5848 1
577 4414 1
577 807 1
577 2726 1
577 126 1
577 4972 1
4153 2949 1
4153 874 1
4153 2190 1
4153 4570 1
4153 6632 1
4153 4463 1
4153 5425 1
4153 5465 1
4153 6163 1
2150 670 1
2150 3389 1
2150 3117 1
2150 6382 1
4912 3351 1
4912 447 1
4432 6171 1
5221 5031 1
6197 1850 1
3954 2162 1
3954 176 1
3954 549 1
4928 5098 1
4928 3510 1
4928 1993 1
4928 1190 1
4928 4901 1
4928 1354 1
4928 5705 1
4928 4509 1
4928 5570 1
4928 501 1
4928 4786 1
3270 1030 1
3270 1517 1
3270 2604 1
3270 4679 1
3270 1687 1
3270 5084 1
3270 1866 1
3270 3258 1
3270 1226 1
3270 5801 1
3270 1193 1
3270 2028 1
3270 4544 1
3270 871 1
6603 2882 1
3119 1625 1
3119 477 1
684 2311 1
684 6573 1
684 2922 1
684 3994 1
684 1954 1
684 6604 1
684 6454 1
684 4194 1
684 2392 1
684 5020 1
684 3318 1
684 2618 1
684 2831 1
684 5143 1
684 382 1
684 2513 1
2610 4366 1
2610 3973 1
2610 6781 1
3969 5582 1
5954 3160 1
5954 6428 1
5954 3979 1
6486 4698 1
2747 3103 1
2747 4485 1
1619 5009 1
1619 6060 1
1619 3818 1
1619 3233 1
1619 1193 1
1619 5850 1
5440 128 1
2289 1501 1
5562 4879 1
1106 2573 1
1045 6448 1
924 4769 1
924 872 1
3041 822 1
3041 1768 1
3041 2316 1
382 4894 1
382 5981 1
3261 6658 1
299 2244 1
299 3278 1
299 3888 1
6701 5448 1
1508 6119 1
3524 5402 1
4866 1530 1
4866 2538 1
4866 6216 1
4866 2991 1
4866 5134 1
4866 6195 1
4866 735 1
4866 4053 1
4866 3479 1
4866 4125 1
4866 2607 1
4866 4072 1
4866 6348 1
4866 1915 1
4866 4963 1
4866 732 1
963 1790 1
963 5049 1
963 763 1
963 1004 1
963 6537 1
963 3065 1
963 2962 1
963 5078 1
963 2074 1
963 509 1
963 4521 1
3322 1727 1
3322 4524 1
3322 1823 1
3322 3330 1
3322 744 1
3322 5052 1
3322 217 1
3322 3571 1
3322 4058 1
3322 3363 1
3322 1321 1
3322 621 1
3322 3598 1
3322 3011 1
3322 4392 1
3322 6088 1
3322 1908 1
3322 2343 1
3322 2583 1
3322 651 1
3322 4928 1
3322 2525 1
3322 6597 1
3322 5216 1
3322 4682 1
3322 2741 1
3322 170 1
3322 6525 1
3322 4671 1
3322 203 1
3322 5743 1
3346 2684 1
3346 4073 1
3346 6369 1
3346 4677 1
3346 1253 1
4880 4971 1
4880 1052 1
4880 5244 1
4880 4608 1
4880 689 1
3986 139 1
3986 1802 1
5803 6409 1
5803 2562 1
5116 4051 1
5657 2327 1
6118 2241 1
6118 3552 1
6118 661 1
6118 3879 1
6118 4049 1
6118 3516 1
167 4748 1
3024 2065 1
2584 4789 1
2584 3779 1
2584 4040 1
2584 1872 1
2584 6590 1
2584 3770 1
2584 5072 1
2584 11 1
3505 1240 1
3505 2059 1
3505 6761 1
3505 4506 1
3505 1446 1
3505 558 1
4658 158 1
3135 5181 1
3135 2762 1
5161 1608 1
6438 751 1
6438 4299 1
6438 5798 1
6438 2959 1
6438 3153 1
6438 5476 1
6438 6043 1
6438 3789 1
6438 4346 1
6438 4221 1
6438 427 1
6438 212 1
6438 1399 1
6438 3886 1
6438 6576 1
6438 6434 1
3687 1941 1
2324 2131 1
2443 337 1
2443 768 1
2443 6530 1
2443 1524 1
2443 1732 1
2443 3577 1
2443 1991 1
2443 1121 1
2109 6534 1
2109 2547 1
2109 2049 1
2109 2151 1
2109 3733 1
2109 726 1
2109 5090 1
2109 5611 1
2109 2467 1
2109 1905 1
2109 229 1
2109 2868 1
2109 4276 1
2109 6667 1
2109 3032 1
2109 3717 1
2109 2017 1
2109 344 1
2109 6089 1
2109 6304 1
2109 1909 1
6151 3302 1
1966 3098 1
31 3665 1
31 4856 1
31 482 1
31 6678 1
31 1265 1
31 4534 1
2791 2119 1
6657 6542 1
6657 3777 1
6657 6317 1
6657 4600 1
6657 5716 1
6657 6731 1
6657 1489 1
6657 4107 1
6657 4643 1
6657 4646 1
6657 974 1
6657 2367 1
6657 6162 1
6657 3242 1
6657 1835 1
6657 4273 1
6657 2022 1
6657 4390 1
6657 4665 1
6657 5745 1
6657 3833 1
6657 4395 1
6657 2930 1
6657 2250 1
6657 109 1
6657 4651 1
6657 4827 1
3914 1174 1
2221 315 1
2221 439 1
6217 3588 1
6217 1530 1
6217 6424 1
6217 3414 1
6217 2918 1
6217 4065 1
6217 3269 1
6217 4293 1
6217 1838 1
6217 318 1
6217 5200 1
6217 3111 1
6217 5272 1
6217 6758 1
6217 3078 1
6217 2174 1
6217 5134 1
6217 5177 1
6217 2177 1
6217 2001 1
6217 1830 1
6217 6770 1
6217 1678 1
6217 1158 1
6217 4053 1
6217 1515 1
6217 4166 1
6217 3251 1
6217 2035 1
6217 4215 1
6217 2607 1
6217 5222 1
6217 4800 1
6217 5874 1
6217 1509 1
6217 5467 1
6217 5849 1
6217 1018 1
6217 1936 1
6217 1937 1
6217 4431 1
6217 1460 1
1673 290 1
1673 5349 1
1673 1552 1
1673 4329 1
1673 1979 1
1673 5903 1
1673 2934 1
1673 3903 1
1523 3481 1
2628 3623 1
7 72 1
7 117 1
7 4975 1
7 3448 1
7 3429 1
7 856 1
7 3473 1
7 2673 1
7 5838 1
7 4476 1
7 6566 1
7 5057 1
7 4433 1
7 1650 1
7 3720 1
7 3421 1
7 1342 1
1587 1253 1
4136 1172 1
4136 1980 1
4136 2505 1
4136 6106 1
1462 2402 1
1090 1398 1
5933 5058 1
5037 4744 1
5037 4048 1
5037 4474 1
5037 6203 1
5037 3699 1
22 5231 1
22 3638 1
22 3518 1
22 5285 1
22 4861 1
22 3713 1
22 3209 1
22 2577 1
22 4328 1
22 126 1
22 4468 1
2125 4387 1
2125 1916 1
6518 6044 1
6518 2679 1
3095 6435 1
3095 5340 1
3095 3625 1
3095 5490 1
3095 6507 1
5439 82 1
4324 4563 1
4324 4068 1
4324 3917 1
4324 3264 1
4324 2619 1
4324 742 1
4324 5085 1
4324 99 1
4324 5508 1
4324 1500 1
4324 3056 1
4324 2066 1
4324 4264 1
4324 6340 1
4324 1470 1
4324 3718 1
4324 2787 1
4324 3061 1
4324 6110 1
4324 5053 1
4324 4138 1
4324 3686 1
4324 4726 1
4324 4252 1
4324 2975 1
4324 5389 1
4324 4151 1
4324 455 1
4324 5935 1
4324 5998 1
4324 1814 1
718 5457 1
718 5825 1
718 2138 1
718 3895 1
718 5771 1
718 535 1
2726 6332 1
2726 1352 1
2726 48 1
2726 6565 1
2726 2194 1
2726 3601 1
2726 4724 1
2726 6561 1
2726 3693 1
2726 1602 1
2726 3413 1
2726 766 1
2726 2854 1
2726 1558 1
2726 3706 1
6510 3815 1
6510 5652 1
6510 1373 1
6510 5723 1
6510 1754 1
6510 5703 1
6510 3928 1
6510 1839 1
6510 5226 1
6510 2365 1
6510 6418 1
6510 6052 1
6510 5877 1
6510 4240 1
6510 3788 1
6510 6154 1
5514 1101 1
5514 5046 1
4957 884 1
3066 2516 1
3113 703 1
4996 2045 1
4996 6629 1
4996 2431 1
4996 14 1
4996 5300 1
5078 6570 1
5078 6524 1
6206 1260 1
6206 3613 1
6206 5423 1
6206 1562 1
6206 1282 1
4930 5943 1
2223 781 1
2223 6064 1
2223 6735 1
2223 2947 1
2223 6000 1
447 4990 1
447 5811 1
1887 5658 1
1887 387 1
1887 4162 1
1887 3470 1
1887 5136 1
2794 6574 1
2794 1320 1
2794 1546 1
2794 4129 1
2794 1254 1
3634 5986 1
4535 2236 1
4535 5379 1
4535 6482 1
4535 1338 1
4535 1322 1
4535 4209 1
4535 1081 1
6392 1241 1
6392 1610 1
6392 3993 1
4715 1999 1
4715 5918 1
3140 687 1
982 1209 1
982 3292 1
982 2900 1
982 5602 1
982 4893 1
4682 5355 1
1068 6533 1
1068 1619 1
1051 784 1
3043 2545 1
2034 4031 1
2034 3293 1
2034 2292 1
2034 1533 1
2034 890 1
1501 2099 1
5724 4366 1
4583 5861 1
4583 3721 1
4583 6351 1
5217 2931 1
5217 5045 1
5217 3637 1
4240 287 1
4240 1971 1
4240 3149 1
4240 1123 1
4240 725 1
4240 553 1
6320 2350 1
3141 6287 1
5148 4458 1
5148 1995 1
4192 5976 1
4192 6547 1
4192 5561 1
4192 6330 1
4192 2687 1
4192 385 1
4192 2411 1
4192 980 1
4192 5320 1
4192 5654 1
4192 3652 1
4192 5463 1
4192 502 1
4192 2780 1
4192 215 1
4192 2064 1
1765 2104 1
5692 3306 1
5692 5431 1
5692 1024 1
5692 4935 1
5692 5539 1
2348 2026 1
3623 2727 1
2828 3414 1
2828 3557 1
2828 1155 1
2828 4497 1
2828 2337 1
2828 1443 1
729 3767 1
729 289 1
729 5730 1
729 227 1
729 3260 1
729 6166 1
729 702 1
729 6500 1
729 383 1
729 103 1
729 5640 1
729 3792 1
729 3742 1
729 6300 1
729 440 1
729 4968 1
729 1666 1
729 5515 1
729 5527 1
679 795 1
6656 4778 1
6656 216 1
6656 262 1
6656 3526 1
6656 6522 1
6656 5212 1
6656 6663 1
6656 537 1
6656 1717 1
6656 3230 1
5756 2578 1
5756 5766 1
5756 2960 1
5756 1912 1
5756 2727 1
5756 2519 1
5756 3623 1
1414 5922 1
1414 2346 1
3020 4994 1
3020 6254 1
2508 2953 1
4029 3905 1
4620 5919 1
6669 1834 1
6669 4324 1
6669 554 1
3028 6605 1
6028 952 1
6028 3561 1
6028 5252 1
3167 3463 1
3167 1218 1
3167 2214 1
3167 6548 1
1544 1178 1
2399 6129 1
1792 6508 1
1792 3039 1
1792 4256 1
3283 2123 1
3283 833 1
6747 1494 1
4389 1033 1
4389 1959 1
4389 527 1
4389 1419 1
4389 1026 1
4389 3522 1
4389 6439 1
4389 6568 1
6311 3369 1
4119 3087 1
4198 328 1
4198 2052 1
4198 1032 1
4198 142 1
4198 5069 1
4198 4929 1
4198 1134 1
4198 6637 1
81 5219 1
5648 2839 1
2074 5346 1
2074 3553 1
2074 5884 1
2074 5817 1
2074 3039 1
2074 3170 1
2074 2494 1
2074 4782 1
2074 3836 1
2074 2384 1
2074 1177 1
2074 1663 1
2074 4105 1
2074 1096 1
2074 2039 1
2074 3860 1
2074 4374 1
2074 2564 1
2074 5452 1
2074 6653 1
2074 1696 1
2074 3907 1
2074 6054 1
2128 3278 1
3950 634 1
3950 2302 1
3950 1238 1
3950 4341 1
3950 2616 1
5004 5964 1
39 6059 1
1734 2187 1
6168 2031 1
6168 3475 1
6168 2528 1
6168 4172 1
6168 5754 1
6168 526 1
6168 2943 1
6168 616 1
6168 2732 1
6168 6182 1
6168 3469 1
6168 4915 1
6168 3859 1
6168 3517 1
6168 6633 1
6168 1019 1
6168 6138 1
6168 3591 1
6168 2599 1
934 6643 1
934 5760 1
934 2055 1
5492 4402 1
5492 2606 1
5492 5209 1
1210 3892 1
4055 760 1
4055 5159 1
4055 3331 1
4055 1564 1
4055 5266 1
4055 2109 1
4055 4224 1
3591 297 1
3591 4402 1
3591 6230 1
3591 5125 1
3591 6465 1
3591 4172 1
3591 889 1
3591 1248 1
3591 2681 1
3591 443 1
3591 2895 1
3591 3177 1
3591 175 1
3591 4076 1
3591 345 1
3591 6563 1
3591 4150 1
3591 3570 1
3591 2661 1
3591 320 1
3591 756 1
3591 1889 1
3591 6147 1
3591 4741 1
3591 2382 1
3591 6138 1
3591 2599 1
1471 3057 1
1439 1645 1
1439 6381 1
1439 2142 1
1439 4747 1
1439 4098 1
1439 5856 1
1439 2010 1
1439 1580 1
1439 5202 1
422 1536 1
1164 2493 1
4074 6075 1
4074 2766 1
4074 5039 1
2263 2827 1
2263 5397 1
3492 3468 1
3492 3875 1
553 4081 1
553 1728 1
553 5662 1
553 787 1
553 6194 1
553 6519 1
4271 2724 1
6469 1438 1
6163 2082 1
6163 5434 1
738 1699 1
738 559 1
738 6374 1
738 6779 1
738 484 1
3838 283 1
3838 4187 1
3838 5002 1
3838 4326 1
3838 563 1
3838 6308 1
3838 5380 1
6620 958 1
6620 5127 1
6620 1050 1
6620 4909 1
6620 495 1
6620 6719 1
6620 1637 1
1636 2024 1
5835 2012 1
2303 494 1
5823 5731 1
2722 680 1
2722 4705 1
2722 3808 1
2722 1547 1
2722 141 1
2722 172 1
2722 5259 1
4038 3829 1
4038 1150 1
4038 4472 1
4038 5667 1
4038 1715 1
4038 1037 1
4038 2627 1
4038 4308 1
4038 1353 1
4038 695 1
4038 5262 1
4038 4837 1
4038 2058 1
4038 4430 1
4038 5641 1
4038 2061 1
4038 4137 1
4972 75 1
4972 569 1
4972 4536 1
4972 2885 1
4972 3060 1
4972 6357 1
4972 1531 1
4972 2439 1
4972 1279 1
4972 1464 1
4972 3037 1
4972 6146 1
4972 4035 1
4972 5438 1
4972 1420 1
4972 3550 1
4972 5119 1
4972 1355 1
4972 3007 1
4972 6132 1
1178 5237 1
1178 2247 1
1178 2101 1
1178 86 1
912 4668 1
912 4631 1
4804 1469 1
1774 6266 1
6698 5352 1
6406 1864 1
2623 6766 1
2623 2257 1
2623 5387 1
2623 6399 1
3195 6274 1
1574 3482 1
1716 2296 1
3654 4798 1
2420 583 1
2420 5033 1
2420 4140 1
2420 3343 1
2420 1049 1
2420 1689 1
2420 3545 1
2420 4981 1
2420 2647 1
2420 1942 1
2420 1529 1
2420 3640 1
2420 6239 1
2420 2833 1
2420 3970 1
2420 6431 1
3575 4664 1
3575 6583 1
5673 3136 1
5673 4411 1
5673 6430 1
5673 5648 1
5673 5836 1
5376 6705 1
5376 812 1
4121 338 1
4121 567 1
4121 1220 1
4121 4163 1
4121 95 1
4121 6602 1
4121 2772 1
4121 4391 1
4121 3808 1
4121 3023 1
4121 5186 1
4121 6097 1
4121 4164 1
4121 4204 1
4121 923 1
4121 5756 1
4121 2195 1
4121 3411 1
1477 5519 1
458 1325 1
4963 2903 1
210 811 1
6267 2363 1
6267 6306 1
6267 6009 1
6267 6503 1
6267 5176 1
6267 1449 1
6267 2208 1
6267 3908 1
6267 1431 1
6267 6270 1
6267 4517 1
6267 1124 1
2036 6048 1
2036 3491 1
2036 1479 1
2036 2789 1
2036 2434 1
2036 5828 1
2036 4149 1
2927 6784 1
2927 5073 1
2927 226 1
2927 5025 1
2927 4438 1
2927 173 1
2927 496 1
2927 5023 1
2927 483 1
2927 41 1
2927 3906 1
2927 2160 1
3217 1719 1
3489 602 1
5685 640 1
5685 1758 1
803 469 1
2132 140 1
3072 2005 1
1949 1996 1
1949 3714 1
1949 1053 1
1949 1486 1
1949 636 1
1949 5369 1
1764 1598 1
1764 3097 1
1764 2503 1
1764 6297 1
1764 363 1
1764 4956 1
1764 2086 1
1764 5133 1
1764 1767 1
1764 1149 1
1764 3456 1
1764 1482 1
1764 4627 1
1764 371 1
1764 2678 1
1764 2873 1
5998 1303 1
509 1493 1
509 1519 1
509 4847 1
509 4505 1
509 6324 1
509 35 1
509 4871 1
509 4394 1
509 1497 1
509 6213 1
509 74 1
4088 4589 1
316 525 1
4858 2215 1
523 894 1
523 5665 1
523 1897 1
523 2254 1
523 3542 1
523 3680 1
558 4955 1
558 1239 1
558 6713 1
558 4903 1
558 3336 1
558 2262 1
3980 4869 1
5965 5715 1
5965 45 1
5965 2385 1
5965 5453 1
5965 2957 1
5965 62 1
5965 4131 1
5965 4824 1
5965 1187 1
5965 308 1
5965 4816 1
4633 6372 1
4633 149 1
1881 5552 1
1881 3890 1
1881 3178 1
4030 2908 1
4030 5393 1
1076 4491 1
1076 1929 1
1076 2237 1
1076 4063 1
1076 5693 1
1076 6400 1
1076 5077 1
1076 3968 1
1076 4510 1
1076 1682 1
1076 362 1
1076 4258 1
1076 4462 1
1076 6640 1
1076 4886 1
1076 1816 1
1076 2232 1
1076 4327 1
1076 1818 1
1076 183 1
1076 2273 1
1076 6743 1
1076 4932 1
1076 6606 1
1076 4297 1
1076 4254 1
1076 6021 1
1076 855 1
1076 3245 1
1076 2745 1
1076 2050 1
664 4970 1
664 2438 1
2793 617 1
2297 1329 1
2297 204 1
2297 6276 1
2297 270 1
6516 6527 1
4811 4004 1
4811 5131 1
4811 1670 1
4811 1807 1
4811 4310 1
4811 5097 1
4811 4061 1
4811 1386 1
4811 3487 1
4811 3595 1
4811 4122 1
4811 2891 1
4811 1985 1
4811 570 1
4811 1031 1
4811 2546 1
4811 4554 1
4811 1683 1
4811 625 1
4811 1413 1
4811 6673 1
4811 4188 1
3844 4230 1
3844 5010 1
3844 5446 1
6431 2995 1
6431 6156 1
6061 4973 1
267 2120 1
3801 574 1
5650 5103 1
5650 4834 1
2167 4923 1
1727 5394 1
1727 5892 1
1727 4026 1
1727 3873 1
1727 2948 1
1727 2703 1
1727 2652 1
1834 721 1
4422 6113 1
4422 984 1
4422 3226 1
4422 1868 1
4422 467 1
2419 2500 1
2419 1894 1
2419 6774 1
2419 3551 1
1623 745 1
3959 4865 1
2334 2191 1
2334 1737 1
3936 4810 1
3936 5971 1
2799 4304 1
2799 1074 1
5968 1664 1
859 3382 1
859 2126 1
5297 3228 1
5297 6755 1
2296 3759 1
2296 737 1
2332 1450 1
3529 4197 1
1234 4742 1
5239 4826 1
5185 5294 1
431 6221 1
5427 2121 1
5427 280 1
5427 5959 1
5427 4807 1
5427 3603 1
3804 5303 1
6219 2198 1
6219 214 1
6219 5751 1
6219 5912 1
6219 6343 1
6219 1957 1
6219 1992 1
3466 3778 1
3466 6490 1
3466 3361 1
5144 5497 1
5144 5788 1
5144 2795 1
5144 6041 1
5144 5588 1
3144 3175 1
3144 1359 1
1023 1229 1
152 6666 1
2495 3729 1
2495 4752 1
3461 1432 1
3319 2181 1
3319 4206 1
3319 652 1
3319 3439 1
3319 6342 1
3319 3075 1
3319 4775 1
3319 6686 1
3319 6491 1
3319 4845 1
894 5746 1
4015 6553 1
89 1983 1
89 3796 1
89 5563 1
1329 5111 1
567 5060 1
567 5499 1
6624 3196 1
3656 626 1
3656 4632 1
4525 4780 1
4525 5728 1
6326 1978 1
6326 4984 1
6326 268 1
6326 5886 1
6326 1330 1
6326 4494 1
6326 6736 1
6326 5254 1
6326 6165 1
6326 5008 1
6326 6321 1
6326 393 1
1707 3582 1
1707 5447 1
1707 6284 1
2080 4828 1
2080 1986 1
2080 3206 1
2080 4917 1
2080 4540 1
2080 3409 1
2080 5607 1
2080 3049 1
2080 1207 1
2988 120 1
1453 4161 1
686 3771 1
5617 1171 1
3803 1350 1
3803 5105 1
1711 6355 1
6164 277 1
2304 1015 1
2304 4277 1
2304 5079 1
2304 2130 1
4998 6677 1
4998 828 1
4998 165 1
4998 5328 1
4625 4848 1
4625 1989 1
4625 1783 1
5024 92 1
4185 3046 1
4185 5478 1
4185 2572 1
2476 1281 1
2476 1821 1
2476 5865 1
675 3923 1
5283 366 1
5283 5294 1
6427 5408 1
1559 3513 1
1559 4425 1
5071 499 1
5071 3816 1
3012 4872 1
3012 1258 1
1571 1848 1
2231 5917 1
2231 1294 1
2231 4335 1
2231 6261 1
1250 415 1
1906 6639 1
1906 5301 1
2205 6716 1
2205 3641 1
2205 4501 1
2205 2937 1
2205 5341 1
5758 3366 1
5758 6223 1
5758 1535 1
5758 3068 1
3822 1705 1
3822 462 1
3822 6691 1
1852 4520 1
1852 6395 1
1852 4991 1
1412 3724 1
1412 4776 1
1412 2280 1
1412 2963 1
1412 1651 1
1412 452 1
5976 2184 1
5976 4571 1
5976 3418 1
5264 654 1
4604 83 1
4604 5018 1
1944 1918 1
1944 3647 1
1944 5182 1
1944 2077 1
1944 2173 1
1944 3774 1
1944 1221 1
1944 236 1
1944 3362 1
1944 200 1
1944 2072 1
1944 4368 1
1944 5454 1
1944 1747 1
1944 4339 1
1944 1869 1
1944 1694 1
1944 4696 1
3632 5842 1
5882 1092 1
3401 3478 1
3133 5643 1
3133 5203 1
3133 3126 1
3133 4380 1
5876 5722 1
5876 17 1
6546 1617 1
5102 2544 1
5102 6622 1
5102 6134 1
5102 2603 1
5102 4193 1
5102 4032 1
1283 6642 1
375 1753 1
375 6536 1
6169 5779 1
6169 3403 1
2882 6045 1
2882 4717 1
3589 5028 1
3589 6034 1
3589 5032 1
845 1794 1
845 3817 1
845 1356 1
3751 4802 1
4541 3893 1
1222 2982 1
1222 1012 1
1222 2958 1
1222 1643 1
1358 546 1
1358 3150 1
793 3395 1
1108 2216 1
1108 1984 1
1108 4825 1
1108 2095 1
4684 5441 1
4684 5747 1
4684 5154 1
2952 1570 1
2952 3329 1
2952 2360 1
2952 5233 1
2952 3464 1
2952 3339 1
2952 480 1
5134 5532 1
1038 4283 1
1311 705 1
1311 4772 1
1905 2295 1
1905 1111 1
1905 5258 1
1905 5783 1
1905 3504 1
5177 154 1
5177 5841 1
5177 4797 1
5177 4649 1
3454 4481 1
317 5363 1
317 4425 1
317 3772 1
2183 1056 1
2183 682 1
2183 5198 1
2183 5011 1
2183 2717 1
2894 6229 1
2894 5175 1
2894 989 1
4181 2394 1
3405 2669 1
6697 1858 1
6697 3083 1
6697 4330 1
6697 875 1
3162 5279 1
3162 4111 1
3162 334 1
3849 5567 1
669 4021 1
5052 4710 1
544 5925 1
544 3530 1
544 2668 1
544 4200 1
544 4110 1
4743 2380 1
4743 2413 1
4743 6649 1
4743 2351 1
4743 2774 1
4743 3976 1
4743 998 1
4743 1272 1
3711 6112 1
3472 4369 1
4253 5018 1
4145 2911 1
5561 34 1
3971 6489 1
3018 1865 1
4875 6531 1
5921 407 1
6372 2920 1
1873 2340 1
1873 4681 1
1873 2460 1
4148 5816 1
4148 5494 1
4148 3157 1
4148 1435 1
3289 5062 1
3289 5576 1
3094 5647 1
2723 514 1
2723 3300 1
2723 4853 1
4382 2778 1
5955 913 1
5955 285 1
5955 5624 1
5955 6732 1
5955 910 1
1308 6252 1
2480 1655 1
2480 887 1
2480 1216 1
2480 5866 1
2480 2849 1
4677 2972 1
3243 959 1
3243 6422 1
3243 4781 1
3089 5507 1
3089 6211 1
3089 2757 1
3089 3673 1
5273 2009 1
5273 5808 1
6007 5375 1
6007 4995 1
2568 3965 1
2568 2865 1
2568 6224 1
2568 5549 1
2568 4493 1
2568 3998 1
2568 936 1
2568 1151 1
2568 4449 1
2568 782 1
4734 2496 1
4201 3599 1
4201 5604 1
4201 4141 1
4201 3239 1
4201 470 1
4201 1159 1
4201 3938 1
4201 5551 1
6274 4647 1
6274 1775 1
6274 1499 1
6274 2968 1
3617 3578 1
3617 4173 1
3866 4303 1
3552 6540 1
3552 1416 1
3552 4964 1
3552 2964 1
3332 1255 1
3332 1965 1
1877 4487 1
2170 3946 1
1198 5000 1
1198 5206 1
1198 4095 1
1198 457 1
1198 2139 1
1198 3985 1
1198 1406 1
4552 1578 1
4552 2801 1
4552 2657 1
4552 799 1
2041 6008 1
2041 1012 1
2041 3077 1
4177 1458 1
4177 1407 1
4177 5350 1
4177 2553 1
5595 951 1
5986 3437 1
5986 6703 1
5986 3810 1
5986 3966 1
421 4820 1
421 3427 1
421 2356 1
421 3110 1
421 1724 1
421 3013 1
2199 2114 1
2199 5953 1
5138 3834 1
5819 2395 1
1093 5713 1
1093 395 1
1093 3099 1
1093 5437 1
842 1685 1
201 1697 1
201 1245 1
201 6733 1
201 6687 1
201 324 1
201 2189 1
201 6494 1
201 5137 1
5640 4601 1
5640 4290 1
6523 1016 1
6523 2 1
6523 3635 1
5860 241 1
5860 6777 1
5860 4266 1
5860 3645 1
2300 1706 1
2146 1998 1
2146 6172 1
2146 798 1
2146 1639 1
2146 4728 1
2608 892 1
3442 5189 1
3442 2809 1
3442 6709 1
3442 2567 1
3442 849 1
3442 3435 1
3442 4278 1
3442 2750 1
3442 2550 1
3442 1244 1
3442 5812 1
3442 4602 1
3442 5625 1
3442 54 1
1325 5837 1
2585 5261 1
2585 2992 1
2585 1729 1
6253 3044 1
6253 1315 1
676 3086 1
676 4229 1
1972 5597 1
1972 4104 1
1972 2707 1
1972 1367 1
1972 606 1
1972 5851 1
1972 6706 1
1972 110 1
1972 6035 1
1972 426 1
1972 1227 1
1972 4900 1
1972 739 1
1972 1141 1
4905 1639 1
4905 6385 1
4905 5277 1
4905 2532 1
4905 1146 1
4905 451 1
3328 5982 1
3911 4085 1
3911 460 1
4317 6249 1
4317 2219 1
4317 4010 1
4317 1039 1
4317 623 1
4317 6437 1
4317 2711 1
4317 1827 1
4317 5115 1
4317 1593 1
4317 992 1
4317 2664 1
4317 4404 1
4317 883 1
4317 2940 1
4317 2699 1
4317 3327 1
4317 5443 1
4317 3785 1
4317 3828 1
4317 269 1
4317 6414 1
4317 3348 1
4317 6472 1
4317 6403 1
4317 4093 1
4317 1585 1
4317 665 1
4317 5578 1
4317 2541 1
2811 1236 1
2811 6011 1
2811 1907 1
5082 3941 1
3179 1115 1
3179 4312 1
3179 5220 1
1515 6201 1
1515 598 1
1515 6589 1
1515 1733 1
1515 4846 1
1515 5129 1
5268 4742 1
5268 6067 1
5268 5305 1
6685 6263 1
6685 4584 1
6685 4686 1
6685 1313 1
5252 4768 1
5015 5170 1
5015 584 1
5015 801 1
5015 1582 1
5015 4361 1
5015 587 1
6005 1288 1
6005 5790 1
576 2084 1
3479 6201 1
3479 5404 1
4060 4274 1
4060 4077 1
4060 4687 1
4060 1857 1
4060 5792 1
4060 3287 1
4060 2071 1
4060 194 1
2931 3325 1
2931 3649 1
560 6702 1
560 6081 1
560 3650 1
2764 1507 1
2764 4159 1
2764 1817 1
2764 4874 1
2764 3612 1
2764 5895 1
2764 4906 1
2764 2172 1
2764 4288 1
2764 790 1
2764 5719 1
2764 1842 1
2764 4500 1
2764 4714 1
2764 1930 1
2764 2788 1
2764 773 1
2764 5878 1
2764 3265 1
2764 893 1
2764 3760 1
564 2653 1
564 6294 1
564 3725 1
564 2730 1
564 2178 1
1398 5288 1
4070 2102 1
4070 5970 1
4070 5444 1
4070 312 1
4070 6198 1
4070 5044 1
4070 398 1
4070 1630 1
4070 2475 1
4070 2185 1
4070 1880 1
4070 3947 1
4070 4294 1
1982 4595 1
2318 4017 1
2318 1925 1
2318 5809 1
449 2935 1
4166 3064 1
4166 1526 1
548 400 1
4594 2826 1
3391 2004 1
3391 688 1
3391 601 1
3391 5516 1
3912 2515 1
3912 6148 1
6662 1318 1
1189 5406 1
1189 112 1
1189 2769 1
5483 645 1
5483 578 1
5483 4989 1
4927 1103 1
1836 611 1
2622 2019 1
2622 1940 1
2622 4373 1
2622 4916 1
2622 2563 1
2622 5238 1
2622 4113 1
2622 5712 1
4415 4656 1
4415 1654 1
4415 1444 1
4415 4318 1
1700 6086 1
4125 223 1
840 6296 1
1997 5546 1
286 1776 1
286 1740 1
286 3016 1
286 960 1
286 943 1
286 1300 1
286 3878 1
286 2698 1
286 4868 1
5395 65 1
5395 5608 1
927 4283 1
927 4482 1
927 5880 1
927 3756 1
927 5316 1
4314 1389 1
4314 2290 1
1382 5445 1
1382 2640 1
1382 3643 1
1382 5070 1
6549 4263 1
6549 5735 1
6549 3214 1
5267 2118 1
5267 6699 1
5267 6237 1
131 5407 1
131 4986 1
131 1058 1
131 6190 1
131 4911 1
131 1631 1
131 2656 1
131 5468 1
131 6483 1
131 599 1
131 3317 1
131 3867 1
131 4997 1
5126 5776 1
5126 129 1
5126 6082 1
5126 3436 1
5126 6394 1
3093 5482 1
3093 6112 1
3093 4876 1
4871 5140 1
4871 779 1
4871 5112 1
1850 731 1
4761 1782 1
4414 349 1
4414 792 1
4414 3438 1
4414 5896 1
4414 2073 1
4414 5455 1
4414 4864 1
4414 2695 1
4414 5299 1
6238 281 1
6238 1777 1
6238 3514 1
1603 919 1
6423 4359 1
6423 2999 1
6423 5076 1
6423 4203 1
6106 4174 1
6106 3675 1
904 3569 1
904 750 1
6445 5857 1
6445 6063 1
6445 3621 1
6621 3412 1
6621 3944 1
6621 5859 1
6621 937 1
3430 4456 1
3430 2253 1
1854 4447 1
1854 2498 1
43 673 1
1572 5603 1
3740 6355 1
3652 967 1
6348 4650 1
4800 5775 1
4800 6768 1
5072 835 1
6456 1029 1
1127 4142 1
3351 6094 1
3351 4951 1
3351 5331 1
3351 631 1
3351 6042 1
4515 2677 1
4515 1849 1
3062 1077 1
3062 719 1
3062 6690 1
4153 2455 1
2150 2756 1
4928 6121 1
4928 1895 1
3270 1097 1
3270 5992 1
3270 5152 1
3270 5310 1
3270 4586 1
3270 3142 1
3270 5598 1
2747 4457 1
1619 2725 1
1619 147 1
1619 3877 1
1619 6552 1
924 6103 1
3041 51 1
3041 6305 1
963 5043 1
3322 3237 1
3322 603 1
3322 2349 1
1231 5780 1
1231 6281 1
4880 1874 1
4880 5365 1
4880 5191 1
4880 5179 1
3986 3326 1
5657 3266 1
2584 3398 1
3505 430 1
3505 4926 1
2109 4680 1
2109 2057 1
2109 4655 1
6657 6390 1
6657 2089 1
6657 6359 1
6657 5679 1
6657 6478 1
6657 2601 1
6657 1514 1
6657 1083 1
6657 261 1
6657 1549 1
6657 3052 1
3914 5357 1
6217 2676 1
6217 1415 1
6217 5396 1
6217 1675 1
6217 1273 1
6217 1749 1
6217 4613 1
6217 2662 1
6217 3722 1
6217 6157 1
6217 2592 1
6217 4078 1
6217 1855 1
6217 4568 1
6217 1208 1
6217 4364 1
6217 1021 1
6217 6582 1
6217 4629 1
1673 3364 1
1673 3381 1
7 3216 1
7 3366 1
7 3399 1
7 3960 1
7 3383 1
7 3206 1
7 2958 1
5314 6543 1
5037 5095 1
22 1360 1
4324 4624 1
4324 6402 1
4324 6245 1
4324 1599 1
4324 1434 1
4324 655 1
4324 1917 1
4324 214 1
4324 3074 1
4324 2409 1
4324 207 1
4324 6636 1
4324 3285 1
4324 5113 1
4324 2650 1
4324 36 1
718 5688 1
718 5249 1
718 1067 1
2726 5697 1
6510 2728 1
6510 6460 1
6510 5913 1
6510 2840 1
6510 5108 1
4996 5544 1
4996 852 1
4020 6554 1
5078 954 1
6206 4803 1
2794 417 1
2794 2364 1
2794 1633 1
2794 85 1
2794 1913 1
2794 3194 1
2794 2489 1
982 5274 1
982 5501 1
4682 6753 1
2034 2527 1
4192 5688 1
4192 4331 1
4192 240 1
4192 6273 1
5692 388 1
1044 6161 1
1044 1109 1
2828 4708 1
729 1117 1
729 4013 1
729 1125 1
5756 3288 1
1414 2549 1
1414 4691 1
1414 748 1
6311 5840 1
4198 4805 1
4198 3567 1
2074 1928 1
2074 391 1
2074 2648 1
934 6141 1
5492 2797 1
5492 3304 1
3591 5459 1
3591 3812 1
3591 3609 1
3591 2902 1
3591 5957 1
553 830 1
738 3451 1
738 3644 1
738 879 1
738 2917 1
738 1056 1
3838 6442 1
3838 5744 1
6620 5934 1
6620 4087 1
1636 4170 1
1636 4356 1
2722 5945 1
4038 2892 1
4038 5553 1
4972 6139 1
4972 87 1
4972 53 1
4972 6363 1
4972 1468 1
4972 3568 1
4972 5418 1
6698 2654 1
455 594 1
2420 4345 1
2420 3210 1
2420 3523 1
2420 3791 1
4121 2230 1
4121 5826 1
4121 4940 1
4121 4236 1
4121 865 1
6267 4735 1
6267 500 1
2036 5106 1
2927 6328 1
2927 1423 1
2927 4243 1
2927 116 1
6425 3736 1
3072 3234 1
1764 3042 1
1764 6553 1
1764 3884 1
1764 3145 1
1764 6135 1
1764 6496 1
509 3685 1
4088 531 1
4088 4066 1
523 4582 1
523 1820 1
5965 5337 1
5965 4985 1
5965 418 1
1076 5390 1
1076 3009 1
1076 2842 1
4811 2923 1
4811 5251 1
4811 1274 1
4811 5038 1
4811 6178 1
4844 6571 1
325 4217 1
1212 2591 1
5908 3804 1
2472 6046 1
5086 3359 1
4429 2325 1
4429 3882 1
2252 4191 1
2497 2281 1
2497 3396 1
2916 3284 1
6635 6040 1
681 4376 1
681 3618 1
681 2951 1
1017 2377 1
169 6623 1
169 2375 1
1712 3501 1
224 6167 1
5785 1336 1
2463 3579 1
4979 3374 1
291 1700 1
396 1702 1
3962 3019 1
2615 4008 1
1932 3101 1
235 4996 1
678 3629 1
2421 1475 1
691 5495 1
402 3689 1
402 3415 1
2317 2166 1
292 3352 1
706 3089 1
706 4734 1
706 6311 1
6526 3617 1
6526 6005 1
593 6738 1
593 5201 1
5635 3926 1
1400 904 1
1653 2737 1
1163 1127 1
4130 438 1
4169 3094 1
485 1339 1
2203 802 1
3861 2941 1
4621 375 1
2408 3289 1
6312 1307 1
6615 4998 1
6615 738 1
4052 2829 1
3794 5514 1
489 1396 1
550 4422 1
298 756 1
4615 6624 1
1175 3030 1
5001 5083 1
150 4583 1
1648 6433 1
5409 4967 1
5781 6353 1
124 859 1
124 5528 1
6140 441 1
996 3986 1
774 56 1
3798 2819 1
5718 5676 1
5718 2696 1
5718 1774 1
6246 3909 1
6246 5382 1
1861 1296 1
4246 6693 1
5704 6445 1
4738 4307 1
5192 2828 1
1781 4181 1
1781 4927 1
2136 6549 1
1981 4758 1
4165 6646 1
5342 6646 1
6347 1108 1
2856 3345 1
2856 3667 1
2067 2155 1
6712 4452 1
2775 2146 1
2692 3315 1
475 6662 1
4921 6300 1
5271 2110 1
5271 4953 1
5737 2529 1
4922 2729 1
4922 3837 1
3690 4899 1
70 5522 1
302 6099 1
302 1057 1
2639 6323 1
307 2561 1
3782 3936 1
6742 1014 1
3173 4941 1
911 5968 1
911 6730 1
3920 1269 1
79 2988 1
79 3589 1
79 44 1
79 6634 1
79 2585 1
79 6226 1
3268 551 1
4820 5144 1
4820 2420 1
3967 931 1
3967 3958 1
6144 3600 1
3691 3012 1
5311 4153 1
4079 4250 1
5940 1232 1
2306 5590 1
5804 2814 1
1812 2318 1
4219 1707 1
4523 6253 1
5122 2524 1
2235 368 1
1168 3085 1
4695 6423 1
4737 2953 1
1201 2978 1
3031 564 1
1833 894 1
1833 2200 1
2242 4875 1
1370 1065 1
1370 5876 1
769 6130 1
769 3819 1
4532 4641 1
505 4428 1
851 729 1
6065 1760 1
1938 6143 1
4475 3697 1
1550 3357 1
6532 1028 1
474 4014 1
474 6671 1
3379 840 1
5199 1129 1
692 4625 1
4056 6152 1
6341 5157 1
1302 3471 1
3390 978 1
3918 2244 1
5022 903 1
5885 3283 1
5187 6293 1
1994 3351 1
4467 131 1
358 4557 1
358 963 1
184 1559 1
184 2040 1
5583 3423 1
3452 3428 1
2491 3171 1
3165 6656 1
3165 4030 1
5741 6159 1
4386 420 1
5384 5005 1
1035 1076 1
432 2321 1
5451 4762 1
3490 5933 1
4443 1218 1
4513 449 1
4484 6080 1
6749 5707 1
3519 2261 1
2866 6285 1
4934 4015 1
5557 2894 1
6092 2620 1
5415 4700 1
771 6118 1
6752 459 1
3728 886 1
4080 1253 1
4444 2419 1
4444 4055 1
536 4897 1
536 3307 1
5664 4202 1
5714 2593 1
4888 1887 1
6707 6769 1
981 256 1
2328 256 1
5627 5568 1
6023 4139 1
4531 3695 1
296 409 1
3143 2495 1
5012 5601 1
5962 2882 1
2465 5190 1
5166 2783 1
4771 3919 1
1554 3787 1
2255 1627 1
6600 932 1
118 2225 1
5248 3319 1
2164 1969 1
4261 6511 1
1939 105 1
3082 1412 1
1806 2571 1
5347 3831 1
2277 4234 1
6039 6109 1
399 248 1
5975 3948 1
4565 4136 1
4363 5429 1
1658 213 1
5370 764 1
2909 2218 1
2470 1890 1
1808 5585 1
2815 5439 1
6196 5403 1
1863 791 1
4426 2531 1
824 4179 1
1202 89 1
622 1766 1
1502 6420 1
2782 5483 1
429 1128 1
2913 2581 1
5853 3028 1
2805 2522 1
3297 4201 1
3543 3931 1
1319 185 1
2320 834 1
80 3811 1
4507 3838 1
5687 6487 1
516 1196 1
1731 1211 1
5883 6427 1
5632 924 1
2666 1603 1
1447 3133 1
155 2247 1
2229 3593 1
5496 1283 1
5372 4177 1
4779 968 1
1147 1997 1
2530 845 1
5923 882 1
2179 715 1
3705 6412 1
1249 1445 1
1461 351 1
5937 6136 1
2117 3388 1
3739 6617 1
98 4575 1
4097 676 1
2211 1220 1
816 5777 1
1228 5427 1
6492 3235 1
1116 1022 1
1046 3107 1
5761 5024 1
88 3051 1
1375 1714 1
4790 394 1
5696 6453 1
2514 1185 1
4454 2811 1
4514 4761 1
3151 5037 1
3797 2545 1
2863 6523 1
3100 3668 1
1738 4003 1
4022 1189 1
3 6596 1
1316 3711 1
2612 4591 1
2556 3322 1
1169 4144 1
160 3246 1
4401 918 1
961 4185 1
2141 1181 1
2361 182 1
1162 2952 1
3664 3555 1
50 2476 1
4208 3620 1
4101 1503 1
6652 2748 1
3118 677 1
2371 2269 1
6721 2755 1
4672 4760 1
4251 5318 1
3218 4192 1
2733 3655 1
2558 2368 1
3757 3391 1
3678 1652 1
605 5810 1
2462 3090 1
2481 1093 1
1680 2888 1
5503 4850 1
2781 6100 1
5556 4905 1
4976 4748 1
1183 5150 1
3247 5124 1
4639 6654 1
3726 6127 1
257 3263 1
5523 5268 1
5470 1426 1
3761 5194 1
5727 347 1
6512 6657 1
1256 1465 1
6047 6620 1
3091 3040 1
2309 5136 1
6126 3849 1
1292 43 1
3084 7 1
2979 5506 1
5332 1726 1
2366 5898 1
1180 6069 1
635 3401 1
5167 434 1
1542 4280 1
1200 2183 1
2683 4366 1
5354 743 1
3648 5269 1
4978 6510 1
2807 1534 1
2206 2511 1
3991 6630 1
1898 4774 1
4919 6169 1
2037 3552 1
3987 1144 1
3227 1583 1
303 3496 1
6002 4231 1
6155 1235 1
293 2150 1
6739 2901 1
5014 3162 1
5014 1308 1
5088 515 1
5088 5315 1
2393 1667 1
4059 5297 1
3940 5419 1
3050 6520 1
2899 3904 1
6764 1491 1
1956 686 1
3335 5758 1
650 3346 1
340 4945 1
1361 6447 1
2736 2950 1
6299 2735 1
1176 4938 1
471 4801 1
1410 4670 1
3096 2869 1
3161 1145 1
491 5830 1
6417 4164 1
3443 5875 1
3511 5997 1
6225 4385 1
1036 1607 1
5644 2793 1
5854 4121 1
581 3764 1
5235 100 1
585 13 1
2851 1038 1
2338 1516 1
753 4896 1
3565 1642 1
3565 3385 1
3205 5985 1
805 1972 1
3187 3238 1
2643 138 1
2643 5395 1
5430 700 1
4057 6036 1
5596 5399 1
6504 5726 1
4590 6382 1
479 5976 1
493 1284 1
3955 1518 1
1795 2224 1
3870 522 1
2597 3466 1
1459 4116 1
1751 5348 1
2314 2046 1
4635 5615 1
6408 2482 1
555 1186 1
5218 4477 1
5773 728 1
5464 5003 1
3229 3417 1
2512 6594 1
5412 2167 1
4383 1126 1
4214 942 1
3628 6116 1
1931 1640 1
6593 3072 1
2078 2456 1
5289 3488 1
2499 6488 1
8 1571 1
5518 5774 1
3540 6679 1
5225 5267 1
3186 1899 1
3793 4148 1
6068 6288 1
3560 3959 1
2135 3805 1
1287 5082 1
5759 4451 1
6619 1148 1
5132 3158 1
5302 4789 1
741 2598 1
5739 4999 1
5174 2875 1
3274 778 1
5035 2410 1
6564 5881 1
976 2841 1
195 523 1
2970 77 1
4572 4957 1
2330 4350 1
1629 1222 1
3132 5862 1
454 1885 1
5343 1927 1
1071 210 1
5928 4567 1
5906 3120 1
2341 1385 1
5359 4535 1
4440 6392 1
896 6007 1
2810 6603 1
3426 511 1
3426 697 1
164 3195 1
1337 5843 1
4733 2709 1
1073 926 1
3924 5965 1
4859 1044 1
2784 6062 1
161 1471 1
2938 6505 1
3340 3122 1
627 2764 1
5663 5910 1
2454 3442 1
704 6775 1
2370 1275 1
6231 6710 1
6003 1263 1
2602 1263 1
5096 4442 1
2418 5690 1
5642 5239 1
132 4736 1
1638 3129 1
5207 5768 1
4519 1452 1
4393 2396 1
6746 5648 1
3241 6217 1
2790 2708 1
6598 3179 1
1522 2274 1
2817 2490 1
3252 1854 1
4470 5819 1
1395 5548 1
1474 2636 1
3344 6608 1
1213 6440 1
4259 1091 1
3916 346 1
4722 4382 1
3858 3505 1
3014 1528 1
789 5926 1
3131 1594 1
4244 1901 1
6364 1873 1
2159 6290 1
5694 4317 1
46 2794 1
5699 4552 1
3852 6326 1
5869 2723 1
1829 421 1
2388 4631 1
2838 4739 1
809 3018 1
3806 5955 1
3996 5314 1
2256 6685 1
4730 1233 1
5142 1198 1
3137 5281 1
5637 286 1
6335 1922 1
2803 2092 1
794 6168 1
508 530 1
6096 3751 1
1813 5377 1
3373 868 1
1945 1657 1
823 6613 1
6133 237 1
4821 4754 1
323 1182 1
1649 2000 1
3666 4525 1
2609 1436 1
