331 1132 1
1693 285 1
1093 459 1
1487 430 1
1487 498 1
1571 1623 1
674 21 1
674 547 1
1142 1327 1
690 1391 1
1228 528 1
1228 1288 1
1228 660 1
1228 1913 1
1706 1091 1
1949 559 1
217 1621 1
709 449 1
709 51 1
709 1515 1
709 1516 1
709 1873 1
709 1659 1
709 848 1
709 1703 1
709 1920 1
709 1494 1
773 1791 1
365 684 1
365 111 1
365 1243 1
365 1106 1
1053 1741 1
1663 777 1
1663 752 1
1663 483 1
1663 681 1
1663 619 1
1583 1418 1
115 1269 1
327 817 1
327 1517 1
945 1435 1
1250 1345 1
1250 551 1
219 1513 1
1362 1553 1
999 1525 1
999 1664 1
999 50 1
1579 693 1
1579 897 1
1579 762 1
1579 1100 1
662 1326 1
233 1720 1
1901 1727 1
1506 1301 1
1506 366 1
1386 1486 1
1192 1035 1
38 769 1
38 1388 1
38 299 1
38 538 1
38 80 1
38 434 1
38 1711 1
38 1031 1
38 248 1
293 827 1
633 1932 1
633 1112 1
633 1441 1
633 1280 1
633 1747 1
633 1299 1
633 1786 1
633 417 1
633 968 1
633 86 1
633 154 1
633 1335 1
1392 504 1
1392 935 1
218 1260 1
218 1893 1
218 702 1
218 484 1
218 1107 1
218 904 1
218 760 1
218 150 1
218 1826 1
218 1775 1
808 1308 1
705 936 1
1805 733 1
1805 1750 1
1598 28 1
90 819 1
936 1207 1
936 286 1
936 930 1
1095 753 1
1095 1759 1
1608 688 1
1821 45 1
1183 613 1
1183 677 1
1183 1757 1
1183 1437 1
1680 1464 1
1276 1069 1
527 338 1
768 313 1
270 393 1
1339 1105 1
1339 1197 1
1181 1026 1
1623 421 1
1623 1425 1
1623 277 1
1623 730 1
1623 1036 1
1623 1855 1
1623 984 1
30 1922 1
30 1773 1
30 1475 1
30 1246 1
30 1412 1
1919 649 1
1919 1068 1
1919 1537 1
1919 1877 1
1919 1430 1
1919 949 1
1919 818 1
519 599 1
242 1005 1
329 1171 1
329 874 1
329 1737 1
329 304 1
329 893 1
329 1838 1
453 12 1
453 1803 1
453 530 1
714 1514 1
1287 1732 1
1287 116 1
1287 490 1
1287 981 1
1287 1596 1
1287 1002 1
1287 1234 1
1287 1752 1
1287 1442 1
1287 1720 1
1287 1423 1
1287 1445 1
1287 604 1
1287 1152 1
1287 972 1
1287 1158 1
1287 1268 1
1079 466 1
976 546 1
976 1465 1
1630 183 1
908 292 1
489 1189 1
1315 575 1
1315 541 1
1315 384 1
1315 395 1
1315 515 1
1315 1238 1
1315 474 1
1315 1831 1
1315 923 1
1315 1286 1
1315 1104 1
1315 64 1
1315 1073 1
51 449 1
1845 954 1
1845 707 1
187 1149 1
385 1283 1
385 1677 1
385 922 1
735 427 1
1751 1286 1
815 1636 1
817 1187 1
817 1905 1
817 405 1
817 1770 1
817 1249 1
631 1660 1
631 1431 1
631 1499 1
867 651 1
867 791 1
867 561 1
867 1145 1
867 247 1
867 1624 1
867 1090 1
867 1226 1
867 1840 1
867 1774 1
1080 995 1
667 496 1
1360 1529 1
1628 1255 1
1628 1334 1
952 1225 1
1043 285 1
1521 1487 1
1521 23 1
1521 539 1
1521 625 1
1521 814 1
1521 596 1
1521 751 1
1521 407 1
1521 1235 1
1521 1518 1
1521 1222 1
1521 1001 1
1521 1756 1
1521 84 1
1219 940 1
1219 1108 1
1219 776 1
1726 638 1
666 793 1
1823 1456 1
1823 375 1
1823 1259 1
1823 1165 1
1823 1667 1
1823 1123 1
1823 1472 1
1823 564 1
1823 262 1
1823 1279 1
1823 627 1
1823 1650 1
842 428 1
842 694 1
842 1008 1
842 1333 1
842 1802 1
842 1467 1
842 1718 1
842 491 1
842 1649 1
842 1463 1
842 1564 1
842 1739 1
842 1678 1
842 325 1
1199 1032 1
1199 268 1
1199 832 1
1199 14 1
1199 1404 1
1746 410 1
1526 128 1
1380 1245 1
1380 1764 1
1380 1116 1
1380 739 1
1380 451 1
311 1099 1
396 1730 1
396 278 1
1266 1743 1
1266 623 1
1266 125 1
1266 591 1
1647 1700 1
933 349 1
25 1186 1
281 1701 1
499 1005 1
465 1723 1
465 1705 1
465 1285 1
465 1776 1
465 1792 1
465 432 1
465 986 1
465 1429 1
465 399 1
465 1325 1
465 1733 1
1143 593 1
463 796 1
17 1026 1
668 861 1
1433 579 1
400 1373 1
400 1524 1
400 1753 1
400 1076 1
400 374 1
400 722 1
400 363 1
400 1376 1
400 955 1
400 700 1
400 1843 1
400 147 1
47 1533 1
584 484 1
584 159 1
584 1720 1
584 1488 1
584 344 1
1515 1914 1
982 989 1
1604 85 1
398 1203 1
479 1519 1
1675 1024 1
330 807 1
1359 1482 1
1359 947 1
1359 1810 1
1359 787 1
1359 52 1
1359 1734 1
1359 1552 1
712 1412 1
223 200 1
597 1758 1
306 959 1
1306 1111 1
1814 594 1
273 804 1
1078 608 1
1078 1401 1
1078 342 1
1078 346 1
1253 34 1
1794 1318 1
1689 1715 1
1689 1807 1
1689 426 1
1689 1470 1
1689 1379 1
1689 1811 1
1689 903 1
1689 1936 1
1689 1868 1
495 209 1
495 1625 1
495 1057 1
69 1493 1
1560 335 1
1560 1166 1
1560 1745 1
1560 1899 1
1891 12 1
875 72 1
1748 289 1
1728 1191 1
1383 1212 1
1383 35 1
1383 254 1
1383 76 1
1383 142 1
1383 1457 1
1383 1874 1
1383 1049 1
854 1262 1
39 960 1
39 88 1
39 745 1
39 626 1
39 371 1
39 230 1
39 1674 1
39 475 1
754 77 1
1317 507 1
1173 162 1
794 1827 1
794 747 1
794 1507 1
794 755 1
794 634 1
794 589 1
1468 1147 1
1468 1101 1
1468 1160 1
1468 1074 1
1468 170 1
1468 1389 1
1468 1356 1
1314 1169 1
1314 57 1
1201 842 1
1768 572 1
302 1478 1
298 826 1
1144 965 1
389 979 1
389 225 1
389 550 1
389 1696 1
389 536 1
389 239 1
1613 1114 1
1634 1815 1
1634 1113 1
1634 1638 1
1634 488 1
1634 126 1
824 1520 1
1118 1052 1
1244 1287 1
1419 1382 1
1419 1291 1
1419 1859 1
1419 812 1
1586 257 1
1586 71 1
1586 587 1
1586 394 1
1586 778 1
1586 1819 1
1586 927 1
1586 535 1
1600 801 1
1600 1849 1
1600 825 1
1600 1309 1
1600 16 1
1600 1135 1
1600 1825 1
1600 424 1
1600 226 1
1943 1687 1
1837 341 1
912 1479 1
912 715 1
912 1690 1
912 423 1
912 1251 1
133 29 1
133 1094 1
427 695 1
31 929 1
31 336 1
31 365 1
31 294 1
31 355 1
31 1183 1
31 716 1
31 1588 1
31 806 1
31 237 1
31 400 1
31 852 1
31 1078 1
31 1184 1
31 377 1
31 1782 1
31 1188 1
31 44 1
31 164 1
31 1580 1
31 1054 1
31 685 1
31 590 1
31 1947 1
1801 178 1
1801 879 1
1801 576 1
950 1612 1
36 1012 1
411 1508 1
411 211 1
624 29 1
624 1496 1
624 210 1
624 133 1
624 455 1
624 446 1
624 1808 1
624 1185 1
624 1354 1
624 514 1
624 1870 1
624 548 1
624 1707 1
624 888 1
624 464 1
624 1094 1
624 556 1
1247 1576 1
655 821 1
274 765 1
274 1119 1
274 1130 1
274 1134 1
274 937 1
274 653 1
1438 1577 1
1648 63 1
617 110 1
1923 1151 1
101 783 1
1643 78 1
1484 555 1
1484 1584 1
130 1761 1
823 1233 1
580 1050 1
632 1916 1
632 1736 1
632 553 1
632 382 1
632 165 1
632 743 1
632 1565 1
377 1713 1
377 543 1
1067 1264 1
1489 670 1
1861 1261 1
1508 217 1
1508 1017 1
1508 851 1
1508 502 1
1508 1682 1
1508 1208 1
1508 1555 1
1508 880 1
1508 123 1
1508 43 1
1508 1311 1
1508 799 1
1508 1911 1
1797 816 1
706 586 1
1782 294 1
1782 1858 1
1782 360 1
1782 1047 1
1782 361 1
403 1925 1
1045 197 1
1045 119 1
1045 703 1
1045 473 1
422 1742 1
104 1719 1
253 505 1
253 1131 1
1110 1117 1
1381 741 1
1009 771 1
1009 509 1
532 1710 1
1409 1012 1
802 1602 1
802 255 1
1140 1692 1
691 1447 1
691 1096 1
691 1937 1
691 1590 1
691 1917 1
1844 1944 1
337 1722 1
847 153 1
586 493 1
586 172 1
1701 905 1
1701 1574 1
1701 356 1
1701 1358 1
1701 314 1
1701 481 1
1701 1258 1
1724 75 1
1724 1290 1
1724 605 1
1724 1064 1
1724 146 1
1724 212 1
1724 661 1
1724 1530 1
1724 525 1
1220 1864 1
646 1337 1
1699 1938 1
903 250 1
1624 630 1
1624 391 1
1624 770 1
1624 1633 1
1624 1862 1
1624 300 1
1624 370 1
1624 436 1
1624 100 1
1624 196 1
1624 876 1
1624 1329 1
1624 334 1
1624 1779 1
1624 1694 1
1624 1164 1
1624 425 1
1624 1549 1
363 1040 1
186 1816 1
186 229 1
641 1446 1
487 1579 1
1275 1760 1
1275 70 1
1275 2 1
1275 1661 1
1275 969 1
1275 987 1
1275 606 1
1789 1886 1
1789 173 1
1202 990 1
318 756 1
1857 290 1
1808 770 1
1808 1793 1
1808 133 1
1808 247 1
1808 737 1
1848 665 1
882 266 1
1417 31 1
1417 1738 1
1405 338 1
139 1884 1
264 1357 1
720 1771 1
1758 1593 1
1758 918 1
1758 1888 1
1398 1670 1
1480 1236 1
1480 1579 1
1480 1392 1
1480 1567 1
1480 1043 1
1480 45 1
559 1887 1
559 439 1
559 1305 1
559 1077 1
559 647 1
559 1812 1
559 1367 1
559 906 1
559 368 1
559 353 1
94 1080 1
1321 1903 1
746 258 1
518 134 1
900 1607 1
1591 1216 1
1591 1871 1
1591 1170 1
1164 112 1
1164 1298 1
1164 1640 1
1164 1172 1
1164 1281 1
1164 523 1
235 7 1
1876 1384 1
98 978 1
1570 1380 1
1741 366 1
1741 1830 1
232 1945 1
1347 1312 1
249 1346 1
1270 489 1
478 415 1
478 1209 1
478 1656 1
478 676 1
478 650 1
478 332 1
478 319 1
478 657 1
478 1083 1
478 531 1
367 1366 1
642 500 1
642 135 1
642 372 1
642 925 1
642 1929 1
642 644 1
1933 699 1
1933 1474 1
710 1481 1
710 789 1
731 1292 1
731 316 1
731 275 1
731 105 1
731 108 1
731 440 1
731 461 1
731 1501 1
731 635 1
1148 1751 1
167 21 1
296 1018 1
1850 945 1
1850 860 1
1850 323 1
1850 1749 1
1850 157 1
1717 869 1
1669 419 1
1762 1623 1
898 1399 1
339 1842 1
1351 881 1
637 4 1
637 182 1
637 1217 1
637 577 1
637 1542 1
637 443 1
637 734 1
1072 845 1
1213 1785 1
542 1377 1
1813 376 1
1813 813 1
1813 92 1
1813 1594 1
1813 1744 1
1813 522 1
1813 517 1
1813 887 1
1813 1619 1
1813 447 1
1813 675 1
1813 1277 1
1813 1062 1
855 794 1
834 1420 1
1545 305 1
1128 178 1
1128 219 1
1128 1653 1
1128 1087 1
1128 243 1
1128 1862 1
1128 370 1
1128 39 1
1128 196 1
1128 228 1
1128 1801 1
1128 1672 1
1128 98 1
1128 1880 1
1128 514 1
1128 1310 1
1128 1155 1
1128 1851 1
1128 917 1
1128 1476 1
1128 1163 1
138 581 1
138 1458 1
326 1590 1
68 1066 1
68 1790 1
206 1278 1
206 1038 1
206 1010 1
206 1075 1
206 785 1
206 240 1
206 1044 1
206 387 1
206 894 1
206 1796 1
206 8 1
1023 1323 1
1915 1628 1
1915 244 1
1348 1343 1
910 67 1
1242 1600 1
1651 1931 1
1039 65 1
163 1809 1
683 1350 1
1543 402 1
152 206 1
271 1455 1
271 1041 1
271 431 1
271 1014 1
271 1491 1
271 127 1
26 177 1
26 149 1
1935 1178 1
924 732 1
924 830 1
924 970 1
924 1355 1
924 62 1
924 333 1
1378 1686 1
1166 1721 1
1166 1092 1
1166 571 1
1166 932 1
1129 324 1
1654 24 1
1654 139 1
1569 680 1
1569 1626 1
1569 835 1
1569 1033 1
1569 1419 1
1569 1252 1
1569 1908 1
1569 288 1
1569 1127 1
1569 540 1
1569 1342 1
810 562 1
1546 1714 1
1546 467 1
1328 1817 1
975 234 1
975 772 1
975 1339 1
975 744 1
975 766 1
975 611 1
975 485 1
975 1784 1
975 265 1
975 637 1
975 1668 1
975 1302 1
975 287 1
975 1034 1
975 1406 1
975 1237 1
975 761 1
975 190 1
975 846 1
843 1385 1
886 838 1
886 213 1
886 214 1
886 495 1
886 121 1
886 1528 1
886 136 1
886 1556 1
886 1322 1
886 1832 1
886 1190 1
886 549 1
886 621 1
926 1919 1
288 748 1
288 944 1
1698 1587 1
685 701 1
1178 151 1
1178 998 1
1178 620 1
1178 557 1
1440 1410 1
1440 1161 1
614 1332 1
1635 736 1
1635 1834 1
1635 797 1
1635 963 1
1635 117 1
1522 395 1
79 132 1
1856 1506 1
1627 962 1
1627 1177 1
1627 1239 1
1627 727 1
1627 678 1
946 404 1
1597 203 1
1391 603 1
1391 1729 1
1391 1948 1
1391 934 1
1391 996 1
1391 476 1
1391 1666 1
1391 1939 1
1391 1374 1
1391 1313 1
1391 1368 1
1391 1081 1
590 585 1
590 1852 1
590 1804 1
1676 1823 1
857 958 1
857 192 1
857 1330 1
857 189 1
857 168 1
857 1688 1
857 81 1
857 129 1
857 786 1
857 1943 1
857 18 1
857 588 1
857 784 1
857 1611 1
857 1030 1
857 948 1
857 5 1
1946 1316 1
917 219 1
917 615 1
917 480 1
917 746 1
917 442 1
917 1851 1
917 42 1
917 1103 1
155 1540 1
321 97 1
1186 1942 1
1186 33 1
1186 1683 1
1186 1622 1
1186 1168 1
1186 6 1
1186 1912 1
1186 1684 1
1186 1019 1
1186 1561 1
1186 91 1
1186 669 1
1186 1616 1
1186 643 1
1186 1461 1
1478 409 1
1478 66 1
1478 1592 1
1478 654 1
1478 328 1
1478 315 1
1478 176 1
1478 872 1
1478 883 1
1478 1781 1
1478 1806 1
1478 283 1
1478 1211 1
1478 53 1
1478 865 1
1478 1273 1
1478 994 1
1478 992 1
1478 267 1
1478 1413 1
1478 859 1
1478 583 1
1478 1284 1
911 437 1
1157 1895 1
1157 1578 1
1157 378 1
1157 1833 1
1157 392 1
103 1250 1
103 1591 1
1708 340 1
1141 875 1
1363 13 1
1363 1545 1
259 1263 1
364 1924 1
1073 345 1
1300 1294 1
1167 890 1
1535 1511 1
1535 1070 1
1535 1415 1
1535 988 1
1535 1671 1
1535 1319 1
1535 166 1
1535 1673 1
1535 554 1
1535 358 1
1535 137 1
1535 1930 1
1535 1426 1
1535 1085 1
1535 862 1
1535 1606 1
1535 658 1
763 570 1
1615 696 1
1446 1182 1
1446 1637 1
1446 941 1
1681 749 1
953 912 1
943 533 1
198 271 1
198 1005 1
616 1560 1
1636 1740 1
107 188 1
107 1517 1
107 857 1
1738 193 1
1738 95 1
1738 697 1
1738 648 1
1738 1527 1
1738 850 1
1738 1003 1
1738 891 1
1738 169 1
1738 171 1
1611 15 1
1611 537 1
809 1724 1
1466 1205 1
1323 1084 1
1323 221 1
1323 1344 1
1323 1783 1
1323 1324 1
1323 956 1
1323 144 1
1323 1240 1
1323 1490 1
1323 191 1
780 704 1
345 1195 1
618 7 1
869 492 1
869 207 1
869 46 1
729 1195 1
1629 839 1
141 1566 1
985 1295 1
441 1566 1
1051 1353 1
215 1095 1
215 1227 1
215 1604 1
215 659 1
215 1572 1
215 380 1
215 971 1
215 980 1
692 853 1
1541 1471 1
1541 1892 1
1541 1055 1
1541 983 1
1541 1632 1
1541 1396 1
1541 497 1
1541 1709 1
1541 1697 1
1541 1642 1
1069 607 1
1071 143 1
1568 30 1
1568 1320 1
1568 1453 1
1568 282 1
1568 20 1
1568 1635 1
438 1153 1
231 1383 1
902 1533 1
1702 534 1
401 1610 1
1505 113 1
1364 1941 1
1364 49 1
1364 1369 1
1364 241 1
1364 1839 1
1364 180 1
1364 1725 1
1364 383 1
1364 1361 1
1364 764 1
1364 27 1
1364 1777 1
1364 1059 1
1364 878 1
1042 1500 1
1012 964 1
513 779 1
572 1340 1
572 1883 1
572 501 1
572 420 1
572 1063 1
572 1397 1
572 1029 1
572 1882 1
572 1704 1
572 1176 1
572 373 1
572 1539 1
1605 600 1
574 1303 1
1881 1005 1
709 1820 1
709 1289 1
709 909 1
709 831 1
838 1716 1
633 390 1
633 1544 1
633 708 1
633 1940 1
633 429 1
633 1449 1
218 205 1
218 578 1
218 412 1
218 520 1
218 1088 1
218 1644 1
218 160 1
1846 32 1
1846 1601 1
1846 938 1
1846 1532 1
1846 1835 1
1846 1589 1
1846 1772 1
1846 1232 1
1846 718 1
1846 348 1
1846 477 1
1846 767 1
696 719 1
30 416 1
30 671 1
30 54 1
1919 1824 1
1287 1331 1
1315 351 1
1315 805 1
1315 622 1
1315 951 1
1315 672 1
1315 1904 1
1315 1058 1
817 1102 1
867 284 1
867 1869 1
1521 790 1
1823 317 1
1823 59 1
842 60 1
842 942 1
842 866 1
1266 1866 1
1266 83 1
465 350 1
465 181 1
465 977 1
465 1028 1
465 957 1
465 1620 1
465 1875 1
465 1879 1
465 118 1
465 1402 1
465 1297 1
465 828 1
465 781 1
465 1828 1
465 1254 1
465 687 1
465 3 1
465 1896 1
465 1652 1
465 877 1
465 1609 1
465 656 1
584 263 1
584 920 1
495 1477 1
1560 59 1
1383 1139 1
39 896 1
1468 48 1
1468 1411 1
1468 216 1
1314 870 1
389 798 1
389 174 1
427 58 1
31 1599 1
31 1906 1
31 1889 1
31 1459 1
624 573 1
274 1483 1
617 1407 1
632 1665 1
1508 511 1
1508 726 1
1508 1400 1
1508 354 1
1508 1735 1
1508 1013 1
1508 1414 1
1508 74 1
1508 450 1
1045 224 1
1045 822 1
1009 11 1
1009 915 1
1009 452 1
1009 1557 1
1009 309 1
1009 347 1
1009 343 1
1009 448 1
586 1097 1
1701 1109 1
1724 220 1
785 1162 1
349 997 1
349 1639 1
349 1156 1
349 1603 1
1624 1439 1
139 486 1
1480 397 1
559 1393 1
559 109 1
1591 456 1
1164 1534 1
1741 506 1
1741 1926 1
1741 1865 1
1741 1795 1
642 308 1
731 1818 1
731 1841 1
731 516 1
637 966 1
637 1120 1
1813 1510 1
1128 1657 1
1128 1614 1
1128 1427 1
26 757 1
924 628 1
924 1769 1
924 352 1
924 1822 1
924 1473 1
1166 1061 1
1166 245 1
1166 1021 1
1166 914 1
1569 521 1
975 10 1
975 1460 1
886 1885 1
886 252 1
1581 1267 1
1581 1223 1
1581 1082 1
1581 1712 1
1581 1550 1
1391 1230 1
1391 460 1
1391 1766 1
857 1755 1
321 1934 1
1186 1502 1
1478 1551 1
1478 711 1
1478 1214 1
1478 1210 1
1478 529 1
1478 1006 1
1478 1562 1
1478 1218 1
1478 1025 1
1478 682 1
1363 1595 1
1363 418 1
1363 858 1
1363 1854 1
1363 246 1
1363 1115 1
1363 610 1
1363 664 1
1535 1492 1
1738 1778 1
1738 1582 1
1611 1573 1
183 916 1
183 236 1
183 552 1
1771 558 1
1069 901 1
1069 272 1
1384 1048 1
445 602 1
445 742 1
445 636 1
445 889 1
445 1872 1
445 1918 1
445 1860 1
445 1296 1
55 1679 1
55 895 1
55 524 1
55 1000 1
55 1691 1
55 1179 1
1364 156 1
1364 1443 1
1364 931 1
1364 1907 1
1364 1146 1
1364 840 1
89 1263 1
961 691 1
1221 1180 1
738 215 1
145 975 1
512 1315 1
1428 158 1
40 709 1
40 624 1
833 1364 1
102 642 1
921 632 1
1563 1787 1
357 227 1
179 1349 1
1485 731 1
1352 645 1
1655 1913 1
1910 1307 1
1403 1200 1
37 1282 1
1022 274 1
9 1375 1
124 478 1
689 38 1
689 1484 1
907 665 1
1027 526 1
1512 1293 1
673 1813 1
468 1395 1
185 148 1
1086 1444 1
295 674 1
1618 201 1
560 800 1
1394 1853 1
973 1862 1
639 1641 1
1575 184 1
1902 184 1
1897 1523 1
199 388 1
1241 939 1
1531 1767 1
204 991 1
386 1850 1
1271 631 1
1731 1765 1
612 271 1
61 1805 1
1175 582 1
1780 1133 1
1547 1199 1
679 1363 1
251 1089 1
503 775 1
967 856 1
1056 280 1
1662 279 1
1662 73 1
1617 1646 1
1265 1125 1
482 1248 1
122 1154 1
788 87 1
413 19 1
837 1890 1
663 1536 1
1788 278 1
435 1275 1
359 1416 1
1658 444 1
462 282 1
792 161 1
792 545 1
1421 1541 1
899 1451 1
1257 1198 1
928 841 1
1927 457 1
1137 1204 1
1554 1204 1
686 1266 1
1020 414 1
41 1851 1
208 886 1
406 849 1
568 1836 1
1136 296 1
1098 750 1
1921 758 1
1495 1128 1
1336 260 1
544 238 1
544 472 1
1390 652 1
194 1314 1
873 508 1
1585 1127 1
1124 369 1
1695 175 1
312 1359 1
1432 1424 1
782 433 1
1631 1480 1
565 1837 1
1046 725 1
1452 1045 1
1548 1194 1
256 1206 1
1448 276 1
1011 829 1
595 868 1
863 1256 1
1338 1509 1
1274 1863 1
1016 811 1
1341 1566 1
106 55 1
723 1754 1
140 598 1
381 1150 1
297 1489 1
297 1009 1
1497 1894 1
1898 1627 1
1159 100 1
1867 1126 1
202 633 1
261 131 1
1763 884 1
1174 195 1
1224 383 1
569 389 1
1215 82 1
740 1846 1
56 1503 1
1436 1878 1
1371 1799 1
724 1007 1
1037 1468 1
1065 1800 1
1004 1535 1
717 1193 1
913 629 1
759 867 1
408 465 1
120 567 1
1847 1504 1
362 1454 1
22 1272 1
1900 222 1
1370 301 1
640 1141 1
864 114 1
269 728 1
1372 721 1
1685 924 1
291 1581 1
1538 584 1
974 820 1
774 1140 1
609 445 1
1434 1576 1
1121 321 1
795 218 1
698 1829 1
1304 1816 1
310 329 1
1122 303 1
1408 470 1
510 601 1
1498 1645 1
1387 320 1
454 26 1
713 1 1
1060 1469 1
1928 1138 1
307 1521 1
566 1569 1
1229 1689 1
803 1821 1
96 471 1
494 892 1
844 871 1
885 322 1
1231 617 1
1558 1909 1
469 919 1
93 1798 1
1450 592 1
1559 410 1
1422 993 1
1196 1015 1
836 379 1
458 1462 1
563 922 1
99 1365 1
