666 968 1
666 263 1
430 32 1
430 1172 1
674 1043 1
674 741 1
674 875 1
674 172 1
674 1141 1
674 1059 1
1188 635 1
1239 565 1
506 789 1
1135 524 1
161 820 1
161 94 1
576 331 1
227 958 1
1081 671 1
391 1064 1
391 1243 1
391 552 1
391 490 1
391 885 1
391 225 1
531 563 1
367 618 1
729 181 1
1051 712 1
497 727 1
497 209 1
497 198 1
497 213 1
497 471 1
497 234 1
497 1089 1
497 3 1
384 211 1
384 650 1
384 821 1
384 1001 1
384 943 1
472 1168 1
252 28 1
986 1237 1
986 446 1
300 1162 1
586 254 1
586 264 1
586 588 1
1187 616 1
421 1057 1
727 637 1
727 265 1
342 442 1
342 701 1
342 34 1
342 589 1
342 592 1
342 1006 1
342 1175 1
342 1112 1
342 385 1
342 42 1
743 871 1
949 367 1
949 311 1
949 1115 1
949 638 1
1033 857 1
850 156 1
850 1017 1
850 256 1
1137 224 1
475 675 1
475 1194 1
475 1175 1
954 714 1
484 935 1
683 779 1
845 776 1
907 695 1
907 869 1
70 942 1
447 1232 1
447 153 1
447 21 1
447 913 1
447 685 1
447 291 1
447 746 1
640 1013 1
640 587 1
12 207 1
12 1181 1
515 451 1
417 366 1
417 590 1
417 889 1
417 544 1
417 795 1
417 261 1
417 143 1
417 823 1
168 881 1
168 406 1
168 656 1
1084 278 1
1084 92 1
1084 637 1
1084 1089 1
1084 159 1
1084 1214 1
1084 1106 1
985 270 1
985 1039 1
1095 917 1
1095 606 1
1095 829 1
1095 84 1
1095 873 1
1095 514 1
1095 122 1
1095 58 1
1095 1130 1
1095 177 1
1095 380 1
1095 1041 1
1095 572 1
1095 357 1
1095 108 1
1095 905 1
1095 413 1
1095 664 1
1095 467 1
1095 405 1
1095 831 1
1095 924 1
1095 38 1
620 654 1
620 1164 1
1158 762 1
1158 1217 1
327 557 1
286 825 1
1233 1244 1
1233 530 1
1167 799 1
1167 816 1
1167 23 1
523 992 1
523 478 1
523 662 1
523 319 1
523 487 1
523 30 1
523 1045 1
523 120 1
859 932 1
859 852 1
859 333 1
629 830 1
453 10 1
453 863 1
453 536 1
453 1098 1
453 360 1
990 1113 1
723 859 1
630 1134 1
1215 462 1
1215 45 1
102 1184 1
1173 658 1
519 54 1
867 1198 1
190 969 1
20 841 1
176 318 1
176 169 1
176 114 1
176 980 1
176 711 1
176 272 1
118 1163 1
118 630 1
118 725 1
118 567 1
539 447 1
539 1123 1
539 596 1
539 1072 1
439 77 1
439 835 1
439 452 1
439 623 1
1229 955 1
1205 312 1
1179 568 1
626 1158 1
796 895 1
768 168 1
942 96 1
942 562 1
942 988 1
942 892 1
942 581 1
942 69 1
942 1148 1
942 824 1
942 783 1
942 445 1
942 936 1
942 730 1
942 288 1
942 253 1
942 112 1
942 944 1
942 230 1
383 537 1
383 702 1
205 710 1
668 230 1
149 767 1
149 1206 1
149 278 1
149 439 1
149 1076 1
149 19 1
149 709 1
149 510 1
149 836 1
149 135 1
149 777 1
149 277 1
149 591 1
149 66 1
149 1191 1
99 765 1
99 703 1
99 862 1
99 1203 1
99 1235 1
354 284 1
840 316 1
840 434 1
840 853 1
1178 998 1
200 67 1
1176 1058 1
1176 363 1
1176 57 1
98 473 1
1237 154 1
1237 258 1
1237 257 1
1237 208 1
1237 826 1
1237 401 1
1237 1120 1
1237 747 1
1237 718 1
1237 926 1
268 640 1
268 1226 1
268 898 1
929 713 1
929 1049 1
929 858 1
929 1150 1
163 801 1
163 235 1
163 431 1
163 755 1
163 1096 1
163 970 1
163 14 1
163 81 1
163 790 1
163 237 1
163 146 1
163 138 1
163 78 1
163 202 1
163 542 1
163 33 1
233 787 1
864 649 1
870 1039 1
60 119 1
329 527 1
716 934 1
716 68 1
772 497 1
337 890 1
582 1030 1
582 639 1
582 1221 1
582 877 1
800 841 1
705 602 1
396 24 1
589 1080 1
589 925 1
121 1185 1
151 2 1
930 767 1
922 950 1
210 1220 1
1218 274 1
1218 246 1
933 100 1
933 916 1
933 189 1
933 918 1
933 997 1
725 285 1
832 785 1
802 124 1
802 837 1
330 1075 1
678 1190 1
678 418 1
11 1199 1
11 422 1
398 598 1
398 204 1
398 31 1
398 6 1
398 428 1
1231 674 1
197 170 1
197 1227 1
197 1085 1
197 599 1
1196 388 1
715 692 1
1228 1181 1
115 381 1
443 307 1
399 1170 1
48 22 1
1159 575 1
1159 860 1
1171 486 1
566 430 1
339 25 1
339 759 1
339 395 1
971 1015 1
774 150 1
774 424 1
774 908 1
774 769 1
774 471 1
774 249 1
774 488 1
774 182 1
774 259 1
774 293 1
774 348 1
1224 754 1
125 842 1
125 876 1
592 255 1
155 250 1
155 722 1
155 951 1
902 278 1
624 206 1
448 538 1
226 961 1
825 47 1
825 814 1
1219 937 1
928 1185 1
854 1105 1
373 267 1
362 55 1
236 315 1
959 193 1
959 600 1
959 999 1
959 822 1
959 476 1
959 1129 1
959 642 1
349 161 1
349 1136 1
364 907 1
886 541 1
886 738 1
1162 1082 1
310 26 1
310 593 1
310 53 1
857 767 1
601 962 1
178 893 1
178 770 1
178 569 1
178 627 1
178 63 1
178 299 1
178 241 1
178 449 1
59 1114 1
1 784 1
206 386 1
206 914 1
206 577 1
510 1143 1
529 1210 1
1077 985 1
83 517 1
83 1094 1
83 1050 1
83 201 1
410 1084 1
410 549 1
549 610 1
549 770 1
549 75 1
878 4 1
887 298 1
887 1038 1
887 1065 1
887 1209 1
887 1222 1
887 105 1
887 513 1
887 1052 1
887 825 1
887 1182 1
887 1022 1
887 117 1
887 687 1
420 1165 1
420 1103 1
1025 667 1
778 534 1
778 681 1
778 97 1
778 244 1
778 861 1
261 282 1
634 171 1
899 714 1
146 404 1
1085 806 1
1085 426 1
1085 29 1
147 343 1
147 558 1
147 247 1
147 88 1
147 1236 1
147 214 1
147 179 1
147 376 1
147 909 1
147 477 1
147 1009 1
147 910 1
147 1083 1
147 607 1
147 561 1
147 526 1
147 76 1
147 239 1
1182 305 1
1182 842 1
461 1012 1
279 523 1
279 238 1
699 579 1
123 737 1
684 868 1
184 152 1
184 371 1
636 735 1
876 507 1
876 175 1
876 416 1
876 879 1
876 809 1
1192 508 1
594 385 1
594 946 1
489 645 1
489 1116 1
489 810 1
489 1000 1
483 981 1
435 522 1
1028 998 1
578 1215 1
578 1156 1
653 535 1
653 744 1
1127 956 1
1127 998 1
1036 828 1
509 938 1
89 891 1
89 571 1
1091 1208 1
1091 646 1
807 73 1
807 495 1
807 444 1
807 166 1
807 134 1
807 1068 1
807 142 1
865 676 1
1183 1151 1
1183 292 1
1183 1004 1
1183 1086 1
1183 612 1
1183 608 1
1183 324 1
1183 191 1
498 1107 1
498 414 1
498 306 1
498 1014 1
498 977 1
498 361 1
498 815 1
498 1055 1
498 991 1
670 77 1
670 540 1
670 490 1
670 439 1
670 677 1
670 908 1
670 967 1
670 760 1
670 556 1
670 471 1
670 488 1
670 1214 1
670 435 1
670 659 1
670 294 1
670 79 1
670 196 1
670 496 1
670 808 1
112 550 1
112 749 1
112 1056 1
112 1042 1
112 632 1
112 680 1
112 824 1
112 325 1
407 384 1
1166 547 1
1031 615 1
849 1053 1
1117 494 1
1115 553 1
1115 427 1
974 107 1
766 621 1
766 313 1
766 504 1
657 453 1
192 951 1
192 804 1
36 1174 1
788 170 1
228 840 1
635 686 1
635 266 1
900 595 1
194 843 1
216 381 1
317 425 1
1069 432 1
773 481 1
773 1160 1
773 7 1
773 745 1
773 766 1
773 62 1
773 162 1
368 334 1
411 369 1
411 911 1
411 573 1
411 371 1
411 323 1
411 1142 1
525 927 1
525 350 1
525 704 1
525 1180 1
525 403 1
525 1111 1
525 1060 1
525 260 1
525 874 1
525 178 1
525 219 1
525 548 1
525 410 1
525 756 1
525 489 1
525 1201 1
525 844 1
1047 757 1
1047 275 1
1047 1169 1
1047 340 1
1047 1149 1
1047 993 1
1193 870 1
844 1027 1
433 144 1
939 666 1
939 511 1
972 1121 1
740 583 1
740 148 1
880 663 1
502 16 1
719 635 1
940 731 1
52 126 1
430 1154 1
430 1213 1
674 104 1
674 726 1
391 1161 1
391 786 1
729 463 1
729 688 1
497 912 1
497 560 1
497 377 1
497 423 1
497 1008 1
497 1223 1
384 982 1
384 696 1
341 229 1
586 40 1
727 1026 1
342 505 1
342 469 1
342 661 1
342 137 1
447 996 1
447 812 1
417 440 1
417 74 1
417 505 1
417 199 1
1095 308 1
1095 346 1
827 212 1
827 220 1
827 1019 1
827 780 1
1158 157 1
1158 1152 1
523 679 1
523 960 1
523 296 1
523 1109 1
523 603 1
523 931 1
523 1119 1
453 1071 1
453 1242 1
453 335 1
176 1238 1
942 1128 1
942 408 1
942 742 1
942 456 1
942 628 1
942 231 1
942 289 1
942 883 1
942 415 1
942 984 1
942 109 1
942 833 1
149 80 1
99 894 1
99 90 1
99 975 1
840 923 1
840 113 1
1237 127 1
1237 185 1
163 287 1
933 110 1
933 1155 1
802 920 1
330 1061 1
330 720 1
330 803 1
1159 672 1
1159 1011 1
1159 518 1
1159 365 1
1159 82 1
1159 855 1
794 27 1
794 173 1
794 1054 1
794 397 1
794 474 1
794 91 1
794 976 1
1088 328 1
339 651 1
774 580 1
774 1008 1
774 957 1
774 221 1
774 374 1
125 512 1
125 164 1
71 1200 1
902 1124 1
314 604 1
314 302 1
314 609 1
959 1131 1
959 1029 1
959 276 1
886 903 1
886 309 1
886 450 1
886 1101 1
886 248 1
886 1177 1
310 555 1
178 1146 1
887 116 1
887 693 1
887 51 1
887 546 1
887 378 1
887 1211 1
676 736 1
146 479 1
748 1118 1
147 622 1
147 761 1
147 110 1
876 269 1
489 183 1
435 648 1
1183 303 1
1183 301 1
498 791 1
498 721 1
498 345 1
498 706 1
498 1044 1
670 912 1
670 1037 1
670 87 1
670 1144 1
670 708 1
670 611 1
112 781 1
112 554 1
112 141 1
944 468 1
773 1133 1
962 1093 1
411 1110 1
411 1230 1
411 1087 1
411 1102 1
525 963 1
525 904 1
525 438 1
525 402 1
525 145 1
525 1225 1
525 660 1
433 679 1
966 454 1
872 391 1
989 491 1
1195 196 1
1125 1214 1
1186 128 1
1216 941 1
499 488 1
1097 1207 1
13 1145 1
973 1204 1
973 118 1
485 176 1
412 1233 1
281 1036 1
455 997 1
344 846 1
625 262 1
72 132 1
641 500 1
18 310 1
697 1085 1
174 519 1
93 715 1
295 111 1
521 433 1
320 792 1
882 149 1
370 1183 1
429 147 1
1157 1178 1
655 689 1
492 372 1
644 496 1
752 724 1
597 411 1
901 184 1
297 838 1
1100 314 1
690 748 1
101 834 1
243 330 1
605 322 1
352 392 1
1147 807 1
1189 278 1
559 501 1
775 778 1
437 129 1
49 86 1
49 1021 1
613 771 1
280 1088 1
652 919 1
1062 498 1
355 186 1
1099 802 1
1099 1224 1
347 933 1
338 887 1
338 9 1
338 1035 1
338 158 1
64 286 1
764 678 1
694 750 1
1132 1089 1
739 945 1
130 1005 1
1153 906 1
751 71 1
866 218 1
1020 1090 1
1020 187 1
1020 964 1
180 610 1
953 268 1
389 729 1
1202 1092 1
351 77 1
978 955 1
584 1066 1
160 1002 1
1108 417 1
470 1070 1
1073 95 1
61 965 1
532 513 1
251 1140 1
516 1078 1
631 827 1
140 353 1
884 195 1
1104 337 1
1032 732 1
896 665 1
763 959 1
669 633 1
707 475 1
717 867 1
1079 614 1
733 848 1
1126 1067 1
400 203 1
136 886 1
728 947 1
167 1176 1
103 1084 1
356 245 1
188 701 1
1034 430 1
332 670 1
915 382 1
5 1010 1
619 44 1
1234 586 1
1234 774 1
734 316 1
1040 1091 1
897 797 1
457 698 1
271 125 1
466 617 1
811 1197 1
987 65 1
283 1048 1
564 390 1
798 582 1
643 393 1
817 1016 1
1003 156 1
50 273 1
387 1192 1
215 1219 1
533 818 1
1240 133 1
805 1007 1
673 921 1
1139 85 1
995 358 1
551 825 1
15 83 1
851 290 1
819 163 1
1074 480 1
464 139 1
493 327 1
758 383 1
543 1159 1
753 342 1
482 1063 1
8 106 1
979 948 1
436 773 1
131 339 1
793 1095 1
520 1203 1
1023 398 1
37 1167 1
994 321 1
39 240 1
647 304 1
46 594 1
570 782 1
528 375 1
419 856 1
888 847 1
222 458 1
1018 1024 1
503 459 1
242 725 1
682 902 1
1046 56 1
409 951 1
952 525 1
983 354 1
1138 1244 1
574 99 1
35 813 1
465 232 1
379 585 1
700 41 1
441 326 1
17 394 1
1212 1241 1
217 839 1
691 341 1
223 1181 1
359 165 1
43 1122 1
336 1196 1
545 460 1
