251 43 1
251 388 1
251 276 1
251 191 1
251 325 1
251 581 1
251 383 1
251 455 1
251 541 1
251 267 1
251 176 1
251 468 1
251 139 1
251 28 1
251 378 1
251 397 1
251 319 1
251 11 1
251 562 1
251 129 1
201 472 1
86 236 1
529 551 1
388 144 1
388 191 1
388 532 1
388 363 1
519 268 1
107 153 1
107 307 1
107 37 1
107 539 1
107 473 1
107 315 1
107 566 1
107 435 1
107 391 1
107 567 1
107 97 1
162 32 1
162 109 1
162 561 1
162 10 1
162 8 1
162 286 1
162 527 1
162 228 1
162 355 1
84 125 1
190 174 1
190 505 1
320 558 1
464 73 1
65 251 1
65 179 1
65 495 1
65 560 1
65 119 1
65 523 1
65 324 1
65 285 1
65 117 1
65 145 1
65 114 1
65 446 1
65 514 1
65 221 1
590 96 1
590 126 1
590 269 1
590 537 1
590 458 1
173 206 1
245 227 1
241 71 1
547 588 1
547 467 1
298 318 1
298 137 1
298 41 1
298 492 1
298 210 1
298 290 1
298 281 1
298 586 1
298 300 1
298 130 1
298 522 1
298 496 1
298 424 1
298 282 1
298 284 1
298 92 1
133 416 1
133 192 1
133 485 1
133 356 1
133 432 1
133 260 1
133 18 1
133 303 1
564 158 1
490 5 1
490 316 1
490 232 1
490 509 1
490 410 1
490 304 1
490 538 1
490 497 1
490 272 1
490 169 1
490 98 1
490 20 1
490 207 1
490 524 1
490 50 1
490 584 1
490 413 1
490 533 1
490 459 1
490 369 1
490 553 1
490 67 1
372 27 1
568 428 1
501 102 1
95 148 1
95 106 1
95 439 1
95 294 1
95 19 1
589 570 1
589 511 1
589 256 1
589 229 1
589 141 1
589 90 1
589 135 1
589 305 1
292 34 1
113 571 1
113 466 1
113 461 1
581 152 1
581 506 1
581 55 1
581 202 1
581 443 1
581 104 1
506 289 1
368 291 1
368 218 1
368 569 1
164 534 1
274 477 1
235 504 1
401 46 1
541 385 1
541 460 1
290 482 1
370 237 1
269 93 1
269 421 1
269 402 1
269 24 1
166 15 1
154 471 1
249 433 1
87 185 1
449 306 1
449 242 1
408 546 1
408 403 1
408 186 1
408 240 1
408 184 1
408 188 1
507 451 1
507 16 1
111 515 1
26 250 1
26 211 1
341 314 1
409 351 1
293 3 1
203 287 1
203 510 1
434 178 1
528 404 1
50 120 1
50 23 1
50 82 1
156 205 1
156 323 1
156 189 1
156 42 1
156 157 1
264 72 1
264 225 1
264 535 1
264 270 1
264 213 1
264 372 1
264 95 1
264 334 1
264 327 1
264 239 1
264 412 1
264 552 1
264 259 1
264 39 1
264 507 1
264 160 1
264 170 1
264 121 1
264 350 1
264 375 1
264 212 1
264 149 1
264 453 1
264 333 1
63 476 1
63 575 1
63 12 1
63 56 1
63 452 1
63 40 1
63 366 1
63 253 1
63 214 1
488 420 1
488 494 1
488 361 1
488 415 1
488 295 1
488 108 1
488 474 1
488 52 1
488 263 1
399 463 1
399 429 1
296 472 1
230 151 1
230 352 1
196 340 1
499 45 1
499 128 1
499 150 1
499 441 1
491 338 1
397 442 1
397 574 1
397 454 1
397 525 1
397 302 1
397 344 1
397 216 1
397 530 1
397 520 1
397 354 1
397 172 1
397 480 1
397 502 1
187 445 1
345 36 1
117 519 1
117 431 1
117 339 1
117 308 1
117 75 1
447 238 1
447 47 1
447 572 1
447 332 1
447 478 1
447 470 1
447 69 1
447 563 1
447 326 1
447 247 1
447 266 1
447 58 1
447 481 1
447 1 1
447 124 1
447 353 1
447 163 1
447 234 1
209 49 1
425 271 1
13 301 1
13 440 1
13 146 1
29 554 1
147 175 1
426 252 1
512 348 1
280 138 1
359 199 1
463 336 1
364 94 1
31 360 1
121 77 1
121 579 1
429 244 1
521 407 1
198 190 1
198 368 1
448 278 1
448 556 1
143 113 1
414 486 1
136 427 1
309 122 1
384 122 1
262 89 1
155 387 1
395 21 1
395 580 1
53 85 1
438 587 1
438 358 1
536 329 1
9 393 1
9 54 1
371 177 1
371 51 1
371 193 1
371 297 1
371 565 1
371 299 1
371 373 1
251 548 1
251 392 1
251 418 1
251 540 1
251 516 1
251 376 1
251 101 1
251 127 1
251 215 1
107 346 1
107 60 1
107 322 1
107 337 1
107 195 1
162 248 1
162 357 1
162 503 1
162 279 1
440 389 1
65 246 1
65 33 1
298 585 1
298 79 1
298 2 1
298 112 1
298 182 1
298 30 1
133 273 1
133 105 1
133 423 1
133 367 1
490 38 1
490 578 1
490 80 1
95 131 1
95 493 1
589 57 1
368 183 1
541 110 1
269 374 1
269 377 1
269 430 1
504 17 1
50 405 1
264 462 1
264 559 1
264 99 1
264 400 1
264 406 1
264 321 1
264 100 1
264 343 1
63 7 1
488 500 1
488 118 1
488 194 1
499 508 1
447 70 1
13 365 1
145 550 1
359 549 1
380 317 1
9 456 1
312 167 1
437 396 1
411 133 1
44 380 1
220 3 1
518 219 1
208 386 1
542 444 1
379 298 1
475 237 1
132 200 1
180 349 1
555 65 1
181 197 1
311 490 1
311 264 1
311 13 1
498 436 1
484 544 1
513 222 1
261 408 1
76 223 1
217 91 1
310 448 1
419 204 1
4 447 1
115 489 1
573 313 1
398 162 1
398 449 1
22 338 1
457 560 1
68 233 1
417 288 1
543 583 1
275 531 1
275 25 1
328 86 1
347 48 1
517 557 1
81 14 1
83 88 1
64 63 1
61 265 1
134 255 1
283 171 1
479 26 1
479 394 1
382 107 1
576 59 1
257 526 1
161 66 1
159 156 1
243 487 1
450 6 1
381 342 1
168 335 1
224 359 1
103 35 1
258 590 1
62 488 1
577 371 1
123 545 1
231 483 1
116 582 1
78 465 1
140 589 1
74 330 1
331 362 1
142 469 1
277 425 1
390 422 1
165 254 1
226 499 1
