5997 6075 1
5997 4025 1
5997 5394 1
5625 2114 1
5625 1312 1
5040 3280 1
4965 2177 1
5893 1645 1
5893 4039 1
5893 1242 1
5893 3202 1
6018 2199 1
1682 4972 1
2610 3664 1
3009 1497 1
2433 2545 1
5960 307 1
5960 2348 1
6265 1579 1
6265 6519 1
182 3836 1
1660 2745 1
4414 5207 1
6902 4001 1
6902 212 1
6738 5161 1
6738 5665 1
6738 1271 1
6738 2978 1
6738 3236 1
6738 5918 1
6738 4023 1
6738 2443 1
6738 3082 1
6738 4296 1
6738 6395 1
6738 3952 1
6738 6768 1
6738 7048 1
6738 5440 1
3284 3004 1
3284 140 1
3284 5341 1
2134 3090 1
4035 6065 1
4035 362 1
4035 3469 1
4035 316 1
4035 1723 1
4035 5764 1
4035 4249 1
4035 6843 1
4035 327 1
4035 2163 1
4035 3494 1
4035 1922 1
4035 6088 1
4035 2171 1
4035 1509 1
5679 6323 1
1955 3757 1
1965 2954 1
1965 1006 1
1965 4743 1
1965 4964 1
1965 5023 1
1965 3740 1
1965 2880 1
1965 4843 1
1965 1501 1
6550 583 1
3027 4395 1
3237 4124 1
3237 6610 1
3237 3575 1
3237 3567 1
3237 6428 1
3237 3758 1
3237 443 1
3237 1388 1
3237 4735 1
3237 3033 1
3237 3040 1
3237 6045 1
3237 6817 1
3237 2061 1
3237 4052 1
3237 5134 1
3237 5338 1
3237 4854 1
3237 5458 1
3237 2715 1
3237 5407 1
2523 5048 1
2523 951 1
2523 5231 1
2523 2726 1
2523 6602 1
2523 2674 1
2523 662 1
2523 159 1
2174 3636 1
2174 751 1
2174 3124 1
2174 6885 1
2174 4629 1
2174 3895 1
562 1757 1
1457 4644 1
1457 103 1
4124 1147 1
4816 1149 1
831 6211 1
1804 5532 1
1804 2614 1
1804 5192 1
5008 2050 1
1290 305 1
1290 6425 1
1290 4794 1
1290 6279 1
6065 6971 1
6065 2937 1
6065 2171 1
6065 1509 1
1716 3639 1
1716 4308 1
1716 4587 1
1716 6338 1
1716 5544 1
1716 209 1
3804 5727 1
3804 1708 1
1528 3706 1
5916 2012 1
5541 4678 1
5168 6035 1
5168 4929 1
5168 6771 1
5168 3204 1
5168 6490 1
5168 1924 1
1582 5624 1
1582 3382 1
3516 7031 1
3516 4292 1
3516 2075 1
3516 4497 1
6889 3008 1
6889 6117 1
6889 6557 1
6889 2710 1
6889 3920 1
6889 6547 1
6889 2914 1
6889 575 1
5649 5097 1
4106 50 1
4106 3500 1
4106 1502 1
4106 5783 1
4718 4344 1
5429 2050 1
6648 4285 1
6648 1258 1
6648 425 1
6648 766 1
6648 6829 1
6648 6572 1
6648 3019 1
6648 817 1
6648 3995 1
6648 340 1
6648 1621 1
6648 2684 1
4616 4314 1
4616 3676 1
4616 1386 1
4616 5900 1
4616 2639 1
4616 6089 1
4616 5680 1
4616 4382 1
4616 3272 1
4505 1775 1
4505 6754 1
4505 4640 1
4505 2255 1
4505 5346 1
4505 2917 1
4505 3542 1
4505 1511 1
4505 4278 1
4505 6467 1
4505 597 1
4505 1689 1
4505 6241 1
1455 6950 1
1455 5375 1
1455 4072 1
1455 4189 1
3597 5677 1
3597 7030 1
3597 20 1
3597 3982 1
3597 1200 1
5233 6481 1
2683 5853 1
3290 3592 1
3730 2165 1
3730 1038 1
3730 563 1
3730 2908 1
3730 1371 1
3730 4107 1
3730 2623 1
3730 3929 1
3730 5695 1
3730 3707 1
3730 1730 1
3730 926 1
3730 6370 1
3730 3700 1
3730 5157 1
3730 545 1
6610 3426 1
6365 4008 1
6732 6057 1
6368 2930 1
2650 6196 1
2650 3783 1
2650 5705 1
2650 5627 1
2650 2825 1
2650 2173 1
2650 610 1
2650 328 1
2650 2000 1
2650 971 1
2650 4361 1
366 1325 1
366 480 1
5597 1853 1
1596 5050 1
1596 4075 1
1596 1857 1
1596 3625 1
1596 4277 1
3573 3543 1
3573 5041 1
3573 6349 1
3573 5552 1
3573 5766 1
3573 5438 1
3573 3457 1
3573 1076 1
3573 154 1
3573 4275 1
3573 3837 1
3573 6957 1
3573 5583 1
6261 6595 1
2649 5908 1
2649 6611 1
2649 5674 1
2649 1986 1
2954 265 1
2954 3428 1
2954 1577 1
2954 1652 1
2954 1664 1
2954 6869 1
2954 2229 1
2954 2967 1
2954 4010 1
2954 971 1
2954 5256 1
2954 2790 1
3084 4181 1
4115 127 1
4115 6509 1
4115 5607 1
4115 2329 1
4115 6556 1
4115 6380 1
4115 6318 1
4115 1873 1
4115 2358 1
4115 3618 1
4115 268 1
4115 5355 1
4115 4748 1
4115 4827 1
4115 6906 1
4115 5984 1
4115 6888 1
4115 4132 1
4115 3430 1
4115 4981 1
4115 4695 1
4115 3622 1
4115 481 1
4115 3340 1
4115 6679 1
3182 778 1
3182 5320 1
1285 5549 1
2524 1269 1
3567 6510 1
3567 3894 1
1944 2103 1
1944 380 1
6730 1906 1
2787 214 1
2787 4706 1
5164 3859 1
5164 3026 1
5164 5478 1
5164 6541 1
5164 4931 1
2315 279 1
1714 2377 1
1714 1085 1
1714 110 1
1714 4508 1
1714 5642 1
5726 6152 1
5726 1817 1
5726 1229 1
5032 286 1
5032 1527 1
5032 2208 1
5032 2547 1
5032 3379 1
5032 5448 1
5032 4022 1
5032 1378 1
5032 3127 1
5032 5716 1
5032 885 1
5032 1061 1
5032 3817 1
5032 5336 1
5032 439 1
5032 1929 1
5032 6299 1
5032 2447 1
5032 1797 1
5032 2720 1
5032 2845 1
5032 1030 1
5032 2586 1
5032 649 1
5032 4485 1
5032 1136 1
4733 3991 1
4733 6729 1
4733 388 1
4733 1588 1
4733 735 1
4733 6099 1
4733 5162 1
4733 6091 1
4733 6397 1
4733 2034 1
4733 701 1
4733 6713 1
4733 2916 1
4733 5785 1
4733 4208 1
4733 2108 1
4733 6010 1
4733 5036 1
4733 3877 1
4733 6472 1
2513 4415 1
3778 1440 1
5110 5723 1
4187 3643 1
3826 512 1
3826 1388 1
3826 4646 1
3826 4247 1
5353 141 1
5632 5068 1
5632 5252 1
5632 1064 1
2631 1975 1
2631 4736 1
2631 6350 1
2631 6586 1
2631 3458 1
4389 5272 1
336 4516 1
336 2617 1
336 1405 1
336 6911 1
336 5444 1
401 104 1
401 2946 1
401 2839 1
91 5654 1
1256 4831 1
1751 2970 1
1751 5877 1
1751 806 1
2424 1802 1
2424 3748 1
4885 2980 1
5765 4225 1
5765 788 1
5765 3948 1
5765 889 1
5208 6407 1
5208 6310 1
5208 2379 1
5208 658 1
5208 6528 1
5208 3331 1
5208 1337 1
5208 290 1
5208 5015 1
5208 5136 1
5208 5531 1
5208 1536 1
5208 6994 1
5208 1913 1
5208 5195 1
5208 5630 1
93 574 1
93 1315 1
93 2837 1
462 3181 1
462 1461 1
462 3505 1
462 2529 1
3718 5418 1
3932 2657 1
3932 2235 1
3932 1622 1
3932 2892 1
4393 2708 1
4393 5516 1
1342 1004 1
1342 4093 1
1342 4230 1
1342 6364 1
2818 3183 1
2818 1293 1
4026 1297 1
4026 3847 1
3483 3267 1
3483 4526 1
1435 3322 1
3577 2861 1
3577 659 1
2528 4699 1
4636 1205 1
3452 3 1
2741 4933 1
2741 4352 1
2275 1170 1
2571 381 1
2571 6868 1
2571 3039 1
2571 2727 1
352 4878 1
5306 6785 1
5981 1914 1
5981 6972 1
5981 4921 1
5981 2352 1
7014 6971 1
7014 3548 1
7014 2167 1
1590 5852 1
1240 6871 1
1240 2704 1
1240 73 1
1240 461 1
1240 4947 1
1240 3848 1
1240 5520 1
1240 5026 1
1240 11 1
1240 1048 1
1240 6169 1
1240 3885 1
1240 6821 1
1240 1631 1
78 376 1
78 53 1
1794 349 1
716 248 1
1784 6329 1
1 6094 1
464 6487 1
464 185 1
612 4398 1
5795 2832 1
5795 1083 1
5795 6922 1
5795 2877 1
5830 3909 1
5830 3713 1
5830 4872 1
5241 2503 1
5413 2182 1
5413 993 1
3392 6630 1
1852 6261 1
1852 3715 1
1852 2246 1
1852 2311 1
1852 6102 1
3155 5263 1
6451 922 1
2164 5632 1
2164 1575 1
2164 3887 1
472 6063 1
3150 779 1
3071 6515 1
787 609 1
787 1726 1
787 4887 1
787 1110 1
3579 6774 1
6399 173 1
6399 4579 1
6399 6292 1
6399 1602 1
6399 295 1
6399 2085 1
6399 553 1
6399 3914 1
6399 36 1
6399 298 1
316 3129 1
316 1513 1
316 4596 1
316 4403 1
267 2298 1
6391 2013 1
6391 6864 1
6391 3248 1
6391 111 1
6391 6242 1
6391 2481 1
6391 4125 1
6391 4138 1
6391 2784 1
6391 2132 1
6391 6034 1
5700 2875 1
3043 387 1
3043 1852 1
3043 3583 1
3043 2838 1
3043 1655 1
4131 1601 1
4232 3729 1
5827 4702 1
5827 2499 1
2013 611 1
2667 4146 1
4029 4549 1
5143 1374 1
5143 6546 1
5143 6301 1
5143 5743 1
5143 3632 1
5143 3389 1
5143 358 1
5143 1011 1
5143 3560 1
5143 3042 1
6761 4359 1
5530 4912 1
6393 4936 1
6393 5395 1
6393 3288 1
6393 3771 1
6393 3864 1
6393 879 1
6393 1754 1
6393 2486 1
6393 3171 1
6393 3615 1
5142 1188 1
5142 936 1
5142 2578 1
942 4883 1
572 1824 1
1023 4215 1
1023 917 1
6376 5260 1
6376 2735 1
6376 4614 1
6376 954 1
6376 6361 1
6229 3821 1
538 4753 1
3763 4306 1
3763 6111 1
3763 6878 1
3763 1888 1
2935 748 1
2935 3594 1
2935 2305 1
2935 343 1
2935 1349 1
5000 5380 1
4692 6470 1
4692 2722 1
4692 713 1
4692 3827 1
4692 2686 1
4692 2563 1
4692 3630 1
3085 4163 1
3085 3013 1
3085 3661 1
2474 1013 1
2474 2439 1
2474 6656 1
2474 16 1
1380 4424 1
3766 4376 1
703 4289 1
703 2742 1
703 6157 1
703 6343 1
703 1405 1
703 1939 1
2809 4231 1
1810 6078 1
1810 4143 1
3649 822 1
3649 5903 1
3649 2378 1
3649 7043 1
3649 4444 1
5441 3915 1
5441 3561 1
729 4818 1
729 7010 1
729 3900 1
857 762 1
739 6661 1
3619 4673 1
3619 5970 1
3619 5841 1
3619 2392 1
3619 6841 1
3619 4567 1
3619 5295 1
3619 1019 1
3619 2190 1
3619 1447 1
3619 3015 1
3619 139 1
3619 2360 1
3619 172 1
4901 6159 1
5794 2355 1
5794 6028 1
1823 2778 1
1823 6802 1
1823 2187 1
1823 2572 1
1823 4147 1
1823 4656 1
1835 1234 1
6036 5397 1
6036 2944 1
6304 5687 1
989 2384 1
5557 71 1
6205 2296 1
6992 4032 1
977 6068 1
977 2206 1
977 4427 1
977 275 1
5258 310 1
5258 4501 1
5258 2579 1
5064 3030 1
5064 709 1
5064 2382 1
5064 5504 1
5904 5106 1
2343 4073 1
5404 3032 1
5404 784 1
5404 5017 1
5404 4775 1
5404 2025 1
3256 2428 1
3256 6934 1
3256 6815 1
1185 1791 1
1185 1118 1
310 331 1
310 1805 1
310 5074 1
5314 3924 1
6297 4159 1
3599 3254 1
3599 5582 1
2919 5702 1
2919 5079 1
2889 5413 1
2889 419 1
2624 856 1
2624 2083 1
1209 4573 1
1209 1195 1
1209 6848 1
1209 3912 1
1209 355 1
1209 4531 1
1209 1207 1
1209 4663 1
1209 2750 1
1209 4454 1
1209 5103 1
1209 2855 1
1209 4100 1
1209 6912 1
1209 288 1
1209 258 1
1209 4461 1
1209 1700 1
1209 4777 1
1209 6958 1
1209 5757 1
1034 114 1
1034 6647 1
4639 2823 1
6396 2415 1
6396 5595 1
5206 2460 1
5206 1850 1
5206 4780 1
5206 17 1
5206 4536 1
856 2248 1
856 457 1
856 4419 1
856 1037 1
856 814 1
856 1164 1
856 3161 1
856 2162 1
856 2965 1
856 4914 1
856 2552 1
856 2485 1
432 1660 1
432 3503 1
432 4621 1
432 5359 1
432 6 1
432 5434 1
432 1463 1
432 5060 1
432 3536 1
432 600 1
432 1811 1
432 3489 1
432 6251 1
432 1003 1
432 6429 1
432 759 1
432 5088 1
432 1900 1
432 4320 1
432 5760 1
432 780 1
432 4546 1
432 868 1
1496 351 1
1496 1436 1
1451 3894 1
1336 4227 1
311 3364 1
1506 1245 1
3957 2140 1
3195 1691 1
3195 2475 1
3195 5550 1
3195 7000 1
335 3346 1
335 2173 1
335 3293 1
335 6526 1
5604 4171 1
2898 6077 1
1092 449 1
1092 3492 1
1092 2580 1
1092 2359 1
1092 3172 1
1092 235 1
1092 4242 1
5880 2658 1
5880 6460 1
1178 4980 1
6818 1387 1
4006 1665 1
4448 2910 1
4448 2044 1
4448 6750 1
4448 442 1
4448 849 1
4448 3853 1
4448 6043 1
4448 6016 1
4448 296 1
4448 4160 1
4448 150 1
584 1119 1
6890 3461 1
6599 5874 1
6599 4096 1
6599 4466 1
6599 2006 1
4392 1351 1
4392 5409 1
4392 3001 1
1594 6070 1
1594 4365 1
1594 4966 1
1594 2183 1
1594 4779 1
1594 3820 1
1594 4814 1
1594 3773 1
1594 3807 1
1594 1102 1
1594 1517 1
1594 1843 1
1594 5419 1
5883 1453 1
6623 3683 1
6623 1932 1
6623 440 1
3590 414 1
3590 2112 1
3590 1218 1
6197 3662 1
6197 1547 1
6197 635 1
1104 264 1
4874 1611 1
3041 6856 1
6459 4834 1
6530 5562 1
862 6571 1
1027 5596 1
1027 6913 1
7046 5493 1
7046 4339 1
5753 6187 1
4433 928 1
5725 2872 1
5725 1636 1
207 2201 1
5473 5642 1
5851 4030 1
1661 6219 1
1661 3830 1
1661 1279 1
1661 3495 1
1661 988 1
1661 4900 1
1661 1715 1
1661 983 1
1661 6182 1
2036 6221 1
384 2598 1
6651 107 1
6651 6812 1
6651 3279 1
6651 2958 1
6651 1927 1
1809 4709 1
1809 6260 1
1809 1213 1
1809 2494 1
1809 1738 1
1809 3348 1
1809 6074 1
1809 5396 1
1809 6808 1
2731 6614 1
4341 176 1
4341 975 1
2581 6477 1
2514 4997 1
2514 5314 1
2514 4698 1
1675 52 1
2427 6135 1
2090 666 1
1853 4553 1
1853 108 1
5764 2520 1
5764 621 1
5764 864 1
1583 3969 1
1638 4968 1
3113 5412 1
3113 4195 1
3113 94 1
3113 3011 1
3113 601 1
3113 6669 1
3113 35 1
3113 3652 1
3113 6554 1
3113 3295 1
3113 1166 1
3113 3193 1
3113 4993 1
3752 426 1
1940 5290 1
1314 1803 1
5526 3613 1
2161 4703 1
6809 878 1
6809 5786 1
3640 863 1
3640 183 1
3640 417 1
3640 1936 1
3737 3616 1
3737 5682 1
3737 2058 1
2335 792 1
2335 283 1
2335 1714 1
2335 1243 1
2335 5655 1
2335 4720 1
2335 5977 1
2335 5896 1
2335 2700 1
2335 1930 1
2335 5951 1
2335 6148 1
527 6124 1
527 3273 1
527 2696 1
6689 4430 1
6689 2423 1
6689 3333 1
6689 4783 1
6733 3899 1
6733 2419 1
6733 1343 1
6733 5386 1
6733 62 1
6733 478 1
884 3910 1
884 1054 1
884 4018 1
884 4235 1
884 6061 1
884 2490 1
884 694 1
246 6497 1
246 3869 1
246 4400 1
1844 3810 1
2588 3118 1
2588 6751 1
2588 3446 1
2588 1514 1
3123 5163 1
3123 3581 1
3092 5761 1
3092 163 1
3092 645 1
3008 6822 1
3008 6108 1
415 4244 1
4356 1128 1
4356 4240 1
3055 1212 1
6556 617 1
6556 4494 1
6556 82 1
6556 6071 1
6556 2942 1
1572 2225 1
1572 1551 1
1572 6506 1
1572 5526 1
1572 219 1
1572 6747 1
1572 1807 1
1572 5302 1
1572 6641 1
1572 6128 1
1572 2633 1
1572 277 1
1572 6231 1
1572 1431 1
1572 1042 1
1572 5989 1
1572 2673 1
1572 594 1
1572 956 1
1572 6968 1
6589 1419 1
6589 5042 1
6589 3391 1
2562 1595 1
2562 2521 1
2562 1812 1
4787 2974 1
2091 6565 1
1193 469 1
1193 5075 1
1193 2863 1
1193 5066 1
6067 6245 1
6067 4888 1
2056 3512 1
4457 6378 1
3717 4770 1
4503 1224 1
4503 5337 1
6542 1158 1
3062 4481 1
3062 1391 1
3062 1156 1
3062 680 1
3062 2770 1
6280 6852 1
6280 5235 1
6280 1593 1
6280 370 1
6280 3514 1
6280 4823 1
6280 6982 1
6280 6507 1
6280 3136 1
6280 867 1
6223 4441 1
6430 2592 1
6975 6707 1
6975 5568 1
6975 2561 1
2326 3974 1
2233 5614 1
4879 6622 1
4879 3083 1
4879 5801 1
3843 4957 1
3843 1683 1
3843 3056 1
3843 5999 1
3843 5559 1
3843 3195 1
3843 2952 1
3843 3795 1
3843 2477 1
3843 4135 1
3843 2596 1
3843 3892 1
3843 4562 1
3843 2107 1
3843 842 1
3843 325 1
3843 3684 1
3843 477 1
3843 1070 1
3843 1531 1
3843 1488 1
3843 12 1
3843 2286 1
3843 6537 1
3843 1412 1
3843 613 1
3843 3767 1
180 2346 1
5153 3746 1
5153 3865 1
5153 920 1
5153 1032 1
5153 1563 1
5153 6778 1
5153 4544 1
1624 285 1
1624 4291 1
1624 4751 1
1624 5327 1
4372 521 1
4372 222 1
2525 5099 1
225 3228 1
225 3628 1
225 923 1
225 6927 1
225 3221 1
225 3433 1
225 3459 1
225 6166 1
225 1923 1
225 652 1
225 4999 1
225 6955 1
225 3824 1
225 3751 1
225 5393 1
225 3375 1
225 4609 1
225 4891 1
225 5236 1
225 2882 1
4634 3858 1
3953 4475 1
2303 5092 1
2303 4243 1
2303 2795 1
2303 798 1
2303 4349 1
2303 4889 1
2303 5275 1
2303 3313 1
7034 3485 1
7034 4020 1
7034 4539 1
7034 6360 1
3829 2899 1
6813 3665 1
4637 769 1
3277 1878 1
2337 1301 1
969 5123 1
969 6495 1
969 5307 1
818 3408 1
2327 4088 1
2327 5605 1
2327 5024 1
2327 2714 1
786 2175 1
786 1027 1
786 3496 1
786 4847 1
786 957 1
786 7027 1
786 4409 1
786 1182 1
786 359 1
786 4811 1
786 5083 1
786 901 1
786 5523 1
786 1904 1
5763 3816 1
2330 6887 1
2330 949 1
2330 2422 1
2330 2279 1
2330 247 1
2330 6039 1
2330 5464 1
5477 1608 1
5477 4048 1
5477 1623 1
5477 3779 1
5477 1236 1
5477 2788 1
5477 2801 1
5477 6005 1
5477 2906 1
5477 591 1
5477 4280 1
4216 4211 1
3080 4839 1
3080 3752 1
3080 5339 1
3080 6403 1
3080 4970 1
3080 6518 1
3080 542 1
3556 3374 1
3223 4578 1
3223 500 1
3223 3603 1
3223 490 1
3223 383 1
3223 2661 1
6976 3332 1
3177 3329 1
3177 829 1
3177 5681 1
3177 396 1
3177 424 1
3177 5837 1
3185 5710 1
3185 5387 1
3104 5212 1
3992 2136 1
3992 4838 1
6514 6786 1
6514 6503 1
6514 459 1
6514 2341 1
6514 846 1
3921 1569 1
374 6048 1
374 4654 1
6805 237 1
6805 418 1
6805 6081 1
6805 2862 1
6805 2225 1
6805 2345 1
6805 1091 1
6805 5215 1
6805 5526 1
6805 2613 1
6805 1521 1
6805 219 1
6805 2848 1
6805 549 1
6805 4580 1
6805 6324 1
6805 6641 1
6805 2336 1
6805 216 1
6805 281 1
6805 6153 1
6805 6807 1
6805 2143 1
6805 1042 1
6805 5081 1
6805 5147 1
641 5049 1
4841 5497 1
6592 1383 1
3705 1079 1
1125 5498 1
3484 2021 1
2507 2349 1
2507 5557 1
2507 1026 1
2507 2558 1
1894 892 1
4451 4521 1
3893 3910 1
3893 2571 1
3893 3965 1
3893 5569 1
3893 2444 1
3893 869 1
3893 4018 1
3893 2145 1
3893 3039 1
3893 6578 1
3893 2727 1
3893 694 1
3893 3341 1
1984 474 1
1984 5949 1
1984 2223 1
710 4511 1
6228 9 1
4231 2099 1
4231 5009 1
5812 4389 1
5812 2510 1
5812 502 1
4135 3898 1
4135 6573 1
4135 453 1
4135 6872 1
4135 79 1
4135 5991 1
4135 5905 1
4135 3593 1
4750 4638 1
2160 5242 1
5846 5141 1
5846 2821 1
5846 3906 1
5846 6631 1
5846 3258 1
5846 1255 1
5846 6496 1
4028 4065 1
5854 3697 1
1807 4421 1
5037 391 1
5037 6585 1
4990 2242 1
6024 2253 1
6024 3833 1
6024 5511 1
3842 1926 1
3785 4404 1
3785 4007 1
3785 1454 1
1652 1577 1
1652 679 1
1652 4010 1
4801 4094 1
650 3170 1
233 5800 1
233 2091 1
233 2519 1
233 1273 1
233 3351 1
233 3936 1
233 6617 1
233 5376 1
2230 3711 1
3479 1251 1
3479 5921 1
215 4607 1
6318 2688 1
6318 5601 1
6318 6605 1
6318 2259 1
6318 28 1
6318 3065 1
6318 232 1
6318 6208 1
3014 674 1
2805 75 1
1772 5118 1
1772 2693 1
6274 6599 1
6274 1884 1
2732 146 1
4228 5768 1
4228 6145 1
4228 895 1
4228 506 1
4228 81 1
4228 1586 1
4228 3231 1
4228 3477 1
4228 1434 1
1467 5863 1
4465 6770 1
4363 6120 1
128 2963 1
128 6700 1
128 3059 1
128 4196 1
128 4053 1
128 291 1
128 4850 1
128 1429 1
128 1406 1
128 5771 1
128 3928 1
128 416 1
5152 1219 1
1533 2133 1
293 6927 1
293 3766 1
293 3660 1
293 4810 1
293 2464 1
293 3946 1
293 155 1
293 813 1
293 6897 1
293 6947 1
293 3818 1
293 244 1
293 6654 1
293 3474 1
293 2035 1
293 3721 1
293 1774 1
293 5466 1
4956 823 1
473 2141 1
473 5100 1
473 2622 1
473 5484 1
473 973 1
473 436 1
473 2621 1
473 551 1
473 947 1
3057 2473 1
731 6870 1
5823 5824 1
5823 877 1
4022 3068 1
6019 369 1
6439 4054 1
6439 1818 1
6691 6286 1
2798 1246 1
3906 3633 1
3533 2928 1
460 6046 1
460 5415 1
460 1295 1
460 2373 1
460 6908 1
460 3844 1
460 6510 1
460 2019 1
460 1137 1
460 5382 1
1669 4677 1
1669 1532 1
1669 4619 1
1669 2841 1
1669 2028 1
1669 5858 1
5863 3198 1
5863 3281 1
5863 4846 1
5863 465 1
5863 6874 1
5863 6032 1
4722 721 1
1169 3644 1
1318 1763 1
3440 5112 1
2604 1693 1
2604 5124 1
2604 4368 1
2604 5329 1
2604 1980 1
2604 1288 1
2604 3552 1
2604 1866 1
4326 4054 1
1468 3103 1
1468 2875 1
1468 2222 1
1468 3175 1
1468 195 1
6920 2831 1
6920 3522 1
1873 1699 1
1873 1976 1
1873 5135 1
1526 3274 1
5683 1727 1
5348 1162 1
5870 413 1
5870 984 1
5870 1215 1
5870 5731 1
5870 3970 1
5870 4504 1
5870 3145 1
5870 4045 1
5870 5038 1
5870 4350 1
5870 3996 1
5870 2135 1
3311 585 1
6145 5384 1
870 3137 1
870 6178 1
870 2921 1
1072 4234 1
1072 1697 1
902 5165 1
902 3516 1
902 4984 1
902 4254 1
902 2471 1
902 4866 1
902 4603 1
902 3926 1
902 6216 1
902 5467 1
902 6936 1
902 5044 1
902 3152 1
902 4652 1
902 2659 1
6259 6468 1
1033 364 1
1033 2442 1
1033 5247 1
1033 5748 1
1033 4767 1
1033 5664 1
1033 1606 1
1033 5408 1
1033 836 1
1033 6400 1
1033 907 1
1033 5171 1
1033 5411 1
4426 7024 1
4426 6854 1
938 204 1
938 6995 1
938 6498 1
4380 6040 1
2362 5012 1
2362 6769 1
399 1543 1
3376 402 1
577 5705 1
577 610 1
577 2884 1
577 328 1
5309 4585 1
5309 2451 1
5309 622 1
4795 5293 1
3966 4471 1
3966 1366 1
6618 257 1
6618 5126 1
6618 1381 1
6618 2515 1
6014 5847 1
1937 6132 1
1937 6969 1
1937 129 1
1937 1826 1
1937 5728 1
5950 4013 1
3734 278 1
3734 6832 1
3734 3296 1
3734 6734 1
1319 875 1
958 3510 1
6221 5000 1
6221 970 1
6221 3326 1
6221 2995 1
2157 6319 1
5452 1332 1
533 6086 1
533 1744 1
533 5756 1
533 4932 1
533 6884 1
3908 4926 1
1839 5708 1
1839 4276 1
1839 1357 1
1839 6983 1
1597 2180 1
3679 5589 1
4737 943 1
1452 3907 1
5682 1624 1
5682 4852 1
5682 2716 1
5682 3943 1
2671 5610 1
2671 884 1
2671 5828 1
2671 1706 1
2671 6336 1
6209 5510 1
6748 6388 1
5173 3339 1
5173 3504 1
5173 976 1
5173 4679 1
5173 3370 1
5173 2789 1
5173 808 1
6967 201 1
2492 7047 1
5699 562 1
5699 3780 1
5730 5615 1
4427 4749 1
1592 2332 1
1795 6830 1
6255 113 1
2438 66 1
2438 4191 1
2438 3903 1
2438 5481 1
6202 1968 1
5264 7018 1
6953 6179 1
6953 1977 1
6953 4757 1
6953 4612 1
642 890 1
4971 6273 1
2398 2556 1
2533 5687 1
6184 2372 1
3657 2411 1
3657 4106 1
3657 6952 1
3657 4805 1
3657 4670 1
3657 3993 1
3657 6887 1
3657 4185 1
3657 2330 1
3657 1658 1
3657 1915 1
3657 2279 1
3657 4129 1
3657 940 1
3657 880 1
3657 5953 1
3657 6409 1
3657 4928 1
3657 6305 1
3657 5593 1
3657 6039 1
3657 5464 1
5948 4522 1
4994 4343 1
4994 163 1
4994 1943 1
4994 3764 1
4994 3798 1
4994 5772 1
4994 5747 1
4994 608 1
1925 153 1
2465 2860 1
2465 5886 1
2465 3835 1
2465 790 1
2465 6346 1
2465 2052 1
2465 1769 1
2465 6564 1
2465 4958 1
715 5439 1
3239 2420 1
3271 6941 1
749 1346 1
749 6733 1
749 2936 1
749 2156 1
749 3334 1
749 3086 1
749 1058 1
749 6025 1
1298 3443 1
1298 3610 1
1298 6011 1
4186 4978 1
6745 1385 1
6745 1560 1
6745 3291 1
6745 1610 1
6745 4089 1
6745 1883 1
6745 6736 1
6745 1329 1
6745 4348 1
6745 5351 1
6745 4610 1
6293 2988 1
410 3498 1
6455 2804 1
5968 3371 1
5968 6066 1
5968 4262 1
5968 2574 1
5968 6767 1
5968 2264 1
4962 6844 1
4962 5093 1
6576 6902 1
6576 6678 1
6576 741 1
6576 4091 1
6576 5820 1
6576 1452 1
6576 1819 1
6576 3285 1
6576 6675 1
6576 5672 1
6576 3044 1
6576 5780 1
6576 3739 1
6576 1121 1
6576 1254 1
6576 4802 1
6576 3986 1
6576 3530 1
6576 800 1
48 348 1
5085 3755 1
925 5625 1
925 4799 1
925 6082 1
925 6464 1
925 2102 1
925 7017 1
925 1728 1
925 1594 1
925 6112 1
925 4216 1
925 3556 1
925 841 1
925 3983 1
925 6608 1
925 5616 1
925 1663 1
925 5197 1
925 3214 1
925 5279 1
925 3509 1
925 98 1
925 2440 1
925 6482 1
925 6766 1
925 614 1
925 5422 1
925 4613 1
925 4034 1
925 1057 1
5181 3575 1
5181 7007 1
5181 3058 1
5181 3040 1
5181 6516 1
5181 3494 1
5181 6959 1
5181 744 1
5558 5855 1
754 810 1
2645 4369 1
2645 4084 1
2645 2593 1
2645 6053 1
2645 123 1
2645 1444 1
2645 6823 1
2645 2066 1
2645 6320 1
2645 950 1
2645 6328 1
2645 6250 1
3881 46 1
4555 2811 1
4555 2896 1
4555 1864 1
4555 3973 1
4555 1686 1
4555 6420 1
4555 1613 1
63 2307 1
3677 3156 1
3677 5035 1
3677 2798 1
3677 6846 1
3677 3149 1
3677 206 1
3677 6714 1
3677 3298 1
3677 3266 1
4039 3633 1
147 6379 1
147 5374 1
147 6501 1
147 397 1
2060 2417 1
2060 2369 1
2060 463 1
2060 1116 1
2060 3976 1
2060 796 1
2060 6758 1
2060 5198 1
3689 2241 1
1094 3527 1
1094 3138 1
1094 6190 1
1094 5579 1
1094 6100 1
1094 3207 1
1094 3538 1
1094 6476 1
1094 5423 1
1094 4727 1
1094 2072 1
1094 96 1
1094 2407 1
1094 859 1
1094 5528 1
295 173 1
4663 5514 1
4663 1830 1
4663 1352 1
4435 5623 1
4435 4407 1
4435 2575 1
4435 7035 1
4435 312 1
494 4115 1
494 1823 1
494 6423 1
494 4428 1
6896 733 1
4070 1008 1
1372 2426 1
3534 1355 1
3534 5715 1
3534 799 1
3534 7025 1
3534 3063 1
3534 3234 1
3534 284 1
3534 1591 1
1970 1596 1
1970 3625 1
1970 5898 1
5470 2509 1
6404 4473 1
2287 6076 1
2287 4833 1
2287 2831 1
2287 2198 1
2287 1204 1
2287 1553 1
2287 3305 1
2287 6920 1
2287 4735 1
2287 3534 1
2287 2964 1
2287 5943 1
2287 2724 1
2287 5084 1
2287 5218 1
2287 5994 1
2287 2078 1
2287 851 1
2287 2606 1
2287 3522 1
2287 6696 1
2287 4479 1
2287 6038 1
2287 1283 1
2287 1223 1
2287 744 1
2310 3482 1
2310 5301 1
2310 2718 1
6191 4788 1
6191 1777 1
6191 3211 1
6191 5153 1
6191 4228 1
6191 1192 1
6191 902 1
6191 56 1
6191 2283 1
6191 6953 1
6191 2865 1
6191 4429 1
6191 6022 1
6191 1031 1
6191 5467 1
6191 4046 1
6191 1477 1
6191 2495 1
6191 3249 1
6191 6325 1
6191 3722 1
6191 1732 1
6191 2583 1
6191 1587 1
6191 5546 1
6191 2666 1
6191 6894 1
6191 1244 1
6191 5096 1
6191 4142 1
6191 4865 1
6191 5475 1
6191 6855 1
6191 3048 1
1991 3186 1
2737 7002 1
2737 6106 1
2737 6963 1
6731 4967 1
6204 2040 1
6204 1569 1
6204 3938 1
6204 5790 1
1805 3159 1
1805 6469 1
4746 4267 1
3658 636 1
3658 616 1
5483 41 1
2846 6110 1
2846 3759 1
2846 236 1
2846 3607 1
2846 3402 1
2846 471 1
2846 849 1
2846 2289 1
2846 6317 1
2846 2840 1
2846 6895 1
2846 5889 1
2846 3580 1
2846 6438 1
2846 872 1
2846 3719 1
4221 1078 1
1575 4464 1
1575 2993 1
4164 5590 1
4164 1951 1
4164 229 1
4164 3233 1
4164 2068 1
4164 4151 1
4164 5309 1
4164 5257 1
4164 6717 1
4164 1749 1
4164 1460 1
4164 6276 1
4164 4930 1
4164 2573 1
4164 2239 1
4164 5454 1
4164 83 1
4164 7023 1
2522 6262 1
6897 4514 1
6366 6775 1
6423 527 1
6423 3177 1
6423 1561 1
6423 282 1
6423 5065 1
6423 1120 1
6423 6688 1
6423 5834 1
6423 3240 1
1690 3031 1
6239 1905 1
5176 3741 1
90 4080 1
90 5584 1
5891 3716 1
783 589 1
783 5441 1
783 2454 1
783 1545 1
783 4386 1
1495 5427 1
5416 5849 1
3342 3335 1
1987 6756 1
1556 5490 1
1556 5909 1
1556 4412 1
1556 5486 1
1556 5659 1
1556 4774 1
1556 3797 1
1556 6105 1
1556 4676 1
1556 3263 1
1556 3388 1
3157 6742 1
3157 1267 1
5965 967 1
5845 3303 1
5845 3050 1
81 826 1
81 2150 1
669 4949 1
4856 148 1
4856 2067 1
4856 4628 1
4856 6985 1
4856 3811 1
6593 1017 1
6850 6867 1
6850 1647 1
3190 2228 1
3190 1870 1
3190 3012 1
3190 5648 1
4406 285 1
4406 2350 1
4406 491 1
5678 3441 1
5678 742 1
5678 375 1
1671 6071 1
686 121 1
686 5933 1
3862 3720 1
3862 6621 1
3862 1397 1
1938 1241 1
1938 3349 1
1938 5283 1
6095 322 1
6095 5179 1
6095 1324 1
6095 1898 1
6095 3361 1
6095 45 1
6095 3845 1
2638 4976 1
2638 4622 1
2638 2555 1
2638 2089 1
2638 1310 1
2638 4502 1
2638 6684 1
2638 1259 1
2638 5173 1
2638 5996 1
2638 2717 1
2638 4935 1
2638 2828 1
2638 4658 1
2638 1614 1
2638 3927 1
2638 1040 1
2638 4256 1
4811 2817 1
1632 6147 1
1632 648 1
5317 6012 1
4417 5061 1
1500 263 1
1500 4432 1
1500 2539 1
1500 3409 1
120 4440 1
2609 6393 1
2609 3046 1
2609 4283 1
2609 5985 1
4744 1464 1
4744 1099 1
4744 5067 1
6479 5823 1
6479 3306 1
6479 1735 1
6479 3681 1
6479 5151 1
6479 6882 1
6803 4319 1
1291 3219 1
26 3419 1
5507 1308 1
1776 6087 1
1776 2468 1
4237 3738 1
803 6243 1
803 6167 1
803 2597 1
2033 6083 1
3121 3663 1
698 3330 1
5781 3312 1
995 6114 1
995 2757 1
995 2868 1
995 5707 1
995 1340 1
995 6677 1
995 317 1
995 294 1
995 793 1
995 3454 1
995 3888 1
995 1142 1
995 3555 1
4046 1540 1
4046 5332 1
4046 2759 1
5943 5084 1
4849 2891 1
6060 3427 1
2001 4977 1
2472 5350 1
2472 3518 1
2584 2063 1
5556 3905 1
2724 2620 1
2724 5384 1
1478 1105 1
1478 3510 1
1456 2195 1
5436 1274 1
5436 1833 1
5436 5959 1
5436 356 1
5436 49 1
5436 6929 1
5436 3153 1
5436 1458 1
5436 5071 1
5436 1740 1
5796 5039 1
3683 1368 1
3683 1097 1
3683 571 1
3683 4431 1
3683 2642 1
3683 2776 1
3683 4263 1
3683 1637 1
3852 4026 1
3852 1141 1
3852 6376 1
3852 1533 1
3852 6835 1
3852 1745 1
3852 5892 1
3852 700 1
3852 2599 1
6181 6535 1
6804 1124 1
3611 1327 1
5769 1151 1
5769 5175 1
5769 1404 1
5769 939 1
3358 4632 1
3358 6062 1
3358 5202 1
3358 1113 1
6165 5924 1
6165 991 1
6165 2049 1
6165 4036 1
2218 6875 1
2218 5939 1
2218 1220 1
2218 5696 1
3006 411 1
3523 606 1
4351 5499 1
6177 2064 1
1964 1756 1
1964 2719 1
1964 4177 1
1964 2151 1
1964 6078 1
1964 4500 1
1964 6961 1
1964 6080 1
1964 2652 1
1964 466 1
1964 1139 1
1964 3242 1
1964 5322 1
1964 4391 1
1964 1398 1
1964 5407 1
1964 5662 1
5468 582 1
5468 4605 1
5468 4393 1
5468 6280 1
5468 25 1
5468 3353 1
5468 5678 1
5468 3867 1
5468 5115 1
5468 1941 1
2991 3486 1
5862 1004 1
5862 3443 1
5862 1480 1
5862 5372 1
5862 4309 1
5862 6011 1
5862 1676 1
5862 1370 1
5862 192 1
5862 6326 1
5862 4765 1
4031 2209 1
6806 832 1
6806 4893 1
6806 1628 1
6806 5014 1
795 2497 1
4447 667 1
1584 6600 1
1584 3097 1
5512 1684 1
5512 4650 1
2459 2448 1
2459 1496 1
2459 6809 1
2459 4503 1
2459 3080 1
2459 6701 1
2459 473 1
2459 2441 1
2459 1669 1
2459 1093 1
2459 1094 1
2459 5470 1
2459 5686 1
2459 5817 1
2459 1800 1
2459 5560 1
2459 580 1
2459 5517 1
2459 3753 1
2459 2250 1
2459 2990 1
5363 3588 1
1420 1790 1
1111 5451 1
1111 6670 1
1111 1098 1
4154 5027 1
3919 3209 1
3919 3672 1
6045 2061 1
5577 4476 1
5577 4114 1
5577 4458 1
5577 2032 1
5577 3708 1
5577 4647 1
5577 1510 1
1414 4109 1
1717 3855 1
1717 5167 1
1717 1127 1
1717 1712 1
1717 2904 1
1717 5025 1
1717 2484 1
2791 5964 1
3151 4540 1
3151 1413 1
3151 3734 1
3151 3220 1
3151 1416 1
3151 605 1
3151 5033 1
3381 5168 1
3381 5798 1
3381 5784 1
3381 4534 1
3381 3526 1
3381 1950 1
3381 1232 1
3381 5436 1
3381 4017 1
3381 84 1
3381 4738 1
3381 3802 1
6042 1470 1
6042 6210 1
6042 1356 1
6042 1418 1
6042 6224 1
6042 1927 1
5994 704 1
5994 2198 1
5994 4143 1
5994 1284 1
5994 3925 1
625 170 1
625 5816 1
625 2870 1
3160 2463 1
3160 4881 1
3160 2226 1
3160 2826 1
1303 651 1
2052 4416 1
2052 3453 1
2052 4953 1
1364 6719 1
1364 6244 1
1364 6381 1
1364 2214 1
1364 4493 1
1364 4665 1
1364 4950 1
1364 1438 1
1364 6892 1
1364 5244 1
1364 2857 1
1364 1473 1
1364 3732 1
1364 6521 1
1364 6965 1
1364 5057 1
1364 100 1
1364 3666 1
1364 4868 1
1364 5318 1
1364 5872 1
1364 302 1
1364 3034 1
1364 714 1
3507 4630 1
3507 937 1
3507 31 1
3507 169 1
3507 6133 1
3507 3467 1
3507 6933 1
3507 6883 1
3507 5818 1
3861 6772 1
4591 3259 1
4591 4790 1
4591 462 1
4591 5876 1
4591 2537 1
4591 3677 1
4591 6613 1
4591 1909 1
4591 1556 1
4591 2247 1
4591 6860 1
4591 24 1
4591 904 1
4591 3108 1
4591 5537 1
4591 1428 1
4591 4645 1
595 6873 1
595 4210 1
595 2538 1
595 1487 1
4543 3017 1
1184 913 1
2140 7041 1
3964 6447 1
519 1590 1
1919 4402 1
3621 5410 1
3621 6973 1
3621 2142 1
3621 213 1
3621 338 1
3621 2922 1
3621 4657 1
3621 3886 1
3621 4996 1
3621 5385 1
3621 5567 1
3621 6946 1
3621 4701 1
5587 3359 1
2016 4245 1
4875 5298 1
4875 5089 1
897 4161 1
897 437 1
3016 3378 1
3016 3304 1
3016 5703 1
3016 2508 1
3016 1395 1
334 1062 1
334 5979 1
334 1886 1
334 4800 1
334 6926 1
334 4130 1
5560 2608 1
5560 3854 1
5560 3087 1
5560 412 1
5560 6199 1
1411 4103 1
2113 6306 1
2113 5267 1
2113 4835 1
2113 3868 1
2113 639 1
2113 3447 1
2113 6122 1
2113 3377 1
674 5829 1
674 2312 1
674 4167 1
674 1199 1
674 3069 1
674 3703 1
674 162 1
674 1825 1
674 1424 1
674 1720 1
674 3674 1
674 3143 1
674 6792 1
674 4162 1
674 2109 1
674 5087 1
674 927 1
674 4383 1
674 1281 1
674 4090 1
674 2100 1
674 1144 1
674 6664 1
674 5450 1
674 4943 1
674 5491 1
674 5227 1
674 5787 1
674 4675 1
674 768 1
674 5548 1
674 4149 1
674 6938 1
674 602 1
674 2076 1
674 2273 1
674 5755 1
674 673 1
674 3770 1
674 61 1
674 5566 1
674 2469 1
674 4786 1
674 4463 1
674 541 1
674 6827 1
674 3255 1
674 6749 1
674 1515 1
674 6665 1
674 804 1
674 1071 1
674 6863 1
674 5107 1
3733 3176 1
3605 3863 1
6170 6652 1
2611 230 1
2611 6739 1
2611 5188 1
2611 361 1
2611 332 1
23 5885 1
2495 3070 1
2685 1163 1
2685 705 1
39 3077 1
2249 5276 1
1227 668 1
6574 6745 1
3930 4941 1
4776 3699 1
1903 4304 1
2773 5369 1
4446 2861 1
4446 3776 1
4446 2456 1
4446 3963 1
4446 2203 1
4446 1707 1
4446 6706 1
4446 3578 1
4446 4193 1
4446 5405 1
4446 3154 1
4446 1206 1
4446 3023 1
4446 427 1
4446 4201 1
4446 659 1
5046 3456 1
6860 4704 1
657 2351 1
3709 4271 1
6299 675 1
5584 6960 1
5584 5669 1
5584 865 1
2996 5463 1
2548 164 1
540 6782 1
1161 403 1
1161 3286 1
3601 7040 1
4597 952 1
5049 4074 1
5049 1474 1
5049 6859 1
5049 5495 1
1713 665 1
6536 3499 1
3335 6625 1
3335 3369 1
3335 5762 1
3335 1626 1
2290 1392 1
6315 3132 1
3450 5446 1
3450 2800 1
1552 499 1
4602 2976 1
6916 3030 1
1797 5003 1
2566 1541 1
2566 5525 1
2566 3299 1
3308 58 1
3321 1317 1
3922 3052 1
5115 238 1
5115 105 1
3246 6383 1
6685 6355 1
6685 3981 1
6685 217 1
6685 4049 1
6685 3128 1
2651 6816 1
2651 5228 1
4770 6504 1
1441 6552 1
289 4381 1
289 2957 1
289 1897 1
289 112 1
289 2178 1
289 4778 1
289 3857 1
221 4364 1
3725 6944 1
3081 1052 1
244 2950 1
244 3990 1
244 6348 1
244 981 1
244 2992 1
824 6712 1
5364 5773 1
5364 246 1
5364 5052 1
5364 1796 1
5364 341 1
5364 720 1
2421 3690 1
2421 3166 1
2421 5963 1
3770 3238 1
3770 3394 1
811 6152 1
2429 5658 1
2429 2544 1
2429 2110 1
2429 577 1
2429 5416 1
2429 6394 1
2429 2884 1
2429 2640 1
5736 2890 1
5736 2096 1
5736 6390 1
5736 3584 1
5736 4797 1
5736 6601 1
5736 3828 1
5736 2780 1
5736 5072 1
5736 1180 1
5736 2282 1
5736 1347 1
5736 5914 1
5736 6755 1
5736 1912 1
5736 4068 1
5736 6030 1
5736 3112 1
5736 2084 1
5736 1322 1
5736 142 1
2078 7007 1
2078 6687 1
2078 1355 1
2078 799 1
2078 7025 1
2078 3063 1
2078 284 1
2078 2853 1
2078 1591 1
3054 4355 1
4334 1867 1
4334 6589 1
4334 543 1
4334 6646 1
4334 767 1
6175 676 1
6142 1085 1
3170 5145 1
3170 6629 1
3170 2728 1
3170 623 1
3170 4209 1
3170 508 1
3170 4755 1
3170 734 1
3170 4908 1
3170 6222 1
3170 4672 1
3170 1781 1
3170 3352 1
3170 6442 1
3170 2869 1
3170 171 1
3170 1993 1
3170 4812 1
3170 702 1
3170 1110 1
3170 2925 1
3170 32 1
6316 1589 1
4588 1642 1
2405 2903 1
2405 2641 1
2405 4261 1
2405 5571 1
2405 4568 1
2405 5269 1
2405 1767 1
2405 4973 1
2405 5090 1
6725 6763 1
6725 819 1
6834 117 1
6834 5306 1
6834 3585 1
6834 6720 1
6834 1985 1
6834 5867 1
6834 2153 1
6834 1211 1
6834 5570 1
6834 4086 1
619 1834 1
4439 6134 1
4439 743 1
997 1339 1
997 6362 1
997 5105 1
997 4474 1
997 1253 1
3521 4690 1
3521 1862 1
528 900 1
262 1393 1
4128 6149 1
5998 5995 1
5998 6136 1
537 6847 1
5728 4345 1
5728 4911 1
5728 5738 1
5728 5111 1
5728 4909 1
5728 192 1
3524 5442 1
3524 259 1
3524 5778 1
3524 2297 1
3524 6402 1
3524 4184 1
3524 177 1
3635 5398 1
3635 303 1
546 1426 1
3300 6823 1
3300 54 1
3300 6328 1
6231 5120 1
1666 692 1
1666 1880 1
1666 6839 1
3743 2059 1
3743 4726 1
3743 6163 1
3743 1264 1
3158 1045 1
4723 4845 1
3995 4346 1
3995 3218 1
3995 5864 1
3995 1535 1
3995 3315 1
3995 817 1
3995 340 1
2965 5238 1
2268 3416 1
2053 5323 1
2053 1568 1
2053 1043 1
5539 2130 1
5539 1203 1
5539 4338 1
592 1046 1
3794 2872 1
529 2487 1
529 6079 1
556 2876 1
556 847 1
556 6330 1
6275 3109 1
484 2065 1
484 6644 1
484 2854 1
484 2294 1
484 5213 1
484 6567 1
484 5668 1
484 1696 1
484 3896 1
484 5536 1
5639 6369 1
5639 5424 1
4664 1226 1
4664 893 1
4664 4648 1
4664 5759 1
4664 4233 1
3571 2644 1
3571 6332 1
3571 4674 1
3571 4265 1
3571 2744 1
3571 3940 1
3571 3819 1
3571 3047 1
3571 1484 1
3571 765 1
3571 3367 1
548 6465 1
548 6218 1
548 1304 1
2325 526 1
3960 3093 1
660 3568 1
660 6341 1
660 2104 1
2008 5344 1
2437 3460 1
1375 2098 1
1529 2322 1
785 3550 1
1537 1088 1
2783 5300 1
2783 3449 1
2977 5765 1
2304 3396 1
1516 5034 1
1516 1290 1
1516 1342 1
1516 661 1
1516 2797 1
1516 1463 1
1516 4740 1
1516 5172 1
1516 6896 1
1516 4093 1
1516 2670 1
1516 3541 1
1516 4286 1
1516 5975 1
1516 4975 1
1516 5315 1
1516 5911 1
1516 1703 1
1516 4148 1
3648 4077 1
3648 122 1
3648 2476 1
3648 5503 1
3648 1998 1
3648 2516 1
1117 770 1
3351 6610 1
3351 3567 1
3351 4693 1
3351 3564 1
3351 3758 1
3351 2812 1
3351 6415 1
3351 443 1
3351 2619 1
3351 6195 1
3351 3261 1
3351 843 1
3351 1788 1
3351 6214 1
3351 4052 1
3351 4554 1
3351 5926 1
3351 5134 1
3351 5338 1
3351 5777 1
3351 4854 1
3351 5458 1
3351 313 1
3351 5976 1
3351 5588 1
3351 812 1
3351 5792 1
3351 4844 1
2136 2269 1
4063 1899 1
4063 1250 1
4063 3354 1
6206 797 1
4100 5402 1
4100 2664 1
4100 4353 1
4100 1827 1
4100 367 1
4100 3417 1
2450 6314 1
1173 4019 1
6650 4179 1
6159 1168 1
6159 1022 1
6159 5284 1
6159 33 1
6159 4906 1
6159 6050 1
29 5740 1
5287 2632 1
5287 2803 1
5287 2334 1
5287 2017 1
5287 6212 1
5287 4828 1
4655 4808 1
5694 6285 1
5694 4306 1
5694 6120 1
1449 6660 1
4992 6058 1
5650 774 1
341 2115 1
341 3320 1
341 2678 1
341 2079 1
341 6309 1
341 3316 1
341 6520 1
341 2364 1
341 2926 1
341 2986 1
341 2913 1
341 203 1
341 5368 1
341 5617 1
341 181 1
341 3727 1
341 6183 1
3363 199 1
5342 5274 1
5342 7020 1
1300 5113 1
1300 2406 1
1300 6258 1
1272 7014 1
3139 5058 1
3139 5875 1
3139 6441 1
3139 5456 1
3139 3350 1
3139 3762 1
3139 6492 1
3139 3673 1
3139 1001 1
3139 6702 1
3139 5282 1
3139 379 1
3139 1946 1
3139 747 1
3139 6230 1
3139 5232 1
3139 6031 1
3139 4238 1
3139 3260 1
3139 968 1
3139 1216 1
3139 2409 1
3139 6386 1
3139 3410 1
3139 339 1
3139 3437 1
3139 6901 1
3139 6561 1
3139 5125 1
3139 1839 1
3139 5937 1
3139 516 1
3139 2466 1
3139 3954 1
3139 2119 1
3139 4144 1
3139 5443 1
3139 6237 1
3139 5420 1
3139 569 1
3139 2294 1
3139 1107 1
3139 1369 1
3139 5183 1
3139 6288 1
3139 3825 1
3139 5940 1
3139 4998 1
3139 6905 1
3139 955 1
3139 1068 1
3139 1670 1
3139 5584 1
3139 2316 1
3139 2361 1
3139 1377 1
3139 223 1
3139 4937 1
3139 484 1
3139 57 1
3139 6064 1
3139 2191 1
3139 6825 1
3139 1222 1
3139 324 1
3139 1471 1
3139 2128 1
3139 1617 1
3139 1890 1
3139 2656 1
3139 482 1
3139 696 1
3139 3142 1
3139 2705 1
3139 4183 1
3139 1705 1
3139 3399 1
3139 3213 1
3139 2834 1
3139 4335 1
3139 4257 1
3139 1373 1
3139 2045 1
3139 1896 1
3139 6662 1
3139 5005 1
3139 4047 1
3139 6880 1
3139 1721 1
3139 6085 1
3139 3680 1
3139 2333 1
3139 5749 1
3139 1330 1
3139 6997 1
3139 4241 1
3139 2883 1
3139 5613 1
3139 2927 1
3139 1981 1
3139 4467 1
3139 5922 1
3139 746 1
3139 5565 1
3139 596 1
3139 655 1
3139 179 1
3139 2200 1
3139 3931 1
3139 5371 1
3139 3612 1
3139 1462 1
3139 5226 1
3139 1432 1
3139 828 1
3139 5426 1
3139 1544 1
635 5461 1
635 6270 1
635 1350 1
635 2375 1
5469 5281 1
5469 1698 1
5469 6399 1
5469 5839 1
5469 5121 1
5469 5319 1
5469 2525 1
5469 4994 1
5469 120 1
5469 1161 1
5469 711 1
5469 1625 1
5469 5366 1
5469 7044 1
5469 2637 1
5469 5016 1
391 1190 1
1702 2057 1
1702 5312 1
1702 3642 1
1702 7038 1
1702 5883 1
1702 3178 1
1702 2560 1
1702 377 1
1702 69 1
1702 2585 1
1702 1947 1
1702 5453 1
1702 4523 1
1702 7021 1
1702 3464 1
1702 6981 1
1702 5073 1
1702 2734 1
5054 1764 1
5838 4298 1
4780 6104 1
4780 260 1
4780 6984 1
4780 6353 1
4780 4141 1
4780 4682 1
4780 2169 1
4780 5248 1
941 1848 1
2413 6198 1
2413 1408 1
2413 3801 1
2413 6917 1
4085 5573 1
4085 1507 1
4085 4904 1
4085 3344 1
4085 2397 1
4085 5019 1
4085 3021 1
4085 4625 1
4085 4014 1
4085 522 1
585 6624 1
585 5255 1
585 3411 1
585 6543 1
585 1311 1
585 5031 1
585 6581 1
585 3691 1
585 5691 1
585 4771 1
585 3268 1
4 304 1
4 6185 1
4 346 1
4 4508 1
4313 628 1
4313 4898 1
4982 4759 1
4982 2501 1
4982 2281 1
4982 4358 1
4982 5421 1
838 598 1
3323 4092 1
3323 4332 1
3323 87 1
3323 5313 1
3323 6480 1
3323 1910 1
3323 5666 1
3323 6793 1
3323 3270 1
3323 2682 1
3323 1069 1
3323 3025 1
3323 6757 1
3323 5538 1
3323 2302 1
1948 208 1
5637 6697 1
4946 6478 1
4946 4979 1
4946 3655 1
4946 1837 1
4946 4050 1
4946 1202 1
4946 5675 1
1655 6849 1
2258 1115 1
2557 3805 1
1278 962 1
1103 6962 1
1103 1476 1
1103 1718 1
1103 2554 1
1103 945 1
4315 1838 1
4315 2966 1
4315 1067 1
4315 5357 1
4315 2858 1
4315 2478 1
4315 6752 1
4315 2694 1
4315 6552 1
4315 845 1
4315 4336 1
4315 3301 1
4315 3558 1
4315 5494 1
4315 6109 1
4315 4361 1
4987 1760 1
6017 1611 1
2815 1729 1
2815 6930 1
2815 3619 1
2815 1815 1
2815 1753 1
2815 137 1
2815 827 1
2815 5895 1
2815 5144 1
2815 4174 1
2815 6359 1
2815 5815 1
2815 2402 1
2815 930 1
2815 1090 1
118 4449 1
118 2581 1
118 2206 1
118 4427 1
118 6455 1
118 1765 1
118 1205 1
1475 6579 1
3117 3870 1
2956 1309 1
2956 2909 1
3206 5988 1
2181 3710 1
2181 2386 1
3653 5378 1
3653 5137 1
3653 435 1
3653 6095 1
3653 1585 1
3653 6289 1
3653 2685 1
3653 3429 1
3653 5251 1
3653 3860 1
4983 6003 1
6740 4194 1
3362 4668 1
3704 3650 1
6319 4378 1
6319 2514 1
6319 166 1
6319 3368 1
6319 5331 1
6319 5915 1
6319 5732 1
6319 6604 1
6319 4294 1
6319 1018 1
5797 1481 1
3686 1390 1
3686 1493 1
3686 3749 1
3686 6130 1
3686 2408 1
2139 4864 1
1016 178 1
4342 3831 1
4342 5239 1
4342 3319 1
4342 4390 1
4342 4537 1
4342 329 1
4342 637 1
4342 994 1
4342 3101 1
4342 4169 1
4342 1009 1
4342 1361 1
4342 5641 1
4342 738 1
851 2216 1
851 3413 1
851 2918 1
851 509 1
851 30 1
851 3880 1
851 5225 1
851 2920 1
851 5934 1
851 566 1
851 1828 1
851 517 1
851 234 1
851 300 1
851 6636 1
851 5804 1
851 3468 1
7001 2497 1
7001 4118 1
7001 4782 1
5509 5981 1
638 4213 1
5086 2048 1
5086 1401 1
4590 4697 1
2066 6861 1
5808 4182 1
5808 1920 1
5808 3608 1
5808 4542 1
5808 6436 1
5808 4255 1
5808 1856 1
5808 1421 1
5808 4060 1
5808 314 1
5808 4572 1
5808 646 1
5808 115 1
7012 4434 1
7012 3051 1
4809 2984 1
6656 2170 1
6656 5250 1
6656 5193 1
6656 3606 1
6656 3659 1
6656 1694 1
6656 7008 1
6656 6257 1
6656 782 1
6656 6247 1
6656 5268 1
6656 565 1
6656 3806 1
2705 2961 1
2705 2010 1
2705 2907 1
2705 4040 1
2705 6345 1
2705 1490 1
2705 5223 1
2705 254 1
2705 1766 1
2705 5305 1
2705 101 1
2705 4102 1
2705 3420 1
3789 2080 1
3724 4664 1
3724 1100 1
3977 5159 1
4842 365 1
4842 2706 1
4842 726 1
4842 2739 1
4842 5555 1
4842 4207 1
4842 2137 1
1705 1076 1
3250 6331 1
3250 2505 1
3250 4750 1
3250 1491 1
3250 1086 1
3250 1302 1
3250 6321 1
5517 4700 1
5517 2703 1
5517 6176 1
2046 1524 1
1818 1175 1
1818 394 1
1818 1465 1
1818 6819 1
1818 4310 1
3384 5697 1
3384 4694 1
3384 2859 1
3560 6951 1
337 6104 1
6411 4566 1
6671 6881 1
6671 4857 1
5985 511 1
5985 4960 1
5985 3055 1
5985 1050 1
5985 5990 1
5985 3472 1
5985 4830 1
5985 3144 1
6888 5754 1
6888 4214 1
6888 386 1
6888 1145 1
4385 5022 1
1376 1858 1
7049 5262 1
1942 840 1
1942 559 1
1942 3539 1
1942 5303 1
1942 447 1
1942 3777 1
1942 6914 1
1942 1656 1
1942 6502 1
1249 2702 1
2418 5893 1
2418 366 1
2418 1871 1
2418 729 1
2418 1193 1
2418 3062 1
2418 5846 1
2418 3633 1
2418 2381 1
2418 4178 1
2418 1801 1
2418 2536 1
2418 1331 1
2418 503 1
2418 1565 1
2418 6695 1
2418 997 1
2418 2072 1
2418 4459 1
2418 4589 1
2418 4617 1
2418 2086 1
2418 5254 1
2418 4530 1
2418 4379 1
2418 1792 1
3213 315 1
3213 1286 1
3213 2601 1
3213 1992 1
3213 2912 1
3213 5196 1
3213 4099 1
3213 727 1
3213 3589 1
3213 1294 1
3213 5229 1
3213 886 1
3213 4333 1
3213 2836 1
3213 1889 1
3213 4316 1
3213 3164 1
3213 3638 1
3213 3110 1
3213 3283 1
3213 3685 1
3213 3343 1
3213 3671 1
3213 5181 1
3213 1106 1
3213 3750 1
3213 6961 1
3213 5791 1
3213 1490 1
3213 4705 1
3213 2542 1
3213 1964 1
3213 2634 1
3213 6612 1
3213 3790 1
3213 1214 1
3213 160 1
3213 6118 1
3213 1859 1
3213 6615 1
3213 7037 1
3213 6708 1
3213 6302 1
3213 6511 1
3213 1722 1
3213 5758 1
3213 4729 1
3213 2007 1
3213 4301 1
3213 1564 1
3213 1208 1
3213 6271 1
3213 5146 1
3213 4687 1
3213 6587 1
3213 5177 1
3213 6508 1
2445 2935 1
2445 4221 1
2445 287 1
3365 1396 1
5194 618 1
5194 3519 1
3647 373 1
3647 1316 1
2154 3282 1
5574 1455 1
5574 6649 1
5574 4247 1
1885 7046 1
1885 2266 1
448 4649 1
5524 5997 1
5524 6648 1
5524 2310 1
5524 4527 1
5524 4076 1
5524 4443 1
5524 3037 1
7028 5117 1
7028 2562 1
7028 132 1
7028 697 1
771 6168 1
6569 5847 1
3988 5164 1
1548 1492 1
1548 157 1
1548 1104 1
1548 4328 1
1548 1808 1
1548 687 1
1548 2824 1
1548 4661 1
1548 2665 1
6044 910 1
960 6570 1
1100 1630 1
1100 6886 1
929 3126 1
929 3073 1
929 6779 1
929 4686 1
929 550 1
929 2636 1
929 6311 1
929 5986 1
929 5871 1
929 4611 1
2166 1778 1
2035 6728 1
2035 4460 1
2035 6709 1
2035 5501 1
2035 5603 1
2035 3007 1
2035 4056 1
2035 1228 1
2035 4995 1
2035 1002 1
2035 3501 1
2498 6055 1
2498 5556 1
2498 1354 1
2498 6529 1
4413 1979 1
4413 3474 1
2792 3412 1
5987 3979 1
6154 3074 1
982 1755 1
1176 3189 1
1194 4062 1
2569 5739 1
2569 6513 1
6696 4327 1
496 2807 1
3262 2365 1
3262 5929 1
3262 1525 1
3262 6401 1
3262 4078 1
3262 2875 1
3262 5859 1
3262 4469 1
3262 1737 1
3262 3131 1
3262 4982 1
3262 3431 1
3262 1353 1
1423 2923 1
1423 5471 1
1423 353 1
5476 5199 1
4813 762 1
1014 3730 1
1014 3944 1
1014 6514 1
1014 2148 1
1014 2205 1
1014 1065 1
1014 6609 1
1014 3653 1
1014 3262 1
1014 7026 1
1539 2793 1
1539 6776 1
1539 896 1
1539 2692 1
1539 3815 1
3974 2549 1
3974 953 1
5825 2987 1
5825 3227 1
501 3566 1
501 4005 1
501 4768 1
501 5391 1
501 2752 1
501 627 1
3740 371 1
3740 357 1
3740 5722 1
3740 5383 1
3067 5001 1
3067 190 1
3003 3510 1
6643 1681 1
2871 5055 1
4273 6517 1
4273 1627 1
4273 6413 1
4273 2849 1
4273 2527 1
4273 1221 1
6697 4552 1
6697 654 1
7044 7013 1
7044 239 1
7044 2054 1
7044 4643 1
7044 1233 1
7044 3395 1
5897 433 1
5513 4482 1
4882 85 1
4882 2308 1
2726 1716 1
2726 1036 1
2726 4666 1
2726 2029 1
2726 3223 1
2726 2301 1
2726 5390 1
2726 4641 1
2726 6347 1
2726 5912 1
3712 4938 1
3712 737 1
3712 5154 1
2083 5576 1
2083 856 1
2083 2960 1
2083 2604 1
2083 1456 1
2083 2405 1
2083 891 1
2083 2188 1
2083 4083 1
249 5907 1
2074 5477 1
2074 1165 1
2074 4192 1
4915 6354 1
4915 4680 1
4915 3140 1
4915 2756 1
4915 3226 1
4915 1928 1
899 3834 1
899 2999 1
899 1240 1
899 3784 1
899 786 1
899 4380 1
899 4681 1
899 2820 1
899 7004 1
899 4712 1
231 2217 1
231 6160 1
231 4653 1
231 2763 1
231 4423 1
2440 4569 1
2440 2202 1
2440 5842 1
2440 1845 1
2440 4793 1
2440 4848 1
2440 3917 1
2440 6849 1
2440 1442 1
2440 4859 1
3451 4176 1
4738 3000 1
4738 640 1
4738 1743 1
4738 4064 1
4738 6296 1
4738 2003 1
4738 3651 1
4738 15 1
4738 1039 1
2211 3617 1
5807 3434 1
1472 319 1
6619 620 1
2237 6810 1
2822 5941 1
695 507 1
3429 5734 1
3429 4250 1
3429 740 1
3429 634 1
3429 6272 1
3429 2189 1
3429 3357 1
450 6850 1
409 4577 1
409 193 1
6899 6796 1
6899 6292 1
6899 2085 1
6899 1765 1
6899 1636 1
6899 406 1
6899 211 1
6899 5593 1
1724 2276 1
3753 5635 1
430 6096 1
430 2257 1
4739 4796 1
6457 4763 1
360 4489 1
360 3174 1
6570 513 1
1167 2627 1
5989 4520 1
4917 6238 1
4917 5574 1
5724 4519 1
1877 4719 1
4422 719 1
1573 423 1
2453 1966 1
6703 558 1
5111 965 1
5111 1358 1
5111 5717 1
5158 6924 1
5158 6796 1
5158 1459 1
5158 3100 1
5158 2534 1
5158 5013 1
5158 6254 1
5158 4991 1
5158 1341 1
5158 2607 1
5158 4305 1
5158 1338 1
5158 5330 1
5158 5790 1
5158 2306 1
5158 5591 1
5158 6987 1
5158 5704 1
5158 4902 1
4913 5349 1
6207 4079 1
6207 2186 1
1040 2385 1
1040 1793 1
1040 6563 1
6232 4618 1
4854 3261 1
4854 1788 1
4854 3252 1
4854 4554 1
4890 3796 1
4890 1 1
4890 4323 1
4890 1092 1
4890 7033 1
4890 4356 1
4890 933 1
4890 3621 1
4890 2290 1
4890 2695 1
4890 1450 1
4890 1678 1
2796 1441 1
2105 1173 1
2852 4535 1
2123 6389 1
5618 2511 1
4507 6431 1
5752 3999 1
5002 3360 1
1448 3035 1
5352 6948 1
6853 2983 1
6853 3864 1
6853 962 1
5151 4027 1
6562 5980 1
1384 5354 1
1384 3897 1
844 4111 1
844 5944 1
866 5572 1
544 5200 1
6002 3822 1
6002 758 1
6002 2344 1
6002 4024 1
6002 1446 1
6002 5287 1
4444 2589 1
4444 5923 1
6636 523 1
6636 4584 1
6636 1741 1
6636 4817 1
255 6773 1
1308 2353 1
1308 5480 1
950 6416 1
2220 2947 1
662 5779 1
662 801 1
662 6488 1
662 4104 1
662 664 1
662 4832 1
662 1840 1
2366 6801 1
4384 1907 1
4626 1571 1
1064 3290 1
1064 5776 1
1064 149 1
1064 4156 1
1064 6676 1
1064 4592 1
6865 683 1
3695 6454 1
3695 4506 1
3695 1938 1
3695 4483 1
3695 1335 1
3695 588 1
3695 1210 1
3695 1747 1
1546 1863 1
1574 1580 1
5572 1469 1
5572 6151 1
2106 2489 1
6512 2771 1
830 2615 1
830 6225 1
4387 5138 1
4387 4066 1
6267 2929 1
6267 4229 1
6267 1518 1
6267 5290 1
6267 4354 1
6267 59 1
6267 5689 1
6267 3871 1
6267 2901 1
6267 555 1
6267 1489 1
6267 456 1
6267 5894 1
168 1336 1
1782 764 1
2342 6980 1
2342 4940 1
1972 6067 1
6337 5910 1
6337 2219 1
6337 7050 1
1731 1639 1
2118 2777 1
5203 19 1
2020 1305 1
2020 6627 1
2020 6006 1
1581 5296 1
3615 345 1
3887 1956 1
3887 5676 1
3887 4252 1
3887 429 1
3887 5222 1
3887 2438 1
3887 1020 1
3887 2662 1
3887 4180 1
3887 5845 1
3887 2553 1
3887 946 1
3887 2082 1
3887 497 1
3887 2766 1
3887 2713 1
3887 6577 1
3887 1996 1
3887 6387 1
3887 2968 1
6981 5029 1
2969 4452 1
2969 2410 1
2969 333 1
2969 2401 1
2969 102 1
2969 5542 1
2969 5217 1
2969 2881 1
2969 1313 1
2969 6217 1
2969 2323 1
2969 4806 1
2969 2502 1
2969 6590 1
2969 4880 1
2969 2879 1
2969 5356 1
2969 6333 1
6598 1598 1
6598 1654 1
6598 1466 1
6598 6838 1
6598 5830 1
6598 4182 1
6598 5010 1
6598 4836 1
6598 5060 1
6598 6262 1
6598 6253 1
6598 6999 1
6598 4157 1
6598 2356 1
6598 438 1
6598 4595 1
6598 1226 1
6598 5362 1
6598 4724 1
6598 3088 1
6598 652 1
6598 2668 1
6598 820 1
6598 3134 1
6598 5432 1
6598 6092 1
6598 4071 1
6598 1543 1
6598 1952 1
6598 6560 1
6598 1578 1
6598 2396 1
6598 7045 1
6598 4963 1
6598 448 1
6598 510 1
6598 393 1
6598 2616 1
6598 3318 1
6598 6461 1
6598 6279 1
6598 604 1
6598 1126 1
6598 861 1
773 1901 1
2026 5425 1
2026 6144 1
2026 4127 1
2026 37 1
5018 4015 1
5018 5428 1
5018 4574 1
4707 6721 1
3061 4730 1
3061 3327 1
3061 5271 1
3061 6558 1
3061 607 1
3061 809 1
1848 2158 1
2055 1186 1
4804 196 1
6484 3470 1
2880 1006 1
2880 5023 1
2880 5688 1
2880 5564 1
2880 4781 1
1361 1974 1
3904 5978 1
488 4067 1
1486 6300 1
3735 5367 1
3735 4108 1
3735 4198 1
6686 2117 1
6686 131 1
6686 2122 1
5858 5899 1
5641 515 1
2894 4218 1
4909 5843 1
4909 5104 1
2953 2146 1
6989 5711 1
4127 999 1
4127 3508 1
4127 51 1
4127 4863 1
4127 395 1
4127 3217 1
4127 5182 1
5831 3873 1
5831 3670 1
1058 6681 1
1058 4043 1
1058 2389 1
1058 4515 1
1058 1087 1
1058 357 1
412 2814 1
412 124 1
912 1633 1
6548 4222 1
6548 756 1
6548 77 1
6903 3701 1
6903 6744 1
4546 5485 1
4546 2258 1
3994 5706 1
3994 2092 1
5810 4268 1
390 3609 1
1159 2405 1
7050 1881 1
7050 6375 1
7050 2897 1
7050 4399 1
887 5805 1
887 3800 1
887 4312 1
887 6682 1
887 4541 1
887 6298 1
887 4861 1
887 5586 1
887 2168 1
4224 4085 1
2462 6728 1
2462 1122 1
2462 717 1
2462 534 1
2462 1704 1
2462 2395 1
2462 561 1
2462 3421 1
2462 4593 1
2462 1692 1
2462 1430 1
2462 4884 1
2462 3528 1
2462 6371 1
2462 4405 1
2462 251 1
2746 4691 1
6139 2243 1
6139 4004 1
1503 2131 1
3119 6726 1
6777 189 1
6475 2541 1
6475 2285 1
4076 1892 1
4076 2037 1
4076 4752 1
4076 518 1
4076 1988 1
4076 1051 1
4076 106 1
4076 1934 1
4076 3029 1
4076 1333 1
4076 4895 1
4076 6449 1
4076 825 1
4076 4837 1
4076 5030 1
5652 536 1
4563 6666 1
6532 3531 1
2794 6836 1
2794 2299 1
2794 3179 1
2794 6699 1
2794 1672 1
5821 2911 1
1098 3804 1
1098 2340 1
1098 5882 1
1098 4615 1
1098 1667 1
1098 5606 1
1098 2648 1
1098 445 1
1098 2412 1
1098 5335 1
1098 1659 1
1098 5767 1
5465 674 1
6993 1662 1
4009 5693 1
4123 3424 1
37 1752 1
37 5822 1
37 1916 1
37 5308 1
37 753 1
37 972 1
37 6945 1
37 2015 1
37 4158 1
37 6765 1
37 2446 1
37 4028 1
37 6984 1
37 5051 1
37 3267 1
37 3049 1
37 6382 1
37 2807 1
37 5180 1
37 4418 1
37 6966 1
37 3693 1
37 3699 1
37 4682 1
37 6144 1
37 5028 1
37 1621 1
37 227 1
37 6248 1
37 5799 1
6444 421 1
6358 3682 1
6358 6327 1
5663 1861 1
5663 671 1
4467 2065 1
4467 2428 1
4467 3256 1
4467 3667 1
4467 5685 1
4467 4487 1
4467 6049 1
4467 2749 1
4467 5186 1
4467 6934 1
4467 587 1
4467 4905 1
4467 242 1
4467 2517 1
4467 3406 1
4467 6815 1
4467 2284 1
6410 2532 1
5638 5957 1
5638 5043 1
5638 4098 1
6638 3791 1
6638 4620 1
6638 5735 1
6638 1864 1
6638 495 1
6638 3105 1
7004 3775 1
7004 3184 1
7004 5286 1
7004 5508 1
7004 5836 1
3788 304 1
3788 6432 1
3788 5333 1
3788 2755 1
3788 346 1
3788 3756 1
3788 2452 1
3788 6327 1
1519 4113 1
1519 888 1
1519 272 1
1519 4974 1
1519 5878 1
1519 4480 1
1519 2267 1
1519 6277 1
1519 987 1
1519 6505 1
1519 3338 1
1519 5292 1
1519 6180 1
5025 2073 1
5565 577 1
5016 1957 1
5016 134 1
5016 6493 1
5016 2725 1
5016 38 1
5016 2568 1
4824 250 1
4155 2039 1
4155 5629 1
4155 6979 1
4155 931 1
4155 854 1
4155 5381 1
5945 5865 1
4011 1041 1
530 794 1
6766 1483 1
6766 5095 1
2254 6837 1
5475 1323 1
5475 5835 1
6025 6284 1
6025 6540 1
6025 2124 1
6025 833 1
6025 2331 1
6025 1911 1
6025 4860 1
6025 1201 1
6025 6538 1
6025 194 1
6025 493 1
6025 4146 1
6025 1887 1
6820 130 1
6820 5724 1
4571 1582 1
4571 5539 1
41 4829 1
41 405 1
41 7003 1
41 1758 1
41 5592 1
3120 1680 1
3949 2902 1
3949 4121 1
4134 6551 1
5545 2420 1
2680 6291 1
2680 5270 1
2680 2769 1
2680 4635 1
2680 5340 1
2680 6165 1
2680 1921 1
2680 802 1
2680 4886 1
2680 5377 1
2680 2813 1
2680 6657 1
2680 1963 1
4899 1423 1
5879 5128 1
5879 6799 1
5879 2390 1
5879 5744 1
5879 6059 1
5879 188 1
5879 1786 1
2531 6483 1
777 1445 1
777 6123 1
1084 4560 1
7026 3196 1
7026 4236 1
7026 6103 1
7026 2943 1
7026 10 1
7026 3269 1
1806 6842 1
3122 68 1
159 3832 1
159 3243 1
159 6876 1
4545 2781 1
2240 5913 1
2240 4819 1
2240 682 1
2240 458 1
6679 6458 1
6679 6780 1
6679 3627 1
6679 6743 1
6679 6970 1
6679 4317 1
6113 1618 1
6168 547 1
6168 4721 1
6168 4512 1
3098 4669 1
6597 2799 1
6597 6645 1
6597 2819 1
6597 2691 1
4443 6278 1
4443 3432 1
4443 5575 1
21 6781 1
5673 725 1
5673 2320 1
5673 1605 1
5850 350 1
5850 1326 1
5850 2721 1
5850 6129 1
5850 5856 1
441 2071 1
2905 3345 1
2905 723 1
2905 5462 1
2905 5430 1
2905 2829 1
3598 6607 1
3598 5844 1
2245 6164 1
6870 5191 1
6870 3702 1
6870 3018 1
6870 4282 1
6870 678 1
6870 5660 1
6870 4955 1
5007 5620 1
5983 3602 1
4766 2835 1
1025 2207 1
7006 3180 1
4148 1433 1
4148 1566 1
4148 422 1
4148 2396 1
2328 5324 1
2328 202 1
2328 167 1
2328 6269 1
2328 4550 1
2328 6542 1
2328 2564 1
2328 3736 1
2328 4139 1
2328 4660 1
2328 1616 1
2328 4986 1
2328 6316 1
2328 6475 1
2328 5879 1
1854 5063 1
3698 689 1
812 4693 1
812 6415 1
812 443 1
812 313 1
812 4844 1
150 4756 1
150 2455 1
150 4820 1
2754 5489 1
2754 1650 1
4613 5170 1
4613 3742 1
3048 1990 1
3048 5585 1
3048 6426 1
3048 4388 1
3048 4490 1
3048 6909 1
3048 7 1
3048 6156 1
1678 4397 1
1407 2374 1
3405 2982 1
3405 2998 1
1865 5160 1
6635 88 1
6635 5367 1
4623 1334 1
1601 5931 1
1601 2850 1
1601 858 1
434 6639 1
4411 630 1
6474 2528 1
6474 4803 1
6474 3219 1
6474 4366 1
6474 1599 1
2043 4598 1
1733 4867 1
1733 1056 1
1733 2699 1
1218 220 1
487 2571 1
487 3965 1
487 2145 1
487 3039 1
5474 2544 1
5474 335 1
5474 2858 1
5474 225 1
5474 1247 1
5474 2121 1
5474 3302 1
5474 3743 1
5474 4315 1
5474 3841 1
5474 421 1
5474 6523 1
5474 2590 1
5474 911 1
5474 2462 1
5967 5920 1
5967 1649 1
5967 4557 1
5967 2973 1
5967 6234 1
5967 5006 1
5967 161 1
5967 4322 1
5967 5280 1
5967 3091 1
5967 2707 1
5967 1549 1
5967 6462 1
5967 2224 1
5967 5814 1
2260 320 1
5004 4195 1
5004 3652 1
5004 3792 1
5004 2095 1
5004 1504 1
6658 3094 1
4034 6783 1
4034 3645 1
4034 3506 1
4034 2457 1
5496 3547 1
5237 2390 1
271 5826 1
745 5881 1
745 2434 1
745 398 1
1057 1679 1
1057 6787 1
4044 3463 1
5625 3997 1
5034 1345 1
6738 4016 1
114 6626 1
4035 5399 1
5902 7016 1
5902 3799 1
5902 5011 1
5902 6266 1
5902 6904 1
1965 4069 1
1965 1114 1
1965 4324 1
1965 5455 1
1965 5873 1
1965 874 1
1965 1822 1
1965 708 1
3237 5482 1
3237 2851 1
2523 6759 1
1290 1000 1
6065 6826 1
3804 1044 1
5168 5751 1
1582 3005 1
1582 2874 1
1582 5082 1
5649 1439 1
4106 2540 1
6648 1530 1
4505 252 1
3730 1603 1
3730 3623 1
666 5643 1
2954 1049 1
2954 3060 1
2954 860 1
4115 269 1
4115 1523 1
4115 126 1
4115 6584 1
4115 5540 1
4115 2394 1
4115 1973 1
6737 632 1
5032 5775 1
5032 2347 1
5032 3448 1
5032 3714 1
4733 2018 1
4733 5091 1
5110 1494 1
5208 924 1
5208 4450 1
5208 1709 1
5208 3849 1
5208 2676 1
5208 6226 1
5208 6568 1
5208 5459 1
5208 4061 1
5208 3878 1
5208 1135 1
5208 1875 1
3577 1739 1
3577 3540 1
2741 5644 1
3413 998 1
1240 385 1
1794 6693 1
787 2500 1
6399 5527 1
3043 4168 1
201 693 1
201 4307 1
4550 1198 1
6229 5746 1
2935 5661 1
5578 7039 1
3766 4408 1
739 92 1
3619 4791 1
3619 3793 1
3619 2215 1
2451 3475 1
512 5640 1
1823 1847 1
1823 420 1
1823 4988 1
1823 3229 1
2329 1238 1
5404 5133 1
1209 1174 1
856 6406 1
856 3747 1
856 4226 1
432 1268 1
432 1891 1
432 3407 1
3195 5563 1
3195 5373 1
3195 5246 1
1092 1687 1
5880 4784 1
1148 4272 1
1148 2948 1
1148 6485 1
1148 4374 1
1148 4910 1
1148 5094 1
1148 2432 1
4448 1359 1
4448 4892 1
4448 1239 1
4448 2403 1
4248 3688 1
4248 6762 1
4248 5633 1
5060 693 1
5300 1759 1
5725 6339 1
1809 2030 1
1809 514 1
1809 5261 1
1809 3163 1
2581 6473 1
1853 2689 1
1853 4945 1
1853 5460 1
5764 4133 1
1314 6098 1
1314 347 1
1314 44 1
1314 6249 1
1314 3487 1
1314 2404 1
1314 4495 1
3640 2449 1
3737 5433 1
2335 1999 1
2335 4528 1
6733 6533 1
246 6041 1
2588 6891 1
4356 86 1
4412 2663 1
1572 5389 1
2562 3754 1
2562 5472 1
2562 1379 1
2562 444 1
2562 3045 1
4503 1260 1
4503 1983 1
4503 6524 1
4503 1082 1
3062 4659 1
3062 6009 1
6280 2751 1
6280 3557 1
3843 1646 1
3843 2179 1
3843 4251 1
3843 4199 1
3843 1399 1
3843 752 1
5153 498 1
5153 1157 1
225 4671 1
225 1422 1
225 5190 1
225 4734 1
225 1846 1
225 3745 1
225 4371 1
225 3513 1
786 306 1
2330 2504 1
5477 1958 1
3223 6194 1
3921 1771 1
6805 1112 1
6805 835 1
6805 6119 1
6805 6531 1
6805 1225 1
6805 4290 1
6805 4206 1
6805 6921 1
6805 4570 1
2507 5053 1
3893 882 1
710 4942 1
4135 3324 1
3403 6107 1
3403 3225 1
3403 815 1
3403 4081 1
3403 3787 1
3403 3809 1
3403 4394 1
3403 2231 1
3403 6125 1
4028 3347 1
4028 4478 1
4028 5122 1
4028 789 1
4028 2094 1
5230 191 1
1772 6500 1
1772 3287 1
1772 4948 1
1772 4266 1
1772 3265 1
1772 5119 1
1772 3576 1
1772 4219 1
1772 4200 1
1772 2625 1
1772 4367 1
1772 6189 1
1772 6907 1
1772 2843 1
4228 6351 1
4952 4944 1
4952 3232 1
4952 3002 1
293 2810 1
293 3116 1
293 5400 1
293 6126 1
293 2387 1
293 3803 1
293 6236 1
293 3096 1
293 3247 1
473 1080 1
473 4302 1
473 5277 1
5823 3133 1
460 5563 1
1093 1917 1
5863 2367 1
2604 186 1
2604 6559 1
2604 4517 1
1873 4259 1
1873 135 1
5870 6824 1
902 3245 1
902 4260 1
902 3078 1
902 2660 1
1033 2979 1
1033 3937 1
1033 5729 1
377 909 1
3967 699 1
1937 688 1
533 6949 1
485 964 1
485 1154 1
1839 6692 1
1839 2467 1
1597 6453 1
1597 1108 1
1597 2493 1
1597 3241 1
1597 722 1
5682 3404 1
5682 4190 1
5682 4897 1
5682 256 1
5173 1609 1
1592 6828 1
1592 557 1
1592 2816 1
1592 2210 1
3396 2915 1
3657 4150 1
3657 4742 1
3657 6680 1
3657 5449 1
4994 4758 1
4994 2643 1
6705 2126 1
6745 4606 1
6745 6235 1
6745 3569 1
6745 4667 1
6576 2041 1
6576 4870 1
6576 684 1
925 2782 1
925 6101 1
925 3774 1
5181 1196 1
5181 470 1
4555 6724 1
3677 1725 1
3677 6760 1
2060 2116 1
2060 6020 1
1094 5647 1
1094 2761 1
1094 6433 1
1094 5956 1
1094 1348 1
1094 2989 1
1094 2338 1
1094 2256 1
1094 5045 1
1094 2679 1
1094 3387 1
1094 1015 1
4070 2576 1
4070 6047 1
4070 5626 1
4070 3696 1
4070 2277 1
4070 1836 1
3534 5992 1
2835 5500 1
2287 6456 1
2287 5365 1
2287 5345 1
2287 5184 1
2287 873 1
2287 8 1
2310 392 1
2737 1739 1
6204 3465 1
6204 3356 1
1805 4217 1
2846 4153 1
2846 6344 1
2846 3624 1
2846 446 1
2846 6056 1
2964 4472 1
2964 4274 1
6423 5733 1
6961 4082 1
2163 3497 1
3190 2878 1
2146 5793 1
2146 5955 1
6641 1307 1
1695 5240 1
1695 2265 1
1695 5698 1
1695 894 1
2638 4826 1
2638 2733 1
2638 1063 1
2638 5628 1
2638 368 1
4454 6566 1
4454 2047 1
6445 2933 1
803 95 1
995 5901 1
995 344 1
995 6659 1
995 330 1
5943 4173 1
5943 1266 1
3328 3529 1
3328 5887 1
3328 5289 1
3328 378 1
5436 2646 1
3683 3923 1
3683 4303 1
2176 4745 1
3852 6988 1
3852 1024 1
1964 5345 1
1964 3169 1
1964 6788 1
1964 5488 1
1964 5249 1
1964 151 1
1964 4321 1
1964 5447 1
2459 3436 1
2791 6155 1
2791 4907 1
2791 2120 1
3151 1443 1
3381 3102 1
3381 1425 1
3381 6256 1
3381 1363 1
3381 5782 1
3381 4538 1
5994 218 1
3507 5745 1
3507 631 1
4591 1512 1
4591 3731 1
4591 2313 1
2140 1153 1
3016 65 1
674 4747 1
674 6722 1
674 2764 1
674 1674 1
674 6628 1
2685 5580 1
2685 5299 1
4446 6357 1
3709 138 1
3709 6716 1
2548 389 1
2548 2711 1
4860 2014 1
1850 4456 1
4002 4166 1
4002 5321 1
4002 4484 1
4002 4425 1
4002 2635 1
4002 1959 1
4002 3911 1
4002 2234 1
5364 2546 1
2078 5457 1
2078 5992 1
2078 2655 1
3170 6544 1
3170 6978 1
2405 2690 1
6834 4798 1
6834 5741 1
3212 6711 1
3212 3890 1
3212 43 1
3212 2550 1
3212 3875 1
3212 3275 1
3212 4145 1
3212 4041 1
3212 5149 1
3212 4559 1
3212 6668 1
3524 4126 1
3524 5224 1
6231 1360 1
1666 3537 1
1666 4903 1
3995 2400 1
2053 1427 1
5539 6998 1
484 6545 1
484 1345 1
548 2887 1
548 292 1
548 2093 1
548 3435 1
11 4116 1
11 2011 1
2783 4137 1
1516 3173 1
1516 855 1
1516 6037 1
1516 3502 1
1516 2363 1
1516 2380 1
1516 4920 1
1516 144 1
1516 4269 1
197 3244 1
197 1668 1
197 74 1
197 4822 1
197 5521 1
3648 5414 1
3351 5482 1
3351 2031 1
3351 6385 1
3351 3694 1
4063 2288 1
4063 6140 1
4100 3876 1
1173 3146 1
6159 4038 1
6159 5328 1
5287 5403 1
5287 586 1
5287 4270 1
5287 4499 1
5342 1257 1
3139 4172 1
3139 6489 1
3139 5742 1
3139 5311 1
3139 5130 1
3139 2779 1
3139 4337 1
3139 5581 1
3139 6363 1
3139 1789 1
3139 1289 1
3139 97 1
3139 1055 1
5469 6186 1
5469 6663 1
5469 1400 1
5469 6672 1
5469 5809 1
391 1634 1
1702 3264 1
4780 1742 1
4085 3423 1
4085 3856 1
585 6192 1
585 5174 1
585 3147 1
4982 3959 1
4982 1783 1
4982 1109 1
4946 363 1
4946 2221 1
4946 3511 1
4325 3314 1
4325 6900 1
1103 7009 1
1103 4715 1
1103 5445 1
4315 3984 1
4315 4789 1
4315 5522 1
6319 2626 1
2735 3971 1
2139 581 1
851 5184 1
5808 4442 1
5808 1306 1
1333 2540 1
6656 6910 1
6656 3532 1
6656 475 1
6656 5928 1
6656 4112 1
2705 4173 1
1705 143 1
3250 6052 1
5985 2027 1
6888 4599 1
2418 5806 1
2418 47 1
2418 5417 1
2418 3053 1
2418 5647 1
2418 2436 1
2418 2949 1
2418 3244 1
6819 1978 1
3213 6603 1
3213 3089 1
3213 4608 1
3213 4202 1
3213 4869 1
3213 3251 1
3213 1550 1
3213 5936 1
17 979 1
1100 3515 1
929 4488 1
2035 489 1
2035 7011 1
3262 2981 1
3262 4284 1
3262 1074 1
3262 3570 1
3262 6419 1
5476 2295 1
5476 5938 1
5476 732 1
5476 6942 1
5476 3325 1
5476 6352 1
1014 354 1
1014 2244 1
1014 1770 1
1014 6268 1
501 567 1
5974 6448 1
7044 3024 1
2726 1779 1
2726 6372 1
2726 1711 1
3712 2291 1
2083 5866 1
2074 1248 1
2074 6814 1
4915 4377 1
899 6450 1
899 2785 1
231 757 1
6899 1882 1
6899 2675 1
5989 3401 1
4917 1876 1
3464 7032 1
5158 4642 1
5158 4000 1
5 5148 1
5 966 1
5 3596 1
5 5534 1
5 2587 1
5 6845 1
5 4548 1
5 3130 1
5 1954 1
5 2856 1
5 5551 1
5 2152 1
5 2144 1
5 1012 1
5 4651 1
6996 4239 1
6996 3216 1
6996 2698 1
1296 1191 1
6853 5719 1
6853 5684 1
6853 3525 1
6853 4773 1
6853 6964 1
6853 3422 1
6853 4033 1
1384 486 1
6002 4564 1
6636 2677 1
6636 3641 1
1308 4853 1
662 4058 1
662 3425 1
662 1077 1
1064 454 1
1064 6715 1
6865 5690 1
6865 6203 1
6865 4685 1
6865 2324 1
6865 5631 1
6865 4769 1
6865 1576 1
6865 4360 1
6865 42 1
6865 3148 1
6865 807 1
6865 1643 1
6865 2062 1
6865 6640 1
6865 5888 1
6865 1365 1
6865 3257 1
6865 67 1
6865 1558 1
6865 576 1
6865 791 1
6865 1813 1
6865 4532 1
6865 5961 1
6865 1989 1
6865 184 1
6865 6690 1
6865 5155 1
6865 5860 1
6865 4396 1
6865 3064 1
6865 5774 1
6865 1615 1
6865 2753 1
6865 5966 1
6865 974 1
6865 1860 1
6865 1101 1
6865 3786 1
6865 6790 1
6865 326 1
6865 3075 1
6865 1831 1
6865 3020 1
6865 55 1
6865 6991 1
6865 2518 1
6865 253 1
6865 6935 1
6865 4772 1
3430 3760 1
1868 2232 1
3887 3488 1
3887 6596 1
3887 6932 1
3887 3934 1
3887 3187 1
6981 848 1
2969 3393 1
2969 6252 1
2969 5890 1
6598 1000 1
6598 4714 1
6598 4631 1
6598 5457 1
6598 4513 1
6598 5712 1
6598 4498 1
6598 6833 1
6598 918 1
6598 1189 1
6598 2370 1
2026 1328 1
2026 1276 1
2026 5553 1
2026 2672 1
2026 4212 1
2026 4281 1
2026 3224 1
2026 451 1
2026 1482 1
2026 2383 1
2026 505 1
2026 5150 1
2026 712 1
2026 40 1
2026 280 1
3061 4713 1
1848 6312 1
2880 874 1
2880 4696 1
4972 5927 1
4909 6862 1
4127 3383 1
4127 3192 1
6811 5515 1
2462 6373 1
2462 4453 1
6777 2274 1
4076 629 1
4076 3317 1
6993 6264 1
6993 5533 1
6993 5437 1
6993 3010 1
6993 672 1
37 3383 1
37 3646 1
37 4012 1
37 1641 1
37 6797 1
37 5245 1
37 5599 1
37 3634 1
4467 145 1
4467 2483 1
4467 5278 1
4467 4624 1
4467 5718 1
5869 2582 1
1519 4437 1
1519 240 1
5565 5932 1
5565 2317 1
4958 3462 1
5016 3668 1
4712 1969 1
4712 2261 1
6025 5543 1
6025 5884 1
6025 3230 1
6025 5316 1
6025 1619 1
41 2940 1
2680 2184 1
2680 5971 1
2680 4877 1
777 2723 1
4443 330 1
4443 6004 1
4443 1893 1
2905 5370 1
6870 2293 1
2328 5220 1
2328 805 1
3048 935 1
4032 1179 1
6474 5917 1
6474 6021 1
1733 6405 1
1733 3891 1
487 483 1
487 2885 1
5474 4594 1
5474 156 1
5474 1047 1
5967 6162 1
5967 3111 1
5967 6263 1
5967 6313 1
4510 3858 1
3913 3355 1
3572 432 1
6446 2900 1
408 4683 1
5636 2303 1
479 1794 1
479 4692 1
479 533 1
479 6820 1
7005 5210 1
6287 3763 1
158 2651 1
985 4357 1
3208 898 1
944 4855 1
944 3975 1
944 1851 1
944 72 1
2945 3919 1
2945 174 1
724 6610 1
724 4052 1
724 5338 1
1961 4662 1
5634 4072 1
2238 4253 1
4594 2650 1
4594 6146 1
4594 4246 1
1389 4764 1
4989 1548 1
2125 2023 1
3066 5526 1
3066 219 1
3066 3061 1
136 2026 1
6893 4438 1
6893 6990 1
6893 5404 1
6893 3092 1
6893 64 1
6893 540 1
6893 2418 1
4436 3737 1
4436 2429 1
2600 6767 1
5670 455 1
4311 3442 1
7042 6667 1
6158 3889 1
959 2767 1
3956 3921 1
4627 5861 1
1171 6710 1
4529 5819 1
2931 2304 1
2931 5947 1
4037 4555 1
4037 3300 1
5069 6267 1
226 3373 1
2111 3654 1
816 397 1
2772 2270 1
2292 3950 1
6632 3199 1
3439 803 1
1710 5392 1
5789 6583 1
963 524 1
3095 5868 1
3095 6705 1
3095 3998 1
2628 1014 1
3726 6262 1
3546 2 1
3546 3114 1
3546 318 1
3546 2081 1
3546 4915 1
3546 6491 1
4581 3881 1
599 2815 1
3933 3657 1
3307 6795 1
1785 6002 1
1869 6161 1
6925 6204 1
3253 245 1
6939 241 1
3840 3647 1
6281 460 1
309 4395 1
6606 4273 1
643 3947 1
2565 4785 1
4095 2959 1
1651 1021 1
5602 6417 1
1183 4164 1
1172 5032 1
2758 6737 1
4604 3695 1
1485 2335 1
1485 2139 1
1485 4890 1
6539 441 1
6499 3850 1
6784 4002 1
3535 4002 1
2653 6858 1
5129 4325 1
3582 5233 1
1415 2577 1
133 6315 1
4347 2164 1
4711 647 1
1060 5632 1
6443 4021 1
5059 5827 1
5059 6229 1
5059 2465 1
6919 3744 1
5185 2482 1
4586 2588 1
3309 6213 1
1143 1508 1
1701 5116 1
5205 1321 1
5360 5611 1
3380 850 1
3962 1995 1
5954 6753 1
6534 5880 1
6534 1661 1
6534 4946 1
6534 7028 1
6534 5619 1
1181 6834 1
3210 2496 1
3210 6188 1
2603 5211 1
2603 2314 1
2603 3712 1
2603 1384 1
3337 3562 1
3972 6974 1
915 4661 1
3918 4670 1
1437 6746 1
5201 5199 1
6494 5218 1
4288 6418 1
4492 6340 1
6051 4363 1
881 2088 1
2997 3294 1
2618 1539 1
4059 3989 1
4059 1982 1
1780 5143 1
1780 5759 1
34 3139 1
5266 6694 1
1134 5676 1
4370 4063 1
3222 6550 1
3490 2535 1
603 2280 1
5294 4457 1
5294 5131 1
1933 3884 1
3414 5577 1
1620 4576 1
1620 273 1
1620 548 1
1620 2794 1
1657 1479 1
5529 4901 1
3276 3851 1
2847 5851 1
3812 706 1
3812 1155 1
3812 3438 1
1908 2861 1
1908 659 1
3883 2042 1
2354 4462 1
3197 544 1
3197 5200 1
730 4875 1
2204 5769 1
1075 5214 1
5925 2888 1
903 196 1
1394 1695 1
3235 3826 1
3235 6866 1
3167 1937 1
3167 485 1
3591 6063 1
4293 6928 1
2830 2638 1
6029 3968 1
4754 6342 1
5600 3016 1
3076 6465 1
5721 3728 1
4097 7019 1
2393 4961 1
1685 4070 1
6555 6396 1
6555 1066 1
6555 1971 1
6851 2192 1
5506 372 1
3985 3549 1
6335 745 1
4136 707 1
27 4939 1
1130 6246 1
2730 2932 1
5343 941 1
1152 6738 1
3559 3852 1
5021 690 1
1841 5608 1
1918 5110 1
5219 6638 1
2740 2399 1
914 6731 1
5080 4203 1
3289 1750 1
1520 3398 1
6683 1455 1
3201 2827 1
6356 2630 1
6356 5958 1
6398 1816 1
6940 2497 1
6831 4446 1
70 4152 1
921 2590 1
6434 995 1
3902 1541 1
2138 3449 1
3188 1584 1
1612 6424 1
6013 6471 1
578 7022 1
99 6548 1
990 5974 1
5259 3507 1
1262 6225 1
5492 6948 1
116 1033 1
2430 4279 1
3292 4951 1
4821 6007 1
301 593 1
4561 3403 1
1282 6558 1
1282 266 1
3455 6954 1
6977 4591 1
6977 1702 1
1895 3640 1
1895 1733 1
6026 440 1
2425 525 1
2425 308 1
4362 5812 1
4732 165 1
1146 1829 1
535 3297 1
5518 2129 1
6588 887 1
1570 6789 1
270 5187 1
1821 4117 1
3366 5297 1
5431 5325 1
919 5108 1
6283 6024 1
5651 2760 1
6704 3852 1
736 2507 1
2612 853 1
6918 560 1
2743 6840 1
1362 6015 1
5622 749 1
520 6899 1
3444 4264 1
2357 6115 1
5109 5342 1
4815 2951 1
4120 3106 1
2842 3106 1
2024 2113 1
1534 1717 1
6084 899 1
5178 1010 1
89 6865 1
1734 3480 1
5714 1666 1
4373 1832 1
4373 3761 1
3022 2252 1
932 5959 1
3038 6857 1
653 5808 1
6233 5967 1
3215 5435 1
407 4156 1
761 198 1
761 564 1
570 5649 1
6290 2159 1
1736 6411 1
261 2768 1
6116 5418 1
4101 625 1
5204 595 1
6915 3872 1
3079 4220 1
2127 4435 1
1252 4954 1
4042 2287 1
2070 3278 1
6200 1746 1
2971 6993 1
2488 323 1
5770 3415 1
5519 5683 1
5519 2060 1
5519 5736 1
5519 4917 1
3036 2671 1
1562 929 1
3866 5265 1
5070 3524 1
5273 3978 1
2155 4824 1
6227 2741 1
6227 3250 1
948 5285 1
6322 3924 1
3445 6796 1
5102 6311 1
3958 883 1
1762 5020 1
2185 5962 1
3336 5209 1
3336 4545 1
4468 4297 1
3669 710 1
3772 5612 1
5609 1965 1
5609 4733 1
2368 231 1
6800 128 1
2506 468 1
2972 3323 1
6931 4401 1
4741 2647 1
1688 293 1
1688 961 1
4716 3961 1
5140 4057 1
3901 452 1
3125 4525 1
3125 6853 1
3782 2053 1
4556 5505 1
2697 2002 1
3473 2691 1
4551 6043 1
6764 384 1
5221 6890 1
986 670 1
2271 147 1
4509 5578 1
3620 6937 1
1644 4862 1
1498 2414 1
3028 5230 1
4331 3328 1
5840 1519 1
3838 476 1
3838 5127 1
2227 1314 1
2227 321 1
2227 5379 1
4558 6620 1
3476 5 1
6121 3839 1
6791 5304 1
1677 905 1
781 4119 1
4918 1572 1
3823 3237 1
4575 2737 1
2765 4833 1
6143 3939 1
1855 4582 1
7015 5802 1
1653 1285 1
6093 4470 1
2196 2605 1
5326 834 1
5326 2035 1
2147 925 1
4197 3942 1
1557 5645 1
6193 3493 1
6877 2774 1
5833 6027 1
1197 1187 1
2526 4035 1
2526 1868 1
6633 4122 1
1555 755 1
2172 4565 1
4934 5656 1
6674 2074 1
1081 1402 1
2431 1177 1
2236 1355 1
2236 3063 1
2712 4600 1
4518 3935 1
2985 228 1
200 2051 1
200 1600 1
2747 1798 1
6741 5554 1
3203 5982 1
4300 4925 1
532 2783 1
532 3648 1
1542 4856 1
6215 6367 1
2994 6173 1
299 5469 1
5535 6437 1
5291 2543 1
3595 4684 1
2530 3165 1
2480 3945 1
3604 3501 1
6582 1296 1
2833 6479 1
3545 80 1
5720 1809 1
876 4959 1
6240 4441 1
6580 6777 1
2701 6364 1
6308 3655 1
6412 5993 1
1138 6616 1
4295 3766 1
2458 5942 1
2458 5076 1
2458 5832 1
2458 4761 1
2458 1237 1
2458 1103 1
2458 2069 1
4762 750 1
5857 1481 1
4927 6634 1
1902 3478 1
5667 5811 1
5479 5646 1
2376 5657 1
4894 6422 1
6138 6653 1
1275 1648 1
18 5468 1
18 2240 1
2278 1597 1
3563 1559 1
760 4879 1
6727 2791 1
2864 1035 1
2570 6185 1
6000 2470 1
1567 6191 1
1567 783 1
1567 1403 1
1567 6598 1
2934 6889 1
4858 4710 1
5358 2548 1
4170 3190 1
6201 577 1
4708 1299 1
1554 5935 1
1748 4304 1
4689 4299 1
3466 1673 1
6295 501 1
6879 6452 1
4204 2004 1
3385 107 1
5062 1320 1
4140 2654 1
3629 837 1
7036 763 1
2866 6410 1
2681 5725 1
1140 6868 1
1409 2680 1
3194 5156 1
4533 3794 1
2263 6735 1
3162 6549 1
821 2388 1
4329 2846 1
4375 5401 1
109 4051 1
644 3687 1
1089 4368 1
5598 3043 1
2786 4486 1
2371 6174 1
5056 728 1
22 1410 1
2321 1231 1
3397 2803 1
1123 5869 1
1059 1658 1
3768 6527 1
5750 6689 1
1935 6377 1
2101 2110 1
2729 2884 1
4825 5416 1
5561 1230 1
5653 3160 1
4924 6968 1
4916 2775 1
1874 1131 1
2867 2533 1
175 3284 1
2602 104 1
297 6750 1
6303 3123 1
4420 2924 1
5334 3212 1
6637 4341 1
3554 2319 1
996 3200 1
2391 5310 1
3600 2905 1
3517 2340 1
992 4392 1
2435 4155 1
1261 3967 1
3675 3800 1
3520 3769 1
1538 3157 1
5848 1997 1
3626 830 1
5132 3955 1
2629 4106 1
2629 2330 1
4792 916 1
590 2595 1
590 2736 1
4055 1984 1
3813 492 1
5347 2022 1
6054 1931 1
3951 2479 1
2197 2087 1
119 2194 1
1719 6072 1
431 3191 1
718 5803 1
6172 2097 1
776 2413 1
677 4410 1
2962 1364 1
5709 3637 1
6943 770 1
4477 3141 1
4873 2460 1
3808 3571 1
5713 2806 1
5243 4448 1
5243 3843 1
2491 552 1
404 2715 1
1607 504 1
6553 5952 1
5692 5740 1
1814 2080 1
554 3205 1
4188 1209 1
6435 5976 1
6141 5945 1
428 3874 1
6008 487 1
5388 1629 1
3631 4309 1
1129 5621 1
1129 2176 1
2551 93 1
6421 3381 1
978 370 1
3372 3471 1
4896 626 1
2005 2251 1
6798 1592 1
2318 2969 1
1604 6525 1
3614 6641 1
6023 4491 1
6414 2461 1
839 1430 1
2591 871 1
5047 817 1
4455 2528 1
5098 1160 1
5077 6440 1
2709 5476 1
1265 3709 1
2309 6334 1
6150 2687 1
1287 4330 1
5972 3484 1
2559 1994 1
1367 5788 1
5166 681 1
4840 1510 1
1150 3481 1
633 400 1
6591 2567 1
6898 2594 1
382 3656 1
5906 3107 1
3574 1277 1
1761 5114 1
4105 5902 1
4340 4969 1
2512 4969 1
1879 6073 1
187 4728 1
1820 1263 1
6594 3310 1
5216 2844 1
5919 3980 1
3941 5864 1
3135 1842 1
772 3678 1
3814 4922 1
210 1053 1
4258 6962 1
1872 488 1
2975 2738 1
205 5594 1
4871 1962 1
685 6232 1
3781 2416 1
6307 6135 1
76 6067 1
5406 5464 1
4985 1787 1
3765 1344 1
1949 4287 1
1945 6171 1
6374 4213 1
1280 5671 1
2339 1319 1
6723 5870 1
4165 6996 1
6033 739 1
1217 2939 1
3072 6698 1
1849 2445 1
2955 5737 1
5487 3551 1
3390 615 1
1382 1772 1
2938 3544 1
2748 1621 1
2193 4005 1
4731 3418 1
5969 6811 1
3553 6294 1
6673 152 1
60 4583 1
4205 2328 1
6575 4505 1
6486 3121 1
908 6445 1
908 5158 1
3168 4234 1
1522 6655 1
3692 2174 1
656 1148 1
691 1516 1
5101 6001 1
3916 4160 1
4725 1468 1
6642 4422 1
4547 2229 1
1073 197 1
568 4248 1
1773 3893 1
6090 1095 1
2300 6474 1
934 4087 1
3987 1768 1
3882 679 1
4851 1133 1
4717 6805 1
6427 6420 1
1505 1804 1
2212 1640 1
4807 233 1
4175 5474 1
7029 3099 1
906 6137 1
3491 1029 1
6923 5946 1
3723 6392 1
6986 6854 1
2893 6718 1
4318 4633 1
1028 6131 1
6282 5208 1
243 4776 1
5813 4524 1
4223 1113 1
1005 1499 1
852 6463 1
125 624 1
6956 2615 1
3400 2873 1
2262 289 1
4760 1960 1
5253 1270 1
2272 2149 1
4919 334 1
2213 3573 1
2009 3879 1
3587 5973 1
2762 3151 1
6127 2808 1
6794 2645 1
531 3976 1
4601 4876 1
276 6097 1
6408 5169 1
467 4842 1
5930 2020 1
1096 3565 1
4496 5663 1
2802 6576 1
3586 6660 1
6466 3910 1
13 775 1
1967 2459 1
4923 1635 1
5502 2704 1
5139 4124 1
3846 3386 1
6220 2886 1
4110 2858 1
579 777 1
5547 663 1
5361 2038 1
1235 5790 1
1007 5344 1
1799 2077 1
5078 1292 1
6522 224 1
5234 14 1
2895 2611 1
342 173 1
6384 5701 1
5288 3185 1
539 2669 1
4003 6069 1
3115 1132 1
1953 3577 1
274 5673 1
5189 3699 1
573 4688 1
2941 1943 1
1417 980 1
4445 787 1
