339 1026 1
339 1247 1
339 1385 1
339 641 1
339 267 1
339 1279 1
339 886 1
1417 692 1
274 39 1
1300 742 1
1300 210 1
1300 1018 1
1300 375 1
1300 259 1
196 617 1
1216 571 1
1126 156 1
1126 970 1
1126 405 1
1126 1062 1
1126 540 1
1126 1058 1
1126 248 1
1126 227 1
1126 487 1
1126 772 1
1126 409 1
1126 738 1
1126 1258 1
1126 844 1
1126 1223 1
1126 925 1
1126 1351 1
1126 532 1
1126 514 1
1126 967 1
1126 1298 1
1126 57 1
1126 692 1
1126 600 1
1126 1448 1
1126 576 1
1126 1438 1
1126 979 1
1126 171 1
1126 204 1
1126 1034 1
1126 1068 1
1126 93 1
1126 82 1
1126 722 1
1126 8 1
1126 421 1
1126 1296 1
1126 245 1
1126 336 1
1126 1201 1
1126 860 1
1126 322 1
1126 828 1
1126 1456 1
1126 691 1
1126 250 1
1126 872 1
1126 1161 1
1126 874 1
1126 1117 1
1126 858 1
1126 1262 1
1126 669 1
1126 1458 1
1126 864 1
1126 349 1
1126 770 1
1126 1228 1
1126 579 1
1126 1021 1
1126 488 1
1126 2 1
1126 238 1
1126 107 1
1126 116 1
1126 672 1
1126 14 1
1126 543 1
1131 306 1
1131 633 1
1131 1046 1
1131 882 1
1131 819 1
1131 139 1
1131 314 1
1131 541 1
1131 1255 1
1131 1401 1
1131 1037 1
1131 1181 1
1131 658 1
1131 972 1
757 1006 1
757 1010 1
1362 993 1
1362 389 1
1362 29 1
1362 1230 1
1362 1266 1
1362 1200 1
1362 1368 1
1305 904 1
1305 123 1
1305 1299 1
1305 284 1
153 814 1
153 285 1
153 446 1
153 771 1
153 1431 1
153 1060 1
18 390 1
1097 618 1
1097 859 1
1097 223 1
1097 610 1
737 428 1
160 176 1
855 373 1
185 1349 1
131 1229 1
236 61 1
409 883 1
409 148 1
409 241 1
409 796 1
409 348 1
409 713 1
409 545 1
1003 542 1
1003 799 1
1003 1359 1
1003 612 1
1003 177 1
1003 1211 1
1003 159 1
1003 129 1
1003 865 1
1003 868 1
1003 744 1
1003 670 1
710 424 1
710 1312 1
848 275 1
168 852 1
1256 585 1
1256 1347 1
1256 408 1
1256 300 1
1256 290 1
1256 837 1
1256 207 1
1256 1187 1
1256 286 1
1256 194 1
1256 1437 1
1256 1350 1
1256 195 1
1256 1412 1
392 417 1
392 998 1
392 851 1
392 578 1
392 111 1
392 106 1
392 1269 1
392 1113 1
392 758 1
392 352 1
392 157 1
392 44 1
392 1318 1
392 444 1
544 1352 1
544 613 1
544 627 1
544 1029 1
544 1203 1
724 225 1
452 401 1
452 402 1
1432 956 1
1432 301 1
1432 1390 1
1432 661 1
1432 330 1
1432 35 1
1432 1454 1
467 292 1
467 372 1
467 940 1
467 1157 1
1323 1303 1
1080 447 1
1080 385 1
1080 1141 1
1080 634 1
801 398 1
801 257 1
954 638 1
49 919 1
49 787 1
49 1129 1
31 174 1
31 697 1
971 409 1
1123 394 1
307 1053 1
307 1082 1
307 843 1
307 201 1
307 1264 1
307 726 1
307 885 1
307 1423 1
307 290 1
307 1217 1
307 589 1
307 975 1
307 684 1
307 476 1
307 406 1
307 96 1
307 767 1
534 426 1
534 1382 1
534 216 1
534 1144 1
534 1177 1
534 1066 1
534 380 1
534 766 1
534 183 1
534 652 1
534 1358 1
534 98 1
534 1411 1
534 1178 1
528 328 1
1449 109 1
902 311 1
902 1089 1
1172 102 1
1172 95 1
570 969 1
570 811 1
570 261 1
570 997 1
570 10 1
570 1369 1
570 140 1
570 438 1
570 1063 1
570 1288 1
570 77 1
496 950 1
754 596 1
580 252 1
1377 265 1
1234 263 1
1234 396 1
239 386 1
1059 202 1
1059 846 1
1059 822 1
1059 3 1
1059 179 1
1059 118 1
1059 396 1
1090 698 1
1090 1204 1
1090 917 1
1159 1374 1
1298 1236 1
1298 755 1
1298 228 1
1298 1012 1
1083 1333 1
1083 1 1
1083 789 1
1083 335 1
1083 739 1
1083 686 1
1083 152 1
1083 768 1
1083 459 1
1083 1133 1
1083 296 1
1083 1313 1
1083 579 1
1083 1342 1
1083 1462 1
1083 1209 1
1083 1403 1
1083 318 1
692 1351 1
692 1458 1
1293 1149 1
777 1321 1
659 258 1
798 1099 1
798 876 1
798 976 1
408 1095 1
408 918 1
408 1433 1
408 1268 1
408 878 1
408 425 1
408 47 1
408 949 1
408 1419 1
408 243 1
408 960 1
408 493 1
408 229 1
408 1327 1
408 1397 1
408 1067 1
776 645 1
943 103 1
1132 1420 1
1415 644 1
704 709 1
704 820 1
531 1079 1
1423 180 1
1423 181 1
1423 1398 1
1229 568 1
1229 1172 1
1229 163 1
1229 832 1
1229 370 1
432 30 1
432 1290 1
432 324 1
432 1032 1
1306 839 1
1306 1310 1
1049 1196 1
700 1052 1
769 1166 1
769 1302 1
735 718 1
668 80 1
668 1214 1
668 134 1
164 1205 1
679 88 1
1276 219 1
1094 987 1
617 1173 1
617 547 1
617 812 1
617 702 1
617 1174 1
617 559 1
617 1072 1
617 135 1
617 309 1
617 1041 1
617 4 1
617 660 1
617 377 1
617 15 1
617 1009 1
1001 869 1
964 316 1
1283 757 1
147 923 1
1433 592 1
1433 666 1
1433 947 1
1433 1291 1
1433 266 1
727 1090 1
88 48 1
88 112 1
88 1152 1
88 387 1
88 903 1
88 327 1
88 1259 1
88 678 1
729 197 1
1380 529 1
1380 1405 1
1380 302 1
1380 1183 1
1380 1119 1
1380 137 1
1380 829 1
1380 836 1
1380 344 1
1380 510 1
1380 695 1
1380 235 1
618 220 1
618 101 1
618 1135 1
618 740 1
618 212 1
618 233 1
618 279 1
618 765 1
618 797 1
618 1434 1
618 381 1
618 337 1
618 603 1
932 815 1
932 436 1
932 890 1
932 873 1
932 1136 1
932 1430 1
932 477 1
932 985 1
144 1428 1
699 1300 1
1416 1124 1
1416 877 1
1416 550 1
1416 346 1
1416 1106 1
1416 1446 1
549 307 1
549 756 1
549 933 1
662 325 1
1284 151 1
1349 1231 1
1349 1307 1
1349 734 1
1349 814 1
1349 457 1
1349 1064 1
1349 517 1
1349 354 1
1349 465 1
1349 1337 1
1349 1050 1
1349 523 1
1349 1020 1
1349 837 1
1349 36 1
1349 1112 1
1349 211 1
1349 1061 1
1349 522 1
1349 604 1
1349 899 1
1349 916 1
1349 990 1
1349 937 1
1349 1353 1
1349 25 1
1349 446 1
1349 605 1
1349 1138 1
32 1447 1
32 1377 1
32 12 1
32 1367 1
32 497 1
32 719 1
32 599 1
32 842 1
32 304 1
32 9 1
32 151 1
32 1197 1
32 928 1
32 733 1
1451 1263 1
1110 1091 1
1110 711 1
1110 240 1
1110 407 1
1110 1371 1
1110 651 1
1110 1257 1
1110 974 1
1110 689 1
1110 85 1
1110 1045 1
1110 458 1
1107 1437 1
1346 1154 1
1366 432 1
1366 208 1
1366 1184 1
636 807 1
636 1455 1
636 1147 1
636 667 1
636 1158 1
636 1150 1
995 256 1
995 1167 1
995 167 1
995 1088 1
995 1057 1
995 391 1
995 973 1
995 863 1
1443 1375 1
1381 124 1
1381 1044 1
1381 908 1
1381 915 1
470 414 1
470 298 1
470 1163 1
859 299 1
859 953 1
859 1250 1
859 494 1
859 383 1
859 762 1
859 1078 1
282 962 1
412 628 1
917 100 1
917 728 1
213 1031 1
276 981 1
276 1108 1
276 483 1
276 567 1
276 1219 1
276 707 1
1176 1237 1
1176 1294 1
1176 1210 1
1176 773 1
1176 448 1
1176 188 1
1127 687 1
1127 952 1
1127 1188 1
1171 1254 1
533 572 1
722 530 1
722 856 1
722 539 1
722 911 1
722 83 1
722 146 1
722 693 1
722 128 1
722 639 1
722 1011 1
722 1275 1
722 853 1
722 492 1
537 1126 1
537 390 1
537 16 1
427 901 1
8 810 1
8 1297 1
8 804 1
368 690 1
208 866 1
208 1151 1
208 1326 1
208 626 1
208 490 1
208 809 1
208 1125 1
46 582 1
1180 1432 1
1180 1076 1
183 1382 1
183 64 1
183 216 1
183 1144 1
183 1177 1
183 380 1
183 766 1
1263 535 1
1263 464 1
1296 841 1
172 1129 1
172 331 1
558 1116 1
1344 99 1
1344 351 1
502 1442 1
502 1240 1
502 849 1
502 655 1
502 255 1
502 1139 1
502 1014 1
502 40 1
502 1345 1
73 833 1
802 334 1
949 1067 1
245 1258 1
245 1438 1
245 548 1
245 322 1
245 691 1
245 1224 1
935 50 1
202 826 1
202 21 1
756 905 1
756 426 1
756 843 1
756 1264 1
756 1015 1
756 1066 1
756 183 1
756 975 1
756 286 1
756 682 1
756 684 1
756 990 1
756 194 1
756 406 1
756 96 1
756 767 1
1384 214 1
566 1081 1
566 350 1
566 718 1
566 340 1
648 1339 1
1047 165 1
691 405 1
478 288 1
478 308 1
478 784 1
478 750 1
478 622 1
478 700 1
478 623 1
478 69 1
478 186 1
478 1179 1
478 507 1
478 471 1
478 663 1
478 1336 1
478 503 1
872 148 1
872 447 1
872 385 1
872 923 1
872 1320 1
872 1370 1
872 1141 1
872 1278 1
872 147 1
872 19 1
872 484 1
872 634 1
872 763 1
872 52 1
872 920 1
872 957 1
872 838 1
872 138 1
872 1425 1
872 1105 1
872 546 1
872 317 1
1314 440 1
461 1036 1
934 1415 1
205 1356 1
205 369 1
205 435 1
205 1073 1
205 1427 1
205 199 1
205 122 1
205 366 1
205 884 1
205 355 1
205 1086 1
205 1122 1
205 1343 1
205 342 1
846 1282 1
475 1233 1
475 379 1
475 378 1
475 528 1
475 193 1
475 1100 1
475 353 1
475 502 1
475 104 1
475 616 1
475 511 1
273 1361 1
273 142 1
931 575 1
931 1306 1
931 486 1
931 867 1
226 416 1
226 861 1
226 1414 1
226 1393 1
449 339 1
192 958 1
192 506 1
192 1357 1
192 1360 1
192 450 1
891 614 1
891 283 1
891 505 1
891 1206 1
891 664 1
891 1235 1
891 573 1
891 254 1
891 1043 1
891 472 1
891 1098 1
891 1040 1
891 58 1
891 1226 1
891 1162 1
1450 442 1
1408 453 1
899 1422 1
899 1223 1
899 430 1
899 155 1
1160 595 1
477 115 1
984 1436 1
372 292 1
372 1457 1
372 234 1
610 312 1
610 1322 1
610 583 1
610 343 1
610 580 1
610 563 1
788 431 1
788 1395 1
788 200 1
926 855 1
1027 949 1
1018 364 1
1018 1253 1
1018 1101 1
1018 460 1
1018 609 1
1018 1331 1
1018 26 1
752 654 1
1213 437 1
1213 803 1
1213 37 1
897 1338 1
897 1270 1
897 143 1
897 468 1
897 43 1
857 897 1
1148 1232 1
683 879 1
1452 1028 1
1452 1402 1
1452 854 1
1069 187 1
1069 1111 1
1069 1392 1
820 1003 1
820 551 1
615 251 1
608 816 1
608 1308 1
246 721 1
1421 657 1
581 203 1
1277 1143 1
688 577 1
688 913 1
688 297 1
688 521 1
688 1376 1
688 742 1
688 451 1
688 631 1
688 11 1
688 232 1
688 938 1
688 268 1
688 209 1
1439 249 1
1439 888 1
1439 28 1
1439 173 1
1439 62 1
1439 132 1
1439 818 1
1439 1069 1
1439 1364 1
1439 1409 1
1439 136 1
1439 1309 1
1439 237 1
332 775 1
901 92 1
747 919 1
747 479 1
747 560 1
747 323 1
747 940 1
708 1436 1
476 345 1
476 746 1
473 746 1
334 1025 1
334 1246 1
334 1084 1
334 371 1
334 676 1
334 870 1
334 590 1
907 154 1
1140 161 1
114 192 1
1196 42 1
1196 1370 1
1196 771 1
346 84 1
346 1435 1
295 1146 1
402 1388 1
247 549 1
61 749 1
61 1252 1
61 125 1
453 1030 1
453 712 1
453 642 1
453 1362 1
453 1080 1
453 1271 1
453 1102 1
453 1301 1
453 564 1
453 825 1
453 126 1
453 65 1
453 673 1
453 481 1
453 1019 1
453 478 1
453 1075 1
453 1212 1
453 403 1
453 835 1
453 1194 1
453 1042 1
453 1213 1
453 650 1
453 620 1
453 413 1
453 1329 1
453 384 1
453 895 1
453 921 1
415 994 1
415 720 1
415 705 1
415 360 1
415 778 1
415 1096 1
983 894 1
145 1404 1
145 643 1
145 1244 1
34 889 1
34 51 1
34 1243 1
34 538 1
34 1315 1
34 665 1
34 70 1
34 1407 1
34 1248 1
34 783 1
34 562 1
34 1257 1
34 689 1
34 1193 1
351 520 1
351 906 1
351 482 1
351 912 1
351 500 1
351 761 1
351 1280 1
485 487 1
485 844 1
485 692 1
59 636 1
951 251 1
624 736 1
1462 579 1
33 303 1
179 191 1
800 260 1
800 217 1
800 732 1
800 1207 1
800 1047 1
800 165 1
800 1330 1
759 1156 1
647 1348 1
647 1120 1
647 779 1
647 1365 1
647 184 1
647 130 1
607 1305 1
446 1347 1
446 695 1
238 336 1
963 1325 1
1244 1319 1
1244 527 1
1244 944 1
1221 558 1
107 2 1
1341 54 1
556 821 1
933 365 1
933 462 1
933 1039 1
933 893 1
933 1421 1
933 771 1
933 1060 1
56 1340 1
56 1022 1
56 1373 1
56 397 1
630 1346 1
14 1218 1
14 480 1
543 156 1
543 1017 1
543 1278 1
543 147 1
543 805 1
543 484 1
543 52 1
543 454 1
543 1105 1
1413 420 1
1413 1198 1
16 395 1
16 42 1
16 382 1
16 260 1
16 508 1
16 515 1
16 1005 1
16 516 1
16 166 1
16 686 1
16 400 1
16 1399 1
16 1239 1
16 621 1
16 753 1
16 234 1
16 1004 1
16 1196 1
16 800 1
16 170 1
16 289 1
16 1220 1
244 930 1
244 175 1
244 441 1
244 601 1
244 845 1
244 977 1
244 1443 1
244 1453 1
244 675 1
244 1375 1
244 1190 1
491 87 1
396 887 1
396 1155 1
396 121 1
396 574 1
1379 847 1
824 1295 1
824 706 1
824 489 1
824 941 1
824 499 1
824 242 1
824 834 1
896 230 1
896 149 1
896 1287 1
793 1149 1
1289 1033 1
1060 653 1
1060 999 1
274 356 1
1300 939 1
1300 1383 1
1126 1013 1
1126 1087 1
1126 17 1
1126 466 1
1126 1334 1
1126 1445 1
1126 291 1
1126 221 1
1126 966 1
1126 224 1
1126 110 1
1126 45 1
1131 293 1
1131 1134 1
1131 1459 1
1131 989 1
1131 1429 1
1131 281 1
1131 1071 1
1131 965 1
1131 1311 1
757 1175 1
1305 326 1
1003 1165 1
710 1208 1
1256 1440 1
1256 553 1
1256 38 1
1256 561 1
307 272 1
307 1396 1
307 1085 1
307 518 1
307 635 1
307 1355 1
307 525 1
307 786 1
570 504 1
570 1461 1
570 992 1
570 717 1
570 321 1
570 162 1
570 649 1
1083 526 1
692 640 1
798 597 1
798 790 1
408 961 1
1225 611 1
1225 7 1
1225 13 1
1415 808 1
704 78 1
869 1316 1
1423 495 1
1423 361 1
1423 113 1
668 1227 1
617 367 1
617 764 1
617 1128 1
617 393 1
617 24 1
617 927 1
617 725 1
617 75 1
618 760 1
618 66 1
932 418 1
1416 1304 1
549 646 1
549 1391 1
292 871 1
292 1038 1
1349 714 1
1349 910 1
1349 1065 1
32 996 1
32 1389 1
32 150 1
32 333 1
674 270 1
674 262 1
674 374 1
674 924 1
674 1222 1
674 862 1
674 774 1
674 1114 1
1110 512 1
1110 1386 1
1110 22 1
1110 968 1
1110 922 1
1110 68 1
636 945 1
636 625 1
995 433 1
995 831 1
1381 190 1
859 445 1
917 730 1
1127 90 1
183 410 1
350 1324 1
245 1195 1
245 1087 1
245 74 1
245 1363 1
756 1202 1
756 1085 1
756 635 1
756 1145 1
756 792 1
756 319 1
478 1074 1
478 875 1
478 557 1
478 443 1
478 1286 1
872 105 1
872 1104 1
1339 900 1
205 552 1
205 1328 1
205 1169 1
475 1185 1
475 20 1
931 1261 1
931 1182 1
891 781 1
891 358 1
891 178 1
891 434 1
891 158 1
891 1387 1
891 1335 1
891 198 1
891 97 1
891 1186 1
891 376 1
891 71 1
891 991 1
891 946 1
610 1153 1
610 1121 1
610 680 1
788 429 1
788 456 1
1452 63 1
1069 1378 1
1439 584 1
334 509 1
334 423 1
907 565 1
402 141 1
453 277 1
453 715 1
453 1199 1
453 1400 1
453 23 1
453 1354 1
145 117 1
145 1192 1
145 1168 1
145 840 1
145 1317 1
34 329 1
34 782 1
34 892 1
34 253 1
34 94 1
34 586 1
34 1281 1
351 1249 1
351 1189 1
446 795 1
446 1426 1
446 41 1
446 1238 1
446 785 1
446 637 1
1129 1406 1
56 513 1
543 519 1
543 1007 1
543 593 1
16 215 1
824 731 1
1060 929 1
1137 891 1
67 668 1
67 427 1
67 415 1
91 409 1
91 82 1
1130 710 1
305 1118 1
189 475 1
1372 1109 1
982 647 1
347 1103 1
341 53 1
79 1054 1
830 369 1
830 1343 1
1093 156 1
806 1077 1
1444 276 1
594 619 1
591 32 1
632 205 1
1285 183 1
791 145 1
880 292 1
1142 1024 1
881 534 1
86 236 1
359 392 1
569 1379 1
986 907 1
1016 1002 1
823 1191 1
780 222 1
422 1267 1
1418 202 1
745 1245 1
978 1460 1
936 473 1
588 801 1
1260 544 1
218 1126 1
89 1416 1
827 498 1
685 446 1
1265 307 1
108 147 1
701 1256 1
701 1292 1
182 442 1
1251 955 1
536 1439 1
6 932 1
1056 1356 1
119 751 1
1170 995 1
1241 315 1
287 320 1
629 463 1
120 688 1
269 274 1
1242 1110 1
681 195 1
357 602 1
524 217 1
909 2 1
411 169 1
1008 798 1
988 1031 1
469 310 1
469 226 1
813 788 1
1035 554 1
794 931 1
1273 501 1
27 34 1
1394 1380 1
898 674 1
419 696 1
55 570 1
76 1083 1
1441 1274 1
1332 1048 1
748 532 1
264 729 1
959 824 1
703 244 1
278 983 1
133 1205 1
817 656 1
474 606 1
455 1163 1
723 56 1
127 1131 1
362 942 1
271 363 1
1272 787 1
439 1225 1
1023 598 1
231 716 1
5 1127 1
850 1070 1
980 704 1
555 741 1
313 1264 1
72 677 1
1164 60 1
1000 153 1
948 406 1
399 1055 1
1092 1381 1
404 81 1
1051 1410 1
388 338 1
280 872 1
587 1452 1
1424 1115 1
206 1215 1
694 294 1
743 914 1
671 1366 1
