781 21 1
77 415 1
77 703 1
77 723 1
77 502 1
77 557 1
77 597 1
208 910 1
648 98 1
648 708 1
648 189 1
148 70 1
740 739 1
740 651 1
740 734 1
740 257 1
740 387 1
740 794 1
740 49 1
740 572 1
740 347 1
357 565 1
762 129 1
762 204 1
762 345 1
762 68 1
762 80 1
762 743 1
762 429 1
762 667 1
762 178 1
385 176 1
410 267 1
534 43 1
534 249 1
534 529 1
534 228 1
534 133 1
534 273 1
534 839 1
500 484 1
500 698 1
500 519 1
500 383 1
500 275 1
500 380 1
799 404 1
799 891 1
441 231 1
441 427 1
441 807 1
441 788 1
441 223 1
441 731 1
441 113 1
441 9 1
441 520 1
441 791 1
441 871 1
441 46 1
441 556 1
441 700 1
441 755 1
1 721 1
1 834 1
320 463 1
320 59 1
589 417 1
589 285 1
589 815 1
589 303 1
616 117 1
859 607 1
216 740 1
489 538 1
122 202 1
122 465 1
122 372 1
324 654 1
847 286 1
725 336 1
638 468 1
85 320 1
85 616 1
85 531 1
85 832 1
85 442 1
85 505 1
85 87 1
85 128 1
85 118 1
85 384 1
85 750 1
85 680 1
85 712 1
85 785 1
85 878 1
872 276 1
388 371 1
388 211 1
388 619 1
453 81 1
453 735 1
453 470 1
472 208 1
472 209 1
472 258 1
472 116 1
146 458 1
389 185 1
389 132 1
704 168 1
651 395 1
651 786 1
651 747 1
651 294 1
651 332 1
651 25 1
651 487 1
651 279 1
651 3 1
651 12 1
651 820 1
307 694 1
307 199 1
841 613 1
27 602 1
776 33 1
769 326 1
877 613 1
639 316 1
639 449 1
53 634 1
53 50 1
53 880 1
53 250 1
53 325 1
53 906 1
53 142 1
53 908 1
53 379 1
53 707 1
53 464 1
53 75 1
53 181 1
447 300 1
447 757 1
447 337 1
447 212 1
447 528 1
447 106 1
447 459 1
447 576 1
447 418 1
447 768 1
581 826 1
376 350 1
376 103 1
376 829 1
376 678 1
421 536 1
592 313 1
579 205 1
215 149 1
215 16 1
215 236 1
263 200 1
263 567 1
263 308 1
902 578 1
902 818 1
902 88 1
902 583 1
37 40 1
346 738 1
246 153 1
83 159 1
83 473 1
152 162 1
152 510 1
152 430 1
152 270 1
152 683 1
152 376 1
152 375 1
152 902 1
152 220 1
152 479 1
152 52 1
152 188 1
152 603 1
152 866 1
152 719 1
152 351 1
152 287 1
152 321 1
152 99 1
152 504 1
152 252 1
152 15 1
152 193 1
152 20 1
152 585 1
152 566 1
495 750 1
214 58 1
374 792 1
294 820 1
102 714 1
378 44 1
378 311 1
200 885 1
200 509 1
200 523 1
200 365 1
200 342 1
200 626 1
200 381 1
200 594 1
200 692 1
200 840 1
200 17 1
200 749 1
200 904 1
200 627 1
662 677 1
662 398 1
662 404 1
662 709 1
79 590 1
615 604 1
62 137 1
62 773 1
691 496 1
134 86 1
134 444 1
134 111 1
134 358 1
134 764 1
134 851 1
134 353 1
134 896 1
134 144 1
466 679 1
466 469 1
466 423 1
466 608 1
382 89 1
154 689 1
190 884 1
190 5 1
190 586 1
190 810 1
761 742 1
238 420 1
238 30 1
348 740 1
176 83 1
95 110 1
95 460 1
107 143 1
645 830 1
645 550 1
645 905 1
323 500 1
310 288 1
310 867 1
310 852 1
310 591 1
310 624 1
310 717 1
310 706 1
310 272 1
310 22 1
310 570 1
310 751 1
310 702 1
310 440 1
109 825 1
109 612 1
109 7 1
109 517 1
109 165 1
109 179 1
109 407 1
227 804 1
668 765 1
668 131 1
668 64 1
668 90 1
668 521 1
668 625 1
668 434 1
130 511 1
899 289 1
907 163 1
907 530 1
907 278 1
907 355 1
188 302 1
183 19 1
183 61 1
183 875 1
183 656 1
183 895 1
183 161 1
183 14 1
183 549 1
183 172 1
865 74 1
203 96 1
203 73 1
203 360 1
203 475 1
203 668 1
203 299 1
203 485 1
203 171 1
203 593 1
254 297 1
812 856 1
812 101 1
812 330 1
812 506 1
812 394 1
812 758 1
812 114 1
471 542 1
471 385 1
471 126 1
471 589 1
471 247 1
471 845 1
471 639 1
471 432 1
471 869 1
471 564 1
471 361 1
471 582 1
471 864 1
471 304 1
471 253 1
471 836 1
471 271 1
471 451 1
471 670 1
471 56 1
471 537 1
312 548 1
795 145 1
719 770 1
719 874 1
719 45 1
719 151 1
719 221 1
719 688 1
719 664 1
719 366 1
719 405 1
719 112 1
719 617 1
60 659 1
60 182 1
60 816 1
314 682 1
253 736 1
253 726 1
253 84 1
253 824 1
253 217 1
253 574 1
253 443 1
253 622 1
253 480 1
264 437 1
239 175 1
635 408 1
356 560 1
259 883 1
607 108 1
607 370 1
607 399 1
607 636 1
607 400 1
607 48 1
607 255 1
607 887 1
607 243 1
607 547 1
607 331 1
607 177 1
879 166 1
879 540 1
879 91 1
879 753 1
836 51 1
302 71 1
516 604 1
561 446 1
577 8 1
551 610 1
366 819 1
366 424 1
533 890 1
47 282 1
47 92 1
47 476 1
47 742 1
543 573 1
486 72 1
486 620 1
486 426 1
486 338 1
599 229 1
599 660 1
599 292 1
599 490 1
842 752 1
219 729 1
377 535 1
642 28 1
483 435 1
483 705 1
483 574 1
99 782 1
99 396 1
156 1 1
156 775 1
156 203 1
156 196 1
720 141 1
720 373 1
720 499 1
720 54 1
720 403 1
720 94 1
720 849 1
720 39 1
720 309 1
720 545 1
720 29 1
720 454 1
23 512 1
23 657 1
23 686 1
712 553 1
712 739 1
712 31 1
712 575 1
712 903 1
712 745 1
712 727 1
712 882 1
712 60 1
712 724 1
712 491 1
712 100 1
712 436 1
712 674 1
524 802 1
164 413 1
504 158 1
504 831 1
504 69 1
504 862 1
504 467 1
504 296 1
120 710 1
493 769 1
197 640 1
416 207 1
653 614 1
809 140 1
525 280 1
248 354 1
248 779 1
248 754 1
248 853 1
248 559 1
248 226 1
248 711 1
248 552 1
248 422 1
248 135 1
248 722 1
248 352 1
364 790 1
702 173 1
702 673 1
702 18 1
702 121 1
702 579 1
702 802 1
702 643 1
702 897 1
702 746 1
702 425 1
702 685 1
702 155 1
702 741 1
522 240 1
482 693 1
402 334 1
155 368 1
155 886 1
670 69 1
670 676 1
474 339 1
766 246 1
317 367 1
621 797 1
663 584 1
36 240 1
541 455 1
308 433 1
308 507 1
308 445 1
308 439 1
308 333 1
308 492 1
308 665 1
308 351 1
308 268 1
753 684 1
753 406 1
753 412 1
753 104 1
753 438 1
753 637 1
753 633 1
753 605 1
753 777 1
753 97 1
753 513 1
753 281 1
753 265 1
753 194 1
753 881 1
753 687 1
771 223 1
298 669 1
298 290 1
298 501 1
298 461 1
298 893 1
763 174 1
763 322 1
763 274 1
763 138 1
763 105 1
763 580 1
730 210 1
319 295 1
35 649 1
66 532 1
222 695 1
740 748 1
762 198 1
500 772 1
500 127 1
500 232 1
500 119 1
500 169 1
441 341 1
441 817 1
441 497 1
320 860 1
320 850 1
589 6 1
589 343 1
589 800 1
85 718 1
85 82 1
85 494 1
85 780 1
85 889 1
85 456 1
85 733 1
651 861 1
639 606 1
53 13 1
53 855 1
53 305 1
579 301 1
346 611 1
152 409 1
152 544 1
152 411 1
152 623 1
152 201 1
176 160 1
95 796 1
95 778 1
95 632 1
107 57 1
115 569 1
310 508 1
907 587 1
907 562 1
183 558 1
203 195 1
471 488 1
60 600 1
253 774 1
253 793 1
253 462 1
253 503 1
607 93 1
607 843 1
879 837 1
302 393 1
599 539 1
599 631 1
842 237 1
842 900 1
842 218 1
842 628 1
842 241 1
842 901 1
720 266 1
720 833 1
720 124 1
720 363 1
23 390 1
23 568 1
23 803 1
712 139 1
712 242 1
248 646 1
702 41 1
702 397 1
702 827 1
179 696 1
179 838 1
753 844 1
753 260 1
298 898 1
306 391 1
283 647 1
283 219 1
230 728 1
230 335 1
870 206 1
681 26 1
2 720 1
822 697 1
598 863 1
595 806 1
244 234 1
481 666 1
699 808 1
814 187 1
414 223 1
277 471 1
571 857 1
123 3 1
315 662 1
269 77 1
269 310 1
262 42 1
157 907 1
629 38 1
452 329 1
644 472 1
245 346 1
224 763 1
65 689 1
191 386 1
618 661 1
618 873 1
554 392 1
150 122 1
658 23 1
261 466 1
894 85 1
125 868 1
340 148 1
716 50 1
652 787 1
213 78 1
34 107 1
478 67 1
24 401 1
671 225 1
675 306 1
888 441 1
10 534 1
10 298 1
369 486 1
546 609 1
601 53 1
601 109 1
713 295 1
641 180 1
555 784 1
515 599 1
291 909 1
63 248 1
448 715 1
359 152 1
588 645 1
854 404 1
737 167 1
327 147 1
327 349 1
318 879 1
450 762 1
823 821 1
596 419 1
846 848 1
527 783 1
701 76 1
805 32 1
650 192 1
477 801 1
256 813 1
563 284 1
630 134 1
760 828 1
892 756 1
759 812 1
293 858 1
184 789 1
690 233 1
690 655 1
251 95 1
170 799 1
514 864 1
11 842 1
526 798 1
876 215 1
672 518 1
344 115 1
186 428 1
4 742 1
457 431 1
811 648 1
328 447 1
835 324 1
732 238 1
362 183 1
767 712 1
136 498 1
55 744 1
235 453 1
