201 195 1
201 28 1
165 371 1
165 313 1
165 140 1
399 391 1
275 72 1
275 178 1
275 396 1
275 53 1
148 352 1
383 255 1
383 231 1
244 355 1
244 193 1
422 391 1
422 48 1
258 409 1
119 442 1
295 110 1
89 316 1
288 245 1
288 38 1
288 281 1
288 182 1
288 447 1
59 259 1
59 112 1
59 159 1
59 10 1
59 124 1
59 50 1
59 115 1
395 401 1
197 274 1
283 410 1
283 37 1
283 217 1
283 408 1
283 403 1
14 3 1
14 41 1
14 166 1
14 344 1
448 260 1
400 332 1
285 407 1
285 8 1
285 78 1
285 372 1
285 420 1
55 393 1
68 251 1
257 337 1
257 387 1
257 130 1
257 146 1
257 33 1
257 362 1
257 377 1
257 434 1
257 17 1
257 270 1
202 94 1
202 20 1
202 181 1
202 246 1
202 67 1
202 111 1
381 342 1
340 231 1
117 93 1
291 394 1
78 280 1
78 416 1
443 75 1
73 100 1
42 252 1
42 179 1
42 221 1
42 347 1
42 150 1
42 326 1
42 333 1
42 198 1
42 411 1
42 299 1
42 435 1
42 325 1
42 188 1
42 204 1
42 84 1
42 428 1
167 413 1
18 107 1
18 16 1
18 138 1
18 345 1
18 370 1
18 82 1
18 113 1
18 247 1
18 40 1
18 118 1
18 373 1
18 22 1
18 32 1
18 63 1
18 134 1
242 224 1
324 126 1
106 317 1
254 312 1
284 108 1
284 338 1
273 114 1
273 121 1
273 220 1
273 391 1
273 29 1
273 51 1
273 187 1
273 177 1
180 147 1
180 104 1
180 218 1
180 243 1
180 339 1
180 432 1
180 200 1
180 116 1
406 316 1
320 352 1
320 133 1
320 69 1
320 46 1
5 131 1
353 276 1
141 338 1
79 390 1
79 154 1
79 398 1
328 205 1
170 431 1
429 206 1
429 426 1
336 142 1
336 289 1
336 172 1
336 293 1
137 364 1
137 125 1
137 436 1
137 208 1
137 45 1
278 101 1
278 25 1
2 222 1
2 384 1
2 376 1
378 68 1
100 437 1
100 158 1
100 238 1
100 234 1
350 108 1
164 129 1
164 61 1
164 417 1
164 305 1
164 184 1
164 151 1
419 323 1
323 203 1
323 120 1
323 357 1
323 234 1
304 278 1
85 130 1
374 422 1
374 263 1
374 35 1
374 91 1
83 214 1
335 96 1
335 52 1
265 275 1
265 186 1
265 76 1
265 137 1
265 335 1
265 70 1
265 47 1
307 290 1
307 311 1
307 192 1
307 397 1
307 127 1
152 334 1
262 300 1
192 302 1
192 366 1
382 165 1
386 297 1
238 97 1
238 56 1
238 210 1
238 359 1
238 199 1
238 330 1
238 185 1
238 404 1
238 418 1
238 292 1
238 161 1
238 215 1
321 322 1
80 393 1
397 180 1
397 336 1
280 249 1
280 348 1
280 381 1
280 65 1
90 19 1
363 43 1
250 102 1
250 309 1
250 122 1
250 11 1
250 143 1
250 351 1
250 123 1
250 331 1
250 36 1
296 195 1
70 103 1
70 155 1
169 95 1
317 441 1
317 266 1
317 423 1
12 431 1
81 274 1
175 265 1
240 286 1
54 34 1
211 358 1
165 15 1
252 329 1
288 105 1
288 368 1
288 287 1
288 271 1
288 98 1
59 209 1
59 349 1
59 6 1
59 207 1
59 440 1
179 385 1
285 213 1
285 308 1
159 223 1
257 60 1
257 298 1
257 168 1
257 62 1
202 160 1
42 216 1
42 367 1
42 360 1
42 388 1
18 27 1
18 230 1
18 354 1
18 4 1
320 356 1
320 365 1
320 446 1
278 229 1
164 209 1
164 439 1
164 13 1
374 86 1
265 239 1
265 327 1
265 163 1
307 303 1
307 39 1
307 415 1
238 341 1
250 227 1
317 444 1
317 153 1
248 264 1
248 421 1
414 294 1
149 164 1
219 379 1
219 18 1
219 301 1
49 288 1
49 202 1
369 90 1
318 445 1
233 248 1
109 57 1
74 92 1
74 190 1
228 79 1
392 58 1
315 7 1
236 283 1
145 44 1
380 194 1
430 64 1
162 306 1
375 250 1
26 285 1
196 173 1
310 279 1
136 226 1
253 85 1
176 267 1
277 235 1
139 232 1
174 268 1
424 261 1
427 307 1
71 335 1
156 237 1
272 438 1
132 77 1
189 59 1
191 87 1
183 320 1
346 316 1
1 9 1
135 425 1
99 348 1
31 88 1
171 225 1
361 241 1
66 42 1
389 374 1
144 30 1
412 257 1
412 24 1
23 317 1
256 405 1
269 128 1
212 273 1
314 319 1
282 343 1
157 21 1
433 402 1
