5093 4839 1
364 636 1
364 5602 1
364 4690 1
364 531 1
364 2547 1
364 3924 1
364 4969 1
364 5476 1
364 600 1
364 2077 1
364 3690 1
364 2099 1
364 2016 1
364 5332 1
5517 5169 1
3870 1896 1
2489 1409 1
1008 5619 1
146 4180 1
146 2720 1
146 3649 1
146 2161 1
146 299 1
146 4588 1
146 734 1
146 4272 1
146 1299 1
146 2888 1
146 2365 1
146 360 1
146 4023 1
146 1956 1
146 1325 1
146 2763 1
146 3173 1
146 4435 1
146 626 1
4727 893 1
4727 4894 1
4727 5591 1
1434 5024 1
2422 3578 1
2422 3401 1
2422 2807 1
745 3921 1
745 1129 1
745 17 1
745 5489 1
745 1269 1
2292 3342 1
2683 1298 1
2683 4837 1
1590 3397 1
1590 4821 1
1590 2051 1
1590 413 1
1590 1511 1
1590 2840 1
1590 2349 1
1590 5057 1
1590 3103 1
1590 2107 1
1590 1188 1
1590 2355 1
1590 4182 1
1590 4299 1
2042 4009 1
2042 2887 1
2042 1755 1
2042 3884 1
2042 4425 1
2042 3516 1
1872 1684 1
4251 3487 1
4251 5230 1
3634 4994 1
3930 3416 1
3999 4345 1
3999 778 1
4171 4550 1
4119 3223 1
4270 1446 1
2478 2671 1
2069 4694 1
2069 748 1
2069 1156 1
2069 4879 1
2069 2690 1
2069 1654 1
2069 170 1
5530 2187 1
1908 5573 1
3502 2158 1
2870 5738 1
2870 4964 1
2870 3379 1
2870 336 1
2870 1802 1
2870 2970 1
2870 5494 1
2870 750 1
2870 2288 1
2870 4567 1
2870 320 1
2870 788 1
2870 3369 1
2870 2395 1
2870 3681 1
2870 807 1
2870 639 1
2870 2954 1
2870 2874 1
2870 454 1
2870 5574 1
2870 3266 1
1963 3981 1
3663 1472 1
5407 852 1
4423 4919 1
2264 1233 1
3904 846 1
3799 3547 1
3799 298 1
3799 3040 1
3799 1108 1
3799 5388 1
3799 4785 1
3799 2221 1
3799 4957 1
3799 4620 1
3799 2556 1
3799 3586 1
3799 2703 1
5607 3620 1
5607 2159 1
5607 3891 1
5607 3132 1
5607 4263 1
3985 1785 1
5178 1942 1
5178 1951 1
5178 4715 1
5178 3406 1
5178 5084 1
5178 5300 1
5178 1089 1
5178 3476 1
5178 3321 1
5178 12 1
5178 5080 1
5178 645 1
5178 1260 1
5178 2925 1
5178 202 1
5178 3653 1
5178 3137 1
5178 930 1
5178 1478 1
5178 282 1
5178 3879 1
5178 729 1
5178 3336 1
5178 5539 1
5178 676 1
5178 4618 1
5178 2501 1
5178 3717 1
5178 2324 1
5178 406 1
5178 2756 1
5178 3423 1
5178 500 1
5178 936 1
5178 756 1
5178 4079 1
5178 4460 1
5178 2704 1
5178 5003 1
5178 4621 1
5178 5424 1
5178 4772 1
5178 4241 1
5178 3072 1
5178 2710 1
5178 684 1
5178 2899 1
5178 3892 1
5178 1449 1
5178 4205 1
5178 3065 1
5178 5677 1
5178 3317 1
5178 1455 1
5178 5458 1
5178 2408 1
5178 5639 1
5178 5229 1
5178 4104 1
5178 1278 1
5178 5215 1
5178 781 1
5178 4341 1
5178 3820 1
5178 2932 1
5178 3082 1
5178 3162 1
5178 1783 1
5178 227 1
5178 5302 1
5178 3292 1
5178 5339 1
5178 2073 1
5178 1639 1
5178 2285 1
5178 4985 1
5178 3013 1
5178 5544 1
5178 1801 1
5178 3062 1
5178 1764 1
5178 3391 1
5178 2231 1
5178 2855 1
5178 4120 1
5178 1018 1
5178 3867 1
5180 3545 1
5060 2082 1
938 4827 1
4159 2740 1
4510 3761 1
4510 4277 1
4510 93 1
4510 4491 1
4510 231 1
4510 1751 1
4510 5379 1
4590 3031 1
4590 3157 1
4590 4713 1
3520 478 1
1200 3047 1
3144 1763 1
3144 3366 1
822 3019 1
120 4766 1
120 1595 1
120 1507 1
723 2560 1
596 5346 1
379 3223 1
5168 4099 1
5168 4663 1
5168 1745 1
1451 43 1
2957 579 1
1546 4164 1
1546 1203 1
693 4532 1
652 4866 1
652 4045 1
652 1844 1
652 3042 1
652 1333 1
652 4110 1
652 2094 1
1314 696 1
1314 4070 1
1314 2771 1
1314 653 1
1314 5397 1
1314 4419 1
1314 590 1
1314 1581 1
4955 5498 1
4955 593 1
4955 4493 1
3304 3105 1
1400 1442 1
4374 5428 1
4374 1293 1
4374 122 1
3477 3087 1
2789 3935 1
2789 772 1
2789 2113 1
2789 3764 1
2789 2663 1
2789 5437 1
2789 806 1
2789 5266 1
2789 1526 1
2789 3863 1
2789 2463 1
2789 5385 1
2789 5706 1
2789 810 1
2789 5680 1
2789 1009 1
2789 2407 1
2789 840 1
5175 5366 1
5175 3533 1
5175 2200 1
5175 2565 1
5175 5576 1
5175 4308 1
5175 2101 1
5175 1690 1
5175 3250 1
5175 3202 1
5175 184 1
5175 1536 1
5175 1137 1
5175 4514 1
5175 3911 1
1189 4988 1
5167 2948 1
1125 1848 1
3084 5618 1
656 259 1
656 4457 1
656 5081 1
656 3808 1
656 1897 1
656 5700 1
656 1215 1
656 5518 1
4587 3797 1
4384 3332 1
3823 2971 1
1849 2388 1
3348 5442 1
4417 2064 1
5324 3528 1
2605 1538 1
2605 901 1
218 416 1
4315 5364 1
4009 2553 1
5024 160 1
5024 4910 1
5024 201 1
5024 3685 1
5024 145 1
5024 4743 1
5024 5231 1
5024 5066 1
5024 3745 1
5024 323 1
1881 5281 1
1881 2697 1
279 4027 1
5702 1772 1
448 2442 1
792 556 1
792 5475 1
792 2851 1
792 1184 1
792 5636 1
792 3789 1
792 3754 1
792 3998 1
792 5483 1
4643 3793 1
1227 148 1
971 5158 1
971 1062 1
2819 933 1
5067 268 1
3592 1023 1
3592 3883 1
1820 3634 1
3435 3916 1
5091 1464 1
3028 4819 1
2829 3508 1
2829 2418 1
2829 502 1
2829 5146 1
2829 4707 1
2829 2972 1
2829 3469 1
2829 2363 1
2829 2137 1
2829 5292 1
2829 2947 1
2083 1336 1
2083 5033 1
2083 1667 1
2083 4090 1
2083 1625 1
2083 4456 1
2083 5454 1
2083 606 1
2083 139 1
2083 5162 1
3837 5496 1
2610 602 1
2610 1340 1
2610 2705 1
2610 910 1
2783 5642 1
2980 1379 1
3199 248 1
3451 4051 1
3451 1413 1
1894 4200 1
769 4981 1
5357 11 1
5357 3385 1
5357 3753 1
5357 1313 1
5357 940 1
5357 3850 1
5357 5023 1
5357 2548 1
5357 5704 1
5357 2785 1
5357 942 1
5357 496 1
5357 2168 1
5357 3645 1
5357 2199 1
5357 1416 1
5357 5176 1
5357 2405 1
5357 845 1
5357 4732 1
5357 834 1
5357 2124 1
5357 1096 1
5357 2026 1
5357 5665 1
5357 754 1
5569 1286 1
5569 260 1
4066 3747 1
4066 367 1
4066 980 1
4066 4332 1
87 3229 1
87 4397 1
87 96 1
87 610 1
87 2426 1
87 4068 1
87 3002 1
87 4220 1
87 4342 1
87 1984 1
87 1161 1
87 647 1
87 1693 1
87 976 1
87 2800 1
87 5481 1
87 624 1
87 860 1
1614 2146 1
1614 5647 1
1614 2329 1
1614 3678 1
5365 3461 1
232 5280 1
787 1105 1
1152 3293 1
4814 2390 1
4814 2019 1
4814 4569 1
4814 573 1
4814 1895 1
4814 1012 1
4814 4670 1
4814 2951 1
4814 2993 1
4814 199 1
3319 418 1
3957 340 1
820 1088 1
820 4706 1
4642 247 1
4853 4652 1
2579 4085 1
2579 5607 1
2579 1314 1
2579 4217 1
2579 1960 1
2579 1388 1
2579 4565 1
2579 3915 1
2579 3208 1
2579 200 1
2579 4580 1
2579 835 1
2579 797 1
2579 3305 1
760 4685 1
760 4516 1
760 3100 1
760 4836 1
760 4235 1
1479 3517 1
173 1772 1
4644 4876 1
4644 1444 1
4644 558 1
4644 4216 1
4644 4537 1
4644 4275 1
4644 5697 1
4644 4619 1
4644 1407 1
4644 4386 1
4644 1100 1
4644 2499 1
4644 4802 1
4644 4147 1
4644 1850 1
4644 3133 1
4644 36 1
4644 3577 1
4644 943 1
4644 3443 1
4644 476 1
4644 1118 1
4644 4778 1
4644 2289 1
4644 1384 1
4644 5493 1
4644 5645 1
4644 1204 1
4644 2685 1
3060 1266 1
1504 4123 1
2165 1354 1
4500 1155 1
4094 891 1
5039 1104 1
5039 4476 1
5039 5461 1
5039 4940 1
5039 1426 1
5039 2941 1
3785 804 1
3785 3439 1
3785 4993 1
3785 2110 1
2216 1816 1
2567 981 1
2477 2549 1
914 1288 1
4541 1588 1
4541 3230 1
1063 4911 1
2999 5587 1
2999 2148 1
2999 614 1
1617 1499 1
5149 3264 1
5149 654 1
423 194 1
423 2614 1
423 5513 1
423 1265 1
423 3792 1
423 3392 1
423 4838 1
423 4889 1
423 439 1
423 3709 1
423 2032 1
423 5085 1
423 962 1
5731 273 1
5731 1732 1
5731 5208 1
2979 116 1
4128 4492 1
3993 2836 1
3993 4046 1
3993 309 1
3993 1046 1
3993 411 1
3993 3626 1
3993 5506 1
3993 2372 1
3993 2152 1
2767 4575 1
2767 3845 1
2767 1004 1
2767 346 1
503 2411 1
503 675 1
503 2604 1
503 5274 1
503 2111 1
503 714 1
503 4572 1
503 3107 1
503 3419 1
4 2431 1
4 5244 1
4 344 1
204 5044 1
758 4852 1
758 2474 1
2050 1652 1
2707 4021 1
2707 2588 1
2707 3511 1
852 4381 1
852 3831 1
852 4913 1
852 115 1
852 3254 1
852 3076 1
852 907 1
852 759 1
852 1042 1
852 5674 1
852 1181 1
852 5163 1
852 4032 1
852 3081 1
1886 1789 1
1886 2526 1
2762 3979 1
2886 3459 1
2886 5638 1
2886 5721 1
2886 262 1
1918 2421 1
3970 4522 1
319 1757 1
5235 1821 1
2297 5059 1
2651 4242 1
2651 4300 1
2651 5648 1
3716 3802 1
3716 3698 1
43 2370 1
43 1166 1
1938 266 1
5412 4633 1
5170 805 1
3625 2397 1
3625 5474 1
3351 3078 1
3271 2320 1
3271 1202 1
772 957 1
772 711 1
5499 3940 1
5499 591 1
5499 5213 1
5499 4028 1
5499 869 1
5499 827 1
5499 461 1
5499 2658 1
5499 1043 1
4358 1515 1
1831 1165 1
1913 3987 1
1913 2582 1
1913 4008 1
1285 5076 1
1285 1320 1
1285 2045 1
1285 1708 1
1285 4450 1
1285 1473 1
1285 2455 1
743 870 1
948 2729 1
948 5402 1
948 4512 1
948 5325 1
948 4593 1
948 1256 1
948 4328 1
948 485 1
948 5733 1
948 1922 1
948 4780 1
948 3781 1
948 1819 1
1318 3252 1
1318 5536 1
5541 1992 1
5200 3334 1
5200 712 1
5200 3490 1
3335 4828 1
3335 5218 1
3335 1610 1
3335 939 1
3335 1356 1
3335 1452 1
3335 391 1
3335 5186 1
3335 586 1
3335 854 1
3335 3325 1
3335 264 1
3335 4897 1
3335 3093 1
3335 4623 1
3335 1628 1
3335 5710 1
3335 4224 1
4668 457 1
4668 5101 1
4668 1593 1
4668 1390 1
4668 4609 1
4668 4203 1
4668 5563 1
4668 2072 1
4668 3306 1
4668 4036 1
4668 2212 1
4668 3174 1
3876 4126 1
3594 2495 1
4212 2684 1
2132 4635 1
5051 4905 1
5051 5046 1
5051 5128 1
5051 2623 1
5668 233 1
2522 1675 1
5312 2177 1
5312 5305 1
3118 1939 1
4034 2683 1
4034 1716 1
4034 3819 1
4034 2881 1
4034 1510 1
5469 3512 1
3958 2444 1
3958 4420 1
3958 4039 1
3682 4982 1
3635 5217 1
5029 513 1
5676 1460 1
2476 5558 1
2352 4344 1
3954 1465 1
3954 921 1
3954 3192 1
3954 1635 1
3954 1028 1
3954 4035 1
57 5688 1
57 3431 1
57 5327 1
2746 4769 1
2284 3744 1
2284 4266 1
2284 2457 1
2284 105 1
2284 2401 1
2284 2416 1
2284 3325 1
2284 1840 1
2284 305 1
2284 1257 1
2284 5679 1
2284 2193 1
2284 967 1
1935 1498 1
1935 4875 1
1935 2441 1
1935 1482 1
1935 4336 1
1935 3352 1
1935 3686 1
1935 3639 1
1935 2995 1
1935 2276 1
1935 2018 1
1935 1042 1
1935 2236 1
1935 865 1
2192 2602 1
1481 4403 1
2500 2982 1
1250 571 1
1250 2328 1
1250 604 1
1250 2217 1
1250 517 1
1250 5548 1
1250 2799 1
1250 4015 1
1250 5463 1
1250 2580 1
1250 5129 1
1250 3701 1
1250 3281 1
642 461 1
2113 5531 1
2113 1655 1
2113 4606 1
2113 4918 1
2113 2035 1
2113 4416 1
1255 3590 1
1328 4645 1
3101 1195 1
3101 4433 1
3101 124 1
2698 2136 1
2698 721 1
1602 972 1
1602 1649 1
2047 5393 1
1374 5120 1
1345 4082 1
1807 2419 1
1807 1962 1
1807 4855 1
1807 5711 1
1807 1826 1
1807 394 1
1807 720 1
1807 1347 1
1807 1248 1
1807 964 1
1807 381 1
1807 658 1
1807 3003 1
1807 2180 1
1807 5384 1
1807 3881 1
1807 1724 1
1807 4880 1
1807 209 1
1807 4703 1
1807 2737 1
1807 1843 1
1807 4924 1
1807 4131 1
1807 2764 1
1807 757 1
4591 3275 1
4591 4539 1
2209 1571 1
3550 2670 1
1868 5560 1
2689 2384 1
4401 1539 1
5228 5175 1
4916 3821 1
4916 5359 1
4916 4250 1
5187 4857 1
4676 681 1
4676 3094 1
4676 1402 1
1516 4226 1
1808 649 1
1808 254 1
1808 3437 1
1808 2425 1
1808 2728 1
1808 4693 1
1808 3960 1
4037 4628 1
5071 5447 1
5071 671 1
5071 1529 1
5071 4406 1
4364 4389 1
4364 1126 1
4364 5135 1
4162 4998 1
2699 4534 1
5520 1916 1
5520 3803 1
5520 4165 1
5520 2876 1
2400 1792 1
3421 1685 1
3421 2736 1
3421 4287 1
3421 41 1
3421 638 1
3421 3143 1
3421 5260 1
3421 5299 1
3421 377 1
5022 2067 1
878 318 1
3508 433 1
3508 5018 1
3508 1111 1
3508 4678 1
3285 3495 1
5728 4896 1
399 4497 1
399 3324 1
399 1668 1
399 1010 1
399 5026 1
1860 2358 1
4268 4932 1
774 363 1
2893 432 1
2893 697 1
2893 937 1
2893 5434 1
2893 776 1
2893 2228 1
2893 5740 1
2893 4058 1
2893 5742 1
2893 186 1
2893 229 1
2893 414 1
283 132 1
283 223 1
283 3880 1
3050 2589 1
3050 1349 1
3050 183 1
3050 1931 1
3050 5345 1
3050 1476 1
1393 3660 1
4995 670 1
4995 2701 1
4995 2694 1
4995 5296 1
4995 2935 1
4995 4765 1
4995 126 1
5156 1207 1
5156 2218 1
3413 2989 1
3320 5330 1
3320 4057 1
3320 4006 1
3320 5289 1
3320 3889 1
3320 4374 1
3320 4669 1
3320 1049 1
3320 4814 1
3320 2805 1
3320 4941 1
3320 5524 1
3320 5660 1
3320 3196 1
3320 3644 1
3320 5471 1
3320 3363 1
3320 1375 1
3320 2569 1
3320 1051 1
3320 2961 1
3320 3505 1
3320 1101 1
3320 3588 1
3320 3219 1
3320 4483 1
3320 3092 1
3320 3052 1
3320 4847 1
3320 3008 1
3320 1650 1
3320 1068 1
3320 2901 1
3320 3564 1
3320 2380 1
3320 1753 1
3320 5316 1
3320 1312 1
3320 138 1
3320 4555 1
3320 5184 1
3320 1594 1
3320 4962 1
3320 2175 1
3320 4408 1
3320 69 1
3320 3991 1
3320 1236 1
3320 3613 1
4350 4489 1
4469 1559 1
4469 763 1
4469 1081 1
4469 652 1
4469 5030 1
4469 4431 1
4469 2238 1
4469 3197 1
4469 3554 1
4469 4831 1
4469 2214 1
4469 1272 1
4469 219 1
4469 3762 1
4469 3739 1
4469 4167 1
4469 4629 1
4469 2766 1
4469 1700 1
4469 2930 1
4469 3595 1
4469 489 1
4469 2808 1
4280 2613 1
4280 4001 1
4280 2749 1
4280 2587 1
4280 5734 1
4280 5255 1
4280 4527 1
2179 951 1
2179 3445 1
5078 3959 1
3543 1433 1
3543 4791 1
3543 4365 1
3543 161 1
3543 2858 1
3543 808 1
3543 5303 1
3543 3572 1
3543 882 1
2578 1431 1
2578 4804 1
2578 3616 1
2578 1341 1
3618 1366 1
3695 2078 1
5173 5621 1
607 811 1
5433 2566 1
5433 5304 1
5433 3023 1
5433 4760 1
5433 3115 1
5433 3345 1
5433 1424 1
5433 4611 1
5433 4218 1
5433 4194 1
5433 4132 1
5433 4161 1
5433 445 1
5433 4757 1
5433 2661 1
5433 4125 1
5433 3472 1
5433 3358 1
4190 2568 1
2847 2812 1
2847 1109 1
2847 3059 1
2847 4193 1
2847 3598 1
2847 3603 1
2847 3784 1
2847 4454 1
307 285 1
2631 1094 1
595 3387 1
595 2196 1
4127 3346 1
5025 785 1
5673 650 1
3420 1464 1
348 5197 1
5654 1710 1
2918 2575 1
735 1174 1
2331 2253 1
5110 364 1
5110 3491 1
5110 2042 1
5110 256 1
5110 3580 1
5110 2596 1
5110 1080 1
5110 1881 1
5110 5497 1
5110 3466 1
5110 5357 1
5110 1173 1
5110 1932 1
5110 1484 1
5110 2865 1
5110 5374 1
5110 3167 1
5110 694 1
5110 1779 1
5110 1535 1
5110 5247 1
5110 306 1
5110 700 1
5110 1841 1
5110 2626 1
5110 2286 1
5110 3200 1
5110 1541 1
5110 2335 1
5110 2394 1
5110 4523 1
5110 2340 1
5110 905 1
5110 1862 1
5110 5310 1
5110 5083 1
5110 3652 1
5110 2490 1
5110 3009 1
5110 3636 1
5110 2996 1
5110 1909 1
5110 4177 1
5110 2922 1
5110 4909 1
5110 4387 1
5110 3518 1
5110 350 1
5110 2525 1
5110 672 1
5110 2293 1
1316 61 1
3664 2649 1
4010 3164 1
5338 3967 1
387 4171 1
4536 3509 1
4536 3101 1
4536 3841 1
388 2022 1
2420 5034 1
3519 995 1
1114 68 1
3349 5198 1
34 2353 1
3828 390 1
3828 4926 1
3828 1171 1
4905 941 1
4905 4011 1
4905 5712 1
2251 1697 1
3665 4837 1
2191 1022 1
708 1209 1
4337 2065 1
4337 2472 1
4337 4437 1
5616 1698 1
5616 2629 1
5616 744 1
3245 2281 1
1212 2883 1
5638 1208 1
5638 4854 1
5638 464 1
5638 2576 1
5638 1705 1
5638 1688 1
5638 2337 1
5638 2377 1
5046 5655 1
5046 3704 1
861 2070 1
861 716 1
861 3539 1
3177 3152 1
3624 1136 1
3624 5123 1
742 3089 1
3584 968 1
1565 557 1
4295 1285 1
4295 4265 1
4295 678 1
4295 5027 1
4295 2413 1
4295 38 1
4295 294 1
4295 349 1
326 272 1
326 2462 1
326 492 1
326 2806 1
326 1235 1
326 1147 1
4336 5623 1
4336 3773 1
4336 3355 1
4336 2037 1
4336 463 1
4336 3510 1
4336 129 1
4336 490 1
3959 4846 1
3959 5108 1
3959 4324 1
3959 1567 1
3959 5309 1
3959 4585 1
3959 1279 1
3959 1742 1
3959 2674 1
3959 1017 1
3959 4498 1
3959 5708 1
3959 3433 1
3295 1905 1
3295 3404 1
3295 2300 1
3295 5124 1
3295 4212 1
3295 90 1
3295 3054 1
3295 2367 1
3295 784 1
3295 3677 1
3295 4862 1
3295 4298 1
3295 5201 1
3295 2794 1
3295 1281 1
3295 3010 1
3295 989 1
3295 5525 1
3295 5658 1
3295 2470 1
3295 5074 1
3295 1092 1
3295 3806 1
3295 3190 1
2981 1082 1
2981 109 1
5369 1549 1
3478 2825 1
3478 3314 1
306 736 1
306 1784 1
306 401 1
306 2700 1
306 1855 1
4881 32 1
2088 5399 1
5334 737 1
2070 352 1
2070 4243 1
2070 405 1
2070 1727 1
2070 83 1
2070 2551 1
2070 4972 1
2070 1692 1
2070 3775 1
2070 4334 1
2070 4185 1
2070 3311 1
2070 2692 1
2070 2382 1
2070 2802 1
2070 3158 1
2070 5360 1
3614 4191 1
5729 2586 1
1887 5745 1
1887 3672 1
1887 5624 1
18 1500 1
1337 3456 1
1337 7 1
1337 3907 1
1337 3694 1
1337 4198 1
1337 2759 1
1337 2145 1
960 799 1
960 1735 1
960 5155 1
960 4518 1
960 4624 1
960 5605 1
960 684 1
960 4178 1
960 2942 1
960 3973 1
960 3612 1
960 4613 1
960 261 1
960 2897 1
700 3581 1
700 4672 1
700 3271 1
700 1928 1
700 5653 1
700 3098 1
700 889 1
700 4595 1
700 1037 1
700 1759 1
700 5503 1
700 4422 1
700 1385 1
700 5467 1
700 3012 1
700 539 1
700 4863 1
700 3049 1
700 2282 1
700 2262 1
2484 1456 1
3241 4055 1
3241 4071 1
152 4727 1
4100 2226 1
1587 2048 1
5053 758 1
5484 760 1
5484 5227 1
5484 3434 1
5484 3501 1
5484 3655 1
5484 801 1
4761 5132 1
4761 2727 1
4761 2129 1
4377 5410 1
3718 3339 1
5661 5460 1
3182 107 1
3182 3705 1
2383 4648 1
2383 1323 1
2383 2380 1
2383 5428 1
1567 220 1
1567 589 1
5064 727 1
5064 2275 1
5064 2765 1
4142 3939 1
4142 3920 1
4142 2682 1
4311 5279 1
5031 3150 1
1845 2891 1
5456 881 1
2250 5356 1
2250 2475 1
2250 3725 1
4271 359 1
36 5536 1
2432 5361 1
2432 2488 1
1496 515 1
427 2322 1
427 22 1
4259 5113 1
3505 3112 1
3505 2985 1
3110 894 1
3110 244 1
2033 3240 1
2033 3750 1
2327 5523 1
2327 1344 1
2327 2398 1
2327 4044 1
2314 3917 1
1867 3726 1
2796 1952 1
2796 3869 1
2796 64 1
2796 1503 1
2796 3976 1
2796 2889 1
2796 4092 1
2796 4173 1
2796 4626 1
2796 5438 1
1981 4446 1
4329 4510 1
3452 1445 1
3452 3030 1
1456 2811 1
1456 4822 1
1456 4392 1
1456 3066 1
1747 1015 1
1747 3982 1
1747 2167 1
1747 2748 1
746 4113 1
44 2998 1
44 2515 1
44 3138 1
44 5214 1
44 66 1
44 4562 1
44 3700 1
44 1933 1
44 1474 1
44 3409 1
44 1232 1
44 634 1
44 4239 1
44 3834 1
44 1582 1
44 949 1
44 1901 1
44 4289 1
117 3818 1
127 4390 1
5618 1200 1
5618 4746 1
5618 4000 1
4749 486 1
4749 5019 1
4749 3222 1
4749 3828 1
4749 2098 1
4749 2859 1
4749 2656 1
4749 4525 1
4749 4641 1
4749 1453 1
4749 2272 1
4749 3846 1
4749 2898 1
4749 3971 1
4749 5734 1
4749 277 1
4749 4745 1
4749 5285 1
497 2279 1
497 5542 1
497 3922 1
3301 5554 1
3301 1353 1
3301 5269 1
2343 4458 1
885 3900 1
4975 562 1
4975 154 1
1097 2020 1
1097 5477 1
2919 215 1
1715 3441 1
4385 816 1
5146 2245 1
5146 4888 1
4297 3493 1
4297 2338 1
1604 5501 1
1604 5049 1
1604 2777 1
1604 5553 1
1604 2679 1
1604 2757 1
1604 1794 1
1604 4228 1
1604 2782 1
1604 1670 1
1604 3783 1
1604 4382 1
1604 2578 1
1604 1729 1
1604 1970 1
1604 3085 1
1604 4773 1
1604 3689 1
1604 3847 1
1604 2404 1
1604 3029 1
1604 4482 1
1604 3429 1
1604 3897 1
1604 2637 1
1604 1038 1
1604 2775 1
1604 252 1
1604 242 1
1604 5589 1
1604 541 1
1604 1380 1
1604 1252 1
1604 1047 1
1604 4908 1
1604 1563 1
1604 1726 1
1604 3872 1
1604 5320 1
1604 5043 1
1604 3279 1
1604 3278 1
1604 4116 1
1604 3035 1
1604 635 1
1604 1011 1
1604 5414 1
1604 4065 1
1604 3139 1
1604 2074 1
1604 2131 1
1604 1777 1
1604 628 1
1324 1316 1
669 4163 1
533 5086 1
4145 2545 1
4917 2638 1
4999 2038 1
1432 2202 1
1432 113 1
2466 4447 1
2466 1315 1
2859 1144 1
2859 4056 1
2859 3591 1
2859 1744 1
2859 4558 1
2859 1280 1
2859 1296 1
4252 4697 1
4471 2330 1
4471 1812 1
4471 4949 1
4471 2800 1
2248 2510 1
1329 110 1
5249 1291 1
4696 4679 1
4864 641 1
3440 4336 1
2626 5561 1
2626 3041 1
2626 4989 1
2626 701 1
3756 4373 1
1445 4024 1
2524 1322 1
5568 1014 1
2934 4823 1
2934 3227 1
2934 3680 1
2934 1059 1
2934 2336 1
2934 511 1
2934 2709 1
2934 2838 1
2934 1423 1
2934 5000 1
2934 1076 1
2934 873 1
2934 5386 1
3228 1223 1
1259 960 1
300 632 1
4810 3810 1
3866 1723 1
5266 1833 1
5266 1099 1
5266 3938 1
5266 1718 1
5266 3885 1
5266 1822 1
5266 4016 1
5266 3159 1
5266 2791 1
5266 10 1
5266 163 1
5266 4570 1
2142 4105 1
1373 3428 1
1373 2512 1
1373 2437 1
1373 2255 1
1373 3640 1
784 2325 1
784 2309 1
784 4391 1
784 1626 1
784 583 1
784 3446 1
784 2852 1
4714 2239 1
3699 4927 1
3699 4109 1
3699 5246 1
3699 3474 1
3699 5690 1
3699 5136 1
4353 1630 1
147 2929 1
3299 5538 1
4950 859 1
3032 1806 1
2482 2023 1
118 1551 1
118 396 1
118 3602 1
118 3530 1
118 5633 1
118 4708 1
118 269 1
118 4961 1
118 3004 1
118 544 1
118 5189 1
118 695 1
118 524 1
118 3308 1
2907 1289 1
4053 1774 1
5452 189 1
5452 5669 1
5452 1071 1
5452 3480 1
5452 4321 1
5452 374 1
5452 1107 1
5452 2369 1
5452 2287 1
5452 5444 1
5452 5013 1
5452 5470 1
5452 4338 1
5452 4914 1
5452 3769 1
5452 4577 1
5452 5037 1
5452 3848 1
5452 2108 1
5452 4406 1
5452 1230 1
5452 2841 1
3609 2306 1
3609 5620 1
3609 2723 1
1358 2607 1
3759 1398 1
3759 5630 1
3759 2621 1
3759 499 1
3759 3589 1
3759 2402 1
4156 691 1
4156 3488 1
3481 1056 1
3481 4330 1
570 5436 1
570 1194 1
1294 4510 1
2317 2315 1
3226 353 1
303 280 1
303 4528 1
3200 3077 1
3200 2511 1
3200 1596 1
3200 167 1
3200 3833 1
3200 4681 1
3200 20 1
3200 2826 1
3200 3914 1
3200 5295 1
3200 3403 1
3200 3328 1
3200 5381 1
3200 63 1
3200 1246 1
3200 4187 1
3200 4282 1
3200 1116 1
3200 1061 1
3200 2438 1
3200 611 1
3200 4059 1
3200 3284 1
3200 5657 1
3200 5161 1
3200 1575 1
3200 4278 1
3200 3531 1
3200 5716 1
3200 4487 1
3061 3109 1
3686 5307 1
5325 800 1
5325 3988 1
5325 5390 1
5325 2743 1
5325 655 1
380 1662 1
2234 5695 1
2041 1672 1
2041 341 1
1681 216 1
1681 3114 1
1681 1660 1
1681 2797 1
1681 3015 1
1681 4877 1
1343 1835 1
1343 3067 1
1343 2834 1
1343 673 1
1343 2895 1
1343 2505 1
1343 5233 1
1319 2249 1
1319 2845 1
3669 3212 1
3621 4390 1
4700 1069 1
5641 4997 1
5125 2813 1
5125 1892 1
5125 4529 1
5125 4653 1
5125 884 1
3918 1162 1
3918 886 1
3918 1696 1
3918 4141 1
5056 4478 1
1026 521 1
1026 1355 1
2866 5052 1
2389 2447 1
2389 520 1
2389 3168 1
2389 566 1
2389 927 1
2389 4820 1
2389 1154 1
2389 1003 1
2389 3928 1
5427 1620 1
537 1851 1
537 3673 1
537 2453 1
470 2471 1
476 1146 1
476 3862 1
1027 4295 1
1027 4749 1
1027 5238 1
4616 1852 1
1197 2049 1
2295 3711 1
3942 1120 1
3942 3972 1
4934 5185 1
4934 5543 1
1636 82 1
2713 4676 1
4593 1222 1
4593 2928 1
4593 3257 1
4593 5535 1
4593 1805 1
4593 608 1
4593 4608 1
4593 1689 1
4092 4313 1
4545 4230 1
2273 2198 1
2433 4042 1
1206 959 1
1206 2283 1
3255 4473 1
1157 5038 1
1157 977 1
1157 4281 1
1157 3096 1
1157 1517 1
1157 3494 1
1157 1791 1
1157 2867 1
1157 5145 1
1157 1371 1
1157 4861 1
1157 2166 1
1577 222 1
4410 4213 1
4410 4955 1
4410 728 1
4410 176 1
4410 2399 1
4410 3802 1
4410 817 1
4410 2204 1
4410 5652 1
4410 1048 1
4410 4660 1
3256 564 1
453 3631 1
267 4768 1
5028 4395 1
337 1743 1
3465 5400 1
3219 2376 1
3219 2304 1
3219 2673 1
3804 1210 1
3804 2618 1
4617 508 1
4617 4142 1
4617 3424 1
4617 2577 1
4617 4958 1
4617 5565 1
4617 4371 1
4617 1121 1
4617 5012 1
4617 1810 1
4617 2537 1
4617 3448 1
4617 2469 1
4617 4347 1
4617 1543 1
4617 4986 1
4617 1817 1
4617 4041 1
1803 877 1
2440 990 1
2356 5526 1
4351 3313 1
1662 2513 1
1662 522 1
1662 156 1
5090 2624 1
874 4815 1
874 598 1
874 3579 1
874 699 1
874 5693 1
874 2149 1
874 4654 1
874 549 1
874 2946 1
874 16 1
874 848 1
874 2672 1
874 4519 1
1985 1110 1
2394 605 1
3558 295 1
3558 3121 1
3558 3593 1
3558 2822 1
3558 5719 1
3558 5567 1
3558 2005 1
3558 2894 1
3558 3582 1
3558 5715 1
4976 2902 1
4976 3949 1
4976 2057 1
4976 4560 1
3647 1397 1
3647 4309 1
3647 612 1
3647 825 1
3647 2652 1
3647 1112 1
3647 4135 1
3647 2333 1
3647 2644 1
3647 2984 1
3647 4445 1
3647 2467 1
3647 1644 1
3647 5191 1
3647 5510 1
3647 2942 1
3647 514 1
3647 896 1
657 1586 1
657 477 1
657 1975 1
657 1622 1
657 2724 1
657 1818 1
657 3136 1
3575 1853 1
3605 3484 1
4499 1170 1
2639 2342 1
2342 4692 1
2342 472 1
898 4549 1
3929 2527 1
1904 1691 1
3043 5491 1
4236 206 1
4236 809 1
4236 3766 1
1131 3347 1
1568 3622 1
2060 535 1
5604 338 1
1087 3086 1
2021 2409 1
1982 5317 1
1982 2846 1
1982 2294 1
872 3568 1
677 4586 1
5691 4604 1
342 3748 1
1686 1532 1
727 1275 1
2029 916 1
2983 2434 1
841 4719 1
2755 3933 1
1743 3454 1
1743 4716 1
1743 5363 1
1743 2531 1
1743 1926 1
1743 4149 1
1743 4624 1
1743 4860 1
1743 3145 1
1743 375 1
1743 3237 1
1743 2538 1
1743 3968 1
1743 975 1
1743 2188 1
1743 1795 1
1743 172 1
1743 4841 1
868 1778 1
868 3291 1
868 327 1
868 1179 1
868 4273 1
868 1609 1
868 3567 1
868 3146 1
501 250 1
501 2267 1
395 5187 1
395 4650 1
395 5220 1
395 1495 1
395 3952 1
395 3371 1
395 297 1
395 2205 1
395 4375 1
101 4987 1
2702 2712 1
2702 366 1
2702 3367 1
2702 4943 1
2702 2157 1
2702 31 1
2702 4424 1
2702 4948 1
2702 3522 1
2702 3464 1
2702 104 1
2702 5725 1
2702 4284 1
2702 1875 1
2702 5106 1
2702 900 1
2299 2747 1
3948 257 1
3948 2044 1
3948 1065 1
3948 1955 1
3948 1411 1
3948 1813 1
3948 4172 1
3330 5328 1
3330 2906 1
518 3442 1
518 1199 1
3735 4017 1
3090 3044 1
3090 5245 1
3090 4357 1
3090 3853 1
3090 2066 1
3090 3527 1
3090 3248 1
3090 1914 1
3090 1602 1
3090 1117 1
3090 3498 1
3090 5529 1
3090 3460 1
3090 4634 1
3090 2518 1
3090 1006 1
3090 2820 1
3090 1846 1
3090 679 1
3090 1342 1
3090 1352 1
3090 1519 1
3090 4947 1
3090 400 1
3090 1736 1
3090 2830 1
3090 135 1
3090 3053 1
3090 506 1
3090 162 1
3090 1562 1
3090 1677 1
3090 3258 1
3090 547 1
3090 5323 1
3090 3544 1
3090 1415 1
3090 28 1
3090 2632 1
3090 1811 1
3090 1240 1
3090 2956 1
3090 2714 1
3090 4349 1
3090 1369 1
3090 1361 1
3090 440 1
3090 3160 1
3090 3170 1
2544 3131 1
2544 2593 1
2544 823 1
2544 883 1
2544 2608 1
2544 1902 1
2544 3169 1
2544 5047 1
2544 4370 1
2544 3574 1
2544 1040 1
2544 1378 1
108 4735 1
108 1242 1
905 4183 1
5301 3468 1
5301 4559 1
5301 425 1
5301 5139 1
5301 5585 1
5301 4915 1
5301 1140 1
5301 919 1
5301 3890 1
5301 5010 1
5301 1153 1
5301 1461 1
5301 3646 1
5301 2334 1
5301 3932 1
5301 3354 1
5301 4596 1
5301 4787 1
3095 1550 1
2570 3361 1
1862 4699 1
1862 2654 1
1862 3026 1
1862 4833 1
1862 4310 1
1862 2385 1
1862 3374 1
1862 2497 1
1862 23 1
1862 4923 1
1862 4666 1
1862 1564 1
1862 3894 1
2492 5224 1
5348 3668 1
5348 930 1
510 4574 1
3368 1077 1
3368 3710 1
3368 4762 1
3368 2893 1
3368 2598 1
3368 4921 1
3368 2818 1
542 3566 1
1562 3193 1
1562 1182 1
1562 842 1
1562 3016 1
1562 1084 1
3780 1391 1
3780 3654 1
3780 4337 1
3780 5632 1
3780 4506 1
3780 644 1
3780 1373 1
3780 2087 1
3780 2921 1
3780 5254 1
3780 5313 1
3780 2135 1
3780 5392 1
3780 1167 1
3780 5130 1
3780 2000 1
3780 5219 1
3780 555 1
3780 4477 1
3780 1253 1
1548 2973 1
1548 3541 1
3086 4956 1
5690 3904 1
5690 4129 1
5690 4996 1
5690 437 1
5690 4470 1
5690 3974 1
5690 2536 1
5690 3262 1
5690 4327 1
1520 1619 1
3234 430 1
2461 2824 1
3676 4134 1
4579 2254 1
4579 2417 1
4579 3485 1
4579 4150 1
4579 296 1
4579 447 1
4579 2116 1
4579 1103 1
4579 3856 1
4579 54 1
4579 4201 1
4579 2326 1
4579 4054 1
4549 4816 1
4549 1491 1
4549 838 1
4549 5610 1
4549 2540 1
4549 4553 1
4549 560 1
4549 1930 1
4549 1130 1
5310 3364 1
5310 2880 1
5310 5545 1
5310 88 1
5310 3417 1
5310 47 1
5310 4047 1
5310 5205 1
5310 5439 1
5310 4974 1
5310 2949 1
5310 946 1
5310 1907 1
5310 89 1
5310 1150 1
5310 1909 1
5310 2498 1
5310 4695 1
5310 2485 1
419 1961 1
419 5371 1
5041 473 1
5041 123 1
5041 2222 1
5041 212 1
5041 1441 1
5041 3659 1
5041 4348 1
5041 1459 1
5041 203 1
5041 4240 1
5041 3524 1
3381 4199 1
2675 5440 1
2675 1311 1
5220 3247 1
5220 2089 1
5220 4087 1
5220 1788 1
5220 1769 1
5220 5011 1
5220 1969 1
5220 4834 1
5220 3969 1
5220 308 1
5220 3178 1
5220 1523 1
5220 5562 1
4494 4571 1
5354 2148 1
3444 2339 1
3444 3941 1
4894 664 1
5345 4401 1
5345 5054 1
5345 5409 1
5345 1363 1
5345 961 1
5345 2383 1
5345 1329 1
5345 997 1
5345 2900 1
5345 1600 1
5345 2406 1
5345 2494 1
5345 725 1
1273 1382 1
2987 3068 1
2040 786 1
2040 2742 1
2040 663 1
932 1640 1
1854 2458 1
1854 325 1
1854 704 1
1854 686 1
1854 2843 1
1854 5134 1
1854 4561 1
1854 27 1
1854 1911 1
1854 1976 1
1854 5006 1
1854 5435 1
1854 4843 1
1854 1237 1
3265 1982 1
4721 4249 1
2207 1966 1
2207 5025 1
2207 4222 1
2207 3102 1
2529 868 1
5380 291 1
5649 828 1
5649 3925 1
5649 5111 1
5649 1158 1
5649 2133 1
5649 24 1
1605 2381 1
1605 1244 1
1605 5445 1
1605 5631 1
1605 2940 1
1605 1075 1
1605 2735 1
1605 3438 1
2012 963 1
198 3382 1
198 46 1
1702 215 1
4842 3188 1
49 4346 1
49 4722 1
49 2210 1
49 3543 1
49 2311 1
49 314 1
49 4004 1
49 1733 1
49 5724 1
49 4413 1
4098 4727 1
2443 446 1
2443 3643 1
458 2904 1
4646 102 1
1243 424 1
5105 5126 1
5105 3017 1
5105 343 1
5105 3381 1
5105 3788 1
1306 3535 1
1476 5315 1
1476 278 1
1476 2573 1
1476 5723 1
1476 2396 1
1476 1673 1
1476 2924 1
1476 5507 1
1476 4411 1
1476 4937 1
1476 4206 1
1476 1032 1
1476 657 1
1476 847 1
1476 5291 1
1476 1186 1
1476 234 1
1476 1773 1
1476 1217 1
1476 4112 1
1476 2731 1
1476 4005 1
1476 4688 1
1476 1307 1
1476 5275 1
1476 4508 1
1995 2422 1
1995 1455 1
5133 2119 1
2891 2597 1
2891 2052 1
2891 2291 1
2891 1919 1
2891 197 1
2891 4783 1
4797 4427 1
4797 2448 1
4797 2668 1
4797 1854 1
4797 1873 1
4797 3251 1
1741 4322 1
5122 1030 1
5122 2695 1
5122 4576 1
5122 1466 1
5122 3183 1
4438 5222 1
5088 1940 1
4687 4944 1
3263 3719 1
4293 1752 1
4293 2821 1
4293 75 1
4293 376 1
2581 1224 1
2581 151 1
2581 4966 1
2581 909 1
2581 2773 1
2581 2609 1
2581 5672 1
2581 5678 1
2581 2446 1
2581 81 1
2581 1611 1
2581 4361 1
2992 3537 1
2530 2257 1
1014 3842 1
1014 2375 1
2311 3318 1
2311 4925 1
2311 5273 1
2311 1367 1
2278 4832 1
3849 4622 1
3378 507 1
1534 1343 1
1534 474 1
2646 2271 1
2646 2628 1
2646 2857 1
2646 2884 1
2646 5551 1
2646 5152 1
2646 651 1
2646 1601 1
2646 5423 1
2646 3587 1
2646 4928 1
2646 1579 1
2646 1701 1
2646 5283 1
2646 1261 1
2646 3287 1
887 3375 1
3564 393 1
2380 1001 1
2380 5256 1
2380 241 1
2620 4730 1
4844 3005 1
4360 1832 1
4484 4204 1
5465 2170 1
5465 3611 1
5465 3813 1
5465 5694 1
3235 3221 1
2296 2702 1
4227 958 1
4227 5611 1
4227 4502 1
4227 918 1
4227 2643 1
4227 978 1
4227 4764 1
4862 321 1
4851 3871 1
4851 2316 1
4851 4485 1
4851 986 1
4851 3359 1
4851 1924 1
4851 3696 1
4851 2722 1
4851 2176 1
4851 4733 1
4851 738 1
4851 3641 1
4851 2459 1
4851 3376 1
4851 2305 1
4851 4953 1
4851 2302 1
4851 709 1
46 4022 1
46 4081 1
4744 4297 1
4744 2182 1
3492 3860 1
3994 1271 1
290 1091 1
290 2937 1
2989 856 1
2989 1454 1
2989 5073 1
2989 726 1
2989 1876 1
2989 698 1
2989 4702 1
2989 4146 1
580 1619 1
1907 1372 1
5272 5515 1
1943 2677 1
1943 3552 1
1943 3198 1
1943 5103 1
1943 2831 1
1943 53 1
1943 2715 1
1943 3033 1
1943 5035 1
1943 2678 1
1943 2795 1
1943 4883 1
1943 1974 1
1943 284 1
1943 3276 1
1943 2938 1
1943 3141 1
1943 5301 1
1943 5236 1
1943 1020 1
1943 2978 1
1943 4538 1
1943 4452 1
1943 5138 1
1943 3776 1
1943 2147 1
1943 3191 1
1943 4517 1
1943 3186 1
1943 3936 1
1943 2093 1
1922 3411 1
1922 1965 1
1922 1327 1
1922 3261 1
1922 1720 1
1922 4331 1
1922 5625 1
1922 441 1
1922 715 1
1922 5628 1
1922 1002 1
1922 5343 1
1922 1891 1
1922 431 1
5696 2211 1
5696 899 1
5696 5340 1
5696 2591 1
5696 3142 1
5696 2435 1
5696 1678 1
5696 392 1
5696 4019 1
5696 3500 1
5696 5570 1
4548 4412 1
4530 5413 1
4530 5452 1
509 50 1
1629 5514 1
1629 3660 1
4140 192 1
1941 1814 1
3950 479 1
3950 1674 1
3950 2009 1
3950 4223 1
3950 4269 1
3950 572 1
3950 1936 1
3950 80 1
3950 601 1
3950 3824 1
3950 134 1
3950 4258 1
3950 5241 1
3950 2027 1
3950 779 1
3950 4262 1
3950 2139 1
1098 5020 1
1098 585 1
1098 3135 1
1098 1045 1
1098 4578 1
1098 2128 1
1098 1437 1
1098 4197 1
789 2310 1
789 3270 1
535 4507 1
535 3289 1
535 4465 1
535 3216 1
535 4260 1
2827 4594 1
3760 1133 1
3760 3038 1
606 2936 1
606 1888 1
443 3558 1
1879 2532 1
2486 1927 1
2486 2581 1
4466 5092 1
1847 656 1
1847 5200 1
1847 795 1
1847 3699 1
1847 1403 1
1847 3730 1
1847 2646 1
1847 2882 1
4044 3902 1
659 3549 1
4458 2265 1
4458 226 1
4771 2721 1
1746 4257 1
2341 1590 1
2341 1847 1
2341 4283 1
2341 4890 1
3140 523 1
3140 3463 1
3140 2590 1
3140 2126 1
3140 2036 1
3140 188 1
3140 3642 1
3140 153 1
3140 3895 1
3140 2665 1
3140 803 1
3140 3119 1
702 1383 1
702 5268 1
1809 999 1
4777 875 1
4777 1016 1
4830 2561 1
4442 2127 1
187 5469 1
818 2465 1
818 5730 1
818 2574 1
818 402 1
818 707 1
4701 1095 1
4701 3944 1
849 1148 1
849 3656 1
15 4873 1
15 5732 1
2313 4453 1
5432 3461 1
550 4991 1
274 1707 1
4283 4429 1
4283 5457 1
4283 503 1
4283 5612 1
4283 1387 1
4283 3996 1
4283 2752 1
4283 2371 1
4283 4293 1
4283 4931 1
4283 2952 1
4283 5430 1
4283 3097 1
4283 157 1
4283 5352 1
4283 4003 1
2810 3777 1
2810 3171 1
2810 3814 1
2810 5125 1
2810 4366 1
2810 5036 1
2810 2258 1
2182 48 1
625 356 1
904 2809 1
5367 150 1
5367 5204 1
5367 2968 1
5367 289 1
5367 1651 1
1075 4612 1
1075 578 1
1075 2102 1
1075 2967 1
1075 2456 1
2546 2350 1
1216 5417 1
2910 131 1
2910 106 1
2910 5472 1
2910 3755 1
2910 5075 1
2910 3037 1
2910 5588 1
2910 1365 1
2910 3425 1
2910 2718 1
2910 2664 1
2910 4080 1
2910 1542 1
2910 2850 1
2910 4188 1
2910 4782 1
2910 5687 1
2910 3315 1
2910 3027 1
2910 3840 1
2910 4793 1
2910 5077 1
2910 3269 1
2910 2794 1
2910 4935 1
2910 5509 1
2910 1859 1
2910 4556 1
2910 1825 1
2910 730 1
2910 5271 1
3569 4320 1
3569 2043 1
3569 1797 1
3569 4551 1
3569 689 1
3569 1494 1
3569 2100 1
3569 4504 1
2603 1410 1
2603 4388 1
2735 3260 1
3104 5564 1
1033 1711 1
4983 404 1
2879 1288 1
2879 1073 1
2879 1647 1
2879 2053 1
2879 4977 1
3546 3706 1
3765 2105 1
4686 3743 1
4686 1988 1
5115 357 1
5115 456 1
5115 2495 1
225 3188 1
1584 159 1
1584 4307 1
1584 4246 1
1584 245 1
1584 3597 1
4535 3079 1
5577 4225 1
3344 528 1
164 3662 1
164 3630 1
164 2927 1
4086 2539 1
4086 5277 1
4086 1874 1
4086 3239 1
4086 5608 1
4086 2090 1
4086 1429 1
4086 4903 1
4086 5297 1
4086 1447 1
4086 3918 1
4086 3471 1
4086 4474 1
4086 2923 1
4086 4362 1
4086 1572 1
4086 1878 1
4086 1531 1
4086 2969 1
4086 4597 1
4086 5659 1
4086 332 1
4086 2122 1
4086 956 1
4086 1334 1
4086 996 1
4885 731 1
2344 5174 1
2344 1991 1
2344 880 1
4849 879 1
1682 4061 1
1682 620 1
5196 3329 1
5196 1308 1
5196 3405 1
5196 5595 1
5196 4233 1
5196 4851 1
5196 5741 1
5196 4824 1
5196 3206 1
5703 316 1
2929 4087 1
2929 3210 1
3511 1225 1
3511 4865 1
2072 1728 1
3267 3063 1
2768 1661 1
3187 5151 1
667 460 1
2502 3447 1
4167 3536 1
4167 1765 1
4167 2535 1
4167 3822 1
4167 627 1
4167 1211 1
4167 3811 1
3776 3184 1
3776 5168 1
3776 973 1
3776 5415 1
3776 1175 1
3776 2563 1
3776 536 1
3776 2347 1
3776 5557 1
3776 925 1
3776 2473 1
3776 4754 1
3776 370 1
3776 3085 1
3776 4761 1
3776 3356 1
3776 1669 1
3776 4179 1
3776 4936 1
3776 3707 1
3776 4124 1
3776 178 1
3776 4176 1
3776 5487 1
3776 4248 1
3776 2837 1
3776 3684 1
3776 1987 1
3776 1522 1
3776 1245 1
3776 690 1
3776 3316 1
3776 258 1
3776 2650 1
3776 3903 1
3776 1580 1
3776 4091 1
3776 2760 1
3776 1168 1
738 1793 1
3074 237 1
2611 4074 1
1838 824 1
2758 2636 1
5718 1139 1
5718 408 1
5718 4794 1
3286 2554 1
3286 1475 1
3286 1999 1
3469 1078 1
3469 5062 1
3469 2153 1
5525 3404 1
3064 487 1
3064 1747 1
271 5739 1
271 4968 1
271 2224 1
271 2163 1
271 1172 1
2178 1591 1
2178 1780 1
2178 1624 1
2178 987 1
2178 2002 1
2178 3786 1
2178 1828 1
2178 790 1
2178 4234 1
3165 1487 1
3165 1623 1
2014 3449 1
2993 832 1
2993 4196 1
2993 2615 1
2898 5154 1
2898 1616 1
2898 3560 1
2898 3625 1
2898 4808 1
4973 2662 1
4973 3565 1
4973 3905 1
4703 2764 1
1493 5250 1
1493 2361 1
5744 317 1
2010 1971 1
4069 4207 1
5096 1213 1
2659 952 1
5199 1343 1
4060 5257 1
4088 1664 1
4088 4415 1
4088 111 1
4088 1703 1
4088 3127 1
4088 2878 1
4088 420 1
4088 3532 1
4088 4232 1
4088 4807 1
2791 1066 1
4511 2491 1
2542 2875 1
2542 4459 1
2542 5011 1
2542 1969 1
2308 5183 1
5385 2003 1
576 3201 1
576 5364 1
576 2651 1
576 44 1
576 3486 1
576 666 1
576 3277 1
576 2517 1
576 3156 1
576 2708 1
1270 5419 1
1270 125 1
592 5502 1
592 190 1
592 3502 1
592 5234 1
592 5387 1
592 4770 1
592 5148 1
592 3149 1
592 5267 1
592 4599 1
592 2753 1
592 3978 1
592 92 1
592 893 1
592 415 1
592 5473 1
592 239 1
592 4097 1
592 3901 1
592 631 1
592 988 1
592 2871 1
592 4665 1
592 171 1
592 3151 1
592 3647 1
592 1339 1
592 4674 1
592 211 1
592 1368 1
592 4533 1
592 1836 1
592 2958 1
592 5239 1
592 5242 1
592 5705 1
592 3787 1
592 5601 1
592 4323 1
592 4850 1
592 4818 1
592 428 1
592 140 1
592 255 1
592 3838 1
592 3749 1
592 4781 1
592 1205 1
592 4139 1
592 4725 1
592 208 1
592 3083 1
592 5017 1
4653 471 1
365 3675 1
365 1648 1
365 4614 1
365 3458 1
365 2348 1
365 2915 1
5376 3099 1
5376 2261 1
5376 1177 1
5376 4448 1
5376 4752 1
5376 4835 1
5376 73 1
5376 2801 1
5376 2599 1
5376 2790 1
5376 1926 1
5376 4014 1
5376 821 1
5376 3111 1
5376 5287 1
5376 5179 1
5376 4434 1
5376 2208 1
5376 4864 1
5376 1994 1
5376 3350 1
5376 287 1
5376 2164 1
5376 2237 1
5376 4314 1
5376 2134 1
5376 4630 1
5376 3989 1
5376 1483 1
5376 4803 1
5376 1034 1
5376 313 1
5376 1058 1
1828 622 1
1828 4231 1
5145 2 1
2135 3683 1
5150 5603 1
3288 2017 1
3082 3134 1
3082 2710 1
3082 2308 1
3600 1287 1
2509 1506 1
2509 4301 1
3337 4976 1
3337 4443 1
4004 2666 1
4004 2680 1
2427 3055 1
2427 4488 1
733 3859 1
733 4867 1
5143 3398 1
3306 5070 1
778 5646 1
778 532 1
778 3997 1
5579 3790 1
5645 1360 1
5645 1607 1
5645 630 1
5645 4544 1
5645 1440 1
1909 1761 1
1909 4043 1
1909 2156 1
1909 2955 1
1909 1160 1
2939 5649 1
2939 3194 1
1171 4615 1
1171 3627 1
1171 3069 1
1171 5396 1
1171 2185 1
1171 1638 1
169 4318 1
5004 4683 1
1351 2873 1
4061 4656 1
4061 2519 1
4061 2719 1
933 2564 1
933 2640 1
933 3767 1
933 2725 1
2424 3338 1
2424 2693 1
2424 2600 1
2424 4378 1
2424 1007 1
2424 1396 1
2424 3557 1
2424 3977 1
2424 5347 1
2424 1671 1
2424 5114 1
2424 3514 1
2424 3746 1
2424 2617 1
2424 706 1
2424 3300 1
2424 1613 1
2424 5722 1
2424 5212 1
2424 2686 1
2424 2959 1
2424 3394 1
2424 2792 1
2424 1997 1
2424 2235 1
2424 65 1
2424 1925 1
2424 1085 1
2424 3542 1
2424 3637 1
2424 4675 1
2424 2138 1
2424 674 1
2424 4892 1
2424 3116 1
2424 2606 1
2424 1093 1
2424 3034 1
2424 1954 1
2424 5290 1
2424 3457 1
2424 3886 1
2424 1305 1
2424 1796 1
2068 5336 1
2068 3296 1
2068 924 1
2068 3674 1
2068 1251 1
2687 5739 1
2908 853 1
143 2891 1
2393 3729 1
567 4184 1
2738 2953 1
3971 892 1
3971 3007 1
3971 3301 1
3971 2890 1
3971 584 1
3971 1645 1
3971 4763 1
3971 45 1
3971 2962 1
3282 4898 1
3282 3161 1
3282 5683 1
1906 1196 1
1906 3990 1
1906 214 1
992 1149 1
4359 3728 1
4359 791 1
3166 474 1
1193 4186 1
4326 228 1
4326 4717 1
4496 5634 1
1412 286 1
5346 5326 1
5346 850 1
1267 3414 1
3298 4906 1
953 2173 1
1858 2933 1
3386 3402 1
2622 1138 1
1853 2150 1
1853 4705 1
1709 1157 1
1709 702 1
2487 2243 1
2487 4113 1
2487 3022 1
4214 1740 1
755 2832 1
4818 5098 1
4818 1816 1
4799 3217 1
1054 2423 1
5606 365 1
623 5225 1
4581 594 1
2769 1699 1
2769 830 1
3204 2239 1
3204 3565 1
553 3714 1
2508 3864 1
682 739 1
3887 2893 1
3887 2863 1
3643 2186 1
3643 2909 1
3643 2318 1
3643 3534 1
3643 354 1
3643 4887 1
3643 4472 1
3643 5546 1
3643 3218 1
3643 1284 1
3643 2103 1
3643 4026 1
3643 1947 1
3643 4108 1
3643 3812 1
3643 1574 1
3643 1837 1
3643 1321 1
3643 2676 1
3643 796 1
3643 5726 1
3643 1159 1
3643 2681 1
1411 619 1
1411 4050 1
1411 1861 1
1411 1883 1
1411 4376 1
1411 136 1
1411 1920 1
1411 4106 1
1411 5242 1
1411 434 1
1411 5164 1
1411 1889 1
1411 3843 1
1411 3225 1
3548 5596 1
356 5495 1
356 4255 1
356 1771 1
356 1917 1
356 1569 1
356 2754 1
356 5288 1
356 322 1
356 4747 1
356 3327 1
356 4959 1
356 1869 1
356 4160 1
356 333 1
356 4929 1
356 4965 1
356 5598 1
5066 3877 1
5066 5635 1
3532 864 1
3532 1489 1
3532 444 1
837 2997 1
5583 3868 1
5583 515 1
5583 5626 1
286 4405 1
286 4870 1
286 5394 1
286 897 1
286 3688 1
286 4062 1
286 5188 1
286 3213 1
286 378 1
286 5528 1
286 2630 1
286 1135 1
286 302 1
286 1408 1
286 4755 1
286 281 1
286 3370 1
286 2430 1
286 78 1
286 4316 1
286 1882 1
286 3737 1
286 403 1
4731 328 1
1102 3128 1
4166 3375 1
5377 3523 1
5734 4093 1
3961 1623 1
1303 3390 1
902 4247 1
902 25 1
902 3785 1
902 2918 1
902 1887 1
902 312 1
902 1641 1
902 158 1
902 5226 1
902 4711 1
902 4739 1
902 3436 1
902 4340 1
4729 3986 1
4729 5485 1
5450 4290 1
210 2368 1
4521 4727 1
4521 782 1
5670 3817 1
1621 1948 1
1621 1031 1
1621 1929 1
3975 3852 1
255 1377 1
255 766 1
255 1364 1
255 2386 1
3540 4872 1
749 5122 1
133 3905 1
133 1852 1
5378 1277 1
5378 2084 1
2323 230 1
275 1283 1
3340 3410 1
3708 3388 1
4584 2870 1
4584 4237 1
4584 993 1
4584 617 1
4584 662 1
4584 449 1
5251 1556 1
5251 1201 1
5251 4704 1
5251 2842 1
5251 5141 1
5251 4372 1
5251 475 1
5251 185 1
5251 3770 1
5251 33 1
5251 1915 1
5251 668 1
5251 2241 1
5251 5666 1
5251 4209 1
5251 2079 1
1640 1141 1
1640 2907 1
1640 4208 1
5373 5739 1
4286 568 1
4286 3551 1
4286 4114 1
4286 4776 1
4286 616 1
4286 5520 1
4286 2076 1
4286 351 1
4286 5616 1
4286 4912 1
4286 3246 1
4286 2816 1
4286 94 1
4286 3731 1
4286 2106 1
4286 5350 1
3851 3521 1
674 3874 1
674 4285 1
674 1767 1
674 40 1
674 2533 1
674 974 1
782 5089 1
782 2779 1
782 5382 1
782 4812 1
782 1782 1
782 1302 1
782 2092 1
782 1439 1
782 1268 1
782 3657 1
782 4343 1
782 4673 1
782 5486 1
782 637 1
782 3205 1
782 3738 1
782 4631 1
782 4662 1
782 5314 1
782 3964 1
782 4302 1
782 358 1
782 4274 1
782 5584 1
3838 4480 1
3838 4428 1
3838 3149 1
3838 92 1
3838 2958 1
4296 84 1
4383 355 1
2556 4479 1
192 812 1
192 2783 1
192 180 1
192 3430 1
192 3421 1
192 5433 1
192 4101 1
192 5527 1
192 3947 1
192 2033 1
192 4945 1
192 2912 1
192 290 1
192 3140 1
192 818 1
192 2810 1
192 1584 1
192 5512 1
192 3204 1
192 3937 1
192 2521 1
192 2571 1
192 3553 1
192 301 1
192 1399 1
192 2169 1
2095 3108 1
3515 265 1
3515 5040 1
3515 1990 1
3515 2716 1
4301 1106 1
1694 455 1
1694 3825 1
3075 5663 1
3075 4414 1
3075 4319 1
3722 1220 1
2403 3573 1
968 4170 1
968 3189 1
968 1870 1
968 4012 1
968 3713 1
968 3888 1
968 563 1
968 4505 1
968 3720 1
1414 1422 1
5478 5378 1
5699 2558 1
1829 1824 1
1829 2011 1
1829 5594 1
4040 3331 1
5184 703 1
5184 1589 1
5184 1665 1
5184 2877 1
5184 2086 1
5617 84 1
3045 2916 1
1009 1530 1
1009 1470 1
1009 3525 1
1009 1457 1
1009 2814 1
1009 4540 1
1009 5559 1
1009 3829 1
4546 1165 1
5097 2246 1
1233 2460 1
1233 2835 1
1233 3898 1
1233 42 1
1233 2054 1
1233 2160 1
1233 618 1
1233 526 1
1233 2815 1
1233 4219 1
1233 5144 1
1233 1362 1
1233 56 1
1233 5252 1
1233 4899 1
1233 2914 1
1233 2321 1
426 3826 1
426 2223 1
426 4115 1
426 1070 1
426 2741 1
426 4636 1
426 1346 1
426 1452 1
426 5643 1
426 3280 1
426 4490 1
426 97 1
426 4920 1
426 5171 1
426 2550 1
426 5014 1
426 1389 1
426 2796 1
426 4335 1
426 26 1
426 587 1
426 466 1
426 717 1
426 2750 1
426 5629 1
426 1021 1
426 4432 1
426 3025 1
426 3232 1
426 4531 1
426 35 1
426 4698 1
426 175 1
426 3835 1
426 3724 1
426 2733 1
426 5115 1
426 5203 1
426 334 1
426 1335 1
426 3697 1
426 4367 1
426 2171 1
426 5002 1
426 4455 1
426 5190 1
426 3873 1
426 4503 1
426 3919 1
426 2206 1
426 3383 1
426 5194 1
3721 1545 1
762 4276 1
3553 3951 1
3553 335 1
3553 2203 1
3553 221 1
2667 4501 1
3805 5465 1
3805 3006 1
4781 794 1
4781 4168 1
4052 5622 1
4052 2555 1
4052 2118 1
4052 5456 1
4052 2190 1
4052 365 1
4052 5251 1
4052 5032 1
4052 2154 1
459 5422 1
3038 4677 1
3038 1330 1
3038 3479 1
418 5500 1
418 3538 1
418 1218 1
418 4891 1
418 1508 1
418 2097 1
418 1680 1
418 740 1
418 1856 1
418 2109 1
1385 5211 1
1385 1191 1
1013 2641 1
2504 5195 1
2504 4220 1
2504 1615 1
2504 21 1
2504 1450 1
2504 3071 1
2504 687 1
1737 5346 1
963 4202 1
1019 3302 1
1019 648 1
2259 3185 1
3650 3461 1
3995 1 1
3910 4440 1
3910 2366 1
2354 3123 1
2354 2374 1
2354 5597 1
2354 2184 1
2354 934 1
2354 1890 1
2354 2551 1
2354 452 1
2354 283 1
2354 4396 1
2354 2070 1
2354 561 1
2354 4845 1
2354 2862 1
2354 4145 1
2354 2058 1
2354 2220 1
2354 5318 1
2354 5015 1
2354 368 1
2354 819 1
2354 271 1
2354 1448 1
2354 4718 1
2354 9 1
2354 2541 1
2354 3795 1
2354 1145 1
71 4872 1
765 3928 1
4779 2839 1
4779 1263 1
258 1884 1
5219 4651 1
5219 5429 1
5219 1514 1
4347 5364 1
1531 3113 1
5 4930 1
5 775 1
5 1775 1
5 1509 1
5 195 1
5 1912 1
5 2006 1
5 2244 1
5 427 1
5 4075 1
5 1357 1
5 2433 1
5 480 1
5 95 1
5 3243 1
5 1290 1
5724 5276 1
5724 2298 1
112 2230 1
3432 498 1
3432 2784 1
3432 469 1
3432 1143 1
3432 538 1
3432 1376 1
3432 3470 1
3432 3021 1
3432 5552 1
3432 3559 1
3432 1871 1
3432 4801 1
3432 1262 1
3432 3309 1
4368 4221 1
4468 4294 1
4468 1501 1
2412 3927 1
2616 2584 1
5153 74 1
1462 1731 1
2015 2514 1
4413 3865 1
4413 5045 1
4413 4364 1
4413 5662 1
4413 1029 1
4413 3791 1
4413 2392 1
4413 4640 1
4413 4192 1
4738 1657 1
3506 1989 1
3506 1280 1
613 4528 1
2032 4805 1
2032 1074 1
2032 2379 1
2032 2493 1
2926 293 1
4261 5265 1
4261 908 1
4261 5395 1
565 5466 1
911 1039 1
1555 1513 1
1555 2225 1
1555 5614 1
1555 4680 1
1555 5575 1
1555 1910 1
1555 1053 1
1555 3779 1
1555 5370 1
1555 3389 1
1555 4552 1
978 1086 1
978 855 1
1730 4088 1
929 2422 1
929 4682 1
929 1405 1
929 5571 1
929 3295 1
929 4305 1
929 1995 1
929 2991 1
929 1825 1
929 1738 1
301 3596 1
301 5441 1
301 2181 1
301 4758 1
301 771 1
301 1808 1
301 2274 1
301 1406 1
301 5298 1
301 1338 1
301 4736 1
301 5065 1
301 4901 1
301 240 1
301 983 1
301 3224 1
301 4792 1
3956 3238 1
1553 4261 1
1544 3569 1
5069 1443 1
4992 1229 1
330 2798 1
4796 5087 1
4304 3478 1
2776 1301 1
2776 5462 1
3751 3661 1
3751 4938 1
3751 2483 1
3751 5001 1
3751 4874 1
2562 4118 1
2586 4048 1
2586 926 1
2586 5333 1
5698 2360 1
69 3046 1
69 2520 1
69 4878 1
69 3180 1
69 2034 1
69 4649 1
69 4902 1
69 2860 1
69 2346 1
69 3617 1
69 505 1
69 4355 1
69 969 1
69 5398 1
69 5377 1
69 1722 1
69 1462 1
69 2319 1
569 504 1
1787 3752 1
525 1642 1
525 3341 1
525 2378 1
525 705 1
525 2572 1
525 4430 1
525 4244 1
525 1937 1
1944 1781 1
1944 399 1
1944 4280 1
1944 4520 1
1944 3733 1
1944 2207 1
1944 1643 1
1944 5408 1
1944 3075 1
1944 3172 1
1663 5331 1
5355 1404 1
2201 1490 1
288 3555 1
2281 2711 1
2281 2635 1
2281 3155 1
2281 1115 1
2281 5372 1
2281 1304 1
2281 3610 1
2281 2744 1
2281 2196 1
76 3758 1
5532 2301 1
4130 1714 1
4130 1190 1
1738 468 1
1738 99 1
1738 3864 1
1738 4312 1
1738 4983 1
2541 5540 1
2541 2772 1
2541 4175 1
2541 5416 1
2541 4829 1
2541 142 1
2541 1392 1
3426 2847 1
4592 2233 1
3120 2268 1
4020 1418 1
1488 773 1
950 155 1
3687 409 1
3507 815 1
5321 3782 1
5321 3691 1
5448 1893 1
3365 569 1
2688 2645 1
5572 5666 1
4602 5547 1
594 3583 1
594 2986 1
594 4078 1
594 2144 1
594 1192 1
30 3983 1
30 5685 1
30 1445 1
2494 4990 1
3483 1151 1
3483 4726 1
884 5671 1
884 2345 1
884 1557 1
2745 2046 1
1798 5393 1
2121 371 1
165 1301 1
165 5462 1
3006 5449 1
3006 3211 1
3006 3323 1
3006 3696 1
3006 389 1
3006 4871 1
3006 3422 1
3006 2305 1
382 361 1
4443 1000 1
4443 5651 1
1236 3615 1
1236 5160 1
1236 1119 1
1236 2307 1
1236 3906 1
1236 2030 1
1236 3855 1
1236 4856 1
1236 2194 1
3089 2861 1
4291 4095 1
839 5521 1
2625 3212 1
249 3962 1
249 2516 1
249 4942 1
249 5065 1
249 77 1
249 4393 1
249 5534 1
3214 1561 1
5640 3317 1
3206 745 1
3206 1799 1
3206 2136 1
3206 3268 1
3206 3504 1
3206 3576 1
3206 1446 1
3206 4859 1
3206 1005 1
3206 5421 1
3206 233 1
3206 2542 1
3206 304 1
5293 2426 1
5293 4254 1
5293 4464 1
5293 624 1
5556 3571 1
2414 712 1
5017 448 1
5368 2917 1
2793 4467 1
13 3410 1
13 3185 1
1819 438 1
1819 985 1
3412 615 1
3412 979 1
2358 3882 1
725 5127 1
5389 1282 1
5389 4659 1
3457 2507 1
4133 4886 1
3172 858 1
3172 2357 1
3172 5109 1
3172 1471 1
3172 2480 1
3172 982 1
2114 1804 1
2114 177 1
2114 1634 1
2114 98 1
2114 72 1
2114 2247 1
2114 5206 1
2114 5193 1
2114 5713 1
2114 2975 1
2114 5319 1
2114 5322 1
2114 1866 1
2114 2439 1
2114 181 1
3283 4083 1
3283 5142 1
3283 4153 1
4398 5216 1
4398 692 1
442 2452 1
3129 2089 1
1178 577 1
4029 1834 1
1814 2195 1
3088 3176 1
2112 4462 1
2112 1597 1
2112 2059 1
2112 2479 1
2112 4751 1
3911 1164 1
840 4013 1
5232 3801 1
5232 3244 1
2892 947 1
2892 3292 1
4788 4190 1
3453 3473 1
449 928 1
449 2633 1
449 5536 1
449 4267 1
449 3294 1
5615 3651 1
3203 5686 1
5582 251 1
383 1903 1
1964 1231 1
4795 3147 1
4096 843 1
5418 5159 1
207 2332 1
5306 5483 1
3362 1214 1
3362 5684 1
3362 1766 1
3362 2242 1
3362 4495 1
3362 58 1
3362 551 1
3362 2854 1
3362 3800 1
3362 2746 1
3362 5451 1
3362 3073 1
3362 1554 1
3362 2872 1
3362 2853 1
3362 546 1
3362 4655 1
3362 5055 1
3362 29 1
3362 1394 1
3362 984 1
3362 3693 1
3362 5664 1
3362 1142 1
3362 3000 1
3362 5459 1
3362 3253 1
3362 4421 1
3362 2189 1
3362 5492 1
3362 3395 1
1044 2127 1
146 4064 1
4256 1656 1
2422 4394 1
4171 3774 1
2310 3125 1
3799 3736 1
5607 4339 1
5178 5068 1
5178 3272 1
5178 2960 1
5178 3529 1
5178 761 1
5178 2974 1
5178 2162 1
5178 3604 1
5178 5329 1
5178 2008 1
5178 2391 1
5178 4063 1
5178 3377 1
5178 3953 1
5178 4486 1
5178 529 1
5178 5362 1
5178 548 1
5178 4737 1
5178 1958 1
5178 2445 1
5178 4317 1
5178 1163 1
5178 5131 1
120 4709 1
106 1180 1
106 246 1
1314 4720 1
2789 1566 1
2789 2669 1
2789 747 1
2789 741 1
2789 1627 1
2789 2911 1
2789 1585 1
2789 121 1
5175 3024 1
218 4756 1
2083 913 1
2083 2781 1
2083 4563 1
2783 5107 1
5357 1547 1
5357 813 1
5357 5172 1
87 292 1
87 5042 1
87 1977 1
87 3827 1
87 4449 1
87 2994 1
1614 2963 1
1614 3807 1
2579 213 1
4644 3039 1
4644 5353 1
4644 1527 1
4644 4169 1
4644 2848 1
2999 1381 1
2999 1035 1
423 2260 1
423 4689 1
423 4601 1
5731 4712 1
758 5592 1
852 574 1
852 422 1
2886 1226 1
2886 4583 1
3970 3878 1
43 3233 1
3625 3980 1
5499 3875 1
1913 4449 1
1913 14 1
2232 4582 1
1716 3945 1
3933 4557 1
4668 1786 1
4223 2503 1
2284 4038 1
2284 915 1
2284 205 1
2284 3943 1
2284 2761 1
1935 1945 1
2590 3181 1
452 435 1
1807 1497 1
5187 2717 1
5520 991 1
3421 3482 1
4995 2061 1
2418 4002 1
3320 4439 1
3320 3407 1
3320 5480 1
3320 5202 1
3320 1900 1
4469 2945 1
4280 1477 1
2578 5181 1
2578 4970 1
2578 5453 1
4190 5516 1
2847 3014 1
5110 3303 1
5110 3638 1
5704 2351 1
5616 236 1
5616 5637 1
5616 597 1
4090 4154 1
4295 954 1
4295 1979 1
4295 1756 1
326 3489 1
326 1258 1
3295 4598 1
2070 1050 1
2070 3712 1
2070 5349 1
2070 1438 1
1337 970 1
1337 5342 1
1337 688 1
1337 2004 1
960 1800 1
960 1864 1
700 5586 1
700 4211 1
3241 4157 1
2663 5736 1
658 1348 1
1456 1533 1
4749 4292 1
1604 5270 1
1604 1712 1
1604 3913 1
1604 4625 1
1604 4229 1
1604 5464 1
1604 4033 1
1329 1885 1
1329 543 1
1329 2024 1
1329 5100 1
2934 5099 1
3228 2856 1
5266 3633 1
784 141 1
118 5727 1
5452 685 1
5452 2966 1
5452 5735 1
2317 5590 1
3200 661 1
3200 2373 1
5325 5490 1
5325 4067 1
5325 767 1
5325 4407 1
1343 5063 1
2389 5335 1
2389 5613 1
4593 5284 1
1157 3768 1
4410 554 1
1662 1436 1
874 385 1
3647 5165 1
3647 5016 1
3647 1749 1
657 4031 1
4236 467 1
4236 920 1
4236 495 1
4236 2387 1
4236 4215 1
1704 917 1
1743 944 1
1743 3400 1
1743 4181 1
4008 4750 1
395 3723 1
395 5072 1
3090 4436 1
3090 1123 1
3090 603 1
3090 5488 1
3090 2803 1
2544 345 1
5301 2359 1
5301 5337 1
5301 3236 1
5301 1276 1
5301 4734 1
5301 3601 1
1548 1052 1
5690 100 1
5690 5121 1
5690 329 1
5690 372 1
2461 2468 1
2461 5240 1
4549 1570 1
5310 2976 1
5310 315 1
5310 643 1
5310 4607 1
5310 3231 1
5310 1185 1
5220 3832 1
5220 5248 1
5220 1359 1
5220 2429 1
5220 5656 1
5345 5166 1
1854 4671 1
1605 1332 1
2523 5094 1
1476 1959 1
1476 3360 1
1476 1518 1
2581 922 1
2581 3259 1
2581 1274 1
4227 483 1
4227 4238 1
4851 2125 1
4851 1025 1
1943 4025 1
1943 2788 1
5696 4848 1
3950 829 1
3950 1427 1
3950 128 1
2486 5375 1
2486 1576 1
3202 3909 1
4403 4691 1
4283 1659 1
4283 4800 1
2810 114 1
2810 4084 1
2910 235 1
2910 1485 1
2910 1653 1
2910 629 1
2735 1176 1
2735 1865 1
4983 2120 1
4983 5406 1
2879 3153 1
2879 8 1
2879 166 1
2879 2601 1
4086 4742 1
4086 3963 1
4524 386 1
5196 3923 1
2670 4684 1
3511 91 1
4167 903 1
4167 660 1
3776 4664 1
3776 1583 1
1355 890 1
3469 826 1
3469 5116 1
3469 3396 1
5241 373 1
5095 833 1
5095 3648 1
4088 5443 1
2542 3832 1
592 5675 1
592 4933 1
592 3427 1
5376 4825 1
5376 4610 1
5376 2647 1
5376 2706 1
778 1953 1
933 5082 1
2424 3796 1
2424 4589 1
2424 3908 1
2424 4136 1
2068 3857 1
2068 906 1
2738 2312 1
2738 5707 1
450 3757 1
450 3899 1
244 4882 1
1606 4245 1
1606 931 1
1606 4264 1
3643 5689 1
3643 3955 1
3643 1631 1
3643 3126 1
3643 5425 1
3643 4858 1
3643 4573 1
3643 4404 1
1411 1603 1
286 2364 1
902 3209 1
902 1945 1
902 2964 1
902 3399 1
4584 3658 1
4584 2290 1
5251 2028 1
5251 4840 1
1640 3056 1
3838 4409 1
3838 5262 1
192 599 1
192 1986 1
5184 5061 1
1009 121 1
1233 3011 1
1233 1468 1
426 867 1
426 646 1
426 5508 1
426 1950 1
426 1537 1
426 1946 1
426 270 1
426 3274 1
3038 2557 1
2354 2263 1
2354 3893 1
2354 5177 1
2354 4543 1
5 2454 1
5 1425 1
5 1221 1
3432 2528 1
1462 4882 1
5079 588 1
5079 4811 1
5079 4979 1
5079 1968 1
5079 862 1
5079 3117 1
5079 683 1
5079 2096 1
2778 4030 1
2778 238 1
4413 4946 1
182 4661 1
182 2594 1
1555 3794 1
1555 4980 1
1555 2774 1
929 529 1
929 1996 1
929 2944 1
929 5048 1
929 79 1
929 2415 1
929 4418 1
929 1721 1
929 70 1
929 5358 1
929 2653 1
569 4603 1
569 4210 1
2201 512 1
552 4632 1
552 3018 1
552 1309 1
2281 770 1
2281 1637 1
1738 3839 1
1488 2143 1
594 640 1
884 5533 1
884 719 1
884 2219 1
884 3703 1
884 1770 1
884 2751 1
3006 2627 1
1236 1768 1
3194 1679 1
2114 965 1
2114 2730 1
2114 1467 1
2114 1249 1
3772 1064 1
3911 4117 1
3911 2197 1
449 3312 1
449 3207 1
449 5537 1
449 798 1
3886 417 1
3886 3934 1
3886 1949 1
4795 5446 1
4795 866 1
4795 5701 1
4795 3393 1
4795 1815 1
4795 1198 1
3362 2828 1
3362 4007 1
3362 196 1
3362 5209 1
3362 5692 1
3362 3628 1
3362 1739 1
2075 5431 1
2081 5391 1
4963 3799 1
4984 1257 1
484 2269 1
1923 2496 1
4658 2207 1
3175 1310 1
3148 2544 1
2920 3892 1
5008 3670 1
1877 624 1
1300 4920 1
5505 5119 1
4354 3599 1
324 4279 1
945 4513 1
2013 530 1
3740 5731 1
3124 4588 1
4400 5282 1
384 743 1
384 3268 1
384 1704 1
3106 4256 1
3503 4451 1
1401 4637 1
1128 5709 1
3343 5468 1
1395 3408 1
2007 1649 1
3322 1525 1
718 665 1
5522 493 1
1687 5686 1
4111 3333 1
1486 326 1
1612 5237 1
3415 3905 1
582 1317 1
4018 57 1
4018 3220 1
4018 2178 1
2931 3548 1
3896 677 1
4817 3758 1
1072 2270 1
851 3200 1
1292 5351 1
710 3451 1
3727 2933 1
5609 1578 1
5593 1480 1
4904 2732 1
4363 4995 1
2115 3912 1
1124 5251 1
2965 5743 1
2787 5192 1
3475 4735 1
5140 1134 1
2063 1776 1
3080 1706 1
1618 1546 1
1618 118 1
4306 5223 1
3051 5421 1
2913 2229 1
1830 3524 1
1972 3057 1
871 426 1
4107 2213 1
1592 2469 1
2592 1295 1
895 3555 1
1760 4402 1
2657 3854 1
3154 3526 1
1980 2179 1
2844 137 1
51 2596 1
4076 130 1
1695 434 1
1183 4617 1
5580 5499 1
5580 3515 1
2506 5344 1
3734 4775 1
814 4916 1
814 3836 1
1057 4399 1
1899 462 1
494 2227 1
465 1571 1
4102 2778 1
3830 1725 1
311 4103 1
2266 3816 1
4379 190 1
1469 191 1
4564 2950 1
4356 3368 1
5117 2910 1
4137 3162 1
3771 4236 1
2885 423 1
4151 3993 1
1421 5452 1
2449 1661 1
3861 1355 1
2140 2648 1
398 3084 1
3307 2935 1
4089 3177 1
2543 362 1
4148 2481 1
3629 182 1
55 4336 1
4444 3954 1
4444 3320 1
4444 592 1
4444 5058 1
4444 5 1
4138 446 1
3496 5479 1
3496 857 1
3297 1132 1
1083 3205 1
263 2612 1
2172 609 1
5021 4723 1
5137 4441 1
2849 2579 1
3 5005 1
217 793 1
217 4352 1
217 451 1
876 4767 1
347 836 1
339 1698 1
339 1719 1
5007 792 1
168 5615 1
4481 3282 1
4809 395 1
2080 5178 1
2215 3513 1
2786 1762 1
4951 481 1
4951 1239 1
5420 4724 1
966 488 1
2619 4667 1
1857 2354 1
3372 2284 1
1898 120 1
2183 1922 1
1957 1555 1
802 3984 1
5600 1264 1
4515 1934 1
5581 3380 1
1419 2091 1
1419 224 1
1419 1488 1
4073 276 1
3732 1730 1
2734 2069 1
4971 2605 1
4971 2083 1
4971 5105 1
4971 2068 1
5555 369 1
2988 3091 1
4789 2230 1
5667 1560 1
1219 3497 1
4741 4740 1
713 4605 1
3556 1611 1
179 1906 1
4786 5312 1
5264 1758 1
621 1079 1
5549 4066 1
5714 5696 1
1127 4086 1
4798 1337 1
4144 859 1
4461 2999 1
67 5455 1
751 410 1
39 60 1
2280 5278 1
4253 1019 1
2977 5196 1
1608 3335 1
3778 4797 1
1055 923 1
3965 1343 1
1420 4162 1
2896 4753 1
5210 1548 1
1676 3074 1
1241 2943 1
5578 2232 1
3679 2461 1
144 1234 1
912 1512 1
3966 2492 1
2451 4288 1
2141 752 1
5511 2789 1
2256 87 1
5737 935 1
1754 1558 1
3763 3317 1
1790 2934 1
831 2829 1
1326 4570 1
4158 4922 1
1842 215 1
5009 4813 1
407 4779 1
5261 5323 1
3741 1331 1
482 1840 1
534 4638 1
3844 525 1
1435 4579 1
4960 2362 1
2155 3632 1
2595 3585 1
5383 5095 1
1386 497 1
955 1254 1
4806 1254 1
4627 5703 1
2025 3353 1
412 1350 1
1978 3144 1
4072 193 1
559 3563 1
1599 5376 1
86 1024 1
724 1605 1
5147 3751 1
783 3228 1
4826 2523 1
2436 2542 1
4784 1604 1
3122 765 1
491 5207 1
4728 1528 1
1839 239 1
4900 4463 1
19 3242 1
3163 103 1
5294 2130 1
2252 4049 1
2726 5182 1
1632 4380 1
1863 5253 1
5308 1540 1
59 3967 1
1666 3090 1
3326 633 1
4952 2675 1
1750 1913 1
85 3780 1
4748 4542 1
5258 4227 1
1552 3970 1
5259 3666 1
3384 1458 1
5404 1250 1
1993 1683 1
998 2696 1
3562 3310 1
174 2864 1
5341 4587 1
5221 2868 1
1247 4303 1
5426 1807 1
575 4646 1
516 279 1
2001 3241 1
4978 2552 1
2823 5504 1
1067 2117 1
1598 4624 1
5286 3667 1
3273 2424 1
243 2317 1
1717 2903 1
4475 2869 1
3130 2610 1
253 5153 1
5599 5447 1
4547 1907 1
722 844 1
52 1829 1
5720 902 1
1090 1943 1
1090 3950 1
680 4034 1
310 5079 1
5118 4524 1
4895 2738 1
1983 5550 1
3992 3357 1
5681 2655 1
3858 3606 1
3963 1041 1
3946 2261 1
5411 1060 1
3036 4469 1
3058 3190 1
1646 1827 1
429 3048 1
5243 1428 1
2303 1606 1
1122 1734 1
4647 2201 1
519 3362 1
2123 4369 1
4710 4653 1
1297 4907 1
4143 1005 1
5112 149 1
1573 5218 1
2031 2389 1
527 331 1
2739 4225 1
2055 929 1
4639 3450 1
2151 397 1
5311 3570 1
3020 4223 1
1998 2428 1
4568 4426 1
1492 3179 1
4868 5110 1
3619 1430 1
2559 4410 1
2660 2056 1
4325 218 1
3715 4130 1
3931 1370 1
2104 3964 1
1169 540 1
1036 3716 1
3671 3462 1
4189 4795 1
5644 5041 1
1823 275 1
2691 3290 1
4657 1097 1
4509 4799 1
1417 1013 1
4600 2886 1
5717 3455 1
994 3862 1
4195 1502 1
5102 3759 1
1113 4174 1
37 1463 1
3467 1614 1
768 4778 1
3561 5050 1
1973 3284 1
4152 2804 1
2583 5104 1
1187 3461 1
4954 3692 1
2905 4967 1
5482 3772 1
3249 3623 1
2277 4869 1
3815 1707 1
5519 5157 1
3926 3484 1
3608 249 1
1967 4584 1
2071 1318 1
3742 4286 1
732 5097 1
5627 4554 1
1921 2833 1
421 2747 1
3373 62 1
2450 2879 1
3499 863 1
5405 1748 1
2464 888 1
5650 1935 1
3418 5401 1
3702 4939 1
5566 2891 1
3798 2634 1
5403 3001 1
1505 450 1
2039 4566 1
4077 365 1
581 1658 1
780 2817 1
4121 4893 1
3215 3607 1
4333 3432 1
2062 4884 1
119 3809 1
2585 4155 1
1228 1521 1
1713 3887 1
1633 5272 1
3070 5263 1
1880 3876 1
2085 5279 1
5682 2990 1
4759 4668 1
3195 4122 1
1238 2114 1
2534 2486 1
777 3643 1
2410 545 1
4526 146 1
2780 914 1
764 753 1
1524 436 1
2642 2863 1
6 4790 1
2174 3481 1
2770 874 1
4774 2240 1
