1167 2342 1
1167 2978 1
1167 1008 1
2039 1659 1
1886 3064 1
2201 1870 1
2627 109 1
2627 2171 1
2627 249 1
2627 2015 1
2627 1229 1
2627 2487 1
2627 2145 1
2627 411 1
1647 698 1
1132 2728 1
2299 573 1
1357 1682 1
127 2434 1
127 2154 1
127 3054 1
127 2485 1
127 72 1
127 1692 1
127 3155 1
127 1335 1
127 3093 1
127 2455 1
127 2787 1
127 2093 1
127 1245 1
127 2410 1
127 1060 1
127 2761 1
127 2582 1
127 541 1
127 1211 1
2754 114 1
2353 2531 1
866 395 1
1340 3089 1
1210 3146 1
1210 86 1
1210 705 1
2642 3017 1
2642 2836 1
2642 2822 1
2642 1837 1
2642 85 1
2642 1508 1
2642 2150 1
2642 863 1
2642 2256 1
1707 2028 1
2420 1494 1
33 2554 1
1230 529 1
2441 2160 1
2746 2858 1
2746 2075 1
137 39 1
137 1381 1
1263 2053 1
2135 989 1
2979 2619 1
1200 451 1
1967 272 1
1967 311 1
613 3120 1
2880 161 1
2768 2121 1
446 2147 1
1969 2779 1
2311 104 1
2311 1029 1
2311 1667 1
2311 1135 1
2311 130 1
3045 449 1
3045 2803 1
3045 207 1
1232 1714 1
1232 917 1
1232 2257 1
2008 2974 1
2655 1210 1
2655 389 1
2655 1300 1
2655 635 1
2655 2792 1
2655 2861 1
2655 1391 1
2655 910 1
2655 827 1
2655 58 1
2655 3062 1
2655 258 1
2655 413 1
2655 214 1
2655 1815 1
2655 1024 1
2655 340 1
2655 2528 1
2655 3001 1
2655 1599 1
2655 3006 1
2655 772 1
2655 545 1
2655 542 1
2655 3147 1
2655 2124 1
2655 1526 1
2655 1812 1
2655 3043 1
2655 1293 1
1040 744 1
1040 715 1
1040 248 1
1040 2297 1
1040 2975 1
1040 492 1
1040 2416 1
18 2340 1
18 2915 1
18 1838 1
18 2094 1
18 1912 1
18 2362 1
18 1253 1
18 1631 1
18 2733 1
1173 2789 1
1173 433 1
1185 206 1
1185 1222 1
1185 2566 1
2340 2264 1
2340 2477 1
2340 298 1
1925 143 1
1925 710 1
1925 3000 1
1925 3074 1
1925 2617 1
669 293 1
2727 1519 1
2727 988 1
2727 1869 1
1586 2589 1
1586 491 1
1586 1677 1
1586 2003 1
1586 550 1
1586 1078 1
1586 1052 1
1586 1985 1
1586 2854 1
1586 2194 1
1586 476 1
1586 752 1
1586 2187 1
1586 3007 1
1586 1056 1
1586 1753 1
1586 2741 1
1586 623 1
1586 2878 1
1586 2500 1
506 754 1
506 921 1
506 215 1
506 2540 1
506 1573 1
506 481 1
506 1055 1
506 2464 1
506 1209 1
783 1197 1
783 2383 1
2756 1856 1
2756 2136 1
2756 2438 1
2756 1383 1
2756 170 1
2756 1224 1
2756 777 1
1873 958 1
1873 1757 1
1873 2032 1
1873 594 1
1873 1291 1
1873 546 1
1873 2913 1
2935 733 1
3138 1342 1
3138 1129 1
3138 558 1
3138 1171 1
3138 2184 1
3138 346 1
3071 591 1
2205 315 1
641 1511 1
166 1225 1
166 2561 1
2533 3082 1
2533 81 1
1892 1513 1
1648 1377 1
1568 1095 1
1251 1107 1
374 1237 1
374 2922 1
374 2107 1
374 425 1
374 1158 1
374 1683 1
993 3154 1
145 1839 1
145 3122 1
145 1739 1
145 536 1
145 2214 1
145 237 1
2929 1273 1
1957 2152 1
1957 2547 1
1957 620 1
1957 2475 1
1957 539 1
1957 2044 1
1957 431 1
912 1684 1
974 2691 1
1046 313 1
1046 166 1
1046 663 1
1046 1766 1
1046 432 1
1046 2595 1
1046 963 1
1046 1785 1
1046 2074 1
1046 727 1
1046 2706 1
1046 2208 1
2434 1809 1
2434 2447 1
2380 2914 1
2470 1399 1
2470 11 1
1119 1170 1
1250 1966 1
1250 1633 1
1250 2634 1
1250 2839 1
1250 3014 1
1250 245 1
1250 795 1
1250 3042 1
1997 2092 1
2835 1764 1
2217 2628 1
2217 1401 1
1186 1950 1
1094 1568 1
3092 1523 1
3092 747 1
596 2964 1
596 263 1
596 2992 1
596 102 1
596 40 1
596 851 1
596 642 1
596 2520 1
596 2345 1
3090 2088 1
3090 465 1
928 294 1
928 1554 1
310 1485 1
310 2204 1
310 405 1
310 153 1
310 2809 1
310 1181 1
310 1859 1
310 3114 1
310 2437 1
310 2663 1
1847 565 1
1784 1660 1
1784 1850 1
1784 1991 1
1784 1527 1
1784 1502 1
1784 3157 1
1784 343 1
1784 1750 1
1784 580 1
1784 1460 1
1784 107 1
551 2017 1
2023 2838 1
2023 484 1
2023 95 1
2023 2936 1
2023 1068 1
2023 128 1
2023 1806 1
2023 1842 1
2023 233 1
2023 1366 1
2023 2019 1
2023 1424 1
2023 1503 1
2023 2401 1
2023 1905 1
2023 2230 1
2023 2 1
2023 2402 1
2023 2260 1
2023 2860 1
2023 124 1
2023 2897 1
2023 1846 1
2023 996 1
2023 2375 1
2023 848 1
2023 2509 1
2023 897 1
2023 941 1
2575 1685 1
1193 2196 1
1690 707 1
1690 232 1
1690 2793 1
1690 2208 1
2196 2137 1
2196 1509 1
2196 2534 1
2196 2309 1
2196 1069 1
1369 1312 1
251 935 1
251 2122 1
985 3023 1
985 1992 1
1434 2564 1
1434 2148 1
1917 2612 1
1917 2502 1
1917 2671 1
1917 1206 1
1917 1698 1
1917 2495 1
1917 819 1
1917 1499 1
1917 1890 1
273 155 1
273 2805 1
273 2030 1
273 208 1
273 1006 1
273 2983 1
3070 2681 1
2246 1163 1
2246 2172 1
2246 2702 1
2246 2109 1
2246 1618 1
2246 34 1
2246 3053 1
2246 2907 1
2246 2227 1
2246 1636 1
3103 31 1
3103 1364 1
3103 837 1
3103 2091 1
3103 1286 1
3103 192 1
3103 2436 1
3103 154 1
1107 2786 1
690 1644 1
690 362 1
690 746 1
2862 2294 1
2862 788 1
2862 1426 1
2862 3056 1
2862 2041 1
2971 460 1
2971 10 1
2971 990 1
2971 1395 1
2971 1833 1
2971 1727 1
2971 38 1
2971 486 1
1979 1425 1
1623 202 1
1623 2940 1
1623 3150 1
1623 2157 1
1623 2675 1
1623 982 1
1623 2859 1
977 512 1
133 2585 1
3060 230 1
2826 2501 1
2826 2095 1
2826 2205 1
2826 2333 1
2826 1035 1
2826 2216 1
2826 1926 1
2826 1588 1
2826 2715 1
2826 2590 1
2826 1661 1
2826 937 1
2826 1603 1
2826 2689 1
2826 1386 1
2826 1983 1
2826 1947 1
2826 2931 1
2826 2569 1
2826 1676 1
2826 1294 1
2826 2281 1
2826 1716 1
2826 934 1
1298 1594 1
2934 1666 1
2934 1951 1
2934 1255 1
2934 527 1
2934 1745 1
2934 652 1
2934 3097 1
2934 1118 1
2934 36 1
2934 1177 1
2934 1799 1
2934 1079 1
2934 1442 1
2934 459 1
2934 2616 1
2934 1212 1
2934 1183 1
1166 1898 1
878 762 1
1543 44 1
1543 2937 1
1543 2244 1
1543 409 1
1543 140 1
1543 535 1
1543 790 1
1543 821 1
1139 1515 1
1139 2089 1
2916 2939 1
1096 2902 1
1096 267 1
1096 3038 1
1096 191 1
651 1765 1
651 1787 1
651 122 1
651 700 1
2421 2323 1
2359 1580 1
2359 2486 1
2816 195 1
2816 427 1
1834 3045 1
1834 2103 1
1834 2131 1
1834 2635 1
1834 2894 1
1834 617 1
1834 787 1
1834 2591 1
1834 2970 1
1834 2334 1
1834 1777 1
1834 2957 1
1834 2236 1
1834 2515 1
1752 1832 1
1752 2158 1
3149 410 1
197 1654 1
197 1776 1
197 1469 1
197 87 1
197 426 1
197 1977 1
197 2442 1
197 217 1
197 3009 1
197 1693 1
221 254 1
2252 2155 1
2347 590 1
2347 1194 1
2998 665 1
2998 3131 1
2998 3011 1
2998 2414 1
2998 1266 1
2998 2350 1
2998 80 1
2998 2066 1
2998 2933 1
2998 2772 1
2998 1792 1
2998 1995 1
2938 2177 1
302 2926 1
302 2947 1
156 2080 1
1273 43 1
1533 950 1
3082 2261 1
3082 1487 1
3082 2408 1
3082 1602 1
3082 2277 1
2113 2278 1
238 485 1
967 1534 1
1773 2627 1
1773 1250 1
1773 3129 1
1773 274 1
1773 2207 1
1089 844 1
1744 591 1
2059 2139 1
2272 1154 1
2219 2648 1
1760 1916 1
1760 2163 1
1760 1894 1
1760 182 1
1760 1367 1
1760 2693 1
1760 517 1
1083 1981 1
1083 1619 1
1083 587 1
1083 891 1
1083 657 1
1083 1702 1
2385 3061 1
2385 2972 1
1415 437 1
2732 2250 1
2036 2190 1
1802 450 1
1802 791 1
1802 868 1
1802 1371 1
1802 2812 1
1802 1455 1
1802 12 1
1122 2468 1
2379 1726 1
2379 2609 1
2379 2949 1
1813 2478 1
1501 2784 1
1501 606 1
1501 1570 1
1501 797 1
1501 125 1
1501 2729 1
1501 252 1
1501 452 1
1501 904 1
794 808 1
794 93 1
2283 1800 1
2283 653 1
2917 1327 1
2917 2016 1
2917 159 1
2917 2583 1
1114 2273 1
1114 519 1
1114 1034 1
1114 222 1
1114 2202 1
1114 732 1
1086 2719 1
1420 1834 1
1420 1642 1
1544 881 1
376 297 1
376 503 1
3072 2969 1
2403 2796 1
1236 23 1
1236 2290 1
1236 1819 1
1236 2568 1
1236 2952 1
1236 2228 1
1236 3036 1
1236 2808 1
1729 725 1
677 2157 1
808 1627 1
3135 496 1
956 183 1
1991 2391 1
1991 1063 1
1991 2966 1
1991 1624 1
1991 1879 1
1991 332 1
1991 110 1
1991 812 1
1991 1213 1
1991 2548 1
1762 2104 1
2905 190 1
2905 627 1
2905 1769 1
2905 859 1
2905 1145 1
2905 2630 1
2905 1280 1
2905 2473 1
2905 564 1
2014 1604 1
2740 528 1
2740 1380 1
2740 1134 1
2740 2526 1
2740 983 1
2740 1864 1
2740 1779 1
2740 544 1
2740 2524 1
2740 2325 1
2740 131 1
2740 1066 1
2740 737 1
2740 2909 1
2740 2690 1
2740 1549 1
2740 959 1
2740 1116 1
2740 980 1
2740 1831 1
2740 2371 1
274 333 1
1336 69 1
332 2734 1
2028 2055 1
2028 309 1
2028 1473 1
2028 3052 1
2028 284 1
2028 213 1
1192 2046 1
1946 3035 1
1458 1899 1
392 2817 1
2536 843 1
2536 1718 1
2536 2445 1
2536 2845 1
2536 406 1
2536 2462 1
2536 37 1
2536 2801 1
2536 1528 1
2536 1353 1
2536 1234 1
2536 2428 1
2536 2683 1
2536 2918 1
2536 1302 1
2536 2532 1
2536 148 1
2536 2790 1
2536 1845 1
2536 895 1
988 2409 1
988 2026 1
988 1728 1
988 2850 1
988 2869 1
988 847 1
988 2954 1
988 1160 1
988 2078 1
988 3141 1
988 672 1
988 633 1
988 757 1
988 918 1
988 2505 1
240 2101 1
240 1452 1
765 1778 1
1076 235 1
1076 1387 1
1349 651 1
1349 391 1
986 543 1
986 1841 1
1376 2178 1
1779 1377 1
1779 847 1
566 934 1
1573 1790 1
1573 1031 1
1573 636 1
1573 829 1
1573 2329 1
1573 1242 1
1573 1921 1
1573 2686 1
1573 1998 1
1573 2376 1
516 1385 1
1926 2242 1
1926 2043 1
1926 1895 1
1926 295 1
1926 1735 1
1926 444 1
3144 2759 1
3144 2058 1
3144 2393 1
1106 321 1
3140 2405 1
3140 597 1
3140 348 1
3140 1803 1
2076 1287 1
2204 3102 1
2204 2330 1
2204 2423 1
2204 1655 1
2085 1963 1
2085 277 1
2085 2387 1
2085 2259 1
345 707 1
2247 180 1
2247 561 1
2247 2486 1
1691 2173 1
1691 2378 1
1691 1081 1
1691 108 1
1691 2605 1
1691 1532 1
1691 1962 1
1691 1500 1
646 328 1
853 2982 1
1794 2620 1
1794 640 1
1794 938 1
1794 339 1
1794 2879 1
1794 1065 1
1794 1317 1
1794 428 1
1794 1641 1
1794 2944 1
1794 807 1
1794 1101 1
1794 1326 1
1794 2232 1
1794 1176 1
1794 2844 1
1794 1489 1
1794 914 1
1794 922 1
1794 1855 1
1794 1614 1
1794 1318 1
1794 239 1
1794 54 1
1794 319 1
1794 1932 1
1794 694 1
1794 1821 1
1794 2720 1
1794 3027 1
500 1574 1
1296 589 1
3 1656 1
3 572 1
3 2601 1
3 2483 1
3 2953 1
3 3075 1
3 1010 1
3 2081 1
766 2826 1
766 1794 1
766 455 1
766 840 1
766 2888 1
766 469 1
3088 1873 1
3076 1465 1
1287 1271 1
1287 2082 1
1287 1405 1
1287 2306 1
1287 1851 1
1287 501 1
1287 316 1
1287 1883 1
1287 1880 1
1287 711 1
1287 1780 1
1287 631 1
1287 1675 1
1287 830 1
1287 289 1
1287 243 1
1287 1388 1
1287 2433 1
1310 1694 1
3008 882 1
2817 2083 1
2895 718 1
1456 160 1
2801 1491 1
495 3002 1
495 724 1
1474 1506 1
455 445 1
455 619 1
455 1830 1
455 2522 1
455 2900 1
455 2865 1
455 1854 1
455 664 1
455 2955 1
455 1201 1
455 2971 1
455 163 1
455 1717 1
455 600 1
455 393 1
455 598 1
455 2513 1
455 1547 1
455 281 1
455 2467 1
455 860 1
455 1725 1
455 1512 1
455 1054 1
455 2220 1
455 414 1
455 1537 1
455 70 1
455 2292 1
455 2785 1
455 3039 1
455 218 1
455 1552 1
455 2255 1
455 1471 1
455 1902 1
455 3145 1
455 349 1
455 916 1
455 1593 1
455 78 1
455 511 1
455 1748 1
1642 1484 1
1642 1639 1
1642 2799 1
1642 3067 1
1642 2574 1
1642 1241 1
1642 2941 1
1642 3024 1
1642 1868 1
1642 3156 1
1642 330 1
1642 2924 1
1642 1112 1
1642 1285 1
1642 1736 1
1497 1569 1
1497 324 1
1497 717 1
1497 2266 1
1497 2684 1
1497 685 1
138 2818 1
138 1449 1
138 2217 1
138 2967 1
138 1254 1
138 435 1
138 1375 1
138 2132 1
138 359 1
138 386 1
138 292 1
138 2339 1
138 2692 1
138 951 1
138 387 1
138 2893 1
138 1903 1
138 1587 1
1216 929 1
749 2527 1
1653 3103 1
1653 1578 1
1653 2400 1
1653 2181 1
1653 2667 1
236 555 1
1238 1343 1
1368 127 1
1368 888 1
1368 1704 1
1368 2348 1
1368 2049 1
1368 77 1
1368 643 1
1368 1453 1
1368 2009 1
1368 1269 1
1368 2149 1
1368 341 1
1368 1128 1
1368 269 1
1368 756 1
1368 2794 1
1368 3066 1
1368 226 1
1368 2274 1
1368 2877 1
1368 2384 1
1368 342 1
1368 2377 1
1368 126 1
1368 518 1
1368 2029 1
1368 2863 1
1368 2285 1
2853 2730 1
2853 1137 1
2853 1462 1
1940 67 1
2382 1909 1
2203 2372 1
2203 2927 1
2203 2565 1
2203 1876 1
2203 722 1
2203 2773 1
2203 595 1
2203 2151 1
2419 510 1
639 198 1
639 703 1
639 964 1
639 465 1
639 1501 1
639 2536 1
639 2496 1
639 1943 1
639 151 1
639 1923 1
639 2077 1
639 630 1
639 2810 1
639 129 1
400 1155 1
2974 1584 1
2974 1292 1
2974 2757 1
2974 3044 1
2974 2688 1
2974 1475 1
2974 173 1
2713 1831 1
898 1173 1
898 1144 1
898 2989 1
898 2819 1
898 1556 1
898 1975 1
898 1927 1
898 2010 1
898 162 1
2335 24 1
2471 796 1
2471 1166 1
2471 253 1
2471 423 1
2471 2178 1
2471 317 1
2471 2831 1
2471 1898 1
2471 1455 1
2621 3143 1
2621 3152 1
2621 1751 1
2621 738 1
852 134 1
1402 2262 1
1402 283 1
1402 1788 1
344 231 1
2593 212 1
1807 1002 1
1807 2060 1
2525 1887 1
2525 1782 1
2567 1952 1
2567 166 1
2567 374 1
2567 375 1
2567 1237 1
2567 2922 1
2567 928 1
2567 663 1
2567 2107 1
2567 432 1
2567 1225 1
2567 552 1
2567 2561 1
2567 1928 1
2567 2366 1
2567 1993 1
2567 1013 1
2567 2701 1
2567 1070 1
2567 164 1
2567 727 1
2567 1583 1
2567 2988 1
2567 3016 1
2567 2706 1
698 862 1
698 775 1
698 638 1
1899 1827 1
1899 2497 1
1899 2197 1
1899 2603 1
1899 2332 1
1899 3087 1
1899 1697 1
1899 2248 1
1899 1640 1
1899 1347 1
1899 2507 1
1899 2073 1
1899 2174 1
1899 3048 1
1899 2051 1
1899 2765 1
1899 2052 1
1899 2651 1
1899 1042 1
1899 2361 1
1899 2646 1
1899 2024 1
1899 1625 1
1899 2061 1
1899 3013 1
1899 1687 1
2485 1504 1
2848 2312 1
2848 621 1
2848 1283 1
1896 2943 1
1332 1239 1
2211 2743 1
2400 1438 1
2400 390 1
2400 371 1
2400 1495 1
2400 303 1
498 1550 1
1384 1961 1
1384 2213 1
1384 419 1
1384 1482 1
1384 1956 1
674 3121 1
1461 2179 1
586 30 1
2962 637 1
2669 911 1
1061 870 1
1061 1988 1
1061 1637 1
1061 2815 1
1061 2905 1
1061 1152 1
1061 999 1
1061 1161 1
1061 1810 1
1061 1877 1
1061 2490 1
1061 1668 1
1061 227 1
782 2062 1
935 3080 1
935 2321 1
935 828 1
935 2658 1
935 892 1
935 1041 1
935 603 1
935 1835 1
935 1466 1
935 1075 1
365 2951 1
2590 2105 1
2590 802 1
2590 1612 1
2590 3077 1
188 1007 1
2269 17 1
764 1949 1
764 1862 1
764 2716 1
764 3015 1
764 260 1
764 169 1
764 3086 1
764 2225 1
764 1938 1
764 1025 1
764 1941 1
764 2162 1
764 2942 1
764 2111 1
764 563 1
764 755 1
764 1199 1
764 1863 1
764 394 1
1661 1354 1
1661 1033 1
1661 185 1
1661 567 1
1661 2512 1
2769 1188 1
2362 1363 1
2362 1659 1
1935 2166 1
1935 2002 1
1935 201 1
1935 1669 1
2140 2699 1
175 905 1
175 179 1
175 1530 1
175 2968 1
175 355 1
175 516 1
175 1638 1
175 2048 1
175 1304 1
175 927 1
175 1439 1
175 1937 1
175 3137 1
175 1694 1
175 2369 1
175 329 1
588 380 1
588 578 1
1048 2546 1
358 728 1
358 1360 1
358 1933 1
358 2249 1
358 596 1
358 1919 1
358 2636 1
358 210 1
358 1476 1
358 2128 1
358 1400 1
358 1970 1
358 2579 1
358 181 1
358 1358 1
358 2456 1
358 493 1
358 1309 1
358 171 1
358 2327 1
358 363 1
1333 2351 1
2954 2424 1
2954 1270 1
2474 457 1
2474 236 1
1958 886 1
1958 2336 1
1958 378 1
1958 1900 1
1958 2042 1
1958 75 1
1958 997 1
1958 1829 1
1958 1959 1
1958 1389 1
1958 1361 1
1958 1990 1
1958 750 1
1958 2712 1
2611 824 1
447 1840 1
447 2736 1
447 1205 1
447 709 1
447 1481 1
447 1108 1
447 2553 1
447 1897 1
447 1582 1
447 2193 1
447 713 1
447 979 1
447 1323 1
447 2829 1
254 2307 1
254 205 1
254 1715 1
254 1708 1
254 2558 1
254 2057 1
254 1581 1
2097 739 1
1467 1159 1
1467 2745 1
1289 381 1
1289 1719 1
1113 1290 1
1113 1505 1
1113 2608 1
2739 240 1
950 3096 1
950 1429 1
1512 2175 1
1512 1187 1
1512 2625 1
1512 1175 1
1512 2296 1
1512 773 1
1512 474 1
1603 1771 1
1603 2020 1
1603 1001 1
1603 875 1
1603 439 1
1603 2404 1
1603 907 1
1603 241 1
1603 1016 1
1603 961 1
1603 1409 1
1603 2354 1
1603 1325 1
1603 1447 1
1603 1920 1
3012 683 1
2398 1558 1
2451 2782 1
2451 480 1
2451 2987 1
2451 1092 1
2451 1893 1
2451 408 1
2451 2910 1
2451 1559 1
2451 697 1
2451 2141 1
2451 89 1
2451 2755 1
2451 1221 1
2451 1337 1
2451 2898 1
2451 1565 1
1355 3083 1
1355 2596 1
1189 3028 1
1189 2284 1
1189 2870 1
1189 424 1
1189 3119 1
1189 2355 1
1189 96 1
1189 1689 1
1189 584 1
1189 2444 1
1189 368 1
2001 32 1
1522 2088 1
1522 1156 1
1522 483 1
1522 2527 1
1054 1986 1
1054 883 1
1459 720 1
831 504 1
751 602 1
751 2624 1
751 314 1
751 656 1
751 991 1
751 2033 1
3112 2771 1
1869 2760 1
1869 1223 1
846 1598 1
1348 903 1
1348 2063 1
1348 1233 1
1348 1510 1
1348 2559 1
1348 373 1
414 957 1
414 2064 1
3065 2976 1
2925 679 1
1755 2770 1
1755 579 1
2890 1649 1
2890 1247 1
884 2641 1
1329 1378 1
1329 145 1
1329 551 1
1329 1278 1
1329 973 1
1329 2570 1
1329 2317 1
2775 2846 1
2775 443 1
2775 2714 1
2775 618 1
2775 3126 1
2516 1057 1
3066 1123 1
3066 1110 1
3066 1768 1
3066 1307 1
3066 2606 1
3066 947 1
3066 2480 1
3066 1277 1
3066 2120 1
526 234 1
526 2310 1
526 671 1
521 2368 1
521 614 1
521 1305 1
2683 605 1
2683 716 1
2683 608 1
2683 228 1
2683 3084 1
2683 1051 1
2683 2463 1
2901 1104 1
2901 940 1
1012 1448 1
1012 1824 1
1012 1045 1
259 1881 1
1630 2750 1
91 1497 1
1695 2923 1
2758 1451 1
2758 2460 1
2758 2607 1
2758 673 1
2758 2775 1
2758 1311 1
2758 2820 1
469 923 1
469 1067 1
469 2649 1
469 2864 1
469 1662 1
469 3133 1
469 2241 1
469 2637 1
3004 2806 1
1267 3021 1
2751 2388 1
2751 798 1
2751 466 1
2751 1539 1
2751 1535 1
2751 3068 1
2751 1445 1
2751 2096 1
2751 2025 1
2751 2638 1
2751 1368 1
2751 1467 1
2751 849 1
2751 884 1
2751 965 1
2751 193 1
2751 396 1
2751 2079 1
2751 1541 1
2751 759 1
2751 1994 1
224 1924 1
224 885 1
1050 2911 1
470 3121 1
470 2866 1
470 1568 1
470 2874 1
470 2067 1
470 2129 1
470 261 1
470 1440 1
470 2695 1
470 1551 1
470 3108 1
470 2670 1
470 2584 1
470 1770 1
470 2176 1
470 2694 1
470 2396 1
470 16 1
470 861 1
470 803 1
470 1179 1
470 748 1
470 1742 1
470 119 1
470 971 1
470 2308 1
470 2752 1
470 1699 1
470 753 1
666 220 1
666 25 1
1575 2143 1
1575 706 1
1575 570 1
1252 712 1
2571 1071 1
2571 2674 1
2571 3032 1
2571 2654 1
2571 1164 1
307 2514 1
307 628 1
307 880 1
307 2087 1
307 1595 1
307 1564 1
430 2417 1
926 2046 1
926 585 1
926 1316 1
2717 404 1
2717 2471 1
397 247 1
397 3136 1
1463 2461 1
2464 2457 1
2464 361 1
2464 2047 1
2464 2390 1
2464 56 1
2464 2892 1
2464 1244 1
2464 8 1
1191 3157 1
2656 1781 1
2656 2331 1
2656 1652 1
2656 889 1
2656 1486 1
2656 1109 1
2656 299 1
2656 644 1
2656 2882 1
645 1679 1
1442 509 1
1442 1999 1
1442 562 1
1442 1741 1
268 475 1
268 16 1
785 2632 1
785 1346 1
785 779 1
2144 1626 1
2144 14 1
2144 2265 1
2144 3095 1
2144 1805 1
2144 655 1
2144 1867 1
2144 2855 1
2144 1650 1
2144 2167 1
2144 322 1
2144 530 1
2144 2958 1
1815 1816 1
1815 544 1
1815 2011 1
1815 2469 1
1815 1733 1
1815 2123 1
599 601 1
1097 2289 1
1097 2725 1
1097 2731 1
1848 2374 1
2847 197 1
1531 2367 1
1531 2159 1
1531 2766 1
962 1470 1
962 2657 1
962 73 1
962 2652 1
962 354 1
962 1339 1
832 3018 1
301 1811 1
301 1087 1
301 2906 1
301 2660 1
301 610 1
301 1680 1
1302 1987 1
1302 76 1
1302 2834 1
1302 2587 1
1302 2440 1
1302 3034 1
1302 2629 1
1832 915 1
1832 3057 1
1832 2653 1
1832 2275 1
1832 2138 1
1832 1592 1
1832 3115 1
384 1901 1
2986 670 1
1490 2832 1
1490 668 1
1490 2231 1
1490 2258 1
1490 615 1
1490 462 1
1490 3041 1
1490 1334 1
3039 494 1
2484 264 1
2484 111 1
2484 3104 1
2484 2963 1
2484 2188 1
2484 2586 1
2484 1722 1
2484 1196 1
2484 647 1
2484 2650 1
2122 1827 1
2122 2497 1
2122 2197 1
2122 2332 1
2122 3087 1
2122 2813 1
2122 1697 1
2122 105 1
2122 1640 1
2122 82 1
2122 1971 1
2122 1560 1
2122 879 1
2122 2073 1
2122 2174 1
2122 3048 1
2122 2765 1
2122 2052 1
2122 1042 1
2122 2361 1
2122 2646 1
2122 2024 1
2122 1625 1
2122 2061 1
2122 3013 1
3141 864 1
3141 3098 1
2170 98 1
2170 2397 1
1319 1430 1
533 784 1
2431 2644 1
724 1297 1
41 64 1
1860 1410 1
1947 2357 1
1947 92 1
2984 575 1
2235 1691 1
503 2286 1
503 2535 1
503 490 1
952 2298 1
952 2337 1
659 836 1
659 893 1
1552 649 1
1552 742 1
1552 99 1
9 1228 1
9 1964 1
9 2364 1
9 27 1
9 1009 1
9 945 1
9 554 1
9 1477 1
2931 2920 1
2931 1049 1
2931 1301 1
2931 1431 1
2931 789 1
2569 768 1
2569 318 1
2569 83 1
2569 520 1
2973 1370 1
458 978 1
1930 2868 1
1930 1393 1
1930 2884 1
1930 662 1
1930 3 1
1930 1597 1
1930 538 1
1930 1672 1
1930 422 1
1930 3022 1
1930 2723 1
1930 924 1
1930 79 1
1930 2707 1
1930 1555 1
1930 351 1
1930 468 1
1631 256 1
1631 49 1
1631 1032 1
1631 2426 1
1631 900 1
1631 2840 1
1631 2896 1
1631 1756 1
1631 63 1
1631 1403 1
2056 1936 1
1125 117 1
2932 1610 1
2932 1520 1
2932 229 1
2932 1427 1
3137 2811 1
3137 2050 1
3137 984 1
3137 804 1
1441 1628 1
288 1908 1
288 1151 1
288 2538 1
288 815 1
288 1720 1
288 2555 1
288 976 1
288 1088 1
288 576 1
288 497 1
288 820 1
1036 2572 1
1036 2672 1
1036 2268 1
1036 2668 1
1036 1457 1
1058 2072 1
1047 1713 1
1047 113 1
1047 1198 1
1047 320 1
1047 1464 1
1047 1417 1
1047 1620 1
1047 1478 1
1047 1365 1
1047 1043 1
1047 29 1
1047 1913 1
1047 1411 1
1047 1601 1
1047 20 1
1047 1976 1
1044 1763 1
59 2012 1
59 2508 1
59 473 1
59 540 1
59 987 1
59 51 1
59 418 1
2482 2418 1
2482 3124 1
2482 838 1
2482 2102 1
2482 1635 1
2482 1518 1
1828 219 1
1109 1652 1
2363 2655 1
2886 2038 1
1249 1226 1
830 856 1
830 242 1
830 1737 1
830 2560 1
830 549 1
830 771 1
830 421 1
830 2276 1
830 1246 1
830 942 1
2883 2415 1
1557 2319 1
1557 1288 1
1557 2556 1
1557 522 1
1557 761 1
1557 199 1
1557 5 1
1557 1711 1
1557 1804 1
1557 2222 1
1557 811 1
622 2069 1
2326 2504 1
899 1929 1
899 216 1
899 1553 1
899 696 1
899 142 1
899 581 1
899 471 1
899 2429 1
899 2903 1
151 1026 1
151 946 1
151 1645 1
1037 420 1
1037 998 1
1536 2881 1
996 799 1
1705 1150 1
1705 1428 1
50 1178 1
2160 702 1
2160 1617 1
2160 2007 1
2160 876 1
2160 2602 1
2160 507 1
2160 2990 1
908 1607 1
1724 1570 1
1115 1114 1
1931 1917 1
1337 1545 1
1337 1396 1
1337 1022 1
1038 1362 1
1038 2018 1
1038 1889 1
1038 1814 1
1038 1321 1
1038 2700 1
1038 225 1
1038 84 1
1038 2356 1
1038 2771 1
1038 3079 1
1038 1214 1
1038 2459 1
1038 296 1
1038 2821 1
1038 582 1
62 2626 1
62 282 1
62 21 1
62 523 1
62 2305 1
62 3125 1
62 1275 1
62 2571 1
62 307 1
62 913 1
62 1265 1
62 2781 1
62 2977 1
62 1020 1
62 305 1
62 865 1
328 1090 1
328 265 1
328 604 1
328 2541 1
328 2303 1
328 981 1
1600 3134 1
1600 2425 1
833 568 1
687 489 1
687 2186 1
687 2517 1
687 2365 1
687 1047 1
687 436 1
687 660 1
687 2780 1
687 1100 1
687 2125 1
3099 725 1
1885 1374 1
654 813 1
654 45 1
654 1338 1
654 1421 1
654 2718 1
1494 1019 1
1494 1436 1
1494 583 1
22 1140 1
2511 1208 1
2511 1746 1
2511 2679 1
2511 2240 1
2511 834 1
2511 440 1
2511 2146 1
2511 2604 1
2511 2576 1
2511 2413 1
2511 367 1
2511 949 1
2511 2580 1
2511 2985 1
2956 571 1
1605 1548 1
1605 2647 1
1605 763 1
71 1392 1
71 2919 1
2675 1030 1
2675 1671 1
1923 2031 1
1923 2600 1
1923 1207 1
1923 2133 1
1923 2742 1
1923 382 1
1923 855 1
1923 112 1
1923 1872 1
1923 1705 1
1923 2448 1
1923 3151 1
1923 477 1
1923 1404 1
2733 810 1
2733 920 1
2733 1053 1
2733 1414 1
2733 1798 1
2733 2995 1
2793 55 1
2793 1793 1
2793 708 1
848 262 1
1093 919 1
1093 721 1
1093 3094 1
2661 2642 1
2661 669 1
2661 1412 1
2661 1411 1
1027 2932 1
2509 1240 1
2509 118 1
2509 301 1
499 273 1
499 115 1
499 97 1
2790 1749 1
2790 1972 1
2790 3031 1
2790 2108 1
2790 3033 1
2790 1260 1
2515 841 1
2515 676 1
2515 464 1
2515 2422 1
2515 275 1
2515 682 1
625 1220 1
625 1218 1
625 2226 1
625 1820 1
625 806 1
625 1359 1
625 873 1
625 1591 1
625 2722 1
625 2452 1
625 2090 1
625 1397 1
415 2234 1
1261 2875 1
1261 7 1
1261 1303 1
1261 931 1
684 2867 1
684 1764 1
684 2215 1
684 688 1
684 1141 1
684 66 1
684 1165 1
684 968 1
684 1231 1
3020 2998 1
3020 2917 1
3020 2511 1
1646 1888 1
1646 930 1
2537 985 1
2537 1076 1
2537 1609 1
2537 1791 1
2537 2519 1
2537 1740 1
2537 1174 1
2537 1703 1
2537 2099 1
2537 3081 1
2537 2153 1
2537 801 1
2977 2499 1
2977 867 1
2977 3005 1
2977 448 1
2977 2613 1
2977 379 1
157 177 1
1387 35 1
1387 2046 1
1387 2458 1
1387 2293 1
1387 3101 1
1387 634 1
1387 2262 1
1387 589 1
1387 2597 1
1387 2800 1
1387 557 1
1387 2680 1
1387 1299 1
1387 1644 1
1387 17 1
1387 362 1
1387 1306 1
1387 2040 1
1387 184 1
1387 123 1
1387 816 1
1387 746 1
1387 1657 1
1387 1227 1
364 1085 1
2810 2550 1
1322 254 1
3151 244 1
3151 2115 1
2685 3024 1
1996 690 1
1996 3040 1
351 593 1
351 2543 1
1798 194 1
13 2085 1
767 290 1
2181 611 1
2181 505 1
2181 1875 1
2181 1372 1
2181 2735 1
2181 1444 1
2181 3153 1
2181 1822 1
2181 1382 1
2181 223 1
2181 2518 1
2181 139 1
2181 622 1
2181 2659 1
2181 331 1
2181 1157 1
2181 726 1
2181 2223 1
2181 482 1
2181 372 1
2181 3113 1
1678 1596 1
704 1295 1
704 2270 1
704 2748 1
704 1730 1
704 2849 1
704 141 1
704 2112 1
704 1138 1
704 1906 1
1126 2453 1
1126 2395 1
1126 809 1
1126 3105 1
1126 2827 1
1126 2439 1
1126 513 1
2961 59 1
3130 2529 1
3130 2930 1
3130 3118 1
3130 2318 1
3130 1960 1
3130 769 1
3130 1974 1
2281 2206 1
2281 2209 1
2281 1632 1
2281 1561 1
553 2797 1
553 1339 1
2960 304 1
2960 407 1
2960 3010 1
2960 121 1
2960 2737 1
2960 2399 1
2960 2161 1
2960 994 1
2960 835 1
2960 1629 1
1792 2134 1
1792 2300 1
1792 90 1
1792 2004 1
1792 939 1
2667 1758 1
2667 1925 1
2667 2599 1
2667 2980 1
2667 2465 1
2667 1098 1
2667 689 1
2667 2830 1
2667 350 1
2667 270 1
2667 2921 1
2667 2762 1
2667 1020 1
511 172 1
511 1516 1
511 2788 1
511 1734 1
1419 2000 1
1195 2697 1
1195 2746 1
1195 106 1
1195 2622 1
1195 1590 1
1195 2034 1
1195 1331 1
1195 399 1
1195 1658 1
1195 2824 1
1195 569 1
1195 2291 1
1195 1490 1
1195 2349 1
1195 327 1
1195 3029 1
2523 525 1
334 2793 1
2488 149 1
2488 3116 1
2488 2645 1
2488 1017 1
2488 1939 1
2488 1479 1
2488 2676 1
2488 2738 1
2488 1673 1
2488 1443 1
2488 2764 1
1511 250 1
1511 3049 1
1511 2665 1
1511 176 1
1716 1761 1
1716 699 1
1716 3121 1
1716 2454 1
1716 1608 1
1716 2618 1
1716 1344 1
1716 2219 1
1716 2562 1
1716 2994 1
1716 1182 1
1716 1488 1
1716 1315 1
1716 60 1
1716 2825 1
1716 1262 1
1716 2316 1
1716 1914 1
1716 2492 1
1716 252 1
1716 2392 1
1716 132 1
1716 561 1
1716 724 1
1716 1320 1
1716 547 1
1716 1204 1
1716 2791 1
1716 2212 1
1716 3117 1
1716 1162 1
1716 1865 1
1716 20 1
1716 774 1
467 1390 1
46 2908 1
1831 3111 1
1831 825 1
1831 2837 1
1831 1446 1
1831 487 1
1831 1538 1
1831 187 1
1100 2889 1
1100 1613 1
1100 2614 1
1100 560 1
607 2352 1
2386 818 1
1011 1114 1
2639 723 1
2639 2594 1
2639 47 1
2639 1686 1
2639 1168 1
2639 1944 1
2639 2021 1
2639 785 1
2639 1576 1
2639 548 1
377 2705 1
377 734 1
1517 2427 1
2807 1102 1
1239 2243 1
1239 574 1
1239 1546 1
2013 2346 1
2013 100 1
3003 1147 1
3003 337 1
2070 1663 1
2070 2100 1
2070 954 1
2070 2804 1
2070 1927 1
2070 1059 1
2070 1942 1
2070 286 1
2070 61 1
2450 1146 1
1825 434 1
1825 2271 1
745 2118 1
745 2610 1
745 1844 1
745 1435 1
745 758 1
745 1272 1
745 2981 1
745 2494 1
745 1664 1
745 1884 1
745 2996 1
745 1674 1
941 1480 1
941 714 1
941 1524 1
941 955 1
941 2662 1
941 502 1
1849 2783 1
1849 2960 1
129 606 1
129 803 1
1878 1747 1
1878 2370 1
1028 741 1
1028 2549 1
1028 3140 1
1028 1284 1
1028 1801 1
1028 288 1
1028 805 1
1028 2639 1
1028 1117 1
127 839 1
127 1688 1
2642 2476 1
2642 2168 1
2642 531 1
2746 3106 1
2655 743 1
2655 3142 1
1040 2324 1
1040 1507 1
1040 695 1
2340 2997 1
1586 438 1
506 2302 1
1379 1398 1
1379 943 1
1873 719 1
2533 896 1
844 385 1
844 2411 1
145 2267 1
1957 1585 1
1250 2027 1
928 1281 1
310 1259 1
310 2287 1
310 995 1
1784 2795 1
1784 2912 1
2023 28 1
1917 1823 1
1917 2218 1
2246 2721 1
2246 1774 1
3103 1507 1
3103 616 1
3103 817 1
3103 2851 1
183 1432 1
2862 626 1
2862 2753 1
1623 1817 1
1900 1215 1
2934 1279 1
1543 2180 1
2626 2288 1
1834 279 1
197 1422 1
2998 1621 1
3109 3148 1
3109 1563 1
3109 1989 1
3109 2343 1
2379 3123 1
808 1131 1
2740 2777 1
2740 120 1
2740 661 1
2740 944 1
2740 2687 1
2740 1407 1
2740 2598 1
2740 1789 1
332 1948 1
2536 2557 1
2536 2280 1
988 167 1
988 1706 1
988 1408 1
1794 793 1
1794 1308 1
1794 2443 1
1287 3158 1
455 890 1
455 2381 1
455 1866 1
455 2521 1
455 1783 1
455 1911 1
455 800 1
455 872 1
455 1483 1
455 1982 1
455 2237 1
455 2446 1
236 1615 1
1368 2588 1
1368 48 1
1368 2623 1
1368 2198 1
1368 2320 1
1368 2065 1
2513 200 1
2471 2664 1
2471 632 1
2471 1861 1
2471 781 1
2471 2551 1
2621 2185 1
2567 2313 1
2567 336 1
2567 524 1
2567 472 1
2567 1577 1
2567 1023 1
2567 629 1
2567 854 1
1899 814 1
1899 2169 1
2848 2633 1
2848 933 1
2848 2710 1
74 693 1
74 357 1
74 609 1
74 515 1
74 2885 1
72 648 1
935 1571 1
2590 577 1
2590 906 1
2590 1127 1
2590 1796 1
2590 2993 1
2590 786 1
764 2054 1
175 1091 1
358 325 1
358 1953 1
358 146 1
358 2704 1
2954 2744 1
1553 2267 1
1553 479 1
1958 2798 1
447 1606 1
447 1235 1
254 2843 1
1603 52 1
1603 26 1
1603 2098 1
1603 1945 1
1189 116 1
751 2324 1
751 2182 1
751 2130 1
751 680 1
751 2119 1
1785 1274 1
1785 2828 1
1785 1529 1
1755 2164 1
1755 352 1
1755 675 1
1755 1567 1
1755 1665 1
1755 3078 1
1755 770 1
1755 730 1
1755 356 1
1755 2871 1
1755 4 1
1755 701 1
1755 2110 1
1755 1696 1
1755 1073 1
1755 1616 1
1755 1874 1
1755 135 1
1755 1099 1
1755 144 1
1755 2696 1
1755 255 1
1755 2466 1
1755 454 1
1755 2856 1
1329 960 1
3066 3030 1
2683 1153 1
2683 1276 1
2683 2373 1
2901 2406 1
2751 2945 1
2751 514 1
142 1955 1
142 1142 1
470 1498 1
470 2221 1
470 1579 1
470 1843 1
470 729 1
470 1968 1
470 15 1
2656 1611 1
2656 335 1
1442 2841 1
1442 2763 1
2144 1922 1
2144 2677 1
2144 1423 1
301 2823 1
301 3050 1
301 692 1
3039 1314 1
2122 203 1
2122 814 1
2122 3069 1
2122 2999 1
570 1772 1
1947 1018 1
1552 2876 1
2569 2279 1
1930 2192 1
2932 2506 1
3137 1149 1
288 2191 1
288 1514 1
288 2749 1
288 537 1
288 3055 1
288 2045 1
288 2491 1
288 2251 1
1047 1572 1
1047 1021 1
1047 1651 1
1047 2552 1
1047 2852 1
1047 2432 1
622 1989 1
622 1268 1
622 2341 1
622 1525 1
622 2503 1
622 857 1
899 2245 1
1536 1904 1
1536 1767 1
2160 2666 1
1337 1111 1
1038 1074 1
62 877 1
62 1786 1
62 3085 1
62 1759 1
62 869 1
204 2165 1
687 1871 1
2511 152 1
2511 1105 1
2511 624 1
71 1818 1
2790 1039 1
2790 858 1
2790 1808 1
2790 2344 1
625 1264 1
625 6 1
3020 2904 1
3020 271 1
3020 1562 1
2537 1352 1
2537 2233 1
2537 416 1
2537 150 1
2537 246 1
2537 370 1
2537 2127 1
2537 2577 1
2537 2891 1
2977 2778 1
2977 1622 1
2977 3058 1
2977 285 1
2977 1797 1
2977 1891 1
2977 2643 1
2977 1082 1
2977 2833 1
1387 1731 1
1387 678 1
1387 2338 1
1387 1248 1
1172 2071 1
1430 1973 1
895 524 1
2181 158 1
2181 19 1
704 456 1
704 681 1
2960 948 1
2960 2394 1
1792 2876 1
1792 57 1
2667 2489 1
511 3051 1
1195 667 1
1195 1120 1
1195 461 1
2488 760 1
1716 1257 1
1716 488 1
1716 2581 1
1716 1984 1
1100 101 1
2639 1857 1
2639 323 1
2639 278 1
2639 658 1
2639 1121 1
2125 531 1
1239 1540 1
2070 1437 1
745 168 1
941 1493 1
941 1507 1
129 2313 1
306 1102 1
1858 1005 1
1472 1410 1
2156 453 1
2156 1356 1
731 1348 1
731 2253 1
731 312 1
731 2484 1
731 2842 1
2358 1958 1
2304 1589 1
1712 257 1
3063 2238 1
3063 1190 1
3063 2479 1
792 887 1
88 1957 1
209 874 1
2224 748 1
1416 736 1
936 276 1
1133 901 1
1243 1287 1
559 850 1
1852 3046 1
2592 74 1
2210 654 1
534 2959 1
1521 1349 1
65 178 1
2899 147 1
1394 2848 1
2928 2469 1
429 704 1
2449 3109 1
2407 2328 1
3073 1000 1
3127 1328 1
2776 2537 1
1418 2114 1
823 1900 1
2301 2135 1
2301 2767 1
1077 1038 1
401 735 1
211 1172 1
992 2648 1
1910 1543 1
2106 2747 1
1345 1324 1
3139 2498 1
3025 1036 1
1072 175 1
2946 358 1
1143 2661 1
1710 1236 1
2724 751 1
2887 1373 1
975 2956 1
2389 2117 1
2389 1313 1
1681 625 1
2037 969 1
1965 2246 1
1080 2435 1
1080 326 1
508 2023 1
508 766 1
508 687 1
508 2254 1
1014 347 1
1084 1184 1
2709 2201 1
2709 412 1
2142 2379 1
3047 2578 1
3019 591 1
1853 3020 1
1433 1336 1
2640 1492 1
1256 2774 1
369 1784 1
442 1738 1
650 1623 1
280 1 1
1915 310 1
1907 447 1
463 2451 1
2965 1775 1
2282 2769 1
2199 1379 1
2199 1557 1
1004 2311 1
291 1189 1
291 745 1
2991 478 1
165 2539 1
1701 2144 1
1406 1755 1
1836 2816 1
2472 2615 1
136 189 1
2493 1699 1
2322 1195 1
1743 266 1
186 71 1
612 2070 1
1542 1040 1
1351 308 1
2239 1568 1
1330 2673 1
2950 470 1
2950 2661 1
592 68 1
2708 495 1
398 62 1
2005 2862 1
2005 1802 1
2005 842 1
2005 142 1
925 2726 1
871 826 1
1754 2740 1
1795 1258 1
3037 138 1
1723 182 1
2006 2751 1
1468 1536 1
1918 2488 1
1450 1003 1
556 1709 1
953 532 1
3128 1217 1
845 909 1
2195 1139 1
1064 204 1
300 691 1
2948 1978 1
2035 776 1
2315 1471 1
2315 2412 1
1954 912 1
2711 1930 1
2530 2295 1
2573 1586 1
3091 2481 1
1566 2208 1
1634 2802 1
1721 2533 1
1015 338 1
1413 506 1
2126 2544 1
2183 2013 1
1341 1013 1
2857 2563 1
2116 2758 1
1130 1148 1
94 3130 1
1700 686 1
2086 2567 1
2703 3107 1
174 2022 1
778 1103 1
2698 9 1
2314 2068 1
966 2901 1
2678 1126 1
1826 1083 1
1732 2621 1
353 2719 1
1202 1882 1
2873 898 1
3026 1329 1
1219 103 1
894 639 1
366 388 1
780 2934 1
1496 899 1
2263 1282 1
1670 972 1
1454 1136 1
2084 402 1
3110 2656 1
1169 902 1
2430 2189 1
360 2203 1
2229 2814 1
2360 3115 1
2545 1180 1
3132 2631 1
2510 1643 1
1203 2756 1
3100 2200 1
1934 1273 1
441 690 1
42 764 1
383 1350 1
53 287 1
1124 1062 1
740 986 1
2542 1012 1
196 1580 1
3059 2872 1
417 2682 1
970 1980 1
822 2890 1
932 403 1
