447 2294 1
2846 3318 1
2846 1464 1
2846 5721 1
2846 1124 1
2846 366 1
2846 5994 1
2846 6073 1
2253 749 1
4710 91 1
616 4491 1
6234 1034 1
6234 2474 1
6234 2376 1
6234 31 1
6234 6109 1
6234 1754 1
4866 6001 1
3101 3109 1
935 4636 1
5659 3238 1
5659 2937 1
5659 3530 1
4317 3541 1
4317 254 1
895 6100 1
895 5203 1
895 4206 1
2114 713 1
2114 735 1
2114 6176 1
2114 4857 1
2114 82 1
2114 4533 1
2844 5205 1
2844 3434 1
2844 3611 1
2844 5571 1
3866 1867 1
3866 1886 1
246 3818 1
246 4183 1
615 1162 1
6508 1880 1
6508 2150 1
6508 1143 1
6508 4163 1
6508 2385 1
6508 112 1
6508 445 1
6508 2269 1
6508 6076 1
6508 1026 1
6508 1614 1
6508 6543 1
6508 4255 1
6508 215 1
6508 2079 1
6508 19 1
6508 6492 1
6508 2547 1
6508 3161 1
6508 2954 1
6508 2369 1
6508 5163 1
6508 5033 1
6508 2699 1
6508 4333 1
6508 295 1
5836 6052 1
5836 5651 1
5836 510 1
1719 5535 1
3532 1079 1
3532 1638 1
3532 5258 1
5611 1567 1
6417 3316 1
6417 2419 1
381 3216 1
497 1833 1
497 342 1
497 1984 1
497 6557 1
3604 2991 1
2322 2852 1
684 6020 1
684 4613 1
2590 4831 1
2590 4756 1
2590 1357 1
2590 5434 1
624 3286 1
4196 427 1
4196 1519 1
5028 388 1
4941 6053 1
4941 4290 1
2862 3416 1
4446 491 1
4446 3928 1
4446 1996 1
4446 3804 1
4446 161 1
4446 3648 1
2627 3499 1
5241 4166 1
4269 600 1
3716 2175 1
719 6491 1
719 3890 1
5485 4633 1
978 5378 1
978 1983 1
978 297 1
978 4798 1
978 4786 1
978 1176 1
944 5825 1
944 3925 1
944 43 1
1572 3665 1
92 1639 1
92 5300 1
5546 6470 1
759 4264 1
1748 6009 1
6452 5481 1
6142 6371 1
6142 5890 1
6142 3379 1
6142 3177 1
6142 1142 1
3371 1254 1
3371 2752 1
3371 5786 1
3374 5867 1
3374 3697 1
3374 754 1
3374 4509 1
3374 3907 1
3374 5151 1
3374 816 1
2793 2382 1
3144 6382 1
3144 6071 1
3144 1840 1
3144 4892 1
3144 4323 1
3144 1607 1
3144 4393 1
3144 2715 1
3144 1856 1
3144 2802 1
3144 2526 1
1119 783 1
1119 5083 1
1119 2263 1
1119 516 1
1119 173 1
1119 2971 1
1119 1713 1
1119 3149 1
1904 3598 1
72 4472 1
72 696 1
1074 4244 1
2385 2298 1
2385 4139 1
2385 5523 1
2385 4384 1
2385 6158 1
2385 5529 1
2385 2107 1
2385 3882 1
2385 2666 1
2385 6408 1
3740 3517 1
3740 428 1
3740 3527 1
5472 5105 1
3482 2693 1
3482 2441 1
5822 5884 1
5822 4326 1
5822 126 1
5971 5940 1
5971 4161 1
5010 335 1
5010 1839 1
5010 3951 1
5010 2583 1
4465 6111 1
1737 4682 1
1737 1523 1
699 6360 1
1936 405 1
1936 819 1
1158 5145 1
1158 1932 1
1158 4864 1
1158 5292 1
1158 2769 1
1158 4826 1
1158 962 1
1158 4431 1
1158 4754 1
1158 3780 1
1158 2371 1
2295 3777 1
2039 5646 1
2080 5204 1
2103 1177 1
2103 4623 1
2103 403 1
2103 3646 1
2103 5654 1
2103 2831 1
2103 4841 1
2103 5014 1
2103 2857 1
2103 4481 1
2103 2665 1
2103 84 1
2103 3902 1
2103 4873 1
2103 531 1
2103 1863 1
2103 4689 1
2103 4573 1
2103 3188 1
2189 3268 1
2189 4388 1
2189 6415 1
2189 2735 1
2189 5760 1
3966 2038 1
4596 5036 1
5338 5875 1
5338 6493 1
5338 4142 1
5338 3489 1
5338 1877 1
5338 3875 1
5338 5369 1
5338 3683 1
5338 6146 1
5338 1311 1
5338 1949 1
5338 4413 1
5338 414 1
3278 1599 1
3278 3220 1
5052 6562 1
5052 3665 1
5052 1572 1
5052 181 1
5052 4224 1
5052 5443 1
5052 4588 1
5052 791 1
5052 5162 1
5052 5606 1
5052 1094 1
5052 5460 1
5052 5507 1
5052 2454 1
5052 864 1
5052 4957 1
5052 6080 1
5052 1963 1
5052 5734 1
5052 314 1
5052 5616 1
5052 2934 1
5052 4272 1
5052 5399 1
5052 3805 1
5052 5195 1
5052 3407 1
5052 471 1
5052 2591 1
2034 1686 1
2034 2325 1
2034 3193 1
4949 3392 1
1120 2601 1
3455 1016 1
5597 2114 1
5597 6059 1
5597 6010 1
5597 6188 1
5597 4954 1
5597 3535 1
5597 3289 1
5597 3081 1
1404 2683 1
1404 5170 1
1404 6340 1
1404 2910 1
1404 5435 1
1404 543 1
1404 139 1
1404 1174 1
1404 6528 1
1404 1216 1
1404 4364 1
1404 4006 1
1404 5790 1
350 2500 1
350 1435 1
350 2083 1
5153 1779 1
9 4353 1
9 6025 1
3493 1925 1
1504 561 1
1504 2200 1
1504 70 1
1504 6373 1
1504 4327 1
1504 6221 1
3845 3675 1
3845 209 1
3845 384 1
2660 4135 1
2660 1491 1
3474 3121 1
3474 4373 1
3474 2035 1
3474 5883 1
3474 3789 1
3474 586 1
3474 5030 1
3474 6494 1
3474 1012 1
6375 1765 1
3600 5052 1
3600 1466 1
5352 1394 1
5352 3532 1
5352 3632 1
5352 4616 1
5352 5075 1
5352 3453 1
5352 4334 1
5352 2639 1
5352 946 1
5352 5526 1
3221 6260 1
3221 4640 1
3221 5713 1
1086 1290 1
2824 1936 1
2824 3291 1
2824 1884 1
2824 2948 1
2824 20 1
2824 6178 1
2824 1705 1
2824 5851 1
2824 4049 1
2824 4916 1
2824 2241 1
2824 3996 1
2824 5256 1
2824 2550 1
2824 2356 1
2824 6529 1
2824 3100 1
2824 5792 1
2824 5993 1
2824 1370 1
2824 708 1
2824 5085 1
2824 4069 1
2794 5489 1
2794 4345 1
24 4632 1
24 2257 1
5883 5109 1
5883 4675 1
5883 3516 1
5883 4872 1
5883 4474 1
5883 6386 1
5883 2802 1
5883 4398 1
5883 1670 1
2018 6332 1
2765 1170 1
1289 3344 1
1289 503 1
4698 1633 1
4888 1974 1
4888 1199 1
4888 256 1
3192 5101 1
2206 5524 1
2206 1035 1
2206 5673 1
3627 2834 1
3627 3360 1
3627 1282 1
2661 4193 1
2661 1553 1
2661 3466 1
2661 6399 1
2661 2049 1
2661 1694 1
2661 3909 1
2661 4805 1
2661 4159 1
2661 611 1
2661 421 1
2661 6323 1
2661 456 1
965 2607 1
3213 4592 1
3213 6334 1
3213 5390 1
5127 5124 1
5127 6336 1
5127 1324 1
5127 5873 1
5127 5965 1
5127 1445 1
5127 2225 1
5127 4394 1
5127 5831 1
5127 3763 1
5127 1998 1
5127 2840 1
5127 1601 1
5127 4806 1
5127 1066 1
5127 1185 1
5127 444 1
5127 2288 1
5127 5766 1
5127 6224 1
5127 4265 1
5127 6567 1
5127 5211 1
5127 3283 1
5127 5041 1
5127 2481 1
5127 4930 1
5127 2281 1
5127 1582 1
5127 200 1
5127 1617 1
5809 5968 1
5809 114 1
5809 4846 1
5809 2749 1
5809 416 1
5809 5178 1
5809 5963 1
5809 2631 1
5809 77 1
5809 2497 1
5809 2700 1
5809 2429 1
5809 1972 1
5809 876 1
5809 1581 1
792 4409 1
918 5259 1
918 3298 1
918 6060 1
918 481 1
918 5748 1
918 5453 1
918 4913 1
918 1497 1
918 3760 1
918 557 1
6112 5980 1
6112 195 1
4027 1237 1
4027 1663 1
5683 6392 1
5002 945 1
2957 1042 1
4808 5631 1
4808 271 1
6337 2871 1
6337 4073 1
6337 5263 1
6337 5540 1
6337 3568 1
6337 5813 1
6337 1866 1
6337 1969 1
6337 425 1
6337 1822 1
6337 727 1
6337 4424 1
2789 4150 1
2789 1224 1
2789 3120 1
2789 3625 1
2789 1014 1
2789 4752 1
2789 4835 1
2789 134 1
2789 5288 1
2789 1881 1
2789 95 1
2789 3756 1
960 3479 1
2237 2767 1
5503 3732 1
5351 693 1
5351 303 1
5351 3375 1
5351 45 1
5351 2156 1
5351 1665 1
5351 6469 1
5351 3304 1
5351 6099 1
5351 3365 1
5351 5781 1
5043 3948 1
5043 2362 1
5043 6137 1
5043 3993 1
5043 4066 1
5043 4203 1
5043 4535 1
5043 5168 1
5043 1736 1
5043 220 1
5043 2805 1
5043 521 1
5043 859 1
5043 1146 1
5043 5229 1
5043 6525 1
5043 4425 1
5043 2372 1
5043 2533 1
5043 2319 1
5043 2284 1
2790 5342 1
2790 2725 1
2790 2022 1
2790 6400 1
2790 5815 1
2790 886 1
2790 5445 1
2790 1032 1
2790 5260 1
2790 6347 1
2790 3347 1
2790 5209 1
2790 486 1
2582 5092 1
237 5979 1
4631 1580 1
5447 4511 1
5447 4502 1
5447 1338 1
5447 5687 1
5447 3103 1
5447 5082 1
5447 1743 1
5447 4297 1
5143 508 1
5143 3639 1
5143 3066 1
5143 3627 1
5143 2090 1
5143 3644 1
5143 884 1
5143 1210 1
5143 5976 1
5143 741 1
5143 2314 1
5143 5446 1
5143 258 1
5143 1832 1
5143 4304 1
5143 4713 1
5143 1141 1
5143 23 1
5143 1643 1
5143 2710 1
5143 763 1
5143 4778 1
5143 6498 1
5143 1774 1
4051 5985 1
2154 4604 1
3002 6504 1
3002 280 1
3002 4732 1
3002 4897 1
3002 5329 1
3002 5447 1
3002 2529 1
3002 1907 1
3002 688 1
3002 5544 1
3002 4115 1
3002 3567 1
3002 1006 1
3002 3231 1
3002 3015 1
3002 4740 1
3002 2042 1
3002 4610 1
3002 6264 1
3002 6243 1
3002 664 1
3002 887 1
3002 2283 1
3002 2800 1
3002 5505 1
3002 1439 1
3342 4690 1
5110 4827 1
4637 2186 1
901 5719 1
901 1718 1
901 6046 1
901 2732 1
901 4595 1
901 3011 1
901 5018 1
901 4324 1
901 5242 1
901 3376 1
901 2941 1
901 4794 1
3019 796 1
636 5687 1
1224 5744 1
1224 633 1
1224 2040 1
1224 6189 1
1224 1684 1
1224 3651 1
1224 3784 1
1224 5667 1
1224 2344 1
1224 3775 1
1224 3260 1
1224 73 1
1224 580 1
1224 5837 1
1224 84 1
1224 2403 1
1224 6068 1
1224 5003 1
148 2608 1
148 6465 1
148 5058 1
148 6326 1
1761 5401 1
1761 3287 1
1549 6066 1
1549 1428 1
1549 6569 1
1549 5725 1
1549 1701 1
1549 5144 1
1549 868 1
1549 928 1
1549 6537 1
2734 218 1
3432 372 1
448 1084 1
5364 2945 1
5364 3213 1
5364 5671 1
5364 4312 1
5364 5703 1
5364 2287 1
5364 4858 1
5364 581 1
5364 2695 1
5364 1711 1
5364 1470 1
5364 5613 1
5364 773 1
5364 40 1
5364 6573 1
5364 4426 1
5364 4723 1
5364 6367 1
5364 6055 1
4632 5770 1
4632 132 1
4632 5271 1
4632 117 1
4632 2780 1
4632 4307 1
4632 1490 1
4632 3329 1
4632 4825 1
4632 1306 1
4632 4295 1
4632 1058 1
4632 2329 1
4632 1147 1
4632 3041 1
4632 3728 1
4632 2791 1
4632 5029 1
4632 3032 1
4632 2092 1
4632 2516 1
4632 6186 1
4632 4568 1
4632 4541 1
4632 4468 1
4632 2428 1
4632 715 1
4632 5589 1
4632 2773 1
4632 1550 1
4632 5478 1
4632 3647 1
5519 6484 1
1585 3717 1
1585 3044 1
1585 3424 1
1585 2814 1
5152 1499 1
5152 6422 1
5152 4174 1
5152 3395 1
5152 956 1
5152 2524 1
5152 2728 1
5152 1901 1
5152 6552 1
5152 5397 1
5152 5576 1
5152 5031 1
5152 2783 1
5152 5623 1
5152 2196 1
2873 493 1
2873 4486 1
5437 2226 1
5437 2085 1
1667 3046 1
8 1876 1
8 65 1
37 3154 1
37 4201 1
6333 1425 1
6333 5917 1
6333 1202 1
6333 5048 1
3944 2570 1
923 3179 1
4064 143 1
4064 2103 1
4064 4582 1
4064 3586 1
4064 186 1
4064 2415 1
900 2297 1
3359 283 1
4117 540 1
4117 5035 1
4117 2637 1
4117 737 1
4117 334 1
4117 175 1
4117 4330 1
2446 2120 1
1704 6577 1
2142 118 1
2142 4477 1
608 53 1
5419 4594 1
5419 3703 1
4262 3090 1
4262 5293 1
4262 3449 1
2065 6523 1
2615 1377 1
2615 1071 1
2615 2259 1
2615 2025 1
2615 3691 1
2615 6579 1
2615 5590 1
2615 2414 1
2615 4611 1
2615 3319 1
2615 313 1
2615 3767 1
2615 3959 1
2615 124 1
2615 2629 1
3802 5499 1
4363 2677 1
4363 4675 1
4363 3472 1
4363 1349 1
4363 1917 1
4363 4594 1
4363 4110 1
4363 4503 1
4363 966 1
4363 2923 1
4363 1362 1
4363 4602 1
4363 1368 1
4363 4240 1
4891 981 1
4891 5147 1
4244 1766 1
4244 3803 1
4244 1675 1
4244 1487 1
4244 1985 1
4244 6057 1
4244 2381 1
4244 2620 1
4244 1331 1
2141 828 1
38 3346 1
38 1724 1
38 4587 1
38 3916 1
442 1520 1
1332 6030 1
3935 1055 1
3935 2027 1
251 6102 1
251 505 1
251 249 1
251 820 1
251 1236 1
251 1980 1
251 1993 1
251 3995 1
251 4782 1
251 2289 1
2067 3244 1
3708 3230 1
3708 6027 1
4251 5943 1
4505 978 1
4505 154 1
4505 2824 1
4505 148 1
4505 5364 1
4505 2160 1
4505 5484 1
4505 1841 1
4505 3596 1
4505 3955 1
4505 4311 1
4505 5450 1
4505 5762 1
4505 3547 1
4505 5669 1
4505 3733 1
4505 1 1
4505 2656 1
766 6437 1
766 4882 1
1193 538 1
1193 6531 1
1193 207 1
1193 5482 1
1193 376 1
1193 6363 1
1193 450 1
1193 4817 1
1193 4199 1
1193 4564 1
4225 5311 1
4225 435 1
6308 2855 1
6308 3811 1
6308 188 1
6308 2672 1
6308 436 1
6308 668 1
6308 3183 1
6308 2665 1
6308 591 1
6308 2670 1
6308 3264 1
6308 165 1
2463 3242 1
2463 3317 1
2463 1593 1
526 4978 1
526 1267 1
526 4094 1
526 3214 1
526 1448 1
526 1334 1
526 2893 1
526 4763 1
526 5958 1
5013 5369 1
3705 3124 1
3136 2431 1
3412 1496 1
3412 6248 1
4519 2784 1
4519 5065 1
4519 4605 1
4519 2528 1
4213 4519 1
5965 4 1
5965 3061 1
5965 1733 1
5965 1030 1
5965 2798 1
5965 5462 1
5965 2409 1
5965 5624 1
5965 2990 1
5965 5988 1
5965 2557 1
5965 2183 1
255 3619 1
736 2138 1
4148 4013 1
4148 5530 1
6372 4712 1
6372 2781 1
6372 2588 1
5428 1930 1
5428 5042 1
5428 618 1
5428 2901 1
5428 1870 1
5428 5594 1
5428 5027 1
5428 4170 1
5428 908 1
5428 4995 1
5428 4156 1
5428 2986 1
6325 4121 1
6325 5828 1
2675 5091 1
1110 4653 1
362 1411 1
362 2430 1
362 6182 1
86 6159 1
1879 3043 1
3247 4111 1
2447 182 1
2181 5307 1
2181 5750 1
2181 2944 1
2181 4044 1
2181 5216 1
2181 6524 1
2181 2709 1
2181 1169 1
2181 1361 1
2181 2419 1
2181 725 1
3120 1647 1
3120 4963 1
3120 211 1
3120 4403 1
3120 4079 1
3120 4123 1
3120 5736 1
3120 5650 1
3120 5888 1
3120 1190 1
3120 2636 1
5106 3353 1
1275 6296 1
1275 6378 1
2078 3401 1
2847 2703 1
2847 1410 1
2847 2501 1
2847 4152 1
2847 6172 1
2847 345 1
2847 2600 1
2847 5106 1
2847 3655 1
2847 1613 1
2847 260 1
2847 2678 1
2847 1960 1
2847 5194 1
2847 1698 1
2847 1611 1
2847 5528 1
2847 4626 1
2847 2882 1
2847 5742 1
2847 4722 1
2847 5751 1
2847 5159 1
2847 1309 1
2847 6321 1
2847 5595 1
2847 2640 1
2847 6480 1
2847 2651 1
2847 5322 1
2847 1078 1
2847 3584 1
2847 2782 1
2847 1916 1
2847 3403 1
2847 2638 1
2847 48 1
2847 6549 1
2847 1144 1
2847 5754 1
2847 6107 1
2847 986 1
2847 5863 1
2847 3299 1
2847 1449 1
2847 2994 1
2847 3170 1
2847 1618 1
2847 3191 1
2847 3496 1
2847 147 1
2847 2655 1
2847 3492 1
2847 2552 1
2847 2860 1
2847 6238 1
2847 4234 1
2847 2827 1
2847 2077 1
1642 269 1
4543 4885 1
4543 3198 1
4543 2902 1
4543 3770 1
4543 691 1
4543 4643 1
5146 2418 1
5146 649 1
5146 2924 1
5146 4681 1
5146 404 1
5146 2925 1
5146 3937 1
5146 2098 1
5146 647 1
5146 3939 1
5146 5440 1
2315 1444 1
2315 4374 1
2315 3110 1
2315 338 1
2315 1064 1
2315 4296 1
1526 2796 1
1756 266 1
2935 1620 1
1207 568 1
3293 1976 1
3078 5691 1
3078 4674 1
3078 3292 1
3078 6077 1
3078 4730 1
2933 1423 1
4994 360 1
4994 5877 1
4994 898 1
4994 1091 1
4994 857 1
4994 2676 1
4994 1871 1
4994 197 1
4994 5992 1
4994 6435 1
4994 4443 1
4994 6384 1
4994 5431 1
6299 835 1
6299 3544 1
3734 6098 1
3734 1781 1
3734 3640 1
3734 764 1
3734 602 1
3515 3377 1
3515 6210 1
3515 255 1
3515 3093 1
3515 6054 1
3515 6153 1
3515 5468 1
3515 288 1
3515 4336 1
3515 1595 1
3515 4724 1
3515 6144 1
3515 462 1
775 830 1
3952 6443 1
2332 6497 1
2332 2145 1
2332 6228 1
915 4247 1
915 6119 1
2266 673 1
3106 3473 1
1533 1721 1
1613 1059 1
1613 3058 1
1613 3178 1
1613 593 1
1613 3250 1
1613 5702 1
1613 3084 1
1613 980 1
1613 6475 1
1613 619 1
1613 4742 1
1613 2229 1
487 4553 1
3334 3667 1
3334 793 1
3057 5487 1
3057 2712 1
843 658 1
843 5617 1
843 2475 1
843 960 1
843 2888 1
843 229 1
843 3479 1
4480 2490 1
4480 5896 1
4480 4155 1
4480 2056 1
4485 6253 1
4084 3052 1
1869 3950 1
2036 4685 1
2268 2866 1
2271 5197 1
5853 5700 1
6149 5625 1
6149 2456 1
6149 6316 1
6149 3495 1
6149 1926 1
5046 6197 1
5046 1418 1
5046 6218 1
5046 1172 1
5694 2388 1
3689 1426 1
3689 2866 1
3689 5299 1
3689 3109 1
5374 1350 1
5374 4548 1
2974 2469 1
2974 3338 1
2974 3963 1
2974 6062 1
2974 6266 1
2974 88 1
2974 2493 1
2974 5056 1
2974 2955 1
2974 3393 1
2974 5601 1
2974 3369 1
2974 5754 1
2974 5238 1
2974 3288 1
2974 1579 1
2974 528 1
2974 6389 1
2974 4669 1
4328 2916 1
4328 4041 1
5906 1895 1
5906 5695 1
6377 3782 1
6377 5370 1
6377 2807 1
6377 1312 1
6377 4960 1
6377 474 1
6377 332 1
6377 2982 1
2621 4303 1
2621 2041 1
5986 6150 1
5096 5314 1
478 2760 1
478 2906 1
478 2276 1
4499 4414 1
4089 606 1
4089 522 1
4089 4493 1
4089 232 1
4089 611 1
4089 1906 1
4089 4128 1
4089 4483 1
4089 1220 1
4089 3152 1
4089 4418 1
5718 5812 1
5718 4595 1
210 4996 1
3587 4942 1
3587 5870 1
3587 5093 1
3587 304 1
3079 5947 1
2097 2824 1
2097 302 1
3086 3917 1
3086 6075 1
3086 5562 1
3086 1681 1
2204 6103 1
5174 1481 1
5409 2323 1
2113 4376 1
2113 5800 1
2113 352 1
2113 5628 1
2113 6423 1
2113 79 1
2113 732 1
2113 3721 1
2113 807 1
2113 3008 1
2113 1041 1
2113 5981 1
2113 3834 1
2113 101 1
6024 3336 1
113 3308 1
113 2546 1
113 5021 1
113 4678 1
4655 2611 1
2424 4527 1
4986 5125 1
4986 2544 1
2887 2912 1
936 846 1
1242 3667 1
1242 5618 1
1242 2399 1
2290 3498 1
2290 6041 1
6443 4860 1
6443 3810 1
6443 4108 1
2804 2874 1
402 1462 1
2091 579 1
2091 477 1
2091 204 1
2091 2498 1
2091 5604 1
6088 5451 1
6088 3199 1
6088 2506 1
6088 3941 1
6269 3881 1
6278 386 1
670 3087 1
670 632 1
670 681 1
670 1482 1
670 603 1
670 1246 1
670 3102 1
670 3519 1
2032 3562 1
2032 5635 1
2032 2223 1
2032 5855 1
2032 2561 1
2032 4534 1
2032 5536 1
2032 78 1
6165 6194 1
4228 3747 1
5976 957 1
5976 2318 1
6455 5602 1
688 6272 1
688 5532 1
6195 3912 1
6195 1049 1
6195 6575 1
938 3976 1
1515 5411 1
3735 1831 1
3735 5412 1
3735 4338 1
3580 1945 1
3580 1393 1
2913 5126 1
3885 6382 1
3885 1607 1
3885 6386 1
3885 4400 1
3885 4787 1
4169 3879 1
4467 1955 1
6471 1473 1
6561 6517 1
6561 890 1
1251 2485 1
1251 4034 1
1251 5657 1
1280 406 1
1280 2567 1
1280 1239 1
1280 3801 1
1280 5340 1
1280 2502 1
785 2817 1
2249 4374 1
2249 5040 1
2249 4296 1
70 5094 1
4025 2157 1
2989 5384 1
2989 62 1
245 6251 1
27 6495 1
27 2102 1
3704 3582 1
3704 5317 1
3704 4563 1
6216 4482 1
6216 5294 1
2596 723 1
2596 964 1
2596 1769 1
2596 4386 1
700 553 1
700 422 1
700 5255 1
700 6502 1
700 1584 1
700 1248 1
4380 4924 1
4380 1017 1
4380 1801 1
4380 1300 1
4380 2480 1
4380 862 1
4380 265 1
4380 2334 1
4380 6487 1
4380 2275 1
4583 6047 1
902 4686 1
902 787 1
902 4406 1
6359 532 1
2123 4878 1
527 3387 1
1800 2237 1
738 78 1
1329 5584 1
1861 1808 1
1861 4194 1
1861 4961 1
1861 272 1
1861 6329 1
1861 2311 1
1861 1070 1
1861 5207 1
1861 4490 1
1861 1729 1
1861 3867 1
1861 129 1
1861 3014 1
1861 3768 1
1861 1561 1
1861 2217 1
1861 1977 1
1861 5077 1
1861 5573 1
1861 3520 1
1861 1858 1
1861 2507 1
1861 6395 1
1861 5449 1
1861 1558 1
1861 4378 1
1861 50 1
1861 2149 1
1861 3398 1
1861 722 1
1861 1715 1
1861 290 1
1861 4127 1
1861 2711 1
2523 2184 1
2523 5920 1
2523 6289 1
6459 4640 1
1778 4002 1
4780 3456 1
4780 2214 1
3125 2927 1
3125 6453 1
3125 4387 1
2410 1720 1
4455 5747 1
4455 5865 1
4455 2947 1
2883 496 1
5005 3589 1
5580 2143 1
4692 5607 1
4692 3413 1
4692 3148 1
1107 4748 1
1107 1536 1
1107 3724 1
1107 1541 1
5557 5006 1
6303 5780 1
6303 4645 1
308 800 1
308 929 1
308 1463 1
1804 6148 1
1804 5141 1
6171 6259 1
6171 6362 1
774 2238 1
2075 1810 1
2075 1556 1
5728 1821 1
5728 2869 1
5728 812 1
2816 1827 1
2493 1755 1
2493 3327 1
2493 3302 1
2493 4943 1
2493 1351 1
2493 6454 1
2493 4947 1
2493 5098 1
2493 6179 1
4101 1826 1
5830 1479 1
5830 6183 1
5830 5658 1
5830 3500 1
5830 6192 1
5830 975 1
5830 3945 1
5830 4040 1
1527 12 1
5129 1600 1
118 3992 1
118 2005 1
118 3958 1
118 3427 1
178 5344 1
3119 4938 1
3119 1683 1
2580 1053 1
2580 3533 1
2580 4580 1
2580 4093 1
2580 5985 1
2580 4641 1
1883 3480 1
1883 5569 1
5122 6237 1
5122 2920 1
5122 3835 1
5122 3393 1
2831 2040 1
2831 2400 1
2831 3737 1
2831 1243 1
2831 1212 1
2831 4807 1
2831 3016 1
2831 4980 1
2831 3505 1
2831 5003 1
2831 5957 1
4905 4707 1
4905 5952 1
4905 1257 1
4905 2109 1
4905 5285 1
4905 2063 1
4905 3020 1
4905 1300 1
4905 3367 1
4905 2564 1
4905 5486 1
4905 1674 1
4905 1437 1
4905 4845 1
4905 1381 1
4905 1777 1
6070 3196 1
6070 871 1
1518 892 1
2376 5234 1
2376 6419 1
2376 6585 1
2376 2044 1
2376 2309 1
2376 4258 1
2376 2383 1
2376 595 1
2376 5541 1
2376 6324 1
2376 3139 1
2376 1450 1
2376 3389 1
6178 2470 1
6178 2647 1
6178 5224 1
6178 5939 1
6178 2256 1
6178 5192 1
6178 6376 1
6178 3662 1
6178 3701 1
6178 751 1
911 6508 1
911 4078 1
911 3842 1
911 4516 1
911 3380 1
911 1813 1
911 6150 1
911 1436 1
911 107 1
911 2167 1
911 1424 1
911 5208 1
911 2953 1
911 6314 1
911 3873 1
911 511 1
911 6505 1
911 3399 1
911 5070 1
911 3536 1
911 6286 1
911 4179 1
911 6241 1
911 4302 1
4886 2977 1
3031 3045 1
273 4907 1
6515 2979 1
3197 5690 1
621 1950 1
1705 97 1
1705 6184 1
1705 2005 1
1705 4072 1
1705 6117 1
1705 2820 1
1705 2776 1
1705 788 1
1705 5245 1
4677 489 1
21 2199 1
21 3849 1
21 4003 1
1970 2659 1
1970 4984 1
1970 3355 1
1970 2420 1
1970 5716 1
1970 123 1
1970 1414 1
1970 989 1
1970 466 1
1970 1044 1
1970 4181 1
1970 150 1
2073 6233 1
2073 430 1
2073 6232 1
2073 4055 1
2073 6489 1
2073 5152 1
2073 2887 1
2073 731 1
2073 2989 1
2073 3706 1
2073 4629 1
2073 2619 1
2073 4391 1
2073 6275 1
2073 1731 1
2073 1480 1
2073 1315 1
2073 1043 1
2073 5432 1
2073 2375 1
2073 3605 1
2073 904 1
1061 5071 1
1061 3570 1
259 6016 1
2742 1169 1
1466 3665 1
1466 5483 1
1466 2053 1
1466 3847 1
1466 3609 1
1466 6313 1
1466 4931 1
1466 98 1
1466 2342 1
1466 6401 1
1466 5561 1
1466 2365 1
1466 4222 1
1466 162 1
1466 4957 1
1466 2907 1
1466 559 1
1466 5991 1
1466 5464 1
1466 3312 1
1466 4005 1
1466 459 1
1466 5180 1
1466 2808 1
1466 5542 1
1466 2999 1
1466 638 1
1466 3407 1
1466 471 1
1466 2330 1
1466 6023 1
1842 5806 1
1842 5218 1
1842 3511 1
1842 5104 1
1842 2743 1
1842 3212 1
1842 6583 1
1842 4377 1
1842 1640 1
1842 4344 1
1842 3071 1
87 1201 1
6231 2389 1
6231 5469 1
6231 6291 1
6231 2984 1
6231 755 1
6231 1988 1
6231 4628 1
1798 3391 1
1798 1441 1
1798 3127 1
1798 1597 1
1798 386 1
1798 177 1
1798 2530 1
1798 2262 1
1798 3098 1
1798 1957 1
1798 3614 1
5851 2968 1
3905 5479 1
3905 6173 1
4898 1847 1
3615 5678 1
2573 4969 1
5490 6308 1
5490 2690 1
5490 2833 1
5490 1108 1
5490 6463 1
5490 4657 1
5490 5150 1
5490 1538 1
5490 6450 1
5490 446 1
5220 5925 1
5220 4214 1
463 2178 1
463 179 1
2411 6391 1
5404 6432 1
5404 1412 1
5404 5923 1
5404 1070 1
5404 2228 1
5404 2221 1
5404 3768 1
5404 2218 1
5404 4664 1
5404 2566 1
5404 1650 1
5404 2095 1
1325 5038 1
6397 5615 1
6481 6240 1
2616 2740 1
2099 3757 1
2099 5767 1
5738 1596 1
644 6379 1
3404 1819 1
3404 2992 1
1599 3275 1
1599 71 1
1599 2215 1
1937 4549 1
4385 2057 1
1621 4278 1
1621 1122 1
5918 60 1
5918 5337 1
5918 1039 1
5918 4292 1
5918 630 1
5918 4195 1
5918 420 1
5918 4508 1
5918 1457 1
5500 5655 1
5500 4070 1
5500 6268 1
5500 281 1
5500 694 1
106 1000 1
106 6578 1
106 4552 1
106 2222 1
106 3023 1
106 6095 1
106 2587 1
106 1395 1
106 3817 1
106 998 1
4232 2452 1
4232 1323 1
4232 4085 1
4232 4837 1
1365 4795 1
786 6037 1
3036 2089 1
2803 6267 1
2803 2338 1
2803 4001 1
2803 4389 1
2803 321 1
2803 424 1
2803 5755 1
2803 1594 1
2803 1956 1
2803 592 1
2803 5707 1
2803 882 1
2803 5095 1
2803 4800 1
2803 6161 1
2803 1273 1
2803 2324 1
2803 4436 1
2803 642 1
2803 5270 1
2803 1823 1
2803 1506 1
2519 1353 1
2842 1188 1
2842 2054 1
2842 4788 1
3364 3107 1
3364 6293 1
3364 3548 1
3364 577 1
3364 3331 1
3364 5084 1
3364 823 1
3364 5102 1
4844 6136 1
599 1253 1
1588 781 1
1588 3809 1
1588 4507 1
1588 5371 1
1588 544 1
1588 5226 1
1588 5943 1
1588 4019 1
5148 631 1
677 4439 1
677 551 1
677 4149 1
677 4427 1
677 575 1
2462 3209 1
2462 6380 1
1121 3637 1
1121 900 1
1121 5161 1
1121 5213 1
1121 5558 1
1121 1848 1
1121 391 1
1121 2997 1
1121 4889 1
1121 2553 1
1121 2 1
1121 5375 1
1121 5493 1
1121 3396 1
1121 6134 1
1121 1443 1
1121 458 1
1121 4793 1
4428 6160 1
3263 6503 1
6477 3964 1
1268 4512 1
5704 5196 1
5445 2554 1
5445 1438 1
5445 5839 1
5315 750 1
5315 5274 1
5315 545 1
5315 831 1
5315 3868 1
4858 3426 1
4858 3514 1
5354 3240 1
5354 6396 1
5354 2806 1
4579 2010 1
4579 2105 1
5865 5114 1
5865 1149 1
4484 3410 1
1839 6330 1
1839 457 1
1839 4956 1
1839 3577 1
3764 4081 1
3764 1890 1
3764 2477 1
3764 6202 1
3764 1303 1
3764 6152 1
3764 5743 1
3764 2063 1
3764 746 1
3764 4905 1
3764 1512 1
3764 463 1
3764 5354 1
3764 5484 1
3764 3975 1
3764 1841 1
3764 1707 1
3764 158 1
3764 63 1
3764 1762 1
3764 3435 1
3764 1381 1
3764 5265 1
3764 6011 1
3764 1500 1
3764 2496 1
3764 2364 1
3764 772 1
5246 6079 1
4629 1229 1
4629 4893 1
4629 3852 1
4629 6345 1
4629 4790 1
4629 4676 1
4629 5308 1
4629 417 1
4629 2112 1
4629 2001 1
4629 3636 1
4629 924 1
4629 5567 1
4629 1406 1
4629 2161 1
4629 3502 1
4629 5520 1
2775 1570 1
2921 5123 1
5827 1850 1
1779 6328 1
1779 5779 1
1779 1262 1
1779 973 1
1779 2302 1
1779 4654 1
1779 5330 1
1779 4098 1
1779 1452 1
1779 140 1
6280 253 1
6280 1232 1
6280 3953 1
6280 5267 1
1542 2859 1
5216 4044 1
5216 2377 1
5216 3132 1
5216 2191 1
5216 725 1
6482 1622 1
6482 3750 1
6482 2408 1
6482 2358 1
6482 2213 1
6482 412 1
6482 3118 1
6482 6433 1
6482 4048 1
6482 419 1
6482 5377 1
5574 2878 1
5574 6444 1
5574 149 1
4331 5717 1
4331 4871 1
1048 1134 1
2965 5158 1
5934 6315 1
5934 1369 1
3074 6294 1
3074 6123 1
3271 1033 1
4582 4466 1
1829 1285 1
1829 1602 1
1829 4515 1
3672 4887 1
2895 4661 1
3133 960 1
3133 5372 1
3133 1296 1
1965 4919 1
5326 4617 1
2317 1504 1
2317 1510 1
2317 6220 1
6271 571 1
1531 3488 1
1531 3244 1
1531 2854 1
1488 3128 1
1488 5391 1
1488 3414 1
1488 1806 1
1488 1648 1
1488 3841 1
1488 560 1
1488 3477 1
1488 5247 1
1509 5769 1
1509 2572 1
1509 2139 1
1509 4216 1
1509 3778 1
1509 2290 1
1509 2584 1
1509 25 1
1509 663 1
1509 2706 1
1509 3253 1
1509 2472 1
1509 5862 1
1509 6177 1
1509 1557 1
1509 1770 1
1509 5191 1
1509 6196 1
1509 6209 1
1509 4551 1
1509 1908 1
1509 4574 1
1509 626 1
1802 2929 1
3237 410 1
3237 6230 1
3237 1136 1
3237 4599 1
3237 4695 1
3237 4464 1
3237 3679 1
4539 870 1
4539 2911 1
4539 1075 1
4539 940 1
393 6 1
2059 5386 1
1692 692 1
1692 1787 1
1371 5193 1
4833 3790 1
1971 4803 1
748 838 1
3270 4227 1
4235 5063 1
2030 1156 1
2398 3313 1
2398 1609 1
2398 4988 1
2270 2736 1
2270 3065 1
2270 813 1
2270 3892 1
2270 5789 1
2270 357 1
2270 1264 1
2270 4202 1
2270 4671 1
2270 2914 1
2270 5832 1
2270 5190 1
4176 3401 1
4176 3325 1
4834 3710 1
4834 5668 1
4834 3997 1
4834 1851 1
4834 1277 1
4834 5706 1
4834 5068 1
4834 2644 1
4834 377 1
655 4492 1
2947 4191 1
2947 3146 1
4450 5659 1
1109 1682 1
2713 1931 1
3880 5338 1
3880 4525 1
3880 1600 1
3880 1391 1
3880 2581 1
3880 6054 1
3880 1606 1
3880 3550 1
3880 5572 1
3880 6008 1
3880 1846 1
3880 4539 1
3880 5480 1
3880 3543 1
3880 5885 1
3880 2721 1
3880 5306 1
3880 2355 1
3880 4004 1
906 2609 1
3975 69 1
3975 1138 1
3975 3155 1
3975 4650 1
3975 2047 1
3975 1853 1
3975 3431 1
3975 4399 1
4494 3840 1
4494 5300 1
4494 5789 1
4494 4774 1
4494 6446 1
4494 1981 1
4494 4259 1
2339 594 1
4096 2886 1
1392 4371 1
1392 5931 1
1392 2404 1
1392 6499 1
927 2959 1
1222 3385 1
1222 1498 1
1811 1836 1
1811 285 1
1811 880 1
1811 415 1
1811 5243 1
1811 1896 1
1811 1831 1
1811 1576 1
1811 4131 1
1811 2664 1
1811 789 1
1811 872 1
1811 533 1
1811 6571 1
1811 4767 1
1811 397 1
1528 6007 1
11 5653 1
11 1154 1
11 3442 1
11 794 1
11 3832 1
5417 4907 1
5442 6094 1
317 5509 1
317 4630 1
317 3248 1
5801 4880 1
5801 4950 1
5801 375 1
5801 4351 1
5801 5120 1
398 3734 1
398 5444 1
398 6393 1
398 315 1
398 305 1
398 1131 1
2820 1205 1
2756 3622 1
5112 2973 1
5679 4012 1
3603 5387 1
3603 974 1
3603 2193 1
3603 2310 1
3603 3089 1
3162 4989 1
3162 1258 1
3339 4944 1
3339 5670 1
3339 6154 1
3339 6479 1
3339 3030 1
3339 323 1
5845 6383 1
5845 6131 1
5845 1516 1
5845 4100 1
5845 5926 1
5845 666 1
5845 3591 1
1825 5704 1
4811 5078 1
1087 223 1
1087 4289 1
5413 6185 1
4921 915 1
5645 5107 1
5349 3776 1
5349 2328 1
5349 93 1
5960 6225 1
5960 5287 1
5960 5061 1
5960 4908 1
2217 1808 1
2217 2730 1
2217 1729 1
2217 5236 1
2217 4792 1
687 2541 1
1288 2671 1
2373 4350 1
2373 605 1
2373 939 1
2373 3612 1
2373 4606 1
3222 3357 1
5470 4395 1
1476 918 1
1476 1814 1
1476 1280 1
1476 2081 1
1476 2511 1
1476 4939 1
1476 1786 1
1476 3163 1
1476 5967 1
1476 120 1
1431 3362 1
1431 1123 1
1431 3643 1
1431 704 1
4806 4737 1
399 4874 1
4256 2650 1
5064 6242 1
1534 3300 1
5954 3116 1
5954 6550 1
5954 1543 1
5954 57 1
5954 2460 1
1069 5001 1
1909 5080 1
6042 3339 1
2704 3736 1
3727 1113 1
4153 4309 1
4153 3274 1
4153 5756 1
4153 4249 1
4153 1903 1
4153 3607 1
4153 480 1
1595 5610 1
1938 1695 1
1962 5596 1
6348 3451 1
6220 826 1
6220 3825 1
6220 1878 1
6220 4694 1
73 2512 1
287 3633 1
287 4275 1
2953 1023 1
2953 3858 1
2953 2762 1
2953 1551 1
2953 6457 1
2953 5921 1
2953 678 1
1287 4965 1
1287 1004 1
1287 1425 1
1287 169 1
1287 739 1
1287 4746 1
1287 264 1
1287 5907 1
1287 3859 1
1287 1092 1
1287 5373 1
1287 2515 1
1287 1333 1
1287 1130 1
1287 2872 1
4185 4204 1
3886 4608 1
5476 3985 1
5620 3713 1
5620 3826 1
3122 2265 1
3122 5652 1
3122 3645 1
3122 4951 1
1032 3112 1
1032 1295 1
1032 389 1
1032 1852 1
1032 4561 1
1032 5303 1
1032 4441 1
1032 3184 1
3831 5131 1
3386 790 1
298 5599 1
4789 3972 1
1284 3051 1
2525 2282 1
5640 5138 1
2920 943 1
2920 3786 1
2920 2527 1
2920 2608 1
2920 3848 1
2920 3815 1
2920 185 1
2920 2829 1
2920 1281 1
2920 3599 1
2920 2884 1
2920 4879 1
2920 3814 1
2920 1302 1
2920 1990 1
2920 3195 1
2920 64 1
4779 1160 1
6083 6024 1
4712 3537 1
4712 6448 1
4712 2237 1
4712 4828 1
4712 3004 1
4712 2692 1
4712 6070 1
4712 1465 1
4712 4124 1
4712 994 1
4712 3578 1
4712 6482 1
4712 5614 1
4712 5049 1
4712 2845 1
4712 4099 1
4712 2461 1
4712 3745 1
4712 2634 1
4712 3883 1
4712 4260 1
4712 4770 1
1644 2873 1
1644 5281 1
1644 2374 1
1644 3714 1
1644 5489 1
4801 4590 1
662 4209 1
4171 3932 1
2137 1099 1
3978 4192 1
3978 2867 1
3978 1723 1
3978 1402 1
3978 2853 1
3978 6190 1
3978 697 1
3978 2185 1
3978 2838 1
3978 701 1
3978 127 1
3978 1757 1
3978 4709 1
3978 3166 1
1148 368 1
1148 2407 1
1148 316 1
4700 5813 1
6430 4501 1
3702 3129 1
3702 779 1
3702 821 1
3702 1829 1
3702 174 1
4207 5187 1
2826 2181 1
2826 3890 1
3337 846 1
3393 4853 1
509 2635 1
6283 542 1
4298 4854 1
5887 4341 1
5887 3186 1
5644 1655 1
6339 790 1
6339 965 1
6339 2877 1
6339 2274 1
6339 4863 1
6339 5290 1
6339 6548 1
6490 2865 1
939 4651 1
939 1266 1
939 5160 1
939 2124 1
939 2969 1
572 4526 1
3135 1344 1
3135 901 1
3135 2147 1
3135 782 1
3135 4488 1
5492 1397 1
5492 5057 1
5492 3563 1
5492 689 1
2781 1196 1
231 4083 1
231 1117 1
231 5474 1
231 1568 1
231 6398 1
231 1503 1
231 6302 1
6393 3895 1
6393 5560 1
6393 2915 1
6393 5764 1
6393 5819 1
6393 2975 1
6393 748 1
6393 2243 1
6393 2413 1
6393 3920 1
6393 513 1
6393 3484 1
6393 2705 1
5771 768 1
5771 1669 1
5771 4009 1
5771 4952 1
5771 5008 1
5771 1513 1
5771 5542 1
5771 2478 1
2162 5777 1
261 5515 1
1535 4624 1
2220 1632 1
2220 3318 1
2220 4584 1
2220 5578 1
2220 277 1
2220 1421 1
2220 1751 1
2220 5537 1
2220 2230 1
2220 5904 1
4847 5266 1
752 5389 1
5766 6026 1
5766 919 1
5766 1396 1
5766 1020 1
5766 1882 1
5766 324 1
5766 514 1
5766 6214 1
158 5168 1
158 220 1
158 6394 1
158 4438 1
1803 2772 1
1803 4210 1
1803 2331 1
1803 802 1
1803 4932 1
1803 5860 1
1803 843 1
1803 5810 1
1803 2788 1
1803 2182 1
1803 674 1
1803 3438 1
1803 2153 1
1803 4050 1
1803 6527 1
1803 4448 1
1803 115 1
1803 3613 1
1803 6478 1
1803 4177 1
1803 2050 1
1803 5132 1
1386 3127 1
6581 5366 1
6581 476 1
6581 1717 1
6581 2598 1
6581 3200 1
6581 6518 1
5456 651 1
4991 6049 1
4991 3678 1
4991 6483 1
4991 3412 1
1214 3823 1
1214 5233 1
1214 3610 1
1141 574 1
1141 4178 1
3254 4446 1
3254 350 1
3254 38 1
3254 6372 1
3254 2041 1
3254 4895 1
3254 5177 1
2473 3433 1
2473 5893 1
2473 4382 1
2473 620 1
2473 1917 1
2473 3352 1
2622 5234 1
2622 5916 1
2622 3651 1
2622 2993 1
2622 4660 1
2622 3139 1
4664 6432 1
4664 5923 1
4664 2095 1
1373 2347 1
2436 3630 1
5941 5593 1
705 3850 1
855 4263 1
4075 2585 1
1762 4927 1
1762 2653 1
1762 216 1
1762 5752 1
1762 418 1
1762 3151 1
1762 3343 1
1762 1624 1
1762 122 1
1762 4432 1
1762 373 1
1762 429 1
1762 1987 1
1762 2187 1
1762 3671 1
1762 3357 1
1762 2391 1
1762 4396 1
1762 2908 1
1762 2831 1
1762 2543 1
1762 2614 1
1762 3659 1
1762 2221 1
1762 5354 1
1762 1531 1
1762 34 1
1762 1811 1
1762 6056 1
1762 1359 1
1762 3222 1
1762 4028 1
1762 4143 1
1762 5336 1
1762 1062 1
1762 5605 1
1762 1031 1
1762 2239 1
1762 6490 1
1762 5771 1
1762 1535 1
1762 648 1
1762 2436 1
1762 2508 1
1762 4658 1
1762 5637 1
1762 2751 1
1762 3792 1
1762 2854 1
1762 3457 1
1762 5086 1
1762 5432 1
1762 582 1
1762 5488 1
1762 6118 1
1762 921 1
1762 451 1
1762 2603 1
1762 5459 1
1762 529 1
1762 5942 1
1762 6381 1
1762 2482 1
1762 5232 1
3518 5791 1
2511 5014 1
2511 5302 1
2511 3046 1
5796 4196 1
830 2531 1
830 1668 1
830 4132 1
5601 5932 1
5601 3425 1
167 16 1
1271 3077 1
1271 3525 1
1271 3340 1
1271 3309 1
1271 2499 1
1271 2299 1
1271 2394 1
5007 5745 1
5007 1293 1
5007 6512 1
5007 5062 1
5007 6538 1
5007 1191 1
5007 1920 1
5007 1163 1
5007 4153 1
5007 4293 1
5007 897 1
5007 6488 1
5007 3205 1
5007 5076 1
5007 5175 1
5007 2623 1
5007 5539 1
5007 2192 1
5007 2928 1
5007 3423 1
5833 1068 1
5833 776 1
315 507 1
315 6168 1
4823 3883 1
2130 6162 1
3670 6554 1
3670 1845 1
3670 6466 1
3670 5715 1
3670 4673 1
3670 6198 1
3670 6532 1
68 1367 1
968 2449 1
2628 2674 1
1919 284 1
1919 4719 1
1919 4705 1
1919 3634 1
1919 93 1
1919 3281 1
1919 5639 1
1480 3307 1
1480 3772 1
1480 347 1
1480 2423 1
1480 4270 1
1480 711 1
1480 5579 1
1480 3559 1
1480 3690 1
1480 438 1
1480 5031 1
1480 5261 1
1480 5376 1
1480 1603 1
3988 497 1
3988 5331 1
535 2253 1
3969 3658 1
4727 1933 1
4727 5506 1
4727 3164 1
6440 4712 1
3325 5319 1
3325 5603 1
3325 490 1
3325 3641 1
3325 2280 1
224 2513 1
224 844 1
224 1678 1
224 3699 1
224 2425 1
224 2154 1
224 2951 1
224 6333 1
224 3927 1
224 4646 1
224 6145 1
224 4725 1
224 1010 1
224 2684 1
224 2113 1
224 6429 1
224 2131 1
224 3885 1
224 5776 1
224 734 1
224 3512 1
224 2843 1
224 4777 1
224 292 1
224 3405 1
224 3506 1
224 840 1
224 3691 1
224 4625 1
224 5458 1
224 1102 1
224 757 1
224 110 1
224 1085 1
224 1656 1
224 2440 1
224 4017 1
224 287 1
224 5097 1
224 1545 1
224 2012 1
224 1386 1
224 4734 1
224 707 1
224 4829 1
224 275 1
224 5118 1
224 5945 1
224 3487 1
224 1574 1
224 4372 1
224 4648 1
224 728 1
224 6572 1
224 1742 1
224 3465 1
224 4175 1
224 4966 1
224 5350 1
224 1792 1
224 5069 1
224 276 1
224 3865 1
224 1753 1
224 695 1
224 5787 1
224 6311 1
224 5339 1
224 4703 1
224 2231 1
224 5298 1
224 3638 1
224 5310 1
5905 2718 1
4657 4370 1
4074 2555 1
1186 4102 1
1186 1944 1
225 3111 1
983 58 1
983 979 1
5927 4992 1
5927 2667 1
4000 601 1
4023 1316 1
4023 4813 1
4023 641 1
4023 2995 1
4023 4904 1
4023 2761 1
4023 1818 1
4023 3798 1
4023 1837 1
3158 3072 1
3211 452 1
3211 357 1
3211 3367 1
3211 4845 1
3211 3249 1
3211 1777 1
3211 6276 1
3755 1380 1
3755 1245 1
3755 3766 1
5527 744 1
5088 4449 1
5088 6029 1
5088 6586 1
5088 2426 1
5088 3266 1
5088 1103 1
6456 3684 1
4215 3678 1
5144 5275 1
3752 483 1
3752 6216 1
3752 2293 1
3752 214 1
6187 3656 1
6187 2904 1
1355 623 1
3347 3050 1
3347 5798 1
3347 2412 1
5412 3175 1
5412 155 1
5412 4016 1
5412 2121 1
5412 2649 1
5412 690 1
5412 1831 1
5412 6002 1
5412 2343 1
5412 941 1
5412 4781 1
5412 4901 1
5412 6416 1
5412 2797 1
5412 2610 1
5412 4715 1
5412 5467 1
498 3096 1
2670 4820 1
2670 5496 1
2670 1959 1
2670 5837 1
2670 3039 1
4293 2483 1
4818 5283 1
4818 2926 1
4818 2405 1
2117 3259 1
3172 2628 1
1378 5724 1
1378 1119 1
1378 236 1
1378 1591 1
1378 6560 1
1378 2209 1
1378 1946 1
1378 2951 1
1378 6151 1
1378 547 1
1378 5955 1
1378 4495 1
1378 950 1
1378 3592 1
1378 3247 1
1378 2134 1
1378 3160 1
1378 5718 1
1378 2771 1
1378 2032 1
1378 2523 1
1378 3984 1
1378 889 1
1378 1726 1
1378 1834 1
1378 5895 1
1378 5521 1
1378 1455 1
1378 5841 1
1378 569 1
1378 4231 1
1378 5997 1
1378 3421 1
1378 5422 1
1378 5055 1
1378 2155 1
1378 2009 1
1378 2956 1
1378 3034 1
1378 4848 1
1378 4915 1
1378 1947 1
1378 4662 1
1378 881 1
1378 5871 1
1378 1859 1
1378 5843 1
1378 5359 1
1378 318 1
1378 4976 1
2896 1927 1
2896 1063 1
2896 6536 1
2896 937 1
2896 3472 1
2896 6358 1
2896 1045 1
2896 2043 1
2896 953 1
1343 5616 1
1343 4288 1
1343 2002 1
4661 4856 1
4661 2136 1
4314 985 1
835 4340 1
1429 4410 1
6091 1019 1
1043 1115 1
1043 2879 1
1043 4668 1
6043 4923 1
6043 484 1
6043 1291 1
6043 5026 1
6043 1319 1
6043 1313 1
6043 1461 1
6043 954 1
6043 3571 1
6043 3463 1
6043 6226 1
6043 669 1
6043 1872 1
6043 5956 1
6043 2770 1
6043 4697 1
6043 3707 1
6043 5457 1
6043 5405 1
6043 3731 1
6043 3936 1
5219 1408 1
5219 3783 1
5219 6412 1
5219 6420 1
5219 578 1
5219 3590 1
5219 5783 1
5219 2180 1
5219 3 1
3843 3795 1
7 5574 1
4039 2390 1
767 2031 1
767 3372 1
767 1263 1
767 4958 1
767 2923 1
767 1077 1
767 4188 1
767 4400 1
767 1794 1
767 2604 1
767 982 1
767 6545 1
5945 3742 1
5001 5550 1
4288 1691 1
4288 2736 1
4288 2169 1
4288 6213 1
4288 2011 1
4288 4202 1
4288 4683 1
4288 5291 1
4288 2395 1
4288 3898 1
1849 4758 1
291 6115 1
291 3467 1
5449 3204 1
6390 5876 1
5238 4447 1
824 5935 1
824 5081 1
824 4876 1
824 3145 1
1372 2300 1
4237 2909 1
4237 1676 1
5652 2007 1
5652 858 1
5652 1484 1
2707 6214 1
2737 2384 1
5156 3169 1
1345 3910 1
1345 634 1
4939 4444 1
4939 6256 1
4939 1269 1
5647 5296 1
3171 3482 1
4895 4962 1
5414 1003 1
5103 2661 1
5103 5758 1
5103 3957 1
2550 479 1
2550 4622 1
2550 4421 1
2550 3998 1
2550 3363 1
2550 3114 1
2550 4157 1
2550 4313 1
2550 2939 1
2550 111 1
2550 4057 1
2550 523 1
2550 1653 1
4998 5353 1
3986 4744 1
6081 5916 1
3400 4983 1
995 3887 1
995 2821 1
995 824 1
995 1897 1
4220 3123 1
1114 1038 1
1114 1369 1
6063 2301 1
1165 717 1
4183 2427 1
4183 191 1
4183 806 1
4310 2251 1
4310 4614 1
4310 1967 1
4310 3296 1
4310 1150 1
6576 3642 1
6576 4369 1
6576 2540 1
6576 8 1
6576 2722 1
6576 4544 1
6576 5892 1
6576 282 1
6576 1530 1
6576 1552 1
6576 4138 1
6576 2125 1
6576 5972 1
6576 2980 1
6576 4236 1
6576 4010 1
6576 1354 1
6576 5215 1
6576 1307 1
6576 572 1
6576 4896 1
6576 2597 1
6576 5641 1
6576 6522 1
6576 6436 1
6576 6110 1
6576 495 1
6576 1664 1
6576 3653 1
6576 2422 1
6576 3872 1
6576 4566 1
6576 5251 1
6576 971 1
6576 5551 1
6576 765 1
6576 2795 1
6576 643 1
6576 3938 1
6576 916 1
6576 219 1
6576 2938 1
6576 5396 1
3544 5169 1
3544 55 1
3544 1767 1
3544 1472 1
3544 6520 1
3544 3062 1
3544 4457 1
3544 263 1
3544 517 1
3544 3546 1
3544 3406 1
3544 2491 1
3544 6474 1
3544 1928 1
3544 1995 1
3544 2799 1
3544 4113 1
3544 3415 1
3544 2894 1
3544 1432 1
3544 1437 1
3544 5785 1
3544 2815 1
3544 5879 1
3544 772 1
3544 4909 1
3544 5676 1
3544 2876 1
3544 4318 1
3544 4127 1
3544 6084 1
1104 4738 1
3749 867 1
3749 5768 1
194 1225 1
194 2151 1
1223 180 1
1223 999 1
1708 5730 1
1708 5989 1
1708 87 1
1708 5349 1
1708 2668 1
1708 2387 1
1708 3616 1
1708 4119 1
1708 3970 1
5346 3131 1
5346 5398 1
5346 3417 1
5346 4583 1
5346 822 1
5346 5164 1
5346 2100 1
5346 1231 1
5346 1952 1
4217 961 1
3800 2548 1
3586 143 1
3586 3276 1
3586 4466 1
3586 3156 1
3586 1958 1
3586 1710 1
3586 410 1
3586 803 1
3586 2885 1
3586 2744 1
3586 3378 1
3586 6362 1
3586 4582 1
3586 1923 1
3586 2255 1
3586 795 1
3586 6570 1
3586 3726 1
3586 4370 1
3586 4695 1
3586 1860 1
3586 268 1
3586 5180 1
3586 310 1
3586 186 1
3586 4464 1
3586 336 1
3586 2415 1
3586 5517 1
3586 3679 1
3586 2367 1
3586 1752 1
6282 5701 1
4282 2593 1
76 242 1
6254 2208 1
6427 1646 1
6427 2577 1
3370 4043 1
5150 4319 1
5150 2159 1
5150 1390 1
5150 4332 1
5150 5591 1
5150 5088 1
5150 952 1
5150 3583 1
5150 2170 1
5150 1635 1
3182 4538 1
3182 1577 1
3182 5749 1
3182 308 1
3182 698 1
5280 85 1
1181 5512 1
6040 4955 1
4910 988 1
4910 1002 1
4910 4187 1
4910 156 1
3022 1033 1
6015 3740 1
6015 4053 1
6015 4543 1
6015 2187 1
6015 428 1
6015 2099 1
6015 2803 1
6015 1531 1
6015 2019 1
6015 1031 1
6015 3765 1
6015 5771 1
6015 1535 1
6015 5456 1
6015 2508 1
6015 2960 1
6015 6413 1
6015 529 1
6015 5232 1
1166 3136 1
3822 5463 1
3822 6262 1
3822 675 1
3822 2875 1
3822 1101 1
3822 841 1
3822 1555 1
3822 3698 1
3822 5665 1
3822 1573 1
3822 2291 1
3822 2830 1
4433 239 1
4458 3769 1
3168 1687 1
3168 2205 1
3168 588 1
4427 1320 1
2632 515 1
1775 2013 1
3596 5043 1
3596 1255 1
3596 2549 1
3596 2738 1
5911 4529 1
3267 6278 1
5427 1475 1
2837 1608 1
2837 6417 1
2837 4294 1
2837 2065 1
2837 2757 1
2837 2686 1
2837 2897 1
2837 5808 1
2837 3897 1
2837 2438 1
2837 1509 1
2837 1699 1
2837 10 1
2837 3501 1
2837 247 1
2837 1223 1
2837 3486 1
2837 1339 1
2837 5626 1
2837 5676 1
2372 1146 1
4699 4063 1
3719 5834 1
6011 5978 1
6011 4145 1
6011 4285 1
6011 2024 1
6011 639 1
6011 951 1
6011 5518 1
6011 3009 1
6011 742 1
6011 5415 1
6011 4708 1
6011 1508 1
6011 2774 1
6011 747 1
6011 1250 1
6011 5686 1
6011 4843 1
6011 5497 1
6011 3422 1
6011 5108 1
6011 4141 1
6011 2574 1
6011 6108 1
6011 3130 1
6011 984 1
3173 4065 1
3173 4086 1
3173 3896 1
3173 3629 1
3173 407 1
3173 1775 1
3173 2626 1
3173 468 1
3979 976 1
3979 1999 1
3979 1318 1
3979 1458 1
3979 3491 1
3979 1598 1
3979 3134 1
3979 2763 1
3979 1571 1
3979 4473 1
3979 3773 1
5163 1321 1
519 6483 1
519 5020 1
2680 2693 1
2680 5886 1
3806 613 1
6424 5025 1
6424 3404 1
6424 3074 1
6424 5221 1
6424 1227 1
6424 4619 1
6424 2163 1
6424 3617 1
4329 1335 1
652 4596 1
652 4858 1
1703 2254 1
1703 4888 1
1703 2589 1
1703 1275 1
1703 4994 1
1703 4656 1
1703 3323 1
1703 3880 1
1703 1511 1
1703 298 1
1703 2064 1
1703 6339 1
1703 1919 1
1703 3176 1
1703 3711 1
1703 1400 1
1703 958 1
1703 387 1
1703 2207 1
3314 2359 1
934 3328 1
934 2012 1
2930 2917 1
2759 2967 1
3056 4060 1
3970 1383 1
4529 4711 1
4529 3688 1
348 3743 1
195 2452 1
195 4232 1
195 969 1
195 2473 1
195 6447 1
195 1323 1
195 4837 1
195 2746 1
195 4704 1
5498 1265 1
5498 252 1
5498 4701 1
5498 5430 1
5498 2051 1
5383 5611 1
5383 4281 1
5383 3040 1
5383 677 1
5383 873 1
5383 852 1
5383 3566 1
5383 4045 1
5383 4638 1
5383 3272 1
5383 4029 1
1500 6056 1
1500 4143 1
1500 2239 1
1500 4598 1
3657 4274 1
3657 3276 1
3657 1688 1
3657 5436 1
3657 423 1
3657 187 1
3657 4257 1
3657 4251 1
3657 1364 1
3657 2057 1
3657 4136 1
3657 3681 1
3657 1088 1
3657 1233 1
3657 4010 1
3657 576 1
3657 11 1
3657 4521 1
3657 3150 1
3657 5833 1
3657 1664 1
3657 6541 1
3657 2380 1
3657 354 1
3657 1286 1
3657 5348 1
3657 2532 1
3657 4520 1
3657 138 1
3657 643 1
3657 6279 1
3657 2340 1
1400 2096 1
1400 5784 1
1400 5315 1
1400 2216 1
1400 6244 1
6180 5854 1
6180 90 1
6180 133 1
6180 4137 1
2305 3349 1
1007 3082 1
1007 501 1
1007 1768 1
5465 4024 1
1151 1560 1
3588 2255 1
3588 582 1
4970 1661 1
2539 1183 1
3462 2978 1
5293 3048 1
5293 6327 1
5293 2708 1
5293 6270 1
5293 5960 1
5293 42 1
5293 6581 1
5293 5438 1
5293 116 1
558 5143 1
558 3443 1
558 2434 1
558 2898 1
558 3030 1
6319 629 1
6319 5644 1
1447 3026 1
1447 5861 1
1447 1081 1
1447 6533 1
1447 6467 1
1447 2313 1
1447 5990 1
1447 1197 1
1447 4103 1
1447 1013 1
1447 4182 1
1036 3799 1
3834 2084 1
3834 36 1
3834 3652 1
3834 5859 1
3834 5970 1
3834 294 1
3834 3861 1
1782 1050 1
1782 6385 1
1782 676 1
2970 2015 1
2970 1305 1
3251 4463 1
3251 6357 1
3251 5345 1
3251 125 1
3251 5137 1
3251 3838 1
3251 2932 1
3251 4347 1
3251 6320 1
3251 3037 1
3251 5355 1
4577 3256 1
4577 1040 1
4577 1899 1
4577 4071 1
4577 1327 1
3645 3921 1
3645 3531 1
3645 5067 1
1046 1953 1
5431 485 1
5431 3989 1
1563 3144 1
1563 5585 1
1563 4051 1
1563 362 1
1563 4556 1
1563 3830 1
1563 378 1
1563 5115 1
1563 3674 1
1563 6535 1
1563 912 1
1563 250 1
1563 3560 1
1563 5253 1
1563 325 1
1563 5237 1
1563 5838 1
1563 3929 1
1563 3311 1
1563 1073 1
1563 333 1
1563 5333 1
3758 4197 1
3758 5079 1
5450 4381 1
5450 1910 1
5450 3073 1
5450 1152 1
5450 3908 1
5450 6465 1
5450 5058 1
5450 4042 1
5450 2968 1
5450 2536 1
5450 99 1
5450 1015 1
5450 3236 1
5450 470 1
5450 3821 1
5450 5643 1
5450 6326 1
5450 3729 1
5450 1368 1
2931 2438 1
2691 3753 1
4819 4979 1
4819 4684 1
3388 6335 1
3388 4062 1
1627 6411 1
3486 2464 1
3218 4967 1
3005 4854 1
5244 2727 1
653 2252 1
653 6368 1
653 2851 1
653 6514 1
653 4365 1
653 3923 1
653 1911 1
653 6409 1
653 6263 1
653 4116 1
653 2327 1
653 4903 1
653 3277 1
653 2559 1
653 2758 1
653 2110 1
653 3284 1
653 5009 1
653 369 1
653 2471 1
653 499 1
653 4518 1
453 590 1
1843 5672 1
1657 5998 1
6292 1222 1
278 6006 1
278 6217 1
278 373 1
278 571 1
278 2543 1
278 4934 1
278 6395 1
278 3264 1
339 358 1
1011 5385 1
1011 4937 1
5466 3606 1
5466 3374 1
5466 5501 1
5466 385 1
5466 3994 1
5466 5731 1
5466 1585 1
5466 6438 1
5466 1193 1
5466 475 1
5466 3580 1
5466 4729 1
5466 262 1
5466 5220 1
5466 762 1
5466 1292 1
5466 1816 1
5466 235 1
5466 584 1
5466 5165 1
5466 808 1
5466 6222 1
5466 3807 1
1106 945 1
301 1407 1
4528 6576 1
4528 1860 1
6526 4707 1
5919 2729 1
3476 3141 1
5057 6017 1
5057 4485 1
5057 3354 1
5057 3942 1
3597 6199 1
5099 4287 1
5099 3447 1
5177 4081 1
5177 4146 1
5177 3649 1
5177 1037 1
5177 1861 1
5177 6171 1
5177 1512 1
5177 1750 1
5177 159 1
5177 3902 1
5177 5626 1
3797 2917 1
3797 1820 1
3797 2344 1
3797 810 1
3797 5811 1
3797 993 1
3797 4981 1
3797 4430 1
3797 3007 1
3797 1722 1
3797 2250 1
3797 4523 1
3797 3189 1
3797 1997 1
3797 832 1
3797 1219 1
6528 5170 1
3097 4993 1
3024 1374 1
3024 2442 1
3024 3439 1
3024 1644 1
3024 4599 1
3024 4639 1
3666 3863 1
309 1552 1
1132 2441 1
1132 6406 1
4020 5154 1
2696 3383 1
6553 863 1
6553 4783 1
2899 1447 1
5049 2126 1
5049 815 1
186 3196 1
186 6030 1
186 795 1
186 2854 1
186 4462 1
186 2087 1
6170 968 1
4576 3072 1
5502 6495 1
4772 1024 1
4772 4510 1
4239 2545 1
95 3092 1
4837 6116 1
5537 5176 1
4411 408 1
4411 2433 1
4411 2587 1
4411 1137 1
4411 3384 1
4411 488 1
4411 1887 1
4411 6312 1
4229 2580 1
5017 5723 1
5017 5231 1
5017 5901 1
5017 6266 1
5017 997 1
5017 4233 1
5017 4714 1
5017 1891 1
5017 1579 1
5017 4011 1
5017 756 1
5017 426 1
5017 1566 1
5017 930 1
5017 2439 1
5017 2648 1
5017 2308 1
942 5395 1
2741 1979 1
2741 5727 1
2741 1317 1
2741 164 1
2741 2849 1
2741 6061 1
2741 5577 1
6252 710 1
6252 2890 1
6252 225 1
6252 6246 1
3295 3790 1
3295 440 1
3295 6476 1
3295 4911 1
3295 3095 1
3295 3557 1
3295 1204 1
3295 2985 1
3295 6201 1
3295 5134 1
6281 2575 1
6281 2643 1
6281 4586 1
3643 1830 1
3643 6101 1
3643 1968 1
3643 409 1
3643 706 1
3643 1583 1
3643 891 1
3643 1893 1
3643 6352 1
667 4453 1
6434 367 1
1838 6584 1
5820 192 1
5949 2198 1
5949 5059 1
5949 2021 1
5949 2617 1
5949 4008 1
5949 3686 1
5949 5675 1
355 3521 1
355 3542 1
355 2028 1
355 2517 1
355 3322 1
355 145 1
3529 3715 1
3529 5161 1
3529 6061 1
1738 198 1
1738 4507 1
1738 171 1
1738 2592 1
1738 1915 1
2496 6006 1
2496 4868 1
2496 3343 1
2496 1624 1
2496 4543 1
2496 4357 1
2496 2908 1
2496 3867 1
2496 34 1
2496 2217 1
2496 359 1
2496 6490 1
2496 3726 1
2496 1489 1
2496 2437 1
2496 722 1
2496 2586 1
2496 4855 1
2496 1752 1
2496 1304 1
2496 4165 1
6479 4547 1
6479 4284 1
6479 4570 1
6479 2868 1
5967 3677 1
5967 5900 1
5967 1413 1
5967 1451 1
5967 3011 1
5967 733 1
5967 6405 1
3053 627 1
3215 3513 1
3475 1626 1
2177 307 1
2177 2579 1
6036 3057 1
4959 4180 1
1216 3159 1
1216 3621 1
1216 356 1
1216 4257 1
1216 319 1
1216 4130 1
1216 3924 1
1216 310 1
1216 5868 1
5838 4267 1
1027 4120 1
1415 3246 1
1415 80 1
1415 1547 1
1415 6085 1
1415 5661 1
1865 5466 1
539 740 1
4922 4390 1
30 3669 1
30 3168 1
3929 2747 1
3929 2645 1
3929 340 1
3929 2754 1
3929 2450 1
3929 2689 1
2070 3085 1
4243 5214 1
2654 4609 1
6310 3853 1
3824 3837 1
2210 5370 1
2210 2982 1
5050 5219 1
2458 1432 1
3594 2106 1
4951 1927 1
4951 3503 1
4951 1856 1
4951 1077 1
4951 2604 1
6018 3564 1
6018 1241 1
5175 96 1
5175 3507 1
5175 5552 1
5175 1008 1
3660 2181 1
3660 3321 1
3660 1390 1
3660 877 1
4426 3851 1
4426 6317 1
4426 320 1
4426 1139 1
4426 6239 1
4426 6200 1
4426 343 1
4426 3538 1
4426 1157 1
4426 6032 1
4691 2660 1
4691 5351 1
4461 1134 1
4461 6354 1
151 4230 1
151 2078 1
151 4367 1
151 5045 1
276 1416 1
276 2058 1
276 2263 1
276 229 1
276 3960 1
276 3680 1
842 5826 1
1097 799 1
1097 4283 1
1097 3201 1
1097 3539 1
6007 2465 1
3366 4146 1
3366 244 1
3366 6329 1
3366 3649 1
3366 1861 1
3366 3204 1
3366 129 1
3366 5573 1
3366 3520 1
3366 6530 1
3366 2149 1
3366 3398 1
3366 5763 1
3366 1658 1
3366 3879 1
3194 4771 1
4585 5179 1
5128 1714 1
5543 6431 1
5545 4268 1
5053 5099 1
2207 4836 1
2207 2556 1
2207 5167 1
2207 2942 1
2207 4940 1
2207 1874 1
2207 1376 1
2207 3358 1
2207 656 1
2207 130 1
2207 482 1
5003 5864 1
5003 1684 1
5003 6298 1
5003 3870 1
5003 4841 1
5003 1409 1
5003 743 1
5003 213 1
6156 5022 1
6156 5425 1
6156 3378 1
6156 3320 1
2891 1054 1
1749 1654 1
6587 753 1
2603 5914 1
2603 1973 1
2603 1359 1
6461 3468 1
6461 4375 1
2076 714 1
1460 5313 1
683 3208 1
683 370 1
683 109 1
683 5332 1
550 2952 1
1619 1784 1
1403 6129 1
3980 4408 1
3980 3788 1
6173 4134 1
6173 2812 1
6173 3556 1
5217 401 1
2466 1310 1
4517 5381 1
4517 5581 1
1056 3114 1
1056 3631 1
1056 3099 1
1056 4056 1
1056 3428 1
1056 5491 1
1056 4052 1
1056 44 1
1056 1564 1
1056 5249 1
1056 3754 1
1056 4057 1
1056 6365 1
1056 2595 1
1056 523 1
1056 2814 1
4322 1763 1
5846 3670 1
4423 2905 1
4423 5969 1
4460 4381 1
4460 99 1
4460 4503 1
4460 3703 1
4460 833 1
4968 355 1
839 2233 1
2171 3999 1
6113 607 1
1637 4151 1
1637 1221 1
1637 4945 1
1637 4184 1
1637 3001 1
1637 6086 1
1637 3756 1
6370 1854 1
6370 1098 1
6370 2242 1
6370 4571 1
6370 1652 1
6370 2286 1
6370 5236 1
6370 6277 1
6370 4987 1
6370 2874 1
6370 5000 1
39 686 1
39 1477 1
4245 5739 1
3777 6555 1
3777 3239 1
3777 6022 1
3777 3722 1
3777 2657 1
3777 5343 1
3777 4248 1
2366 1505 1
5975 5574 1
5975 589 1
5975 985 1
6413 4553 1
6413 4354 1
6413 3761 1
6413 6285 1
6413 4076 1
6413 1021 1
6413 6012 1
75 2119 1
4033 5089 1
1522 672 1
4687 6089 1
4687 4487 1
4687 2467 1
4687 3694 1
6209 1917 1
6209 4718 1
6556 2569 1
726 1029 1
5012 3828 1
4589 5025 1
4855 2606 1
4855 3601 1
4855 3827 1
401 1492 1
1122 1194 1
1122 5379 1
1122 1758 1
1122 2451 1
3990 4917 1
6157 3064 1
2192 296 1
2192 2510 1
2192 907 1
2192 4766 1
536 1725 1
2723 2616 1
3791 4894 1
3791 6143 1
41 4581 1
6241 896 1
6241 555 1
2646 4600 1
441 3643 1
4861 83 1
4861 1417 1
4861 1382 1
865 1377 1
865 1071 1
865 1805 1
865 3140 1
865 2414 1
865 3319 1
865 346 1
2027 1019 1
2027 5341 1
2027 6228 1
2417 6092 1
2417 454 1
2417 6287 1
380 4724 1
3449 3306 1
3449 2315 1
3449 853 1
3449 3864 1
3449 3661 1
3449 3261 1
3449 1818 1
3449 583 1
3449 2190 1
4862 682 1
4862 5492 1
4862 903 1
4862 1673 1
4862 5974 1
4827 2499 1
4827 4200 1
4827 4460 1
1788 1815 1
6381 1780 1
6381 564 1
6381 6274 1
6381 5424 1
6381 1831 1
6381 1628 1
6381 5441 1
6381 3554 1
6381 5794 1
6381 5793 1
1175 5909 1
596 5559 1
596 2111 1
1897 4308 1
1897 2847 1
1897 2892 1
1897 3060 1
1897 1739 1
1897 959 1
1897 119 1
3149 783 1
3149 173 1
222 1184 1
5835 4768 1
2231 1732 1
2231 5439 1
2231 4721 1
2231 5149 1
2231 3142 1
2231 4618 1
1677 3561 1
1677 4358 1
4046 4092 1
1539 3265 1
1539 6204 1
1539 4578 1
1539 3430 1
1539 4514 1
1539 5908 1
1539 1093 1
1539 61 1
4573 5856 1
4573 1211 1
4573 6169 1
4573 6464 1
3756 6130 1
3756 6035 1
3756 3933 1
2361 563 1
2361 1018 1
2361 1680 1
2361 4870 1
2361 3602 1
2361 3901 1
3185 299 1
5201 2312 1
4036 2940 1
917 1128 1
5279 1271 1
5279 2630 1
1022 5200 1
432 3051 1
2482 418 1
2482 635 1
2482 4890 1
2482 5235 1
1003 6004 1
1003 5554 1
1003 6003 1
1003 4840 1
1003 5966 1
1003 2158 1
1003 4471 1
1003 3255 1
1003 5930 1
1003 4601 1
1003 1940 1
1003 2633 1
312 5477 1
3558 6503 1
2164 1161 1
3624 5648 1
3624 2402 1
1902 1433 1
3081 4348 1
3081 6181 1
3081 1270 1
3081 1517 1
3081 4059 1
3081 1929 1
3081 4530 1
5355 6105 1
5355 730 1
5355 2212 1
5225 1067 1
5225 2273 1
5225 6155 1
1274 3771 1
1771 5495 1
6227 3570 1
6227 1857 1
3469 411 1
3469 1889 1
3469 5951 1
3469 5121 1
3469 1215 1
3469 3862 1
3534 6350 1
4542 2138 1
5301 6434 1
1494 1167 1
1052 4402 1
1052 3981 1
1052 3900 1
1052 4190 1
1052 4368 1
1052 6451 1
1052 4824 1
1052 4189 1
1052 5840 1
1052 797 1
1052 2673 1
1052 1992 1
5974 289 1
5974 1342 1
5974 2397 1
3878 2828 1
2240 2104 1
2240 5510 1
2240 878 1
3055 5692 1
3055 1158 1
3055 1716 1
3055 526 1
3055 3515 1
3055 5513 1
3055 4780 1
3055 6065 1
3055 5148 1
3055 18 1
3055 1575 1
3055 5845 1
3055 3965 1
3055 231 1
3055 2118 1
3055 6000 1
3055 825 1
3055 3214 1
3055 3028 1
3055 1501 1
3055 6250 1
3055 1563 1
3055 967 1
3055 761 1
3055 2094 1
3055 4809 1
3055 3973 1
3055 3279 1
5232 6072 1
5232 1237 1
4238 4211 1
5915 1363 1
5915 164 1
3748 5869 1
3748 5325 1
3748 1562 1
3748 2351 1
3748 2998 1
3748 3047 1
3748 4765 1
3748 5829 1
3748 3940 1
3748 6546 1
3748 1260 1
3748 4472 1
3748 473 1
3748 4769 1
3748 4415 1
3748 5116 1
3748 685 1
3748 552 1
486 4607 1
486 2459 1
486 3793 1
486 233 1
486 4417 1
486 4291 1
1131 1422 1
1131 4173 1
1495 4007 1
3575 3018 1
2846 2195 1
2846 4550 1
2846 4797 1
2846 5090 1
2846 4761 1
2846 1135 1
2846 2542 1
2846 2768 1
3048 5946 1
3048 1389 1
2844 5953 1
6508 4226 1
6508 4665 1
6508 3579 1
6508 645 1
6020 3871 1
1184 3452 1
6210 2174 1
6142 2841 1
3374 4572 1
3144 329 1
3144 2037 1
72 4147 1
2385 4106 1
6202 3781 1
3740 866 1
1158 5959 1
1158 5902 1
1158 6082 1
1158 2296 1
2103 1790 1
2103 4603 1
2103 1358 1
2103 3893 1
5501 3738 1
5338 2279 1
5338 5402 1
5338 4339 1
5338 3017 1
5338 6163 1
5338 3203 1
5338 5011 1
5338 3626 1
5338 2088 1
5052 5621 1
5052 431 1
5052 2810 1
5052 3345 1
5052 524 1
3994 3650 1
1844 5323 1
3845 3855 1
3845 4362 1
3845 1922 1
2824 3744 1
2824 2432 1
2824 5504 1
2824 2219 1
2661 1951 1
5127 5612 1
5127 5185 1
5127 1799 1
5127 809 1
5127 4032 1
5127 170 1
5127 2272 1
5127 461 1
4027 851 1
1624 2972 1
1624 6045 1
6337 1356 1
6337 6044 1
960 6521 1
5351 2379 1
5351 3440 1
5351 5910 1
5351 972 1
5351 3977 1
5351 1631 1
5043 176 1
5043 5857 1
5043 811 1
5043 4612 1
5043 6257 1
5043 3373 1
5043 5407 1
5043 3860 1
2790 5072 1
2790 3930 1
2790 6387 1
2790 2048 1
2790 3608 1
2790 3718 1
5143 2518 1
5143 413 1
5143 4162 1
5143 3961 1
5143 390 1
2154 680 1
3002 2809 1
3002 6582 1
3002 1629 1
3002 5044 1
3002 300 1
3002 4918 1
3002 720 1
3002 4567 1
3002 4621 1
901 905 1
901 4522 1
901 3069 1
901 3143 1
1426 6439 1
1426 6351 1
1426 6139 1
1426 6120 1
1426 5471 1
1426 4080 1
1426 4997 1
1426 4014 1
1426 4953 1
1426 234 1
1224 3324 1
1224 3348 1
1224 6096 1
1224 2062 1
1224 6300 1
1224 4030 1
1224 2602 1
1224 2687 1
1224 2144 1
1549 506 1
1549 3446 1
1549 2435 1
4632 2819 1
5152 51 1
5152 6255 1
5152 1700 1
5152 1660 1
5152 3450 1
5152 5878 1
3944 3635 1
4064 460 1
4064 1259 1
4064 1346 1
4064 322 1
4064 3914 1
4064 2745 1
4064 2624 1
4064 6124 1
4064 2785 1
4363 4647 1
4363 609 1
4363 556 1
4363 2750 1
4505 1662 1
4505 4301 1
4505 168 1
4505 770 1
4505 3889 1
4505 5257 1
4505 5874 1
4505 5166 1
4505 4791 1
4505 5119 1
4505 104 1
4505 4749 1
4505 5622 1
1193 5983 1
1193 2918 1
6308 5388 1
6308 189 1
6308 4906 1
6308 3741 1
6308 1384 1
6308 5782 1
6308 1636 1
6308 2227 1
6308 721 1
6308 6558 1
526 5334 1
526 102 1
526 1773 1
526 2348 1
4532 913 1
4532 1153 1
4532 2108 1
3412 3913 1
3412 2029 1
5965 3510 1
5965 6069 1
5428 5421 1
5428 1905 1
2181 1696 1
2181 3720 1
2181 2140 1
2181 5693 1
3120 5891 1
2847 6307 1
2847 5494 1
2847 494 1
2847 4506 1
2847 203 1
2847 4822 1
4543 46 1
4543 5774 1
4543 1578 1
5146 1060 1
5146 472 1
5146 1159 1
5146 3673 1
5146 3888 1
4994 1954 1
4994 4420 1
4994 4437 1
4994 5034 1
4994 1592 1
4994 4513 1
3515 777 1
3515 2122 1
3515 6468 1
3515 1604 1
3515 5897 1
3515 5996 1
3515 183 1
3515 817 1
3515 4168 1
3515 1440 1
2852 2697 1
2332 2224 1
2708 1785 1
2708 306 1
843 6521 1
4480 2068 1
4480 2203 1
4480 5913 1
4480 1966 1
4480 3569 1
4480 33 1
4480 3269 1
4480 2961 1
4480 5588 1
4480 2864 1
4480 6013 1
4480 3949 1
4480 5037 1
4480 2599 1
4480 3576 1
4480 74 1
3685 3509 1
3685 5184 1
3685 1502 1
1934 1914 1
6149 1111 1
6149 6223 1
6149 4546 1
6149 4300 1
6149 4839 1
6149 2055 1
6149 5423 1
6149 5563 1
6149 931 1
6149 5356 1
6149 562 1
6584 4097 1
6584 5262 1
6584 598 1
6584 4750 1
6584 2484 1
6584 6122 1
2974 5660 1
2974 1975 1
2974 5309 1
4544 3856 1
1927 1213 1
2113 1954 1
2113 3545 1
2113 4869 1
2113 3227 1
113 837 1
2887 3987 1
2887 4407 1
2887 443 1
2887 5318 1
2887 5681 1
2887 3836 1
2887 1276 1
2887 4479 1
2887 2900 1
2887 465 1
2887 4751 1
6443 5950 1
2091 1807 1
2091 1485 1
2091 3946 1
2032 6207 1
2032 1009 1
2032 5933 1
2032 2000 1
1251 4925 1
2989 5130 1
4380 1741 1
1861 5455 1
1861 3931 1
1861 3303 1
1861 5735 1
1861 6306 1
1861 4920 1
1861 3884 1
1861 5273 1
3125 1278 1
518 4728 1
6331 1548 1
6331 5922 1
6331 2823 1
6331 3147 1
6303 5805 1
1804 1734 1
2859 32 1
6171 3781 1
6171 4906 1
2493 5335 1
2493 4810 1
2493 3083 1
5830 5382 1
3190 1468 1
3190 6540 1
118 3820 1
118 827 1
2580 3692 1
2580 3038 1
2580 4498 1
2580 6021 1
2580 5881 1
2580 5842 1
2580 5705 1
2580 4154 1
2580 4537 1
2580 2443 1
2831 6566 1
2831 3368 1
2831 135 1
2831 5995 1
2831 3709 1
4905 3623 1
4905 6403 1
4905 5797 1
4905 3436 1
4905 4133 1
4905 3877 1
4905 977 1
4905 2052 1
6070 3243 1
6070 5564 1
6178 5181 1
6178 1712 1
911 1783 1
911 2401 1
911 3813 1
911 1076 1
911 4972 1
911 617 1
911 3876 1
1705 3911 1
1705 6038 1
1705 3153 1
1705 3440 1
1705 434 1
1705 5682 1
21 4346 1
1970 137 1
1970 396 1
1466 3345 1
1466 524 1
1466 4223 1
1466 1474 1
1466 1336 1
1842 383 1
6231 5866 1
6231 4773 1
6231 3987 1
6231 1812 1
6231 5720 1
5490 860 1
5490 3165 1
5490 363 1
5490 5388 1
5490 5740 1
5404 860 1
5404 628 1
2616 541 1
2616 6364 1
5918 6135 1
5918 885 1
106 2396 1
106 4799 1
106 2688 1
4232 1217 1
4232 573 1
4232 2046 1
2803 2605 1
2842 4315 1
2842 3549 1
2842 4459 1
2842 798 1
2842 3080 1
1588 4054 1
677 3067 1
5445 374 1
5315 2963 1
5315 1164 1
5315 847 1
5315 801 1
5865 3174 1
5865 2724 1
5865 1401 1
5865 888 1
1839 15 1
1839 3522 1
1839 5600 1
4629 5936 1
4629 2082 1
4629 3341 1
4629 49 1
4629 6388 1
1300 5688 1
6482 6258 1
6482 4565 1
6482 1892 1
3074 4306 1
3074 2066 1
1509 1330 1
1509 3115 1
1509 3167 1
3237 5948 1
3237 6074 1
2059 5475 1
2398 311 1
2398 5410 1
2398 1127 1
2270 604 1
2713 2764 1
2713 661 1
2713 4785 1
2713 3585 1
3880 777 1
3880 6132 1
3880 2122 1
3880 2881 1
3880 949 1
3880 2071 1
3880 6551 1
3975 437 1
3480 5987 1
4494 3593 1
4494 3234 1
4494 3470 1
4494 4442 1
2882 4883 1
2955 4047 1
1811 6114 1
1811 6445 1
1811 1795 1
1811 2856 1
1811 4562 1
3339 141 1
1995 3444 1
5349 893 1
2217 5032 1
2217 4261 1
2217 5328 1
2373 2534 1
3222 3419 1
5954 1706 1
1069 4337 1
1069 3297 1
1069 5977 1
42 5418 1
6220 6568 1
1287 6374 1
1287 3812 1
1287 5533 1
1287 3744 1
1287 2538 1
1287 2468 1
1032 4666 1
1731 3869 1
1731 4407 1
298 2861 1
2920 1554 1
737 2537 1
4712 241 1
4712 6539 1
4712 4830 1
4712 5433 1
4712 6048 1
4712 270 1
4712 2479 1
1644 1314 1
1644 160 1
1644 3730 1
1644 3903 1
2137 4107 1
2137 899 1
2137 2786 1
2137 5848 1
2137 4735 1
2137 3967 1
2137 2333 1
2137 6273 1
2137 504 1
2137 3091 1
3978 2958 1
3978 1083 1
3978 554 1
3589 2445 1
2826 184 1
228 4759 1
228 6206 1
939 2127 1
6393 1615 1
6393 2753 1
6393 2321 1
6393 3779 1
5771 4644 1
5771 5066 1
1655 4914 1
1535 1001 1
2220 836 1
2220 3968 1
2220 1532 1
2220 3245 1
2220 2949 1
5766 3088 1
1803 5254 1
1803 4218 1
1803 6407 1
1803 5406 1
1141 2026 1
1141 4122 1
2436 1649 1
1486 341 1
1762 4635 1
1762 4634 1
1762 2455 1
1762 4743 1
1762 5455 1
1762 2152 1
1762 2701 1
1762 2227 1
1762 5556 1
1762 2839 1
1762 6104 1
1762 4593 1
1762 5619 1
1762 4489 1
1762 5429 1
1762 4545 1
1762 5199 1
1762 1240 1
1762 3490 1
1762 190 1
1762 1301 1
2511 5689 1
830 4688 1
1271 829 1
5007 176 1
5007 4720 1
5007 5824 1
5007 1483 1
5007 2946 1
5007 1623 1
5007 199 1
5007 4109 1
5007 5897 1
1919 361 1
1919 364 1
1480 1182 1
1480 6104 1
224 5365 1
224 3926 1
224 4266 1
224 6462 1
224 146 1
224 4569 1
224 5222 1
224 1005 1
224 1565 1
224 1459 1
224 5708 1
224 4680 1
224 1514 1
224 196 1
224 6140 1
224 1387 1
224 5629 1
224 5899 1
4023 3971 1
3211 464 1
3211 3725 1
3211 131 1
5088 1155 1
5088 4335 1
139 3235 1
1198 3226 1
5412 5368 1
5412 2936 1
5412 1308 1
5412 94 1
5754 5538 1
1378 5357 1
1378 4717 1
1378 1244 1
1378 909 1
1378 716 1
1378 6166 1
1378 6147 1
1378 1885 1
1378 5212 1
1378 4929 1
1378 567 1
1378 1299 1
1378 2132 1
835 4435 1
835 5757 1
835 6014 1
835 3210 1
1043 4775 1
6043 5959 1
6043 5171 1
6043 1828 1
6043 3874 1
6043 6421 1
5219 3458 1
3422 1727 1
4288 3922 1
4288 208 1
4288 1235 1
1169 2045 1
824 6563 1
4939 2825 1
4895 4404 1
4895 5239 1
4895 238 1
6576 2509 1
6576 5816 1
6576 3668 1
6576 3762 1
6576 1294 1
6576 4068 1
3544 1427 1
3544 3808 1
3544 3687 1
3544 4877 1
3544 4731 1
1708 5568 1
1708 6473 1
1708 1612 1
6211 1238 1
3586 4635 1
3586 6124 1
3586 6361 1
3586 5948 1
3586 4762 1
3586 1546 1
3586 3356 1
3586 2115 1
5150 1230 1
5150 6513 1
5150 4366 1
5150 4842 1
1181 379 1
1181 2681 1
4910 784 1
3902 5073 1
3902 1478 1
4477 1337 1
4477 5142 1
4477 3552 1
4477 4745 1
4477 5852 1
6015 4743 1
6015 3574 1
6015 5821 1
3822 5753 1
3822 4221 1
3822 6229 1
3822 3785 1
3822 4850 1
3822 1978 1
3822 2133 1
3822 1590 1
3822 6580 1
1775 1442 1
1775 3013 1
1775 1776 1
1775 854 1
1775 612 1
1775 108 1
1775 3974 1
2837 3796 1
2372 2086 1
3320 5186 1
3173 3459 1
3173 2976 1
3173 2850 1
3173 5426 1
3173 6342 1
3173 1793 1
3173 5100 1
3173 4652 1
3173 2245 1
3173 1385 1
3173 1133 1
3173 1728 1
3173 4497 1
3173 3618 1
3173 4812 1
3173 932 1
3173 2682 1
3173 4760 1
3173 3816 1
3173 5362 1
3173 6343 1
3173 5531 1
3173 5516 1
3173 1634 1
3173 3025 1
3173 5964 1
3173 3282 1
3979 3021 1
3979 1057 1
3979 153 1
5163 2996 1
5163 4277 1
5163 5587 1
5163 5982 1
5163 5522 1
2680 5408 1
2680 6164 1
2680 1666 1
2680 3460 1
1703 1671 1
1703 4554 1
1703 5889 1
4448 2495 1
4448 172 1
5498 4144 1
5498 1693 1
5498 2792 1
5498 6133 1
1500 1366 1
3657 230 1
3657 6288 1
3657 6449 1
3657 760 1
3657 6486 1
1400 2023 1
1400 1178 1
5293 2060 1
5293 4104 1
3834 2457 1
3834 4859 1
3834 4524 1
3834 4401 1
1782 157 1
1782 650 1
1782 5765 1
1782 2521 1
3645 1559 1
3645 1352 1
3645 201 1
1563 2416 1
1563 702 1
1563 6496 1
1563 4560 1
1563 1420 1
1563 2504 1
1563 4926 1
1563 1989 1
1563 3033 1
1563 4679 1
1563 6191 1
5450 3553 1
653 1740 1
653 614 1
653 17 1
653 1129 1
653 1388 1
653 2211 1
653 3059 1
653 1697 1
653 4739 1
653 5367 1
653 1935 1
653 2698 1
1072 4186 1
1072 4286 1
1072 4118 1
5466 1924 1
5466 3105 1
5466 758 1
5466 2354 1
5466 1746 1
5466 3273 1
3547 609 1
3547 152 1
3547 1187 1
5177 6519 1
5177 5277 1
5177 1835 1
3797 1610 1
3797 6097 1
3797 4352 1
3797 5416 1
6528 2535 1
3024 1105 1
3024 4405 1
3024 925 1
186 804 1
186 2352 1
186 2489 1
4837 5961 1
5537 6414 1
5537 243 1
5537 875 1
5017 2360 1
5017 4469 1
5017 5680 1
5017 856 1
5017 3759 1
5017 4899 1
5017 910 1
2741 5282 1
2741 1469 1
355 66 1
355 5775 1
355 991 1
355 3682 1
2496 1454 1
2496 4741 1
2496 4933 1
2496 35 1
2496 2172 1
2496 6205 1
3929 6019 1
3929 3042 1
3660 267 1
3660 5804 1
4426 5227 1
4426 5928 1
4426 2520 1
4426 5814 1
151 5699 1
151 3207 1
151 4299 1
151 2353 1
151 3333 1
151 3991 1
151 4470 1
151 1179 1
151 5844 1
151 5944 1
276 2669 1
6007 5361 1
3366 6193 1
3366 1942 1
6389 4912 1
6389 1145 1
2207 2777 1
2207 6031 1
2603 3035 1
2603 189 1
3962 4038 1
3985 671 1
894 3551 1
894 3054 1
894 4990 1
894 5358 1
894 6249 1
894 4164 1
894 3126 1
894 565 1
894 5015 1
6370 2966 1
6370 3228 1
6370 1921 1
6370 1096 1
6370 1605 1
6370 6297 1
6370 4254 1
6370 1587 1
6370 3381 1
6370 5712 1
6370 5850 1
39 4802 1
3777 2128 1
3777 4867 1
3777 4061 1
6413 5627 1
6209 4647 1
666 5155 1
666 3906 1
666 3397 1
4855 3094 1
4855 1322 1
1122 5514 1
2192 1341 1
4305 6559 1
4305 202 1
4305 2370 1
6241 5818 1
2417 5726 1
3449 4412 1
1897 257 1
1897 5656 1
1677 5773 1
1677 3819 1
1677 5807 1
1677 5662 1
1677 4067 1
1677 5039 1
1003 2943 1
1003 4838 1
1003 4620 1
1003 5113 1
1003 2368 1
3081 530 1
3469 3526 1
3469 3751 1
3723 6034 1
3723 3508 1
3610 469 1
3610 4821 1
5974 5023 1
1219 1864 1
1219 3075 1
1219 2560 1
1219 6485 1
1219 3494 1
3055 2962 1
3055 1471 1
3055 3739 1
3055 570 1
3055 850 1
3055 3429 1
3055 4736 1
3055 963 1
3055 1360 1
3055 4971 1
3055 5363 1
5232 5898 1
200 3174 1
200 2724 1
3748 2720 1
1131 3232 1
1131 4667 1
206 1072 1
4105 6088 1
4105 652 1
5788 4251 1
29 2494 1
2755 5534 1
4090 2739 1
5312 5652 1
2176 5352 1
4246 2571 1
4902 6043 1
1272 99 1
1272 833 1
1279 5632 1
5709 2137 1
2613 4949 1
2613 2836 1
2613 6064 1
2685 4946 1
2488 587 1
2983 3979 1
3305 1097 1
703 3471 1
5598 3237 1
3068 1218 1
3068 3520 1
274 5295 1
1173 4021 1
4088 3120 1
4088 3625 1
4088 1234 1
6510 6349 1
3224 6370 1
5087 5830 1
5087 5698 1
869 6281 1
4755 911 1
467 4706 1
467 4316 1
5268 1446 1
6410 1128 1
5553 1709 1
1569 534 1
2201 1771 1
2129 6089 1
2232 144 1
4325 6360 1
6428 3797 1
6028 4397 1
6028 317 1
6028 4423 1
1405 3894 1
5248 1021 1
6574 3591 1
4125 1994 1
2277 1251 1
22 5031 1
920 1198 1
5894 6149 1
105 996 1
353 990 1
4058 5490 1
2421 3685 1
3461 159 1
1328 4241 1
1328 2790 1
1328 2285 1
1328 3764 1
1328 3794 1
1328 992 1
1328 224 1
1328 1378 1
1328 6015 1
2292 1738 1
6442 3702 1
2562 3448 1
2562 4500 1
2345 1970 1
3223 2694 1
3223 4280 1
6500 3029 1
5737 2658 1
5880 2662 1
709 1249 1
5297 205 1
745 2332 1
745 6377 1
3408 848 1
4884 2417 1
226 5404 1
3137 2679 1
1375 1056 1
6472 814 1
4037 5198 1
2020 596 1
5264 5849 1
1340 4065 1
5903 5278 1
3918 4646 1
103 5728 1
103 394 1
4659 3529 1
665 5918 1
2870 1898 1
6402 1760 1
5117 2438 1
2061 5546 1
2061 5630 1
4852 1315 1
5714 6231 1
6050 370 1
3904 1247 1
3402 4726 1
4434 2357 1
2234 1549 1
2234 1703 1
2008 2846 1
2008 5746 1
2008 3361 1
2008 5772 1
1206 5189 1
4456 1939 1
5183 4126 1
5054 6356 1
5054 5847 1
5054 3774 1
4379 1025 1
5360 3723 1
392 6235 1
6355 3915 1
6355 5019 1
6355 3978 1
4816 3573 1
1641 2063 1
4250 26 1
4948 3657 1
6247 6142 1
6247 106 1
5663 1467 1
5663 2505 1
5663 3229 1
2578 653 1
4271 4400 1
2264 4480 1
2264 1287 1
5802 2844 1
1824 2987 1
121 194 1
2326 4543 1
1662 5929 1
6426 1412 1
3217 1941 1
3217 1798 1
3217 1588 1
3217 5017 1
6138 657 1
4716 5428 1
4015 5583 1
2116 1195 1
3437 4911 1
679 1434 1
3310 4233 1
3947 746 1
4999 1772 1
4416 1791 1
4881 2741 1
4693 4392 1
293 6380 1
5732 1842 1
2779 2138 1
2565 3664 1
5999 2801 1
3390 1524 1
3891 2148 1
2017 6005 1
5608 670 1
5316 3024 1
2248 2453 1
922 1759 1
2522 6308 1
2258 337 1
5803 2398 1
4642 215 1
1964 4476 1
1747 6051 1
3301 2546 1
987 128 1
3241 1488 1
3241 1283 1
3572 2463 1
6203 3294 1
5674 3138 1
1398 6319 1
5454 455 1
3919 5046 1
4160 2826 1
6534 2014 1
3485 1189 1
1252 2434 1
1298 5771 1
1298 5232 1
1868 4082 1
512 6303 1
3063 1918 1
2964 1912 1
67 2970 1
6093 39 1
2146 1890 1
2146 81 1
4575 3233 1
5638 861 1
4172 894 1
654 4064 1
1586 5498 1
610 2367 1
4452 3194 1
4663 2564 1
5962 1453 1
1430 2680 1
6039 2960 1
4496 3962 1
6344 4252 1
5575 2476 1
2652 5327 1
5223 299 1
2244 4531 1
1203 2874 1
5276 1750 1
3180 3822 1
5347 4095 1
1028 5733 1
3411 546 1
3257 4357 1
1544 1140 1
2642 3829 1
5269 3839 1
2135 1839 1
2787 2093 1
5188 1125 1
5202 690 1
5230 818 1
1116 2341 1
3676 4977 1
5649 1782 1
2612 346 1
4320 589 1
780 5138 1
4167 613 1
712 5882 1
4022 5741 1
3219 4114 1
89 4544 1
874 4917 1
6215 6530 1
2006 5043 1
3555 1787 1
395 4941 1
1913 3295 1
4276 3182 1
585 2752 1
778 1143 1
3523 3133 1
492 3902 1
2716 4505 1
2393 3563 1
433 1171 1
5393 5146 1
4649 2543 1
2165 1070 1
3581 4853 1
3663 6542 1
6265 2335 1
4091 5304 1
3010 1303 1
3712 5139 1
5448 1804 1
3027 6127 1
5172 4555 1
4361 879 1
4804 1844 1
1208 2316 1
6208 3351 1
163 1875 1
6338 845 1
6338 4591 1
5403 2235 1
100 6090 1
6175 4494 1
2726 4521 1
834 5024 1
5937 2944 1
6346 5799 1
2641 771 1
3700 2568 1
13 3070 1
597 1180 1
1326 2436 1
3187 14 1
1256 5684 1
1419 2576 1
2261 1934 1
2261 4112 1
6087 5250 1
5400 5666 1
2444 3654 1
5696 3693 1
2267 2837 1
4536 56 1
6305 5954 1
502 5320 1
4219 5547 1
5555 5729 1
729 5566 1
2363 1756 1
2919 2880 1
5924 4637 1
1735 2247 1
2748 5778 1
3280 3454 1
439 3833 1
2625 5373 1
1082 2467 1
2179 4212 1
4129 228 1
4158 3845 1
4158 328 1
5912 139 1
217 1400 1
5173 47 1
1672 3326 1
4383 1690 1
4198 3168 1
1730 1429 1
5697 2270 1
3258 5380 1
6441 1148 1
4851 4557 1
4900 4886 1
4849 3285 1
1862 3695 1
5817 3748 1
4355 3435 1
6167 5574 1
2320 2069 1
1348 2713 1
3117 349 1
5182 4692 1
3787 1877 1
5525 1518 1
2832 4985 1
1789 1168 1
4504 6006 1
4440 3012 1
2307 3441 1
3954 1521 1
5240 948 1
933 5517 1
6341 2306 1
2514 1679 1
3844 2835 1
4208 3262 1
4670 3524 1
520 1539 1
6565 6393 1
2197 5984 1
4696 660 1
4087 6395 1
4733 722 1
1118 3211 1
6506 3290 1
3332 5057 1
4973 2822 1
382 59 1
6460 240 1
330 2101 1
3481 3366 1
2551 227 1
6078 3173 1
3483 3173 1
1809 916 1
2766 6326 1
6458 1486 1
142 248 1
1744 2486 1
6322 3566 1
2492 251 1
1456 6236 1
6290 4089 1
5060 2246 1
3857 3107 1
2278 5685 1
5677 1126 1
193 6331 1
5548 3055 1
1540 2615 1
331 1632 1
5872 1207 1
5252 1089 1
1659 5473 1
1090 4974 1
5136 3445 1
6301 1967 1
6126 2733 1
6067 4573 1
6547 1152 1
2448 6490 1
4349 5284 1
2818 3934 1
3478 327 1
769 1368 1
5133 5500 1
5135 525 1
3104 5545 1
1507 5545 1
2813 3006 1
1399 3190 1
4454 766 1
2336 3108 1
2811 1986 1
4356 5007 1
2236 846 1
6219 4910 1
6261 4467 1
3113 6318 1
4764 4558 1
2016 64 1
4035 5346 1
5722 2618 1
1095 6365 1
6125 2857 1
5 2173 1
6295 4018 1
1200 3474 1
3464 4077 1
1855 4577 1
5305 2974 1
6516 4359 1
5508 6233 1
646 3469 1
3181 4753 1
1888 2385 1
3982 1658 1
4559 2373 1
955 1500 1
6511 6309 1
4321 1977 1
1645 4964 1
2719 4875 1
4815 1046 1
1525 1181 1
5609 3418 1
4747 3943 1
5592 3037 1
3595 4868 1
883 3251 1
6174 5004 1
5636 2863 1
326 4023 1
6121 5570 1
2858 4253 1
6245 2166 1
1961 5394 1
4832 3895 1
4478 371 1
4429 4528 1
659 1642 1
1209 3357 1
2731 34 1
2731 4165 1
2563 6337 1
4776 5511 1
1347 5206 1
2988 6509 1
54 2202 1
1051 151 1
4597 2848 1
500 5809 1
1047 2778 1
625 2959 1
3854 4615 1
5111 6353 1
5111 6141 1
5633 1529 1
1702 2496 1
2702 537 1
28 537 1
3350 537 1
1873 2003 1
1261 2059 1
1100 5000 1
4475 3620 1
3335 4673 1
4273 2487 1
3628 566 1
5074 5761 1
640 1856 1
449 1948 1
849 4422 1
2392 2378 1
5634 648 1
5420 6267 1
2386 1480 1
5664 2337 1
2188 3956 1
549 3225 1
6369 3610 1
400 2004 1
2981 4672 1
724 63 1
1991 1982 1
3315 1112 1
5710 72 1
5272 4305 1
5047 3497 1
1796 1995 1
4935 700 1
3540 3944 1
3565 1677 1
2033 4629 1
3504 4445 1
4342 2714 1
6501 2842 1
1807 5321 1
4757 3208 1
947 1169 1
4928 113 1
5586 6404 1
1080 1803 1
3394 6212 1
4936 914 1
4936 2220 1
718 5127 1
3409 3746 1
4205 1708 1
2349 2194 1
2889 279 1
4031 6425 1
622 3157 1
5858 5003 1
6106 2663 1
1745 5140 1
3382 6507 1
2558 6180 1
2074 6495 1
1943 3588 1
5324 2091 1
2346 6112 1
3049 4026 1
6304 518 1
2717 1192 1
3202 5822 1
6033 2260 1
4343 2990 1
2303 4686 1
5711 3000 1
5016 548 1
3330 4363 1
1689 3457 1
5286 970 1
5642 926 1
6544 6284 1
1297 3003 1
5549 1069 1
2503 4380 1
5157 4540 1
3696 1651 1
4627 2938 1
5392 5986 1
5228 5938 1
3076 5938 1
5823 4360 1
2903 212 1
5289 5582 1
3983 5307 1
136 1616 1
1894 5973 1
221 4027 1
52 3660 1
5452 219 1
3252 637 1
1900 5461 1
1625 1630 1
1065 1226 1
1685 2482 1
5759 6424 1
166 21 1
3206 4419 1
805 4796 1
2594 3420 1
4982 6418 1
286 1379 1
2950 4865 1
1493 2689 1
2072 5051 1
2350 1797 1
4784 3002 1
2168 3125 1
4702 2314 1
4279 4487 1
5210 5565 1
1817 4451 1
1764 365 1
3846 344 1
4975 6058 1
6366 1121 1
2304 4242 1
351 5795 1
1589 3899 1
4814 2406 1
4140 1228 1
1537 4532 1
6564 6128 1
3528 2922 1
