3442 2137 1
3442 158 1
1886 2482 1
1886 3399 1
1886 829 1
1886 538 1
884 1526 1
1658 3455 1
1658 2713 1
1406 3523 1
1406 91 1
1406 3083 1
1406 833 1
1198 57 1
3001 2446 1
3001 983 1
3458 1442 1
2624 789 1
1899 936 1
1432 2474 1
2938 3028 1
1542 1852 1
1833 1162 1
1350 1697 1
2146 3406 1
2146 2975 1
2600 2032 1
2273 769 1
2022 2806 1
2022 2818 1
2036 2169 1
1527 623 1
3367 121 1
210 890 1
210 2732 1
210 2027 1
210 2770 1
210 3497 1
210 1842 1
210 34 1
210 1051 1
210 2372 1
210 3485 1
3467 2479 1
3244 1011 1
1441 1897 1
501 1330 1
3231 825 1
3231 1761 1
1236 2610 1
3278 1780 1
2260 1674 1
2254 620 1
2023 2553 1
3330 3148 1
3017 1406 1
608 1424 1
798 922 1
1600 2902 1
2025 796 1
2025 1292 1
2025 474 1
2025 2333 1
2025 1957 1
2025 1446 1
2025 245 1
2025 2410 1
2025 1463 1
2025 1913 1
2025 1312 1
2025 74 1
2025 2340 1
2765 2554 1
2765 1448 1
2765 1608 1
171 3527 1
171 842 1
171 2337 1
171 2771 1
171 613 1
1659 790 1
1659 2513 1
1659 2983 1
1659 1652 1
2278 2460 1
2477 1962 1
2379 989 1
418 3013 1
418 176 1
418 1914 1
418 468 1
418 3202 1
418 476 1
418 780 1
418 593 1
418 2561 1
418 844 1
847 271 1
2206 153 1
2206 843 1
2206 1187 1
2206 3343 1
2206 2981 1
2206 3443 1
2206 180 1
2206 464 1
2206 1389 1
2206 2480 1
2206 2986 1
2206 1377 1
659 1223 1
669 2798 1
982 1864 1
982 2618 1
982 2928 1
982 123 1
982 2423 1
982 2902 1
982 2967 1
982 906 1
982 907 1
1645 1887 1
3293 388 1
417 2784 1
598 233 1
2567 202 1
2567 923 1
2567 3320 1
2567 2943 1
2567 2868 1
2567 1267 1
2567 731 1
1201 1581 1
1201 2592 1
1201 414 1
3453 2351 1
749 3203 1
749 2387 1
2546 2437 1
1546 2231 1
743 905 1
3510 1539 1
3510 3244 1
3510 1296 1
3510 660 1
3510 2560 1
3510 1710 1
3510 1996 1
3510 1009 1
3510 1347 1
3510 2487 1
3510 2940 1
3510 2683 1
3510 389 1
3510 3119 1
3510 1298 1
3510 2124 1
3510 1605 1
3510 1975 1
3510 1648 1
3510 1696 1
3510 2834 1
1486 709 1
1486 1487 1
1486 1395 1
1486 191 1
1486 96 1
1486 2673 1
1486 1225 1
1486 3046 1
1486 1422 1
1486 2891 1
1486 3070 1
1486 226 1
1486 540 1
1486 2601 1
1486 1860 1
1486 977 1
1486 2336 1
1486 3044 1
1486 3296 1
1486 2889 1
1486 3114 1
1486 1314 1
1486 2033 1
1486 682 1
1486 1632 1
1486 2654 1
1486 1494 1
1486 1121 1
1486 3384 1
2772 1022 1
1056 639 1
1056 1199 1
1056 3363 1
1056 2343 1
1056 2103 1
1056 1689 1
1056 3143 1
938 3508 1
938 3499 1
2583 1920 1
2583 949 1
1511 2078 1
1511 580 1
1511 1002 1
1511 3372 1
1511 2792 1
1511 3460 1
1511 3062 1
1511 2585 1
1511 1285 1
1511 548 1
1511 3364 1
1511 2109 1
2398 2079 1
2398 184 1
1153 102 1
1153 758 1
1153 585 1
1153 982 1
1153 3351 1
1153 655 1
1153 2867 1
1153 3295 1
1153 2972 1
1153 2577 1
1153 3051 1
1153 1089 1
1153 1921 1
1153 777 1
1153 3317 1
3091 1061 1
1344 1400 1
2929 2635 1
2588 715 1
2630 2326 1
3248 2988 1
3258 1260 1
2444 3208 1
2444 2138 1
2444 1892 1
2831 2246 1
73 2190 1
73 2942 1
73 1930 1
73 546 1
1311 1552 1
1311 2645 1
1207 2349 1
644 575 1
192 2076 1
192 473 1
192 1076 1
192 15 1
192 1474 1
192 1212 1
192 809 1
192 1766 1
192 1964 1
854 703 1
2052 2110 1
657 3165 1
1578 309 1
2871 3109 1
2319 304 1
2319 784 1
2319 477 1
2319 3243 1
2319 1579 1
3341 403 1
169 3190 1
169 1619 1
169 3040 1
169 2915 1
169 1598 1
169 2117 1
169 635 1
169 1250 1
169 3370 1
169 1140 1
2845 313 1
460 2757 1
2294 515 1
2294 560 1
2294 3196 1
2294 2383 1
2294 3060 1
2294 3086 1
2294 252 1
2294 224 1
2294 2034 1
2294 2248 1
2294 1587 1
2294 1361 1
2294 3277 1
2294 1383 1
2294 2201 1
2294 246 1
2294 830 1
2294 1635 1
371 1768 1
371 2684 1
2369 714 1
2667 192 1
2667 177 1
1859 2058 1
3464 2384 1
3464 80 1
3464 3498 1
3011 539 1
3011 952 1
3011 1617 1
599 2911 1
599 2861 1
599 2758 1
599 1723 1
599 1865 1
599 2974 1
599 493 1
599 1675 1
599 2888 1
599 1738 1
599 2226 1
580 220 1
580 1302 1
2056 136 1
1423 2917 1
2099 3294 1
2099 1048 1
2099 58 1
2099 1501 1
2099 1169 1
2099 1737 1
2099 2787 1
2099 472 1
2099 2712 1
2099 2255 1
2099 1123 1
2099 1566 1
2099 2388 1
2099 1878 1
2099 3520 1
2099 2733 1
2099 61 1
2099 2048 1
2099 2292 1
1284 1039 1
1284 3254 1
1284 1393 1
1284 1256 1
2692 1069 1
932 178 1
2268 529 1
2268 606 1
2268 559 1
2268 2881 1
2268 465 1
2268 1221 1
2268 401 1
2268 1970 1
2268 3093 1
2268 433 1
2268 865 1
2268 2877 1
2268 3517 1
2268 1507 1
2268 3448 1
2268 1747 1
2268 2112 1
2268 2288 1
2268 1953 1
2268 908 1
2268 2253 1
2268 2674 1
2268 988 1
2268 1062 1
2268 1118 1
690 1562 1
690 2443 1
2308 142 1
2308 2181 1
3195 2977 1
3195 2837 1
933 1399 1
2589 261 1
3132 1152 1
2969 3087 1
1954 2280 1
2187 935 1
1570 1622 1
2067 698 1
1290 448 1
3356 1906 1
1476 1642 1
1476 2127 1
1476 1877 1
1476 2224 1
1476 1900 1
1476 1803 1
1476 2790 1
1476 1499 1
1476 1324 1
1476 404 1
1476 2002 1
1476 2751 1
1476 2285 1
1476 2819 1
327 1306 1
327 2258 1
327 711 1
327 1676 1
327 1372 1
327 2449 1
327 1582 1
327 2318 1
327 778 1
327 1508 1
327 1988 1
327 2502 1
327 1163 1
327 3475 1
327 1708 1
327 1286 1
327 2743 1
327 1382 1
327 3521 1
327 2010 1
327 3321 1
327 852 1
327 808 1
327 2992 1
327 1959 1
327 3268 1
327 416 1
327 2865 1
327 1080 1
327 2057 1
2427 632 1
966 1695 1
2193 1522 1
2646 551 1
1141 991 1
3359 500 1
3325 3224 1
3477 2381 1
368 1630 1
3516 1402 1
3516 683 1
3516 2093 1
3516 835 1
3516 1091 1
3516 1822 1
1375 3197 1
3146 181 1
900 1154 1
900 2363 1
900 1742 1
900 2419 1
900 1713 1
1872 1479 1
683 733 1
214 3075 1
214 692 1
214 1384 1
259 2230 1
259 1625 1
259 2417 1
259 2503 1
259 1114 1
259 2105 1
259 140 1
1010 1623 1
1010 3373 1
1010 859 1
2139 719 1
1461 1591 1
1158 2312 1
1158 819 1
2327 2956 1
3394 2647 1
2421 1855 1
963 2302 1
963 2382 1
963 1693 1
1218 2166 1
1218 1127 1
1218 511 1
2900 901 1
3381 2523 1
2995 1320 1
1004 1476 1
1004 1277 1
2892 228 1
1019 882 1
1019 2806 1
1019 253 1
1019 1401 1
1019 3434 1
1019 3171 1
1019 2932 1
1019 901 1
1019 1862 1
967 2766 1
3179 147 1
3179 402 1
2449 1174 1
2449 3350 1
2344 2552 1
2344 2999 1
2344 834 1
2829 1911 1
401 1895 1
401 3026 1
401 1609 1
1970 2976 1
1970 306 1
1970 1106 1
1970 314 1
1970 658 1
1970 716 1
1970 1610 1
1970 1933 1
1970 2354 1
1970 561 1
1970 579 1
1970 2356 1
1970 507 1
1970 2641 1
1970 2739 1
1970 2564 1
1970 1111 1
1970 1107 1
3403 49 1
3161 1790 1
3161 2987 1
3161 2633 1
3161 717 1
3161 577 1
3161 2242 1
3161 3032 1
3161 305 1
1308 189 1
2746 2481 1
2746 894 1
2746 3435 1
2671 2672 1
191 535 1
191 2952 1
191 2812 1
191 1012 1
191 2140 1
191 3128 1
191 32 1
191 928 1
191 1184 1
191 792 1
191 3094 1
191 54 1
191 3311 1
191 1295 1
191 3253 1
191 2229 1
191 2411 1
1949 2428 1
1949 361 1
1949 3099 1
1949 1364 1
1663 273 1
3003 3492 1
2809 2741 1
2809 3206 1
2664 2600 1
2664 3185 1
2664 602 1
2664 1242 1
2664 3413 1
2664 1995 1
2664 3172 1
2664 871 1
2664 1574 1
2664 2059 1
2664 633 1
2664 2069 1
2664 827 1
2664 1363 1
2664 1881 1
148 2759 1
2424 902 1
931 3004 1
2101 2396 1
2101 2429 1
1064 959 1
1064 1429 1
1064 211 1
1064 2534 1
1064 2269 1
1064 42 1
1064 2828 1
1064 198 1
1064 1926 1
895 2576 1
461 1323 1
939 2634 1
2628 621 1
2628 1337 1
2628 684 1
503 1694 1
1525 3138 1
2044 935 1
753 1411 1
753 17 1
753 3257 1
753 3187 1
753 1850 1
753 814 1
753 39 1
3509 75 1
3509 155 1
1987 773 1
1987 2344 1
1987 2024 1
1987 3449 1
1947 1805 1
1947 1007 1
2590 2155 1
3144 1357 1
3144 2406 1
3144 1032 1
3144 2586 1
3144 1832 1
3144 3204 1
3144 3169 1
3144 734 1
3088 2262 1
3088 171 1
3088 436 1
3088 1741 1
3088 1686 1
3088 1937 1
873 590 1
2196 225 1
1055 2373 1
2939 1662 1
2939 2719 1
1905 1753 1
1905 997 1
1764 2368 1
924 3500 1
1548 1147 1
929 446 1
929 79 1
929 337 1
929 300 1
929 1200 1
929 2347 1
929 2399 1
929 1563 1
2803 1643 1
19 695 1
19 1420 1
19 2063 1
19 408 1
19 2893 1
3107 1791 1
653 125 1
2581 2826 1
2581 2084 1
2581 2680 1
1843 308 1
2584 1329 1
2584 1459 1
2584 383 1
2584 2313 1
1388 2914 1
3468 3039 1
3108 2102 1
1835 2039 1
1835 2896 1
1835 1142 1
1695 124 1
1695 2833 1
1695 1646 1
2107 456 1
2107 2800 1
451 2947 1
451 1468 1
1703 1132 1
1703 3436 1
1703 3164 1
1703 2591 1
1703 1081 1
1703 946 1
1703 3518 1
1703 2525 1
1703 3136 1
1703 712 1
1703 1796 1
1703 903 1
1703 1866 1
1703 696 1
1703 139 1
1703 1613 1
1703 3111 1
1703 3089 1
1703 272 1
1703 1253 1
1703 2506 1
1703 1303 1
1703 1462 1
1703 2297 1
1703 1013 1
1703 509 1
1703 1291 1
1703 2869 1
1703 702 1
1703 3115 1
1703 722 1
1703 1053 1
1703 1661 1
482 243 1
482 3473 1
1252 2054 1
1252 1262 1
1252 3451 1
1252 2958 1
1252 1084 1
1252 1281 1
1252 981 1
1252 1287 1
1252 3077 1
1252 739 1
1252 3074 1
1252 858 1
1252 390 1
1252 2060 1
562 413 1
562 576 1
562 2851 1
562 3008 1
562 555 1
562 3200 1
1618 2736 1
1618 1965 1
1618 3495 1
1618 563 1
1263 1478 1
1263 516 1
2879 3323 1
3222 2602 1
3222 2823 1
450 600 1
450 2431 1
450 1577 1
1503 174 1
1503 2690 1
1503 1707 1
1503 1495 1
1503 3352 1
2854 2082 1
3015 1100 1
315 558 1
315 3410 1
1457 2394 1
831 1233 1
82 2049 1
2118 650 1
2118 1939 1
2118 164 1
2118 1137 1
2118 35 1
2118 69 1
2118 366 1
2118 1099 1
2118 526 1
2118 172 1
1816 1990 1
1816 2412 1
1816 1575 1
1816 175 1
1816 128 1
1534 2870 1
50 1407 1
50 1261 1
726 770 1
2922 285 1
2655 244 1
2655 1799 1
2391 3189 1
1657 1651 1
1735 1034 1
1025 2920 1
1373 3138 1
1653 740 1
961 891 1
3061 832 1
3061 45 1
3061 1666 1
3061 2263 1
2872 951 1
2872 3180 1
3280 76 1
2380 1238 1
2380 2035 1
2380 2543 1
1852 2857 1
1852 200 1
1852 485 1
1852 3407 1
1852 1135 1
1852 2432 1
1852 2238 1
3118 3461 1
1601 2091 1
530 580 1
530 514 1
530 1889 1
87 1063 1
1278 3117 1
2972 1475 1
2972 2176 1
2972 2766 1
2972 969 1
2526 2173 1
3067 3072 1
3067 1945 1
3067 1257 1
3067 3389 1
3046 943 1
3046 1392 1
3046 1827 1
3046 3 1
3046 3098 1
1800 2295 1
2207 319 1
3334 1583 1
2407 3112 1
2407 3332 1
2407 67 1
2407 1020 1
2407 3345 1
3360 1789 1
1812 2170 1
1498 687 1
1756 2527 1
1584 2775 1
2157 1655 1
405 3398 1
405 290 1
405 987 1
1488 3496 1
1488 2933 1
1488 1129 1
1488 3043 1
1488 1846 1
1488 3469 1
1488 425 1
1488 679 1
1488 1307 1
1488 2663 1
1435 1670 1
889 697 1
1424 2240 1
1424 1048 1
1424 480 1
1424 2721 1
1424 3029 1
1424 646 1
1424 2528 1
1424 2315 1
1424 1580 1
1424 144 1
2181 2918 1
2181 1029 1
388 2811 1
388 2657 1
388 837 1
388 2989 1
1815 2698 1
1815 1130 1
1815 2212 1
1815 1042 1
1815 3478 1
1815 2375 1
2822 3307 1
671 268 1
2555 2926 1
432 1549 1
432 3507 1
899 956 1
3322 1650 1
920 1222 1
920 701 1
920 601 1
920 2293 1
3391 2773 1
1958 1817 1
1958 117 1
1958 2227 1
1958 455 1
1958 394 1
1958 1590 1
1958 992 1
1958 1273 1
1958 2620 1
1958 3318 1
1958 764 1
1958 1917 1
1958 71 1
3271 2796 1
3271 301 1
3271 267 1
3271 374 1
3271 2350 1
3337 426 1
1366 1997 1
1366 2640 1
1366 3348 1
1366 1117 1
1366 2012 1
1422 1745 1
1422 3408 1
1422 1374 1
346 1918 1
1748 2814 1
484 3528 1
1093 2664 1
2001 3487 1
1491 262 1
2458 2567 1
974 622 1
2578 3432 1
2578 249 1
2578 1759 1
2578 1585 1
2578 1159 1
2578 3137 1
1670 1709 1
1670 2548 1
1670 488 1
1670 3369 1
1670 2559 1
1670 3339 1
1965 1095 1
406 3409 1
406 1776 1
1038 341 1
286 940 1
1504 2841 1
1504 3292 1
1504 1698 1
1504 1594 1
1504 1809 1
1504 1536 1
1504 3025 1
1504 710 1
1504 1639 1
1504 1125 1
2512 352 1
2665 2832 1
1072 1079 1
1893 1503 1
1893 3340 1
1893 9 1
1893 237 1
1893 1315 1
1893 2153 1
3286 2405 1
2891 36 1
2891 494 1
2891 55 1
2891 2524 1
2891 2737 1
2891 2703 1
2891 240 1
2891 3281 1
2891 1471 1
2891 609 1
2820 565 1
2820 51 1
2653 2393 1
335 2520 1
2256 1727 1
2256 1304 1
2256 2374 1
270 431 1
270 3392 1
270 2944 1
270 1604 1
744 2691 1
744 566 1
744 3222 1
744 2397 1
744 3315 1
744 2538 1
744 3205 1
744 1425 1
2328 2013 1
2328 2948 1
2328 3269 1
1316 2199 1
2438 1640 1
2316 820 1
1636 371 1
761 1703 1
423 1145 1
2631 2630 1
2631 1808 1
2631 2884 1
2778 2801 1
2778 2300 1
2778 2183 1
3511 2385 1
3513 3236 1
1924 1547 1
1924 3319 1
170 1702 1
2436 3134 1
2941 2873 1
2370 3118 1
3328 321 1
391 1901 1
2232 1248 1
3411 828 1
2901 3402 1
1128 2842 1
1319 1935 1
1319 1998 1
1319 114 1
1319 2271 1
1319 1902 1
1874 1113 1
864 1052 1
1232 1157 1
1232 785 1
2965 2540 1
1059 759 1
2856 750 1
2856 640 1
2274 447 1
829 893 1
829 756 1
2178 1875 1
407 2447 1
407 28 1
20 3245 1
92 2996 1
92 2858 1
92 527 1
3273 37 1
3273 1481 1
3273 2650 1
90 1589 1
3254 724 1
3254 3104 1
3254 1607 1
3254 1456 1
3254 610 1
3254 2462 1
3254 2329 1
3254 2031 1
3009 1828 1
3009 553 1
3009 2689 1
3009 1925 1
3009 317 1
3009 230 1
3009 618 1
3009 3233 1
3009 1712 1
3009 3374 1
584 137 1
584 629 1
3093 318 1
3093 2483 1
3093 1014 1
3093 1692 1
1416 2771 1
800 3493 1
800 1966 1
800 2535 1
800 1170 1
800 2223 1
800 378 1
800 2205 1
68 3166 1
68 1732 1
68 2203 1
68 1557 1
1550 326 1
1550 520 1
615 757 1
1644 1891 1
581 979 1
581 2589 1
581 3162 1
581 196 1
581 636 1
581 1082 1
581 1797 1
581 2734 1
581 221 1
3125 603 1
3125 2642 1
3125 2116 1
3125 594 1
3125 508 1
3125 1771 1
3125 380 1
3125 3184 1
3125 875 1
1867 3522 1
1867 934 1
1867 6 1
1033 2119 1
1224 532 1
3100 1504 1
3041 1999 1
3041 2382 1
783 1153 1
783 2268 1
783 3061 1
783 3139 1
783 3503 1
783 1339 1
783 1470 1
2880 1611 1
3101 2281 1
3101 349 1
3101 2144 1
3101 3160 1
3249 1472 1
1890 642 1
1890 1168 1
914 1940 1
914 3272 1
914 2619 1
1553 3240 1
2408 867 1
1419 2118 1
1277 2062 1
1277 3432 1
1277 2835 1
1277 1088 1
1277 2963 1
1277 2486 1
1277 578 1
1277 203 1
1277 904 1
1277 1671 1
1277 1237 1
1277 1585 1
1277 3368 1
1277 283 1
1277 2878 1
1277 2728 1
1277 2708 1
1277 422 1
1277 2184 1
1277 2611 1
3113 1782 1
3113 214 1
3113 143 1
3113 3047 1
3113 2019 1
3113 3188 1
3113 1023 1
3113 1980 1
3113 1691 1
3113 505 1
3113 2839 1
3113 3259 1
3113 3049 1
2579 1386 1
1915 2082 1
3145 2709 1
1249 945 1
3312 3002 1
3014 193 1
3014 2652 1
3014 705 1
3014 2890 1
1338 2357 1
2898 1015 1
1846 2909 1
1846 360 1
1846 1197 1
1846 3209 1
5 2632 1
5 910 1
5 1275 1
5 1380 1
5 2894 1
5 768 1
5 381 1
5 2360 1
5 3446 1
5 1733 1
5 954 1
5 3018 1
5 1572 1
5 811 1
5 1226 1
5 1120 1
5 3375 1
5 3251 1
21 64 1
1492 3344 1
3051 1205 1
3051 2345 1
3051 1637 1
3051 3030 1
3051 2457 1
3051 1971 1
3051 1936 1
3051 3428 1
531 2853 1
668 2934 1
1027 898 1
115 3519 1
115 466 1
115 288 1
115 1858 1
115 1825 1
115 3183 1
115 2179 1
115 395 1
115 957 1
115 2145 1
115 329 1
115 419 1
2498 325 1
567 2753 1
567 2571 1
567 2046 1
567 1629 1
567 3167 1
567 2214 1
567 1569 1
567 2075 1
567 2245 1
567 3489 1
567 3300 1
567 2545 1
1719 2621 1
738 3313 1
1351 3353 1
1351 3232 1
1351 972 1
1351 1641 1
1351 675 1
1351 1762 1
1351 848 1
2156 3457 1
254 3186 1
793 822 1
1514 1665 1
2643 1647 1
1418 772 1
2188 2003 1
2570 2505 1
1003 567 1
1655 2125 1
1655 850 1
265 1955 1
1479 2026 1
1479 2537 1
1479 2299 1
1479 2724 1
1479 2740 1
1479 1596 1
1479 1819 1
1479 3181 1
1479 1744 1
1479 3102 1
1479 3124 1
1479 984 1
1479 1464 1
3397 1332 1
1999 3388 1
1999 70 1
1999 1717 1
1999 1934 1
2147 500 1
1389 1321 1
735 1736 1
1853 2895 1
1853 104 1
1853 1882 1
1853 504 1
958 333 1
791 1680 1
693 2707 1
2474 331 1
2474 23 1
2474 3226 1
2474 846 1
2474 135 1
2474 1385 1
2474 1612 1
2474 897 1
2474 838 1
2474 3466 1
2474 2964 1
2474 428 1
3114 868 1
3114 1297 1
3114 138 1
3114 878 1
3114 1097 1
3114 3027 1
3114 3110 1
3114 2957 1
3114 941 1
3114 1452 1
3058 3298 1
3058 3276 1
3058 2286 1
3058 797 1
3058 1036 1
2848 2330 1
2848 2247 1
2848 2389 1
2848 101 1
2848 2065 1
2848 1560 1
2848 1049 1
2848 471 1
2848 1103 1
2848 896 1
2848 1195 1
2848 2830 1
2848 1219 1
887 105 1
887 806 1
887 3174 1
887 2282 1
631 1818 1
629 3354 1
629 209 1
629 2677 1
629 1595 1
629 727 1
629 3301 1
629 2808 1
629 1505 1
629 1942 1
1171 1870 1
1171 88 1
3531 1313 1
3037 845 1
2355 3275 1
156 1319 1
828 487 1
828 1520 1
828 1044 1
828 2882 1
828 937 1
3308 2376 1
3308 2962 1
1322 2102 1
13 2651 1
98 2085 1
1729 2617 1
2683 387 1
375 2022 1
1932 2785 1
1932 2529 1
1932 1903 1
1932 1836 1
1932 2461 1
1932 748 1
1932 3247 1
1932 1538 1
1932 2658 1
1932 338 1
1932 3393 1
1161 1352 1
544 925 1
1555 1551 1
1555 1390 1
1555 916 1
1555 2209 1
1555 3288 1
1555 1837 1
2961 1079 1
2132 2648 1
987 1746 1
987 2123 1
987 3239 1
987 2486 1
987 2887 1
987 2469 1
987 290 1
987 1030 1
987 757 1
987 3215 1
987 2883 1
987 422 1
987 121 1
2597 595 1
1561 672 1
1561 2100 1
1561 1294 1
1561 2982 1
1561 3289 1
1561 1 1
1561 2128 1
1561 458 1
1561 2048 1
3347 263 1
1770 625 1
865 2547 1
145 345 1
1133 670 1
1133 3216 1
1133 2000 1
1133 3385 1
1133 836 1
1133 238 1
1133 2516 1
1133 3454 1
1133 2627 1
1133 573 1
1133 1820 1
1133 351 1
1133 881 1
1133 2978 1
3429 885 1
3429 2760 1
648 2122 1
686 3514 1
1259 914 1
2494 1565 1
462 73 1
1211 197 1
1211 661 1
1211 2366 1
1211 2874 1
1211 1119 1
1211 2328 1
1211 1728 1
1211 2923 1
1211 68 1
1211 3227 1
1211 651 1
1211 129 1
1211 2192 1
1211 537 1
1211 1978 1
1211 3445 1
1923 2722 1
2051 2588 1
2051 169 1
2051 1561 1
2051 3416 1
817 2450 1
266 3314 1
2912 3031 1
1024 1109 1
2997 3091 1
1040 1699 1
3010 641 1
3010 3068 1
3010 2164 1
955 801 1
2847 2725 1
1309 2415 1
56 2219 1
2719 3470 1
2719 2562 1
2719 2233 1
2719 3425 1
2719 2687 1
2719 3059 1
2719 1054 1
2719 107 1
2499 1528 1
2549 2729 1
1087 3279 1
1087 3437 1
1087 2115 1
328 161 1
771 439 1
771 195 1
409 199 1
2582 3221 1
302 1126 1
60 396 1
2855 1293 1
1364 2094 1
1364 1378 1
2484 1147 1
2484 1270 1
2484 447 1
2612 592 1
2358 2471 1
706 3510 1
706 2904 1
570 2813 1
1268 429 1
1679 89 1
3000 1763 1
1702 2198 1
1702 1834 1
1702 2599 1
1702 517 1
1702 85 1
1702 947 1
1702 1283 1
1702 2956 1
1702 190 1
1702 1767 1
1702 2748 1
1702 2175 1
1702 29 1
1702 2323 1
1702 2783 1
1702 2693 1
1702 2342 1
1702 1984 1
1702 2392 1
1702 3022 1
1702 364 1
1702 2104 1
1702 638 1
1702 2029 1
1702 2114 1
1702 2726 1
1702 3427 1
1391 1206 1
3193 1720 1
3193 84 1
3193 879 1
2954 2472 1
3309 3157 1
1747 2211 1
1747 666 1
1747 3080 1
1747 2675 1
1747 1026 1
1747 2838 1
1747 2603 1
1747 2913 1
1747 2061 1
1747 2456 1
1747 1427 1
1747 348 1
1747 2968 1
1747 2769 1
1747 3127 1
1747 2791 1
2390 856 1
2533 2605 1
2533 2656 1
2533 3334 1
2533 3484 1
2533 2991 1
2533 3182 1
2533 2445 1
894 457 1
894 2129 1
894 1143 1
894 77 1
894 1396 1
894 2040 1
894 1811 1
1490 2520 1
222 1436 1
222 1908 1
222 3310 1
222 736 1
222 1398 1
222 65 1
222 2747 1
222 353 1
222 1730 1
452 1191 1
3050 1437 1
421 2763 1
421 3366 1
421 2993 1
421 3218 1
421 948 1
421 541 1
421 794 1
421 110 1
421 1343 1
421 849 1
421 1830 1
421 765 1
421 373 1
421 1445 1
421 2488 1
421 2371 1
3140 1175 1
3211 1326 1
3410 255 1
3410 1071 1
3410 166 1
3410 2161 1
3410 2296 1
3410 470 1
3410 2261 1
2043 2903 1
1739 1788 1
3435 2113 1
3435 2485 1
3435 1631 1
3435 1353 1
3435 1621 1
3435 2636 1
3435 1775 1
3435 122 1
1031 2744 1
1031 521 1
1031 2489 1
1031 2532 1
2825 379 1
1856 2025 1
2422 1875 1
3533 525 1
3533 3158 1
3533 3085 1
3533 497 1
3533 2752 1
1160 2150 1
1160 205 1
2804 883 1
2804 3362 1
2804 3405 1
2804 3450 1
2804 2072 1
2804 1614 1
2804 2038 1
2804 673 1
627 100 1
627 3355 1
627 634 1
627 276 1
627 2540 1
627 1853 1
627 293 1
627 1880 1
627 2563 1
627 1649 1
627 2265 1
2962 3430 1
2962 247 1
2962 324 1
2962 2500 1
2962 2685 1
2962 2376 1
2735 662 1
2735 840 1
126 2924 1
1906 546 1
3317 917 1
3317 26 1
3317 915 1
3317 406 1
3317 2452 1
3317 2400 1
3317 730 1
3317 2243 1
3317 2335 1
1400 3465 1
1400 502 1
2767 2265 1
2659 564 1
2659 342 1
2659 2168 1
3224 2314 1
3224 1415 1
3224 2574 1
3224 3285 1
3224 188 1
3224 397 1
3224 3042 1
3224 1518 1
3224 708 1
3224 973 1
3224 2162 1
3224 762 1
3224 1403 1
3224 2149 1
3224 25 1
3224 1006 1
3224 2037 1
3224 289 1
3224 2478 1
1603 3501 1
1826 3278 1
1826 2080 1
1826 1541 1
1826 327 1
1826 1835 1
1826 3128 1
1826 1550 1
1826 1186 1
1826 2267 1
1826 356 1
1826 2250 1
1826 3400 1
1826 2346 1
1826 3066 1
1826 94 1
1826 2797 1
1826 1963 1
1826 3095 1
1826 2638 1
1826 1229 1
911 1182 1
2130 2573 1
2108 2594 1
3452 2131 1
3452 1983 1
3002 185 1
3016 3533 1
725 611 1
725 1859 1
725 1752 1
2490 3396 1
2490 4 1
2490 1455 1
1227 3073 1
851 3482 1
279 2298 1
3380 1188 1
2473 3228 1
2473 1485 1
2607 1010 1
2607 115 1
2607 2659 1
2607 1649 1
3414 82 1
998 3034 1
998 2949 1
998 1261 1
998 1251 1
998 1484 1
998 1967 1
866 28 1
1144 862 1
3170 270 1
2177 3084 1
3416 264 1
3416 510 1
3416 3055 1
3416 3483 1
3416 1516 1
614 2938 1
1632 1960 1
1632 2252 1
1632 1667 1
1632 2159 1
1632 663 1
1632 1047 1
1632 2694 1
1632 2568 1
3156 1136 1
120 1008 1
2218 3079 1
43 802 1
2006 421 1
495 2361 1
382 2795 1
2816 440 1
2087 3491 1
542 2510 1
542 677 1
2551 1985 1
66 294 1
2180 1480 1
2180 2442 1
2730 654 1
2730 1381 1
2730 853 1
1615 1669 1
1615 2413 1
3291 2225 1
2095 2111 1
2095 1192 1
2095 2331 1
2095 1404 1
1931 3175 1
918 664 1
130 3090 1
130 823 1
130 103 1
130 2935 1
130 824 1
130 1149 1
1743 742 1
1838 755 1
1838 2596 1
1838 2264 1
1838 3444 1
1510 2217 1
1510 2653 1
1510 3157 1
1510 2885 1
155 1701 1
155 256 1
155 478 1
155 323 1
155 3058 1
155 1231 1
155 1335 1
155 3246 1
155 1254 1
155 2710 1
3449 2623 1
3449 491 1
3449 1677 1
3449 766 1
3449 3349 1
1327 776 1
1327 1365 1
1327 674 1
1327 970 1
1327 3530 1
1327 1031 1
1327 3502 1
1868 3472 1
1021 2414 1
908 2237 1
908 1807 1
908 424 1
908 2723 1
908 964 1
490 3533 1
799 2465 1
799 216 1
799 18 1
985 1179 1
985 3149 1
985 1968 1
297 2581 1
1907 3168 1
3215 1979 1
3215 2701 1
3302 1700 1
1969 3103 1
617 2491 1
2305 483 1
2305 1801 1
78 165 1
1176 3063 1
257 1126 1
1628 1284 1
1628 1987 1
1628 41 1
1628 817 1
1628 999 1
1628 1139 1
1628 2409 1
1628 2289 1
991 1016 1
583 2843 1
583 2821 1
583 2716 1
583 206 1
583 1473 1
583 355 1
583 763 1
339 3462 1
812 2291 1
3383 3133 1
3504 2908 1
3103 384 1
1355 565 1
2511 357 1
2401 1769 1
2401 2416 1
2401 1447 1
3534 3122 1
3534 2695 1
392 2306 1
971 3007 1
971 1124 1
62 1460 1
369 1146 1
569 2416 1
2439 547 1
1824 3505 1
1824 2749 1
1824 47 1
1824 334 1
3338 523 1
2220 506 1
2220 343 1
441 2041 1
441 1271 1
30 2558 1
3095 528 1
3095 218 1
3095 2866 1
815 795 1
782 44 1
2824 1674 1
386 1387 1
2844 942 1
2844 1110 1
2844 3327 1
1239 886 1
1792 615 1
2090 1523 1
2090 3035 1
2090 2434 1
2090 1209 1
353 1772 1
353 307 1
2204 2433 1
2204 554 1
3474 676 1
1786 2626 1
1786 3123 1
1786 1204 1
1786 2303 1
960 278 1
1264 1571 1
1725 14 1
1725 282 1
2536 2430 1
1599 320 1
751 1556 1
1861 2670 1
848 1749 1
848 1994 1
848 1616 1
2704 459 1
1078 1228 1
2980 1772 1
2980 2143 1
513 2362 1
513 227 1
513 1056 1
513 1537 1
513 1863 1
513 2083 1
513 116 1
513 1417 1
513 1488 1
513 1316 1
513 194 1
513 800 1
513 787 1
513 2919 1
513 1171 1
513 1333 1
513 665 1
513 1909 1
513 130 1
513 291 1
513 1477 1
513 1885 1
513 2171 1
513 2916 1
513 2320 1
513 2133 1
513 1894 1
513 2764 1
513 1718 1
2849 950 1
1697 350 1
1697 1844 1
1697 2185 1
1697 3479 1
2409 2249 1
2409 1077 1
2409 3120 1
2409 3252 1
1885 2165 1
1885 1724 1
1885 2386 1
1885 2451 1
1885 1092 1
2610 201 1
2610 1454 1
2610 1112 1
2610 1685 1
2610 204 1
2610 154 1
2610 596 1
2610 1825 1
2610 63 1
2610 3183 1
2610 3191 1
1243 667 1
3092 1506 1
1443 1234 1
1280 3241 1
2160 95 1
3038 362 1
3038 3264 1
3038 3379 1
3038 106 1
3038 251 1
3038 2215 1
3038 469 1
3038 737 1
3038 1683 1
3038 2717 1
1544 2938 1
2676 745 1
1098 519 1
1524 1213 1
1879 1235 1
1879 2966 1
2467 1716 1
2467 7 1
2467 1164 1
1571 2097 1
2222 2782 1
1121 2325 1
1121 1017 1
1121 2235 1
2251 1778 1
1687 2522 1
1917 2275 1
2661 2418 1
2774 628 1
3444 880 1
3444 2121 1
3444 3270 1
3444 1684 1
3444 990 1
3444 892 1
3444 588 1
3444 2946 1
3444 1529 1
3444 1938 1
3444 1910 1
3444 1342 1
3444 38 1
3444 442 1
3444 944 1
3444 1972 1
3444 522 1
3444 2016 1
3444 1496 1
3444 1220 1
3444 2953 1
3444 1258 1
3444 912 1
626 1778 1
182 298 1
182 1681 1
182 1467 1
182 410 1
2055 2622 1
3024 2206 1
2011 2311 1
1757 1711 1
980 1060 1
2004 2172 1
2004 131 1
2004 367 1
2004 212 1
1301 3250 1
1301 3129 1
1301 732 1
1301 3082 1
1301 1408 1
1301 1037 1
1301 1678 1
1301 420 1
1301 81 1
1301 1450 1
1301 2706 1
1301 2338 1
377 1781 1
377 1831 1
377 3141 1
377 2141 1
377 316 1
377 612 1
3491 2979 1
3491 1543 1
3491 993 1
3491 2364 1
3491 1773 1
3491 534 1
3491 2994 1
3491 2984 1
3491 2840 1
3491 2817 1
3491 1810 1
3491 2514 1
3491 3159 1
3491 22 1
3491 3096 1
3491 1513 1
3491 870 1
3491 133 1
713 2475 1
3212 1758 1
358 3219 1
1793 2426 1
1793 2778 1
1793 3423 1
1793 277 1
1793 1367 1
1793 866 1
1793 2718 1
1793 3476 1
1793 3230 1
1340 3198 1
1340 2876 1
2040 3192 1
157 2688 1
1845 652 1
46 1362 1
46 3023 1
46 2507 1
46 498 1
46 2572 1
46 1823 1
46 3225 1
2210 2711 1
2613 1558 1
2613 1185 1
2613 1075 1
2613 2530 1
2613 2402 1
2886 1041 1
340 1327 1
1255 2584 1
1255 3014 1
1255 2467 1
1255 1301 1
2764 475 1
2764 2606 1
2764 461 1
2764 2021 1
2764 597 1
2764 2515 1
2764 213 1
2764 1750 1
2764 2521 1
2764 194 1
2764 2092 1
2764 59 1
2764 1104 1
2764 2134 1
2764 2971 1
2764 3316 1
2764 699 1
2764 3361 1
2764 1532 1
2764 1173 1
2764 1397 1
2764 2071 1
2764 1795 1
2764 1165 1
2764 512 1
1085 2220 1
427 630 1
427 2216 1
427 453 1
1881 1349 1
1881 1244 1
1881 3105 1
1881 2539 1
2468 1792 1
2779 132 1
2779 1317 1
2411 479 1
376 1156 1
1502 1426 1
1502 2194 1
1502 2020 1
1502 3036 1
1502 359 1
1502 10 1
1502 3106 1
1502 2440 1
1502 996 1
1502 1177 1
1118 975 1
1118 707 1
3052 1688 1
691 2430 1
2359 2509 1
2359 1627 1
2359 2815 1
2359 134 1
2359 587 1
2359 3057 1
2359 2365 1
2359 1873 1
2359 119 1
2359 3064 1
2359 1986 1
2359 2697 1
2359 1783 1
2359 1545 1
3210 962 1
1090 2228 1
2153 700 1
2153 1645 1
2153 489 1
2153 3378 1
2153 1888 1
2153 3456 1
2153 2761 1
2153 3012 1
2153 1993 1
2153 3056 1
2153 2068 1
2153 1210 1
2153 1500 1
2153 2679 1
102 2580 1
606 1067 1
1659 1851 1
1659 1272 1
1659 2045 1
1659 557 1
418 336 1
418 1282 1
2206 1166 1
982 2625 1
982 1857 1
2567 877 1
1201 2727 1
1486 2615 1
1486 231 1
1486 1328 1
1056 1421 1
1056 2 1
1511 1991 1
1511 168 1
1511 2377 1
1511 3415 1
1153 2565 1
1153 3418 1
3091 1167 1
3091 876 1
3091 2705 1
2630 1992 1
73 1122 1
73 2272 1
73 1354 1
192 1265 1
192 760 1
192 1240 1
192 1961 1
192 3357 1
192 2453 1
169 913 1
169 909 1
2294 860 1
2167 2470 1
2099 3439 1
2099 1592 1
2099 1740 1
1284 1345 1
1284 1057 1
2268 372 1
2268 3097 1
2268 149 1
1476 1108 1
1476 821 1
327 3333 1
327 1458 1
337 1247 1
214 280 1
259 3019 1
259 1804 1
259 2875 1
259 2042 1
1019 3365 1
1019 582 1
1019 1310 1
1019 2955 1
1019 2321 1
3179 3331 1
2768 3150 1
2768 1216 1
2768 3255 1
2768 296 1
2768 1068 1
1970 1633 1
1970 3440 1
1970 2720 1
1970 72 1
1970 160 1
191 1794 1
2664 3376 1
1064 3424 1
1064 2304 1
1064 1245 1
1064 2639 1
753 2403 1
929 3223 1
19 1512 1
1388 1346 1
1703 2587 1
2118 236 1
2118 721 1
2118 3412 1
1816 1394 1
3061 685 1
3118 2541 1
3046 649 1
1424 1588 1
1424 183 1
1424 1115 1
1424 680 1
1424 113 1
1815 3081 1
432 2015 1
1958 2324 1
1958 3069 1
3271 3155 1
1670 741 1
1670 2098 1
1504 1230 1
1504 1489 1
1504 2738 1
2647 2081 1
2647 857 1
2891 344 1
270 775 1
2005 3358 1
2631 2455 1
1134 3078 1
1134 1839 1
1134 1847 1
1134 926 1
1134 1449 1
2089 2556 1
3009 723 1
3009 1509 1
3093 3515 1
3093 3217 1
68 1074 1
68 2660 1
1938 400 1
1938 2404 1
3125 1116 1
3125 2637 1
3125 3213 1
1910 2464 1
3101 1172 1
1277 3121 1
1277 2152 1
1277 3512 1
1277 786 1
1277 248 1
3113 1840 1
1846 3335 1
5 2441 1
5 2334 1
5 1050 1
5 1413 1
5 1668 1
5 1083 1
5 83 1
3051 1898 1
3051 2495 1
115 2950 1
2498 3290 1
2498 310 1
1351 2793 1
1351 3147 1
1351 3382 1
1351 1376 1
1351 2899 1
1655 2731 1
1655 3176 1
1655 2776 1
1655 287 1
1655 2454 1
1655 549 1
1479 2070 1
1479 2186 1
1479 2662 1
1479 3506 1
1479 2148 1
2474 1576 1
2474 2050 1
2474 965 1
2474 921 1
2474 2852 1
2474 1183 1
3114 2463 1
3058 3303 1
3058 3005 1
3058 647 1
3058 2073 1
2848 159 1
887 370 1
3308 728 1
3308 2151 1
3308 2197 1
3308 3177 1
3308 2959 1
3308 2907 1
1932 3529 1
1932 12 1
1932 163 1
1932 1564 1
1932 681 1
1932 1682 1
1932 3045 1
1555 3065 1
987 927 1
865 2629 1
1211 3305 1
1211 2745 1
1211 779 1
1211 1045 1
1211 3490 1
2719 1370 1
2719 1241 1
1921 2236 1
1702 1469 1
1702 2191 1
1702 1829 1
1702 2608 1
1702 239 1
1702 1841 1
1702 1802 1
1702 2435 1
1702 1943 1
1747 1705 1
1747 2496 1
1747 1950 1
1747 2862 1
1747 1519 1
894 445 1
894 1497 1
222 1266 1
3315 2945 1
3315 2998 1
421 2018 1
421 3329 1
421 2921 1
3410 624 1
3435 1414 1
3435 2696 1
3435 1086 1
3435 752 1
1031 994 1
1031 1336 1
1031 3048 1
1031 2234 1
3533 1554 1
2962 2544 1
1906 1122 1
1906 1354 1
2659 3386 1
2659 1624 1
3224 1951 1
3224 3532 1
3224 303 1
3224 412 1
3224 3297 1
1826 3287 1
1826 3178 1
1826 258 1
1826 2593 1
725 1148 1
725 2501 1
725 2681 1
725 186 1
725 1754 1
998 3214 1
3416 976 1
1632 223 1
1632 2905 1
382 1884 1
382 930 1
130 1105 1
130 1602 1
130 2754 1
130 2277 1
155 3238 1
155 1981 1
3449 604 1
3449 2189 1
3449 281 1
1327 2322 1
1327 574 1
908 2064 1
908 1289 1
985 1515 1
1628 1919 1
991 2053 1
2220 2951 1
3095 3054 1
1786 215 1
1786 1214 1
1786 1246 1
1786 986 1
1725 3234 1
1599 1672 1
513 3207 1
513 1151 1
513 1428 1
513 586 1
513 2754 1
513 2970 1
513 1928 1
513 774 1
513 398 1
513 1567 1
513 2202 1
513 2195 1
1697 31 1
1697 1190 1
2610 3488 1
3038 2504 1
1879 1714 1
3444 2309 1
3444 2317 1
3444 141 1
3444 2074 1
377 311 1
377 167 1
2764 330 1
2764 3154 1
2764 1066 1
2764 3494 1
2764 481 1
2764 3346 1
2764 1568 1
2764 3153 1
2764 1540 1
2764 1331 1
2764 1217 1
2764 2756 1
2359 2794 1
2359 274 1
2359 3116 1
2153 3130 1
2153 33 1
2153 1777 1
2153 3173 1
2153 2014 1
2609 3431 1
2609 1654 1
2827 611 1
2827 1659 1
2827 1859 1
2827 2990 1
2827 399 1
2827 1752 1
2182 718 1
2154 165 1
1131 1517 1
1704 1201 1
1444 1101 1
1444 2174 1
496 1412 1
496 108 1
496 3101 1
496 513 1
242 1368 1
1180 1725 1
807 1453 1
1876 552 1
3481 591 1
2339 1690 1
2332 536 1
1483 365 1
839 92 1
2699 671 1
2270 1722 1
3447 2017 1
2836 1211 1
2859 1465 1
2142 925 1
1341 3053 1
2283 210 1
2283 284 1
3480 52 1
3526 1848 1
1356 2005 1
1279 2985 1
3194 1202 1
688 562 1
3126 953 1
3237 2553 1
3420 2359 1
1433 5 1
1433 1133 1
3163 438 1
2614 2108 1
127 208 1
24 2498 1
3421 3422 1
2649 583 1
2077 3429 1
1493 968 1
53 2779 1
1673 2765 1
3371 3076 1
1325 182 1
1410 2583 1
2678 900 1
2678 813 1
2678 1932 1
2678 1194 1
2678 2609 1
1626 2962 1
2531 1784 1
109 568 1
3395 2200 1
3266 382 1
40 115 1
2927 3220 1
312 605 1
2007 2290 1
1638 2814 1
2284 1046 1
2714 1721 1
146 1826 1
146 1628 1
354 874 1
3287 432 1
3256 1949 1
1440 19 1
1000 2802 1
1102 744 1
855 1252 1
2158 1958 1
2378 2631 1
1597 454 1
363 3471 1
152 1511 1
2257 2848 1
8 2497 1
2805 812 1
2604 3306 1
2846 1006 1
2221 411 1
571 872 1
1941 2287 1
2448 1886 1
863 689 1
1896 2459 1
1734 974 1
1181 3524 1
1001 259 1
93 1351 1
1189 599 1
1405 229 1
3151 1916 1
2239 2492 1
322 887 1
2780 2956 1
788 290 1
3131 2167 1
1871 1299 1
1922 810 1
3229 3342 1
1849 2086 1
2341 1218 1
3283 729 1
1779 533 1
3387 929 1
3387 486 1
217 1375 1
3433 1573 1
1535 3067 1
1535 818 1
437 2777 1
2850 2768 1
2682 2549 1
1760 111 1
2517 2668 1
2669 2508 1
1731 1844 1
1155 2310 1
3242 3125 1
2762 2244 1
1813 725 1
1634 2910 1
449 3179 1
550 690 1
2715 804 1
2301 396 1
3441 3033 1
2066 1599 1
1274 1434 1
1620 1614 1
1482 911 1
607 1824 1
1814 2466 1
1956 781 1
2307 1586 1
3284 1019 1
219 2809 1
2096 2781 1
1018 556 1
3199 1559 1
48 746 1
3267 443 1
434 3326 1
524 100 1
1409 581 1
2702 1288 1
978 1269 1
619 299 1
1043 1555 1
826 2099 1
826 3010 1
1929 3113 1
3377 467 1
747 1134 1
1070 841 1
3404 616 1
2616 66 1
1656 2146 1
2930 3038 1
250 2806 1
3020 234 1
1530 1715 1
1530 1359 1
1774 3442 1
2425 902 1
435 803 1
435 2241 1
232 1064 1
3324 187 1
1371 869 1
3426 1765 1
1348 1687 1
2352 645 1
2569 545 1
492 2518 1
720 1989 1
1593 1358 1
1798 2650 1
2931 2407 1
444 2644 1
1466 2319 1
656 2348 1
2742 3091 1
2120 2807 1
3006 1787 1
347 2542 1
3262 3535 1
1379 2205 1
643 1208 1
1927 179 1
2750 430 1
2135 1531 1
1726 2089 1
499 11 1
543 222 1
16 2416 1
2208 1438 1
2575 3516 1
2860 514 1
2860 1889 1
2088 260 1
269 3308 1
1431 46 1
2030 1879 1
1439 1486 1
1305 753 1
99 2973 1
99 2008 1
1369 2666 1
1369 2420 1
1178 2187 1
1664 1193 1
3274 2755 1
2960 820 1
2395 1276 1
754 920 1
816 271 1
767 1869 1
3336 985 1
1318 27 1
393 1973 1
2493 275 1
112 1948 1
1946 2102 1
704 3139 1
1785 292 1
2279 1150 1
2353 1815 1
694 418 1
1952 2595 1
1976 3142 1
2557 2533 1
415 1334 1
1521 518 1
1196 3271 1
2367 131 1
3265 1430 1
1821 2891 1
888 2891 1
2519 2106 1
2937 1944 1
2925 1755 1
3299 3304 1
295 1853 1
2009 86 1
805 2799 1
637 97 1
1883 2980 1
2906 1300 1
2686 2941 1
3260 589 1
3019 1215 1
1912 2213 1
1660 3314 1
919 2664 1
2786 861 1
2566 1854 1
3525 421 1
1058 241 1
3390 3282 1
235 2476 1
1706 2788 1
1028 1825 1
2136 1806 1
1203 2864 1
1073 18 1
2810 3459 1
3235 2598 1
2259 3438 1
2700 1533 1
3135 1388 1
2863 542 1
3401 1065 1
2936 1702 1
2550 2897 1
3486 1451 1
151 998 1
3263 678 1
3417 1786 1
332 385 1
150 1761 1
463 2789 1
1974 3419 1
1360 1094 1
1096 2126 1
3261 3144 1
1035 3009 1
3463 3201 1
3152 2294 1
118 90 1
3071 377 1
1751 2047 1
1904 1138 1
995 2266 1
1977 162 1
173 1606 1
3021 2578 1
207 1816 1
572 1982 1
1005 2028 1
2163 2276 1
