6185 325 1
6185 4943 1
6185 5366 1
6185 6866 1
6185 963 1
6185 5992 1
6185 2672 1
6228 2210 1
7037 1136 1
7037 2774 1
7037 2686 1
7037 16 1
7037 6882 1
7037 4751 1
7037 1861 1
7037 1968 1
6744 3068 1
6744 387 1
2813 3486 1
2813 5152 1
2813 3095 1
2813 99 1
2813 3906 1
5468 5397 1
5468 1803 1
6018 7328 1
2404 1008 1
2404 5448 1
194 5391 1
194 5159 1
5363 4432 1
1829 6119 1
1829 279 1
1829 1662 1
55 7410 1
6375 3340 1
3252 2687 1
6012 3004 1
6012 1935 1
6012 6688 1
6012 4879 1
3463 5810 1
3463 3945 1
3463 5720 1
3463 1682 1
3463 5655 1
3463 6292 1
1721 5044 1
3387 5116 1
4397 4933 1
4397 6734 1
2580 6479 1
5090 357 1
3837 3236 1
3354 2434 1
4869 1724 1
3458 5703 1
2292 3865 1
1804 6389 1
5109 1183 1
5109 7217 1
5109 5507 1
494 917 1
3078 2413 1
3078 1466 1
3078 4380 1
3078 1840 1
3078 4322 1
3078 5986 1
3078 5161 1
3078 6784 1
6160 3485 1
6160 6337 1
6513 1028 1
6513 1005 1
6513 2289 1
2420 3421 1
6303 7377 1
6219 1177 1
6219 3909 1
6219 3744 1
6219 3964 1
1533 4465 1
1533 6094 1
1533 3673 1
5797 1150 1
4830 154 1
4830 62 1
4147 307 1
4147 1123 1
4147 4731 1
4147 7167 1
4147 4274 1
4147 4967 1
4147 137 1
6814 6219 1
3948 5040 1
4883 67 1
4883 2783 1
7268 6919 1
7009 6931 1
7009 5853 1
7009 646 1
7009 6347 1
7009 3768 1
7009 1889 1
7009 6264 1
7009 5439 1
7009 4960 1
7009 5128 1
7009 1471 1
7009 2141 1
750 2432 1
2875 1748 1
6254 6731 1
6254 6315 1
3519 625 1
6857 5846 1
6857 836 1
6857 7298 1
1175 3343 1
1175 4018 1
1175 5824 1
1175 3107 1
1175 3171 1
1175 1098 1
6730 3955 1
6730 6796 1
7122 344 1
6733 1679 1
434 2818 1
4264 2345 1
4264 4522 1
4264 2832 1
4264 3090 1
6658 56 1
6658 3818 1
6658 4432 1
6658 348 1
6658 981 1
6658 4510 1
6658 6481 1
6658 3986 1
6658 3692 1
6658 6699 1
6658 4829 1
6658 5361 1
302 1747 1
4891 3658 1
4891 7305 1
4891 3814 1
4891 4443 1
4891 3283 1
4891 2827 1
4891 3912 1
5370 926 1
6428 661 1
6428 5085 1
6428 7262 1
6428 4020 1
6428 7072 1
6428 3636 1
6428 2189 1
6428 7247 1
6428 5712 1
6428 2974 1
6428 538 1
6428 1051 1
6428 1558 1
6428 7101 1
6428 1614 1
6428 2953 1
6428 5123 1
6428 192 1
6428 5781 1
4541 5384 1
4541 5528 1
4541 6142 1
4541 1503 1
4541 265 1
4541 7124 1
4541 6163 1
4541 504 1
4541 741 1
4541 567 1
4541 626 1
3441 96 1
4699 5776 1
4699 1222 1
4699 4355 1
4699 4280 1
4699 5438 1
6411 5955 1
1049 6067 1
1049 2447 1
1049 2262 1
1049 314 1
1049 3899 1
1049 5389 1
1049 5378 1
1049 4341 1
1049 5916 1
1049 1317 1
1049 5392 1
3172 7250 1
792 3176 1
792 4204 1
3397 802 1
3397 5607 1
2518 402 1
2518 6206 1
2518 6054 1
2518 1257 1
2518 1268 1
3457 2998 1
3457 6708 1
3457 4292 1
3457 3726 1
3457 5462 1
3457 4934 1
3457 2603 1
3457 6644 1
3457 1681 1
3457 5449 1
3457 5272 1
3457 1956 1
3457 6605 1
3457 1382 1
3477 4051 1
3477 329 1
1784 2879 1
6830 2463 1
7116 3712 1
7116 5622 1
7116 4381 1
7116 1900 1
7116 462 1
7116 2174 1
7116 1392 1
7116 966 1
7116 2015 1
7116 1070 1
7116 4222 1
3343 4257 1
3343 2940 1
5376 2386 1
5024 7112 1
5024 748 1
5024 6460 1
5024 3142 1
5024 2226 1
5024 6355 1
372 3446 1
372 273 1
372 26 1
372 927 1
372 7098 1
372 1468 1
372 942 1
372 5004 1
372 4175 1
372 561 1
372 6553 1
372 7310 1
372 5045 1
372 5476 1
372 6603 1
372 6494 1
372 3996 1
3861 5506 1
3861 4042 1
3541 6962 1
5338 7022 1
1539 5817 1
1539 1002 1
1539 6340 1
1539 6492 1
1539 7313 1
1539 1316 1
423 105 1
423 3166 1
423 3054 1
3467 2954 1
5651 676 1
5651 2845 1
5651 4272 1
5651 4088 1
5651 678 1
5651 5266 1
2107 5716 1
2107 7086 1
2107 532 1
5170 4576 1
2339 4467 1
2339 3580 1
2339 186 1
2339 7128 1
2339 7323 1
2339 5318 1
2339 7333 1
2339 3153 1
2339 3357 1
2339 2390 1
2339 6282 1
2339 4326 1
2339 1269 1
2339 2928 1
2339 7024 1
2339 837 1
2339 6211 1
2339 6358 1
2339 6196 1
5485 2565 1
5240 3070 1
2328 5584 1
2328 6328 1
4458 1012 1
4458 2555 1
4458 2903 1
4458 1788 1
4458 4277 1
4458 6278 1
4458 2788 1
266 494 1
266 6302 1
266 326 1
4194 7093 1
4194 3557 1
4503 2338 1
4503 214 1
4985 6008 1
6927 7396 1
6927 7326 1
6927 5224 1
6927 698 1
6927 1139 1
3653 2592 1
3653 4618 1
5702 5833 1
1481 519 1
1481 2994 1
1481 1229 1
1481 1862 1
3683 1109 1
3683 1073 1
3683 5 1
3683 3932 1
3683 42 1
3683 343 1
3683 1722 1
3683 4387 1
3683 1041 1
3683 5324 1
3712 1126 1
1291 4520 1
1291 3871 1
610 995 1
610 2530 1
610 5473 1
610 7172 1
610 7369 1
610 3260 1
610 6936 1
610 7043 1
610 2826 1
610 6580 1
1992 4574 1
1992 3367 1
1578 7411 1
1753 3461 1
1753 4083 1
1753 4353 1
1753 6137 1
1753 4549 1
1695 1517 1
1695 2391 1
1695 1780 1
1695 6270 1
1695 2218 1
1695 2029 1
1695 2505 1
916 5454 1
916 5753 1
916 6952 1
2692 587 1
2692 125 1
2692 3918 1
2692 5106 1
3516 3336 1
5735 4344 1
3002 4668 1
3002 1688 1
3935 3541 1
1267 5235 1
1267 5842 1
80 3130 1
80 6631 1
80 5101 1
80 3677 1
80 346 1
1961 4106 1
1961 4849 1
4077 6257 1
4077 5702 1
4077 5204 1
4077 4226 1
4077 916 1
4077 3733 1
4077 2949 1
4077 2181 1
4077 5626 1
4077 4455 1
4077 3931 1
4077 524 1
4077 924 1
4077 6489 1
4077 1649 1
4077 4358 1
4077 1531 1
4077 4964 1
4077 6933 1
4077 6306 1
4077 5695 1
4077 1209 1
4077 1411 1
4228 1072 1
4228 2087 1
4228 3582 1
4228 3778 1
647 5323 1
5859 5514 1
5859 3177 1
1587 5059 1
3656 1066 1
3656 23 1
3656 5981 1
3656 308 1
1218 4799 1
6780 4065 1
6780 2512 1
6780 212 1
1408 4765 1
397 2795 1
397 2039 1
397 4219 1
397 5140 1
397 3646 1
1311 6466 1
3173 1934 1
3173 612 1
3173 4606 1
3173 4218 1
3173 6188 1
3173 6471 1
3173 6799 1
3173 4893 1
7242 1436 1
7242 4276 1
7242 2101 1
7242 6131 1
7242 4640 1
3848 3770 1
3848 5755 1
3581 4264 1
3581 1961 1
3581 12 1
3581 1495 1
3581 3319 1
3581 6661 1
3581 399 1
3581 5684 1
3581 7055 1
3581 4135 1
6110 6831 1
273 4553 1
273 4946 1
273 1978 1
273 967 1
273 445 1
273 2452 1
273 4968 1
273 7227 1
273 5886 1
4925 537 1
4925 1013 1
557 1034 1
2453 6015 1
4932 5041 1
4932 2197 1
6448 1293 1
4805 6343 1
2267 4676 1
3280 2919 1
6409 7208 1
6409 5884 1
6409 3672 1
2464 233 1
2464 7315 1
4801 5410 1
4801 4062 1
4801 7199 1
5541 6412 1
5541 2051 1
5541 4339 1
5541 3185 1
5541 7196 1
5541 2791 1
6265 6258 1
6265 7174 1
4250 1022 1
601 7037 1
601 4665 1
601 1603 1
601 3630 1
601 3562 1
601 4975 1
601 371 1
601 6501 1
601 1308 1
601 153 1
601 7344 1
601 274 1
601 845 1
601 2582 1
601 3785 1
601 2342 1
601 1901 1
601 6848 1
601 3573 1
601 2567 1
601 2684 1
601 3676 1
601 3570 1
601 3207 1
601 4126 1
601 4926 1
601 3362 1
601 1608 1
2268 6049 1
7173 7295 1
7173 4261 1
7173 5980 1
7173 407 1
7173 5759 1
1114 4951 1
160 7020 1
1886 6504 1
1886 5585 1
1886 887 1
1886 6530 1
1886 5148 1
1886 5713 1
1886 688 1
1886 5502 1
1886 1916 1
1886 536 1
1886 4782 1
235 6732 1
235 5379 1
235 3406 1
235 5918 1
235 4045 1
235 6256 1
235 2425 1
235 5186 1
235 1754 1
235 4556 1
235 4675 1
235 7114 1
235 2286 1
235 4270 1
579 6656 1
579 5115 1
579 4845 1
579 2709 1
579 6467 1
4903 7155 1
4903 5932 1
4903 2631 1
4903 4040 1
4903 4840 1
4903 6908 1
4903 4892 1
4285 2563 1
4285 3949 1
4285 3727 1
6045 6020 1
5553 4416 1
3189 7100 1
3189 3388 1
3189 7141 1
3189 7147 1
3189 5135 1
3189 2713 1
3189 4768 1
3189 4411 1
1657 6098 1
6047 7220 1
5442 3128 1
5442 5223 1
5442 4723 1
5442 1026 1
5442 139 1
5442 1790 1
5442 229 1
5442 5401 1
2770 6759 1
2770 6926 1
2770 1736 1
5285 1130 1
5285 2129 1
5285 2278 1
5285 617 1
5285 3198 1
5285 5668 1
776 906 1
2651 6490 1
7155 4161 1
7155 952 1
130 7267 1
1755 4847 1
1755 506 1
1755 841 1
1755 3065 1
1755 4037 1
1755 436 1
1755 3299 1
1755 2863 1
1755 5924 1
1755 1797 1
1973 4802 1
1973 970 1
1973 6100 1
1973 7062 1
1973 6764 1
1973 842 1
1973 6113 1
1973 3969 1
1973 3723 1
1973 5747 1
1973 1253 1
1973 1057 1
1973 733 1
1973 2389 1
1973 4143 1
1227 7219 1
2563 6038 1
1585 59 1
2091 1918 1
2091 2935 1
2091 5250 1
4332 1278 1
4332 4713 1
4332 1170 1
629 2534 1
629 3456 1
629 4450 1
1888 3066 1
1888 6442 1
1888 4418 1
1888 2896 1
1888 1417 1
3881 3428 1
555 263 1
555 6294 1
555 575 1
1513 1979 1
1513 3489 1
1513 5982 1
2157 6532 1
2157 5612 1
2157 7330 1
2157 6594 1
6059 3350 1
6059 1553 1
6059 3408 1
6059 3649 1
6059 6399 1
6059 888 1
6059 4864 1
6059 2340 1
6059 6431 1
6059 6446 1
6059 2604 1
6059 5456 1
6059 4208 1
6059 621 1
6059 2598 1
6059 3059 1
6059 1902 1
6059 1653 1
6059 6314 1
6059 860 1
6059 25 1
6059 7380 1
6059 4979 1
6059 4033 1
6059 5301 1
6059 7191 1
6059 6812 1
6059 5915 1
3911 635 1
3911 4955 1
3911 6001 1
6138 3607 1
4888 7234 1
7323 129 1
7323 1420 1
7323 2124 1
7323 5288 1
7323 5890 1
7323 4112 1
6391 6205 1
6391 985 1
6391 2462 1
6391 7144 1
6391 2219 1
6391 2609 1
6391 7354 1
6391 7270 1
6391 5688 1
6391 3165 1
6391 3716 1
6391 1506 1
6391 4820 1
663 3999 1
5563 1498 1
6670 687 1
6670 6467 1
23 6155 1
23 7405 1
23 3859 1
23 3588 1
23 4888 1
23 1524 1
23 4336 1
23 475 1
23 4304 1
23 3652 1
23 2250 1
23 4745 1
23 5487 1
23 5425 1
23 290 1
23 6335 1
23 2200 1
23 3501 1
23 2920 1
5773 4363 1
5773 6674 1
5773 6968 1
5773 1416 1
3058 6092 1
3058 5748 1
3058 77 1
1004 6435 1
1004 2325 1
1004 4679 1
1004 281 1
3511 5156 1
3511 7384 1
3511 6089 1
3511 1461 1
3511 1141 1
3511 878 1
3511 4394 1
3511 1528 1
3511 2114 1
3511 3616 1
3511 984 1
3511 291 1
3511 3337 1
3511 5231 1
3511 3013 1
3511 4529 1
3511 3138 1
3511 5307 1
2430 6365 1
4601 124 1
859 1677 1
859 7177 1
5154 4094 1
2781 1469 1
2781 3893 1
4887 1450 1
4887 6369 1
4887 1908 1
6139 3261 1
6139 883 1
6139 301 1
6139 5871 1
6139 3345 1
6139 2911 1
6139 3641 1
2963 3998 1
4420 7324 1
2725 4281 1
809 4177 1
809 2708 1
809 3470 1
809 2764 1
809 1062 1
809 948 1
809 897 1
2830 3997 1
2830 3670 1
1522 1261 1
1522 6692 1
2952 2568 1
2952 2317 1
2952 4497 1
787 3226 1
787 6801 1
4305 3691 1
4305 2931 1
4305 4898 1
4305 2921 1
4305 4275 1
4305 2243 1
4305 1264 1
4305 1976 1
4305 3356 1
4305 2093 1
4305 295 1
4305 1448 1
4305 5221 1
4305 4546 1
4305 6200 1
4305 6853 1
4305 1331 1
4305 3702 1
4305 6939 1
4305 3971 1
5654 1401 1
5926 6271 1
5926 6339 1
5481 2733 1
459 5372 1
1951 4984 1
1951 2984 1
1951 4073 1
1951 6755 1
1951 122 1
1469 6535 1
1469 5912 1
1469 4178 1
1469 2244 1
1469 1773 1
1469 6783 1
1469 1811 1
1469 1640 1
1469 1925 1
1469 758 1
1469 2746 1
1469 1092 1
1469 6023 1
1469 7090 1
1469 6118 1
1469 2422 1
1469 975 1
1469 4144 1
4220 2335 1
4220 7149 1
4220 1783 1
1355 5719 1
1355 760 1
2081 5789 1
4477 4424 1
3445 3774 1
3445 6344 1
3445 3933 1
3445 3539 1
4647 1748 1
4647 5728 1
1461 3248 1
6413 5177 1
3959 2524 1
1593 3382 1
1593 3209 1
1593 2227 1
1593 752 1
1593 3739 1
1593 1279 1
1593 3963 1
3418 3941 1
3418 2177 1
1445 1203 1
1445 5242 1
1445 582 1
1445 7185 1
1445 7378 1
1445 3745 1
1445 3816 1
1445 6235 1
1445 1477 1
1445 4659 1
1445 7261 1
1445 953 1
1445 6241 1
1445 4535 1
1445 2003 1
693 6819 1
6779 5941 1
6779 6114 1
6779 4273 1
6779 3552 1
6779 7060 1
6779 922 1
6779 569 1
6779 164 1
6779 6595 1
6779 923 1
6779 4505 1
6779 2057 1
4375 863 1
5073 1049 1
5073 6059 1
5073 3001 1
2741 6735 1
2872 3585 1
4753 6749 1
4753 5021 1
4753 3794 1
1641 2299 1
1462 3064 1
1462 1574 1
2244 724 1
7123 3229 1
810 3900 1
810 2767 1
810 6273 1
3532 6941 1
3491 5548 1
3491 2119 1
3491 2727 1
3491 21 1
3491 3018 1
2023 5232 1
2023 498 1
2023 1552 1
2023 3269 1
2023 3753 1
5174 3463 1
5174 4902 1
1435 6726 1
4691 4283 1
4235 7257 1
6128 5672 1
7357 6171 1
6714 6422 1
1705 1936 1
1705 393 1
1705 1904 1
1705 4980 1
1705 3825 1
744 1404 1
5870 3378 1
5870 2682 1
5870 1529 1
5870 2347 1
2521 3867 1
5217 6326 1
1887 6629 1
5513 6998 1
3223 5203 1
3223 3599 1
247 1064 1
3075 2506 1
3075 3513 1
3075 4667 1
1838 275 1
256 2712 1
256 5160 1
256 5483 1
256 7351 1
256 655 1
256 2804 1
256 4804 1
256 4367 1
256 3878 1
256 1321 1
256 7224 1
256 6374 1
521 1616 1
521 3117 1
521 1403 1
521 1107 1
5057 3192 1
5057 414 1
5057 716 1
4995 2690 1
4995 6448 1
4995 6697 1
4995 4937 1
4995 1699 1
4995 4166 1
4995 6180 1
4995 1332 1
4995 4684 1
4995 449 1
4995 4302 1
4995 6352 1
4995 5190 1
4995 5253 1
768 5064 1
768 5355 1
768 3006 1
768 6309 1
768 4456 1
768 1424 1
768 5793 1
768 2095 1
768 6322 1
3329 5402 1
3329 1865 1
1724 6942 1
1724 4986 1
1724 6883 1
1724 2442 1
4468 3961 1
2998 7255 1
2754 4485 1
5818 3713 1
5818 1818 1
1224 1096 1
1224 6994 1
1224 5521 1
5293 824 1
5293 6203 1
5293 237 1
5293 2443 1
5293 5112 1
5293 5023 1
902 4499 1
988 4788 1
1000 3773 1
1000 7374 1
1000 5930 1
1000 2522 1
1000 2726 1
2671 5290 1
2671 5365 1
2671 203 1
2671 1962 1
2671 2860 1
2671 4186 1
2671 5065 1
4008 1551 1
514 1607 1
514 3786 1
2162 2912 1
3081 5367 1
3081 2481 1
3081 5680 1
3081 573 1
2110 3984 1
2110 7013 1
2110 1287 1
7265 2107 1
5083 3371 1
2181 2839 1
2334 4298 1
2334 4187 1
2334 4083 1
2334 2923 1
2334 4353 1
2334 6905 1
2334 2322 1
2334 1105 1
2334 2120 1
2334 6137 1
2334 4549 1
2334 2062 1
2334 5271 1
1720 1151 1
1720 6470 1
2579 5882 1
2579 3809 1
2579 1493 1
2579 5876 1
2579 5435 1
2579 4796 1
5180 4791 1
5180 6030 1
6593 3857 1
2357 2168 1
4610 5222 1
4610 339 1
4610 5648 1
1537 100 1
6414 6319 1
4078 1510 1
4455 3875 1
4455 2162 1
4455 5634 1
4455 200 1
4455 5682 1
4455 4760 1
4455 4260 1
4455 4064 1
4455 5058 1
4455 6662 1
4455 4297 1
4455 820 1
4455 4251 1
1602 5519 1
2318 4793 1
2318 5234 1
6642 6052 1
6642 6863 1
6642 801 1
6642 2902 1
6642 1743 1
6642 431 1
6642 941 1
6642 6176 1
6642 2148 1
6642 4707 1
6642 5795 1
6642 3326 1
6642 6432 1
2957 6346 1
2957 6158 1
2957 5807 1
2957 4853 1
2957 2343 1
2957 5472 1
2957 4034 1
2957 3892 1
2957 6418 1
2957 6323 1
2957 5598 1
2957 1212 1
2957 4530 1
2957 4519 1
189 5302 1
189 1970 1
189 2523 1
189 4445 1
189 2456 1
1919 4657 1
6523 3947 1
3943 1801 1
3943 2161 1
3943 5515 1
3943 3403 1
3943 6291 1
3943 6111 1
3943 5198 1
5070 5345 1
4621 5062 1
6991 1761 1
6436 4055 1
4217 6964 1
2459 2992 1
2459 817 1
2459 4600 1
2459 5175 1
2459 5575 1
2459 3544 1
4069 580 1
2259 3962 1
2259 2301 1
2259 5356 1
2259 5606 1
2259 3099 1
2259 4120 1
2259 5829 1
2259 2644 1
2259 5804 1
2388 6012 1
2388 2206 1
2388 7032 1
2388 1433 1
2388 3200 1
2388 4932 1
2388 2770 1
2388 4181 1
2388 3911 1
2388 5036 1
2388 4915 1
2388 5057 1
2388 1691 1
2388 4142 1
2388 320 1
2388 2055 1
2388 3202 1
2388 502 1
2388 1850 1
2388 1825 1
2388 4619 1
2388 4085 1
2388 6961 1
2388 5543 1
2388 1306 1
2388 1652 1
2388 827 1
2388 6539 1
2388 3730 1
2388 2446 1
2388 3034 1
2388 3748 1
3502 1228 1
3502 3246 1
1871 1709 1
1871 5594 1
1871 5022 1
2504 104 1
996 5411 1
996 479 1
996 6871 1
996 7083 1
996 1876 1
996 3952 1
996 4103 1
996 5599 1
996 4624 1
996 7290 1
996 4786 1
996 3701 1
996 4680 1
2495 5236 1
6109 4813 1
508 48 1
508 7011 1
508 7223 1
508 3819 1
3937 2813 1
3937 3876 1
3937 1992 1
3937 1079 1
3937 2216 1
3937 3338 1
3937 1732 1
3937 249 1
3937 2513 1
3937 6959 1
3937 1882 1
3937 5860 1
3937 5616 1
3186 2617 1
3186 5733 1
3186 6149 1
3186 6116 1
3186 1821 1
3186 3398 1
930 7120 1
2796 6650 1
3348 605 1
3348 2722 1
4253 4704 1
4253 5938 1
4253 5701 1
6075 4608 1
6075 3478 1
239 6231 1
1346 271 1
1346 6475 1
1346 5675 1
1346 4848 1
1346 240 1
1346 5732 1
3950 2893 1
3950 6765 1
3950 5685 1
2789 1237 1
2789 4439 1
1150 5811 1
731 1384 1
1011 1226 1
1011 5659 1
1011 3244 1
1011 92 1
1011 5002 1
1011 298 1
1011 5590 1
1011 2861 1
1011 1987 1
1011 2241 1
1011 2824 1
1011 643 1
1011 5482 1
1011 7095 1
1011 3084 1
1011 6669 1
4833 566 1
4761 4194 1
4761 244 1
4761 7319 1
4761 1387 1
4761 1255 1
4761 2691 1
4761 2685 1
4761 4248 1
4761 17 1
4761 2854 1
4761 6695 1
4761 1610 1
4761 6221 1
1160 1249 1
1160 257 1
6722 82 1
6722 836 1
2773 1247 1
4410 487 1
4410 6334 1
4410 6248 1
4410 3821 1
3180 3369 1
3180 157 1
4191 2589 1
3238 95 1
6973 2076 1
2719 1714 1
3951 2010 1
3236 6891 1
3236 3419 1
3236 2154 1
3236 1099 1
3236 3841 1
3236 2955 1
3236 1198 1
1505 6586 1
1178 7336 1
4022 6353 1
4022 6989 1
4022 2693 1
4022 6667 1
6844 6185 1
6844 3216 1
6844 2641 1
6844 3740 1
6844 6296 1
7269 6552 1
7269 5583 1
7269 717 1
7269 757 1
7269 4604 1
7269 4139 1
7269 2800 1
7269 1820 1
7269 2071 1
7269 1655 1
7269 4671 1
3689 4496 1
3689 896 1
3689 5953 1
3689 742 1
1146 956 1
1146 2985 1
1146 6974 1
318 37 1
4589 2377 1
4589 1845 1
874 208 1
3713 4312 1
3713 4221 1
3713 464 1
3713 615 1
3713 2849 1
3713 891 1
3713 1280 1
3713 1818 1
3713 1427 1
3713 6267 1
3713 6832 1
3713 3907 1
3713 6465 1
4388 4870 1
4388 5894 1
4388 3372 1
4388 4913 1
3494 5796 1
3494 168 1
3494 1152 1
1934 6026 1
1934 3420 1
1934 3294 1
1934 4605 1
1934 4905 1
1934 1878 1
4063 4999 1
4554 7259 1
315 1560 1
588 4386 1
4732 5196 1
4732 3425 1
4732 1654 1
4732 910 1
4732 7164 1
4732 2769 1
4732 250 1
4732 3762 1
4732 7318 1
4732 4354 1
4732 3026 1
2847 511 1
2847 6367 1
2847 5903 1
2847 938 1
524 1288 1
524 3983 1
524 3750 1
4996 3789 1
5432 1245 1
2964 7099 1
4910 7392 1
1841 4314 1
1841 440 1
1841 3493 1
1841 1132 1
1841 2380 1
1841 1798 1
1841 2341 1
1841 2625 1
1841 5258 1
1815 6865 1
5314 3511 1
5314 5433 1
5314 2281 1
5314 3277 1
5314 1314 1
5314 7296 1
5314 1822 1
5314 1768 1
3123 6746 1
745 2623 1
745 2610 1
745 2211 1
745 7253 1
1315 178 1
1898 1208 1
3710 5881 1
210 5581 1
1953 2414 1
1684 1951 1
1684 3724 1
2125 62 1
2125 5697 1
1365 6761 1
6821 4578 1
6821 4823 1
6821 4327 1
6821 4244 1
6821 5705 1
6821 1894 1
6821 6013 1
6821 6332 1
6821 4916 1
313 5359 1
313 5766 1
4857 6014 1
4735 6292 1
4735 5865 1
4578 1564 1
4578 2747 1
4578 3824 1
4578 1514 1
4578 7133 1
4578 4327 1
4578 50 1
4163 374 1
4163 1236 1
4163 1326 1
4163 395 1
4163 2937 1
4163 2891 1
4163 3267 1
4163 7132 1
3475 608 1
265 6874 1
5048 714 1
5048 5396 1
3992 521 1
2866 2986 1
2866 7307 1
1258 7229 1
1258 5082 1
1258 6616 1
1258 3838 1
1258 3678 1
1258 1733 1
1258 2913 1
1258 804 1
1258 5646 1
1258 2369 1
519 936 1
519 1833 1
519 5562 1
519 5007 1
1933 382 1
889 3366 1
889 1599 1
889 6527 1
889 328 1
889 4471 1
889 4625 1
889 3151 1
889 6951 1
889 4861 1
889 5812 1
889 2213 1
1052 1665 1
4678 4552 1
4678 6901 1
4678 2444 1
4678 2157 1
4678 3015 1
4678 3249 1
4678 7381 1
4678 4209 1
4678 6773 1
4678 4231 1
4678 1444 1
4678 3364 1
4678 7025 1
4678 7236 1
4678 6659 1
1976 3008 1
1976 1631 1
1976 6041 1
1976 2814 1
1976 934 1
1976 1652 1
1976 455 1
1976 6480 1
1976 6802 1
4627 7103 1
4627 6394 1
4627 6679 1
4627 6150 1
4627 638 1
4627 1266 1
5545 385 1
1800 3143 1
5815 4762 1
3617 4801 1
3617 5851 1
3617 418 1
3617 1270 1
3617 3973 1
3617 426 1
6133 1702 1
1236 2448 1
398 947 1
5768 5437 1
6359 7006 1
6359 2283 1
6359 1096 1
6359 465 1
6359 4242 1
6359 3183 1
149 4344 1
2026 5306 1
2026 3284 1
2026 4834 1
2026 5489 1
2026 6062 1
3176 1826 1
3176 3558 1
4636 6870 1
6566 4479 1
5800 1853 1
6590 5285 1
2851 4724 1
2851 6903 1
2851 811 1
2851 6511 1
2851 2395 1
6184 4895 1
4136 266 1
4136 6927 1
4136 2464 1
4136 6181 1
4136 2474 1
4136 6760 1
6665 7010 1
6665 4307 1
4104 3289 1
4104 1571 1
4104 4133 1
4104 4364 1
3993 5665 1
1272 468 1
6574 971 1
6574 5424 1
6574 5831 1
6333 1853 1
5639 1175 1
5639 6474 1
5639 7044 1
5639 4995 1
5639 5818 1
5639 2122 1
5639 1565 1
5639 5440 1
5639 1994 1
5639 1361 1
5639 6534 1
5639 7186 1
5639 5866 1
5639 2303 1
5639 2972 1
2061 1054 1
7340 209 1
7340 7105 1
7340 2296 1
7340 2498 1
7340 5979 1
7340 3927 1
7340 4947 1
7340 1739 1
2686 2633 1
2686 2695 1
2686 6244 1
6461 613 1
6478 6944 1
6478 2067 1
6478 1193 1
6478 2926 1
6478 6937 1
6478 6249 1
6478 1863 1
6478 746 1
6478 1511 1
697 4610 1
1793 5015 1
4089 5691 1
4089 6633 1
5561 7156 1
1387 1610 1
7320 7023 1
7320 1083 1
2624 2601 1
2624 7387 1
2624 7108 1
7327 2066 1
3407 2697 1
5263 5153 1
5263 6425 1
5263 6006 1
5263 3170 1
5263 2574 1
5263 6859 1
5263 4459 1
5263 4306 1
5263 3618 1
5263 2930 1
5263 6805 1
5263 5682 1
5263 4990 1
5263 2412 1
5263 5273 1
5263 6134 1
5263 4741 1
5263 6287 1
5263 3509 1
5263 6061 1
5263 5642 1
5263 5681 1
5263 5407 1
5263 7135 1
5263 6627 1
5263 517 1
5263 6637 1
811 3167 1
944 4012 1
944 5252 1
944 1494 1
944 1216 1
944 6121 1
944 5027 1
6376 1705 1
6376 2538 1
6542 6476 1
3194 4000 1
7045 7179 1
7045 2184 1
7045 700 1
7045 4093 1
7045 599 1
7045 2606 1
7045 3535 1
7045 6850 1
7045 7097 1
7045 6261 1
7045 3203 1
7045 2085 1
7045 4598 1
2833 1769 1
5295 6810 1
5295 2841 1
5295 6953 1
4131 1473 1
3147 115 1
1386 3834 1
1386 5247 1
1386 806 1
1386 4547 1
1386 5187 1
1386 5589 1
1386 3767 1
1386 6578 1
1386 5726 1
5207 1951 1
5207 4962 1
5207 1309 1
5207 847 1
5207 264 1
7121 2428 1
2629 3526 1
2629 5813 1
2888 2549 1
4527 4757 1
4527 3939 1
4527 5768 1
4527 5143 1
4527 735 1
4527 3854 1
4527 5686 1
4527 2673 1
4527 1303 1
4527 474 1
4527 131 1
4527 3577 1
4527 2115 1
4001 4337 1
4001 852 1
4001 5693 1
4001 1133 1
4001 5192 1
4001 321 1
4001 6822 1
4001 3158 1
4310 4501 1
4310 7168 1
4449 2144 1
4449 877 1
4449 6414 1
4449 7041 1
4449 2662 1
4449 4531 1
4449 5966 1
4449 3517 1
4449 327 1
4449 5270 1
4449 2519 1
4449 3132 1
4449 5124 1
4449 4661 1
4449 2739 1
4449 5406 1
4449 3987 1
4449 4454 1
903 3590 1
6768 6687 1
6768 3698 1
6768 6585 1
6768 3399 1
6768 4992 1
6768 3139 1
6768 2183 1
6768 2573 1
6768 6762 1
4569 5993 1
2083 4011 1
440 3022 1
440 3731 1
440 1131 1
440 1893 1
440 2667 1
6434 400 1
3792 3944 1
5256 1892 1
4721 7015 1
7148 1596 1
6105 6666 1
4399 6885 1
943 2223 1
4442 1701 1
4442 4977 1
4442 3959 1
4442 2556 1
4442 2383 1
4442 5577 1
4442 358 1
4442 1451 1
4442 33 1
4442 7142 1
4442 6002 1
4442 6861 1
5182 782 1
6080 989 1
6080 642 1
6080 4755 1
6080 377 1
6080 2393 1
6080 2065 1
6080 1525 1
6080 6433 1
774 1624 1
774 6981 1
4426 755 1
5452 3685 1
3334 6360 1
146 1482 1
146 7018 1
146 5535 1
4230 7215 1
6186 3747 1
5820 1738 1
6866 2803 1
6866 4482 1
6866 2217 1
6866 1897 1
6866 3632 1
6866 6960 1
5143 4190 1
4730 1588 1
4845 881 1
4845 392 1
4845 3281 1
4845 4058 1
3851 1764 1
3851 2675 1
2437 1230 1
2437 7078 1
1265 378 1
1265 1625 1
1265 7151 1
1265 831 1
1265 3760 1
1265 1390 1
1265 1972 1
1265 6515 1
1265 3228 1
1265 6453 1
1265 6226 1
4590 5340 1
4590 2821 1
4590 619 1
2435 5281 1
2435 4185 1
2435 5066 1
4281 1204 1
6149 5113 1
6149 1048 1
6149 531 1
4116 2837 1
6549 2877 1
7367 4055 1
4271 6713 1
2927 2689 1
6401 5592 1
6401 3681 1
6401 3465 1
6401 3115 1
6401 1071 1
6401 3839 1
6401 1059 1
6401 3405 1
6401 7074 1
6401 4389 1
6401 6980 1
6401 3373 1
6401 780 1
6401 5803 1
6401 4935 1
6401 5873 1
6401 6949 1
6401 696 1
6401 5426 1
2941 7361 1
2080 5988 1
2321 5554 1
1828 2831 1
1828 3860 1
1828 794 1
1828 6415 1
1828 6771 1
1828 5662 1
1828 142 1
1828 3105 1
3182 5393 1
3705 892 1
3705 6843 1
3705 4748 1
3896 6058 1
3896 3135 1
3896 4165 1
3896 662 1
3896 5154 1
3896 2201 1
3896 1431 1
3896 6899 1
3896 3830 1
3896 5357 1
3896 6807 1
3896 3110 1
3896 6227 1
3896 2485 1
3896 4611 1
3896 2660 1
3896 5257 1
3896 1554 1
3896 1589 1
3896 4769 1
3896 4158 1
3896 1778 1
3896 641 1
3896 4278 1
3896 2648 1
3896 6410 1
3896 6740 1
3896 5601 1
3896 1181 1
6361 2620 1
2946 4335 1
2946 316 1
2946 3803 1
2946 185 1
2946 4200 1
2946 4779 1
2946 232 1
2946 4858 1
2946 3595 1
2946 6643 1
2946 6331 1
2946 6071 1
2946 1246 1
2946 3305 1
2946 1301 1
2900 7275 1
2900 2811 1
2900 20 1
2900 2399 1
2900 4477 1
2900 2362 1
2900 1686 1
2900 4589 1
2900 5149 1
2900 4150 1
2900 1117 1
2900 6295 1
2900 2772 1
2900 3237 1
2900 3447 1
2900 3715 1
2900 6782 1
2900 1650 1
2900 1154 1
2900 261 1
2900 816 1
7305 726 1
7305 843 1
4488 5383 1
3806 4396 1
22 1619 1
22 6665 1
22 1809 1
22 4638 1
22 6217 1
22 7373 1
22 5762 1
22 7089 1
22 562 1
22 1299 1
22 2075 1
6948 2778 1
2461 4300 1
2922 4347 1
127 6236 1
127 1095 1
127 2406 1
127 1949 1
127 6016 1
127 3456 1
127 805 1
127 1479 1
127 4113 1
127 2004 1
127 834 1
6499 3675 1
6499 6191 1
6499 2815 1
6499 5014 1
6499 3910 1
1809 1663 1
1809 4109 1
1809 6745 1
1809 2330 1
1809 515 1
1809 6601 1
1809 2993 1
2718 2759 1
2503 4872 1
2503 6967 1
2503 1998 1
748 2707 1
7188 1047 1
2745 1869 1
6610 5919 1
6610 6112 1
90 1721 1
90 6757 1
90 3133 1
90 3783 1
90 3777 1
90 3445 1
90 4348 1
90 1815 1
90 3120 1
90 7332 1
90 954 1
90 3914 1
90 6706 1
90 5935 1
90 6032 1
90 4365 1
2588 2820 1
2588 7204 1
2588 3306 1
2588 4878 1
2588 2844 1
2588 4287 1
2588 1767 1
2588 872 1
2588 3242 1
2588 939 1
2588 4868 1
3938 1396 1
5727 6189 1
4093 94 1
4093 3663 1
4093 6999 1
4093 2617 1
4093 5220 1
4093 5733 1
4093 6149 1
4093 1221 1
4093 7215 1
4093 6116 1
4093 4495 1
4093 6966 1
4093 3666 1
4093 3495 1
4093 5013 1
4093 5680 1
4093 5262 1
4105 3088 1
7284 904 1
7284 3994 1
7284 69 1
7284 3140 1
7284 5579 1
7284 4349 1
7284 6716 1
7284 2187 1
7284 3619 1
7284 3136 1
3432 2808 1
6463 2113 1
84 853 1
2828 7394 1
2850 2853 1
2354 6042 1
7092 7346 1
7092 2951 1
4660 1684 1
5673 2417 1
5673 72 1
3308 4859 1
3308 1960 1
3308 2652 1
4048 5079 1
4048 6021 1
4048 335 1
6685 3438 1
394 3699 1
394 218 1
394 368 1
394 2910 1
394 5893 1
394 1425 1
394 2525 1
394 4831 1
4425 7339 1
4425 1867 1
497 6657 1
5572 3634 1
5572 4038 1
5572 5984 1
2569 5615 1
2569 5799 1
3974 3250 1
3974 2738 1
3736 1509 1
3736 7395 1
3736 397 1
3736 3023 1
3736 7287 1
3736 2318 1
3736 603 1
3736 3257 1
3736 1400 1
3736 5347 1
3736 162 1
3736 4225 1
3736 4128 1
3736 2006 1
3736 2938 1
3736 3976 1
3736 5373 1
2641 1697 1
2641 7130 1
2641 2150 1
2641 4474 1
2641 1706 1
2641 287 1
2641 3512 1
2641 1632 1
2641 1470 1
2641 7003 1
2641 437 1
2641 6010 1
2641 7264 1
2641 2551 1
2641 4780 1
2641 4936 1
2641 949 1
2641 6275 1
1726 885 1
1726 3742 1
1984 1594 1
1984 6491 1
191 1526 1
191 3614 1
4394 5651 1
4394 7154 1
4394 5985 1
3668 5173 1
6682 5422 1
6682 2151 1
6682 1262 1
6682 3593 1
6682 4689 1
3724 1040 1
543 4885 1
6645 2012 1
6645 5907 1
6645 9 1
6645 718 1
6645 3604 1
6824 2103 1
6824 1313 1
6824 3524 1
6824 2202 1
2403 5053 1
4874 3633 1
3709 1256 1
3709 6569 1
3709 177 1
3709 6948 1
3709 1966 1
3709 2901 1
3709 6906 1
3709 4759 1
15 4436 1
15 6084 1
15 6230 1
15 2205 1
15 744 1
15 2423 1
15 2059 1
15 3657 1
15 444 1
15 1749 1
15 7192 1
15 2400 1
15 4733 1
354 859 1
1624 7233 1
1624 4056 1
1624 2721 1
1624 1810 1
1624 6117 1
5828 1335 1
2578 5246 1
4197 1 1
4197 5447 1
4197 5902 1
4197 4644 1
4197 7057 1
4197 873 1
4197 5380 1
4124 297 1
369 1116 1
369 6653 1
369 5620 1
369 1394 1
369 4171 1
369 1606 1
148 1343 1
1322 5545 1
1322 6186 1
1322 1329 1
1322 6711 1
1322 5610 1
1322 6826 1
6565 6556 1
6565 4141 1
6565 5086 1
6565 1729 1
6565 6462 1
6565 2255 1
6565 5385 1
6565 667 1
6565 3797 1
5875 3221 1
5506 1562 1
5506 5137 1
5506 3669 1
5506 4025 1
721 616 1
721 1397 1
721 2933 1
721 2091 1
721 4167 1
813 6947 1
813 2621 1
813 366 1
813 781 1
813 1027 1
813 1393 1
813 5946 1
813 609 1
3940 4991 1
5187 4987 1
5717 2034 1
5717 6293 1
5717 1967 1
5717 6624 1
5717 3168 1
5717 526 1
5717 4816 1
2097 3581 1
2097 4108 1
2097 5268 1
2097 821 1
2097 90 1
2097 4007 1
2097 3842 1
2097 6429 1
2097 3010 1
2097 2280 1
2097 4715 1
2097 5629 1
4122 5126 1
4122 6246 1
4122 1846 1
7321 6904 1
7321 839 1
7321 4357 1
5814 7324 1
3109 235 1
3109 2294 1
5918 4041 1
5918 6242 1
5918 5467 1
5918 5341 1
5918 364 1
5918 1586 1
491 2656 1
491 5226 1
491 6652 1
1475 4508 1
887 6791 1
6809 3742 1
591 3488 1
591 4686 1
2433 3883 1
504 992 1
5329 5205 1
4080 6793 1
4080 499 1
4080 6073 1
4080 6581 1
4080 1046 1
4080 2493 1
4080 2178 1
4080 2635 1
4080 3508 1
3842 6474 1
418 7363 1
418 6983 1
3160 7201 1
3160 1462 1
3160 3296 1
3160 2242 1
3160 4043 1
3160 1289 1
3029 1446 1
3029 7202 1
3029 6076 1
3029 6577 1
3029 2545 1
3029 1520 1
3029 5405 1
3029 1545 1
3029 5567 1
3029 5097 1
3029 595 1
3029 4700 1
3029 565 1
3029 384 1
3029 5418 1
3029 5369 1
3029 3312 1
3029 1557 1
3029 4978 1
3029 5455 1
3029 2502 1
3029 6890 1
3029 7283 1
3029 5989 1
3029 548 1
3029 1292 1
3029 1370 1
3029 7341 1
3029 500 1
3029 3292 1
3029 7189 1
3029 5715 1
3029 5400 1
3029 5911 1
3029 7012 1
3029 4740 1
3029 1483 1
3029 3887 1
3029 6756 1
3029 2653 1
3029 2711 1
3029 5296 1
3029 769 1
3029 6512 1
3029 3383 1
3029 2977 1
3029 2195 1
2346 6132 1
7352 1185 1
7352 1854 1
144 1050 1
2290 4316 1
2290 1707 1
2058 2864 1
2058 3466 1
2058 5703 1
1187 5647 1
4304 1065 1
4304 2326 1
870 5765 1
870 2254 1
6189 5570 1
2478 2332 1
2478 4734 1
2478 4752 1
2478 7184 1
2478 553 1
2478 2275 1
2478 1429 1
2478 3728 1
2478 4453 1
2478 7218 1
2478 201 1
2478 707 1
2478 866 1
2478 2060 1
2478 1402 1
2478 1455 1
2478 3014 1
2478 5386 1
2478 6982 1
2478 6251 1
2478 1698 1
7070 1775 1
5782 14 1
5834 6384 1
5834 1759 1
5834 4922 1
3257 3251 1
3257 5806 1
3257 4694 1
1518 2130 1
1518 4255 1
1518 1364 1
1518 1484 1
5837 1499 1
5837 5377 1
5837 1791 1
5837 4524 1
5837 972 1
5837 5885 1
5837 4265 1
5837 4814 1
5837 5358 1
5837 2705 1
6597 474 1
207 7071 1
207 6889 1
5419 4953 1
1437 2683 1
1437 4201 1
1437 6584 1
1437 1011 1
1437 1146 1
1437 4163 1
1437 6738 1
1437 1188 1
1437 3045 1
1437 5837 1
1437 1215 1
1437 684 1
1437 3684 1
1437 4296 1
2024 7303 1
2024 1644 1
2024 1872 1
2024 5114 1
2024 228 1
2024 4989 1
2024 403 1
2024 7352 1
2024 5694 1
2024 5274 1
2024 7314 1
2024 1831 1
2024 5663 1
2024 4672 1
2024 6571 1
2024 1839 1
2024 3687 1
2024 2019 1
4367 7104 1
4367 6324 1
2990 6311 1
1990 4279 1
6765 6992 1
3623 1258 1
483 882 1
483 5576 1
483 4015 1
483 2080 1
483 4198 1
483 933 1
483 448 1
1974 2862 1
5218 6830 1
5218 3916 1
5218 3416 1
5218 1458 1
5218 5840 1
5218 2753 1
5026 5669 1
5026 5858 1
5026 3347 1
5026 4472 1
5026 4628 1
7326 4623 1
7326 1115 1
7326 723 1
7326 7052 1
1729 6884 1
1729 132 1
1729 3735 1
4798 4712 1
4798 5896 1
4798 1924 1
1206 6606 1
3978 2052 1
2031 6799 1
333 6092 1
333 5805 1
333 5444 1
333 4053 1
333 982 1
333 6281 1
333 2225 1
333 5454 1
333 5753 1
333 6952 1
333 7281 1
333 1880 1
333 252 1
333 1034 1
4227 5339 1
2630 5368 1
2630 2348 1
2630 1173 1
2630 140 1
551 493 1
6624 5331 1
918 1067 1
918 3007 1
918 1284 1
918 5187 1
918 4428 1
918 2740 1
918 469 1
918 5286 1
6264 1536 1
1215 4961 1
1215 1715 1
1215 1191 1
1215 7076 1
3751 4642 1
3751 4203 1
3751 2019 1
2409 7169 1
2409 5526 1
2409 4852 1
2409 2376 1
2409 1652 1
2409 5076 1
2409 2022 1
2409 5749 1
2409 195 1
6320 2349 1
5080 6675 1
5080 4464 1
5080 2046 1
5080 4651 1
5080 334 1
5080 5327 1
5080 4329 1
5080 2297 1
5080 2642 1
5080 1363 1
5080 6402 1
5080 3955 1
5080 5763 1
5080 2823 1
5080 2542 1
5080 3436 1
5080 3967 1
5080 1802 1
5080 2333 1
5080 2035 1
5080 2460 1
5080 5387 1
4460 2633 1
4823 3190 1
4823 4192 1
4823 3219 1
4823 1752 1
4823 4959 1
4823 2461 1
4823 5745 1
4823 4806 1
3980 890 1
5884 635 1
5884 5897 1
4462 3247 1
4462 2313 1
4462 1368 1
4462 938 1
4462 2155 1
4462 6019 1
1994 6148 1
1994 5841 1
2533 2503 1
6970 4195 1
1418 7210 1
6429 809 1
6429 768 1
6429 6821 1
6429 3422 1
6429 2970 1
6429 1122 1
3127 893 1
3127 6689 1
3127 3411 1
3127 1794 1
3127 1541 1
3127 49 1
3127 2546 1
3127 2676 1
3127 5949 1
3127 1101 1
3127 2171 1
3127 4617 1
3127 2207 1
3127 3302 1
3127 3427 1
3127 1406 1
3127 2846 1
3127 2834 1
3127 2597 1
4481 5119 1
4481 4722 1
4481 4635 1
4481 4072 1
4481 4783 1
4481 470 1
4481 6564 1
4481 2702 1
4481 2894 1
2848 5008 1
2848 5110 1
2848 1178 1
2848 3494 1
2848 2627 1
2848 3141 1
2394 6063 1
1251 1556 1
1251 1405 1
1251 2723 1
1251 5530 1
1251 2924 1
1251 172 1
1251 3353 1
1251 6836 1
1251 1762 1
1251 2418 1
1251 7082 1
1251 2904 1
1251 2554 1
1251 1851 1
1251 6798 1
1251 404 1
1251 3823 1
1251 1912 1
1251 3654 1
1251 4447 1
1251 574 1
1251 2897 1
1251 5303 1
1251 5480 1
1251 679 1
1251 6567 1
1251 5098 1
1378 2196 1
1378 5420 1
1378 5492 1
1378 171 1
1378 30 1
1378 4818 1
6849 1694 1
4917 1466 1
914 3561 1
914 1538 1
914 576 1
914 238 1
914 1305 1
914 1604 1
914 3563 1
914 925 1
914 2817 1
914 2714 1
914 4717 1
6895 3903 1
6895 6392 1
6895 867 1
6895 1419 1
6895 1806 1
6895 4582 1
6742 5944 1
6386 5954 1
6386 6938 1
6386 1153 1
6386 3846 1
2164 4005 1
2164 5784 1
2164 5486 1
121 929 1
121 973 1
121 1583 1
121 2906 1
5977 2247 1
5977 7034 1
5977 1252 1
5977 1031 1
5977 560 1
1068 4500 1
6400 5019 1
5969 2407 1
5969 4857 1
5969 7350 1
4860 4720 1
2970 3571 1
2970 5656 1
2970 1106 1
2970 6035 1
2970 6910 1
2970 6693 1
2970 1751 1
2970 363 1
2970 3351 1
3278 6144 1
3278 6283 1
3278 3162 1
2327 362 1
2327 5025 1
2327 4013 1
5211 3756 1
1567 4533 1
6179 2116 1
4006 270 1
5192 136 1
2486 6916 1
2486 6971 1
2486 5255 1
2114 2366 1
2114 7308 1
2114 6447 1
2114 898 1
2114 4421 1
2114 5477 1
2114 1836 1
2114 1234 1
312 283 1
312 3471 1
4202 3549 1
5769 3346 1
552 6382 1
552 2550 1
552 3833 1
552 3339 1
552 6747 1
552 4687 1
552 2973 1
552 6682 1
552 3847 1
552 1508 1
552 4016 1
552 6985 1
552 4050 1
3450 1693 1
5586 3755 1
5586 2307 1
5586 1750 1
5965 5939 1
6972 2752 1
4437 2639 1
3206 786 1
3206 5564 1
5675 6587 1
5675 5534 1
274 1140 1
274 6437 1
274 3785 1
274 7397 1
274 1452 1
274 4433 1
274 89 1
274 6892 1
2481 1516 1
2481 6776 1
2481 313 1
2481 891 1
2481 4555 1
3559 2329 1
5362 7329 1
5362 1646 1
5362 3852 1
5362 3030 1
5362 4763 1
5362 3874 1
2876 7021 1
1521 3601 1
3256 463 1
3256 4566 1
3256 2618 1
3256 2316 1
1758 3957 1
4188 4753 1
4188 6642 1
4188 3091 1
4188 5207 1
4188 4527 1
4188 2083 1
4188 134 1
4188 5536 1
4188 2576 1
4188 2245 1
4188 1351 1
4188 3905 1
4188 1385 1
4188 1077 1
4188 4654 1
4188 5922 1
5503 3643 1
3300 5239 1
5649 734 1
7231 1584 1
7231 826 1
7231 3215 1
7231 2717 1
7231 2836 1
267 3457 1
267 4340 1
267 3772 1
267 501 1
267 7028 1
267 60 1
267 6017 1
267 4876 1
267 5491 1
6559 43 1
6559 4303 1
6559 5827 1
6559 6828 1
6559 3612 1
6559 213 1
6559 3404 1
6559 1369 1
1381 1996 1
1381 4797 1
1381 3953 1
1381 1627 1
1381 2757 1
1381 6096 1
1381 6576 1
1381 1866 1
4908 2056 1
4908 5633 1
4908 4550 1
4908 3393 1
4908 1355 1
4908 183 1
4908 2253 1
4908 7158 1
4908 2479 1
4908 3919 1
4908 3092 1
4908 1832 1
4908 389 1
4908 6380 1
4908 5259 1
4908 6279 1
4908 644 1
4586 2086 1
845 405 1
845 2732 1
845 5012 1
845 1999 1
845 3462 1
845 3484 1
845 3053 1
845 5597 1
845 5220 1
845 1365 1
845 6484 1
845 2602 1
845 4896 1
845 4929 1
845 6533 1
845 5961 1
845 1821 1
845 3495 1
845 1092 1
845 1145 1
845 6077 1
6911 4871 1
7186 6838 1
7186 6047 1
7186 5122 1
1882 6915 1
1882 3314 1
1882 1085 1
1882 1532 1
1882 2288 1
1882 1577 1
6304 1734 1
6304 7053 1
6304 5522 1
6304 7248 1
6304 6862 1
6304 2649 1
6304 2917 1
6304 2680 1
6803 6827 1
184 1337 1
2123 2378 1
2123 1712 1
1186 1020 1
2570 5432 1
6591 3759 1
6591 2185 1
6591 6599 1
5175 1980 1
5175 3163 1
5175 3096 1
5175 65 1
5175 1120 1
5175 2274 1
5175 4901 1
5175 2439 1
570 3477 1
2959 5931 1
2959 6655 1
2959 3389 1
2959 4148 1
2959 3402 1
2959 5278 1
2959 6371 1
2959 6403 1
2959 6450 1
2959 5233 1
2959 3567 1
5238 6666 1
950 998 1
950 3538 1
950 2127 1
950 4767 1
950 4911 1
950 1321 1
950 527 1
950 7317 1
3328 7353 1
3146 216 1
3146 2220 1
3146 6255 1
3041 6680 1
2582 4975 1
583 7316 1
4612 5773 1
4612 4887 1
4612 3913 1
4612 256 1
4612 4607 1
4612 2914 1
4612 7355 1
4612 2276 1
4612 950 1
4612 7343 1
4612 3575 1
4612 7125 1
4612 1233 1
4612 45 1
4612 5498 1
4612 7228 1
4612 288 1
4612 466 1
3693 5613 1
2175 1642 1
7343 6701 1
7343 4024 1
7343 5751 1
691 6262 1
5710 1656 1
5333 5142 1
5333 3245 1
7300 481 1
7300 959 1
7300 2776 1
7300 1766 1
7300 3124 1
7300 2229 1
7300 1135 1
6536 5889 1
6536 5183 1
6536 4405 1
6536 6056 1
6295 2784 1
6295 6683 1
6295 6177 1
2211 1950 1
2211 2557 1
7293 1492 1
791 2698 1
6529 3048 1
60 5157 1
1716 1487 1
1716 1158 1
1716 3279 1
1716 1949 1
1716 5102 1
1716 1834 1
1294 1800 1
1294 1828 1
224 3977 1
224 1217 1
6640 4710 1
6640 6192 1
6640 6540 1
6640 4369 1
6640 1580 1
6640 3661 1
6640 2353 1
6640 3439 1
6640 5267 1
6640 1093 1
6640 3327 1
6640 58 1
6640 3743 1
6640 4021 1
6640 3083 1
5049 2700 1
1957 1376 1
1957 3000 1
1957 1857 1
3895 4032 1
6869 7172 1
2535 6632 1
4195 3737 1
654 3844 1
654 2488 1
654 5279 1
654 6703 1
654 5832 1
654 2944 1
654 3131 1
654 2265 1
654 5752 1
3222 6886 1
674 66 1
674 520 1
674 1708 1
674 6909 1
674 3795 1
674 6707 1
674 2224 1
1330 7171 1
4441 510 1
1399 3412 1
4506 2475 1
807 2445 1
2375 6779 1
1561 5452 1
1561 1782 1
4290 3757 1
2228 4950 1
6217 3528 1
6217 2078 1
856 5263 1
856 6065 1
856 1214 1
856 2798 1
856 6591 1
856 5638 1
2090 7294 1
3016 2054 1
3016 6127 1
3016 1311 1
3016 6139 1
3016 146 1
3016 4009 1
3016 2375 1
3016 5523 1
3016 7407 1
3016 5493 1
3016 6364 1
5291 57 1
5291 2477 1
4997 632 1
3024 5016 1
3024 2786 1
6223 3578 1
4361 908 1
5403 5081 1
4528 3853 1
4528 1409 1
4528 900 1
4528 3802 1
4528 1438 1
4528 4002 1
3553 547 1
6568 4855 1
6568 4125 1
6055 1868 1
3437 2966 1
4086 2165 1
4086 5520 1
3808 6454 1
3742 5132 1
17 1088 1
17 4842 1
17 2719 1
17 6338 1
17 6074 1
17 728 1
17 1413 1
17 7401 1
17 6197 1
17 5525 1
3750 3714 1
3750 2991 1
3750 1465 1
3750 3487 1
3750 1380 1
3750 2344 1
3750 6036 1
3750 3037 1
3750 864 1
3750 3922 1
3750 3936 1
3750 6582 1
3750 1939 1
3750 3503 1
3750 1651 1
3750 1053 1
4690 2645 1
4690 2263 1
4690 4770 1
4690 6628 1
2981 467 1
3817 1366 1
3817 5039 1
3600 6751 1
1546 4074 1
1298 1197 1
2441 825 1
6856 5330 1
6961 1244 1
1490 7140 1
1490 5315 1
1490 6720 1
1490 3989 1
1490 73 1
1490 6544 1
1490 4440 1
1490 6317 1
1490 4843 1
1490 4693 1
1490 2670 1
1490 2291 1
1490 7094 1
1490 6797 1
1490 5618 1
1490 1690 1
126 1456 1
3368 6654 1
3368 7285 1
3368 1983 1
3368 763 1
1523 5381 1
1523 1718 1
1523 3060 1
1523 4422 1
1523 1993 1
1523 4492 1
1523 5921 1
1523 590 1
1523 1323 1
5152 4092 1
5152 630 1
4523 4528 1
4087 6867 1
4309 1555 1
4309 3293 1
3958 6250 1
3958 5531 1
3958 1060 1
3958 6851 1
1774 764 1
1179 3542 1
1179 3498 1
1179 4725 1
4567 4343 1
4843 5269 1
5950 3497 1
5950 230 1
5950 4311 1
5950 5826 1
5950 4736 1
6091 5300 1
7385 453 1
5543 5539 1
5543 5750 1
5543 901 1
5543 3187 1
5543 7180 1
5543 709 1
5543 3596 1
5543 6269 1
5543 5878 1
5543 2311 1
5908 4295 1
3850 4544 1
3850 1486 1
3850 2996 1
3850 165 1
3850 6143 1
3850 4059 1
3850 1091 1
3850 1374 1
3850 798 1
3850 3137 1
3850 6172 1
3850 6182 1
1622 3527 1
4292 1633 1
4243 7126 1
222 147 1
5280 2703 1
5280 5621 1
3116 1358 1
3116 4615 1
2474 2934 1
2474 1827 1
2474 2016 1
2474 1162 1
2474 2743 1
2474 6274 1
120 4714 1
120 1004 1
120 2777 1
120 83 1
120 2325 1
120 4679 1
120 944 1
120 6837 1
120 3276 1
120 1852 1
120 1231 1
2792 4664 1
2792 1742 1
2792 1414 1
2792 4559 1
2792 5533 1
2792 1463 1
2792 3915 1
6306 6737 1
6306 3597 1
6306 5011 1
6306 3325 1
6306 1111 1
6306 921 1
6306 1238 1
6306 6880 1
6306 1770 1
6306 631 1
5275 4669 1
7131 672 1
7131 4904 1
7131 1513 1
7131 6280 1
7131 653 1
7131 370 1
7131 6464 1
7131 4457 1
7131 5305 1
7131 4196 1
7131 4867 1
7131 3220 1
7131 2886 1
7131 347 1
7131 4134 1
4909 3078 1
5614 3529 1
5614 6083 1
5614 1097 1
5614 7102 1
6846 6655 1
6846 1044 1
6846 6660 1
6846 739 1
6846 4469 1
3591 1242 1
3591 6239 1
3591 5028 1
1043 2915 1
1043 628 1
1043 187 1
908 1232 1
908 4317 1
3504 2233 1
4594 6940 1
2720 4877 1
2720 1705 1
871 3150 1
5346 3104 1
2341 2458 1
2341 5611 1
2341 5714 1
2341 3679 1
2341 1430 1
2341 7117 1
2341 2541 1
2341 7282 1
2341 5430 1
3376 3651 1
3376 6984 1
3376 3291 1
5372 4321 1
3456 305 1
3456 88 1
3456 4701 1
664 112 1
664 2036 1
664 4475 1
664 5390 1
664 1016 1
108 4309 1
7370 5248 1
7370 6146 1
7370 5421 1
7370 5417 1
7370 2466 1
7370 4695 1
7370 3262 1
2365 3156 1
2365 776 1
2365 6286 1
2365 6626 1
2365 6222 1
2365 7139 1
2365 7348 1
2365 4532 1
2365 3085 1
2365 5706 1
4130 1870 1
6760 39 1
6760 1755 1
6760 5219 1
6760 6156 1
6760 2630 1
6760 6025 1
6760 3178 1
3042 2661 1
3042 7178 1
3042 3101 1
3042 1940 1
3042 6011 1
3042 5332 1
3042 6834 1
5131 380 1
3474 1110 1
6135 6102 1
6135 6145 1
6135 808 1
6135 3079 1
4254 6229 1
730 484 1
730 3359 1
1491 991 1
1491 7084 1
4068 124 1
4068 885 1
946 5643 1
7061 3012 1
7241 4245 1
7241 5740 1
5822 1563 1
5822 2457 1
2674 5237 1
2674 4854 1
2674 3057 1
2674 1823 1
2674 4746 1
2674 6316 1
2674 44 1
4633 6166 1
3615 762 1
3747 7399 1
3747 6780 1
3747 6194 1
3747 6702 1
3747 2088 1
3747 4587 1
3747 4681 1
3747 6243 1
3747 5311 1
3747 3700 1
3747 4373 1
3747 2351 1
3747 6260 1
3747 24 1
3747 6055 1
3747 4156 1
3747 3272 1
3747 2765 1
3747 3985 1
3747 5721 1
3747 3061 1
3747 2053 1
3747 6718 1
3747 3 1
7386 7181 1
7386 300 1
7386 3579 1
7386 6225 1
7386 3629 1
7386 1803 1
7386 665 1
7386 3729 1
6965 5734 1
7408 6842 1
7408 5558 1
7408 1575 1
7408 4634 1
7408 3725 1
7408 4323 1
7408 2962 1
7408 3009 1
7408 937 1
7408 411 1
7408 5928 1
7408 1415 1
7408 3394 1
7408 6037 1
2044 670 1
2044 6179 1
1139 6554 1
1139 2102 1
1139 5670 1
1139 5512 1
1139 336 1
2427 3050 1
1730 2909 1
3624 2179 1
3624 6407 1
3624 1552 1
3624 1859 1
3624 3901 1
3624 2782 1
4193 1860 1
4193 59 1
1306 4252 1
1306 7173 1
1306 3370 1
1306 2781 1
1306 3564 1
1306 2843 1
1306 3540 1
1306 5724 1
1306 311 1
1306 342 1
1306 5595 1
1306 6125 1
1306 6537 1
7390 6900 1
6782 7019 1
5860 7079 1
4473 6840 1
2269 450 1
3812 1581 1
3812 3990 1
3020 7212 1
3020 4416 1
5014 1419 1
5014 4403 1
5014 5172 1
4096 530 1
4096 3221 1
482 4920 1
482 2013 1
482 270 1
482 6503 1
6057 2160 1
1650 5349 1
1650 7047 1
1650 155 1
1650 2149 1
1650 5962 1
1650 193 1
1650 1296 1
1650 4709 1
1650 1959 1
1650 6988 1
1650 7406 1
1650 5206 1
1650 5707 1
1650 6845 1
6650 6579 1
6650 4076 1
6650 1291 1
6650 3574 1
6650 5490 1
6650 6525 1
6650 4434 1
6650 1816 1
6650 2018 1
6650 247 1
6650 6238 1
6650 2579 1
6650 1275 1
6650 4160 1
6650 3621 1
6650 6357 1
6650 3771 1
6650 1213 1
6650 3799 1
6650 7291 1
6650 1965 1
6650 2166 1
6650 5559 1
6650 3763 1
6650 1981 1
6650 6946 1
6650 3400 1
6650 5208 1
6650 4294 1
6650 1194 1
6650 4039 1
6650 5371 1
6650 770 1
6650 5088 1
6650 671 1
6650 6907 1
6650 6159 1
6650 4368 1
6650 31 1
6650 3798 1
6650 899 1
6650 6934 1
790 6162 1
6120 5215 1
6120 1195 1
6120 3884 1
6120 1658 1
6120 2857 1
6120 111 1
6120 1771 1
6120 3671 1
3214 1485 1
480 2133 1
2255 1219 1
2255 5111 1
1022 2942 1
1022 3271 1
1022 1327 1
1022 3148 1
1022 2611 1
1022 5730 1
1022 5650 1
4513 4890 1
4328 243 1
4328 1353 1
4328 7194 1
4328 5689 1
4328 106 1
7027 2812 1
7027 2320 1
7027 1914 1
7027 1896 1
7027 3667 1
7027 18 1
7027 5179 1
4615 4494 1
4615 6608 1
4615 754 1
5282 6963 1
686 2466 1
986 6457 1
986 318 1
986 3320 1
986 4419 1
986 5778 1
986 3817 1
986 1491 1
986 2427 1
986 5593 1
986 6954 1
986 2543 1
986 913 1
3647 2420 1
3647 4988 1
3647 2701 1
3647 7205 1
3647 5181 1
3647 1360 1
3647 446 1
3647 6313 1
3647 6029 1
3647 3897 1
3235 637 1
3235 3204 1
3235 1930 1
3235 3710 1
3235 2392 1
3235 6044 1
3235 503 1
3235 4086 1
3235 4940 1
3235 3052 1
3235 5560 1
3235 568 1
558 4392 1
558 2692 1
558 3815 1
558 611 1
558 6000 1
558 1300 1
558 7286 1
558 6829 1
558 5293 1
558 5652 1
558 2215 1
558 3804 1
558 5698 1
558 5469 1
558 5112 1
558 5641 1
558 675 1
558 4504 1
558 3690 1
5909 5431 1
3138 3311 1
3138 3942 1
3138 5821 1
3138 5354 1
6662 1033 1
6662 6 1
6662 2706 1
6662 68 1
6662 1958 1
6662 1507 1
6662 5999 1
5037 1793 1
5037 3119 1
248 2995 1
248 4205 1
643 572 1
643 4360 1
643 438 1
643 6129 1
6684 4928 1
6684 5788 1
6684 3063 1
6684 4370 1
6684 7193 1
6684 2170 1
6684 5515 1
3965 6658 1
3965 1318 1
3965 1628 1
3965 3522 1
3965 550 1
3965 3835 1
3965 6699 1
3965 2128 1
3965 4534 1
3965 5660 1
3965 5844 1
3965 5849 1
3965 3423 1
3965 3576 1
3241 6370 1
3241 2668 1
3241 3732 1
3241 5677 1
202 3047 1
1512 179 1
523 6195 1
1009 359 1
1009 3769 1
1009 3864 1
1009 5940 1
1009 3622 1
1009 6066 1
1009 1837 1
1009 5777 1
1009 74 1
1009 2182 1
1009 5948 1
1009 2302 1
1009 701 1
1009 1995 1
1009 5679 1
1009 3929 1
1009 2109 1
1009 87 1
1009 1045 1
5210 6060 1
6308 2616 1
6308 4035 1
6308 6772 1
6308 2156 1
6308 677 1
6308 3332 1
6308 7260 1
236 6800 1
236 3380 1
236 7358 1
6495 2615 1
6495 5848 1
5774 1228 1
7078 4579 1
3490 5032 1
5425 156 1
5425 4807 1
5887 1125 1
6355 3031 1
6355 7033 1
6355 190 1
6355 1210 1
6355 844 1
773 175 1
773 3415 1
510 594 1
510 3154 1
510 3102 1
5546 632 1
5653 4907 1
5653 1502 1
5653 6368 1
5653 5195 1
5653 3775 1
5653 3159 1
5502 5987 1
4213 6378 1
1703 196 1
1703 993 1
1703 876 1
1703 5927 1
1703 2976 1
7280 2098 1
3396 7017 1
3396 386 1
4885 2246 1
4885 3315 1
4885 5676 1
5616 3149 1
5616 6769 1
5616 4351 1
5616 4803 1
5616 6305 1
5616 294 1
5616 1023 1
5312 1274 1
1550 3019 1
6239 4502 1
6239 5408 1
6239 3637 1
6239 4028 1
6239 7054 1
6239 461 1
6239 6106 1
1302 236 1
1302 7358 1
5352 4894 1
1018 5092 1
1018 507 1
1018 5403 1
5835 6766 1
6573 3066 1
6573 7338 1
6573 5970 1
6573 3908 1
6573 614 1
6573 1310 1
6573 2605 1
6573 3313 1
6573 4140 1
6573 7240 1
6573 4926 1
4835 6122 1
3954 5227 1
251 6528 1
920 4627 1
5721 1338 1
5721 5104 1
5721 5434 1
5721 761 1
3680 1319 1
3680 3711 1
3680 4622 1
3680 2956 1
3680 6518 1
3680 166 1
3680 2785 1
3680 2677 1
5029 3210 1
5029 666 1
5029 4333 1
5029 6664 1
5029 3889 1
5029 11 1
1765 4176 1
6147 7267 1
6906 6609 1
6906 6922 1
6906 2304 1
6906 1910 1
6906 4461 1
6906 101 1
6906 4548 1
6906 5736 1
6496 4429 1
7228 3271 1
7228 2276 1
7228 5600 1
2082 435 1
1039 3348 1
1039 4870 1
1039 4862 1
1039 4089 1
1039 541 1
1039 799 1
1039 7162 1
1039 2 1
456 2490 1
6416 1488 1
4174 1944 1
2715 338 1
1077 3870 1
1077 2000 1
1077 6924 1
6841 3749 1
6841 4747 1
6841 5051 1
6841 179 1
7245 657 1
7245 4969 1
7245 2613 1
7245 682 1
7245 7299 1
6081 4824 1
5284 6438 1
5284 5596 1
5284 6441 1
5284 3248 1
5284 2172 1
5284 5171 1
5284 5030 1
5284 3134 1
5284 6529 1
5284 1741 1
5284 5394 1
5284 1963 1
5284 2043 1
5284 1182 1
5284 1035 1
5284 3930 1
7089 4427 1
7089 5527 1
7089 1220 1
7089 593 1
7089 1240 1
7089 6268 1
7089 2572 1
7089 5864 1
7089 3533 1
7089 4516 1
5874 196 1
5874 6365 1
1003 4965 1
4293 6548 1
3433 1539 1
3433 5173 1
7349 4900 1
7349 4097 1
7349 1915 1
7349 1559 1
7349 5861 1
7349 5917 1
7349 32 1
7117 2204 1
4168 5942 1
4168 1421 1
4168 5625 1
4168 4241 1
4168 3960 1
4168 7230 1
4168 6858 1
4168 5191 1
4168 6330 1
4168 4379 1
4168 1566 1
1166 4838 1
3718 4029 1
1856 284 1
1856 3645 1
1856 1612 1
1856 2045 1
7258 1086 1
1057 650 1
1057 6873 1
1057 5167 1
1057 5868 1
3106 4562 1
4661 2252 1
4661 2961 1
4661 6784 1
167 885 1
694 5162 1
694 1367 1
694 5613 1
3505 4204 1
6341 2821 1
4780 1340 1
4780 4118 1
4780 2874 1
4780 1668 1
4780 6789 1
4780 6329 1
4780 703 1
4780 4350 1
4780 6817 1
5974 861 1
79 3510 1
4655 6852 1
4655 7129 1
6178 2583 1
2298 2284 1
2298 2734 1
2298 5322 1
5287 3598 1
5287 7321 1
7149 5569 1
7149 5298 1
7149 6719 1
5629 7322 1
5629 2718 1
5629 1673 1
5629 3231 1
6663 8 1
6663 3067 1
2989 3686 1
4445 6406 1
3188 3660 1
3898 5458 1
3898 2829 1
1122 2622 1
1122 7226 1
1122 5850 1
1122 6753 1
1122 5074 1
1122 6183 1
1122 7175 1
258 5078 1
1087 3868 1
1087 1489 1
1087 4931 1
5028 7091 1
5028 2426 1
5028 3780 1
5028 6301 1
5028 4774 1
5028 191 1
5028 788 1
5028 109 1
5028 5640 1
725 6210 1
3509 1281 1
3509 7213 1
3509 5937 1
3509 2516 1
3509 2192 1
2705 349 1
2705 7148 1
2705 1675 1
2705 1922 1
2705 2221 1
5993 1667 1
5993 4356 1
3568 3991 1
391 4017 1
391 2321 1
391 3761 1
3072 727 1
3072 2361 1
3072 1167 1
3072 737 1
1457 2802 1
4648 980 1
4648 2746 1
2470 4107 1
3925 3766 1
3925 6986 1
3925 4650 1
3925 6366 1
3925 4061 1
3925 1089 1
3925 396 1
3925 4154 1
3925 6727 1
7 5471 1
7055 3681 1
7055 3435 1
7055 849 1
7055 2939 1
7055 367 1
7055 2832 1
7055 4514 1
7055 2599 1
7055 1620 1
7055 6795 1
1184 6607 1
1184 4036 1
1184 4324 1
1184 1381 1
1184 6381 1
1184 323 1
1184 490 1
3740 6213 1
3740 2037 1
3740 6902 1
574 828 1
574 5635 1
574 858 1
574 3448 1
529 2596 1
7136 4811 1
7136 3055 1
7136 2967 1
7136 6602 1
7136 2958 1
5958 71 1
6296 2517 1
6296 5544 1
6296 6443 1
738 5975 1
665 6804 1
665 68 1
665 1249 1
665 257 1
665 3551 1
5696 7284 1
5696 4682 1
3036 3546 1
3036 5335 1
3036 5416 1
3036 150 1
3036 6546 1
3036 1314 1
3036 85 1
3036 225 1
3036 138 1
3036 5785 1
3036 6362 1
3036 4560 1
2238 332 1
2238 2975 1
2238 5772 1
2238 4310 1
2238 822 1
2238 4727 1
5478 2681 1
3309 563 1
3309 5839 1
3309 6202 1
3309 5144 1
3309 6325 1
3309 6396 1
3309 3499 1
3309 6233 1
3309 4071 1
3309 7301 1
6728 211 1
2234 3176 1
2472 6622 1
4159 1563 1
4137 4446 1
5277 1669 1
5277 3002 1
5277 6043 1
5277 1124 1
5277 997 1
5277 3572 1
5277 6925 1
5277 5787 1
5277 4631 1
6987 6620 1
6987 471 1
6987 5019 1
6987 3307 1
6987 5754 1
6987 2584 1
6987 482 1
6987 412 1
6987 3550 1
6987 1155 1
1772 1500 1
6519 6920 1
6519 1207 1
6519 5619 1
6519 633 1
6519 6818 1
4318 510 1
2355 6875 1
2355 1345 1
2355 495 1
2355 1704 1
2355 1090 1
2355 1703 1
2355 648 1
4983 2482 1
4983 5888 1
4983 1432 1
7388 2965 1
4098 6068 1
5184 6085 1
7243 1601 1
7243 6154 1
7243 3904 1
584 6300 1
584 813 1
584 5977 1
584 4809 1
584 3639 1
584 3323 1
3469 181 1
5799 4583 1
5799 5540 1
5799 3545 1
5799 7289 1
5799 1906 1
5799 1923 1
2240 6623 1
3273 1518 1
2264 1685 1
812 181 1
812 53 1
2911 3975 1
2911 6770 1
2911 7063 1
2873 1753 1
2873 5427 1
2873 2334 1
2873 3238 1
3213 4572 1
5042 6955 1
5680 4438 1
816 5893 1
3274 3275 1
3274 1006 1
3274 571 1
3274 5054 1
3274 1310 1
3274 3313 1
3274 6573 1
3274 7240 1
3274 1161 1
4315 585 1
5637 5987 1
5637 3027 1
4654 6935 1
4654 1017 1
4654 6174 1
5780 5409 1
5780 460 1
5780 3543 1
5780 528 1
5780 1666 1
7411 1071 1
7411 846 1
751 182 1
6218 3689 1
6218 5951 1
6218 1068 1
6218 6053 1
2480 2212 1
1165 5856 1
702 2134 1
702 1349 1
702 832 1
702 199 1
702 1108 1
702 4338 1
6022 6216 1
6022 1474 1
589 2356 1
4518 6472 1
4518 4030 1
4518 2248 1
4518 4948 1
4518 2020 1
4518 4711 1
4518 915 1
4518 2454 1
4518 3286 1
4518 4288 1
4518 2468 1
4518 1019 1
2766 3289 1
2766 3263 1
2766 1447 1
2766 4152 1
2017 2214 1
2017 2021 1
2017 2026 1
2017 1352 1
2017 28 1
2017 4309 1
2017 1873 1
2017 430 1
2017 747 1
2017 4952 1
2017 5494 1
2017 317 1
7142 2383 1
7142 6385 1
3570 6556 1
3570 3540 1
3349 584 1
3349 2895 1
2636 1855 1
4973 6715 1
5566 2562 1
5566 5516 1
5566 2887 1
5566 4240 1
5566 4487 1
5566 2089 1
5566 5704 1
3341 3934 1
3341 7109 1
3341 5121 1
3341 5571 1
3341 7023 1
3341 6189 1
3341 5920 1
3341 4785 1
2863 1643 1
1814 3126 1
1814 6201 1
1814 3254 1
1814 1954 1
1814 5729 1
1814 2370 1
4863 4743 1
1975 7127 1
1975 4726 1
420 3500 1
420 6068 1
420 2190 1
420 2121 1
2085 3496 1
5588 6640 1
5588 391 1
7371 3040 1
7371 3444 1
7371 1626 1
3752 4212 1
5922 766 1
5922 4342 1
5922 1454 1
5922 1192 1
5922 4846 1
5922 1637 1
5922 4777 1
5922 1731 1
5922 6630 1
2309 6356 1
2536 5209 1
2536 2305 1
2536 6815 1
2536 516 1
2536 5518 1
2536 505 1
2536 5872 1
2536 4808 1
2536 2838 1
2536 2126 1
2536 7039 1
2536 1670 1
2536 4543 1
2536 4542 1
2536 3966 1
2536 549 1
2536 7372 1
2536 4075 1
2993 4841 1
2140 6621 1
1835 3638 1
4770 4127 1
4770 7007 1
407 205 1
6721 535 1
4737 245 1
2797 5542 1
4413 3694 1
4413 5696 1
1719 3121 1
3231 2520 1
3231 645 1
3231 5201 1
3231 3648 1
1913 6009 1
1913 651 1
1913 2866 1
1913 3361 1
1913 783 1
1913 2112 1
1913 3042 1
1913 3624 1
1913 6468 1
1573 1737 1
6619 2011 1
6619 492 1
6619 795 1
6619 3330 1
6619 5367 1
6619 3650 1
6619 803 1
6619 5499 1
6619 4232 1
6619 5163 1
6619 5967 1
6619 7331 1
6619 5574 1
6619 573 1
6619 6522 1
5283 3757 1
1907 7271 1
2507 5910 1
6925 3480 1
6925 1678 1
6925 7146 1
6925 4866 1
6925 3155 1
6925 1038 1
6925 4756 1
2491 2818 1
6787 5761 1
6787 814 1
6787 6928 1
3897 1428 1
3897 6168 1
3897 3863 1
3897 1243 1
3897 6290 1
3897 1128 1
3897 3862 1
3897 4320 1
7087 1680 1
7087 5591 1
7087 6397 1
7087 4956 1
7087 740 1
7087 5099 1
7087 4537 1
7087 5843 1
7087 93 1
7087 2451 1
7087 3746 1
7087 4884 1
7087 5265 1
7087 6069 1
7087 3626 1
7087 1572 1
4408 3424 1
4408 6485 1
5459 3324 1
1276 5748 1
1276 2348 1
1276 77 1
949 1544 1
949 6551 1
949 3836 1
949 3719 1
949 4313 1
949 4705 1
949 1199 1
949 2030 1
949 2568 1
949 4210 1
949 5423 1
949 3566 1
949 2624 1
949 4744 1
949 4639 1
949 7232 1
949 433 1
949 6430 1
949 7398 1
949 2637 1
949 1792 1
949 2731 1
949 3555 1
949 4591 1
949 3758 1
949 964 1
949 3455 1
949 5141 1
949 383 1
949 6690 1
949 5093 1
949 1149 1
949 7108 1
949 6700 1
949 4266 1
949 7364 1
949 4497 1
949 3609 1
949 2139 1
6816 1014 1
5460 189 1
6050 4571 1
1260 6361 1
192 1164 1
7200 6140 1
5532 2518 1
5601 78 1
1316 7014 1
1316 4169 1
1316 6647 1
1316 2825 1
1316 1727 1
1316 6259 1
1316 4981 1
2891 7391 1
2891 6583 1
2891 5164 1
2891 2500 1
2891 5898 1
2891 4798 1
2891 3534 1
2891 6600 1
2891 5061 1
2891 4810 1
2891 1945 1
2891 7008 1
322 5087 1
1113 2912 1
2865 5465 1
862 5230 1
862 2193 1
862 3801 1
729 6298 1
729 7243 1
7249 375 1
3113 5991 1
3113 6758 1
3113 7035 1
3113 1297 1
3113 923 1
3113 1354 1
1899 2552 1
5849 3645 1
5849 1496 1
5849 1156 1
2664 2916 1
3316 4945 1
6190 4557 1
6190 6509 1
1377 2580 1
1377 3628 1
7253 4539 1
7253 5241 1
6712 6792 1
6712 1001 1
6712 4448 1
6712 2261 1
6712 3831 1
3034 4997 1
466 5363 1
466 3460 1
466 6538 1
466 4038 1
466 2804 1
466 6824 1
466 5457 1
466 1423 1
466 5984 1
466 2419 1
466 5996 1
4423 1618 1
4423 2584 1
596 5699 1
596 656 1
596 6923 1
3492 4571 1
3492 4223 1
3492 6050 1
3492 4674 1
3298 1336 1
3298 1032 1
3298 6445 1
3298 3720 1
6509 163 1
6509 4561 1
6509 1075 1
6509 2396 1
6509 3781 1
6509 5578 1
2266 6604 1
2266 1609 1
2266 2688 1
2501 219 1
7166 1481 1
7166 652 1
2728 2324 1
2728 2898 1
2728 6781 1
2728 242 1
2449 104 1
2449 622 1
850 848 1
3410 2231 1
1511 4431 1
1511 286 1
1511 777 1
1271 4875 1
1271 7312 1
1271 5997 1
1271 6611 1
1271 174 1
1271 1080 1
1271 3869 1
1271 6872 1
1271 4067 1
1271 5609 1
1952 381 1
6567 5094 1
6567 2554 1
5944 2907 1
5944 5608 1
704 1785 1
5990 2365 1
5990 61 1
512 6929 1
512 6787 1
512 63 1
3996 4632 1
3996 3232 1
3996 5883 1
3996 1025 1
3996 1434 1
3996 413 1
3996 4400 1
3996 5146 1
335 6372 1
335 534 1
335 6917 1
1738 5790 1
1738 2771 1
1738 6777 1
1738 3464 1
1738 1849 1
1738 4404 1
1738 639 1
1738 2327 1
1738 6575 1
1738 5767 1
1738 4091 1
1608 4019 1
4430 5343 1
4430 3303 1
4430 4938 1
3583 2100 1
2075 6739 1
2075 6064 1
2075 1138 1
2075 4331 1
2075 3556 1
2075 3005 1
1063 4366 1
2141 4873 1
1286 4054 1
5249 1659 1
5249 5968 1
586 1189 1
586 5502 1
586 4229 1
4489 5901 1
1157 4764 1
681 1890 1
681 5453 1
681 669 1
681 5127 1
681 4914 1
681 4179 1
681 2936 1
681 1622 1
681 2694 1
681 2982 1
681 1350 1
6725 5304 1
6725 598 1
6725 1942 1
6725 2546 1
6725 3695 1
6725 4871 1
6725 2323 1
4146 7137 1
3003 6996 1
5732 3033 1
5732 6469 1
4703 5584 1
4703 4886 1
3963 6888 1
3963 351 1
2028 4119 1
2028 6855 1
2028 2431 1
2515 3610 1
2515 4330 1
2515 3025 1
2515 3100 1
2515 6437 1
2515 1527 1
2515 5667 1
2515 4244 1
7244 2414 1
7244 2408 1
7244 4170 1
7244 7085 1
7244 3928 1
7244 324 1
215 6165 1
5292 5624 1
5292 4772 1
5292 592 1
2905 4844 1
2905 3020 1
7000 4189 1
278 280 1
1690 6868 1
1690 2001 1
1690 4540 1
1690 3589 1
1690 6078 1
1690 6199 1
1690 4970 1
1690 5474 1
1690 5463 1
1690 6452 1
6763 2473 1
6763 4966 1
6763 1891 1
6763 254 1
6763 1024 1
6763 176 1
6763 5185 1
6763 5182 1
6763 7190 1
6763 2997 1
6763 3318 1
6763 1711 1
6763 4863 1
317 1696 1
317 2319 1
317 2856 1
317 128 1
317 3355 1
3748 4683 1
3748 4649 1
4319 7359 1
6185 304 1
6185 7150 1
7037 2336 1
2813 5664 1
1721 6103 1
2580 6516 1
2580 3800 1
3078 4132 1
3216 6417 1
6219 4199 1
4147 2273 1
4147 4778 1
4147 6588 1
4883 1591 1
4883 875 1
7009 5838 1
7009 5251 1
6857 1459 1
6857 5129 1
1175 6686 1
6658 3627 1
6658 5009 1
6658 6440 1
6658 5904 1
4891 818 1
4891 6285 1
6428 4362 1
6428 2751 1
4699 4941 1
2518 6031 1
3457 5374 1
3457 4435 1
3457 2564 1
3457 5496 1
3343 627 1
7071 1713 1
7071 5786 1
7071 4262 1
372 2064 1
1539 197 1
1539 2092 1
1539 4207 1
3114 756 1
3114 868 1
3114 4812 1
3114 3662 1
2107 5243 1
2339 4839 1
2339 1903 1
2328 2371 1
2328 1864 1
266 600 1
3653 5001 1
3653 3592 1
3653 356 1
3653 4382 1
3653 3230 1
3653 2033 1
3683 3384 1
1695 1497 1
1695 6864 1
4077 4095 1
4077 5188 1
4077 3157 1
4077 6614 1
4077 3514 1
4077 5360 1
4077 6439 1
4077 5722 1
4077 3856 1
4077 3565 1
4077 7038 1
1311 5952 1
3173 3995 1
3173 6070 1
3581 6945 1
273 660 1
273 6426 1
4925 4927 1
4925 658 1
7156 6767 1
6409 4301 1
2464 6152 1
3275 6207 1
601 4239 1
601 2073 1
601 3481 1
601 5317 1
601 7209 1
601 141 1
601 4688 1
601 931 1
601 2968 1
601 2724 1
601 3926 1
601 5147 1
601 350 1
601 6676 1
601 3365 1
601 5443 1
601 1304 1
601 6698 1
601 4645 1
4903 5929 1
4903 5003 1
4285 3098 1
5442 429 1
5442 6136 1
2770 4345 1
5285 6500 1
428 7069 1
1755 5158 1
1755 6284 1
1755 3285 1
1755 940 1
1755 2194 1
1755 2096 1
1755 4963 1
1755 7292 1
1973 6393 1
1973 2696 1
3529 5644 1
2157 1542 1
2157 5404 1
2157 3921 1
2157 2401 1
6059 5565 1
6059 1672 1
6059 4215 1
6059 3587 1
6059 2499 1
6059 5934 1
3911 886 1
3911 3665 1
23 1991 1
23 6276 1
23 2050 1
23 5549 1
23 4923 1
5340 158 1
5340 6741 1
5340 7238 1
4887 5342 1
4772 3707 1
4772 3829 1
4772 415 1
809 379 1
7160 7222 1
4305 5118 1
4305 6277 1
4305 7297 1
4305 2758 1
4305 6493 1
1951 1905 1
1469 5723 1
6900 2153 1
3959 4795 1
1593 5678 1
1796 2169 1
1796 7304 1
3491 2136 1
3491 1190 1
2023 1439 1
2023 5145 1
1705 5880 1
256 559 1
256 4921 1
256 4491 1
256 6677 1
256 2416 1
521 268 1
768 2068 1
768 1144 1
3479 5879 1
3479 7375 1
3479 969 1
1724 2842 1
1724 4372 1
2671 5398 1
6620 6198 1
6642 4706 1
6642 6557 1
6642 3205 1
6642 1725 1
6642 1805 1
6642 1410 1
6642 2799 1
6642 604 1
6642 2699 1
2957 5718 1
2957 6671 1
2957 4775 1
2957 668 1
2957 4790 1
2957 303 1
2957 6813 1
189 6562 1
1919 2258 1
3943 4299 1
3943 7005 1
3943 7030 1
571 2379 1
2259 7187 1
2259 2300 1
2388 6507 1
2388 269 1
2388 6681 1
2388 695 1
2388 5867 1
2388 7214 1
996 152 1
3186 6521 1
3186 4906 1
1011 6956 1
1011 2387 1
4761 6508 1
3236 5415 1
7269 5321 1
1146 1388 1
4388 1036 1
4388 3515 1
4388 4157 1
4388 5923 1
1934 4609 1
4732 1121 1
4732 1285 1
4732 1325 1
2847 6086 1
5432 1102 1
5432 223 1
5432 945 1
5432 838 1
5432 5017 1
1841 1398 1
745 2235 1
745 6209 1
6821 4766 1
6821 6130 1
5278 2878 1
5424 1971 1
5424 4795 1
5424 1623 1
4578 3011 1
4163 3201 1
2866 1339 1
1258 1611 1
1258 6921 1
519 789 1
519 5823 1
519 2775 1
519 4719 1
889 6786 1
889 5552 1
889 276 1
889 732 1
4678 5661 1
1976 2657 1
5472 1777 1
1236 6473 1
1236 2198 1
1236 6524 1
1236 353 1
2026 4452 1
2026 5075 1
4136 7272 1
6665 259 1
6665 6488 1
6665 4493 1
6665 5134 1
6665 3518 1
6665 5683 1
6574 1259 1
5639 743 1
5639 4994 1
5639 6284 1
5639 5095 1
5639 951 1
5639 6634 1
5639 7195 1
5639 2810 1
5263 7029 1
5263 7393 1
5263 5895 1
5263 5031 1
944 4596 1
2833 3087 1
2833 5353 1
4527 4282 1
4001 4259 1
4001 6363 1
4449 6979 1
4449 41 1
4449 4685 1
4449 3741 1
6768 1569 1
6768 246 1
5182 2397 1
6866 3414 1
3547 3046 1
3547 6079 1
4281 1881 1
4281 3832 1
4281 442 1
6401 5216 1
6401 2131 1
6401 2761 1
6401 3240 1
6401 6752 1
6401 3981 1
6401 3968 1
6401 1395 1
6401 3258 1
1828 1895 1
1828 2469 1
3896 6124 1
3896 961 1
3896 2188 1
3896 1943 1
3896 2402 1
3896 6969 1
3896 3264 1
3896 2544 1
2946 2763 1
6181 2364 1
127 6555 1
127 2679 1
1809 296 1
1809 6486 1
1809 6505 1
2503 3225 1
6520 3175 1
90 1225 1
90 2271 1
90 2885 1
90 2047 1
90 3631 1
90 4498 1
90 7335 1
90 310 1
90 607 1
90 2566 1
90 3069 1
90 1757 1
90 7161 1
90 3062 1
90 4620 1
2588 690 1
2588 5445 1
2588 4391 1
3938 1383 1
3938 6510 1
3938 1540 1
3938 4291 1
3938 3184 1
3938 1875 1
3938 3902 1
3938 1441 1
3938 719 1
3938 4470 1
4093 4233 1
4093 6253 1
7284 3790 1
394 4263 1
5951 705 1
5572 800 1
3736 2064 1
3736 4597 1
3736 6095 1
3736 1362 1
3736 3077 1
3736 7065 1
3736 6245 1
2641 1740 1
2641 6785 1
2641 135 1
6682 5260 1
6682 6975 1
3709 2852 1
3709 1813 1
3709 1842 1
3709 784 1
1624 5737 1
3543 3764 1
1322 5891 1
1322 27 1
286 6912 1
3940 277 1
3940 5671 1
3940 7278 1
3940 4121 1
2097 4584 1
2097 5228 1
1217 1250 1
1217 3611 1
4080 1927 1
3029 4138 1
3029 2308 1
3029 7412 1
3029 198 1
4304 3169 1
6189 6252 1
2478 4602 1
1518 2455 1
1518 6312 1
1518 1634 1
6530 2306 1
3092 173 1
1437 7042 1
1437 2537 1
2024 2180 1
2024 2508 1
2024 6750 1
2024 3112 1
6765 3233 1
483 5399 1
333 5645 1
1215 2069 1
2409 1779 1
2409 4718 1
2409 5973 1
2409 220 1
5080 1010 1
5080 3708 1
5080 1799 1
5080 4031 1
5080 1282 1
5080 2948 1
4823 785 1
311 4398 1
4462 4490 1
1994 979 1
1552 2539 1
7379 5336 1
7379 6423 1
7379 1547 1
3127 5658 1
3127 4658 1
4481 408 1
4481 5464 1
4481 188 1
4481 2007 1
3422 3483 1
3422 4575 1
1251 5557 1
1378 2163 1
3813 4412 1
914 5741 1
2164 2790 1
121 36 1
121 5582 1
121 6232 1
121 6204 1
121 5375 1
2970 2222 1
2970 5756 1
6179 884 1
5192 1480 1
7182 2438 1
7182 3174 1
7182 6398 1
2114 720 1
2114 2239 1
2114 960 1
2114 4930 1
2114 1241 1
928 416 1
928 5994 1
928 2509 1
928 5983 1
552 355 1
5325 2372 1
4188 1094 1
267 1931 1
4268 3459 1
1381 2143 1
1381 4828 1
4908 2514 1
4908 6007 1
4908 2260 1
4908 855 1
845 4918 1
845 1937 1
845 5779 1
6304 6424 1
6304 1745 1
6304 7002 1
5175 7046 1
2959 5899 1
2137 5125 1
2582 6775 1
5933 6173 1
4612 5199 1
4612 6088 1
4612 1295 1
4612 2716 1
4612 7203 1
4612 1372 1
4612 7211 1
4612 2094 1
4612 2352 1
4612 6123 1
4612 5627 1
526 6651 1
6536 4599 1
6536 2899 1
6536 5700 1
6536 6823 1
6536 1647 1
4638 432 1
1716 2600 1
1716 2762 1
1716 5945 1
1294 2634 1
373 2883 1
373 3103 1
544 3506 1
544 3796 1
544 4052 1
544 1328 1
544 4976 1
544 473 1
544 6636 1
544 5450 1
544 5568 1
544 180 1
544 206 1
544 649 1
544 990 1
544 6405 1
544 2465 1
544 2654 1
544 7382 1
6640 4374 1
3222 2744 1
3222 5436 1
3222 6240 1
3222 2436 1
3222 3642 1
3222 6164 1
3222 2256 1
3222 4525 1
3222 1824 1
3222 1476 1
3222 2710 1
449 979 1
3016 2868 1
17 1781 1
17 3788 1
4690 6748 1
4690 4815 1
4690 5294 1
4690 5244 1
4690 6598 1
4690 5428 1
1490 4882 1
1490 5998 1
1490 6563 1
1523 1348 1
5950 1112 1
5950 4402 1
5950 3377 1
5950 2041 1
5950 4792 1
5543 1639 1
5543 4359 1
5543 5605 1
3850 894 1
3850 421 1
120 522 1
2792 6743 1
2792 6641 1
2792 5299 1
5246 2492 1
7131 1058 1
7131 441 1
7131 3401 1
7131 2950 1
1604 2494 1
1043 1600 1
3878 113 1
2341 2663 1
7370 3845 1
6760 488 1
2674 6097 1
7386 6717 1
7386 690 1
7386 3164 1
7408 4023 1
7408 4677 1
7408 4406 1
3624 2626 1
3624 4982 1
3624 1248 1
3624 4526 1
3020 6615 1
6650 2440 1
6650 2014 1
6650 4568 1
6650 2655 1
6650 879 1
6650 4114 1
6650 3920 1
6650 2756 1
6650 47 1
6650 5165 1
6650 3310 1
6120 5711 1
6120 2643 1
6120 3956 1
6120 2483 1
6120 4775 1
4328 4027 1
3927 2947 1
1803 2106 1
1803 3855 1
686 3845 1
686 2273 1
986 5056 1
986 6318 1
986 3243 1
986 5764 1
3647 3807 1
3647 2614 1
3647 5084 1
558 3453 1
558 3193 1
558 3211 1
558 835 1
558 4585 1
6684 3413 1
6684 722 1
6684 4577 1
3965 7309 1
3965 3390 1
1009 2750 1
1009 2559 1
1009 6705 1
1009 3793 1
1009 2251 1
1009 7110 1
1009 4750 1
1009 5845 1
1009 1200 1
1009 103 1
510 3265 1
510 6839 1
5653 2587 1
1018 6351 1
1018 880 1
1018 1196 1
1018 4476 1
1018 6696 1
1018 1235 1
1018 7273 1
1018 6342 1
1018 3688 1
1018 525 1
1018 1921 1
1018 2884 1
1018 3537 1
1018 2646 1
1018 2358 1
1018 2809 1
1018 3111 1
1018 417 1
1018 683 1
1018 577 1
1018 5529 1
1018 7306 1
1018 620 1
1018 6625 1
1018 5617 1
1018 796 1
6573 3021 1
6573 5189 1
6573 6456 1
4582 3880 1
6841 4614 1
7245 489 1
5284 81 1
5284 3227 1
5284 4082 1
5284 5963 1
5284 6612 1
6668 6878 1
7089 3554 1
6215 4787 1
4661 6208 1
4661 2527 1
7149 4716 1
5629 7246 1
5028 6617 1
3072 3594 1
3925 5108 1
6709 1982 1
7055 2105 1
3740 1955 1
7136 957 1
7136 1464 1
7136 2526 1
5277 7362 1
5277 5976 1
6519 6082 1
2355 2819 1
2355 4771 1
2043 4003 1
2043 4698 1
2873 7134 1
2873 4851 1
1782 3255 1
3274 2038 1
3274 4603 1
4315 2871 1
5780 7198 1
5780 5537 1
5780 3417 1
5780 919 1
5780 5308 1
5780 1938 1
5780 7111 1
5780 3108 1
5780 4580 1
5780 2594 1
5780 6039 1
5780 5034 1
5780 5900 1
5780 5995 1
3203 2104 1
4518 3782 1
4518 6646 1
4518 6894 1
4518 4414 1
4518 689 1
4518 6958 1
4518 4581 1
4518 1074 1
2766 6526 1
2017 2577 1
2017 1148 1
2017 7225 1
3570 2531 1
7001 4821 1
5566 217 1
5566 4825 1
3341 6252 1
3341 7400 1
3341 4180 1
3341 4949 1
3297 4545 1
3752 2099 1
3752 2270 1
3752 3266 1
5922 4899 1
5922 715 1
5922 3431 1
5922 3056 1
2536 29 1
2536 3227 1
2536 2669 1
2536 1946 1
2536 3097 1
2536 1671 1
2536 439 1
2993 692 1
2993 5043 1
2993 1388 1
4770 2885 1
5775 5830 1
5775 6027 1
1913 6272 1
1913 1171 1
3897 1202 1
7087 7311 1
7087 869 1
949 5801 1
949 5555 1
949 4652 1
949 2979 1
949 5816 1
2581 3442 1
192 2494 1
192 4971 1
862 6487 1
3316 3409 1
466 800 1
466 4049 1
466 4383 1
466 710 1
466 509 1
466 6876 1
466 5855 1
466 5511 1
3492 958 1
3298 427 1
6509 6427 1
6509 7059 1
6509 5429 1
6196 1277 1
1511 1808 1
1271 1169 1
4629 6572 1
4629 3613 1
4629 2794 1
4629 4865 1
4629 3039 1
4629 6635 1
4629 13 1
4629 3443 1
4629 7251 1
4629 3385 1
4629 2969 1
3996 6502 1
335 6545 1
335 3071 1
335 659 1
1738 5770 1
1738 1795 1
3976 1692 1
681 4784 1
681 4401 1
681 685 1
681 5018 1
3963 6877 1
5430 107 1
7244 1129 1
215 1926 1
215 2528 1
2905 2415 1
2905 2590 1
1690 5582 1
6763 1015 1
5479 2890 1
2553 1676 1
6455 2692 1
4924 6570 1
623 2315 1
6348 2954 1
4521 5566 1
6297 2487 1
5451 3704 1
5809 5553 1
4256 3858 1
4246 1632 1
4246 2551 1
4246 4780 1
2632 3635 1
1911 736 1
7216 6790 1
7403 4954 1
1007 7118 1
1786 4891 1
1786 4666 1
2704 5869 1
3352 5563 1
262 6833 1
86 3429 1
4409 5690 1
4409 7000 1
2203 7280 1
4776 3344 1
2760 5109 1
2978 4558 1
6299 1814 1
2310 4670 1
3224 309 1
994 4908 1
6107 5335 1
6107 5416 1
6107 150 1
5254 2888 1
5254 4197 1
7004 3479 1
118 3891 1
330 3943 1
3152 2971 1
2918 7119 1
5138 3952 1
1119 5751 1
2429 2097 1
1205 7360 1
1312 3218 1
4384 2540 1
4182 2811 1
4182 4589 1
4182 2772 1
4182 1650 1
4509 4191 1
3787 337 1
7143 1437 1
7143 7087 1
6898 3738 1
52 7340 1
5547 3697 1
4593 556 1
4742 5072 1
895 1009 1
1467 4080 1
3440 1104 1
3035 7370 1
1239 1478 1
3820 995 1
3820 5500 1
7263 7337 1
5155 1871 1
5847 1630 1
2142 4371 1
4284 6806 1
6990 5550 1
3259 3341 1
5313 5969 1
4630 3038 1
6808 6725 1
1143 1100 1
1356 1841 1
5107 6506 1
5107 4046 1
4646 102 1
6263 2159 1
1443 394 1
1443 4081 1
1443 5362 1
2608 3924 1
965 1346 1
5674 3811 1
306 6860 1
4565 6860 1
6560 6844 1
1273 2569 1
3810 3186 1
3810 6153 1
932 1407 1
114 2355 1
602 6289 1
602 1919 1
602 6520 1
602 3160 1
602 1629 1
602 3791 1
5276 77 1
4151 4761 1
5168 2729 1
6157 447 1
1412 976 1
1324 5509 1
3584 2339 1
5738 5794 1
3449 3210 1
6048 5080 1
1263 7036 1
1263 974 1
2748 1114 1
2807 4468 1
2807 6574 1
2807 331 1
5632 7176 1
5632 5316 1
3988 4195 1
401 1134 1
2005 91 1
3288 3946 1
2510 6187 1
4662 3940 1
4249 477 1
2575 5026 1
4123 3089 1
4377 1582 1
1843 2209 1
6854 1179 1
6854 3309 1
145 3970 1
4708 1501 1
5414 4315 1
7077 3879 1
7077 1265 1
5245 4486 1
5245 4376 1
5245 2277 1
1290 2905 1
911 2435 1
911 905 1
319 6893 1
419 5653 1
454 6976 1
2571 2409 1
1371 7368 1
2547 98 1
3191 3109 1
778 1022 1
70 4122 1
409 1548 1
7051 4874 1
3051 4678 1
1127 4393 1
1127 4001 1
4592 15 1
4237 6997 1
4378 6724 1
3972 1817 1
1535 5780 1
2496 7131 1
999 3752 1
545 2666 1
2859 3925 1
2859 5277 1
2287 5551 1
3696 2145 1
743 1378 1
6847 4570 1
7088 3896 1
851 412 1
5068 5046 1
4692 2946 1
6234 765 1
865 2236 1
496 5933 1
1595 5180 1
1595 1932 1
1595 2588 1
1595 169 1
75 5687 1
1744 4008 1
6003 2017 1
1283 4836 1
775 5938 1
341 3491 1
5000 5717 1
4974 4702 1
7163 4352 1
472 6308 1
1674 2025 1
1674 5630 1
5470 6135 1
3282 1043 1
2384 7347 1
299 6428 1
4111 5834 1
6914 4629 1
7277 2019 1
110 4462 1
5538 5382 1
4216 3683 1
4216 2957 1
4216 4735 1
4216 3547 1
4216 3709 1
4216 7182 1
4216 3316 1
3144 7231 1
3826 4162 1
636 5949 1
5461 2293 1
5461 2077 1
4010 6638 1
5197 6104 1
3776 5348 1
3776 2908 1
7134 6565 1
7134 6691 1
7134 2238 1
5495 7328 1
5166 2373 1
2816 4147 1
424 3376 1
345 3003 1
2312 610 1
4129 1233 1
4129 7228 1
5176 3784 1
6592 7153 1
6040 2484 1
4100 5775 1
5603 1883 1
2925 6408 1
5862 414 1
35 2042 1
35 3469 1
1760 5517 1
476 4184 1
6451 6678 1
3923 829 1
6004 7386 1
7064 2998 1
2619 2024 1
3706 6401 1
3706 6547 1
1333 6266 1
1082 3653 1
1645 4268 1
5334 3386 1
3317 889 1
6141 159 1
4944 7116 1
1201 3360 1
6327 1710 1
2822 6216 1
6649 2354 1
977 3304 1
4247 3297 1
5836 5067 1
6541 2467 1
4047 4425 1
2008 891 1
360 5289 1
3217 5319 1
272 6482 1
2793 7244 1
5758 7345 1
5758 5214 1
5758 6087 1
2048 7276 1
117 5150 1
1389 1997 1
3049 1400 1
5006 1892 1
1635 1490 1
1635 2873 1
1515 3271 1
1848 2999 1
6161 1442 1
1986 3235 1
1056 5588 1
3605 1055 1
3569 7221 1
1172 2929 1
2678 6090 1
833 4690 1
749 5333 1
4466 4696 1
7198 4267 1
7198 3843 1
443 4463 1
3890 2199 1
5863 1286 1
4564 812 1
4390 2833 1
5892 5264 1
5905 721 1
3822 6373 1
909 2489 1
1776 6220 1
6046 618 1
7170 215 1
3080 601 1
3080 4449 1
624 3024 1
485 2581 1
6673 4903 1
6101 708 1
6101 4173 1
6101 1357 1
3659 5604 1
2049 564 1
3482 3734 1
19 204 1
706 2360 1
5133 6754 1
4 5364 1
6977 2279 1
3468 819 1
51 823 1
2529 5287 1
4515 3268 1
4515 578 1
3779 4958 1
3979 2074 1
7056 591 1
2650 2357 1
2257 5178 1
4641 2398 1
3703 5666 1
2983 3765 1
2359 4781 1
3331 6820 1
1941 1069 1
3076 1002 1
1687 6950 1
6993 2146 1
7115 862 1
6126 3958 1
1598 6536 1
2980 483 1
1874 3125 1
2272 4044 1
962 4653 1
3655 2164 1
2497 1846 1
133 3434 1
4070 5828 1
4090 6419 1
4897 6449 1
7274 7300 1
3872 3451 1
3560 3712 1
4637 3290 1
4536 5556 1
3849 7197 1
3849 2628 1
3849 3127 1
3430 6794 1
2560 4153 1
2027 4153 1
4832 2259 1
3894 1858 1
1375 4388 1
6672 4925 1
4334 5510 1
5956 120 1
6710 2595 1
1917 5742 1
4758 2486 1
3840 2486 1
1103 1453 1
2730 388 1
1568 4098 1
5412 5071 1
4613 2282 1
6943 4155 1
1756 745 1
1756 6022 1
7356 2558 1
5854 6978 1
1617 3473 1
2135 4136 1
1909 5218 1
5760 996 1
1347 3212 1
4415 7001 1
7096 2674 1
1176 2742 1
6648 5631 1
4881 221 1
3917 1485 1
5978 6247 1
3322 3525 1
4739 840 1
5130 1449 1
1579 4234 1
1579 3016 1
1579 7049 1
1579 6763 1
4325 6175 1
2476 4397 1
7073 6467 1
5508 6639 1
2208 3965 1
6028 4328 1
3620 6736 1
5309 372 1
5309 1322 1
4595 7408 1
797 5103 1
4149 5020 1
3507 6033 1
554 4617 1
4110 4276 1
285 3114 1
2002 3253 1
2002 3937 1
2032 2350 1
6531 767 1
4346 315 1
2230 17 1
34 5639 1
7138 5587 1
4026 6857 1
4026 5033 1
6558 4518 1
7402 3476 1
3082 1251 1
3082 686 1
260 5572 1
2237 6377 1
4656 6237 1
5771 5388 1
6345 7245 1
1359 5541 1
7058 4430 1
712 5877 1
4206 6336 1
6774 2388 1
3644 1705 1
2585 5505 1
542 333 1
542 4413 1
5972 2720 1
5328 1334 1
6589 6543 1
4451 6972 1
293 4472 1
2176 2736 1
6005 928 1
5225 376 1
1746 1302 1
6995 1029 1
3122 6709 1
3520 3674 1
3472 6310 1
4269 7159 1
5708 3387 1
1877 3456 1
935 7207 1
1081 918 1
6193 4101 1
4588 1592 1
1664 4517 1
4102 3195 1
2945 3751 1
2779 5753 1
2084 5692 1
6835 7366 1
1344 5504 1
3196 6034 1
6108 955 1
4014 2847 1
4773 6780 1
6093 2855 1
227 1728 1
457 6391 1
3805 986 1
1844 422 1
6825 10 1
6099 5284 1
6099 7349 1
5906 6444 1
771 2382 1
7409 2063 1
241 674 1
6307 1949 1
830 4077 1
3982 428 1
5005 2405 1
2943 983 1
1174 2111 1
3270 3106 1
151 2671 1
5050 1037 1
7266 3531 1
5395 3047 1
1605 3391 1
5202 7269 1
640 248 1
3032 3086 1
6458 7009 1
1137 629 1
4004 6773 1
4286 3850 1
5602 1796 1
2367 6224 1
5151 2471 1
6483 369 1
4060 4831 1
2191 3640 1
2191 702 1
4663 3015 1
4663 6288 1
4507 3490 1
518 1118 1
5623 5964 1
2840 856 1
1717 373 1
3586 2481 1
5350 127 1
5350 6151 1
5310 2870 1
3333 7165 1
539 2536 1
116 1621 1
7145 3445 1
1519 1999 1
1440 1577 1
3342 1307 1
3717 38 1
1211 4612 1
4800 4305 1
1689 6846 1
5573 5454 1
170 4729 1
161 2381 1
533 787 1
1379 850 1
6897 2880 1
4478 2889 1
5488 3938 1
4794 6169 1
7016 4703 1
2421 5783 1
2421 2792 1
7279 2882 1
5524 7162 1
2755 4289 1
4538 2858 1
3179 6360 1
3179 3617 1
3179 6304 1
3179 654 1
1988 3895 1
4145 597 1
5055 2987 1
1648 3664 1
3548 6932 1
1342 1533 1
1530 5229 1
6694 6054 1
5069 1758 1
3827 4066 1
3043 1885 1
6383 420 1
7389 3073 1
4407 7379 1
6395 2988 1
5200 1830 1
7040 6072 1
3452 3118 1
6918 386 1
7206 4057 1
5791 3239 1
634 664 1
6170 1123 1
6957 2900 1
2314 1793 1
1661 7342 1
3754 6619 1
64 410 1
1789 5249 1
1142 267 1
1341 1320 1
2450 5497 1
2780 6723 1
3199 1042 1
3017 4939 1
2374 3392 1
2658 1391 1
1426 857 1
6811 1034 1
2108 5914 1
2805 1150 1
1549 3395 1
5194 5442 1
3208 6092 1
5047 1504 1
2881 486 1
4164 2125 1
3197 681 1
4484 6596 1
123 4503 1
2612 4912 1
1884 6550 1
4308 2932 1
1078 3397 1
4563 5971 1
4826 4513 1
4817 5950 1
2337 1180 1
4837 6350 1
3454 2959 1
2410 2867 1
2138 1590 1
4480 6704 1
3295 2548 1
226 4093 1
6498 5802 1
3625 2876 1
2295 5792 1
7050 1000 1
1683 3536 1
5628 7066 1
7288 4541 1
5063 1513 1
5063 6388 1
5326 1615 1
4444 4511 1
5213 5035 1
3886 3256 1
5580 2659 1
5038 6120 1
4084 6532 1
5413 3278 1
3093 558 1
1928 552 1
1928 3036 1
3335 3161 1
3363 3866 1
292 6788 1
2640 1445 1
6390 4883 1
2749 3173 1
7113 4285 1
2735 1076 1
5105 5261 1
1977 711 1
5212 1021 1
6887 5446 1
4819 713 1
753 425 1
5441 2737 1
5100 1700 1
4957 4188 1
5960 2515 1
3074 6645 1
7256 7075 1
390 231 1
390 1223 1
6349 2411 1
2593 3358 1
3145 7045 1
2117 6768 1
5819 5077 1
478 3750 1
1636 6356 1
1723 7235 1
5709 3301 1
5117 3044 1
5757 5936 1
361 3274 1
7026 4228 1
1061 581 1
6561 253 1
2638 1763 1
5052 5501 1
2368 7136 1
1847 1947 1
5136 1807 1
6514 6303 1
1613 76 1
1964 4856 1
6778 6404 1
2806 406 1
3181 5743 1
2152 3298 1
7081 4998 1
7081 7160 1
7081 4972 1
5089 5010 1
3028 4889 1
1030 1593 1
4749 6913 1
7404 7325 1
1472 2328 1
5351 2070 1
3602 1489 1
912 3492 1
119 1702 1
4258 1576 1
2835 6212 1
6321 6517 1
1597 6215 1
4827 6965 1
365 6420 1
4395 2147 1
5096 6618 1
3530 3606 1
2385 4214 1
7239 7371 1
5943 1014 1
1929 6478 1
4738 4919 1
3379 289 1
793 4483 1
2801 5746 1
1543 4512 1
7365 3603 1
1570 1973 1
4385 6613 1
3877 978 1
4993 6807 1
4224 1523 1
3287 6387 1
3882 1084 1
5657 1521 1
5169 6376 1
2647 3241 1
3682 6461 1
3426 3094 1
2072 5636 1
5913 4643 1
5120 3873 1
1254 6712 1
1163 5662 1
5297 6024 1
4626 7334 1
2186 1316 1
1159 6311 1
5060 1534 1
1787 458 1
2607 3029 1
5857 3647 1
6115 6684 1
1168 914 1
46 4697 1
4789 3813 1
3375 1294 1
2232 3504 1
1660 3828 1
4115 673 1
5947 1695 1
987 121 1
1819 6841 1
7067 1512 1
143 5139 1
1102 779 1
6477 540 1
2532 5959 1
7107 6386 1
7383 2586 1
772 6729 1
513 4183 1
513 1271 1
3721 312 1
2132 6409 1
1879 1373 1
5337 451 1
907 6167 1
5957 1735 1
3888 3129 1
6930 6459 1
340 2478 1
7302 4344 1
5344 1748 1
7254 6620 1
1969 3113 1
4673 3885 1
1920 680 1
5731 4699 1
1989 4985 1
699 3072 1
4211 2441 1
4942 1904 1
2960 6421 1
4822 5744 1
7183 3736 1
2158 3374 1
352 1812 1
2768 4728 1
968 2533 1
255 6856 1
4099 2591 1
2787 5091 1
6051 4168 1
1985 2776 1
6879 2009 1
546 6998 1
7252 2869 1
5852 4850 1
4754 6519 1
3381 423 1
54 2244 1
2079 3808 1
6214 234 1
282 6668 1
7068 759 1
7031 5325 1
2040 5173 1
6354 2592 1
4573 2028 1
2173 4230 1
2331 6881 1
452 1888 1
5466 2766 1
6497 7048 1
854 7188 1
3523 4232 1
2511 3234 1
7080 5019 1
1422 2922 1
5925 491 1
3608 2892 1
97 5475 1
2363 1716 1
5808 2167 1
4079 885 1
2285 1147 1
4236 4417 1
606 7376 1
4551 4732 1
3722 751 1
1460 4534 1
3321 2424 1
1948 544 1
2561 2023 1
4238 2665 1
2249 7237 1
5739 6379 1
7152 1856 1
5798 3521 1
4880 4172 1
4117 4481 1
6896 5320 1
5484 7106 1
40 3541 1
815 1899 1
4616 5409 1
2118 5725 1
5193 196 1
5825 1913 1
7157 1638 1
