1011 5606 1
4295 5072 1
4295 4859 1
3968 3626 1
3968 4734 1
6053 414 1
28 1510 1
6218 5259 1
1656 1029 1
335 3071 1
4197 3227 1
5564 5125 1
5564 88 1
5564 5945 1
6495 1339 1
6495 1543 1
6495 5484 1
4507 144 1
1219 45 1
4809 4452 1
4809 5621 1
1548 218 1
1548 2724 1
1548 2804 1
1548 4215 1
1548 3545 1
1548 31 1
1548 6501 1
1548 3918 1
1548 4553 1
1326 1776 1
1746 974 1
2758 1076 1
2758 5002 1
791 5748 1
791 5311 1
699 3855 1
4773 4383 1
4773 2209 1
3461 1911 1
3996 5591 1
4506 482 1
4506 1634 1
4506 1049 1
6354 6617 1
6354 3052 1
6354 5555 1
2913 1969 1
2913 1553 1
2913 1074 1
2913 6385 1
2913 2354 1
2913 4568 1
2913 181 1
2913 5236 1
1186 1421 1
1186 6180 1
3364 2562 1
3364 4549 1
5219 1559 1
5219 2086 1
4605 2398 1
4605 3839 1
3872 3884 1
3399 3661 1
975 935 1
5544 2834 1
4326 6065 1
4515 1107 1
5344 469 1
3980 2166 1
3980 5115 1
3980 1149 1
3980 3087 1
3980 6288 1
3980 5114 1
3980 5516 1
3980 5955 1
3980 1805 1
3980 3428 1
3980 5975 1
3980 5242 1
3980 3669 1
3980 130 1
3980 2635 1
3980 5723 1
3980 994 1
3980 1391 1
3980 1160 1
836 5046 1
5887 6612 1
5887 4769 1
5887 543 1
5887 3116 1
5887 2185 1
5887 4458 1
5887 3076 1
5887 214 1
5887 3435 1
15 503 1
2993 2928 1
2993 4026 1
2011 6482 1
2053 5171 1
2053 4499 1
2053 2123 1
2165 4130 1
2165 912 1
2165 2140 1
3123 5100 1
639 4869 1
1179 3164 1
3122 1117 1
3122 2594 1
6545 1890 1
6545 3171 1
223 1949 1
223 6534 1
223 1704 1
4250 5549 1
6491 373 1
6491 5124 1
6491 6008 1
98 2388 1
98 5203 1
98 2454 1
98 1163 1
98 3880 1
2066 5191 1
2362 6561 1
3818 2072 1
5671 1611 1
421 4423 1
5776 2753 1
60 1989 1
60 752 1
60 520 1
60 814 1
4710 6617 1
4710 345 1
5912 4606 1
3150 3443 1
3150 395 1
3150 192 1
3150 4429 1
3150 1966 1
3150 4538 1
3150 1542 1
4729 2878 1
3908 4711 1
115 4798 1
6278 705 1
6228 2690 1
2845 2008 1
3630 401 1
1290 1474 1
3013 5053 1
4238 299 1
4142 1785 1
5032 3777 1
521 553 1
521 709 1
521 2764 1
521 1142 1
521 4577 1
521 4038 1
521 768 1
521 4790 1
4566 6244 1
1154 1916 1
6280 3830 1
3362 6636 1
5809 5366 1
4342 534 1
5511 3388 1
5511 3253 1
6057 2987 1
6057 2813 1
6057 295 1
6057 5574 1
6057 5558 1
6057 1232 1
6057 3261 1
6057 5455 1
6057 3404 1
6057 6315 1
4209 6172 1
4209 5021 1
437 1484 1
361 1561 1
5679 2050 1
5679 2701 1
5679 2887 1
5679 4672 1
5679 2512 1
5679 1566 1
5679 3973 1
6348 3129 1
6348 1224 1
6348 2980 1
6348 3007 1
428 2888 1
4643 2935 1
2843 2545 1
2100 1059 1
2391 5608 1
2391 3352 1
2995 3634 1
2995 6360 1
6182 4050 1
738 802 1
2305 996 1
2159 1223 1
5186 789 1
5246 2287 1
4234 2771 1
4234 2620 1
4234 4089 1
4234 1030 1
4234 5527 1
4613 6030 1
2246 4918 1
4230 1164 1
1211 4530 1
5583 5014 1
5583 2058 1
967 1175 1
3997 5767 1
3997 4129 1
4430 3061 1
4430 4274 1
5310 1575 1
1861 1815 1
1148 2023 1
4807 2163 1
4807 4377 1
4807 4437 1
4807 2321 1
4807 1759 1
2810 2155 1
2810 2389 1
2810 1354 1
2810 2694 1
2810 2818 1
2810 5047 1
5715 335 1
5715 6350 1
5715 2149 1
5715 6356 1
5715 1367 1
5715 2898 1
5715 2520 1
5715 4029 1
5715 3767 1
5715 4090 1
5715 702 1
5715 2961 1
5715 5401 1
5715 5256 1
5715 3156 1
3622 2017 1
3622 1071 1
3622 4173 1
3622 6225 1
3622 4617 1
3622 6616 1
3622 5712 1
394 5734 1
394 3414 1
394 2174 1
6072 347 1
6072 3225 1
6072 3196 1
6072 3786 1
6072 5403 1
6072 4923 1
6072 1599 1
6072 4176 1
6072 875 1
6072 2237 1
6072 2779 1
6072 3566 1
35 6557 1
1750 1766 1
6460 261 1
6460 5342 1
6460 5942 1
6460 747 1
6460 5231 1
688 1135 1
1814 831 1
1814 3465 1
1814 4304 1
5986 901 1
5986 6546 1
1146 4269 1
5228 4190 1
5228 1996 1
3080 19 1
3355 1315 1
1128 3222 1
663 5658 1
1185 47 1
118 5263 1
118 6204 1
991 1325 1
991 4818 1
991 2392 1
991 2399 1
991 1410 1
991 4504 1
991 4103 1
5178 5143 1
5178 1676 1
5178 4108 1
5178 2366 1
5644 4321 1
5644 4864 1
5644 25 1
2833 3208 1
2833 204 1
2833 3001 1
2833 1449 1
2833 5195 1
2833 1888 1
2833 195 1
2833 883 1
2833 838 1
2833 277 1
2833 6188 1
2833 3266 1
2833 1308 1
3832 5771 1
3832 1044 1
3832 6044 1
3832 6383 1
3832 5056 1
3832 5607 1
2419 1738 1
2419 3565 1
2419 327 1
2419 4180 1
2419 112 1
4706 3267 1
4851 4409 1
670 2757 1
2041 4382 1
1855 2280 1
1855 1083 1
1855 2218 1
1855 5382 1
1855 4829 1
1822 84 1
5960 618 1
2813 3358 1
2813 1619 1
2813 5264 1
2813 1305 1
2813 4364 1
2813 2129 1
2929 6540 1
2929 6447 1
579 2338 1
579 6492 1
579 3025 1
579 4497 1
579 4074 1
579 1125 1
579 4337 1
579 2516 1
4063 3629 1
1699 1826 1
5317 4729 1
5317 2628 1
5317 354 1
5317 4262 1
6017 6626 1
6017 2853 1
6017 5351 1
6017 6028 1
5738 5745 1
2065 5730 1
2065 4925 1
2065 1840 1
3779 1701 1
6210 5956 1
367 3117 1
1741 6125 1
398 744 1
398 3063 1
1875 5852 1
2514 2708 1
2514 448 1
1455 3985 1
5105 4357 1
5105 4139 1
5105 645 1
5105 1422 1
5105 4113 1
5105 1852 1
4679 3329 1
4679 4242 1
4679 679 1
4679 877 1
4679 6166 1
4679 5449 1
3593 5874 1
3593 208 1
5473 10 1
5473 3635 1
5473 3587 1
6324 53 1
592 282 1
3307 121 1
2555 2859 1
3631 3635 1
6201 331 1
6201 3322 1
846 735 1
2350 4464 1
2350 2422 1
2350 6202 1
2350 4868 1
3002 1486 1
6476 5682 1
6476 5570 1
6476 1491 1
5234 5039 1
3959 4475 1
3162 439 1
3890 3823 1
3890 969 1
3890 484 1
2482 5420 1
713 169 1
6565 5196 1
6565 526 1
6565 1646 1
951 399 1
3805 550 1
1667 1082 1
1667 501 1
1667 4397 1
1667 6245 1
1667 5535 1
1667 2983 1
1667 5283 1
400 6455 1
3611 1334 1
255 6620 1
3134 5154 1
3134 1740 1
3134 322 1
3134 6320 1
3134 4969 1
3134 5988 1
3134 5500 1
3134 3775 1
5206 2702 1
1372 857 1
1343 2886 1
1343 199 1
1343 6608 1
2699 1205 1
2699 362 1
3511 4927 1
3511 1246 1
4551 1508 1
4693 4943 1
4445 6003 1
867 1078 1
867 5268 1
5027 27 1
5027 5619 1
5027 6480 1
5027 5580 1
5027 3912 1
5027 4231 1
5027 5458 1
5027 5392 1
5027 5821 1
5027 4542 1
5027 4013 1
5027 5439 1
5027 3807 1
6183 700 1
6061 2605 1
6061 1657 1
6061 1587 1
6061 320 1
6061 947 1
6061 3819 1
6061 3567 1
6061 481 1
6061 2015 1
6061 1206 1
6061 1293 1
6061 4027 1
6061 2784 1
6061 4198 1
6061 4764 1
6061 30 1
6061 6330 1
6061 4723 1
6061 6100 1
6061 3728 1
6061 4560 1
6031 2949 1
4003 2787 1
3070 5457 1
3451 4343 1
3680 2019 1
3680 3798 1
3680 1494 1
3680 3614 1
3680 5903 1
3680 3965 1
5036 36 1
2038 2957 1
3004 5947 1
3004 2101 1
3004 3850 1
3004 3155 1
3004 3857 1
3004 3012 1
3004 603 1
3004 5577 1
5034 2257 1
4367 4119 1
2308 6064 1
2308 4761 1
2308 4600 1
2308 5575 1
2308 1100 1
2308 1907 1
2308 549 1
2308 1319 1
1416 5622 1
1012 5972 1
3429 5414 1
3429 289 1
3429 2268 1
3429 1623 1
3429 2303 1
3429 466 1
3537 3636 1
2226 1062 1
2643 2540 1
2643 884 1
2643 5894 1
2643 4913 1
2643 5839 1
2643 656 1
2643 4211 1
6266 6077 1
2083 4398 1
1775 5142 1
1773 5640 1
3734 3524 1
3734 2942 1
415 5567 1
1169 3749 1
4556 194 1
1883 5644 1
2386 6404 1
3847 5763 1
3781 5987 1
1745 3286 1
2893 638 1
126 463 1
126 1719 1
126 2852 1
317 224 1
2561 878 1
5855 2926 1
300 2659 1
3640 1821 1
4487 1926 1
5274 4054 1
1515 4319 1
4945 5133 1
4945 2642 1
4945 2126 1
4945 4195 1
5501 4512 1
5501 1751 1
960 283 1
3558 2685 1
3558 2901 1
5508 6303 1
3245 4212 1
3245 819 1
5451 4447 1
786 311 1
1406 2014 1
567 6437 1
567 4315 1
567 3824 1
567 2462 1
5677 5633 1
5677 6052 1
5677 1270 1
5677 1547 1
5677 206 1
5677 5304 1
5677 124 1
5974 490 1
3149 5228 1
2863 1971 1
6326 4175 1
6091 436 1
3022 4403 1
3060 1690 1
5134 3341 1
3726 3719 1
379 438 1
2808 2123 1
4852 506 1
4852 6289 1
2937 587 1
125 5096 1
2679 1720 1
2679 1620 1
1387 893 1
2720 2073 1
2574 4381 1
2574 4200 1
2574 3814 1
2574 1050 1
2574 4796 1
2876 687 1
2876 375 1
2876 12 1
1348 3879 1
1348 2630 1
1348 5270 1
3969 3152 1
465 4168 1
465 4115 1
373 1008 1
373 5432 1
373 3686 1
3471 2115 1
3471 5434 1
5412 3004 1
458 2777 1
458 2539 1
458 1687 1
458 6369 1
458 5777 1
458 3424 1
458 6034 1
458 6435 1
458 707 1
2646 4888 1
3239 821 1
5202 1545 1
4981 3778 1
4981 1340 1
4981 2697 1
4981 2649 1
4981 1833 1
4981 6503 1
4981 5840 1
4981 957 1
4981 6185 1
4981 2385 1
485 419 1
485 5062 1
6187 3783 1
6187 1075 1
1808 4111 1
1808 1693 1
4749 1936 1
4749 137 1
2711 3951 1
6401 1122 1
6401 3489 1
6479 3067 1
3130 2003 1
2064 5132 1
2064 3821 1
2064 356 1
2064 850 1
2064 5041 1
2064 4690 1
2064 1809 1
2064 1331 1
2064 2324 1
2064 1187 1
2064 590 1
4599 6625 1
3135 2967 1
3135 4898 1
1816 6112 1
1816 2039 1
1816 4910 1
1816 4631 1
1816 1549 1
1816 5025 1
1816 3831 1
1816 1453 1
1816 6234 1
1816 3009 1
1816 1688 1
1816 3214 1
1816 6083 1
1816 1951 1
1816 3344 1
1816 4456 1
1816 3158 1
1816 6552 1
5035 597 1
5143 6274 1
5143 91 1
5143 1523 1
5143 1736 1
5143 4428 1
5143 6445 1
5143 4450 1
5143 4059 1
5143 6417 1
5143 5914 1
6219 3459 1
59 1612 1
1371 3474 1
1371 4015 1
4463 794 1
4463 154 1
4463 4351 1
4463 988 1
4463 2346 1
4463 5744 1
4463 3769 1
4463 513 1
2265 3935 1
1831 5726 1
1831 433 1
2632 6426 1
2632 1655 1
2632 6071 1
2632 6080 1
4731 6181 1
17 4966 1
1104 4942 1
5626 6431 1
5353 5891 1
5353 2917 1
5353 5368 1
861 4891 1
861 5703 1
861 2726 1
2441 469 1
2959 5183 1
576 4465 1
631 5596 1
631 41 1
631 2341 1
631 1820 1
631 545 1
5868 5626 1
5868 4845 1
5868 1210 1
5868 1080 1
5868 6521 1
5868 1092 1
5868 2040 1
5868 4330 1
5868 5388 1
5868 981 1
5868 1892 1
2043 577 1
3869 2705 1
714 929 1
1876 1592 1
6143 3172 1
6143 1812 1
5025 1145 1
4917 5280 1
4917 168 1
4917 2437 1
2747 1893 1
6073 963 1
6073 972 1
6073 6317 1
6073 5084 1
6073 1615 1
6073 6191 1
6073 6236 1
6073 34 1
6073 2940 1
6073 6446 1
3746 4520 1
3250 4933 1
3250 2124 1
3250 6442 1
3250 3581 1
3250 5181 1
3250 6504 1
3250 3478 1
3192 3460 1
3192 1653 1
3192 3191 1
3192 1158 1
1823 3689 1
694 6046 1
2314 5152 1
230 522 1
230 1286 1
3487 6058 1
5040 5369 1
4778 4407 1
6089 2888 1
1103 2706 1
634 479 1
3153 4235 1
5048 1068 1
3738 3961 1
5463 3170 1
5463 232 1
5463 2563 1
5300 440 1
3520 6564 1
3520 4443 1
3520 3483 1
4154 4762 1
6335 4699 1
6335 3569 1
810 3816 1
249 1438 1
6355 3005 1
615 3586 1
5450 5179 1
2938 3406 1
4296 828 1
4296 6137 1
4296 3046 1
4296 6405 1
4296 2407 1
6484 6040 1
3934 654 1
3934 3463 1
6132 5881 1
4919 941 1
4919 4156 1
4919 680 1
6206 6173 1
6206 706 1
3293 528 1
3216 4333 1
4720 3246 1
4122 3481 1
4122 1042 1
3260 657 1
1983 4328 1
3137 4960 1
4979 418 1
4979 2291 1
4979 5774 1
4788 5592 1
6622 2772 1
613 3817 1
613 627 1
888 3066 1
888 531 1
5850 209 1
3563 1437 1
6595 2070 1
4885 6472 1
2614 2591 1
2614 4132 1
1134 1463 1
6133 1872 1
6133 4991 1
6133 6101 1
6133 5121 1
6133 4704 1
6133 5882 1
3008 6187 1
3008 6569 1
5670 3380 1
5670 2153 1
5729 5243 1
5886 6573 1
2239 511 1
5435 742 1
4726 5289 1
4726 5097 1
4726 2323 1
3878 4582 1
2645 4112 1
2645 4830 1
2890 882 1
5158 2188 1
2211 6208 1
3454 2855 1
3454 5241 1
3454 494 1
3454 2235 1
3201 1285 1
3201 664 1
2800 247 1
360 889 1
360 4300 1
360 6471 1
360 4184 1
5123 3990 1
5123 2530 1
1363 593 1
1363 175 1
1095 1094 1
4402 3960 1
4408 3582 1
4408 1675 1
3502 2639 1
3502 1249 1
3502 4656 1
3502 2134 1
3502 6239 1
3502 2024 1
3502 69 1
5004 1633 1
1980 2936 1
1980 2790 1
1980 5669 1
1980 1384 1
1980 4633 1
1980 2988 1
5088 3670 1
1358 3638 1
1358 18 1
4853 5719 1
5399 6621 1
5286 773 1
5999 3923 1
4220 1448 1
4220 2248 1
1109 3416 1
4735 6425 1
1652 612 1
469 250 1
469 4148 1
4589 3720 1
5959 801 1
5443 2744 1
4592 5044 1
6338 2958 1
3323 521 1
3323 5120 1
3323 881 1
6036 5996 1
843 161 1
4920 5049 1
4641 3405 1
4641 717 1
2148 4884 1
5124 792 1
5124 402 1
5124 3551 1
5124 3898 1
5124 6418 1
5124 6021 1
5124 2603 1
5124 5029 1
5124 4654 1
5124 5322 1
5124 1760 1
5124 3420 1
5125 5613 1
5125 6631 1
5125 3589 1
5125 2276 1
5125 186 1
5125 4502 1
5125 3219 1
5125 2028 1
5125 956 1
5125 5722 1
5125 6039 1
5125 5892 1
5125 6422 1
5125 1507 1
5125 1732 1
5125 4004 1
5125 630 1
5125 5720 1
5125 3072 1
5125 3544 1
5125 3268 1
6023 6454 1
4225 1934 1
4225 2057 1
1025 3559 1
4533 3964 1
6470 2423 1
1918 2985 1
4736 3333 1
4736 581 1
4736 2864 1
4736 2522 1
2192 2769 1
1749 3382 1
1749 5240 1
1749 430 1
1749 6337 1
2838 5728 1
3649 3244 1
1007 5830 1
2739 3241 1
2739 3673 1
2739 1173 1
4488 2085 1
4056 1950 1
4056 1490 1
4056 1368 1
4056 4123 1
4056 56 1
4056 5735 1
244 6539 1
244 5176 1
5276 6527 1
1709 5762 1
1709 1550 1
1043 5486 1
1467 4982 1
3140 2315 1
6345 3532 1
2636 4897 1
2636 2675 1
4648 5013 1
2277 1764 1
4040 1942 1
4040 6273 1
4040 2544 1
4040 6381 1
4040 4463 1
4040 6485 1
4040 2592 1
4040 129 1
4040 4433 1
4040 1889 1
4040 6533 1
4040 6304 1
4040 5074 1
4040 982 1
4040 2401 1
4040 1536 1
4040 2282 1
4040 2230 1
4040 215 1
4040 2902 1
4040 6106 1
4040 3291 1
4886 4976 1
4573 978 1
1908 6238 1
1908 6118 1
1908 1275 1
1908 2829 1
1248 3859 1
5704 749 1
1726 100 1
4385 3535 1
4385 6441 1
2214 2704 1
2214 2627 1
2214 1002 1
5480 6541 1
5480 6439 1
5480 4929 1
5480 1221 1
5480 6175 1
5480 1056 1
5480 5611 1
5480 4218 1
5480 5149 1
5480 914 1
5480 6099 1
5480 4585 1
5480 2322 1
1895 1943 1
3182 2933 1
3182 2583 1
3182 3415 1
3182 1459 1
3182 2632 1
3182 6343 1
3182 3774 1
3182 2766 1
3182 4947 1
3182 3841 1
3182 6319 1
3182 1504 1
3182 4940 1
3182 5950 1
3182 6624 1
3182 3353 1
3182 6363 1
3182 5391 1
3182 5515 1
3182 1120 1
3182 5687 1
4781 3010 1
616 1993 1
4228 5517 1
4228 5452 1
4228 5934 1
4228 5991 1
4228 5593 1
4228 619 1
4228 4988 1
4228 4840 1
4228 4695 1
4228 3234 1
4228 1716 1
1856 4056 1
4842 6627 1
6284 4167 1
6066 5823 1
611 5949 1
5775 6183 1
5628 5540 1
830 3556 1
5258 3037 1
5258 3743 1
5258 2863 1
5258 4921 1
5258 4411 1
5258 3827 1
5258 6198 1
5258 3911 1
5258 5370 1
5258 3834 1
5258 3104 1
4529 1937 1
3729 5646 1
5260 4837 1
5260 90 1
454 6164 1
976 1847 1
2551 3373 1
5318 991 1
3091 566 1
935 6232 1
4188 5833 1
228 2873 1
4678 561 1
3666 4605 1
3666 4466 1
3666 5751 1
4546 2879 1
4450 4791 1
3496 865 1
2342 137 1
5792 1808 1
5792 3701 1
5792 3020 1
5792 1279 1
129 6424 1
129 3330 1
2315 5098 1
2315 6635 1
2315 5400 1
4992 5602 1
6157 2558 1
6157 598 1
6157 4591 1
6157 6410 1
6157 2532 1
6157 3963 1
6157 3919 1
6157 1869 1
6157 3393 1
240 2815 1
6130 6141 1
6366 6346 1
6366 3574 1
6366 262 1
6366 5407 1
6366 4322 1
6366 6217 1
6366 1443 1
6366 1679 1
6366 1040 1
2121 2650 1
4434 1827 1
4434 97 1
4754 140 1
646 2125 1
5337 5089 1
5337 4241 1
5337 5546 1
5337 3688 1
5337 3598 1
5337 1427 1
5337 371 1
4064 2090 1
4821 2031 1
4821 2899 1
4801 3989 1
4801 1589 1
4801 2150 1
859 5873 1
3227 1570 1
5680 537 1
6420 6200 1
4946 931 1
6439 600 1
6015 5590 1
4716 3605 1
4716 2735 1
4716 2371 1
4716 6571 1
4716 2564 1
4716 3955 1
4716 3346 1
4716 1073 1
4716 3698 1
4716 3554 1
4716 5526 1
4716 2797 1
4716 2915 1
4716 4994 1
4716 4323 1
4716 6264 1
5175 5519 1
5175 2084 1
392 5768 1
392 2340 1
103 1767 1
3843 2332 1
516 1937 1
54 1879 1
54 2578 1
54 6001 1
3915 2973 1
3915 1088 1
3915 408 1
1695 840 1
1815 4611 1
1815 764 1
1815 5080 1
1815 1143 1
1815 1435 1
2975 3069 1
2975 1589 1
4789 655 1
4789 2753 1
4448 4412 1
4448 4652 1
4448 2930 1
6225 6150 1
6225 4847 1
6225 925 1
6225 636 1
6225 2284 1
1565 1450 1
6128 4320 1
1066 6062 1
720 3655 1
5597 5733 1
1619 6243 1
1619 1773 1
1619 409 1
1619 1920 1
1619 6157 1
1619 4462 1
1619 6323 1
1619 1616 1
1619 2736 1
1619 2085 1
1619 6213 1
389 5358 1
2946 4743 1
2259 5341 1
945 3471 1
945 3139 1
945 123 1
1418 6298 1
4623 1170 1
4623 6145 1
4623 1017 1
4623 5872 1
591 4185 1
591 251 1
6512 6227 1
4955 4345 1
4955 1987 1
4955 3422 1
4955 4677 1
4955 94 1
4955 823 1
5699 594 1
5699 1218 1
3177 5889 1
3177 4680 1
2089 5068 1
4957 6432 1
2730 2581 1
3055 5445 1
2668 806 1
2668 1931 1
2668 6475 1
2668 2518 1
4258 3326 1
4258 246 1
1904 1454 1
4109 557 1
3873 4289 1
933 2164 1
933 1136 1
1633 4490 1
1633 4222 1
2365 1663 1
364 377 1
2377 3220 1
4031 765 1
1596 574 1
1796 5028 1
1796 238 1
3861 4294 1
782 2006 1
782 890 1
782 330 1
782 758 1
782 397 1
782 5128 1
782 6328 1
782 1276 1
1475 5825 1
239 306 1
239 2138 1
239 5661 1
239 1418 1
239 4628 1
239 6598 1
239 3507 1
239 4779 1
239 6392 1
239 2063 1
239 2110 1
4419 1685 1
1401 2759 1
6554 3732 1
6554 4071 1
6554 6254 1
1399 2693 1
460 556 1
460 3469 1
1373 5530 1
1373 5235 1
1373 75 1
1373 2267 1
2213 2106 1
2687 2825 1
2714 662 1
3427 3371 1
269 155 1
4739 3539 1
5909 1956 1
5909 4961 1
3081 3039 1
3081 3179 1
3306 5801 1
1031 5601 1
1031 2824 1
1887 307 1
1887 5562 1
1887 4759 1
2225 3656 1
4498 2910 1
1106 3542 1
5359 6122 1
5319 1111 1
5319 3182 1
5319 3915 1
5319 1786 1
5319 1669 1
5319 3490 1
5319 2733 1
5319 4482 1
5319 673 1
5319 5201 1
5319 2781 1
5319 1698 1
2593 5498 1
2593 5441 1
4387 1797 1
4387 128 1
2612 2 1
6161 217 1
5794 6189 1
4302 3877 1
4302 2982 1
4563 1188 1
2371 2585 1
24 6516 1
2492 6544 1
5728 4196 1
5131 5172 1
5131 3715 1
3964 447 1
3964 3363 1
3964 3238 1
1584 5129 1
3707 5533 1
3707 1986 1
6177 4273 1
5481 3504 1
2296 2375 1
2296 926 1
2296 6247 1
2745 3447 1
966 2638 1
966 4471 1
966 296 1
966 4900 1
4870 4461 1
4870 5785 1
614 2979 1
614 1131 1
614 5187 1
614 3787 1
614 5812 1
685 1939 1
685 122 1
1567 1961 1
1567 2715 1
6477 6121 1
3154 3315 1
3114 5884 1
4378 2204 1
4378 1798 1
4378 425 1
4378 2433 1
4378 6481 1
4378 3094 1
4378 6076 1
4378 2947 1
4378 800 1
4378 5136 1
620 2554 1
3653 823 1
703 6 1
1718 2969 1
6199 2461 1
6199 1802 1
6199 5585 1
1013 4938 1
1013 5565 1
1577 2596 1
4247 1777 1
1540 459 1
1540 6201 1
1540 4854 1
1540 6462 1
1540 5265 1
1540 3093 1
1540 212 1
6011 4957 1
6011 2490 1
3864 5111 1
3440 2048 1
4911 6610 1
5173 4858 1
6297 5928 1
6297 3882 1
6297 2485 1
6297 1605 1
6297 120 1
6297 4133 1
2158 164 1
6321 3568 1
152 2426 1
2004 5258 1
2580 4642 1
1113 3802 1
1947 5340 1
1947 2686 1
1947 3113 1
1947 1953 1
1947 2425 1
2820 3184 1
2683 818 1
2683 4965 1
2683 5568 1
2683 3125 1
2683 5232 1
2683 117 1
2683 6347 1
2683 788 1
1686 4140 1
1686 2723 1
5696 4858 1
3528 870 1
180 2478 1
180 665 1
180 2582 1
180 3083 1
180 4087 1
180 5091 1
2045 457 1
6095 3217 1
4572 906 1
4572 3633 1
4572 2513 1
4572 1026 1
4572 2785 1
4572 3277 1
4572 2590 1
4572 6322 1
4572 3166 1
4572 1489 1
4572 3252 1
4572 6448 1
4572 4509 1
4572 5890 1
4572 3457 1
4572 4030 1
4572 227 1
6300 378 1
6300 1595 1
612 1156 1
612 853 1
880 5552 1
2734 5315 1
1514 3165 1
3745 2261 1
3745 1496 1
3745 6318 1
3745 3433 1
2529 2334 1
4436 5312 1
6339 1537 1
4446 4916 1
4446 2507 1
4446 5335 1
1404 2419 1
1404 3411 1
1404 4975 1
1404 1830 1
1404 4155 1
2062 1220 1
2062 105 1
6437 5139 1
6437 5739 1
6437 4259 1
6437 5031 1
6437 533 1
6437 4067 1
6437 4586 1
6437 5783 1
1139 3168 1
1139 6508 1
1139 1838 1
1108 2976 1
1108 1784 1
1108 1674 1
1130 2210 1
3401 2193 1
3482 2530 1
6332 940 1
3616 974 1
3103 5065 1
3103 1723 1
609 3108 1
1464 4138 1
3724 4172 1
1844 2760 1
5379 784 1
5379 2850 1
5090 1517 1
2373 1348 1
1137 1740 1
104 6502 1
842 3338 1
3917 3845 1
4554 5058 1
4554 4543 1
4554 4081 1
5716 6169 1
6083 4283 1
6083 1398 1
6083 1974 1
6083 1127 1
6083 1632 1
6083 3403 1
6083 3203 1
6083 456 1
6083 3947 1
2839 4741 1
3282 5110 1
2509 692 1
2509 1004 1
1196 1620 1
1196 2607 1
1196 4820 1
1196 5329 1
1196 1742 1
1196 4277 1
1196 2313 1
1196 4666 1
1004 4270 1
1004 1727 1
678 2920 1
678 902 1
5456 4658 1
5784 2417 1
6464 1471 1
6464 5802 1
6464 1356 1
837 1944 1
6604 1278 1
1772 6632 1
3541 6509 1
5015 5782 1
3787 6582 1
5083 4552 1
6200 3991 1
6200 5576 1
6200 4810 1
6200 2751 1
3706 4102 1
3780 3121 1
3224 139 1
3224 3927 1
3224 5572 1
3224 1351 1
3224 2091 1
3224 3727 1
3224 298 1
3224 5030 1
4014 113 1
4014 580 1
2120 2067 1
5252 5714 1
6379 2809 1
1562 3716 1
1562 4055 1
635 3916 1
4201 1954 1
4201 822 1
4201 3294 1
4201 4314 1
178 1310 1
178 162 1
178 1087 1
178 1520 1
178 3237 1
178 3302 1
178 3648 1
178 1647 1
178 5469 1
178 3755 1
178 4887 1
178 5569 1
178 4094 1
178 6205 1
178 799 1
4626 1146 1
4626 2747 1
4626 6307 1
4626 2703 1
4626 936 1
4626 2472 1
6109 3533 1
6412 5820 1
4126 6507 1
1763 2033 1
2046 6397 1
5684 1033 1
5684 3700 1
5684 5266 1
952 5643 1
1405 6606 1
3757 5284 1
4451 5995 1
4451 2018 1
1865 5940 1
2924 5985 1
2177 2763 1
4108 5665 1
1986 5847 1
1471 2836 1
1471 4816 1
1471 3288 1
1471 4597 1
1471 2337 1
1471 885 1
1471 677 1
1471 845 1
1471 737 1
1471 4751 1
1471 6465 1
1471 686 1
1471 3608 1
1471 3016 1
1471 1063 1
1471 2510 1
1471 3318 1
1471 6352 1
1471 177 1
1471 4902 1
1471 1597 1
1471 4107 1
1471 5343 1
1471 3984 1
1471 3886 1
1471 4993 1
1471 3913 1
1471 1414 1
1471 3691 1
1471 6473 1
1471 6633 1
1471 5769 1
1471 3006 1
1471 5971 1
898 1578 1
5118 4783 1
6027 5885 1
4393 6398 1
4393 315 1
4393 220 1
4393 743 1
3531 3160 1
3531 1288 1
3531 406 1
3531 452 1
3531 5390 1
5061 2588 1
2904 5547 1
3629 474 1
3629 2707 1
3629 3591 1
1283 4763 1
1283 839 1
1283 5506 1
1283 2402 1
1283 750 1
1283 1962 1
207 6203 1
207 5787 1
207 6148 1
207 5916 1
207 2416 1
207 4478 1
207 968 1
3059 55 1
3059 2801 1
4150 5993 1
4058 3495 1
4399 2360 1
4454 4281 1
3342 3962 1
5321 2463 1
5321 5895 1
2025 2127 1
3517 2913 1
3517 2256 1
3517 5226 1
3517 4934 1
3517 3534 1
3517 3033 1
3517 6406 1
3517 3958 1
1790 3731 1
2366 6037 1
4048 6411 1
649 2128 1
649 1929 1
649 4700 1
649 2799 1
5199 3903 1
1151 3168 1
6068 2228 1
2564 5184 1
2564 6063 1
2564 2527 1
2564 5454 1
2564 495 1
5385 2613 1
4999 4721 1
4999 1819 1
5190 4011 1
4492 3256 1
4843 928 1
2130 348 1
4371 5879 1
4371 1664 1
4371 2595 1
1046 4 1
1046 2717 1
4698 4291 1
4698 5718 1
5932 1428 1
6008 4894 1
6008 3940 1
6008 1225 1
6008 1660 1
6008 1440 1
6008 2145 1
6008 1673 1
6008 4977 1
6008 705 1
6008 3019 1
6008 2378 1
2672 4713 1
6421 6224 1
6421 2358 1
6421 22 1
6421 2449 1
6421 2897 1
6421 5612 1
6421 5069 1
6421 3893 1
5127 1925 1
5127 3543 1
5127 3390 1
5127 1193 1
5127 1970 1
5127 6614 1
2822 4635 1
2822 5261 1
1824 6103 1
1824 3396 1
6515 442 1
2815 241 1
2815 3620 1
2815 3804 1
2815 2606 1
2815 2220 1
5966 2173 1
3904 1324 1
4217 997 1
4217 3368 1
3350 3663 1
2615 1640 1
5528 964 1
2969 1386 1
2969 3736 1
2969 6553 1
2969 5018 1
2969 3945 1
2969 3838 1
2969 5216 1
2969 5635 1
4396 1778 1
2139 2443 1
2139 5721 1
2139 3829 1
2139 5487 1
2139 5099 1
2139 6334 1
2139 1924 1
2139 2765 1
2139 3713 1
2139 3555 1
2139 3550 1
2139 2079 1
2139 3088 1
2139 4795 1
2139 2500 1
2665 5625 1
2665 3741 1
470 2941 1
5634 2743 1
5634 3347 1
6158 3546 1
6158 1335 1
4890 2275 1
4890 5222 1
6141 13 1
6141 486 1
6141 4410 1
6141 5551 1
1930 774 1
5447 4267 1
5447 1302 1
5447 904 1
5447 3124 1
5447 6357 1
5447 4005 1
5447 1774 1
5447 4350 1
793 6075 1
793 1167 1
770 3623 1
770 2412 1
1671 5533 1
3258 3492 1
3258 4224 1
3258 6184 1
3258 2970 1
3258 710 1
3258 3173 1
3258 2430 1
3258 2525 1
3704 3900 1
1786 5350 1
1786 1297 1
1786 1609 1
1786 3464 1
1786 4335 1
1786 762 1
1786 6167 1
1786 5683 1
1786 5789 1
1786 5075 1
1786 2118 1
1786 1364 1
4213 1855 1
4213 1989 1
4213 1668 1
4213 5677 1
4213 4468 1
4213 4099 1
4213 2687 1
4213 2600 1
4213 4937 1
4213 3432 1
4213 5147 1
4213 3473 1
4213 1684 1
4213 6126 1
4213 4523 1
4213 5071 1
5578 2205 1
5578 4595 1
1762 2098 1
2872 808 1
6497 4800 1
4859 2251 1
3159 2434 1
1375 6506 1
4836 5746 1
2369 835 1
4840 3127 1
4840 6589 1
4840 3043 1
4840 4746 1
4840 4052 1
4840 1269 1
4840 32 1
4840 507 1
4840 2835 1
4840 2320 1
4840 3803 1
4840 6240 1
4840 4153 1
339 568 1
2056 1266 1
2078 4406 1
2078 4676 1
140 3101 1
140 3744 1
5251 3822 1
647 6591 1
5859 1910 1
6246 559 1
4681 4271 1
1205 1383 1
1205 1468 1
1205 3263 1
1205 4340 1
1205 6163 1
1554 189 1
6295 4006 1
2729 3794 1
3627 3458 1
3988 3161 1
5765 1713 1
5765 1294 1
4356 5658 1
5491 3060 1
3085 4444 1
675 5773 1
675 3974 1
675 1658 1
4315 1387 1
4315 671 1
4315 896 1
4315 3602 1
4315 2831 1
6429 1321 1
4120 3924 1
4822 5339 1
4822 3635 1
1666 690 1
5460 643 1
5460 3585 1
2102 1242 1
1841 3437 1
1841 5742 1
2738 216 1
2738 3095 1
6296 3515 1
6013 1174 1
5952 1885 1
3667 809 1
334 4636 1
334 3270 1
5906 1717 1
5906 3942 1
5490 2827 1
4532 2963 1
4439 2923 1
3645 6007 1
3645 1604 1
4084 4472 1
4375 5698 1
6535 1857 1
6535 2022 1
6535 4581 1
6535 1018 1
6535 3674 1
6535 5341 1
6535 623 1
6535 2382 1
6535 293 1
6535 1743 1
6535 200 1
6535 6216 1
6535 3375 1
6535 1753 1
6535 4334 1
6535 1227 1
6535 346 1
6535 772 1
6535 1273 1
6535 6514 1
6535 1779 1
6535 921 1
4505 5378 1
5989 4903 1
5989 5003 1
5989 4521 1
5989 1691 1
5989 1411 1
1601 2550 1
1601 2503 1
2208 78 1
2208 642 1
2208 3594 1
2208 1979 1
2208 6349 1
2208 5102 1
2208 3557 1
2760 5877 1
5543 3287 1
3715 6559 1
2057 5659 1
2057 147 1
2057 812 1
2057 817 1
6004 4953 1
1060 3089 1
955 5961 1
2009 183 1
6096 172 1
6096 6558 1
6092 2692 1
1032 2104 1
80 1518 1
5237 6530 1
5237 5919 1
5237 5153 1
5237 4974 1
5237 2250 1
3682 5480 1
3682 3011 1
6606 6283 1
6606 3361 1
6606 2918 1
6606 4312 1
2644 3325 1
3121 5672 1
3121 1579 1
3121 4404 1
3121 2911 1
3121 6293 1
3121 2253 1
2795 3150 1
2795 6048 1
322 1800 1
5113 2317 1
196 3181 1
1638 1046 1
1638 5209 1
1638 4772 1
736 2521 1
6135 3725 1
6135 1921 1
4467 2455 1
3395 1307 1
3395 4817 1
3395 4324 1
3395 1976 1
3395 905 1
3395 2376 1
3395 1922 1
3395 3863 1
3395 3133 1
3395 2778 1
3395 3820 1
3395 6380 1
3395 1238 1
3395 1977 1
4752 5865 1
2361 3635 1
2826 3895 1
2826 4681 1
4688 4785 1
4688 4838 1
5685 4881 1
4032 1252 1
498 6176 1
777 3229 1
777 6258 1
777 6593 1
3676 4576 1
3676 5976 1
3676 5282 1
3676 1066 1
3676 6341 1
3676 3198 1
3676 179 1
3676 5759 1
3676 3992 1
3676 5860 1
3676 2349 1
1194 4457 1
1194 505 1
1194 3750 1
1194 1581 1
5556 5990 1
5556 4766 1
5556 2440 1
5556 1521 1
5556 95 1
5556 5402 1
5556 3592 1
5556 1020 1
5556 1355 1
4812 87 1
6307 1747 1
6307 3739 1
6307 4724 1
5070 3014 1
1287 6570 1
2272 4539 1
1203 2531 1
4740 808 1
669 229 1
5982 3233 1
5982 6427 1
6487 5195 1
6487 4673 1
301 515 1
2035 4481 1
2035 3529 1
2035 4948 1
5055 5904 1
3588 4579 1
1237 1096 1
151 3653 1
5911 1093 1
4353 910 1
4353 6111 1
4353 1959 1
4353 4258 1
4353 795 1
4353 363 1
4353 4968 1
4353 4327 1
4353 5691 1
4353 5898 1
2368 3292 1
3383 1441 1
3383 5066 1
3383 4905 1
3383 1539 1
3383 6260 1
3383 131 1
987 5968 1
987 2377 1
6154 2076 1
3650 3418 1
2832 106 1
2740 1034 1
1988 5101 1
4880 2517 1
4880 3324 1
278 5447 1
5525 3475 1
4344 2984 1
4344 4104 1
5805 1038 1
2849 5518 1
3157 3887 1
3157 2307 1
5081 5010 1
4243 5211 1
4841 5138 1
4841 1542 1
4841 554 1
4841 5692 1
4841 2044 1
4841 805 1
6588 3747 1
6588 5054 1
4819 3377 1
4819 5188 1
2865 3603 1
5397 756 1
2633 3257 1
4871 1272 1
4871 1639 1
4871 5997 1
4871 2311 1
4066 5463 1
4066 5411 1
4066 4806 1
3899 3526 1
321 2727 1
6259 3702 1
6259 1079 1
4768 4571 1
4768 6005 1
4768 3383 1
4768 5326 1
4768 5835 1
4768 3349 1
4768 1214 1
4768 5167 1
3632 1901 1
984 1560 1
4715 4127 1
4715 2640 1
396 5652 1
2621 2469 1
3390 2553 1
1055 868 1
1055 909 1
2363 6147 1
2363 3825 1
2447 4709 1
2447 6519 1
3388 1304 1
4958 6384 1
6386 3169 1
1070 2997 1
3634 2391 1
3634 5007 1
3634 3944 1
3634 5838 1
3634 3366 1
3634 5461 1
3634 4442 1
3634 1370 1
3634 2119 1
3634 3209 1
3634 3530 1
3634 5387 1
3634 4391 1
3634 3848 1
3634 1110 1
4191 6563 1
1919 2614 1
1919 4730 1
1919 3320 1
1919 2856 1
1919 3906 1
1919 1257 1
1919 1528 1
1919 4186 1
668 6532 1
2174 441 1
2174 4261 1
2174 5743 1
2174 256 1
3392 309 1
6142 6107 1
6142 1683 1
426 2293 1
3560 4650 1
248 780 1
4989 2662 1
4989 4008 1
4989 499 1
222 899 1
222 411 1
820 2916 1
5031 149 1
2087 5841 1
3200 2217 1
4105 5357 1
2712 1361 1
2384 6186 1
5755 4609 1
2661 2298 1
1592 3617 1
1592 1533 1
1592 4615 1
1592 3675 1
4205 1891 1
109 2227 1
1352 5620 1
2828 2674 1
3654 4525 1
3606 1006 1
2244 5406 1
3298 391 1
5422 3484 1
4421 325 1
4421 5476 1
5462 2868 1
2299 3259 1
4389 3615 1
3384 5930 1
958 2977 1
4590 986 1
4590 2283 1
3763 3833 1
3763 4665 1
5392 2688 1
5392 4959 1
5392 4863 1
5392 2857 1
5392 288 1
5392 778 1
2306 225 1
2978 5883 1
5843 4524 1
5843 5803 1
5843 4705 1
5843 73 1
5843 3321 1
5843 6459 1
5843 4508 1
3453 6634 1
5191 948 1
5191 1277 1
5191 1423 1
5191 4646 1
5875 514 1
4983 6402 1
4805 565 1
4805 3197 1
4805 2055 1
4805 5249 1
6020 2877 1
6286 5362 1
6286 5829 1
3050 5663 1
3050 4561 1
3050 4338 1
3810 628 1
3369 6084 1
3369 3372 1
3369 1630 1
6375 2796 1
3207 6591 1
5159 4497 1
659 5667 1
3828 4359 1
3828 2289 1
1465 2962 1
5535 4397 1
2060 701 1
2060 4575 1
1281 3348 1
2742 792 1
1551 1573 1
697 4473 1
2861 2626 1
2861 226 1
2861 2133 1
2861 1436 1
2861 4047 1
2861 5645 1
1488 5758 1
1488 2333 1
1488 5254 1
1488 6466 1
1488 6474 1
461 6522 1
3854 3289 1
4141 6496 1
1642 4459 1
1642 1395 1
3259 6551 1
6377 4171 1
844 2486 1
5876 6252 1
6428 4874 1
210 4808 1
6361 4722 1
4518 633 1
4518 2637 1
584 4614 1
6093 2842 1
6367 2374 1
4569 3086 1
2074 3391 1
6436 4694 1
3683 3455 1
2099 3628 1
4719 5807 1
2364 3488 1
1200 5614 1
1229 6561 1
1768 4928 1
1768 3814 1
1768 944 1
4311 4339 1
5292 3946 1
5292 3360 1
815 3800 1
2348 6133 1
761 5710 1
2889 4097 1
2889 4178 1
2889 2476 1
2889 1394 1
6069 1129 1
4831 5702 1
4831 2668 1
4831 5037 1
290 3003 1
290 92 1
290 2356 1
5653 258 1
1608 3018 1
1608 3862 1
5824 4528 1
355 1357 1
6116 11 1
1921 2295 1
3751 4896 1
1530 806 1
858 4203 1
1255 1212 1
5750 63 1
6003 1884 1
1994 2493 1
1994 3672 1
1994 303 1
1922 2945 1
1922 1661 1
1922 2088 1
1882 6456 1
1882 1531 1
1882 6211 1
1882 203 1
1882 606 1
1882 4823 1
1882 163 1
1882 6300 1
1882 5994 1
1882 2547 1
1882 6221 1
1882 4392 1
1882 4978 1
1882 4883 1
1882 4100 1
1882 6423 1
1882 145 1
1882 535 1
1882 1261 1
1882 174 1
1882 6054 1
1882 4088 1
1882 3118 1
1882 3340 1
1882 4941 1
1882 5446 1
1882 999 1
1882 3304 1
1882 3278 1
1882 5303 1
1882 2318 1
2013 6331 1
176 1052 1
176 2069 1
176 1262 1
176 1710 1
6602 2955 1
540 6577 1
2264 2304 1
2264 1610 1
2264 3442 1
2264 826 1
2264 4380 1
2264 1765 1
5477 4907 1
4264 2189 1
4264 1497 1
4264 4651 1
4264 4550 1
5415 1941 1
5415 4889 1
1801 2222 1
1801 2584 1
1801 6035 1
1317 1721 1
5347 908 1
2568 5023 1
2877 962 1
2877 4987 1
2877 781 1
2877 1069 1
2877 2498 1
2877 5697 1
2877 6393 1
2877 4022 1
2877 3336 1
2877 1377 1
2877 1172 1
4970 5172 1
4970 3715 1
3510 596 1
3510 509 1
3510 6298 1
3510 2450 1
3510 5398 1
1162 2746 1
1028 1010 1
2783 4809 1
2783 5631 1
2783 4249 1
2783 5786 1
2783 1350 1
2783 5548 1
2783 473 1
2783 4698 1
2783 5409 1
2783 5162 1
2783 660 1
2783 6016 1
2783 3436 1
2783 4922 1
2783 2381 1
2783 4777 1
4106 2475 1
790 708 1
5705 4787 1
2343 1105 1
1177 5650 1
1177 6124 1
1177 2258 1
1177 5981 1
1177 845 1
1177 3685 1
1177 4060 1
1177 6313 1
1177 5927 1
1177 3038 1
1177 2483 1
1177 4263 1
1177 3599 1
1177 1349 1
1177 5316 1
863 5050 1
1593 6088 1
6216 2560 1
6216 2732 1
6216 3836 1
6216 5427 1
6216 1475 1
6216 1045 1
6216 5448 1
6216 4926 1
6216 6514 1
6216 803 1
6216 3948 1
6216 5953 1
6216 1779 1
6216 5316 1
5907 780 1
5907 4655 1
5323 938 1
1670 2767 1
3479 6131 1
3479 20 1
3479 3431 1
3479 6270 1
3479 2598 1
3479 1408 1
3479 1947 1
3479 4023 1
3479 3228 1
3479 2077 1
3479 4752 1
3479 4653 1
3479 1909 1
3479 5920 1
3479 1586 1
3479 851 1
3479 2183 1
3479 2972 1
3479 446 1
3479 571 1
3479 3773 1
3479 4833 1
3479 6389 1
3479 800 1
2116 6193 1
6329 1506 1
3262 1886 1
4931 1300 1
6587 6590 1
704 4305 1
4629 5117 1
3402 829 1
5116 2187 1
1739 2883 1
3696 5285 1
6076 2484 1
6076 5479 1
5649 2673 1
5649 895 1
3759 5636 1
3759 5725 1
546 796 1
6149 923 1
5915 5392 1
5915 5151 1
4214 1568 1
1295 5238 1
4041 715 1
4041 3410 1
4041 1247 1
6269 185 1
6269 3120 1
6269 6520 1
6269 798 1
6269 4956 1
336 724 1
3042 1913 1
2775 4848 1
2775 2919 1
2775 5819 1
4865 3258 1
4587 1859 1
4587 2669 1
4449 2680 1
4742 4612 1
3391 872 1
526 4814 1
1197 2542 1
1318 5492 1
3901 5392 1
3901 5425 1
3901 2059 1
3901 1202 1
4280 5615 1
1732 4417 1
1732 5197 1
6413 2667 1
201 478 1
3824 6072 1
3824 3651 1
3824 3394 1
3824 1254 1
3824 2135 1
3824 5541 1
3824 5093 1
3824 2710 1
3824 1190 1
3824 3785 1
3824 4938 1
3824 3921 1
3824 2652 1
3824 1132 1
3824 2352 1
3824 624 1
3824 4182 1
3824 2931 1
3824 4021 1
3824 3858 1
2466 33 1
6127 1403 1
6127 2676 1
6127 5393 1
3213 5690 1
3213 5352 1
5796 29 1
547 4588 1
740 5253 1
4824 5331 1
4824 3897 1
3334 2122 1
1236 4424 1
1236 1337 1
1236 4253 1
1616 3761 1
1616 142 1
1616 40 1
1616 3192 1
1616 3099 1
1616 5360 1
1616 1081 1
1616 1948 1
1616 6018 1
1616 1824 1
1616 2830 1
1616 5308 1
1616 5843 1
1616 4760 1
1616 4313 1
1616 3024 1
1616 2700 1
2439 4834 1
5033 2034 1
127 3196 1
127 1580 1
127 848 1
4659 2966 1
5948 1406 1
3642 5589 1
580 4193 1
580 5605 1
580 158 1
190 6488 1
4494 5524 1
4182 918 1
3644 491 1
3644 5001 1
3644 173 1
3644 4076 1
3644 864 1
4218 5092 1
4218 2095 1
4218 3760 1
5288 1478 1
4542 4547 1
4542 291 1
4542 5554 1
1534 2888 1
922 1874 1
2333 2761 1
2333 429 1
4233 2725 1
648 2457 1
6047 4671 1
6362 2625 1
6383 4310 1
2480 6547 1
5019 3523 1
6340 5320 1
2611 5967 1
305 2080 1
305 2655 1
2282 4096 1
1258 3335 1
1258 2229 1
1258 6159 1
1258 5291 1
3490 6117 1
3490 689 1
1985 748 1
2233 3186 1
1419 5815 1
1419 1589 1
3618 2894 1
3618 6290 1
5512 5177 1
5512 3058 1
5512 899 1
4580 2859 1
774 5790 1
774 2113 1
774 4908 1
774 1041 1
774 5204 1
774 3078 1
774 1323 1
774 3950 1
2462 4035 1
2462 1412 1
2462 4781 1
2462 6597 1
2462 1022 1
2462 1836 1
2462 4479 1
2462 4647 1
2462 2806 1
2026 1058 1
2986 3752 1
2986 1604 1
3870 2176 1
5963 127 1
2160 3167 1
2160 5417 1
1402 1880 1
917 6483 1
917 5059 1
917 5328 1
917 5426 1
917 2722 1
215 476 1
215 2789 1
2036 900 1
3365 4732 1
6359 5313 1
702 5262 1
702 5901 1
702 4932 1
702 4489 1
1761 5459 1
1862 5495 1
3856 6050 1
3856 3248 1
827 693 1
827 1328 1
19 3097 1
19 3450 1
19 5648 1
19 6024 1
19 2537 1
19 1498 1
19 3765 1
19 660 1
1712 2240 1
1712 2938 1
1712 4776 1
6054 5105 1
6054 4985 1
6054 462 1
6054 407 1
6054 5582 1
6054 1780 1
6054 5946 1
6054 5009 1
6054 2998 1
6054 4675 1
5630 2021 1
5630 3677 1
5630 2370 1
5630 1867 1
5630 5740 1
5630 6364 1
5630 6438 1
5630 3163 1
5630 4990 1
5630 4802 1
4348 3783 1
2232 3678 1
427 621 1
5713 1526 1
5713 3224 1
4601 2663 1
4601 6305 1
2032 5085 1
1990 3981 1
3972 2960 1
308 3966 1
2459 2170 1
2459 586 1
2059 3409 1
2059 1849 1
2274 6528 1
5500 4046 1
5500 4136 1
5500 6059 1
5500 4336 1
456 4663 1
1787 1240 1
4332 5354 1
4332 1997 1
31 5165 1
31 4028 1
31 1613 1
3851 2871 1
4669 1791 1
841 4559 1
841 4901 1
841 2623 1
497 6430 1
6605 4561 1
2556 3242 1
2556 4714 1
2556 1707 1
2556 4519 1
2556 5429 1
2556 1905 1
2247 6523 1
1896 755 1
3709 4835 1
3709 1677 1
3106 4474 1
5151 4268 1
3457 1003 1
6556 1965 1
6556 2526 1
763 6524 1
763 3397 1
763 42 1
763 4208 1
3776 2037 1
4856 1552 1
539 3607 1
3656 500 1
3656 3310 1
5314 96 1
3849 4882 1
5281 5337 1
5281 4264 1
5281 3044 1
542 3641 1
2432 5900 1
5581 1636 1
5581 3151 1
5581 5647 1
5581 5257 1
5581 5870 1
5581 5854 1
5581 3313 1
5581 2393 1
5581 6170 1
5581 1461 1
5581 1451 1
5581 4299 1
5581 2477 1
2736 1964 1
2736 2372 1
2736 1291 1
2736 510 1
2736 518 1
2736 5836 1
2736 1168 1
2736 4904 1
2736 2444 1
2736 2905 1
2736 5673 1
2736 252 1
4303 6366 1
4303 3386 1
4308 4244 1
2185 77 1
2185 588 1
61 6440 1
2172 5639 1
572 365 1
572 919 1
667 3949 1
667 6195 1
4401 3202 1
5754 3110 1
5754 1144 1
5851 930 1
5112 1207 1
1369 4286 1
1274 1036 1
75 6596 1
75 1385 1
6067 3872 1
3844 4774 1
3844 3601 1
3311 2068 1
3311 3226 1
2999 1487 1
3143 4073 1
5180 6611 1
5180 5679 1
5180 59 1
5180 3357 1
5180 2312 1
5180 1798 1
5180 2684 1
5180 3337 1
5180 2737 1
5180 5828 1
5180 4805 1
5180 3733 1
5180 6256 1
5180 6370 1
5180 2912 1
5180 2271 1
5180 3931 1
3809 5711 1
3809 1189 1
3809 2788 1
3809 480 1
3261 5509 1
3261 4353 1
3261 1682 1
5655 5708 1
5405 6601 1
5405 6090 1
4649 932 1
595 2822 1
5757 4832 1
5757 3723 1
5757 4069 1
728 1817 1
4520 5756 1
4520 4792 1
3223 3303 1
2145 1600 1
2145 5157 1
2145 5466 1
2145 1099 1
2145 4593 1
2145 14 1
2145 3235 1
2145 2844 1
2145 2602 1
2145 4750 1
2145 4728 1
2145 3439 1
2145 1 1
2145 5078 1
96 1703 1
96 1614 1
96 7 1
96 847 1
96 6146 1
4954 3793 1
653 6457 1
653 3812 1
653 2847 1
653 5832 1
653 916 1
653 2515 1
4117 4727 1
4169 4906 1
4169 3053 1
1461 6543 1
1461 6194 1
1461 2780 1
1461 564 1
1461 2474 1
1461 661 1
5688 93 1
1714 2281 1
2944 6160 1
3703 280 1
3512 4841 1
5654 3204 1
5654 2151 1
3874 5678 1
1834 1065 1
344 4925 1
344 5309 1
3987 3758 1
3987 1359 1
3987 866 1
1121 2184 1
6376 5761 1
6376 4137 1
6376 2290 1
6376 3930 1
4575 989 1
4575 3056 1
4575 5082 1
4575 5638 1
4575 5330 1
1470 5642 1
4384 2758 1
4384 5375 1
6123 3476 1
4114 4493 1
5192 1417 1
5192 3210 1
6070 237 1
1501 3045 1
3024 2471 1
3024 992 1
3024 4070 1
3024 2548 1
3024 3316 1
3319 2672 1
586 357 1
586 5063 1
586 219 1
5433 5467 1
5020 3976 1
3922 5295 1
1508 2254 1
1508 2442 1
1508 2178 1
1508 3462 1
1508 4718 1
1508 2948 1
1508 1958 1
1508 1123 1
1508 1296 1
1508 5485 1
1508 6253 1
1508 2817 1
148 2914 1
1492 5268 1
2321 4952 1
2321 294 1
2321 5656 1
2321 3659 1
2321 1161 1
2321 5992 1
2321 3553 1
2321 5022 1
2321 170 1
5681 1927 1
5681 3813 1
6373 2269 1
273 4095 1
273 4872 1
273 5106 1
273 1382 1
273 5736 1
273 1816 1
273 180 1
273 4562 1
273 3265 1
273 3501 1
273 5844 1
273 4435 1
273 3079 1
273 527 1
273 5442 1
273 1299 1
2648 5267 1
5475 343 1
4846 4745 1
4846 4590 1
6098 2944 1
381 3771 1
381 1089 1
4221 970 1
2390 1654 1
2167 6549 1
589 523 1
1555 5956 1
575 4503 1
2199 2869 1
3866 1626 1
3866 729 1
6344 3307 1
6029 2884 1
1511 2495 1
1511 3374 1
1511 4470 1
1511 5210 1
1511 3206 1
1511 5194 1
1511 5071 1
6081 5574 1
3413 1572 1
876 2326 1
876 6045 1
876 804 1
876 5229 1
3852 3286 1
2409 5489 1
2219 5837 1
3345 2296 1
5571 4793 1
5571 3272 1
5571 3199 1
5571 2136 1
5571 4216 1
1881 4912 1
1881 3687 1
1881 4365 1
1881 5845 1
5561 5849 1
5561 6579 1
5561 6196 1
5561 599 1
5561 4909 1
5561 2300 1
1794 5067 1
2927 797 1
583 2849 1
583 5404 1
583 4784 1
583 3015 1
2715 733 1
2715 3417 1
2715 1624 1
2715 879 1
1053 3853 1
1053 6102 1
1053 3098 1
1053 3721 1
332 3664 1
1781 1084 1
3660 1601 1
3660 1396 1
5676 5618 1
5676 2321 1
5230 4744 1
5694 2993 1
2802 4018 1
5505 5096 1
3194 4251 1
2932 1115 1
5279 4149 1
5279 2773 1
1771 4061 1
1771 2132 1
1771 5207 1
1842 2396 1
62 2728 1
62 2762 1
475 2191 1
1432 2689 1
816 2992 1
816 3789 1
1016 1153 1
372 4006 1
372 625 1
372 4632 1
135 2619 1
4125 2763 1
4125 3520 1
4696 263 1
4307 3547 1
3768 5380 1
6434 5150 1
2451 5717 1
5256 1853 1
5256 1715 1
281 4248 1
281 1198 1
2906 1557 1
4116 2175 1
4116 2536 1
4725 745 1
1682 6051 1
1682 6033 1
1682 5465 1
1682 4583 1
1682 1253 1
1682 2749 1
1682 5588 1
1682 3799 1
1682 4131 1
1682 3387 1
1682 5 1
4143 786 1
4143 2776 1
4143 5924 1
4143 3717 1
995 5858 1
2156 2020 1
6351 1235 1
6351 2721 1
6351 3662 1
6351 1178 1
6351 4410 1
6351 5103 1
6351 2224 1
6351 1621 1
6351 1788 1
6351 5155 1
6351 3737 1
6351 4895 1
1141 3325 1
1141 2325 1
4157 3505 1
2664 6618 1
993 5298 1
3473 5539 1
3473 2880 1
3473 5706 1
3473 1864 1
3473 4049 1
3473 5834 1
2278 6306 1
2954 317 1
5811 1133 1
527 4002 1
527 2952 1
527 3926 1
527 2404 1
3929 3456 1
3929 2567 1
4328 4618 1
4328 658 1
310 3957 1
310 5332 1
2534 6226 1
887 4086 1
1195 4637 1
3340 920 1
4420 6138 1
4420 2896 1
4420 1415 1
1184 1493 1
6578 3575 1
4683 5373 1
4683 3999 1
787 766 1
3183 4500 1
3183 5497 1
3183 2892 1
3183 4146 1
3183 5902 1
3183 4782 1
854 4949 1
5513 3175 1
6325 4932 1
157 3217 1
6287 5436 1
6287 5818 1
4878 1429 1
538 3506 1
538 2741 1
538 5336 1
538 2245 1
538 424 1
1737 1643 1
718 4091 1
5866 5535 1
5866 1617 1
4996 3889 1
2907 2221 1
2340 6108 1
2340 5095 1
2340 5707 1
2340 6400 1
2340 4753 1
5336 2054 1
5336 1803 1
5336 6630 1
5336 5437 1
5336 2617 1
5336 5076 1
5336 5405 1
5336 3612 1
4557 5320 1
39 366 1
39 695 1
39 16 1
39 1992 1
656 5170 1
656 3281 1
656 3232 1
656 2335 1
3795 532 1
1646 3271 1
1646 2143 1
1646 5011 1
3548 540 1
2252 3327 1
4416 138 1
1968 2051 1
5645 2262 1
5645 5810 1
5645 3444 1
3885 4349 1
3040 1345 1
3040 4743 1
6282 3 1
6282 89 1
6282 2071 1
6282 2903 1
3381 1730 1
191 5144 1
1544 1877 1
1544 4936 1
4685 1114 1
6032 5609 1
6032 259 1
6032 2297 1
6032 2552 1
2217 3300 1
2217 4667 1
2217 1320 1
4780 6242 1
641 2576 1
82 5016 1
82 2203 1
3386 5269 1
3386 4755 1
3386 4167 1
3386 5453 1
3386 4044 1
3386 4033 1
3386 3354 1
3386 1902 1
3308 1700 1
3308 4329 1
3308 3868 1
1645 5126 1
4697 4386 1
1048 5221 1
6560 4825 1
6560 570 1
6560 4625 1
6560 5208 1
6560 4355 1
6560 1426 1
6560 3107 1
1388 493 1
4159 856 1
3132 5660 1
2981 601 1
2981 5923 1
5531 4275 1
4007 2012 1
4007 1053 1
3048 221 1
1035 1665 1
3865 1769 1
3865 5944 1
3865 3578 1
3865 2691 1
3865 2288 1
3865 4857 1
6513 5590 1
6513 4548 1
6513 6010 1
6104 1260 1
382 4272 1
2147 264 1
2147 2925 1
2634 455 1
3791 5808 1
3791 492 1
3791 5227 1
4043 1770 1
2511 4145 1
4368 4293 1
4368 6327 1
2501 5957 1
2501 4290 1
284 4236 1
5908 5472 1
3269 3141 1
3954 6171 1
3954 6575 1
4206 6012 1
870 1535 1
4292 1724 1
3956 1213 1
464 3051 1
5766 3032 1
5766 3932 1
5766 1503 1
5766 4657 1
5766 2387 1
5766 4855 1
5766 6082 1
5766 2608 1
5766 2848 1
5766 4995 1
5766 2171 1
5766 6389 1
5766 5017 1
4638 6576 1
2319 6450 1
2569 808 1
942 4278 1
86 1404 1
86 2139 1
86 777 1
86 3285 1
150 3123 1
150 2082 1
4370 4282 1
6078 5853 1
4394 5374 1
3234 3155 1
4738 458 1
4738 6416 1
4738 5225 1
5534 2575 1
1347 1024 1
4426 5521 1
4924 5334 1
6360 6498 1
6360 390 1
5355 2517 1
1811 5213 1
1811 6241 1
1811 376 1
1811 6314 1
1811 5394 1
1811 4684 1
1811 2446 1
1811 3826 1
1811 1571 1
1811 1837 1
2415 6038 1
6159 4963 1
6159 3536 1
1309 118 1
1309 4545 1
1309 3135 1
1309 2452 1
1309 1648 1
1309 372 1
1705 6233 1
3434 2154 1
6086 1482 1
5747 3986 1
2460 6041 1
2460 5857 1
2460 4009 1
2460 5627 1
2460 8 1
2460 5148 1
2460 4862 1
2460 953 1
2460 886 1
2460 5532 1
3270 1594 1
672 2989 1
5921 1525 1
4440 3875 1
4440 6355 1
4440 341 1
4440 1192 1
4440 6230 1
4440 374 1
4440 1208 1
4440 6060 1
726 1932 1
2577 213 1
797 6223 1
797 3148 1
5848 1810 1
66 3398 1
66 1009 1
66 2379 1
66 3054 1
4972 358 1
4972 6572 1
70 110 1
4939 1442 1
99 3273 1
3276 2400 1
3276 4163 1
3975 4245 1
3711 4767 1
3711 2260 1
3711 4689 1
3711 2109 1
569 1957 1
569 5943 1
2206 1813 1
5410 236 1
3304 4827 1
3304 5277 1
3304 4670 1
3301 3708 1
3193 1064 1
2473 2075 1
5632 3082 1
5673 5245 1
5673 2131 1
5673 6212 1
5673 496 1
5218 2589 1
4147 6489 1
3764 2541 1
380 2328 1
4980 1283 1
1914 1828 1
1914 721 1
275 5701 1
6267 4967 1
1835 4642 1
3109 2456 1
3468 1289 1
3597 4477 1
637 2317 1
913 1984 1
1049 5272 1
1049 4422 1
1049 1789 1
1049 44 1
6415 6414 1
443 998 1
443 3438 1
3695 6094 1
3695 369 1
3695 2677 1
3695 4042 1
6538 1680 1
6538 6074 1
2604 3257 1
1202 1702 1
1202 2081 1
1202 4239 1
1202 769 1
1202 3753 1
1202 4257 1
1202 1946 1
1202 5008 1
1903 5365 1
4888 3699 1
4888 23 1
4888 435 1
4888 6119 1
4888 860 1
4888 3212 1
4888 1588 1
4888 5842 1
4888 529 1
4888 2524 1
4888 2242 1
4888 5918 1
4888 2533 1
5217 6087 1
5217 6443 1
5217 4331 1
326 3142 1
326 3943 1
674 3770 1
5421 1472 1
5421 4510 1
5421 4372 1
5421 1023 1
451 1662 1
451 1637 1
451 2008 1
451 6463 1
451 1628 1
451 5109 1
451 3047 1
451 5929 1
1159 2344 1
6026 5416 1
4907 6613 1
4907 3971 1
4907 1378 1
4907 754 1
4907 2601 1
4907 6490 1
4907 5937 1
4907 2497 1
4907 6285 1
4907 4318 1
4907 287 1
2052 4360 1
2052 1119 1
2052 5938 1
2052 3710 1
5493 6042 1
5493 4317 1
5493 6151 1
5493 2027 1
5493 4486 1
5493 1758 1
5493 1513 1
5493 67 1
5493 1505 1
5493 2641 1
5493 1061 1
5493 1603 1
5493 3811 1
5493 3806 1
5493 3189 1
5493 1390 1
5493 5431 1
5493 4574 1
5493 1215 1
1938 4427 1
1733 1234 1
1891 961 1
1499 977 1
2194 907 1
4526 4989 1
5408 2505 1
1098 3782 1
3253 5160 1
3253 2974 1
3253 6056 1
3253 3412 1
3253 1689 1
3253 3029 1
3253 1407 1
3253 4301 1
3891 4341 1
328 1448 1
4555 691 1
4080 2064 1
4080 5651 1
4080 1336 1
4080 1564 1
4080 5772 1
4080 4078 1
4080 3909 1
4080 3939 1
4080 3540 1
3347 3305 1
3347 4158 1
3347 4570 1
3347 4469 1
1870 849 1
4363 1728 1
1697 3968 1
4942 6299 1
5933 4572 1
2327 2891 1
3019 2094 1
3019 1039 1
3019 1854 1
3019 4164 1
4986 3494 1
4986 4998 1
4986 2609 1
4986 3178 1
2316 3195 1
2955 1804 1
193 1444 1
3027 5965 1
5406 2243 1
5406 4151 1
5406 1263 1
5406 2504 1
5406 1516 1
5406 6454 1
1392 3584 1
1392 5290 1
1392 5668 1
1392 6391 1
4828 6276 1
5327 5180 1
5327 1101 1
2234 4016 1
4260 6271 1
187 6251 1
187 892 1
187 1473 1
6409 2302 1
3752 79 1
3752 934 1
3752 3590 1
2137 5200 1
2860 2410 1
552 2428 1
4608 5372 1
4608 85 1
4608 2330 1
4608 3621 1
4608 558 1
2939 198 1
4101 5215 1
4101 3280 1
3684 1381 1
57 2823 1
43 1576 1
4901 4179 1
4901 6197 1
4901 1231 1
4901 5214 1
4901 3977 1
4901 650 1
4901 5141 1
4901 4703 1
2851 2678 1
3297 1216 1
3297 4712 1
3297 1982 1
3297 6599 1
3297 234 1
3297 5941 1
3297 2458 1
3297 3888 1
3297 4010 1
4876 5954 1
4876 388 1
1349 3180 1
2881 5594 1
3762 2215 1
4686 4610 1
891 2168 1
3613 4773 1
3613 5396 1
3613 582 1
2061 4376 1
385 4794 1
385 1846 1
385 4607 1
385 3251 1
1722 3697 1
1722 1209 1
1722 4935 1
1722 518 1
1722 5560 1
1722 4660 1
1722 6342 1
1722 64 1
1722 4569 1
1722 2579 1
1722 2112 1
1722 3400 1
1748 71 1
1748 2698 1
3378 1313 1
1171 1250 1
3596 4866 1
4001 682 1
4001 5936 1
4001 119 1
4297 1332 1
5962 2969 1
3815 4219 1
6190 5523 1
488 423 1
3446 5868 1
3446 1311 1
5616 5557 1
161 1413 1
161 1077 1
161 3772 1
161 6353 1
161 4867 1
161 6009 1
161 4448 1
161 389 1
161 6292 1
161 6372 1
161 3254 1
161 4973 1
161 1923 1
161 4771 1
161 4717 1
161 2511 1
161 4189 1
161 3144 1
161 4877 1
5595 2840 1
5595 1512 1
5595 6394 1
644 4388 1
312 6179 1
1538 6615 1
3314 2108 1
3314 5969 1
3314 5939 1
5017 46 1
2049 4630 1
2803 1783 1
2803 3295 1
5700 2336 1
5700 1389 1
5700 2794 1
5700 1651 1
5700 4144 1
5700 5980 1
1112 6537 1
1522 6407 1
3754 949 1
3754 165 1
3754 4025 1
3754 3343 1
5122 420 1
6396 3568 1
4050 5522 1
4050 5757 1
3931 3941 1
3931 3031 1
3931 1312 1
3931 5356 1
3931 2445 1
3931 3577 1
3931 65 1
3931 4516 1
3931 1681 1
3931 3722 1
3931 4400 1
3931 3332 1
3931 2301 1
3931 3712 1
3931 2875 1
6110 134 1
6110 3564 1
6419 5470 1
4160 3247 1
4160 255 1
4160 4181 1
4160 5752 1
4160 1362 1
4160 6263 1
4160 1102 1
2508 1500 1
3064 4240 1
3064 1376 1
3064 4885 1
3064 2270 1
3064 1650 1
5094 276 1
2186 3952 1
213 3230 1
213 2546 1
213 1696 1
245 1140 1
3493 1480 1
2801 727 1
2801 1241 1
2801 4861 1
2801 4627 1
2801 270 1
2801 2329 1
1735 2405 1
3328 5586 1
3328 6115 1
4553 2755 1
3549 1933 1
1356 779 1
1356 416 1
1356 5864 1
1356 268 1
1356 3174 1
1356 4522 1
4134 2182 1
1782 1424 1
2573 5559 1
424 5538 1
424 954 1
424 2922 1
424 5737 1
424 5395 1
424 5087 1
424 980 1
424 5520 1
424 602 1
424 4972 1
424 4811 1
3998 3472 1
4815 6174 1
4245 2841 1
3119 1239 1
4634 2351 1
3552 449 1
4362 4930 1
4362 1832 1
1114 1271 1
3425 4984 1
5324 3871 1
2506 4265 1
5867 3842 1
607 5760 1
607 5537 1
607 5006 1
607 410 1
607 6281 1
607 2310 1
5464 1344 1
5464 2792 1
4266 946 1
4266 6294 1
3188 55 1
3188 5024 1
5163 314 1
788 4309 1
788 2798 1
788 5778 1
788 825 1
788 4596 1
788 4914 1
788 1327 1
788 450 1
788 3516 1
788 6085 1
788 3077 1
6628 2001 1
2030 5806 1
2870 4352 1
4850 6607 1
4850 1108 1
4850 4495 1
4850 4177 1
4850 4432 1
4850 286 1
4850 3625 1
4850 5581 1
4850 4237 1
4227 2169 1
4661 6453 1
4661 2965 1
1585 5788 1
6378 1915 1
2202 5057 1
1818 3517 1
2545 2092 1
2545 4747 1
2545 132 1
2545 6368 1
5641 3477 1
5641 5617 1
6316 4491 1
731 1054 1
5816 4616 1
3610 3039 1
3610 2990 1
3610 6002 1
3610 3128 1
3610 5137 1
3610 4997 1
3610 1243 1
3610 2622 1
3610 862 1
3527 3876 1
3775 4702 1
3775 6257 1
3775 4161 1
3775 924 1
1972 2658 1
1116 58 1
2098 5664 1
2098 403 1
2098 4062 1
605 2010 1
3938 340 1
5483 4361 1
5483 404 1
5483 927 1
5338 4371 1
212 3735 1
212 6478 1
212 405 1
212 4513 1
212 1284 1
212 1222 1
212 49 1
212 971 1
212 3452 1
212 1848 1
2411 3896 1
5657 1458 1
1955 5161 1
319 9 1
1425 2097 1
3147 1757 1
3147 3867 1
3147 1166 1
3147 5529 1
3147 1541 1
3147 3657 1
1509 6000 1
1509 5471 1
6275 2152 1
6268 3668 1
2623 852 1
3561 4098 1
5542 2921 1
6136 1851 1
6136 5504 1
1618 6297 1
2500 3860 1
2500 253 1
2500 4347 1
2500 3937 1
2500 5438 1
6229 5878 1
4640 1473 1
3136 4733 1
3136 632 1
3115 4879 1
3923 903 1
3923 5856 1
3923 1644 1
3923 1400 1
198 2814 1
198 5275 1
198 2397 1
198 6139 1
198 2162 1
198 2971 1
3933 1365 1
3933 5051 1
2142 2535 1
2142 5107 1
5922 349 1
5967 1527 1
1656 4484 1
1656 489 1
1656 6486 1
1656 323 1
1656 2427 1
1656 5166 1
1656 6311 1
335 5145 1
335 2114 1
335 2752 1
4773 141 1
4773 432 1
2913 444 1
3980 4701 1
3980 6207 1
3980 1097 1
3980 4441 1
5887 3914 1
2328 2146 1
3150 4804 1
6057 265 1
361 617 1
5246 3074 1
5246 3112 1
5246 573 1
5246 4152 1
5246 5984 1
5246 5182 1
5246 1481 1
5246 3236 1
5246 6129 1
5246 2867 1
5246 5573 1
5246 3309 1
5246 5624 1
5246 1086 1
5246 6548 1
4234 5600 1
4234 1217 1
5715 1973 1
5715 1754 1
3651 3978 1
991 4012 1
2833 3317 1
2833 2494 1
5273 5349 1
4679 6586 1
1272 5863 1
5027 6302 1
5027 6277 1
5027 4893 1
6061 6055 1
6061 2465 1
6061 160 1
3680 3970 1
3680 2196 1
2308 3681 1
2308 6279 1
2308 6382 1
2308 3485 1
2308 3131 1
1129 5970 1
5677 1569 1
3488 2180 1
727 3905 1
1348 3499 1
1348 2770 1
1348 1333 1
1348 5361 1
1348 4170 1
1348 338 1
1348 6585 1
1348 4875 1
1348 6214 1
373 111 1
373 1047 1
2064 1267 1
1816 5086 1
1816 50 1
1816 2519 1
631 76 1
631 297 1
5868 943 1
5868 5223 1
5868 3057 1
5868 2347 1
5868 2994 1
5868 445 1
5868 1374 1
5463 5383 1
5463 536 1
5463 1558 1
4885 2107 1
6133 3690 1
3502 3671 1
1980 4121 1
1980 4535 1
1980 3284 1
5124 1090 1
5125 1635 1
5125 1021 1
5125 4232 1
5360 5233 1
1749 5695 1
1749 3331 1
1749 4639 1
1749 2255 1
1749 5140 1
4040 1477 1
4040 2956 1
4040 5598 1
4040 159 1
4040 2696 1
4040 260 1
4040 2105 1
5480 759 1
3182 143 1
3182 5224 1
3182 6114 1
3182 5623 1
3182 6580 1
3182 6609 1
3182 6025 1
3182 757 1
3182 5052 1
4228 1843 1
4289 5566 1
5258 2895 1
5258 1447 1
5258 2874 1
935 3075 1
935 1420 1
935 422 1
935 722 1
5337 5108 1
5337 4971 1
4716 3356 1
4716 2000 1
4716 5198 1
6613 1182 1
1815 776 1
6225 2468 1
6225 767 1
6225 2179 1
1066 610 1
1619 4118 1
1619 2096 1
1619 5550 1
1619 453 1
1619 316 1
1619 3138 1
4854 562 1
4955 4496 1
2668 1330 1
2668 666 1
1633 3846 1
1633 1940 1
1633 6399 1
1633 5499 1
1633 5973 1
1633 6178 1
782 3100 1
2463 5381 1
239 585 1
239 318 1
4938 3215 1
4938 5164 1
2593 5666 1
2593 5822 1
4378 1157 1
4378 5629 1
4378 3503 1
703 3423 1
703 3679 1
703 2117 1
703 5798 1
703 6309 1
703 4229 1
703 4460 1
703 1409 1
703 242 1
703 4210 1
703 6374 1
703 6408 1
6297 1625 1
4572 3881 1
4572 2968 1
4572 1529 1
4572 3068 1
1404 5502 1
1404 3580 1
1404 5977 1
1404 5012 1
1404 417 1
1404 5423 1
1404 1298 1
1404 5905 1
1404 3692 1
1108 6222 1
4564 274 1
4564 4438 1
842 6308 1
842 4284 1
842 1067 1
842 6444 1
842 5444 1
842 3211 1
6083 4418 1
6083 1711 1
4127 1118 1
1196 1845 1
1196 1057 1
1196 4775 1
1196 1469 1
1196 4202 1
1196 2756 1
1889 5220 1
3508 6600 1
3508 1622 1
3508 517 1
1986 3500 1
1471 2367 1
1471 3521 1
1471 5880 1
3531 939 1
1283 5732 1
1283 21 1
1283 5307 1
1283 3243 1
1283 2624 1
3517 5979 1
3517 3979 1
3449 1878 1
3449 1995 1
3449 4758 1
3449 3576 1
3449 4951 1
3449 2587 1
3449 2380 1
3449 2279 1
2564 4624 1
2564 6461 1
2564 4017 1
4698 979 1
6008 2216 1
6008 353 1
6008 6140 1
6008 5293 1
6008 3840 1
6421 1917 1
2815 2538 1
2969 965 1
2969 2502 1
2139 2249 1
2139 5174 1
3258 2811 1
4840 431 1
4840 4254 1
4037 604 1
5683 502 1
5683 719 1
5683 1606 1
5683 4065 1
5683 2029 1
5683 4860 1
5683 5386 1
5683 4183 1
4660 2488 1
4537 2934 1
6535 4756 1
3715 4414 1
3715 4483 1
2057 1037 1
5264 3583 1
5264 3090 1
5264 5610 1
391 1433 1
3395 716 1
3395 5888 1
3395 3441 1
4353 5780 1
4353 6272 1
4353 1346 1
3383 5294 1
5739 3041 1
2849 2103 1
2849 4162 1
4841 1397 1
4841 3034 1
4841 5146 1
4841 5675 1
4841 74 1
4841 1251 1
4871 785 1
4871 2496 1
4768 5804 1
4768 1150 1
4768 1483 1
4768 2353 1
4768 504 1
4768 2731 1
4768 1379 1
4768 387 1
3632 3187 1
3632 52 1
3632 5135 1
1489 4567 1
1489 1752 1
3388 3274 1
3634 3693 1
3634 5005 1
3634 2201 1
2174 5797 1
2174 434 1
2174 6291 1
2174 2953 1
1592 824 1
5392 4072 1
5843 5814 1
4176 2671 1
1921 3572 1
3096 2146 1
3096 2002 1
3096 5831 1
3096 2943 1
3096 3619 1
3096 3643 1
3096 3000 1
3096 3604 1
3096 1729 1
3096 4485 1
3096 3835 1
3096 4053 1
3096 2345 1
3096 342 1
3096 2821 1
3096 5296 1
3096 3892 1
3096 5119 1
3096 6568 1
3096 4813 1
3096 5193 1
3096 3376 1
3096 6562 1
3096 4541 1
3096 1602 1
3096 683 1
1882 1280 1
1882 5413 1
1882 4757 1
176 2660 1
176 3994 1
2264 3249 1
2264 711 1
2877 2964 1
2877 6261 1
2877 3389 1
2877 3766 1
2877 6301 1
2877 4664 1
2877 292 1
2877 5813 1
2877 4668 1
2877 3538 1
3510 4204 1
3510 3883 1
3510 6387 1
3510 6220 1
2783 3221 1
6216 3426 1
3479 1446 1
3479 4075 1
6269 760 1
3824 5724 1
3824 2249 1
3824 2448 1
3824 2487 1
3824 5951 1
3824 4480 1
3824 4621 1
580 5244 1
580 4962 1
4542 1694 1
3803 4849 1
3803 2273 1
3803 5205 1
2333 732 1
774 1744 1
774 2339 1
2462 1678 1
2462 1226 1
2462 5348 1
702 4645 1
702 384 1
702 1005 1
19 578 1
19 3837 1
19 1591 1
19 3145 1
19 541 1
19 5377 1
5630 1431 1
5630 4692 1
3457 959 1
3457 519 1
5581 4174 1
5581 6594 1
667 1014 1
667 855 1
5180 1807 1
5180 3808 1
5180 725 1
5757 2481 1
2145 6312 1
2145 5384 1
2145 871 1
2145 915 1
2145 5000 1
2145 4682 1
2145 3339 1
2145 2816 1
2145 1708 1
96 6153 1
96 1314 1
96 3049 1
1461 2114 1
4575 2528 1
4575 3486 1
4575 6248 1
4094 5212 1
1508 1342 1
1508 1582 1
1508 5345 1
1508 3408 1
1508 359 1
1508 3925 1
1508 1316 1
1508 1945 1
2321 2599 1
2321 1230 1
273 2464 1
273 6458 1
2183 5038 1
1053 5899 1
1053 1894 1
1053 1998 1
372 324 1
372 333 1
5256 48 1
5256 4645 1
1682 1201 1
1682 2812 1
1682 741 1
1682 4707 1
6351 2616 1
6351 3665 1
3473 807 1
4328 5793 1
4328 2195 1
3183 3801 1
3183 114 1
656 5367 1
6032 2900 1
2217 1452 1
3386 4687 1
3865 4578 1
3865 4079 1
5766 5791 1
1706 272 1
1706 2908 1
1706 5255 1
3234 6144 1
3234 3255 1
3234 1015 1
3234 3902 1
6360 3275 1
6159 5579 1
3270 3658 1
4888 1476 1
4888 2657 1
4888 525 1
4888 4223 1
4888 3525 1
4888 6165 1
4907 2435 1
4907 1329 1
4907 4128 1
4907 5897 1
4907 5896 1
4907 563 1
4907 412 1
4907 5440 1
4907 4207 1
4907 6168 1
4907 1519 1
2052 3065 1
5442 2266 1
5493 1019 1
5493 5795 1
5493 393 1
5493 472 1
5493 3419 1
1891 5287 1
3347 5474 1
2327 6255 1
3019 5732 1
3019 5507 1
3019 983 1
3019 6629 1
1392 5958 1
2576 4604 1
4608 166 1
4608 2047 1
4608 2523 1
4608 4199 1
4608 6403 1
4608 6550 1
3297 4453 1
3297 1641 1
1722 2549 1
1722 5983 1
161 351 1
4050 3718 1
3931 3312 1
3931 1967 1
2801 2414 1
2801 5104 1
2801 3624 1
4553 6152 1
424 5731 1
5751 3579 1
4815 4567 1
788 5468 1
1935 4358 1
1935 6511 1
1935 1627 1
1935 2713 1
1935 2653 1
1935 182 1
1935 2467 1
1935 544 1
1935 771 1
1935 4093 1
1818 4644 1
212 2909 1
212 3190 1
212 4662 1
4540 2593 1
4770 753 1
4770 3573 1
4770 5302 1
4770 1722 1
911 3028 1
3790 730 1
4950 2406 1
2647 6126 1
6603 2157 1
1978 3026 1
751 3035 1
751 2214 1
751 337 1
751 3062 1
751 3982 1
5077 2394 1
3448 3782 1
1912 2754 1
5686 3980 1
368 6216 1
368 921 1
1799 3497 1
1629 4527 1
555 2559 1
6235 5301 1
5935 5027 1
5935 4544 1
5389 6378 1
1147 2670 1
1999 985 1
1999 570 1
6262 6269 1
6583 5862 1
1495 3928 1
2748 4234 1
4708 6495 1
4708 5693 1
4708 4378 1
4708 2750 1
4708 176 1
4708 1748 1
1259 4298 1
5045 782 1
1900 5482 1
2207 116 1
5478 1006 1
2543 5106 1
2543 180 1
4619 2681 1
4565 3730 1
1952 2570 1
6006 3514 1
6006 3092 1
6006 3296 1
4915 5571 1
4476 696 1
4531 2833 1
4531 3240 1
4531 2208 1
1051 6057 1
2819 5042 1
5536 5060 1
5931 1980 1
5424 2846 1
2631 4165 1
3367 4511 1
5827 3680 1
5827 2783 1
3407 3429 1
2565 3903 1
3445 897 1
1479 3936 1
3084 3610 1
2294 3907 1
3205 2832 1
2718 2807 1
2718 3652 1
5662 6549 1
3385 5766 1
3637 3021 1
2666 2130 1
4514 6019 1
6079 4716 1
5800 1004 1
3036 3484 1
2695 4608 1
202 1863 1
197 2357 1
146 2331 1
146 1590 1
146 653 1
3796 775 1
6155 1313 1
1858 4369 1
4024 5917 1
1244 4614 1
5297 869 1
2572 774 1
681 1091 1
681 3502 1
681 3449 1
622 1897 1
1756 6053 1
1756 4679 1
1756 6032 1
386 6535 1
1204 1859 1
1899 1975 1
698 5553 1
698 5779 1
5978 5271 1
302 1307 1
5305 4588 1
235 579 1
235 239 1
1649 530 1
4674 5250 1
4674 6500 1
3784 2679 1
5749 5430 1
3379 3491 1
4839 2197 1
4039 2810 1
4425 2042 1
746 51 1
746 6565 1
746 5964 1
746 2621 1
3498 3595 1
6531 81 1
2854 6061 1
4373 2010 1
4256 3183 1
6574 1811 1
6493 413 1
6390 352 1
6390 350 1
6237 178 1
3283 1906 1
6333 6510 1
4354 5826 1
1456 5127 1
1839 1672 1
4082 1989 1
5869 5936 1
2420 937 1
2286 2571 1
5599 2719 1
4799 3015 1
6192 4871 1
2768 4594 1
1960 4147 1
4786 4455 1
2805 1031 1
608 1692 1
608 2292 1
1829 4558 1
3742 6181 1
5781 2198 1
6365 3639 1
1245 2597 1
4844 2052 1
72 4564 1
1256 4564 1
3788 1430 1
1126 6014 1
2629 4036 1
4057 631 1
1341 2991 1
4124 133 1
4226 6619 1
1027 1072 1
487 3128 1
1282 1194 1
5587 2557 1
4534 4518 1
4192 5631 1
2651 629 1
5709 4110 1
1502 4066 1
2786 4431 1
1871 3395 1
551 1081 1
101 1671 1
5371 5247 1
2618 4395 1
2241 2882 1
468 3920 1
1155 6265 1
2161 37 1
108 1793 1
4051 3865 1
4166 3509 1
4306 5595 1
5770 2421 1
3351 5064 1
1725 5630 1
5689 734 1
5689 2861 1
5689 1818 1
950 188 1
4288 3023 1
2111 3282 1
2111 5239 1
2111 2383 1
1460 4045 1
1460 1393 1
4826 5273 1
2491 285 1
4374 285 1
254 6310 1
4034 4387 1
1825 5363 1
833 1882 1
304 4346 1
266 1462 1
2016 5299 1
5913 1434 1
5913 6433 1
1001 5325 1
2489 3508 1
4194 6449 1
6097 3562 1
4598 842 1
2355 4279 1
6592 6022 1
2431 1963 1
2586 2190 1
712 1392 1
6156 4325 1
211 1850 1
6231 383 1
4603 6249 1
560 6189 1
4899 4620 1
2141 5846 1
3647 1445 1
6584 5787 1
6584 5916 1
2453 1360 1
4964 1607 1
3570 471 1
2093 4626 1
5861 4536 1
3359 1563 1
1659 1795 1
1353 2238 1
2716 5514 1
4602 3748 1
313 3910 1
5185 5156 1
1199 6460 1
1898 5887 1
4187 3601 1
3185 2639 1
3185 2024 1
1731 4285 1
5376 5998 1
4092 3609 1
1583 6451 1
6469 5353 1
2862 257 1
2408 5733 1
6209 1183 1
3467 4982 1
4873 1439 1
3953 2760 1
1868 919 1
1268 1485 1
2309 508 1
3694 3676 1
723 4815 1
3470 3531 1
1755 3993 1
1165 6388 1
271 3297 1
5496 167 1
3102 1457 1
1860 6463 1
4765 4691 1
3030 3646 1
3983 5676 1
3126 4584 1
5871 6536 1
1322 4869 1
4135 5545 1
5418 4955 1
1556 4942 1
2181 6525 1
5510 667 1
2285 5278 1
4020 4557 1
6215 153 1
6567 1928 1
4737 1866 1
2479 2135 1
3264 3479 1
6120 4316 1
1806 6421 1
6336 1303 1
894 1366 1
5584 5333 1
4379 1532 1
5306 2866 1
6494 3105 1
4000 4329 1
1191 6358 1
1466 2682 1
3231 2858 1
6043 2264 1
3513 944 1
2951 1265 1
2566 1124 1
6113 3468 1
4892 834 1
5503 5727 1
5043 5741 1
973 6395 1
512 221 1
1152 3179 1
783 813 1
267 3522 1
4501 1981 1
5189 82 1
1264 873 1
3218 4405 1
5079 1085 1
3740 4803 1
3740 4413 1
1138 4252 1
5419 4083 1
1546 5563 1
2709 2460 1
3995 6452 1
5168 4228 1
4415 2996 1
2885 6467 1
3299 1093 1
4944 3518 1
2654 2782 1
1181 2837 1
2610 684 1
990 4817 1
2263 651 1
5130 2424 1
5674 626 1
26 4040 1
2395 4537 1
184 845 1
676 4255 1
1228 5493 1
2223 477 1
5364 5758 1
2774 6591 1
5603 6340 1
5248 2308 1
4287 3632 1
467 1749 1
4276 102 1
3073 3372 1
3792 3844 1
2007 4797 1
233 3111 1
5753 548 1
1380 4981 1
1734 3510 1
5604 4858 1
2200 6162 1
4019 3210 1
5428 3110 1
3894 2864 1
329 6351 1
832 38 1
832 2791 1
5169 1589 1
2403 361 1
5925 5483 1
6555 6581 1
5637 5764 1
5799 3430 1
1338 4091 1
3017 2438 1
4068 4517 1
3705 2418 1
2212 6250 1
2005 680 1
3466 4768 1
370 3518 1
1180 1873 1
3756 4037 1
4622 3421 1
107 652 1
3600 68 1
243 68 1
640 5926 1
2499 6526 1
2231 5715 1
83 3714 1
5073 1508 1
6623 1292 1
156 1986 1
4390 5910 1
3797 4225 1
1792 3139 1
5026 811 1
483 614 1
3176 231 1
6371 1196 1
6371 4246 1
5488 3370 1
2950 6542 1
6566 1935 1
3967 138 1
739 1301 1
6468 2413 1
2236 2793 1
1306 6529 1
6499 5817 1
6505 874 1
6518 2763 1
4748 2470 1
4077 1831 1
4077 1706 1
3571 2302 1
2144 1236 1
171 273 1
1598 6049 1
1524 1491 1
524 5178 1
4085 279 1
3290 1991 1
2359 5346 1
2656 3519 1
4366 1000 1
2436 4539 1
5893 1656 1
3146 1617 1
6105 1233 1
205 1574 1
1631 2429 1
3279 703 1
6517 1176 1
136 936 1
3480 6134 1
5494 2669 1
