2948 1165 1
2948 805 1
2948 1868 1
2948 3364 1
2948 229 1
2948 808 1
2948 759 1
2948 3918 1
2948 3837 1
2948 3827 1
2948 4696 1
2948 4804 1
2948 2892 1
2948 2545 1
2948 3499 1
1828 4603 1
1828 72 1
1828 1274 1
1828 914 1
4618 2948 1
4618 3139 1
4618 1114 1
4618 1849 1
4618 2009 1
4618 1777 1
4618 3026 1
4618 508 1
3053 4897 1
3053 309 1
3053 1348 1
3053 3217 1
3053 3947 1
3053 359 1
3053 2859 1
3053 4631 1
3053 225 1
3053 3768 1
3053 636 1
3053 494 1
3053 3508 1
3969 2899 1
2783 4669 1
1738 4475 1
1514 27 1
4528 2564 1
3874 2687 1
261 1158 1
261 4364 1
261 3494 1
1729 597 1
1729 1998 1
3621 1357 1
3621 2562 1
3621 2978 1
3621 1984 1
3621 4237 1
3621 729 1
3621 3008 1
3621 718 1
3621 563 1
3621 1704 1
3621 1834 1
3621 491 1
3621 4800 1
3621 480 1
3621 2410 1
3621 2275 1
3621 4124 1
3621 966 1
3621 244 1
3621 970 1
3621 821 1
3621 58 1
3621 2804 1
3621 2516 1
3621 3078 1
3621 3752 1
2805 388 1
4089 4858 1
4089 4183 1
4089 1930 1
4089 2095 1
4089 1692 1
4089 4390 1
4089 4283 1
4089 3724 1
4089 3027 1
3415 3511 1
3415 4150 1
3415 1053 1
3415 9 1
3415 4863 1
3415 3596 1
198 4123 1
1467 4388 1
1544 3680 1
3657 4482 1
2106 1110 1
2710 4394 1
2710 402 1
3361 4597 1
3361 3880 1
3361 4210 1
1601 62 1
4363 1201 1
4897 2756 1
4897 150 1
4897 343 1
4526 3988 1
4323 549 1
4191 1039 1
4191 4310 1
4191 4858 1
4191 404 1
4191 549 1
4191 3652 1
4191 2544 1
4191 996 1
4191 4780 1
4191 3455 1
4191 4448 1
4191 2061 1
4191 4395 1
4191 1298 1
281 4811 1
4903 1130 1
886 540 1
2597 466 1
2597 1600 1
2597 3751 1
2597 2795 1
2597 3520 1
2597 454 1
2597 4560 1
2597 2409 1
2597 115 1
2597 1627 1
2436 1145 1
2436 4657 1
3263 863 1
3263 4763 1
4559 1436 1
4559 2228 1
4559 3861 1
4559 1268 1
4559 110 1
4559 3817 1
4559 1885 1
4559 4374 1
1962 308 1
1962 780 1
1962 4469 1
4704 2053 1
1529 2394 1
1529 3531 1
1529 4740 1
1529 2869 1
1529 2601 1
1529 4373 1
1529 2482 1
1529 1371 1
1529 2777 1
1529 4583 1
1529 624 1
1529 2765 1
1529 3548 1
1243 4356 1
1243 1799 1
1243 660 1
1243 3782 1
1243 3034 1
1243 4412 1
1304 637 1
1304 4460 1
1304 1229 1
1304 1855 1
4493 4626 1
3043 3221 1
3791 2247 1
1926 3260 1
991 672 1
545 2299 1
545 4344 1
545 497 1
545 2234 1
545 423 1
545 769 1
545 3230 1
545 3063 1
545 2107 1
545 3756 1
545 2365 1
545 3079 1
545 157 1
241 2075 1
2562 4504 1
2562 4048 1
2562 427 1
2562 3149 1
2562 3172 1
2562 1508 1
2562 4520 1
2562 3370 1
2562 710 1
2562 1480 1
2342 2139 1
3935 1910 1
1588 4089 1
1588 935 1
1588 2308 1
1588 1633 1
1588 3051 1
1588 618 1
1588 3332 1
1588 3222 1
1588 3354 1
1588 161 1
1588 4162 1
1588 1107 1
1588 337 1
1588 1399 1
1588 899 1
1588 1871 1
1588 2319 1
1588 128 1
1588 692 1
1166 2714 1
2322 4032 1
1077 917 1
4605 2822 1
4605 1484 1
4605 1727 1
4605 2306 1
4605 3351 1
1509 518 1
677 1717 1
2791 3196 1
1666 4507 1
2965 4115 1
2965 3984 1
3501 3247 1
3501 2320 1
1634 2398 1
1634 3182 1
145 3357 1
3515 3295 1
1012 4246 1
1012 661 1
1012 2956 1
1012 3735 1
1012 457 1
1012 4435 1
1012 1098 1
1012 4100 1
1012 658 1
1012 3342 1
1012 2661 1
1012 4691 1
1012 3266 1
1012 984 1
1012 2962 1
1012 1275 1
1012 4030 1
1012 1421 1
1012 1213 1
1012 1852 1
1012 4506 1
1012 4867 1
1012 2440 1
1012 3238 1
1012 409 1
1012 3380 1
1012 895 1
1012 3237 1
1012 2245 1
1012 4229 1
1012 3294 1
1012 4436 1
1012 1606 1
1012 1017 1
1012 217 1
1012 2696 1
1012 3691 1
1012 2963 1
3124 1817 1
3124 3395 1
3124 4879 1
3124 3246 1
3124 3636 1
3124 3617 1
3124 1117 1
3124 3164 1
1641 1160 1
2088 737 1
2088 2489 1
3697 2959 1
3697 1837 1
726 4033 1
2079 310 1
2079 4833 1
2563 3521 1
2776 289 1
2776 1082 1
2776 2875 1
2776 527 1
2776 4479 1
2776 1948 1
2873 268 1
231 4824 1
231 3852 1
2744 855 1
2102 3430 1
2102 3484 1
2102 2836 1
2102 4563 1
2102 2328 1
2102 3662 1
2102 830 1
2102 4658 1
2051 3281 1
2051 3729 1
2051 3502 1
2051 4247 1
2051 2420 1
14 4024 1
4697 1489 1
1945 3725 1
804 4774 1
763 4870 1
1963 2888 1
1963 703 1
3180 3557 1
3180 83 1
3180 3486 1
3180 193 1
3180 3477 1
3180 1094 1
3180 2019 1
3180 2362 1
3180 3517 1
3180 239 1
3180 1836 1
3180 1033 1
3180 852 1
3180 4825 1
3180 3553 1
3180 3937 1
3180 4611 1
3180 1684 1
3309 4794 1
736 3357 1
3955 947 1
720 883 1
720 1008 1
720 1018 1
720 1649 1
720 2099 1
720 3914 1
3310 857 1
3310 1630 1
3310 1058 1
4585 2753 1
4585 2509 1
4585 3855 1
4585 2149 1
4585 3032 1
4585 4119 1
4585 1820 1
1128 1453 1
1197 3921 1
3725 1119 1
3725 786 1
3725 3858 1
3725 3663 1
3725 725 1
3725 2302 1
3725 4184 1
1897 2903 1
1897 2105 1
1897 2628 1
1897 2768 1
2575 382 1
1895 3025 1
3011 2688 1
3011 3447 1
3011 2051 1
3011 4827 1
3011 1295 1
3011 2523 1
3011 2739 1
3011 3461 1
3011 4809 1
3011 156 1
3011 1429 1
3011 2988 1
3011 235 1
3011 2511 1
3011 1872 1
3011 4352 1
3011 2813 1
514 1224 1
514 1417 1
514 5 1
592 2104 1
3054 3373 1
3054 4256 1
3054 568 1
3054 1358 1
3054 4126 1
3054 2487 1
3054 231 1
3054 122 1
3054 2547 1
3054 84 1
3054 53 1
3054 2639 1
3054 2528 1
3054 3626 1
3054 3565 1
3054 1506 1
3054 3674 1
3054 3236 1
3054 1038 1
3054 828 1
3054 2828 1
3054 1567 1
3054 2288 1
3054 1599 1
3054 3670 1
3054 4887 1
3054 3296 1
3054 3525 1
3054 1433 1
3054 1510 1
3054 3464 1
3054 39 1
3054 806 1
3054 3482 1
296 4828 1
3740 1810 1
3740 1336 1
3740 1763 1
3740 3359 1
3740 3732 1
3740 1391 1
3740 2427 1
3740 168 1
3740 2662 1
2895 1727 1
1556 68 1
2966 2277 1
2762 2324 1
2560 4902 1
2560 4851 1
2560 572 1
2560 103 1
2560 3529 1
2560 2377 1
2560 210 1
2560 3836 1
2560 2913 1
2560 3391 1
2641 448 1
2641 561 1
2641 872 1
2641 1978 1
2641 543 1
2641 3965 1
2641 1393 1
2641 1757 1
2641 2540 1
2641 270 1
2641 517 1
2641 2128 1
2641 783 1
2641 4807 1
2641 1811 1
2641 1308 1
2641 1724 1
2641 2385 1
2641 2350 1
2641 1490 1
4621 3191 1
4621 1809 1
3313 3343 1
2159 3957 1
2867 2397 1
3915 4071 1
3915 3438 1
4712 3080 1
3012 35 1
3012 1362 1
2997 3009 1
2997 2214 1
2997 4663 1
2997 2447 1
2997 1591 1
2997 1667 1
2997 4001 1
509 3522 1
509 2510 1
509 1596 1
509 1822 1
509 2073 1
509 3546 1
509 3503 1
509 1202 1
4609 956 1
4609 3081 1
4609 1403 1
4609 2565 1
4609 659 1
4609 3781 1
4609 3895 1
4609 77 1
295 2195 1
1220 4567 1
1220 3648 1
1220 2854 1
1220 2914 1
3240 1264 1
717 154 1
702 923 1
515 1332 1
4224 1654 1
4482 2343 1
256 3234 1
218 3077 1
4396 3587 1
4396 2591 1
2537 1580 1
2537 3687 1
2537 884 1
2537 3235 1
2537 2137 1
2537 1884 1
2725 1491 1
2725 2332 1
2027 2801 1
398 4457 1
3717 3534 1
3205 3884 1
245 3463 1
50 1398 1
3297 1323 1
1214 4452 1
1714 1573 1
3528 1106 1
3806 3478 1
3806 3121 1
3806 2331 1
3806 4372 1
3806 4061 1
220 3434 1
4572 4690 1
1064 1122 1
3308 3338 1
589 4594 1
589 992 1
2627 4326 1
206 2468 1
206 853 1
4728 566 1
4728 2778 1
1955 1134 1
1955 673 1
1955 2615 1
1955 4075 1
1955 2390 1
1955 410 1
1955 2566 1
1955 2518 1
1955 1635 1
2595 2474 1
2595 2607 1
2595 2931 1
2595 1437 1
2595 3949 1
1404 2549 1
2758 3823 1
3055 2130 1
1972 1265 1
1972 1866 1
1972 495 1
1972 1412 1
1972 1807 1
1972 2495 1
1972 526 1
1972 1297 1
1972 3328 1
413 4592 1
4831 2731 1
4831 2630 1
4831 1947 1
4831 3345 1
2524 536 1
2524 2426 1
2524 3045 1
2524 519 1
457 4502 1
457 2587 1
457 1096 1
457 3710 1
116 1090 1
4435 1823 1
4435 2685 1
2550 2161 1
2550 657 1
2550 2904 1
2550 70 1
3856 1650 1
2484 3165 1
2484 2997 1
2484 2387 1
2484 4622 1
2484 240 1
2484 3402 1
2484 4854 1
2023 246 1
2023 1519 1
2023 2213 1
2023 4170 1
2023 2205 1
2023 3060 1
3120 2694 1
951 4655 1
4237 924 1
4237 3938 1
4237 753 1
4237 424 1
4237 3131 1
4237 2844 1
4237 2015 1
1734 3844 1
566 3261 1
566 4346 1
566 4844 1
566 324 1
566 1176 1
566 4131 1
566 4233 1
566 3819 1
566 1621 1
467 461 1
467 1521 1
1863 2289 1
1863 411 1
1863 1979 1
3440 740 1
3440 778 1
3440 438 1
3440 1532 1
3440 4730 1
3440 257 1
3440 1545 1
3440 1801 1
3440 1237 1
1021 4263 1
2535 1127 1
2535 2733 1
2535 2152 1
2535 1964 1
2535 1892 1
2535 4574 1
2535 4295 1
2535 1288 1
2535 887 1
3339 3019 1
3339 836 1
3339 3223 1
3339 2484 1
3339 40 1
3339 234 1
3339 1677 1
3339 3962 1
3339 123 1
3339 1745 1
3339 107 1
3339 2558 1
3339 2669 1
3339 2600 1
3339 2419 1
3339 3567 1
3339 4355 1
3339 1367 1
3339 743 1
504 474 1
504 4702 1
504 4012 1
504 2640 1
3929 3029 1
1234 4402 1
3005 1392 1
1098 4868 1
1098 585 1
1098 652 1
1098 1441 1
1098 793 1
1098 4531 1
1098 4348 1
789 1192 1
3859 4776 1
3859 1027 1
3859 151 1
3859 764 1
3859 765 1
3859 3269 1
3859 2526 1
3859 3456 1
3859 1236 1
3859 258 1
3859 1020 1
3859 1818 1
3859 4620 1
3859 2695 1
3859 2030 1
1669 4317 1
1669 1468 1
1669 539 1
1669 1204 1
3987 2132 1
4041 1684 1
3187 3614 1
64 1466 1
64 2716 1
64 2627 1
64 1843 1
64 1553 1
64 475 1
64 1702 1
64 3838 1
64 2508 1
3207 4003 1
3207 2219 1
3207 3076 1
3207 711 1
3207 2424 1
3207 4508 1
3207 2485 1
3207 1069 1
4015 3992 1
262 2922 1
2855 889 1
3831 3343 1
3831 1937 1
3831 349 1
4257 96 1
4257 1637 1
4257 3655 1
4257 3506 1
4257 2636 1
1177 4082 1
4869 3297 1
4869 1294 1
729 2081 1
729 4633 1
729 4158 1
729 4701 1
729 1854 1
729 146 1
729 3683 1
729 3234 1
729 602 1
729 2806 1
729 4161 1
4264 3209 1
4264 1815 1
4264 4316 1
4264 127 1
4264 1549 1
4264 3931 1
4264 2626 1
4264 3048 1
4264 4726 1
4264 3972 1
4264 2737 1
4264 1108 1
4264 2556 1
4264 2915 1
4264 2481 1
4264 4614 1
4264 2153 1
4264 3068 1
4264 2070 1
4264 2967 1
4434 4654 1
4434 1985 1
4434 1405 1
4434 4241 1
4434 1603 1
234 972 1
234 3453 1
234 1626 1
234 1812 1
234 3714 1
234 1873 1
2991 3020 1
2991 4424 1
2991 4752 1
2991 3128 1
2263 4624 1
2263 360 1
4766 4039 1
230 3566 1
4477 986 1
3906 2957 1
3906 3723 1
3906 493 1
3906 4240 1
3416 3108 1
3329 4109 1
2860 4159 1
1806 1220 1
1900 1660 1
1900 2961 1
3698 2715 1
3698 1417 1
3698 2812 1
3698 898 1
3698 2846 1
2872 2752 1
2872 4543 1
2872 2625 1
2872 1863 1
2872 4062 1
2872 2834 1
2872 2296 1
2872 2031 1
2872 1994 1
4480 1099 1
2572 442 1
2572 3098 1
2572 1805 1
2572 2327 1
718 1290 1
718 2985 1
718 3906 1
718 622 1
718 2969 1
718 4315 1
718 2539 1
718 792 1
718 3512 1
718 3986 1
718 72 1
718 265 1
718 2609 1
718 958 1
718 2664 1
718 479 1
718 4202 1
718 4761 1
718 520 1
718 303 1
718 4765 1
718 734 1
718 1476 1
718 2530 1
718 2044 1
718 2458 1
718 897 1
4164 2254 1
4164 1273 1
4226 579 1
1326 2090 1
1376 4043 1
1376 744 1
3773 4055 1
3773 1190 1
3103 3039 1
3103 3274 1
2500 1674 1
2500 4327 1
4462 2411 1
4462 1352 1
4462 4312 1
4462 1440 1
4462 1219 1
4669 4599 1
1880 4002 1
2007 1054 1
600 1402 1
2531 3465 1
1102 983 1
1102 2341 1
1102 987 1
1102 2598 1
1102 2366 1
1102 2290 1
1102 4872 1
1102 3803 1
1102 2118 1
1102 3138 1
1102 1782 1
1102 267 1
1102 1325 1
1102 255 1
1102 199 1
1102 1590 1
1102 3713 1
1102 3807 1
1102 4407 1
1102 1085 1
1102 1696 1
1102 1272 1
1102 3414 1
1102 2298 1
1102 4826 1
1102 3381 1
1102 2062 1
1102 1035 1
1102 1443 1
1102 3033 1
1102 988 1
1102 2129 1
328 1927 1
816 2841 1
816 2848 1
816 1140 1
816 1410 1
2683 3111 1
1442 1079 1
1442 4552 1
1442 2846 1
2211 1278 1
2211 4848 1
3981 2935 1
2986 3911 1
4437 2987 1
900 2884 1
900 1016 1
900 3394 1
900 4847 1
900 1831 1
3902 3057 1
3902 4605 1
3902 4266 1
3902 2330 1
3902 4067 1
3902 4467 1
3902 2568 1
3902 2250 1
3902 4445 1
3902 645 1
3902 4288 1
3902 2726 1
3902 628 1
3902 1172 1
3902 2457 1
3902 4336 1
2642 1460 1
4764 3272 1
1321 1943 1
1321 1781 1
694 4185 1
1095 1132 1
4881 2451 1
727 1830 1
727 1350 1
727 3773 1
727 1087 1
727 1414 1
2874 1860 1
3885 1804 1
2747 3047 1
2747 515 1
2747 4428 1
2747 385 1
2747 3001 1
2747 1019 1
4562 4453 1
15 297 1
2346 4146 1
433 462 1
3898 1368 1
697 1198 1
697 4176 1
2462 834 1
3459 2188 1
2498 1425 1
2498 4177 1
2498 4165 1
2498 4291 1
2498 1764 1
2498 1575 1
2498 3365 1
2970 4788 1
2970 2232 1
2970 4400 1
2970 3181 1
2970 3765 1
2970 2912 1
2970 2469 1
2249 1572 1
3622 4559 1
4276 4287 1
4276 2930 1
4276 969 1
4276 845 1
4276 1075 1
4276 1587 1
4276 1524 1
4276 2400 1
4276 2479 1
1785 2647 1
4096 4425 1
2080 3398 1
2080 1492 1
2080 4017 1
2080 1548 1
2080 2388 1
3979 4871 1
3979 1296 1
3979 1618 1
3979 738 1
3979 2938 1
3979 2800 1
3979 809 1
3979 4888 1
3979 252 1
3979 1856 1
1653 342 1
4277 4335 1
4277 30 1
4277 3903 1
4277 712 1
4277 2939 1
4277 1245 1
2792 3976 1
3927 4775 1
563 2160 1
563 3905 1
563 1607 1
563 3082 1
563 3956 1
563 1343 1
563 4600 1
563 3982 1
563 4632 1
563 4849 1
563 2796 1
3208 2079 1
2885 4234 1
1022 4332 1
2918 3444 1
2918 3808 1
2918 993 1
3558 3135 1
180 1210 1
180 2559 1
180 2932 1
4597 1154 1
4597 2749 1
3174 2862 1
2373 2877 1
2373 1529 1
2373 1731 1
2373 2641 1
2373 2984 1
2373 2242 1
2373 1955 1
2373 64 1
2373 1156 1
2373 2872 1
2373 120 1
2373 2553 1
2373 576 1
2373 4571 1
2373 394 1
2373 4109 1
2373 2905 1
2373 649 1
2373 4325 1
2373 4715 1
2373 4058 1
2373 3640 1
2373 3270 1
2373 3574 1
2218 2025 1
2218 1997 1
1929 3698 1
1929 3902 1
1929 329 1
1929 2814 1
223 1555 1
1051 3964 1
2480 420 1
2831 4380 1
2831 2999 1
2831 4221 1
2831 1896 1
2831 1389 1
2831 3679 1
2831 3491 1
2831 1252 1
2831 866 1
2831 3132 1
2831 1450 1
2831 1313 1
2831 4759 1
4659 816 1
2251 4267 1
1974 905 1
1974 383 1
3190 3346 1
4590 1533 1
4474 3893 1
4474 2833 1
4474 3408 1
3266 3513 1
4500 125 1
4500 317 1
3423 1541 1
3423 3435 1
3423 2514 1
104 3705 1
669 2606 1
208 2933 1
2952 4178 1
2952 4846 1
4516 773 1
3109 2241 1
3916 2866 1
4235 4495 1
1829 3401 1
1829 822 1
1829 4873 1
1829 4168 1
1829 952 1
1829 2477 1
1829 3323 1
4544 3298 1
3134 2882 1
3134 3612 1
3134 3832 1
3134 3327 1
3134 2759 1
3134 1051 1
3134 2269 1
3134 4182 1
3134 41 1
3134 4518 1
3134 1758 1
3134 2437 1
3134 4524 1
3134 4695 1
3134 4367 1
3134 4360 1
3134 4215 1
3134 732 1
3134 78 1
3134 374 1
3134 977 1
3134 4070 1
3134 3118 1
3134 2180 1
93 2103 1
93 2946 1
93 194 1
93 1571 1
93 428 1
93 4464 1
93 2592 1
93 591 1
93 3318 1
93 3244 1
2723 1735 1
2238 1232 1
1300 3709 1
1300 4744 1
1300 1845 1
1300 4684 1
1300 396 1
1300 4350 1
1300 3980 1
1300 399 1
1300 3745 1
1300 918 1
3302 2577 1
3302 4572 1
3302 2003 1
3302 3890 1
3302 1406 1
3302 942 1
3302 3088 1
3302 425 1
3201 2314 1
1185 530 1
1178 2560 1
1178 1102 1
1178 4085 1
1178 392 1
1178 3675 1
1178 1988 1
4845 1120 1
4845 4292 1
4845 373 1
4845 1746 1
43 3804 1
2859 3059 1
2138 4646 1
2787 3420 1
3706 295 1
791 4812 1
1479 3311 1
1970 2525 1
1970 3192 1
1970 3161 1
1970 1151 1
1970 1888 1
1970 1217 1
1934 1534 1
1415 1207 1
1129 4300 1
3805 3210 1
3805 4320 1
3805 3798 1
3805 3156 1
3805 3925 1
3805 3316 1
3805 1821 1
3939 449 1
3314 1142 1
3314 400 1
1224 2004 1
4533 1853 1
278 3657 1
278 2977 1
278 2182 1
2208 4015 1
2208 3992 1
105 3624 1
105 2370 1
105 766 1
105 2937 1
105 675 1
105 4845 1
105 1852 1
105 2923 1
105 2618 1
105 1169 1
105 4260 1
4158 4171 1
4158 3492 1
4571 1222 1
4571 2344 1
4571 1456 1
1761 61 1
2268 3702 1
2268 1874 1
2268 2374 1
2268 2610 1
2268 3190 1
2268 3104 1
2268 3134 1
2268 2279 1
2268 3160 1
2268 856 1
2268 393 1
2268 2740 1
3452 1662 1
3452 888 1
4273 3311 1
4318 4005 1
2053 3002 1
2053 2635 1
2053 113 1
2053 1173 1
2053 1212 1
2053 841 1
2053 2001 1
2053 2123 1
894 3983 1
3448 945 1
1840 126 1
1840 2793 1
695 2045 1
695 2928 1
695 2446 1
3833 721 1
1704 626 1
2578 2920 1
2578 2891 1
2578 605 1
586 1316 1
586 177 1
4268 546 1
470 463 1
470 4418 1
470 1302 1
193 699 1
193 269 1
193 500 1
193 4301 1
193 1651 1
193 3526 1
1147 1215 1
4157 1686 1
4102 1832 1
1315 1426 1
1315 1895 1
1315 4874 1
1315 481 1
1315 345 1
1315 175 1
1315 2975 1
1315 3105 1
1315 4129 1
1315 3025 1
1315 2746 1
1315 687 1
646 3664 1
646 406 1
646 4298 1
646 2372 1
646 4474 1
646 3535 1
646 1001 1
646 2808 1
646 2317 1
646 3035 1
646 3532 1
646 2837 1
3635 4220 1
3635 1431 1
3635 555 1
3635 1894 1
3635 844 1
3635 321 1
3635 271 1
3133 335 1
1407 2206 1
1429 3389 1
1429 387 1
1216 3284 1
1557 4638 1
1557 3985 1
1557 6 1
1557 313 1
1557 1675 1
1557 2246 1
1557 550 1
1557 1755 1
1557 825 1
1557 4838 1
1557 214 1
1557 2527 1
1557 1478 1
1907 181 1
1161 1372 1
1161 4564 1
1161 697 1
1161 4381 1
1161 1384 1
1161 2501 1
653 4856 1
1858 3213 1
1858 503 1
1858 3304 1
489 552 1
489 3591 1
489 799 1
489 2681 1
489 2651 1
489 2770 1
3888 1636 1
1850 106 1
1850 2436 1
1850 2868 1
1850 4749 1
1850 1428 1
1850 2579 1
1850 3547 1
1850 4507 1
1850 4667 1
1850 1261 1
1850 865 1
1850 4004 1
1850 4166 1
1850 3439 1
4134 2893 1
4134 2788 1
3299 767 1
4408 356 1
368 589 1
4586 3393 1
4586 1203 1
4586 2580 1
4586 2674 1
4586 612 1
4586 794 1
4586 1482 1
4586 164 1
4586 89 1
4586 1444 1
3106 94 1
3188 1633 1
1843 4392 1
1843 4660 1
1843 3815 1
3630 3073 1
4410 3431 1
4410 3036 1
4410 1726 1
4410 3857 1
4410 1617 1
4410 4401 1
4410 420 1
4410 599 1
4410 638 1
4410 1430 1
4410 1727 1
4410 1610 1
4410 2773 1
1911 3977 1
1911 1438 1
1911 1586 1
1911 48 1
1911 2643 1
1911 1970 1
1911 894 1
1911 3300 1
1911 4789 1
1911 4458 1
1911 1765 1
1911 2763 1
1911 1959 1
1911 2475 1
1911 138 1
1911 2727 1
3555 2215 1
3555 1234 1
3555 2336 1
3555 4179 1
3555 2007 1
3555 678 1
3555 1408 1
3555 554 1
3555 731 1
3555 3158 1
3555 3757 1
3555 3849 1
3555 1914 1
3476 2217 1
3733 2831 1
3733 1364 1
455 3570 1
455 1402 1
4631 1814 1
1148 170 1
3984 3136 1
3984 4059 1
3984 4358 1
3984 1993 1
3984 4835 1
3984 3404 1
3984 4555 1
2259 2524 1
2259 1857 1
2968 3991 1
550 998 1
550 2767 1
3100 4485 1
3100 4053 1
3100 3859 1
3100 3123 1
3100 3913 1
3100 2434 1
3100 2231 1
3100 3291 1
3100 4411 1
3100 3264 1
3542 4643 1
4236 3421 1
3886 1385 1
801 3698 1
801 1880 1
801 4013 1
801 1864 1
801 4408 1
801 4817 1
801 4378 1
801 686 1
801 3233 1
801 301 1
801 1547 1
801 3618 1
2544 90 1
4553 575 1
3912 2193 1
3117 4110 1
3117 1650 1
3117 3092 1
3093 1918 1
4319 132 1
3658 1286 1
3498 4742 1
3498 3374 1
126 3550 1
126 412 1
610 603 1
610 4007 1
616 680 1
616 3326 1
616 414 1
616 4681 1
616 3816 1
616 1471 1
616 1174 1
616 3582 1
616 2207 1
1999 2438 1
1999 3822 1
1511 1501 1
1511 1642 1
1511 573 1
1511 3545 1
1511 1520 1
1511 361 1
1511 4579 1
1511 2624 1
1511 3524 1
3705 4656 1
3705 4323 1
3705 3940 1
3705 215 1
3705 720 1
3705 1214 1
3705 4342 1
3705 3883 1
3705 42 1
3705 1337 1
3705 2172 1
3705 4269 1
3705 4413 1
3705 99 1
3705 2150 1
3705 1564 1
3705 2760 1
3705 152 1
3705 2428 1
3705 2971 1
3705 1921 1
3705 3993 1
3705 2096 1
3705 4836 1
1200 3061 1
3808 1808 1
1248 453 1
1664 3375 1
3292 1719 1
2078 1804 1
3214 1064 1
901 2991 1
4199 1304 1
742 4303 1
742 4612 1
742 114 1
742 185 1
742 1698 1
742 2820 1
742 311 1
742 553 1
742 79 1
742 1813 1
742 2900 1
742 1800 1
742 1345 1
4900 1688 1
863 2131 1
863 1283 1
863 2060 1
1130 1340 1
1130 4251 1
1130 545 1
1130 1853 1
1130 1136 1
1130 674 1
1130 1485 1
1130 11 1
1130 2459 1
1130 1292 1
1130 4097 1
1130 704 1
1130 4135 1
1130 2455 1
1130 4072 1
1130 4328 1
2463 4575 1
2463 2460 1
2463 693 1
2463 2415 1
2463 3793 1
3708 1014 1
3708 3922 1
3708 1419 1
3708 2519 1
3708 584 1
3708 183 1
3708 1401 1
3708 3799 1
3708 278 1
3708 4409 1
3708 3317 1
3708 1100 1
3708 3460 1
3708 73 1
3708 3514 1
3708 2732 1
3708 74 1
3708 378 1
3708 1960 1
3708 4802 1
3708 571 1
2782 184 1
2782 639 1
2658 3824 1
2658 1833 1
3469 1683 1
491 3265 1
491 4595 1
491 2186 1
1141 4777 1
3899 2380 1
3899 1163 1
3899 3974 1
1757 4720 1
2953 2571 1
2953 967 1
1693 708 1
1693 4141 1
1693 4466 1
1693 4554 1
1693 798 1
1693 1191 1
1693 1919 1
1693 1583 1
1693 4768 1
1693 3049 1
1693 1197 1
1693 4376 1
1693 3560 1
1693 2291 1
1693 2023 1
1693 2924 1
1693 2257 1
1693 2386 1
1693 4232 1
1693 3275 1
1693 4438 1
1693 1531 1
1693 4450 1
1693 4459 1
1693 4289 1
1693 616 1
1693 2297 1
1693 298 1
1693 4900 1
1693 216 1
1693 1387 1
1693 1246 1
1693 2461 1
1693 4382 1
1693 3917 1
1693 784 1
1693 1471 1
1693 1152 1
1693 875 1
1693 2974 1
1693 957 1
1693 1495 1
1693 4248 1
1693 3681 1
1693 1694 1
1693 4208 1
1693 3325 1
1693 3151 1
1693 2887 1
1693 3003 1
1693 4443 1
1693 4026 1
1693 2212 1
1693 3919 1
1693 1935 1
3607 4860 1
3736 873 1
3736 2839 1
3736 2192 1
3736 3403 1
3736 642 1
3736 263 1
3736 640 1
3736 849 1
3736 835 1
3736 1772 1
3736 3372 1
3736 722 1
3736 2593 1
3736 582 1
4481 1276 1
98 2171 1
189 3405 1
4018 3383 1
4018 2644 1
3204 2066 1
2940 2793 1
3549 3649 1
3549 2663 1
3549 498 1
3549 1277 1
3549 2293 1
3286 2412 1
4222 3282 1
4592 2315 1
4592 1881 1
4592 629 1
2648 3371 1
2648 1346 1
2648 3167 1
2648 3800 1
2648 1558 1
2648 904 1
2648 2337 1
2648 2024 1
2648 1775 1
2648 745 1
2648 2148 1
2648 205 1
2648 930 1
2648 2413 1
2648 1342 1
2648 2802 1
1061 2781 1
1061 435 1
1061 2020 1
1061 800 1
1061 2084 1
3605 1682 1
4682 4694 1
2114 3028 1
2114 1537 1
2114 4610 1
2114 1258 1
2114 1359 1
2114 534 1
1857 1041 1
1857 2616 1
4109 4472 1
4109 3267 1
4109 1334 1
4109 1916 1
4109 4073 1
2110 4112 1
2110 3050 1
2110 707 1
4509 4819 1
3520 2979 1
4194 2432 1
384 4076 1
2980 4750 1
2729 1752 1
3367 370 1
3809 1936 1
3809 158 1
3809 1168 1
4389 3812 1
3473 2881 1
2036 2621 1
4284 1596 1
4284 1005 1
3767 144 1
3094 2453 1
3094 2614 1
2122 31 1
2122 3946 1
2122 2842 1
2410 290 1
2410 827 1
2410 4187 1
2410 1042 1
2410 2313 1
2410 4591 1
2410 3600 1
2410 477 1
2410 877 1
1899 3806 1
1899 92 1
1711 3824 1
4527 3862 1
4415 2383 1
2247 3224 1
2247 587 1
2247 1023 1
392 1932 1
3547 4779 1
3547 3127 1
656 911 1
3247 2389 1
3247 4105 1
3247 3845 1
3247 4223 1
3247 3117 1
3247 528 1
3247 3074 1
3247 4875 1
3247 574 1
3247 1952 1
3628 742 1
1665 1944 1
1665 4213 1
1665 2431 1
1665 3876 1
1789 1911 1
1789 4578 1
3737 2304 1
2012 3920 1
2133 1269 1
2223 2542 1
2223 1077 1
2223 4713 1
2223 3740 1
2223 437 1
2223 4034 1
2223 4675 1
2223 3324 1
2223 4549 1
2223 1622 1
2223 3353 1
2223 37 1
2223 2262 1
2223 1969 1
2223 272 1
2223 2829 1
2223 4850 1
2223 3473 1
2223 908 1
2223 2283 1
2223 1060 1
2223 3262 1
2223 541 1
2223 556 1
2223 2258 1
2223 4757 1
2223 4439 1
2223 3097 1
2223 4676 1
2223 3037 1
2223 1739 1
254 641 1
254 2871 1
993 1708 1
993 1761 1
993 44 1
993 2069 1
465 4803 1
465 1841 1
465 1388 1
465 4893 1
3827 59 1
1306 3608 1
1000 131 1
2325 3577 1
2325 4547 1
3713 4839 1
3713 139 1
3713 1351 1
3713 4406 1
3713 565 1
3713 2994 1
3713 1067 1
3713 2951 1
232 2305 1
232 1439 1
232 2473 1
232 3162 1
232 876 1
232 482 1
232 4218 1
232 1448 1
232 755 1
232 4195 1
232 2026 1
232 4478 1
232 706 1
232 3119 1
232 4499 1
232 499 1
649 813 1
649 2140 1
649 592 1
649 2537 1
649 3820 1
649 1369 1
649 3347 1
649 811 1
649 2076 1
649 3881 1
649 2097 1
649 54 1
649 3650 1
649 4677 1
649 2790 1
649 1195 1
649 2378 1
649 4311 1
649 4797 1
649 2072 1
649 3631 1
649 4206 1
649 2136 1
649 2851 1
649 2022 1
649 3794 1
649 2 1
649 85 1
649 3846 1
649 2769 1
649 2605 1
649 2602 1
4152 2040 1
4152 943 1
4152 3753 1
4152 4357 1
4152 785 1
4152 2572 1
4152 3423 1
4152 2684 1
4152 4577 1
4152 254 1
4152 3425 1
4152 577 1
4152 2660 1
4152 1144 1
4152 4644 1
4152 2264 1
4152 1255 1
4152 739 1
4152 473 1
4152 3432 1
2354 489 1
369 2589 1
369 159 1
1133 4842 1
3317 3860 1
3317 1940 1
117 2911 1
117 1365 1
117 2982 1
117 2047 1
117 3125 1
4312 3268 1
4312 4321 1
4312 4254 1
3807 3959 1
650 2056 1
1225 3198 1
4042 1497 1
1299 3010 1
1299 1493 1
1299 4534 1
1299 4197 1
1299 1568 1
1299 3015 1
1299 4305 1
1299 1576 1
4422 3725 1
3834 3551 1
3834 663 1
1029 1787 1
4238 111 1
1540 4145 1
3734 2086 1
3734 4252 1
3734 2339 1
4542 4209 1
4542 1999 1
4696 4565 1
4696 1317 1
4696 4091 1
4696 1676 1
3357 4652 1
3357 2743 1
3357 2229 1
136 2654 1
3957 681 1
1076 2541 1
1076 2124 1
1076 4709 1
1076 1113 1
1076 885 1
1076 2503 1
751 3700 1
751 2699 1
751 3289 1
751 4306 1
751 3259 1
751 4892 1
751 4895 1
751 4806 1
751 965 1
3293 4094 1
270 512 1
270 547 1
270 2709 1
270 3891 1
1283 4721 1
1283 910 1
1283 4313 1
1283 1565 1
1283 1517 1
1283 4705 1
1283 4846 1
4414 3549 1
3699 3137 1
4440 1975 1
2448 583 1
1833 3335 1
4117 4545 1
3397 4530 1
3715 2761 1
3715 4276 1
3715 3052 1
3460 3948 1
3460 1723 1
3075 148 1
4065 3936 1
3966 1285 1
1155 999 1
1155 140 1
1155 3625 1
1155 4333 1
1155 483 1
1155 3233 1
1155 1657 1
1155 2307 1
1155 833 1
1155 4217 1
1155 4077 1
1155 4054 1
1155 3474 1
4314 472 1
316 415 1
867 1194 1
867 1386 1
867 562 1
867 747 1
867 3712 1
867 95 1
867 3382 1
867 3928 1
867 2429 1
4243 401 1
3456 1523 1
1530 2686 1
118 2797 1
118 631 1
118 839 1
118 4391 1
118 1034 1
118 2243 1
118 840 1
1409 4136 1
4651 1321 1
4651 4238 1
1311 1643 1
1311 213 1
2551 4050 1
938 1380 1
938 2300 1
938 2719 1
938 4889 1
938 4025 1
938 595 1
938 3951 1
938 858 1
938 3110 1
938 2187 1
938 818 1
938 167 1
938 1050 1
938 4137 1
938 4334 1
938 36 1
938 2886 1
4377 4193 1
1489 4492 1
47 2272 1
3007 4201 1
4848 953 1
4848 3750 1
4848 1776 1
3675 2852 1
3675 4647 1
3675 1593 1
3675 4270 1
3675 4280 1
3675 2265 1
3675 2735 1
3675 1199 1
3675 1422 1
3675 2402 1
3675 2807 1
3675 3280 1
3890 4834 1
1638 2766 1
921 3481 1
921 1699 1
921 4285 1
921 1461 1
3505 3305 1
704 4014 1
704 2950 1
704 1608 1
704 4174 1
704 1324 1
704 4710 1
704 1381 1
704 3586 1
704 2845 1
704 4683 1
1954 3352 1
2054 3344 1
4162 3083 1
4756 4741 1
1087 4558 1
1087 3611 1
2960 1028 1
2960 1080 1
2960 4152 1
2189 795 1
2189 2673 1
2189 365 1
2189 3761 1
2189 3659 1
2189 3795 1
2189 286 1
613 782 1
613 3897 1
613 4130 1
613 1043 1
613 4738 1
613 1432 1
4708 4063 1
3359 2754 1
1561 4875 1
2154 3040 1
2154 3811 1
3394 2116 1
3394 1445 1
3394 3667 1
3394 1663 1
3394 172 1
3394 3470 1
3394 1091 1
3394 171 1
3394 2757 1
3394 4064 1
191 117 1
2171 4550 1
2171 320 1
2171 4138 1
2171 3450 1
2171 3445 1
2171 4090 1
2171 1179 1
3719 4393 1
4119 3510 1
4119 3863 1
2046 1771 1
3608 1046 1
1668 1310 1
1668 4016 1
1668 4084 1
1668 2167 1
1668 2604 1
1668 3249 1
1668 3276 1
1668 2013 1
1668 3362 1
1668 1253 1
1668 3726 1
1668 3385 1
1668 3544 1
1668 3579 1
1668 4037 1
1668 3255 1
1668 4751 1
1668 2176 1
1668 1123 1
1668 1518 1
1668 4630 1
1668 4723 1
1668 4133 1
1668 58 1
1668 1036 1
1668 3797 1
1668 3428 1
1668 1125 1
1668 2338 1
1668 2371 1
196 149 1
3259 436 1
3259 135 1
3259 1499 1
3259 1301 1
3259 1137 1
3259 2442 1
3259 1796 1
3259 3952 1
3259 416 1
3259 3563 1
3259 3112 1
3259 2919 1
3259 937 1
3259 521 1
3259 201 1
3259 4416 1
3259 4036 1
3259 2292 1
3259 2728 1
3259 2144 1
3259 4613 1
3259 4262 1
3259 1434 1
3259 4098 1
3259 2158 1
3259 1604 1
3259 1543 1
3259 26 1
3259 338 1
2637 1243 1
2637 4099 1
1906 1153 1
1906 4463 1
2135 3602 1
3891 1912 1
3891 1196 1
3891 1270 1
3891 4671 1
3891 4383 1
3891 3099 1
3891 3934 1
1188 1753 1
2087 1327 1
2087 2536 1
2087 266 1
2087 985 1
2087 1897 1
2087 2048 1
2087 3543 1
2087 2303 1
2087 2476 1
2087 1557 1
2087 3598 1
2087 3839 1
2087 3163 1
2087 3932 1
2087 1550 1
2087 49 1
2087 2260 1
2087 4086 1
2087 2216 1
2087 4703 1
2087 1105 1
2087 3704 1
2087 4035 1
2087 1115 1
2087 4198 1
895 3030 1
895 45 1
895 3314 1
895 1411 1
895 4778 1
895 906 1
458 1729 1
1271 4886 1
1271 3697 1
1271 2535 1
1271 4853 1
1271 4727 1
1271 405 1
1271 1892 1
1271 3776 1
1271 3058 1
1271 2471 1
1271 842 1
1271 2163 1
1271 3714 1
1271 468 1
1271 1788 1
1271 1671 1
1271 2945 1
1271 4566 1
4087 4279 1
2333 2567 1
2333 241 1
2333 2347 1
2333 2082 1
2333 774 1
2333 2532 1
2333 296 1
2333 3779 1
2333 1725 1
2333 1049 1
2333 3376 1
2333 2057 1
2333 3207 1
2333 4434 1
2333 2649 1
2333 2701 1
2333 1785 1
2333 209 1
2333 3641 1
2333 2120 1
2333 2723 1
2333 219 1
2333 1178 1
2333 4339 1
2333 1216 1
2333 1875 1
2333 3409 1
2333 118 1
2333 2018 1
2333 1047 1
2333 2046 1
2333 578 1
2333 4444 1
2333 643 1
2333 346 1
2333 1595 1
2333 386 1
2333 4066 1
2333 4403 1
2333 260 1
2333 4760 1
2333 1355 1
2333 854 1
2333 291 1
2333 2125 1
2333 2941 1
2333 4322 1
1320 4782 1
3306 4609 1
3306 2840 1
3306 1149 1
3306 2423 1
3306 2185 1
1193 2608 1
1232 3537 1
1232 1328 1
4627 3604 1
2384 1902 1
2367 2771 1
2367 1238 1
1794 4490 1
1794 1953 1
3237 2425 1
3237 2863 1
3237 3390 1
3237 327 1
3237 1472 1
3237 355 1
3237 307 1
3237 684 1
3237 456 1
3237 3518 1
3237 221 1
3237 803 1
3237 1842 1
3237 4852 1
3237 1395 1
3237 1452 1
3272 1004 1
3272 4142 1
3272 2141 1
3272 3741 1
3272 4113 1
3272 100 1
3272 2538 1
3272 1413 1
3272 1462 1
3272 2504 1
3272 4 1
3272 3387 1
3272 4770 1
3272 3538 1
3272 1879 1
3272 2395 1
3272 3437 1
3272 1743 1
3272 1728 1
3272 3758 1
3272 2033 1
3272 3638 1
3272 748 1
3272 273 1
1611 1279 1
2763 28 1
2763 29 1
2763 1103 1
2763 3113 1
2763 57 1
4114 4869 1
4114 3736 1
3321 4634 1
2245 1908 1
2245 3718 1
2245 3016 1
2245 4337 1
2245 2357 1
2245 1171 1
2245 3413 1
2245 614 1
2245 4049 1
2245 3319 1
2245 2784 1
2245 1135 1
2245 3854 1
2245 4525 1
2245 2280 1
2245 4163 1
451 330 1
560 2142 1
1657 162 1
1657 1505 1
1657 356 1
1657 3242 1
1657 3727 1
3864 2209 1
3864 3774 1
3864 2155 1
3864 4820 1
3864 3468 1
3864 3692 1
3864 3627 1
19 2809 1
1495 3730 1
1495 1081 1
1495 4143 1
1495 790 1
4763 3189 1
4763 1551 1
4763 3204 1
4763 67 1
668 2151 1
417 620 1
2779 1956 1
2779 3668 1
2779 182 1
2779 741 1
2779 4784 1
2779 4242 1
3115 4891 1
4248 829 1
4248 1835 1
2513 1303 1
2513 4876 1
2513 323 1
2513 3451 1
2513 2675 1
2513 3107 1
2513 2619 1
2513 2058 1
2060 3915 1
2060 959 1
2060 293 1
2060 22 1
2060 4366 1
2060 351 1
2060 4019 1
2060 3355 1
2060 3516 1
2060 4329 1
635 3995 1
635 3102 1
1982 1612 1
1982 3271 1
1982 1659 1
1982 3944 1
1982 4636 1
1982 1656 1
1982 2050 1
1982 3013 1
1982 2318 1
1982 1513 1
1982 1061 1
1982 1882 1
1982 1167 1
1982 2934 1
2126 1241 1
2126 87 1
2126 3813 1
2126 3252 1
2126 1329 1
2126 1484 1
2126 3356 1
2126 3930 1
2126 2306 1
2126 3360 1
2126 2443 1
3441 4661 1
970 4419 1
970 3961 1
970 2617 1
4181 954 1
643 4139 1
643 4773 1
643 443 1
643 2017 1
643 3449 1
643 770 1
643 1802 1
643 1756 1
643 484 1
643 3429 1
643 2041 1
643 4641 1
4360 4154 1
2143 2127 1
1720 1078 1
1720 4585 1
1720 2531 1
1720 727 1
1720 223 1
1720 4483 1
1720 3945 1
1720 581 1
1720 4134 1
1720 511 1
1720 4200 1
1720 3084 1
1720 644 1
1720 1205 1
1378 594 1
1378 746 1
1149 3871 1
4404 3258 1
4404 3780 1
4404 3519 1
1469 1898 1
1469 994 1
1469 4869 1
1469 3103 1
1469 3671 1
1469 2901 1
1469 1816 1
1469 3115 1
3031 1655 1
3334 3226 1
948 287 1
1504 3785 1
1504 2324 1
1504 2177 1
1504 2821 1
3363 4598 1
3363 326 1
3363 1126 1
3363 4222 1
3363 2954 1
3363 3154 1
3363 2631 1
3363 1086 1
3363 469 1
705 2894 1
4765 1946 1
1694 218 1
1694 3840 1
1694 24 1
1694 4081 1
1694 3489 1
1694 1376 1
1694 2853 1
1694 2689 1
1694 2349 1
1694 119 1
1694 2926 1
1694 1330 1
1694 3958 1
1694 1322 1
1694 3419 1
1694 775 1
1694 464 1
1694 3077 1
1694 1162 1
1694 1747 1
2488 3301 1
1446 4476 1
1718 3400 1
3183 4454 1
3183 646 1
386 2776 1
386 3950 1
386 274 1
386 523 1
386 3211 1
386 2108 1
386 4375 1
386 97 1
386 1839 1
3847 3690 1
3887 1690 1
683 3973 1
833 4901 1
833 3656 1
3973 1851 1
874 2612 1
874 3825 1
874 3377 1
2329 779 1
2329 1427 1
2329 3384 1
2329 4798 1
2329 1331 1
4167 3126 1
2529 4678 1
2529 4593 1
2529 1451 1
2529 2935 1
821 363 1
821 919 1
821 1700 1
821 2725 1
821 691 1
821 1535 1
821 3023 1
821 1760 1
821 1973 1
821 3085 1
821 1267 1
821 1496 1
821 819 1
821 450 1
821 3498 1
821 2823 1
821 2916 1
821 955 1
821 2889 1
821 2021 1
821 1013 1
821 2089 1
821 2613 1
821 4673 1
821 524 1
821 4006 1
821 2196 1
821 3454 1
821 2745 1
821 1689 1
821 3597 1
821 80 1
821 1744 1
821 102 1
2065 3584 1
1827 2102 1
2922 2574 1
2922 2595 1
2922 439 1
2922 2970 1
2922 2620 1
2922 1986 1
2922 186 1
2922 944 1
2922 232 1
2922 650 1
2922 4186 1
2922 1333 1
2922 2843 1
2922 204 1
2922 2750 1
4083 1742 1
1995 2454 1
2644 623 1
2644 4432 1
973 190 1
3974 4791 1
3974 3589 1
3974 2316 1
3974 1347 1
1889 874 1
3341 2942 1
4673 1026 1
4807 1291 1
4807 2464 1
4807 1939 1
4807 2897 1
4807 2128 1
4807 2730 1
989 3239 1
3089 4308 1
144 3689 1
144 2552 1
144 2203 1
3381 3497 1
3381 3064 1
3381 129 1
3381 3744 1
3381 1059 1
3381 173 1
3381 4088 1
3381 4125 1
3381 3552 1
3073 2517 1
3073 1184 1
1715 3466 1
2177 4758 1
3670 4862 1
3670 2738 1
3670 2691 1
3670 1915 1
3670 4309 1
3670 1632 1
276 4821 1
2505 1949 1
2505 4249 1
2505 3923 1
165 2287 1
165 4606 1
165 429 1
165 1774 1
165 1780 1
165 1922 1
165 4465 1
165 1989 1
165 2864 1
165 2780 1
165 2109 1
165 593 1
4688 3232 1
667 4540 1
2059 3256 1
1088 364 1
3355 3336 1
3355 4219 1
3355 3960 1
152 2353 1
152 4160 1
152 1044 1
152 3676 1
152 3330 1
152 2006 1
152 38 1
152 3755 1
152 1071 1
1872 4814 1
1454 1503 1
1454 233 1
1454 4512 1
524 919 1
524 288 1
524 237 1
524 2083 1
974 1314 1
4128 1131 1
4128 1012 1
4128 843 1
4128 3054 1
4128 4621 1
4128 4718 1
4128 3348 1
4128 1256 1
4128 4841 1
4128 3865 1
4128 776 1
4128 4573 1
4128 532 1
4128 1673 1
4128 2734 1
4128 2223 1
4128 4294 1
4128 2018 1
4128 191 1
4128 3306 1
4128 683 1
4128 2546 1
4128 1542 1
4128 2309 1
4128 890 1
583 3910 1
583 960 1
583 1974 1
583 3279 1
583 3467 1
583 2722 1
583 533 1
3197 772 1
1967 1659 1
803 781 1
803 964 1
803 2098 1
803 4898 1
259 4365 1
8 2063 1
8 1665 1
8 3770 1
2502 1661 1
2502 1741 1
3696 1420 1
4689 627 1
3693 2028 1
2650 1613 1
2650 3140 1
2650 2533 1
4107 3842 1
1619 3830 1
1619 1309 1
1619 2656 1
1619 3139 1
1619 3004 1
1619 174 1
1619 2224 1
1619 2672 1
1619 3216 1
1619 4666 1
1619 2917 1
3014 4576 1
3014 142 1
3014 2326 1
3014 18 1
334 4601 1
492 2548 1
492 4670 1
492 3527 1
492 1707 1
492 2002 1
492 2253 1
492 1766 1
3392 2996 1
1062 2361 1
4210 815 1
4210 3475 1
4210 1844 1
4210 1734 1
4210 2561 1
4210 3366 1
4210 4247 1
4210 4890 1
4210 3644 1
1507 787 1
1507 3835 1
1507 4468 1
1507 4505 1
1507 2811 1
1507 3746 1
1507 2943 1
1980 1674 1
2773 1726 1
2773 1430 1
2274 1467 1
2274 2910 1
2274 615 1
2274 366 1
2274 761 1
2274 807 1
2274 81 1
2274 2270 1
2274 376 1
3227 3496 1
3227 1574 1
3227 1900 1
3227 4157 1
3227 4290 1
823 601 1
4772 1473 1
2037 1312 1
2037 3578 1
2037 1893 1
2037 4511 1
2037 4746 1
2037 4247 1
2804 4580 1
2804 3114 1
2804 2583 1
2804 3046 1
2804 1950 1
2804 2029 1
2804 850 1
2804 2111 1
2804 4092 1
2804 1009 1
2804 3220 1
2804 1089 1
4000 903 1
2838 2039 1
3417 2463 1
1559 1134 1
4352 3024 1
3168 1913 1
3168 4639 1
3168 2183 1
3168 422 1
3168 1968 1
3168 4384 1
3168 4815 1
3168 418 1
3168 3170 1
3168 2068 1
3168 2375 1
3168 4877 1
2990 3053 1
3303 3786 1
3303 1170 1
3303 4668 1
3303 1701 1
4275 2486 1
4275 3228 1
306 4330 1
306 2638 1
2241 261 1
2241 1639 1
2241 3540 1
2241 2038 1
2241 1394 1
2241 496 1
2241 1957 1
2241 3253 1
2241 4818 1
4180 4107 1
217 1901 1
946 4859 1
2326 2352 1
4878 4347 1
4794 2256 1
4794 2652 1
4794 3967 1
4794 3426 1
4794 2659 1
1205 4698 1
1205 4699 1
1205 2774 1
1205 4385 1
1205 3619 1
1205 3095 1
1205 4258 1
1205 2391 1
1205 1846 1
1205 4068 1
1205 4008 1
1205 4147 1
1205 1360 1
1205 2849 1
1205 961 1
4895 4532 1
4895 133 1
4895 861 1
4895 1423 1
4895 4783 1
4895 4679 1
4895 788 1
4895 671 1
4895 4093 1
1331 1629 1
1157 1479 1
3171 3313 1
3171 294 1
3171 4116 1
3171 4106 1
1015 2847 1
1015 371 1
1015 3530 1
3196 690 1
3196 4847 1
3196 2502 1
3196 3171 1
1164 990 1
1724 1143 1
1031 1736 1
1002 2785 1
1923 2794 1
4327 372 1
4327 1 1
4327 1227 1
1298 4271 1
1298 925 1
1298 3637 1
1298 976 1
1298 3320 1
1298 3231 1
1298 3533 1
1298 4706 1
1298 2156 1
1298 1048 1
1298 3941 1
1298 2981 1
1298 4044 1
1298 4045 1
1710 2929 1
1710 4866 1
1262 4159 1
1262 3288 1
4801 2086 1
1748 4722 1
260 4029 1
1259 1584 1
1065 4714 1
2423 735 1
2423 2237 1
2423 1257 1
2423 3257 1
2423 2240 1
2423 4503 1
2423 1971 1
2423 3487 1
2423 506 1
2423 121 1
2423 3853 1
2423 4581 1
2423 2680 1
2423 2310 1
2423 1904 1
2423 3129 1
2423 2490 1
2423 2418 1
2423 1867 1
2423 2633 1
2423 4431 1
2423 4239 1
2423 391 1
2423 4608 1
2423 2690 1
2423 1990 1
2423 713 1
4188 2112 1
3574 3141 1
588 4227 1
588 1869 1
588 13 1
588 63 1
588 1239 1
2113 1585 1
1057 105 1
1057 610 1
1057 1992 1
1057 607 1
1057 4205 1
1057 492 1
1057 3203 1
1057 1074 1
1057 604 1
906 4808 1
2958 4451 1
2958 902 1
2958 4456 1
567 3775 1
567 2557 1
567 4274 1
4123 1289 1
4123 3738 1
4123 4203 1
4123 332 1
4123 968 1
1318 1703 1
3097 2964 1
3097 4880 1
3097 3749 1
3097 3571 1
3097 3184 1
3097 1681 1
3097 2266 1
3097 3762 1
3097 2521 1
3097 2178 1
3097 75 1
3097 2198 1
3097 2870 1
3097 3642 1
3097 3660 1
3097 1924 1
3097 3250 1
3097 3442 1
1353 1705 1
1353 3331 1
1353 1620 1
2381 2071 1
837 3864 1
837 2711 1
160 23 1
1074 459 1
1074 4449 1
1074 1293 1
1074 647 1
1074 3615 1
1074 3908 1
1074 4734 1
1074 907 1
222 4857 1
5 3041 1
1521 3620 1
1521 2010 1
1521 4653 1
2175 3006 1
1510 1280 1
1455 3523 1
1455 1458 1
1455 380 1
1455 2115 1
1455 2665 1
1455 3707 1
1455 1709 1
1455 69 1
1455 1459 1
1455 2896 1
1455 3086 1
1455 4074 1
1455 3834 1
1455 2909 1
1455 3942 1
1455 4370 1
1455 1920 1
1455 588 1
1455 1749 1
188 3369 1
758 4417 1
3601 3669 1
3601 682 1
3601 949 1
4676 224 1
4676 3350 1
4676 91 1
4587 4588 1
508 3564 1
3841 723 1
4099 2080 1
4099 4277 1
4099 3412 1
4099 3848 1
4099 1311 1
4099 1045 1
4099 299 1
4099 2748 1
4099 598 1
4099 2085 1
2145 1073 1
2653 362 1
2653 264 1
2653 4717 1
2653 1819 1
2653 3124 1
2653 2220 1
2653 763 1
2653 1153 1
2653 2629 1
2653 4169 1
2653 4786 1
2653 2724 1
2653 2244 1
2653 3943 1
2653 1030 1
2653 4264 1
2653 65 1
2653 4498 1
2653 3252 1
2653 557 1
2653 470 1
2653 3818 1
2653 3555 1
2653 4442 1
2653 2233 1
2653 1511 1
2653 419 1
2653 2980 1
2653 2466 1
2653 3206 1
2653 2367 1
2653 4420 1
2653 1378 1
2653 4127 1
2653 1515 1
2653 4732 1
2653 2907 1
2653 926 1
3787 1853 1
3787 465 1
4228 682 1
4228 1396 1
407 3739 1
2340 2816 1
662 2700 1
739 891 1
739 3682 1
739 617 1
739 2483 1
611 3378 1
611 3823 1
611 2271 1
611 927 1
611 2199 1
611 3558 1
611 762 1
611 4405 1
611 1778 1
611 1566 1
611 2439 1
611 2898 1
2321 2751 1
1186 4484 1
1084 4056 1
743 431 1
743 1361 1
743 2036 1
743 2032 1
2494 1795 1
3122 505 1
1732 2273 1
1732 1631 1
1732 2164 1
1732 197 1
1732 3094 1
1732 1266 1
1732 4635 1
1732 1139 1
1732 4829 1
1732 3877 1
1732 4615 1
1732 1066 1
1732 1977 1
1732 2173 1
1732 1400 1
4602 4864 1
4602 2449 1
4602 3440 1
4602 4840 1
4602 1598 1
4602 3979 1
4602 3212 1
4602 3594 1
4602 2708 1
4602 3410 1
4602 143 1
4602 831 1
4602 997 1
4602 1794 1
4602 715 1
4602 212 1
4602 3471 1
4602 4753 1
4602 2883 1
4602 3504 1
4602 4649 1
4602 4470 1
344 3963 1
344 3754 1
4535 4031 1
4054 3185 1
4054 1942 1
4054 3360 1
4054 3022 1
3509 3536 1
3509 3116 1
3509 4514 1
3509 1733 1
3509 350 1
3509 619 1
3509 1507 1
3509 153 1
3509 3322 1
3509 1498 1
1935 1938 1
1935 71 1
1935 2005 1
1935 2467 1
1935 3012 1
1935 1972 1
1935 2645 1
1935 504 1
1935 4521 1
1935 2832 1
1935 632 1
1935 752 1
1935 529 1
1935 656 1
1935 1886 1
1935 4894 1
1935 4510 1
1935 3000 1
1935 516 1
1935 2764 1
1935 4582 1
1935 390 1
2371 2604 1
2371 3069 1
2371 2534 1
2371 4648 1
2371 2878 1
2371 1577 1
2371 2824 1
2371 3 1
2371 2016 1
2371 3665 1
2371 569 1
2371 4369 1
2371 2890 1
2371 1502 1
3970 4787 1
3970 3446 1
3970 3245 1
3970 485 1
3970 1366 1
3970 3406 1
3970 1349 1
3970 4553 1
3970 314 1
3970 430 1
3970 3583 1
3970 681 1
3970 21 1
3970 559 1
1603 1768 1
1603 1373 1
1603 4148 1
1603 3685 1
1603 2368 1
1603 3882 1
1603 3590 1
1603 4486 1
1603 341 1
4145 4790 1
4163 4433 1
4163 4546 1
4163 4023 1
4163 2995 1
4163 137 1
1909 1641 1
1909 2406 1
1909 2345 1
1909 445 1
1909 4349 1
1909 3635 1
1909 440 1
1909 1958 1
1909 1670 1
1909 933 1
1909 3970 1
670 2793 1
1721 1991 1
1988 2825 1
1988 749 1
1988 3588 1
1988 971 1
1988 2667 1
1988 2190 1
1684 1250 1
2385 4707 1
101 4536 1
101 3872 1
890 4551 1
890 1588 1
890 3038 1
890 3500 1
890 1300 1
890 2578 1
890 3386 1
890 909 1
890 4284 1
890 3130 1
890 227 1
890 1791 1
890 4736 1
2125 4570 1
2125 4548 1
2125 2267 1
2125 1769 1
2125 502 1
2125 2321 1
1987 2274 1
926 3933 1
926 203 1
4470 333 1
4470 3101 1
4470 4522 1
4470 3568 1
4470 305 1
4470 4491 1
4470 3805 1
4470 1706 1
4470 3379 1
4470 1418 1
4470 3186 1
4470 1623 1
4470 2786 1
4470 859 1
4470 3169 1
4470 4519 1
4470 1068 1
2364 3142 1
2364 3613 1
2941 2379 1
897 3457 1
897 1951 1
897 4865 1
897 1680 1
897 2401 1
654 4094 1
4020 3851 1
4020 2673 1
4020 3180 1
4020 4132 1
4020 1669 1
4020 441 1
4020 3888 1
4020 4616 1
4020 1076 1
4020 2189 1
4020 4584 1
4020 4274 1
4020 2143 1
4020 276 1
4020 3924 1
4020 334 1
4020 2037 1
4020 892 1
4020 1455 1
1490 2355 1
1490 2282 1
1490 3071 1
1490 3424 1
1490 4664 1
1490 4095 1
1490 2114 1
1490 4225 1
1490 2671 1
1490 4822 1
1490 446 1
4618 2077 1
4618 1981 1
3053 379 1
3053 2472 1
3053 4051 1
261 3994 1
261 1560 1
2272 486 1
3621 4823 1
3621 2576 1
3621 768 1
4089 2197 1
4089 4189 1
4089 3870 1
4089 3616 1
4089 3989 1
4089 893 1
4089 3144 1
4089 3152 1
4089 3315 1
4089 2311 1
4089 166 1
3415 4386 1
3415 242 1
1526 4027 1
2686 2818 1
4897 2998 1
4191 1233 1
4191 4040 1
4191 4692 1
4191 1562 1
2597 609 1
2597 1040 1
2436 3651 1
2436 4340 1
2436 2697 1
4559 3312 1
4559 1416 1
4559 4501 1
4559 2876 1
4559 4351 1
4559 3065 1
4559 25 1
1529 352 1
1529 4471 1
1243 2666 1
1243 4640 1
1243 1083 1
4493 56 1
545 4296 1
545 1614 1
545 155 1
2562 1536 1
2562 882 1
1588 3462 1
1588 513 1
1588 1483 1
1588 3472 1
1588 2693 1
1588 1516 1
1588 648 1
1012 878 1
1012 3760 1
1012 3248 1
1012 2704 1
1012 3879 1
1012 1870 1
1012 4523 1
1012 476 1
1012 2830 1
1012 3277 1
1012 2335 1
1012 2682 1
1012 1751 1
1012 32 1
1012 1449 1
1012 4265 1
1012 3666 1
1012 820 1
1012 4687 1
3124 1917 1
3697 147 1
879 318 1
2102 3199 1
3180 2496 1
3955 1737 1
720 1488 1
720 3150 1
720 55 1
720 1640 1
4585 3070 1
4585 4021 1
4585 395 1
2282 1847 1
2282 880 1
3725 1695 1
3011 4192 1
3011 1687 1
3011 3554 1
3011 4379 1
4816 347 1
114 3999 1
3054 3672 1
3054 934 1
3054 1228 1
3054 1578 1
3054 2444 1
3054 608 1
3054 3673 1
3054 4151 1
3054 2736 1
3054 2569 1
3054 2226 1
3054 1189 1
3054 3722 1
3054 353 1
3740 16 1
3740 124 1
3740 1063 1
2560 354 1
2560 2622 1
2641 2334 1
4609 1925 1
4609 1861 1
4609 2789 1
3240 2034 1
4224 1338 1
4224 2815 1
4224 936 1
2725 2351 1
2725 2204 1
2725 250 1
3297 812 1
589 1597 1
1955 2717 1
1955 1260 1
457 4810 1
2484 975 1
2484 4286 1
2484 490 1
2484 548 1
2484 1976 1
2484 3333 1
2484 1546 1
2023 797 1
4237 2470 1
4237 4896 1
4237 4589 1
4237 1770 1
4237 4792 1
4237 4729 1
4237 4353 1
4237 1307 1
4237 757 1
1734 1092 1
1734 2972 1
566 1500 1
566 4733 1
566 2678 1
566 1244 1
566 4009 1
566 542 1
3440 4441 1
2535 4795 1
2535 701 1
3339 3629 1
3339 56 1
3339 1104 1
3339 4496 1
3339 3173 1
3339 3479 1
1098 2235 1
1098 4487 1
1098 2670 1
3859 2657 1
3859 2119 1
3859 322 1
3859 1983 1
64 1750 1
4015 1354 1
729 4103 1
729 4297 1
4264 292 1
4264 4155 1
4264 1093 1
4264 2998 1
4264 2703 1
234 1783 1
718 187 1
718 4259 1
718 2596 1
718 696 1
1102 3606 1
1102 331 1
1102 2611 1
1102 1097 1
1102 319 1
1102 228 1
1102 4674 1
1102 4473 1
1102 4769 1
1102 1223 1
1102 1335 1
1102 832 1
1102 4515 1
1102 1609 1
1102 4397 1
1102 1803 1
2683 109 1
4754 3175 1
3902 4060 1
3902 3593 1
3902 3867 1
3902 688 1
3902 3539 1
3902 3556 1
3902 2435 1
3902 1961 1
3902 1779 1
3902 838 1
3813 3580 1
2498 4447 1
2498 358 1
2970 2741 1
4276 4211 1
4276 1024 1
2080 2170 1
3979 558 1
3979 3017 1
563 3632 1
3843 304 1
3843 243 1
2373 1824 1
2373 3066 1
2373 3645 1
2373 2221 1
2373 3875 1
2218 4010 1
1929 2421 1
1929 471 1
1929 2301 1
1929 2348 1
223 2094 1
2831 4517 1
2831 3273 1
3423 2880 1
3423 881 1
4235 2181 1
1829 2323 1
1829 4371 1
1829 3784 1
3134 777 1
1300 2165 1
1300 3826 1
1300 2955 1
1300 1697 1
1300 3790 1
1300 1579 1
1300 4755 1
1479 2588 1
1479 1605 1
1479 2134 1
1479 2817 1
1479 940 1
1479 285 1
1596 1221 1
1970 1862 1
3314 4214 1
3314 1118 1
105 4172 1
105 4747 1
105 2499 1
105 4245 1
105 3166 1
105 1457 1
105 700 1
4158 2194 1
2268 929 1
2268 2465 1
2053 1463 1
1315 1032 1
1315 2414 1
1315 3771 1
3635 1375 1
3635 1111 1
1557 4672 1
1557 2416 1
1557 3349 1
1557 4685 1
1557 1793 1
1557 130 1
1907 4278 1
489 1678 1
1850 978 1
4134 3072 1
4586 2278 1
4586 3595 1
4586 1037 1
4586 432 1
4410 979 1
4410 3243 1
4410 4341 1
4410 2408 1
4410 4680 1
4410 2720 1
4410 1374 1
4410 3337 1
1911 730 1
1911 1862 1
1911 1339 1
1911 2404 1
1911 1007 1
1911 1679 1
3555 2947 1
550 501 1
801 2100 1
801 1052 1
801 537 1
801 2281 1
1565 4057 1
3912 3559 1
3912 3688 1
3912 3483 1
3912 279 1
3912 12 1
3912 3814 1
3912 2222 1
3912 551 1
3912 4250 1
3912 315 1
126 685 1
126 1486 1
616 1658 1
616 2403 1
3705 2493 1
3705 4748 1
3705 2230 1
3705 3661 1
3705 4497 1
742 1235 1
863 862 1
863 2973 1
1130 3042 1
1130 2456 1
1130 4144 1
1130 2360 1
1130 3633 1
1130 20 1
1130 3684 1
2463 1848 1
2463 2798 1
1693 4529 1
1693 4324 1
1693 86 1
1693 2433 1
1693 4101 1
1693 3396 1
1693 3062 1
1693 2581 1
1693 2202 1
1693 1150 1
1693 4261 1
1693 1211 1
1693 2712 1
1693 580 1
3736 3488 1
3736 280 1
1569 1474 1
1569 3241 1
1569 4207 1
1569 4421 1
1569 1180 1
4592 796 1
2648 625 1
2648 1691 1
2648 1251 1
2648 112 1
2648 1231 1
2648 1477 1
1061 2835 1
1061 2585 1
2114 2655 1
2114 1146 1
3338 716 1
1352 2755 1
3094 3569 1
1903 4604 1
1903 2706 1
1903 3433 1
1903 46 1
1903 4628 1
1903 4561 1
1903 2506 1
1903 236 1
1903 913 1
3247 4642 1
2223 714 1
2223 3599 1
2223 4398 1
2223 7 1
3827 1838 1
3256 3904 1
3713 2555 1
3713 4796 1
3713 868 1
3713 3742 1
3713 4430 1
3713 2101 1
3713 4429 1
3713 3254 1
232 2989 1
232 3971 1
649 381 1
649 141 1
649 1512 1
4152 4541 1
4152 247 1
4152 3147 1
4152 3968 1
117 2772 1
117 3763 1
650 2857 1
1299 2393 1
1299 931 1
1299 2052 1
1299 249 1
4696 4190 1
4696 444 1
3357 4771 1
2600 4343 1
1076 4662 1
1833 277 1
3966 377 1
3966 2392 1
3966 630 1
3966 403 1
3966 1481 1
3966 2227 1
3966 4637 1
3966 3021 1
1155 2294 1
1155 535 1
1155 664 1
1155 3219 1
1155 4423 1
1155 2634 1
867 408 1
1876 4307 1
118 3411 1
118 3810 1
4848 3215 1
4848 3285 1
4848 3677 1
4848 4149 1
3675 3358 1
921 4304 1
921 1116 1
921 2405 1
704 2582 1
704 1209 1
704 3647 1
704 1525 1
704 3792 1
704 3759 1
704 2861 1
613 4731 1
2892 1470 1
2171 939 1
4119 3609 1
4119 3143 1
1668 2441 1
1668 882 1
1668 1754 1
1668 283 1
1668 2407 1
1668 1859 1
1668 2358 1
1668 2169 1
1668 1740 1
1668 1424 1
1668 1790 1
3259 4793 1
3259 3783 1
3259 2210 1
3259 2168 1
3259 928 1
3259 3954 1
2087 3978 1
2087 922 1
2087 2856 1
2087 728 1
2087 2570 1
1271 950 1
1271 1390 1
1271 1712 1
1271 2014 1
1271 2921 1
2333 995 1
2333 3176 1
2333 847 1
2333 4743 1
2333 3145 1
2333 2286 1
2333 325 1
2333 2698 1
2333 817 1
2333 2121 1
2333 3091 1
2333 3177 1
2333 52 1
2333 3623 1
2333 2191 1
2333 606 1
2333 2718 1
2333 1615 1
2333 4719 1
2333 4488 1
2367 1218 1
2367 4733 1
3272 1247 1
3272 2285 1
3272 2074 1
2763 2865 1
2245 507 1
2245 1206 1
2245 4104 1
1657 679 1
3864 3178 1
4763 3802 1
4763 2422 1
2779 4078 1
2779 1931 1
2779 2819 1
2779 3878 1
4248 3179 1
2060 4617 1
2060 200 1
2060 2284 1
737 1933 1
2126 284 1
2126 846 1
2126 754 1
2126 4539 1
2126 4069 1
1720 1552 1
1720 2676 1
1149 2276 1
1469 2520 1
1469 824 1
1469 1928 1
3363 1070 1
3363 1784 1
4765 709 1
4765 4724 1
386 3096 1
386 1181 1
386 4011 1
386 4173 1
386 1722 1
821 1877 1
821 4297 1
821 621 1
821 4212 1
821 178 1
821 4426 1
821 2677 1
821 3711 1
821 719 1
821 1435 1
821 4711 1
821 389 1
821 3990 1
821 3743 1
821 750 1
821 4446 1
821 4204 1
2922 1581 1
2922 1538 1
2922 4052 1
2644 4118 1
2644 698 1
4807 1159 1
4807 1762 1
3670 826 1
3670 2067 1
3670 4368 1
2505 169 1
165 756 1
152 1645 1
152 2879 1
524 4645 1
4128 2936 1
4128 4489 1
4128 4362 1
4128 2705 1
4128 275 1
583 1487 1
803 2162 1
803 980 1
803 1624 1
1619 1527 1
492 538 1
492 1965 1
492 3894 1
492 3721 1
4210 3975 1
4210 4079 1
4210 2491 1
1507 4111 1
1507 2225 1
464 1032 1
2274 665 1
2274 447 1
2037 4785 1
2037 3541 1
2037 66 1
2037 4700 1
2037 2445 1
2804 3788 1
3168 2803 1
3168 2927 1
397 2049 1
2241 3866 1
2241 814 1
2241 1382 1
2241 1182 1
2241 802 1
2241 3998 1
2241 2850 1
2241 4255 1
2241 860 1
2241 1628 1
2241 2146 1
2241 211 1
2241 3490 1
2241 2091 1
2241 4427 1
2241 2497 1
2241 3480 1
4794 3148 1
1205 1570 1
1205 1528 1
3171 367 1
3196 1716 1
3196 1072 1
1298 1602 1
2423 1825 1
2423 896 1
2423 4299 1
588 3907 1
588 108 1
588 2906 1
588 3225 1
1057 1826 1
3097 282 1
3097 531 1
3097 1281 1
3097 4122 1
3097 1941 1
3097 2174 1
3097 1363 1
3097 2092 1
1074 2011 1
1074 3772 1
1074 1773 1
1455 2512 1
1455 1263 1
1455 3748 1
1455 4537 1
1455 915 1
1455 1254 1
1455 1539 1
4099 4735 1
4099 4282 1
2653 730 1
2653 4340 1
2653 4568 1
2653 590 1
2653 3427 1
2653 1589 1
2653 962 1
2653 2359 1
2653 596 1
2653 2478 1
2653 33 1
2653 2668 1
2653 733 1
2653 869 1
2653 4120 1
2653 3418 1
2653 3575 1
2653 4837 1
2653 3436 1
2653 3766 1
2653 339 1
2653 2450 1
2653 4121 1
2653 3155 1
2653 17 1
3503 226 1
611 920 1
611 421 1
1732 3507 1
1732 2093 1
1732 2252 1
4602 2000 1
4602 1183 1
4054 3728 1
3509 3581 1
1935 3926 1
1935 1625 1
1935 2157 1
1935 2908 1
1935 3399 1
2371 134 1
2371 3703 1
1603 1112 1
1603 522 1
4163 2992 1
4163 3603 1
1988 3561 1
890 1890 1
890 2064 1
890 3686 1
4470 3283 1
4470 251 1
4020 2692 1
4020 4686 1
4020 76 1
4020 3056 1
4020 4293 1
4020 864 1
2996 487 1
2996 2261 1
1010 4609 1
1010 340 1
3868 1226 1
1447 1693 1
4281 3321 1
4399 1887 1
3368 2255 1
2976 3509 1
1124 2340 1
912 4623 1
3821 10 1
4272 4345 1
1891 4602 1
2584 3716 1
2554 3621 1
2554 2683 1
2554 3014 1
2554 1057 1
1685 1554 1
1685 4762 1
2810 2008 1
3694 152 1
4354 3843 1
4625 4693 1
336 3339 1
4813 2783 1
2043 3303 1
4629 2507 1
2632 1672 1
2632 3089 1
2632 2653 1
2702 1353 1
1187 2779 1
60 3415 1
3769 3100 1
207 1652 1
4022 176 1
3251 2430 1
4196 2295 1
1282 2603 1
4665 1616 1
1121 3452 1
771 1242 1
4513 1829 1
2858 202 1
848 3777 1
2363 370 1
2452 699 1
2452 269 1
357 4332 1
1397 1907 1
3044 3912 1
2417 1299 1
510 1055 1
4882 478 1
4230 2597 1
4230 3592 1
4230 1850 1
4230 3146 1
3153 3018 1
4338 1319 1
3701 3747 1
3643 302 1
689 4592 1
4153 3240 1
4153 278 1
4153 3708 1
4739 4235 1
4739 4781 1
564 3731 1
564 1909 1
810 2925 1
4231 4597 1
4231 3880 1
544 2573 1
4028 3850 1
2376 4538 1
3801 4156 1
3695 488 1
2983 2827 1
3873 2648 1
3610 180 1
1759 4832 1
4830 2505 1
3576 1240 1
1056 1284 1
3193 1526 1
4244 2862 1
3159 4461 1
4108 1526 1
1966 2747 1
1648 676 1
3278 3891 1
4038 2707 1
2179 2944 1
1208 809 1
3407 3696 1
3407 2590 1
2492 281 1
2492 870 1
2492 1619 1
88 867 1
3639 724 1
4175 1249 1
4650 1804 1
1563 4140 1
3778 3634 1
3778 2498 1
3778 2239 1
525 1417 1
1594 4883 1
981 3955 1
2522 3087 1
3796 253 1
3653 1883 1
1797 613 1
3573 3900 1
2515 1395 1
1644 1876 1
4253 4618 1
3194 4547 1
871 361 1
655 1059 1
3458 4831 1
3585 1305 1
1101 1832 1
4557 3011 1
248 2087 1
1464 2248 1
4767 3363 1
4861 1720 1
4861 567 1
4861 4020 1
1356 1011 1
3654 3572 1
2166 1006 1
3646 4191 1
4884 4799 1
651 4046 1
3953 3290 1
3443 3067 1
192 179 1
3493 2241 1
4716 5 1
312 3966 1
2799 4586 1
3892 2586 1
2713 2993 1
3422 3690 1
2623 165 1
4619 426 1
1109 1344 1
4080 4194 1
1582 397 1
2679 2218 1
1475 434 1
633 921 1
3896 1982 1
1646 1929 1
3485 1494 1
2184 690 1
4805 4511 1
982 1306 1
2147 1138 1
941 1732 1
2902 760 1
460 3562 1
1647 4745 1
3388 1469 1
1522 963 1
4725 2035 1
34 3090 1
348 3869 1
3307 4453 1
1905 1315 1
3996 1858 1
4843 3901 1
3287 3901 1
2382 1383 1
3200 4410 1
4855 82 1
2826 1668 1
3495 1903 1
452 4116 1
2949 3992 1
163 2742 1
3678 2200 1
3157 4816 1
2396 3828 1
3909 4210 1
2599 2333 1
3889 2543 1
3789 634 1
916 1465 1
4556 375 1
1996 855 1
3720 4493 1
1377 1792 1
4331 967 1
2369 4257 1
4596 2373 1
3229 2594 1
195 938 1
3202 2268 1
4737 1287 1
4302 1592 1
4361 3941 1
1865 2550 1
4607 1454 1
3340 2356 1
300 1084 1
1341 4216 1
570 1271 1
3829 4899 1
2721 2126 1
1025 1230 1
2055 2236 1
1370 1003 1
1878 3361 1
3764 932 1
2201 3997 1
2646 238 1
3195 1786 1
4047 4754 1
1767 93 1
2117 611 1
4494 2399 1
4455 2255 1
4569 1713 1
4885 1155 1
1379 1954 1
51 801 1
1798 851 1
4387 1726 1
3218 4359 1
1730 666 1
2042 2312 1
1175 2775 1
