6923 5480 1
6923 5821 1
6923 2986 1
6923 6243 1
3880 4073 1
3880 3259 1
3880 2834 1
3880 4844 1
3880 1399 1
3880 3849 1
6641 956 1
6641 3320 1
6641 2788 1
6641 2881 1
6641 2453 1
6641 6364 1
6641 6310 1
6641 3937 1
6641 3305 1
5312 6127 1
5312 2338 1
5312 3529 1
6118 4589 1
2628 824 1
2628 5549 1
1211 5475 1
3756 3173 1
3296 3499 1
357 5769 1
6765 4010 1
6765 6008 1
6765 120 1
6765 966 1
6765 5192 1
6765 581 1
6765 6470 1
6765 2814 1
6765 2731 1
6765 4663 1
6765 6392 1
6765 340 1
6765 469 1
6765 5351 1
6765 5986 1
6765 1521 1
6765 3490 1
6765 784 1
6765 3579 1
2762 1622 1
1062 7004 1
703 3001 1
703 1281 1
1726 5763 1
5098 6455 1
5098 2903 1
313 5529 1
2962 3127 1
984 2110 1
892 176 1
7046 6932 1
7046 212 1
7046 1229 1
7046 25 1
7046 47 1
7046 4513 1
7046 6529 1
1428 5043 1
3652 4242 1
3785 3479 1
3785 3734 1
3785 2413 1
4757 6936 1
4757 4437 1
4757 2607 1
4757 1803 1
4757 3622 1
4757 1872 1
4757 2111 1
4757 3157 1
4757 5859 1
4757 6214 1
3902 3735 1
3902 3044 1
3902 592 1
3902 4836 1
3902 4447 1
3902 3283 1
3902 5740 1
3902 6445 1
3902 2570 1
3902 4018 1
3902 2476 1
3902 6719 1
3902 5774 1
3902 2910 1
3902 596 1
3902 1029 1
3902 3390 1
3902 1090 1
3902 1075 1
3902 6220 1
3902 1821 1
3115 879 1
3115 3081 1
3115 2600 1
3115 6048 1
3115 4869 1
3115 3094 1
3115 4009 1
3115 2768 1
3115 3170 1
3115 4670 1
3115 1301 1
3115 2884 1
2158 5596 1
6749 4621 1
6749 492 1
6749 2618 1
6749 1873 1
6749 1208 1
5639 4210 1
3717 963 1
3717 2748 1
3717 3384 1
3717 4613 1
3717 3979 1
3717 1734 1
3717 3492 1
2393 6461 1
2393 452 1
5851 1594 1
5851 1356 1
5851 1299 1
5851 6866 1
5851 6329 1
5851 4642 1
4956 6919 1
2585 2404 1
3049 377 1
2801 5367 1
2801 6638 1
3581 6277 1
3581 6894 1
742 6388 1
742 6467 1
742 6187 1
742 3494 1
742 4700 1
742 1744 1
742 1731 1
742 5479 1
742 3444 1
742 2217 1
742 569 1
742 2274 1
742 2532 1
742 2369 1
742 5052 1
742 5988 1
742 2847 1
5593 5151 1
5593 6330 1
5593 1565 1
5593 1570 1
5593 62 1
6786 6106 1
6292 582 1
3014 187 1
2184 3093 1
4858 6920 1
6692 1052 1
5977 4980 1
5977 4144 1
5977 6340 1
5977 2911 1
5977 1370 1
5977 6430 1
5977 6406 1
5977 5687 1
6253 5147 1
6253 4554 1
6253 6596 1
6253 771 1
6253 5981 1
6253 6520 1
6253 3526 1
6253 6201 1
6253 4128 1
6253 4731 1
6253 3235 1
6253 2182 1
6253 2554 1
6253 1604 1
6253 6004 1
6934 5866 1
6633 5379 1
3610 5213 1
1348 2740 1
4252 2751 1
5876 3832 1
5876 336 1
3174 2333 1
3174 4365 1
77 4711 1
837 4233 1
3316 3451 1
3316 5684 1
3128 2972 1
4604 4180 1
1817 1419 1
1817 4082 1
1817 4291 1
1725 5224 1
1725 518 1
1725 6626 1
99 3546 1
424 5242 1
6071 547 1
6071 1988 1
5840 2637 1
3192 3531 1
3192 6451 1
3192 1960 1
3192 3233 1
4153 3997 1
4153 1831 1
4153 6727 1
4153 702 1
4153 4815 1
4153 5634 1
4153 6075 1
4153 4271 1
4153 1135 1
4153 2003 1
4153 1513 1
4153 4901 1
930 1621 1
3635 2735 1
3635 2290 1
3635 6852 1
3635 5206 1
3635 3762 1
3635 29 1
3635 100 1
3635 2229 1
3635 4246 1
3635 7042 1
3635 4684 1
3635 5014 1
4488 6893 1
2758 1719 1
2758 2675 1
807 3251 1
5027 3904 1
5768 6571 1
5768 4417 1
5925 635 1
5730 5363 1
3346 4184 1
1561 1133 1
816 1144 1
6149 3933 1
3354 3139 1
3354 6305 1
3354 2225 1
3354 5045 1
1176 2904 1
1176 3899 1
1176 85 1
1176 1193 1
1176 1691 1
1176 4169 1
1176 3665 1
1176 3304 1
1176 2452 1
1176 545 1
1176 1675 1
1176 834 1
1176 3387 1
1176 3649 1
1176 2425 1
1176 4249 1
1176 6966 1
1176 3241 1
1176 5827 1
1176 960 1
3261 1660 1
3132 973 1
6598 6022 1
3152 3229 1
5938 4800 1
1788 2970 1
943 2692 1
943 2684 1
943 1089 1
943 2060 1
4944 2954 1
4944 4817 1
4944 204 1
4944 3076 1
4944 5556 1
4944 5174 1
4944 5031 1
4944 5220 1
4944 19 1
4944 1607 1
4944 5779 1
4944 5433 1
4944 3064 1
4944 2598 1
4944 3998 1
4944 788 1
4944 1792 1
4944 3313 1
4944 6281 1
4944 2164 1
938 3880 1
4333 3286 1
2230 4958 1
2230 2238 1
2230 97 1
2230 6775 1
2505 978 1
2505 5574 1
2505 3476 1
2505 1732 1
5064 733 1
5064 5083 1
5275 1674 1
6834 4837 1
2283 4775 1
2283 6799 1
2283 6420 1
2283 691 1
2283 5333 1
2283 5829 1
2283 3549 1
2283 4934 1
2283 6644 1
2283 294 1
2283 3812 1
3545 804 1
501 2592 1
2688 6906 1
2688 641 1
2428 2609 1
2582 744 1
2582 3497 1
2938 2237 1
2938 6717 1
2938 3348 1
2938 6593 1
3037 5734 1
6828 844 1
1012 4619 1
1012 4412 1
1012 4829 1
1012 6908 1
1012 5296 1
4398 406 1
2604 369 1
2953 5690 1
2953 3439 1
2953 3725 1
2953 4681 1
2953 772 1
2953 58 1
6789 5619 1
3950 6891 1
3950 2359 1
3950 1413 1
3950 3644 1
3950 4378 1
3950 6182 1
3950 6091 1
5955 5386 1
5955 4884 1
5955 31 1
5955 6287 1
5955 5076 1
5955 6177 1
5955 5949 1
5955 2624 1
5955 3011 1
5955 185 1
5955 2261 1
5955 3591 1
5955 5069 1
5955 444 1
5955 1758 1
5955 4962 1
5955 6608 1
5955 5033 1
5955 2415 1
5955 138 1
5955 1418 1
5955 705 1
5955 4042 1
5955 7033 1
5955 2973 1
5955 2266 1
5955 1929 1
5955 2610 1
5955 2513 1
5955 2222 1
5955 4532 1
5955 6867 1
5955 1329 1
5955 5656 1
5955 404 1
5955 589 1
5955 667 1
5955 4660 1
5955 6314 1
5955 5838 1
5955 812 1
5955 1400 1
5955 4774 1
5955 6050 1
5955 1969 1
5955 1026 1
5955 2392 1
5955 4623 1
5955 5847 1
5955 2502 1
5955 6820 1
5955 3515 1
5955 4862 1
5955 70 1
5955 1387 1
5955 1252 1
5955 6795 1
5955 5063 1
5955 718 1
5955 3240 1
5955 5820 1
5955 6882 1
5955 3710 1
5955 6592 1
5955 6503 1
5955 7051 1
5955 3990 1
5955 4918 1
5955 6667 1
5955 2354 1
5955 6447 1
5955 1217 1
5955 4852 1
5955 59 1
5955 5778 1
5955 6272 1
5955 2405 1
5955 6385 1
5955 5203 1
5955 3660 1
5955 4740 1
5955 2944 1
5955 2159 1
5955 6488 1
5955 1287 1
5955 5597 1
5955 1129 1
5955 4523 1
5955 948 1
5955 5678 1
5955 4906 1
5955 89 1
5955 3721 1
5955 1868 1
5955 2967 1
5955 920 1
5955 3284 1
5955 1255 1
5955 244 1
5955 2378 1
5955 2007 1
5955 2512 1
5955 393 1
5955 2469 1
5955 593 1
5955 4970 1
5955 6033 1
5955 3667 1
5955 6883 1
5955 4751 1
5955 2365 1
5955 239 1
5955 6813 1
5955 4451 1
5955 4648 1
5955 1619 1
5955 4259 1
5955 2181 1
5955 421 1
5955 2798 1
5955 1977 1
5955 2587 1
5955 6776 1
4446 6918 1
4446 578 1
4016 6309 1
4016 5448 1
4016 5092 1
4016 591 1
4016 4089 1
4016 2571 1
4016 6954 1
4016 6390 1
4016 5987 1
4016 5244 1
4016 2101 1
4016 2611 1
4016 2521 1
4016 6588 1
4016 1808 1
4016 753 1
4016 4247 1
4016 2053 1
4016 3051 1
4016 5429 1
4016 4652 1
4016 845 1
3584 745 1
3584 4431 1
3584 5162 1
3584 3092 1
3584 3944 1
3584 3822 1
3852 3742 1
3852 5946 1
3852 1677 1
660 4933 1
660 3988 1
1339 3394 1
1339 2385 1
1339 455 1
1339 44 1
5769 199 1
5769 5585 1
4305 2389 1
4305 1767 1
4305 1039 1
4305 1525 1
4305 981 1
4305 6386 1
4305 3244 1
4305 626 1
6685 3970 1
6685 5641 1
6685 3844 1
5017 4874 1
5017 1884 1
5017 2985 1
5017 6987 1
5017 4707 1
5017 2757 1
1477 7041 1
1477 4425 1
1477 2835 1
1333 6505 1
6558 6440 1
2651 5803 1
2651 145 1
2651 1551 1
4738 7004 1
346 3543 1
346 2548 1
346 2069 1
7007 4632 1
7007 446 1
3899 2582 1
3899 5017 1
3899 4824 1
3899 3611 1
3899 3698 1
3899 5361 1
3899 4473 1
3899 5240 1
3899 4329 1
3899 5695 1
3603 2699 1
3603 6210 1
3603 4336 1
1130 6511 1
4517 3208 1
6248 4099 1
6248 4927 1
1997 5356 1
2893 37 1
431 1176 1
431 2126 1
431 2995 1
431 6728 1
4656 2344 1
4656 4001 1
3900 3748 1
3723 5378 1
3630 4342 1
3630 3754 1
3630 1713 1
3630 6974 1
3630 1509 1
3630 1056 1
90 1443 1
3101 4780 1
3101 4565 1
3101 3813 1
3101 903 1
3101 5611 1
3101 3084 1
3101 2445 1
3101 6707 1
3101 3945 1
3101 4803 1
3101 5489 1
3101 5297 1
3101 1724 1
3101 5435 1
3101 2040 1
3101 5038 1
2135 2308 1
2135 736 1
2135 2217 1
2308 6877 1
2308 1215 1
2308 6547 1
2308 4816 1
2308 3701 1
2308 1501 1
2308 4226 1
2308 962 1
2308 542 1
2308 5694 1
2308 2449 1
2308 4064 1
2308 1540 1
2308 5248 1
2308 2573 1
2308 1780 1
2308 2406 1
2308 2032 1
2308 33 1
2308 5538 1
2308 6205 1
2308 4088 1
2308 1833 1
2308 5785 1
2308 179 1
2308 1519 1
2308 368 1
2308 5144 1
2308 1459 1
2308 3341 1
2308 329 1
2308 6116 1
2308 122 1
2308 2867 1
2308 5195 1
2308 2145 1
2308 1241 1
2308 5204 1
2308 6494 1
2308 3050 1
2308 3418 1
2694 2546 1
2694 3985 1
2694 3509 1
5502 5724 1
460 5751 1
1170 1325 1
1170 45 1
1170 4415 1
1170 5760 1
1170 3931 1
1170 4276 1
1170 6615 1
1170 5468 1
1170 1775 1
1170 226 1
1170 4649 1
1170 2085 1
1170 5018 1
1170 6567 1
1170 5704 1
1170 4566 1
1170 5850 1
1170 6761 1
1170 2769 1
1170 4048 1
1170 2224 1
1170 3738 1
2460 343 1
2460 5897 1
2460 4855 1
6027 2030 1
6027 5449 1
6027 6803 1
6027 1138 1
6027 6111 1
6027 5405 1
6027 2630 1
6027 305 1
6027 2198 1
6027 1535 1
6027 3548 1
6027 5603 1
6027 1657 1
6027 638 1
6027 1597 1
6027 3391 1
6027 977 1
6027 1140 1
6027 4368 1
6027 1305 1
6190 6762 1
683 4709 1
683 3694 1
683 2830 1
1019 1837 1
1019 4213 1
1019 144 1
1019 3708 1
1019 6382 1
1019 1124 1
1019 529 1
1019 3774 1
1019 3555 1
1019 6350 1
4037 6540 1
5688 4498 1
5688 4312 1
5688 1917 1
5034 4039 1
5034 6570 1
5034 6446 1
5034 721 1
5034 4102 1
5034 3877 1
814 5970 1
814 5748 1
814 5520 1
814 3943 1
814 2300 1
814 5705 1
814 1430 1
814 6706 1
814 1070 1
814 2133 1
814 3978 1
814 1790 1
814 6371 1
814 1445 1
814 1361 1
814 6896 1
814 813 1
814 5989 1
814 1265 1
814 4165 1
814 5584 1
814 6631 1
814 476 1
814 5419 1
814 6081 1
814 5464 1
814 654 1
814 5473 1
814 143 1
814 5798 1
814 6124 1
814 1515 1
814 4972 1
814 4912 1
4349 6306 1
4925 1335 1
4925 6651 1
4925 2346 1
4263 4358 1
4263 499 1
1819 2721 1
1819 2420 1
1819 5797 1
5102 609 1
217 1753 1
4401 4211 1
4958 5684 1
4958 6693 1
4992 4346 1
4581 2685 1
4581 1054 1
6543 2177 1
1142 3541 1
1142 3567 1
1142 4558 1
4283 1148 1
4283 5415 1
4283 4516 1
4283 4767 1
1222 5880 1
3531 184 1
3531 1119 1
3531 5607 1
3531 1568 1
3531 6114 1
3531 4605 1
3531 479 1
3531 619 1
3531 4237 1
3531 1770 1
3531 1446 1
3531 3836 1
3531 4025 1
3531 2208 1
3531 3928 1
3531 6313 1
3531 5940 1
3531 6375 1
1915 2330 1
4842 2541 1
4011 2882 1
5181 4777 1
6599 6629 1
6599 4909 1
6599 4950 1
6242 1613 1
6242 999 1
6242 994 1
4171 6734 1
4171 3070 1
4171 4552 1
4171 857 1
4171 3361 1
5431 6634 1
4787 2930 1
355 2299 1
443 319 1
443 1291 1
443 1742 1
443 4198 1
443 3298 1
1699 6968 1
1699 94 1
6434 4196 1
3686 5713 1
3686 5084 1
3686 3923 1
3686 5929 1
3686 5218 1
3686 1901 1
3686 326 1
3686 1842 1
3686 5188 1
3686 241 1
3686 1453 1
3686 457 1
3686 306 1
3686 6222 1
6334 934 1
7018 6023 1
5824 1324 1
5824 5353 1
5824 3430 1
5824 2015 1
5824 1787 1
681 6226 1
681 2723 1
656 4214 1
1741 1303 1
1741 2752 1
1741 7025 1
1741 1187 1
1741 1046 1
1741 159 1
2992 4446 1
2992 2319 1
2992 4472 1
2992 3632 1
2992 3491 1
2992 3750 1
2992 6323 1
2992 7014 1
2992 473 1
2992 3214 1
2992 6373 1
2992 6264 1
2992 5119 1
2992 3255 1
2992 3246 1
2992 349 1
2992 6041 1
2992 5091 1
2992 1045 1
2992 5132 1
2992 3448 1
1572 6282 1
4114 3885 1
5408 5389 1
2715 6026 1
2715 5406 1
2715 1980 1
2715 5833 1
2715 5007 1
2715 5679 1
2715 359 1
2715 2199 1
2715 4695 1
2715 6161 1
2715 3604 1
2715 6600 1
2715 254 1
2715 4221 1
2715 6169 1
2715 2841 1
2715 988 1
2715 2940 1
2715 898 1
2715 3654 1
2715 532 1
2715 3699 1
2715 6283 1
2715 6846 1
2715 3466 1
3326 6879 1
3326 5200 1
3326 4054 1
3326 701 1
3326 992 1
3326 4482 1
3778 206 1
4825 1202 1
3892 3981 1
855 3740 1
10 3563 1
6110 6321 1
1118 1897 1
5595 6660 1
5595 4095 1
5213 475 1
5213 4315 1
5213 648 1
410 1341 1
410 1849 1
3811 401 1
334 5516 1
334 86 1
334 3197 1
3121 5764 1
3366 6119 1
3366 3803 1
3366 692 1
3468 5470 1
3468 4019 1
6952 6589 1
5250 4965 1
5250 6184 1
5016 1040 1
5016 1648 1
5016 1507 1
5016 2556 1
5016 4830 1
5016 3030 1
5016 2079 1
5016 1659 1
5016 517 1
5016 1047 1
873 6333 1
5287 4742 1
5287 4152 1
6367 3061 1
6367 6259 1
6367 2941 1
6367 5254 1
631 4609 1
2869 4266 1
110 5093 1
2837 374 1
6421 5037 1
628 6162 1
6585 5899 1
4626 764 1
1358 2312 1
1358 6924 1
1358 4311 1
1358 6892 1
1358 4881 1
1358 1194 1
1358 101 1
1358 2885 1
1358 5382 1
1358 5915 1
1358 4145 1
1358 5112 1
1358 1951 1
1358 536 1
4543 6378 1
4408 525 1
3606 5767 1
68 5650 1
68 1278 1
68 5501 1
1703 6853 1
4022 1174 1
4845 6549 1
4353 562 1
4353 3856 1
4353 4504 1
4353 5321 1
96 1203 1
96 4801 1
96 4732 1
96 6165 1
4639 2473 1
4639 1946 1
4639 3462 1
4639 1412 1
4639 3467 1
4639 785 1
4639 2226 1
4639 6173 1
4639 5874 1
4639 318 1
4639 6837 1
4639 6428 1
4639 4948 1
4639 6411 1
4639 2708 1
5610 2746 1
5610 2652 1
4776 6358 1
6396 84 1
6396 6101 1
6396 5587 1
3483 141 1
1789 3307 1
4823 5407 1
4823 2100 1
4871 4469 1
4871 5011 1
4871 3569 1
4871 4676 1
4871 3182 1
4871 781 1
4871 1625 1
39 868 1
6080 2657 1
546 4590 1
1886 6942 1
5000 3625 1
5000 5226 1
5000 5907 1
5000 4703 1
5000 2063 1
5000 2311 1
5000 2136 1
5000 6679 1
5000 2013 1
5000 4979 1
5000 2094 1
5000 2795 1
4861 3399 1
4861 1117 1
4861 3768 1
4861 2091 1
4861 6143 1
4861 2863 1
4861 6521 1
4861 5670 1
4138 4006 1
1902 5259 1
1902 236 1
1902 428 1
758 3964 1
6246 869 1
4853 4326 1
4853 5364 1
2385 4826 1
2385 4126 1
2385 188 1
2385 2515 1
2385 4907 1
2385 6542 1
2385 5472 1
2385 6595 1
2385 6052 1
2385 3148 1
2385 878 1
2385 3045 1
5072 227 1
5072 4377 1
5072 1001 1
5072 1456 1
5072 6416 1
5072 4838 1
5934 6049 1
2081 2747 1
2081 4939 1
2081 4052 1
2081 3447 1
2081 4722 1
2081 4474 1
2081 2044 1
2081 4105 1
2081 2141 1
2081 6433 1
2081 4075 1
2081 6457 1
2081 6911 1
2081 5530 1
2081 1774 1
2081 4241 1
2081 4012 1
2081 5890 1
2081 3110 1
2081 3932 1
2081 4376 1
2081 280 1
1451 1110 1
1451 4071 1
4480 3712 1
6273 405 1
4502 6193 1
5867 5019 1
6368 4542 1
6368 5697 1
6368 826 1
6368 894 1
6368 4868 1
6368 1224 1
6368 1131 1
6043 4347 1
6043 5758 1
6043 803 1
6043 2168 1
6043 3072 1
6043 3437 1
6043 5980 1
6043 1060 1
6043 34 1
6043 2402 1
6043 643 1
6043 2062 1
6043 533 1
6043 958 1
6043 43 1
382 3091 1
1820 6515 1
106 3096 1
6477 378 1
6477 1163 1
6477 6916 1
6477 6097 1
6477 3176 1
6477 6102 1
4808 4900 1
2270 3989 1
4722 4546 1
4722 5872 1
4722 1000 1
4722 868 1
4722 3792 1
4722 4159 1
4722 2615 1
4722 2676 1
4722 5051 1
4722 1711 1
4722 259 1
4722 3003 1
4722 799 1
4722 2640 1
4722 5129 1
4722 2132 1
4722 2737 1
4722 2287 1
4722 5589 1
4136 4129 1
2114 2187 1
2114 2103 1
2114 415 1
3978 474 1
5960 4691 1
5960 2363 1
5960 484 1
5960 2112 1
5960 2680 1
6216 620 1
6216 298 1
6216 759 1
6216 1080 1
6216 6968 1
6216 1035 1
6216 2792 1
6216 2144 1
6216 5463 1
6216 2825 1
6216 5179 1
6216 3146 1
6216 3190 1
6216 3378 1
6216 1497 1
6216 6581 1
6216 5741 1
6216 4059 1
5139 3815 1
5139 5154 1
5139 1942 1
5139 5271 1
5139 5509 1
5139 2206 1
5139 5420 1
5139 6422 1
5794 3036 1
3379 5032 1
3379 5094 1
3379 4031 1
3379 6575 1
3379 4156 1
3379 2688 1
3379 3630 1
3379 628 1
3379 959 1
3379 583 1
3379 1854 1
3379 2258 1
3379 3916 1
3379 1186 1
3379 3866 1
3379 6432 1
3379 4821 1
3379 711 1
3379 28 1
3379 5305 1
3379 1564 1
3379 76 1
3379 2399 1
3379 5747 1
3379 6308 1
3379 7010 1
3379 6260 1
3379 6028 1
3379 937 1
3379 6142 1
3379 3883 1
3379 2340 1
3379 6112 1
3379 4860 1
3379 5208 1
3379 6099 1
3379 379 1
3379 6839 1
3379 6254 1
3379 2128 1
3379 4337 1
3379 2233 1
3379 2218 1
3379 4206 1
4169 6945 1
4169 658 1
4169 2500 1
4169 2782 1
4169 848 1
4169 2116 1
4169 3918 1
5166 5665 1
2174 6654 1
2174 4074 1
2174 482 1
2174 5555 1
2174 2613 1
2174 4910 1
2174 646 1
2174 6078 1
4044 2442 1
4044 507 1
4044 5146 1
4044 5126 1
5576 2097 1
5576 3536 1
5576 4331 1
5576 5959 1
5576 693 1
5576 4755 1
5576 1374 1
1499 325 1
5959 2806 1
6356 3401 1
2102 221 1
2102 4005 1
2102 6146 1
850 6436 1
850 4540 1
850 5189 1
850 5108 1
4891 6868 1
5518 5022 1
1511 2418 1
2394 2549 1
4850 1583 1
4850 450 1
4850 570 1
4311 3425 1
4311 5219 1
4311 1099 1
4311 4083 1
6130 4937 1
6130 1021 1
6130 4304 1
6130 1366 1
6130 5445 1
6130 6056 1
6130 5325 1
6130 116 1
6130 1092 1
6130 5039 1
565 4919 1
6153 5245 1
3534 2981 1
1680 269 1
1680 146 1
5715 6317 1
3790 4256 1
4215 3845 1
4215 5851 1
4215 40 1
4215 1019 1
4215 5622 1
4215 5527 1
4215 1850 1
4215 4680 1
4215 4046 1
4215 514 1
4215 1304 1
4215 830 1
4215 4841 1
4215 1167 1
4215 3714 1
4215 3459 1
4215 3719 1
4215 666 1
4215 6532 1
4215 6694 1
4220 5175 1
4220 680 1
4220 5936 1
4220 4487 1
4220 6238 1
4220 1449 1
4100 5955 1
1450 1539 1
1106 5862 1
2153 9 1
3565 2472 1
3267 6988 1
2912 3717 1
2912 6065 1
2912 5375 1
2912 916 1
2912 3299 1
2912 6384 1
2912 5709 1
2912 1386 1
2912 5241 1
2511 921 1
6752 6354 1
6752 6740 1
6752 1012 1
6752 2146 1
6752 2651 1
6752 4297 1
6752 5971 1
6752 5487 1
6752 5454 1
6752 4124 1
6752 3873 1
6752 1943 1
6752 1707 1
6752 4280 1
914 5113 1
4951 3995 1
144 5477 1
5936 2828 1
5936 6964 1
5936 4917 1
3485 2868 1
2817 899 1
2817 6483 1
375 5689 1
3890 597 1
880 2023 1
880 1681 1
880 123 1
880 5655 1
880 1645 1
880 2028 1
880 5660 1
880 3069 1
5708 1696 1
4324 1828 1
2219 4384 1
2219 5409 1
2219 2228 1
2219 341 1
2219 6030 1
2219 416 1
990 1953 1
990 6473 1
990 2716 1
990 1155 1
3188 6684 1
822 3397 1
822 3027 1
3749 6871 1
228 2227 1
6591 1725 1
3220 5416 1
3220 5843 1
3488 2355 1
6926 6805 1
6926 6751 1
4510 1212 1
3728 1653 1
3435 5858 1
655 1049 1
655 4553 1
655 6167 1
3569 521 1
4147 2992 1
5114 5318 1
1066 6838 1
1066 5125 1
1066 1082 1
1066 861 1
1415 5625 1
5057 1994 1
5057 1051 1
4357 4564 1
4575 1639 1
5124 3658 1
5485 712 1
2478 6482 1
5814 2633 1
5814 2498 1
5814 3557 1
5814 5511 1
5814 2623 1
5814 2494 1
4159 1147 1
3842 11 1
2213 4465 1
2213 1575 1
2213 6931 1
2213 5153 1
2213 6898 1
6339 4846 1
6339 5994 1
6339 2644 1
5613 1866 1
3827 4636 1
3827 4194 1
3272 2411 1
3995 1858 1
3995 534 1
3995 2669 1
3995 3655 1
3995 6126 1
3995 4442 1
3995 1543 1
3995 1448 1
6291 4672 1
3665 295 1
3665 2078 1
3665 4308 1
3665 5958 1
3665 1503 1
3665 7020 1
3665 6763 1
3665 3347 1
3665 6658 1
3826 4810 1
3826 5374 1
3826 5609 1
3826 4061 1
3826 4608 1
3826 5488 1
3826 749 1
3826 7008 1
3478 2775 1
3478 1530 1
4474 734 1
4474 574 1
4474 3623 1
4474 1752 1
4474 4049 1
4474 66 1
4474 1204 1
4474 4050 1
4474 1436 1
4096 1581 1
5142 311 1
5142 4186 1
2212 715 1
2212 5461 1
6030 5243 1
6030 4322 1
6030 3155 1
6030 1978 1
6030 5190 1
6030 6943 1
6030 6399 1
526 2444 1
526 169 1
3356 3228 1
6258 6218 1
4945 5098 1
4945 4692 1
4945 563 1
5097 2873 1
1488 1317 1
2423 2975 1
1962 161 1
2576 4014 1
2576 3357 1
4404 2742 1
3916 60 1
3916 5227 1
3916 6606 1
3916 587 1
3916 584 1
3916 233 1
3916 647 1
3916 1500 1
3916 7034 1
3916 6315 1
3916 6851 1
5881 5342 1
5089 6217 1
5089 5608 1
5089 5496 1
5089 4481 1
5089 328 1
5089 166 1
5089 4688 1
5089 5308 1
5089 4853 1
5089 530 1
5089 1460 1
5089 2946 1
5089 2705 1
5089 417 1
5089 657 1
5089 338 1
5089 1038 1
5089 7053 1
5089 5853 1
5089 4296 1
5089 3502 1
5089 7052 1
5089 676 1
5089 5377 1
5089 5811 1
5089 5272 1
5089 6704 1
5089 3554 1
5089 4182 1
5089 2072 1
5089 1923 1
5089 5765 1
5089 1310 1
5089 2341 1
5089 975 1
5089 1256 1
4762 3839 1
1903 4758 1
1903 6255 1
1903 1476 1
1903 1461 1
1903 5130 1
1705 6720 1
1705 205 1
1705 2194 1
1705 4999 1
232 2625 1
2480 6290 1
2480 4908 1
2480 6383 1
2480 5071 1
2480 4134 1
2480 2489 1
2480 6970 1
1550 2555 1
4586 3080 1
1576 5300 1
6051 1966 1
48 1908 1
1306 383 1
1306 5962 1
1306 865 1
5133 4729 1
5133 3385 1
5133 821 1
1807 1406 1
5896 5742 1
3402 468 1
5411 3533 1
201 4508 1
6996 4113 1
6996 1982 1
1571 6381 1
2056 2619 1
2056 4181 1
5792 1685 1
4600 3508 1
4600 437 1
4600 1918 1
4600 1556 1
4600 3495 1
4600 876 1
4600 1175 1
4600 3010 1
4600 5701 1
4600 4867 1
4600 6407 1
4600 3963 1
4600 1641 1
4600 3910 1
4600 1178 1
4600 504 1
4600 6346 1
4600 5197 1
4600 6646 1
4600 820 1
4600 2366 1
4600 4782 1
4600 2172 1
4600 2434 1
4600 2466 1
4600 3512 1
4600 1548 1
4600 6202 1
4600 386 1
4600 3486 1
4600 6715 1
4600 3154 1
4600 2400 1
4600 6145 1
4600 113 1
4600 6673 1
4600 5383 1
4600 805 1
4600 2567 1
4600 1638 1
4600 6304 1
4600 3419 1
4600 2531 1
4600 3645 1
4600 4572 1
4600 1242 1
4600 6516 1
4600 2919 1
4863 6284 1
2959 2379 1
2959 2632 1
2959 4839 1
2959 1618 1
2959 1206 1
2959 5216 1
2959 6122 1
2018 1344 1
2018 2161 1
2018 5116 1
2018 5568 1
2018 494 1
2018 5904 1
2018 6939 1
2018 3589 1
2018 2173 1
2018 275 1
2018 3470 1
2018 780 1
1879 2052 1
1879 5947 1
1879 3799 1
1879 945 1
1879 5293 1
1879 4270 1
1879 6573 1
1879 3398 1
148 5754 1
3940 1795 1
5804 5788 1
3647 4655 1
3647 4429 1
3647 3679 1
6731 6301 1
6731 5082 1
6731 727 1
6731 2098 1
5503 442 1
6665 3828 1
3383 4628 1
5848 4264 1
1232 5000 1
4067 4131 1
4067 3730 1
4067 2086 1
4067 172 1
4067 4135 1
5330 5436 1
2515 6339 1
2515 1637 1
2515 1154 1
3965 946 1
6791 549 1
833 7013 1
6237 5048 1
6237 4116 1
1779 6611 1
1779 1416 1
1779 3147 1
1779 4889 1
1779 3929 1
1779 3258 1
1779 2824 1
5627 4607 1
5627 3620 1
5627 6746 1
5627 3028 1
5627 5205 1
5627 5542 1
5627 2820 1
5627 2426 1
1077 1573 1
1077 1989 1
5316 3307 1
2121 4995 1
1270 783 1
1270 2390 1
763 6303 1
1041 5792 1
6963 5010 1
6963 5452 1
6963 6685 1
6963 6178 1
6963 1801 1
6963 3245 1
6963 6578 1
3218 719 1
1616 3783 1
1616 3463 1
1616 3314 1
1616 5842 1
4727 2599 1
2126 1729 1
2691 3142 1
1487 6442 1
1487 4302 1
1487 61 1
1487 6522 1
3158 5396 1
3158 6861 1
3158 2659 1
3158 3766 1
3158 2332 1
3158 2357 1
3158 4987 1
3158 5173 1
6391 6347 1
1952 395 1
1952 4286 1
530 5191 1
5099 839 1
5099 2703 1
5099 2993 1
5099 1076 1
5099 6458 1
5099 2621 1
5099 2810 1
5099 4139 1
5099 4668 1
5099 6995 1
5099 1586 1
5099 5961 1
5099 6090 1
5099 1320 1
5099 3516 1
5099 2440 1
3742 6663 1
3742 3619 1
3742 505 1
6566 4453 1
3013 5691 1
3013 5510 1
3013 2470 1
4678 257 1
165 4404 1
5138 5025 1
5606 1743 1
5606 2530 1
2320 4004 1
3530 5594 1
3530 4130 1
3530 5852 1
3530 2033 1
3530 5443 1
3530 750 1
3530 5231 1
3530 6992 1
3530 6054 1
3530 5030 1
3530 2417 1
3530 3700 1
3530 2966 1
3530 5849 1
3530 887 1
3530 164 1
3530 2983 1
3530 2935 1
3530 202 1
500 2176 1
500 2105 1
2225 3678 1
2225 674 1
2225 5776 1
2225 4744 1
941 1650 1
941 6191 1
6154 3202 1
6154 498 1
6154 4941 1
6154 248 1
6154 6098 1
6154 5156 1
6154 5972 1
6154 3517 1
6154 1480 1
6154 4406 1
6154 5888 1
6154 5294 1
2134 903 1
4225 1354 1
4225 4876 1
4225 5136 1
4225 4484 1
4225 789 1
1087 6796 1
3956 4372 1
3956 2804 1
3956 1791 1
3956 1011 1
3956 800 1
4682 5360 1
5617 496 1
5617 3174 1
5617 2284 1
5617 2560 1
5617 4240 1
5617 4229 1
5617 2305 1
5617 4495 1
5617 420 1
5617 5118 1
1958 5659 1
1958 6967 1
1958 6909 1
1958 4141 1
1958 1925 1
1958 1606 1
1958 173 1
5258 3875 1
3214 875 1
3214 1843 1
2946 2743 1
2946 4601 1
2946 829 1
2946 6232 1
2946 6018 1
2946 5686 1
2946 4118 1
2946 2950 1
2946 3085 1
2946 4570 1
2946 5118 1
2946 4650 1
1614 5642 1
1614 1569 1
1614 3624 1
1614 5681 1
2705 3020 1
1633 5712 1
1633 55 1
5590 3821 1
5590 4428 1
5590 6241 1
6469 6495 1
6469 4334 1
6469 2154 1
6469 792 1
6469 538 1
6469 4637 1
4781 2260 1
4781 6722 1
4781 3627 1
4781 5559 1
4781 2665 1
4781 2190 1
4781 4491 1
4781 4905 1
4781 739 1
4781 4317 1
4781 3948 1
4781 3166 1
4781 2475 1
5453 1910 1
5453 5633 1
775 2518 1
3539 2464 1
2108 512 1
3321 6007 1
3321 2076 1
3321 917 1
3321 1048 1
4471 2401 1
2774 3765 1
980 6741 1
3376 1750 1
3376 6153 1
3376 2361 1
3376 247 1
6108 6235 1
5185 3982 1
5185 6058 1
2269 6575 1
2316 6649 1
2316 3349 1
7044 6902 1
5242 3443 1
5242 5939 1
3575 856 1
2693 2329 1
2693 4507 1
2693 2545 1
2693 5819 1
2693 6527 1
2693 3035 1
2693 4149 1
2693 285 1
2516 3109 1
2516 6625 1
2516 5280 1
2516 5426 1
2516 1009 1
2516 3359 1
2516 4528 1
2516 6055 1
2516 5141 1
2516 360 1
2516 6915 1
2516 2577 1
2516 5332 1
2516 3242 1
2516 3816 1
2516 5201 1
2516 996 1
2516 6835 1
2516 1368 1
4629 3895 1
4629 1179 1
4629 2253 1
3513 2952 1
4511 2755 1
3703 463 1
2877 2639 1
2877 3393 1
2877 6002 1
2877 7049 1
2877 441 1
2877 2485 1
2877 5577 1
5041 6274 1
6215 3334 1
2416 5781 1
5159 1423 1
1765 6285 1
377 5303 1
3572 3184 1
3572 1708 1
3572 2117 1
3572 1142 1
3572 6170 1
3572 5101 1
3572 4599 1
3572 5617 1
3572 6809 1
3572 939 1
3572 2348 1
3572 5304 1
3572 396 1
6850 4405 1
2200 6956 1
1925 2765 1
1925 1536 1
1925 5561 1
6639 3436 1
5059 3226 1
4306 5871 1
4306 2865 1
4306 3143 1
4306 5110 1
4306 1120 1
4306 5644 1
4306 458 1
4306 14 1
4306 1905 1
4306 2412 1
6797 6585 1
6797 6771 1
6797 1108 1
6797 2436 1
5716 1277 1
5716 969 1
5716 2912 1
5716 6324 1
5716 3042 1
5716 6875 1
3199 4403 1
3199 3793 1
6373 3726 1
6373 3318 1
3302 1563 1
3769 67 1
3769 3107 1
3769 2994 1
3769 6236 1
3769 6670 1
3769 6266 1
4797 2701 1
288 5414 1
288 6070 1
288 1441 1
288 5723 1
288 6083 1
288 6757 1
288 2658 1
288 5065 1
288 6523 1
288 6553 1
1665 222 1
1665 6959 1
1665 4277 1
1665 4104 1
1665 3415 1
3086 5684 1
6247 6368 1
6247 1818 1
6247 3281 1
6247 182 1
4714 2421 1
4714 3024 1
4804 6062 1
4097 4943 1
4040 2733 1
5919 5857 1
1261 2889 1
1378 3767 1
4811 1796 1
4811 2288 1
1848 4819 1
434 5199 1
3977 6984 1
2712 655 1
2356 1058 1
2292 5341 1
2292 4866 1
2292 1326 1
2292 6253 1
2292 1751 1
2292 7015 1
2292 2104 1
2292 3809 1
2292 4536 1
2292 3158 1
2292 4782 1
2292 3454 1
2292 160 1
2292 3476 1
2292 6910 1
2292 4699 1
2292 838 1
2292 604 1
2292 3980 1
2292 1950 1
2292 5343 1
2292 6481 1
2292 4731 1
2292 1381 1
2292 2641 1
2292 2892 1
2292 617 1
2292 2009 1
2292 5682 1
2292 6772 1
2292 302 1
2292 4952 1
2292 5400 1
2292 699 1
2292 4710 1
2292 5882 1
2292 3102 1
2292 366 1
2292 6991 1
2292 6288 1
2292 6661 1
3788 3133 1
3788 1528 1
4111 2150 1
3370 2938 1
3370 5711 1
615 1010 1
6773 1326 1
6773 1635 1
6773 4533 1
6773 3038 1
6773 1065 1
6773 588 1
6773 5680 1
6773 4823 1
6773 5581 1
6773 2725 1
6773 3204 1
6773 6854 1
6773 1149 1
6773 5286 1
6773 3239 1
6773 2215 1
6773 3597 1
6773 3058 1
6773 1152 1
6773 4895 1
6773 1965 1
6773 4728 1
6773 6745 1
6773 5128 1
6773 5123 1
6773 5212 1
6773 6172 1
6773 7050 1
3015 5100 1
2433 4433 1
6384 888 1
6384 1385 1
6384 2221 1
6384 3007 1
6384 5036 1
6384 4409 1
6384 1212 1
6384 5945 1
6384 4478 1
6384 2331 1
6384 4483 1
6384 2899 1
6384 2829 1
6384 3720 1
6384 4339 1
2147 1517 1
2147 6616 1
2147 5466 1
2147 2507 1
2147 3753 1
2147 4056 1
2147 3250 1
2147 6637 1
2147 3668 1
2147 4693 1
6152 2125 1
142 2754 1
2509 806 1
1474 4563 1
1474 155 1
1474 3395 1
1474 4573 1
1474 3687 1
1474 2761 1
1474 3021 1
1474 4017 1
525 1794 1
525 3017 1
525 3295 1
2674 3403 1
2674 2668 1
455 3891 1
550 5087 1
550 3594 1
550 1527 1
550 1939 1
550 1591 1
550 3223 1
550 3105 1
550 5279 1
550 3805 1
550 6701 1
550 2583 1
550 1712 1
550 2234 1
550 6933 1
550 6332 1
550 4023 1
550 511 1
913 6257 1
432 6132 1
6705 3747 1
6705 2495 1
1486 3933 1
5292 1249 1
5292 923 1
5292 5176 1
5292 1355 1
5292 5194 1
5292 6847 1
5292 26 1
5292 2127 1
5292 881 1
5292 4645 1
5292 5236 1
5292 2718 1
5292 5163 1
5292 4008 1
5292 1084 1
5292 6006 1
5292 1493 1
5292 2574 1
5292 6703 1
2936 6047 1
2936 4497 1
2936 895 1
2936 2179 1
2936 3183 1
2936 3595 1
2936 272 1
2936 509 1
2936 3551 1
2936 3135 1
2936 2934 1
2936 2937 1
2936 3455 1
2936 4161 1
2936 3 1
2936 2809 1
2936 5719 1
2936 3329 1
381 6189 1
381 4603 1
381 2805 1
381 1587 1
381 5157 1
381 4380 1
4467 3324 1
3498 1003 1
3498 5495 1
3498 5104 1
3498 118 1
3281 1213 1
4392 5786 1
4392 1885 1
3819 6267 1
3819 5845 1
3819 2447 1
3819 3615 1
1520 882 1
567 6453 1
567 2054 1
567 3360 1
1600 3002 1
3282 3441 1
2537 6697 1
2537 924 1
4968 2514 1
1656 4170 1
2293 4893 1
2293 5142 1
2293 2386 1
2293 5826 1
2293 2291 1
2293 5728 1
2293 4330 1
2293 2175 1
2293 6777 1
1727 508 1
1727 7003 1
1727 5074 1
3476 5441 1
3476 5410 1
2092 2143 1
2092 6577 1
3944 286 1
6300 1544 1
6300 208 1
6300 2435 1
6300 358 1
6300 513 1
6300 774 1
6300 2844 1
6300 6128 1
6300 105 1
119 2822 1
6001 754 1
6231 1592 1
3371 2711 1
3371 4665 1
3371 6325 1
3371 3308 1
3371 5349 1
4869 5528 1
4869 3992 1
4869 2772 1
4869 6617 1
419 6096 1
419 3912 1
1369 2842 1
1369 5289 1
1369 4724 1
1369 1892 1
3867 1701 1
6448 1889 1
3387 3005 1
3387 3206 1
3387 1582 1
3387 5523 1
3387 323 1
4971 3400 1
3173 3993 1
3173 6365 1
2584 595 1
1410 41 1
2297 6064 1
1391 7029 1
1408 3800 1
1709 5135 1
5782 3810 1
5782 608 1
1646 3344 1
1646 5275 1
1646 5250 1
1646 1512 1
1646 5024 1
1646 618 1
1646 4569 1
1646 2590 1
1646 3460 1
1646 3248 1
1646 5268 1
1646 1968 1
1646 6024 1
1646 3445 1
1646 1458 1
1646 6476 1
1646 2827 1
1272 1487 1
1865 4238 1
1865 6758 1
1865 62 1
5863 3642 1
1615 1483 1
1615 2905 1
1615 6583 1
1615 1469 1
1615 4674 1
1615 1883 1
1615 6689 1
1615 4404 1
1615 168 1
1615 1233 1
1615 4354 1
1615 2719 1
1615 486 1
1615 747 1
1615 1285 1
1615 632 1
1615 4345 1
1615 2750 1
1615 1800 1
1615 3946 1
1615 4770 1
1615 5624 1
1615 5255 1
1615 5329 1
1615 5772 1
6089 6330 1
6089 1557 1
6089 1928 1
6089 1860 1
6721 2304 1
5030 1290 1
376 4752 1
376 6020 1
376 3886 1
376 6405 1
376 2771 1
376 2119 1
376 1678 1
376 310 1
376 990 1
376 4824 1
376 912 1
376 5054 1
376 4773 1
376 2811 1
376 4418 1
376 3702 1
376 3817 1
376 637 1
376 5964 1
376 1396 1
3389 4341 1
1379 6316 1
2204 1195 1
2238 3576 1
2238 5531 1
2238 3850 1
2238 128 1
2238 351 1
2238 5515 1
2238 644 1
2262 665 1
4833 6960 1
2374 3029 1
2374 1164 1
2374 1720 1
2374 3493 1
2374 5855 1
2374 6348 1
2374 4450 1
2374 4543 1
2374 6731 1
2374 2467 1
2374 4834 1
2374 4150 1
2374 2840 1
2374 2783 1
2374 6621 1
2374 3417 1
2374 4434 1
2374 2764 1
2374 2565 1
2374 403 1
2374 3786 1
6084 1330 1
6084 7021 1
104 4505 1
104 4183 1
104 2879 1
6093 4745 1
2861 1658 1
2861 5182 1
2861 4690 1
2861 108 1
2861 2527 1
2861 93 1
2861 623 1
2861 409 1
2861 4127 1
2861 3820 1
2861 2286 1
2861 6135 1
2861 6725 1
2861 4792 1
2861 2813 1
2861 3153 1
2861 3392 1
2861 6724 1
2861 5864 1
2861 6688 1
2861 1013 1
2861 3607 1
4701 5590 1
4701 6361 1
4701 4928 1
4701 6380 1
3270 3159 1
3141 2921 1
1285 5153 1
4755 3901 1
4755 5307 1
4755 2626 1
2137 696 1
1743 6927 1
1743 5003 1
1743 1 1
1743 6025 1
1743 5773 1
1743 2214 1
1743 5221 1
1743 1874 1
1743 38 1
1743 5836 1
1743 2648 1
1743 6156 1
1743 5366 1
1743 2474 1
1743 6074 1
1743 6538 1
1743 4657 1
1743 1016 1
1743 4319 1
1743 5393 1
1743 5908 1
1743 3808 1
1743 5615 1
1743 5412 1
1743 2317 1
1743 700 1
1743 7047 1
1743 2450 1
1743 5 1
1743 1508 1
1743 6510 1
2010 2459 1
5355 2926 1
1623 3178 1
3123 2789 1
1113 6999 1
808 2848 1
808 3309 1
808 4272 1
808 6240 1
808 6514 1
808 3364 1
101 1210 1
101 1555 1
101 412 1
101 1577 1
2578 4142 1
327 2019 1
327 5825 1
327 5237 1
327 832 1
327 1072 1
327 4875 1
327 1050 1
327 3689 1
327 427 1
327 5974 1
327 3215 1
327 2207 1
327 3293 1
327 6203 1
327 3322 1
327 5873 1
327 6441 1
327 2327 1
327 2183 1
2524 2203 1
2524 668 1
2524 2205 1
2524 443 1
2524 1350 1
2524 3534 1
2524 3713 1
2524 483 1
2524 4887 1
2524 2519 1
2524 5186 1
2524 397 1
2524 2872 1
2524 3676 1
2524 6300 1
2524 6040 1
2524 5499 1
2524 6781 1
2524 5818 1
2524 4733 1
2524 1522 1
2524 6147 1
2524 4541 1
2524 2465 1
2524 3156 1
2524 4756 1
4217 5265 1
6783 6312 1
6783 1150 1
1810 2894 1
6555 3592 1
1297 4769 1
1297 2408 1
1297 2933 1
1297 1240 1
1297 2963 1
1297 6500 1
1297 4173 1
1607 3113 1
1607 5111 1
1607 265 1
4155 548 1
4155 4718 1
4155 6747 1
4155 1190 1
4155 818 1
4155 430 1
4155 157 1
4155 1830 1
4155 4321 1
4155 2646 1
4155 2231 1
4155 2025 1
4155 3976 1
4155 4854 1
1861 5717 1
5571 909 1
6357 4798 1
6357 6817 1
6357 5491 1
827 3019 1
3674 6738 1
3674 4261 1
3674 4000 1
3674 627 1
1342 4068 1
1342 3033 1
1342 3457 1
1342 6359 1
1342 3008 1
1342 1248 1
1342 3195 1
1342 2579 1
1342 679 1
1342 6531 1
1342 3082 1
1342 2640 1
1342 573 1
1342 1673 1
1342 884 1
1342 2978 1
1342 6252 1
1342 1617 1
1342 5434 1
3999 1944 1
3999 6870 1
3999 6363 1
3999 1073 1
3999 6645 1
3999 1183 1
3999 2664 1
3999 5789 1
3999 4570 1
4178 3328 1
6326 6560 1
6326 6863 1
6326 1749 1
6326 5707 1
6326 243 1
6326 1738 1
6326 5628 1
6326 2726 1
6326 2381 1
6326 2246 1
6326 21 1
6326 1145 1
6326 5877 1
6326 2931 1
6326 4574 1
408 3480 1
408 1955 1
2887 4935 1
2887 3506 1
2887 603 1
2887 75 1
2887 6687 1
2887 5588 1
2887 4771 1
2887 3621 1
2887 1589 1
2887 276 1
2887 6174 1
2887 602 1
2887 3684 1
2887 3954 1
2887 3498 1
2887 7012 1
2887 4421 1
2887 6619 1
2887 4047 1
2887 5937 1
2887 4207 1
2887 3936 1
2887 622 1
2887 4316 1
6713 1558 1
2636 5385 1
5625 4103 1
3624 4191 1
3624 425 1
3624 2195 1
3624 3550 1
3624 42 1
3624 4369 1
3624 5922 1
830 2191 1
5858 2477 1
5858 4366 1
5858 3047 1
1237 717 1
1071 4444 1
1071 3303 1
1071 3538 1
1071 2568 1
1071 5278 1
1071 610 1
1071 6345 1
308 5668 1
308 6582 1
1264 1714 1
5499 4929 1
5499 5950 1
5499 4327 1
1872 3641 1
1872 4644 1
1872 195 1
1872 5631 1
1872 4079 1
3412 979 1
3412 1682 1
3412 4618 1
3412 490 1
6374 2920 1
6374 3475 1
2322 389 1
3212 6137 1
2244 6682 1
2244 3108 1
3094 3521 1
3094 1157 1
4561 4314 1
459 926 1
459 5005 1
1481 5222 1
1481 4549 1
1481 4537 1
910 2797 1
1166 4921 1
3300 2673 1
4411 4988 1
2296 4348 1
3518 2021 1
3518 3629 1
3518 1444 1
3518 544 1
2486 4028 1
2486 5932 1
2486 802 1
2486 3807 1
2486 194 1
2486 3413 1
2486 1562 1
2486 1030 1
2486 2614 1
2486 5262 1
2486 4864 1
2486 339 1
2486 1422 1
2486 2050 1
2486 6732 1
2486 5793 1
2486 1218 1
3012 1505 1
3649 2353 1
6181 4526 1
3234 3643 1
4864 2250 1
4864 5651 1
2130 1019 1
2130 855 1
2130 2866 1
2807 5657 1
2807 3372 1
2807 109 1
2807 3780 1
4087 809 1
4258 1846 1
4036 947 1
3680 7 1
2536 3968 1
2536 1496 1
2536 1605 1
2536 3504 1
4509 1056 1
4151 4225 1
1876 659 1
1876 6953 1
1876 6997 1
1876 3056 1
1876 6983 1
1876 1554 1
1876 4521 1
4486 4468 1
4486 5699 1
4486 2301 1
4486 6223 1
2087 1017 1
2087 3947 1
4021 1667 1
2862 2849 1
672 1375 1
4272 5562 1
4272 3673 1
4272 4614 1
4272 6744 1
4272 356 1
4272 303 1
2643 4512 1
2643 3920 1
2643 995 1
1043 3131 1
1043 6253 1
1043 433 1
1043 6525 1
1043 2725 1
1043 5067 1
1043 6862 1
1043 3083 1
1043 6990 1
1043 6535 1
1043 6710 1
1043 2160 1
1043 3189 1
1043 4489 1
1043 1433 1
1043 2276 1
1043 350 1
1043 5122 1
2217 2653 1
2217 6242 1
2217 4802 1
2217 5952 1
2520 901 1
2520 2393 1
2520 290 1
2520 6659 1
2520 1123 1
2520 3227 1
2520 5095 1
2520 1431 1
2520 1322 1
2520 426 1
2520 6790 1
2520 601 1
2520 1159 1
5966 4385 1
6630 292 1
6630 3219 1
6630 2005 1
6630 2443 1
4689 2689 1
4689 1763 1
4689 3171 1
4393 5155 1
5180 1055 1
1271 5604 1
6733 1025 1
6733 4960 1
6733 4961 1
6733 4986 1
6733 4480 1
6733 3575 1
6733 4350 1
6733 1839 1
6733 2643 1
6733 1840 1
6733 135 1
6733 5106 1
791 4706 1
851 2883 1
851 3263 1
4375 5783 1
4375 4882 1
1220 6517 1
1220 4763 1
1220 6443 1
4470 1588 1
950 5553 1
950 131 1
950 3414 1
950 6148 1
950 1931 1
950 1442 1
1357 2414 1
3776 3265 1
4158 4870 1
4158 935 1
4158 4367 1
4158 6552 1
4158 656 1
4158 6925 1
4158 4435 1
4158 6194 1
4158 5267 1
4158 5557 1
4158 3424 1
4158 1912 1
4158 4551 1
4158 423 1
4158 6468 1
4158 3380 1
4158 2038 1
4158 6779 1
3137 1097 1
3137 2749 1
3137 2373 1
3137 2580 1
2185 761 1
4112 5698 1
4768 5917 1
4768 6840 1
6195 5238 1
6195 3316 1
6195 3353 1
6195 333 1
6195 5959 1
6195 825 1
6195 5661 1
6195 6414 1
6195 5905 1
6195 2552 1
6195 2084 1
1692 4923 1
1152 3564 1
1360 3561 1
3194 4582 1
1381 1141 1
1381 5246 1
1381 190 1
1381 1300 1
1381 3263 1
1381 3685 1
1381 624 1
1381 284 1
1381 6674 1
1381 1464 1
885 5292 1
2496 418 1
2496 2923 1
2496 6753 1
1322 612 1
1322 5290 1
1322 6889 1
1322 3273 1
1398 6780 1
1398 4396 1
1398 5663 1
225 2913 1
3983 4898 1
3144 5196 1
487 4475 1
3719 407 1
3719 2958 1
3719 2671 1
3266 4697 1
5023 1022 1
2410 3301 1
2410 2578 1
2410 1651 1
2410 4120 1
2410 889 1
2410 83 1
426 1757 1
1914 5490 1
5295 345 1
5295 5883 1
5295 704 1
5295 6224 1
5295 707 1
5295 2279 1
5295 6700 1
5295 5161 1
5295 3752 1
5295 5187 1
5295 6652 1
1602 3829 1
3830 4628 1
3501 3067 1
6671 6556 1
6671 5167 1
5799 5942 1
5799 2409 1
5799 178 1
5799 5621 1
5799 2083 1
3520 5438 1
3520 2823 1
556 683 1
4814 2223 1
4814 1057 1
4814 1226 1
4814 3876 1
2739 3484 1
3626 263 1
1663 6185 1
4508 5933 1
4426 5040 1
5214 3269 1
5214 2156 1
5214 2242 1
5214 5726 1
4795 4209 1
4795 422 1
4739 6748 1
1611 4604 1
1611 4680 1
1611 4781 1
1611 2987 1
1611 6693 1
6349 453 1
6349 2064 1
6349 6672 1
6349 621 1
6349 579 1
6349 555 1
6349 3116 1
5006 3471 1
6073 1372 1
477 1161 1
1853 4436 1
1209 262 1
5198 6412 1
5770 4624 1
4228 6814 1
4228 3163 1
1717 3450 1
3477 1343 1
3016 3373 1
3016 1598 1
4911 2836 1
4911 3716 1
4911 5276 1
4911 371 1
4911 2037 1
1778 4790 1
6912 716 1
3294 682 1
5921 3436 1
1545 3355 1
1463 2736 1
1463 5352 1
1463 2667 1
1463 5744 1
4596 5078 1
3537 4638 1
3537 3871 1
3537 822 1
3537 82 1
3537 3122 1
3537 2790 1
3537 5604 1
3537 3408 1
3537 811 1
3537 3669 1
3537 527 1
1538 3489 1
2995 4890 1
2995 231 1
2995 5815 1
2995 971 1
2995 5403 1
2995 3994 1
413 5977 1
5552 5646 1
3327 1292 1
3327 1014 1
3327 6509 1
3327 6794 1
3327 4536 1
3327 5995 1
3327 4080 1
3327 2690 1
3327 755 1
3327 1125 1
3327 6830 1
3327 2020 1
3327 1920 1
6812 2720 1
4394 4579 1
4394 6278 1
6269 3593 1
6269 6624 1
5334 4015 1
5334 6655 1
5334 590 1
5334 4617 1
5334 5579 1
5334 554 1
5334 1096 1
5392 1999 1
6491 2557 1
6491 1222 1
6491 3967 1
6491 3383 1
6491 4107 1
6491 6084 1
6491 6733 1
6491 330 1
262 1927 1
1121 6512 1
1629 2165 1
4203 6082 1
4164 3691 1
1388 6941 1
3704 3546 1
5856 1235 1
6415 4232 1
3602 5598 1
4035 965 1
4035 5427 1
1160 4371 1
1160 3185 1
1160 4263 1
1160 3718 1
1160 1640 1
1160 2186 1
1160 5652 1
1160 3760 1
1160 6293 1
1160 4369 1
1160 768 1
766 4647 1
766 2343 1
766 4885 1
2768 1236 1
6353 5580 1
1676 1244 1
4880 4456 1
2160 5075 1
2160 7006 1
2160 607 1
2160 5210 1
2160 1761 1
2160 2276 1
2160 1733 1
3612 950 1
2171 327 1
5009 1309 1
6627 6376 1
330 461 1
330 5467 1
3637 1636 1
1961 3500 1
4903 3182 1
3374 3759 1
3374 480 1
3374 3951 1
3374 1626 1
3374 2021 1
3374 4723 1
3374 2990 1
3374 1956 1
3374 2213 1
3374 2922 1
3374 6400 1
3374 3518 1
3374 50 1
3374 2043 1
3374 5319 1
3374 2996 1
3374 6800 1
3374 2943 1
2041 4911 1
2504 6307 1
250 1715 1
6921 255 1
5309 3556 1
5752 2247 1
7040 162 1
7040 5570 1
7040 918 1
7040 4167 1
7040 2071 1
6825 1197 1
6648 4281 1
6648 3438 1
6121 6029 1
6121 4776 1
6121 2907 1
4113 4389 1
4113 709 1
4113 6986 1
4113 5086 1
4113 3888 1
4113 6716 1
1514 4757 1
1514 3581 1
1514 742 1
1514 2230 1
1514 1332 1
1514 2283 1
1514 3926 1
1514 6248 1
1514 5824 1
1514 3366 1
1514 931 1
1514 2535 1
1514 106 1
1514 6563 1
1514 2543 1
1514 1478 1
1514 3795 1
1514 5270 1
1514 6462 1
1514 1705 1
1514 5592 1
1514 4600 1
1514 3503 1
1514 297 1
1514 5979 1
1514 1785 1
1514 6859 1
1514 6829 1
1514 599 1
1514 6117 1
1514 6773 1
1514 2987 1
1514 3662 1
1514 4055 1
1514 1481 1
1514 4990 1
1514 1243 1
1514 289 1
1514 4360 1
1514 200 1
1514 5578 1
1514 3952 1
1514 5886 1
1514 2924 1
1514 3861 1
1514 3532 1
1514 2697 1
1514 1146 1
3189 3657 1
3189 3055 1
3189 3743 1
5338 3473 1
4716 6278 1
2340 6669 1
2340 5337 1
2340 4026 1
2340 4093 1
2340 5418 1
2340 1964 1
2340 1198 1
2340 6833 1
2340 6207 1
2340 3065 1
2340 4557 1
2340 2454 1
2340 3323 1
2340 5046 1
3884 6885 1
1566 1546 1
1566 1976 1
1566 1735 1
2773 4125 1
7017 2174 1
6966 5350 1
6966 1985 1
6966 1228 1
6966 3775 1
6966 2850 1
6966 6881 1
6966 53 1
989 2487 1
989 880 1
989 6413 1
6112 384 1
6112 1510 1
3390 6718 1
3390 3433 1
3390 2898 1
245 2035 1
1826 6107 1
3315 1122 1
1243 3693 1
1243 660 1
1243 1477 1
1243 7007 1
1243 840 1
1243 6027 1
1243 5688 1
1243 1293 1
1243 4310 1
1243 6696 1
1243 4024 1
1243 6950 1
1243 266 1
1243 2212 1
1243 6530 1
1243 6245 1
1243 3481 1
1243 1879 1
1243 2209 1
1243 3446 1
1243 2516 1
1243 4197 1
1243 6562 1
1243 3942 1
1243 1520 1
1243 3966 1
1243 3371 1
1243 2620 1
1243 191 1
1243 3801 1
1243 2238 1
1243 1078 1
1243 362 1
1243 167 1
1243 4132 1
1243 936 1
1243 4133 1
1243 6551 1
1243 1762 1
1243 3130 1
1243 5444 1
1243 6973 1
1243 6662 1
1243 411 1
1243 2528 1
1243 1273 1
1243 3382 1
1243 4462 1
2590 6612 1
2590 7031 1
2590 3935 1
2590 5335 1
2590 3469 1
2590 299 1
654 1721 1
6869 6387 1
6869 6479 1
6869 5532 1
6869 6 1
6869 5249 1
6869 3449 1
6869 942 1
6869 6849 1
6869 2153 1
6869 5985 1
6869 4013 1
6869 9 1
6869 1098 1
6869 6886 1
6869 2525 1
6869 5910 1
6869 2152 1
6869 642 1
6869 6492 1
6869 3514 1
6869 6398 1
6869 5291 1
6869 6010 1
6869 5875 1
6869 1383 1
6869 6175 1
6869 364 1
6869 439 1
6869 5750 1
6869 2026 1
6869 4092 1
6869 904 1
6869 2070 1
6869 6698 1
6869 4947 1
6869 2642 1
6869 3230 1
6869 2073 1
6869 3969 1
6869 689 1
6869 757 1
6869 4530 1
1677 2490 1
1677 6940 1
1677 6192 1
3406 2012 1
4351 1101 1
4033 4784 1
4291 5913 1
4291 3048 1
4291 1127 1
4291 4518 1
4291 4430 1
4291 5813 1
4291 2438 1
4291 2245 1
4291 4849 1
4291 192 1
4291 71 1
4291 5722 1
4291 5143 1
4291 6816 1
4291 6011 1
4291 3247 1
4291 2821 1
4291 3129 1
4291 5756 1
4291 5583 1
4291 5737 1
4291 1748 1
4291 5749 1
4291 2232 1
4291 6042 1
4291 3580 1
4291 4685 1
4291 2763 1
3554 3568 1
3554 6887 1
3554 6230 1
3554 3633 1
3554 957 1
3554 1392 1
3554 4754 1
3554 3729 1
3554 1494 1
3554 7011 1
3554 1044 1
3554 465 1
3554 23 1
3554 6993 1
3554 6256 1
3554 270 1
6579 4294 1
6579 3112 1
6579 6337 1
6579 515 1
6579 6279 1
6579 2042 1
6579 2067 1
6579 2846 1
4860 1146 1
653 1704 1
653 6336 1
653 2906 1
653 5525 1
653 354 1
653 102 1
653 3814 1
6155 3994 1
5170 1426 1
3475 7001 1
3475 5534 1
3475 454 1
3475 4424 1
666 3864 1
666 3211 1
666 1891 1
666 3839 1
666 1813 1
666 5839 1
666 598 1
666 5784 1
666 2191 1
666 4598 1
666 6066 1
3148 2047 1
3148 6528 1
4162 2114 1
1523 6403 1
6764 1815 1
6764 5390 1
6764 5145 1
6764 72 1
6764 986 1
6764 6912 1
6764 4466 1
6764 2997 1
6764 6244 1
5001 1924 1
5001 5233 1
3339 2869 1
3339 5968 1
4356 1596 1
4356 5230 1
1384 1427 1
1219 3542 1
1219 1827 1
1219 1156 1
1219 1740 1
1219 2398 1
1219 951 1
5956 2065 1
6810 4267 1
4936 743 1
4360 5288 1
4360 4283 1
4360 1945 1
4360 310 1
4360 4940 1
4360 1655 1
4360 3530 1
4360 2767 1
4360 1380 1
4360 6831 1
4360 1526 1
4360 4856 1
4360 2407 1
4360 6360 1
4360 4086 1
4360 6609 1
4360 2360 1
4360 731 1
4360 5369 1
4360 2000 1
4360 164 1
4360 4673 1
4360 2935 1
1694 762 1
6662 1382 1
6662 1755 1
6662 3733 1
6662 741 1
6662 5602 1
3423 5270 1
5620 3677 1
5620 6952 1
5620 3039 1
3052 4007 1
3286 1214 1
3286 3420 1
1011 2634 1
1011 2540 1
3757 2566 1
3757 1172 1
3757 850 1
3757 1903 1
3757 1576 1
3757 6037 1
3757 6810 1
3757 1109 1
3757 4416 1
3757 1288 1
1829 891 1
4920 4166 1
6163 1779 1
6545 3986 1
1279 6087 1
1279 1782 1
4952 3243 1
5935 2715 1
140 471 1
5050 954 1
3654 5669 1
756 6632 1
756 5344 1
756 815 1
756 5120 1
4696 4060 1
4696 773 1
4696 3297 1
4696 6623 1
4696 4746 1
2957 1616 1
4190 2558 1
4190 5846 1
3571 1407 1
3249 5457 1
4441 207 1
2264 1105 1
4489 4231 1
4489 1590 1
4489 2550 1
4489 6417 1
4489 1196 1
4489 125 1
2227 6951 1
1565 4759 1
1565 4193 1
5578 2803 1
5578 3960 1
5578 5573 1
5578 2959 1
5578 6459 1
5578 4392 1
5578 1337 1
5578 136 1
5578 2058 1
5578 5397 1
5578 4395 1
5578 1283 1
5323 2683 1
5323 6331 1
5931 4627 1
35 3739 1
35 5090 1
35 1998 1
35 6389 1
35 1402 1
35 1916 1
35 291 1
35 1631 1
35 5451 1
1814 677 1
1814 1126 1
1814 5331 1
1814 1221 1
1814 2780 1
1814 5028 1
1814 5283 1
3241 2461 1
1574 4460 1
970 5812 1
4361 4588 1
1421 2022 1
283 315 1
6975 4020 1
6975 2456 1
5865 3819 1
3311 2759 1
1809 2960 1
4520 6467 1
6775 1541 1
6775 6431 1
6775 506 1
6775 1612 1
6775 1134 1
6775 2169 1
6775 2661 1
6775 1066 1
6775 6366 1
6775 1865 1
6775 2262 1
6775 4954 1
6775 4027 1
6775 2180 1
6775 1184 1
5395 2625 1
4931 2016 1
3994 636 1
3994 3060 1
3994 4212 1
3994 1690 1
6069 3838 1
2501 2650 1
2501 5521 1
2501 5707 1
2501 5735 1
2501 20 1
2123 2608 1
2123 3535 1
4410 2658 1
5268 5234 1
5268 5044 1
543 6349 1
543 4186 1
5738 2387 1
5738 1247 1
2145 3695 1
3817 1151 1
3817 4791 1
3817 1649 1
3817 6872 1
3817 3237 1
3817 2432 1
3817 2259 1
3817 2662 1
3817 2597 1
3817 3458 1
3817 6782 1
3544 6802 1
1136 5090 1
5020 2339 1
3149 3865 1
5541 3938 1
5148 3428 1
1362 1654 1
2764 1434 1
5636 1862 1
3381 3253 1
3381 6213 1
3381 5732 1
3381 1967 1
3381 281 1
3381 6113 1
3381 5171 1
3381 214 1
2770 2744 1
1273 3375 1
1273 697 1
1273 907 1
1273 183 1
6635 5359 1
4761 3921 1
4761 2505 1
4761 2861 1
4761 3332 1
1697 4179 1
2597 1347 1
2597 3496 1
2597 730 1
2597 5718 1
3388 380 1
3872 4452 1
6745 3528 1
6745 6144 1
6745 732 1
6745 2388 1
767 3957 1
767 5884 1
767 4112 1
767 392 1
92 3773 1
92 2372 1
92 2441 1
92 6031 1
92 797 1
92 4335 1
92 2106 1
92 3034 1
92 1353 1
92 3924 1
92 4383 1
92 4076 1
2722 3908 1
22 4381 1
4370 1979 1
4370 1882 1
4370 5632 1
4370 1405 1
4370 1938 1
2800 6370 1
5274 4725 1
6198 6429 1
6694 3440 1
6694 5720 1
6694 5759 1
6694 4244 1
6694 301 1
6694 3321 1
6694 2197 1
6694 1949 1
6694 5889 1
6694 4689 1
6694 2986 1
6694 4199 1
6694 367 1
6694 332 1
6694 4568 1
6694 3939 1
6694 6565 1
6694 3311 1
6694 7009 1
4222 5792 1
4222 4178 1
4222 4698 1
2180 6718 1
2956 3663 1
2956 5967 1
2956 893 1
3934 1117 1
5103 703 1
2605 2375 1
171 2034 1
5640 3958 1
746 3984 1
746 121 1
746 6961 1
746 6164 1
746 6895 1
746 3404 1
746 4785 1
746 2140 1
746 3746 1
746 6129 1
746 1747 1
746 5347 1
746 5160 1
746 3973 1
746 551 1
1034 5902 1
2395 1345 1
2884 4705 1
919 1737 1
919 1888 1
919 6171 1
919 1781 1
2572 6955 1
30 3826 1
3955 4303 1
3955 1881 1
3955 4454 1
3955 6680 1
3955 1200 1
3955 203 1
1670 3043 1
1878 1656 1
4720 6437 1
3861 6935 1
3861 309 1
3861 1671 1
3861 6072 1
3861 5002 1
3861 6130 1
3861 1524 1
3861 1031 1
3861 5330 1
3861 5736 1
3861 5841 1
3861 4629 1
3861 900 1
3861 877 1
3861 5775 1
3861 6778 1
3861 1766 1
3861 2538 1
3861 2915 1
4490 4822 1
1319 1940 1
388 872 1
388 5702 1
388 3150 1
388 1425 1
388 4982 1
388 3335 1
388 1663 1
388 6158 1
388 147 1
388 1421 1
388 1932 1
6397 1111 1
3114 1301 1
972 651 1
972 6666 1
972 3519 1
972 4224 1
972 5264 1
972 2046 1
972 2281 1
972 568 1
972 5262 1
972 7024 1
972 4872 1
972 3996 1
972 1422 1
972 4161 1
972 1679 1
972 35 1
972 2129 1
972 2050 1
972 3763 1
6656 2483 1
5741 2202 1
6244 2027 1
6244 4735 1
6244 6824 1
6244 252 1
6244 4443 1
6244 5493 1
6244 1032 1
6244 519 1
6244 153 1
6151 2896 1
6176 3225 1
211 1492 1
4556 2001 1
5112 5522 1
5112 4282 1
6989 5034 1
1805 449 1
1805 6188 1
1805 1219 1
1805 1937 1
36 1710 1
2980 1432 1
1981 3635 1
1981 6154 1
1981 6045 1
2602 4461 1
2602 558 1
2602 5616 1
2602 2635 1
2602 5544 1
2602 1880 1
4529 6618 1
1951 440 1
4539 6607 1
6256 3100 1
6256 4172 1
3382 5675 1
3382 6463 1
3382 2115 1
3382 6168 1
3382 3062 1
3382 4651 1
3382 713 1
3382 4683 1
2241 400 1
1115 2396 1
5626 3201 1
5626 3559 1
4984 4634 1
3904 3145 1
3904 3279 1
3904 4686 1
3904 238 1
3904 6676 1
3904 5055 1
3904 4287 1
3904 5497 1
6157 4593 1
6487 5645 1
2616 1479 1
2616 1549 1
4116 4548 1
4116 3089 1
4116 5757 1
4116 1876 1
4116 6586 1
4116 6971 1
4116 6138 1
5484 4976 1
5482 5428 1
5482 2753 1
2976 4157 1
3527 6489 1
3889 896 1
4309 6295 1
5764 633 1
1116 4414 1
3907 6827 1
4362 5582 1
5021 3959 1
2493 572 1
3507 4364 1
1504 4479 1
1394 1926 1
1394 6116 1
6024 5049 1
6024 2376 1
5898 3917 1
2998 5710 1
2998 5730 1
2998 997 1
3445 4300 1
3445 3482 1
3445 237 1
3442 5638 1
6876 2439 1
6900 4175 1
91 2575 1
91 1506 1
3631 6709 1
3631 3782 1
3631 4591 1
2914 5649 1
2914 2155 1
2914 6166 1
2914 5817 1
2914 251 1
952 4966 1
952 2551 1
952 3833 1
952 4106 1
952 1389 1
952 2890 1
952 6228 1
952 5893 1
952 3098 1
952 273 1
952 1569 1
952 6533 1
952 1099 1
952 4051 1
952 2693 1
952 447 1
952 5560 1
952 6338 1
952 4029 1
952 6808 1
952 1935 1
952 320 1
952 1267 1
952 3525 1
952 365 1
952 4066 1
952 163 1
952 2569 1
952 4772 1
952 5957 1
952 6035 1
952 495 1
952 5066 1
952 6157 1
952 4257 1
952 4625 1
6057 2497 1
1995 1680 1
5080 4201 1
5080 1276 1
5080 669 1
5080 2149 1
5080 5664 1
5080 740 1
5080 3075 1
5427 4973 1
2697 4298 1
2697 3331 1
2697 4635 1
2697 4373 1
2697 2096 1
2697 1825 1
2697 1702 1
2697 6815 1
2697 5787 1
2697 2745 1
3696 4344 1
862 3879 1
6413 6343 1
6413 6061 1
6413 6322 1
6413 5878 1
6413 5923 1
6413 1314 1
6413 6750 1
6413 7023 1
6413 1245 1
6413 3452 1
6413 224 1
6413 1723 1
6413 4243 1
6413 2932 1
6413 1863 1
6413 4387 1
6413 2239 1
6413 577 1
5252 1948 1
4756 2593 1
4756 6423 1
4756 5930 1
2682 5260 1
4325 2216 1
6136 4847 1
3609 2694 1
3609 6418 1
3609 2536 1
3609 1411 1
3609 4789 1
6539 4090 1
4355 3897 1
5474 96 1
2864 4085 1
448 5183 1
448 1231 1
2908 5721 1
2412 776 1
2412 2881 1
2412 787 1
2412 640 1
2412 6369 1
2412 6601 1
2412 5193 1
2412 3068 1
6991 3683 1
6991 5885 1
6991 1941 1
6991 4386 1
6991 1852 1
6991 5536 1
6991 5997 1
6991 694 1
6991 6922 1
6991 6464 1
6991 3429 1
2014 260 1
2014 5513 1
1683 4500 1
3160 2087 1
3563 2628 1
3563 984 1
3563 51 1
3563 6605 1
3563 616 1
3563 6760 1
3563 1952 1
3563 6944 1
3563 928 1
3563 5215 1
3563 1959 1
3563 387 1
3563 1974 1
3563 3913 1
3563 4764 1
3563 5209 1
4058 6003 1
4058 435 1
1274 4827 1
4098 4612 1
4904 6716 1
5914 5171 1
5914 4359 1
5914 5372 1
4002 5064 1
4002 2859 1
6490 391 1
6490 1133 1
6490 6787 1
6490 6864 1
6490 1669 1
6490 4539 1
2979 983 1
795 4959 1
795 5295 1
1218 6759 1
1218 3333 1
1218 3224 1
6658 2686 1
280 4422 1
280 1462 1
280 5999 1
280 3180 1
280 5506 1
280 794 1
280 4148 1
280 2095 1
280 4666 1
280 1706 1
280 1502 1
280 4620 1
280 3090 1
280 4667 1
2016 4578 1
2436 6843 1
6779 6183 1
3198 6584 1
6735 335 1
6523 2808 1
6523 1173 1
4223 6519 1
4223 4438 1
4223 4708 1
4223 3205 1
915 2702 1
613 3868 1
62 1091 1
62 5358 1
867 2760 1
1103 6427 1
722 282 1
722 3898 1
722 5060 1
722 5115 1
722 3894 1
722 5368 1
722 2917 1
722 1205 1
722 5941 1
722 209 1
722 4857 1
722 4916 1
722 3628 1
1316 1919 1
3031 3797 1
3031 472 1
6923 4848 1
6923 964 1
6923 3697 1
6923 6597 1
6641 3274 1
6641 2370 1
6641 859 1
5151 4091 1
5151 4034 1
6765 6534 1
6765 6574 1
6765 6270 1
7046 3222 1
7046 3961 1
3902 304 1
3902 5394 1
3902 4399 1
3902 3217 1
3902 6268 1
3902 4571 1
3902 3077 1
3902 5672 1
3902 3172 1
3902 5831 1
3019 2201 1
3019 133 1
6749 363 1
1259 3006 1
1259 6664 1
5639 4041 1
5851 523 1
6312 1302 1
6312 1718 1
742 2446 1
742 4662 1
742 1262 1
5977 3874 1
5977 6818 1
5977 5714 1
5977 1234 1
5977 4953 1
5977 6085 1
6253 7030 1
6253 5277 1
3316 5992 1
3091 5425 1
5730 4449 1
3354 2969 1
1176 5887 1
1176 65 1
5938 5158 1
4944 5109 1
4944 2306 1
4944 2776 1
5064 1930 1
1330 5232 1
2283 215 1
2688 1008 1
2688 2252 1
2428 4278 1
2938 2249 1
2938 1811 1
2938 4760 1
2938 6788 1
2938 1024 1
1093 5802 1
2953 2273 1
2953 673 1
2953 2002 1
5955 3409 1
5955 1634 1
5955 1984 1
5955 5654 1
5955 576 1
5955 5029 1
5955 4492 1
4016 911 1
4016 4989 1
4016 6250 1
3852 4137 1
1385 2211 1
1385 6342 1
5769 5121 1
5769 2724 1
5769 57 1
4305 927 1
4305 720 1
5017 4493 1
346 6395 1
3101 5823 1
3101 6784 1
2308 4799 1
2308 4932 1
2308 1490 1
2308 4499 1
2308 5365 1
2308 3972 1
2308 7045 1
2308 347 1
2308 6726 1
2308 897 1
2308 2544 1
2308 398 1
2308 1855 1
2308 3421 1
2694 1532 1
1170 1644 1
1170 2622 1
1170 1845 1
1170 2951 1
1170 2380 1
6027 15 1
5688 6804 1
5034 3073 1
814 1812 1
814 5266 1
814 3930 1
814 1036 1
814 2031 1
814 846 1
814 6351 1
4263 3618 1
4581 1664 1
4581 6046 1
4581 3789 1
4283 2999 1
3531 906 1
1915 1870 1
443 2324 1
3686 3664 1
3686 4094 1
3686 2819 1
3686 2672 1
5824 5381 1
5824 402 1
5824 870 1
6170 6564 1
6170 6675 1
6852 2732 1
1741 4713 1
2992 5177 1
4304 4519 1
6359 3664 1
2715 4669 1
2715 5462 1
5213 6478 1
6952 4458 1
5250 2612 1
5250 1454 1
5016 5070 1
5016 17 1
2869 4741 1
1358 5430 1
1358 1439 1
1358 271 1
1358 4902 1
4543 5805 1
1691 2945 1
1412 6496 1
4639 6320 1
4639 6785 1
4639 5079 1
4639 3851 1
5000 385 1
5000 1856 1
5000 6640 1
4861 3705 1
4861 2077 1
4861 4835 1
4861 3560 1
4861 557 1
4861 3837 1
4861 4227 1
4861 6401 1
4853 6197 1
2385 5373 1
2385 5015 1
2081 5771 1
2081 6755 1
2081 1898 1
2081 337 1
2081 6561 1
2081 5816 1
2081 6686 1
4480 6860 1
6368 4072 1
6368 2784 1
6368 2257 1
6368 4938 1
6043 2017 1
6043 3285 1
6043 3025 1
4722 2971 1
4722 1269 1
4722 4675 1
4397 5753 1
4397 1864 1
6216 6044 1
5139 1739 1
5139 80 1
5139 5508 1
5139 3692 1
3379 1440 1
3379 5612 1
3379 2728 1
3379 3794 1
3379 4550 1
4169 6092 1
2174 4694 1
5576 4137 1
850 831 1
850 6076 1
850 5394 1
850 3659 1
4311 5894 1
4311 3605 1
6130 3922 1
6130 6524 1
6130 6439 1
565 3744 1
1680 6668 1
1680 3432 1
4215 6302 1
4215 2596 1
4215 2275 1
4215 1890 1
4215 661 1
4215 1832 1
4215 4534 1
4215 2526 1
4215 3179 1
4215 2315 1
4215 1485 1
2912 5517 1
880 2294 1
880 4883 1
2219 2491 1
990 3751 1
6926 553 1
1066 3232 1
5814 5081 1
5814 6957 1
2213 5322 1
6339 5545 1
3995 2734 1
3665 6341 1
3665 3252 1
3665 3464 1
3826 4379 1
3478 606 1
4474 841 1
6030 600 1
1488 3196 1
3916 1684 1
5089 1812 1
5089 933 1
5089 3855 1
5089 126 1
2480 6186 1
2480 5137 1
2480 6402 1
5592 6580 1
1390 1349 1
2056 1239 1
4600 5285 1
4600 4123 1
4600 6133 1
4600 5056 1
4600 1580 1
4600 6647 1
4600 1352 1
4863 6507 1
2018 2457 1
2018 1516 1
2018 4967 1
148 886 1
6731 4658 1
5627 843 1
5627 3124 1
5627 782 1
5627 5257 1
6963 5879 1
1616 1263 1
2126 3837 1
2126 4388 1
2126 2656 1
3289 524 1
3289 6015 1
5099 6690 1
5099 4964 1
5099 6079 1
3742 3574 1
3742 3087 1
3742 5042 1
3530 905 1
3530 4894 1
3530 982 1
3530 4235 1
3956 4805 1
3956 3878 1
3956 510 1
3956 2080 1
5617 6109 1
5617 3358 1
1958 4515 1
1958 24 1
1958 4747 1
1958 2358 1
3214 5993 1
3214 5346 1
3214 5547 1
3214 6265 1
3214 438 1
2946 6949 1
2946 929 1
2946 6472 1
157 5261 1
157 1081 1
157 5500 1
1614 5895 1
5590 6711 1
4781 5860 1
4781 5178 1
4781 778 1
4781 3798 1
2471 4997 1
2471 6271 1
2471 3434 1
2471 688 1
2471 5447 1
3376 2323 1
4898 4977 1
4898 2787 1
2516 1608 1
377 1327 1
3572 2036 1
3572 4996 1
3572 1346 1
5716 2955 1
3769 3350 1
3769 156 1
3769 3770 1
6094 6036 1
6094 78 1
6094 1376 1
6094 860 1
6094 1296 1
6094 4269 1
6094 4069 1
288 134 1
451 5614 1
451 3026 1
451 7027 1
451 5469 1
451 394 1
6247 4985 1
6247 5169 1
6247 6884 1
6247 5423 1
6247 1435 1
6247 210 1
6247 1593 1
6247 4531 1
6247 3203 1
6247 3722 1
6247 390 1
6247 1128 1
6247 5567 1
6247 2947 1
6247 793 1
6247 2029 1
6247 2313 1
6247 3125 1
6247 1112 1
6247 2109 1
6247 3905 1
6247 1620 1
6247 1318 1
6247 1165 1
6247 3779 1
6247 4189 1
6247 6227 1
6247 4274 1
6247 690 1
6247 2337 1
6247 4978 1
6247 3587 1
6247 98 1
6247 4307 1
6247 4140 1
321 6320 1
321 5357 1
321 5256 1
321 6016 1
321 158 1
5774 5648 1
2292 307 1
2292 724 1
2292 735 1
2292 3066 1
2292 1085 1
2292 6841 1
615 4851 1
6773 3614 1
6773 1700 1
6773 314 1
6773 5982 1
6773 4501 1
6773 2210 1
2147 7005 1
455 5440 1
550 3290 1
550 2251 1
5292 3362 1
5292 2991 1
5292 481 1
5292 3987 1
5292 2517 1
5292 2815 1
5292 5901 1
5292 3682 1
5292 6962 1
5292 5165 1
5292 5481 1
5292 5380 1
5292 2303 1
5292 1992 1
5968 6604 1
2293 1736 1
3944 3927 1
3944 5671 1
6300 466 1
6300 4989 1
6300 4583 1
6300 5733 1
6300 6103 1
6300 4101 1
6300 5830 1
445 1534 1
5782 1471 1
1865 6013 1
1615 2285 1
1615 2756 1
1615 3209 1
1615 193 1
1615 4262 1
1615 2088 1
1615 2139 1
1615 1991 1
747 2057 1
376 1027 1
376 4081 1
376 5073 1
376 2075 1
376 1698 1
376 2122 1
376 6681 1
2238 2710 1
2262 5795 1
2374 1632 1
2374 2631 1
2374 678 1
2861 4288 1
2861 6890 1
1743 3338 1
1743 836 1
1743 4253 1
1743 5791 1
808 2188 1
101 6009 1
101 4671 1
327 7028 1
2524 3280 1
1297 2391 1
1607 6067 1
1607 5388 1
1607 5402 1
4155 6449 1
4155 4208 1
4155 2878 1
4155 324 1
4155 675 1
4155 4641 1
4155 3169 1
827 6754 1
1342 5498 1
1342 2055 1
1342 4786 1
1342 3505 1
3999 3608 1
3999 5211 1
2887 7037 1
2887 1006 1
2887 2048 1
2887 2629 1
2887 2309 1
2887 2268 1
1078 4806 1
5478 2812 1
1872 304 1
1872 4420 1
1872 5810 1
6994 2166 1
3518 3040 1
2486 4913 1
3012 2138 1
3012 1688 1
5043 6526 1
2536 4057 1
1876 3117 1
4486 2124 1
4486 5376 1
4486 2289 1
4486 796 1
4486 6568 1
4486 1189 1
4486 765 1
4486 2384 1
1043 4562 1
1043 3971 1
1043 1771 1
1043 2891 1
1043 5572 1
1043 6139 1
4859 5168 1
4859 139 1
2658 1811 1
4375 2706 1
4375 149 1
4375 6077 1
4375 4687 1
1220 2638 1
1220 3841 1
950 5117 1
877 1972 1
877 5586 1
4158 1628 1
4158 5422 1
6195 1642 1
6195 6401 1
6195 1023 1
6195 2178 1
6195 5635 1
1800 6123 1
6379 4899 1
5295 5729 1
5295 5225 1
5295 3806 1
5799 218 1
5799 3287 1
5799 670 1
5799 317 1
5799 1455 1
4459 4704 1
4459 522 1
4459 111 1
3328 3547 1
4207 5469 1
4207 5306 1
1545 235 1
1545 3781 1
1545 5944 1
1545 3099 1
1545 871 1
5535 3991 1
3537 561 1
3537 3510 1
3537 645 1
3537 1253 1
2175 6804 1
3327 1610 1
3327 6642 1
3327 6888 1
3327 3088 1
5334 1666 1
5334 399 1
5334 4427 1
5334 152 1
1160 2506 1
1160 5796 1
4903 316 1
3374 634 1
370 2298 1
6121 5685 1
4113 6507 1
1514 3688 1
1514 5969 1
1514 2090 1
1514 1225 1
1514 2888 1
6966 5761 1
989 3848 1
6112 3583 1
5476 3472 1
1243 1869 1
6869 6131 1
6869 6769 1
6869 987 1
6869 3032 1
6869 5450 1
6869 3063 1
6869 1282 1
6869 2696 1
1677 4547 1
4291 2738 1
4291 6544 1
4291 2660 1
4291 2167 1
4291 1294 1
3554 5079 1
3554 3772 1
3554 5458 1
3554 436 1
3554 723 1
653 1798 1
653 6622 1
3475 5533 1
666 6518 1
6764 5891 1
1011 6298 1
1011 1904 1
6830 5328 1
6830 4734 1
6830 87 1
5230 823 1
5230 1201 1
6839 5455 1
6839 6012 1
6839 1067 1
1565 611 1
1565 3330 1
5578 4239 1
5578 3079 1
35 6905 1
1809 6873 1
1809 3004 1
1809 3862 1
1809 2547 1
1809 2265 1
6775 849 1
6775 991 1
940 5096 1
940 5492 1
940 998 1
940 5683 1
940 2964 1
940 6768 1
940 5844 1
940 3310 1
4670 1990 1
3994 3570 1
3994 929 1
3994 322 1
3994 6206 1
3994 4653 1
3994 4737 1
3994 922 1
3994 5943 1
3994 3824 1
3994 2778 1
3994 2039 1
3994 4840 1
3994 3213 1
3994 3804 1
2501 2925 1
3817 852 1
3817 4400 1
3817 5387 1
5827 769 1
5636 2687 1
3381 5105 1
1273 5131 1
1273 6086 1
4593 1268 1
92 6807 1
92 1906 1
92 2730 1
92 4503 1
4370 5666 1
4370 2403 1
4370 268 1
6694 5311 1
6694 4794 1
6694 1020 1
6694 706 1
6694 1088 1
2357 1647 1
2588 5677 1
2588 2647 1
746 3278 1
2939 1893 1
2020 3168 1
3861 4108 1
3861 1260 1
3861 2645 1
3861 3238 1
3861 5324 1
972 6602 1
972 3711 1
1805 2437 1
1981 3962 1
4539 3706 1
6256 4616 1
3904 3363 1
3904 6275 1
3904 4712 1
3904 2563 1
3904 4975 1
4116 69 1
5484 5550 1
270 3854 1
3445 5514 1
952 858 1
6413 3925 1
4756 748 1
2440 1836 1
2440 6140 1
2440 6613 1
2440 4592 1
2440 3368 1
366 1064 1
2412 4477 1
2412 5990 1
6991 6842 1
6991 1321 1
6991 1475 1
6991 1630 1
6991 1804 1
3563 5370 1
4650 634 1
4650 4390 1
5914 4576 1
1821 5648 1
1821 5569 1
6233 198 1
280 585 1
280 5725 1
6523 6200 1
722 1603 1
722 1776 1
4611 376 1
4611 808 1
4174 6157 1
7037 1276 1
491 2364 1
230 1981 1
5727 3119 1
5854 5437 1
4440 4510 1
1996 5630 1
1601 3596 1
817 2655 1
6452 6456 1
4820 5281 1
1315 6683 1
6729 6874 1
6729 5417 1
6729 6994 1
6729 2826 1
2377 2049 1
5058 919 1
6739 92 1
5832 137 1
6053 6043 1
2336 2443 1
6714 2220 1
1768 3111 1
2791 3111 1
4981 6691 1
4981 6318 1
4981 4340 1
5637 6326 1
520 148 1
520 4139 1
520 630 1
1452 3326 1
2397 488 1
2397 1745 1
3071 6491 1
564 4441 1
2858 5064 1
6299 445 1
4485 3031 1
6435 1547 1
6435 5903 1
2347 1093 1
4991 814 1
798 2729 1
798 4318 1
4154 3869 1
4154 4587 1
4567 4957 1
2880 6000 1
2559 7000 1
6327 1875 1
5927 4870 1
5927 2520 1
5927 6195 1
1377 910 1
6643 1595 1
6643 6057 1
6855 4871 1
5164 3101 1
5164 3379 1
5164 1958 1
5164 4295 1
2727 2279 1
1652 3852 1
4188 571 1
985 5739 1
3291 3661 1
1132 5539 1
470 4622 1
3860 6793 1
2325 2243 1
2802 1537 1
3396 1248 1
3396 6531 1
5302 6627 1
1373 1028 1
1373 3600 1
1373 6247 1
1373 2374 1
1373 4701 1
2818 3859 1
2818 6502 1
2818 6774 1
2818 1921 1
2818 4843 1
1624 6594 1
3896 1275 1
5207 4787 1
5207 2501 1
3411 3523 1
3386 2666 1
5916 2666 1
4949 3271 1
4796 3707 1
4218 5476 1
3601 6222 1
5692 4459 1
902 4924 1
6878 478 1
5731 4301 1
5269 6454 1
2008 5963 1
664 3177 1
664 961 1
6979 1615 1
1986 3200 1
864 4610 1
1153 2486 1
6985 1802 1
4812 6286 1
4146 2081 1
4146 419 1
4065 1661 1
3777 5149 1
3777 4143 1
2897 6289 1
2345 6682 1
2345 3108 1
625 6349 1
7022 5439 1
7022 4030 1
7022 2581 1
7022 2649 1
7022 1559 1
7022 6973 1
3758 6998 1
6352 779 1
6352 671 1
6352 3906 1
6352 6998 1
5512 629 1
6251 79 1
2853 4016 1
2853 5647 1
497 6469 1
5446 2342 1
5446 6844 1
1168 1466 1
4559 4888 1
4559 1911 1
4176 5089 1
1772 2601 1
274 2678 1
3949 3950 1
4749 13 1
1216 2448 1
258 2953 1
258 5790 1
3487 3093 1
2352 6241 1
6038 4448 1
3236 1560 1
3236 2564 1
2255 5317 1
5996 6823 1
4765 944 1
2707 1465 1
5298 1230 1
6832 4338 1
6832 1463 1
6858 5869 1
6335 4577 1
6335 5595 1
6335 1071 1
5926 3651 1
4328 2480 1
1824 3870 1
2334 6928 1
2916 3857 1
4963 4861 1
1351 6513 1
1351 459 1
6708 462 1
6708 4158 1
6708 4043 1
2051 3120 1
2051 2715 1
3018 2349 1
6756 456 1
2929 5576 1
5340 117 1
2451 6506 1
2856 6506 1
5398 1246 1
3846 2877 1
3405 2914 1
2314 6409 1
2314 4119 1
6865 4788 1
6865 1087 1
6865 3674 1
3140 2852 1
3367 1816 1
7036 6923 1
1199 3416 1
3161 6641 1
3161 334 1
107 1055 1
1799 2948 1
1799 6965 1
5229 6474 1
575 5170 1
1367 1160 1
4664 5313 1
4535 3262 1
4535 4038 1
5217 4745 1
2131 1404 1
2131 6548 1
2131 370 1
5354 6707 1
3616 1867 1
3616 3524 1
6450 5068 1
4219 154 1
6225 2219 1
3887 3741 1
1851 2362 1
5601 5504 1
3613 940 1
4205 6550 1
4084 234 1
1457 6220 1
6603 2909 1
1907 1289 1
1907 1139 1
1907 5384 1
1907 3422 1
1907 2068 1
6712 2394 1
1177 5777 1
3834 277 1
5150 1553 1
1417 4903 1
2832 5326 1
1584 6216 1
1584 1488 1
1584 1646 1
708 431 1
6730 5837 1
1993 5523 1
6419 4220 1
1806 331 1
2900 5008 1
1987 2792 1
686 5334 1
6120 2949 1
1823 2318 1
4332 5948 1
5088 1947 1
5088 4993 1
6576 2871 1
6576 3016 1
2542 1007 1
5766 2859 1
429 6283 1
3672 2779 1
2901 5317 1
4407 1162 1
4538 2524 1
5892 3478 1
5892 5099 1
1759 4320 1
1759 3060 1
6444 972 1
6822 4639 1
932 2488 1
842 1983 1
842 5399 1
5077 650 1
2961 3012 1
7032 1693 1
3585 1015 1
1777 3337 1
6976 5314 1
1251 2927 1
1970 3715 1
6811 2011 1
5762 6749 1
6393 2670 1
3288 1474 1
955 6938 1
6897 3369 1
3638 1595 1
726 5629 1
6059 989 1
2606 6424 1
3847 4215 1
3847 2130 1
967 2326 1
967 4581 1
373 5535 1
1061 4696 1
4284 5219 1
3919 3376 1
3919 5799 1
3474 3959 1
810 5716 1
6572 4766 1
4177 5755 1
63 5118 1
3736 4121 1
2074 2857 1
3599 6946 1
3599 5814 1
3599 5909 1
3599 653 1
3578 6410 1
1822 3562 1
1822 1542 1
1822 6917 1
1822 1814 1
6770 6014 1
4117 559 1
2870 5035 1
2886 4719 1
3737 5840 1
3825 4305 1
3825 1495 1
6039 4222 1
5745 7026 1
5745 4222 1
4832 2928 1
4063 6579 1
5251 3059 1
1083 1169 1
2982 2272 1
535 1330 1
535 3639 1
5591 1330 1
5062 1410 1
6063 5097 1
2118 2794 1
2118 925 1
2236 5984 1
7048 4245 1
1491 6088 1
2875 68 1
4 2591 1
4778 3903 1
3164 6296 1
4053 4115 1
5834 4155 1
5834 853 1
6362 5546 1
5543 5627 1
4580 2267 1
968 2471 1
3325 2617 1
3175 6569 1
6723 6948 1
3365 288 1
3911 246 1
4736 3275 1
2351 3761 1
6699 6856 1
1365 6160 1
1365 2089 1
1365 4268 1
1489 2142 1
710 3656 1
3057 6798 1
5432 6821 1
1414 5965 1
312 3572 1
312 3086 1
312 4811 1
312 6869 1
2843 2588 1
1338 2458 1
1579 4630 1
1579 6535 1
1037 1095 1
890 4070 1
890 1220 1
3292 1297 1
725 2189 1
6536 2147 1
1312 5712 1
662 1857 1
4873 5554 1
2240 4672 1
151 3514 1
3522 2801 1
5605 5928 1
1689 1259 1
1689 4374 1
3784 1286 1
874 56 1
6636 827 1
6636 3342 1
3260 4432 1
1896 6829 1
2860 5618 1
3953 6426 1
3953 2822 1
6590 1369 1
5667 4896 1
6104 4077 1
3210 4828 1
5053 5348 1
81 2807 1
6857 1741 1
4994 3162 1
5600 3377 1
4807 1764 1
2328 1358 1
1859 1746 1
777 6110 1
4464 3640 1
3690 1271 1
5471 3537 1
2427 5418 1
1181 5978 1
1695 4299 1
6068 1470 1
5127 3460 1
5460 6926 1
5460 6372 1
5460 2936 1
2061 6005 1
2061 4925 1
2061 6599 1
4045 2786 1
2271 1599 1
552 4602 1
114 5808 1
6610 1786 1
6219 914 1
6587 1207 1
4969 3352 1
6480 3946 1
1192 2463 1
1192 3022 1
1192 3577 1
1668 2752 1
6150 2956 1
5870 1390 1
4455 1922 1
4455 242 1
4122 342 1
5004 3317 1
1518 5093 1
216 2895 1
2679 5801 1
4560 346 1
2479 3212 1
197 5643 1
1257 1973 1
4926 5540 1
74 4083 1
1086 2321 1
2533 2321 1
2627 722 1
4290 5310 1
2874 3802 1
5202 219 1
4279 5560 1
4382 3603 1
3256 3456 1
6466 6239 1
3566 7039 1
54 4679 1
249 5456 1
103 3327 1
5861 4202 1
6297 3863 1
1158 763 1
177 213 1
1295 6438 1
2589 1437 1
3407 6263 1
353 4922 1
6311 1094 1
6677 4397 1
863 1933 1
4187 88 1
3914 2082 1
3553 3191 1
3257 3818 1
6801 1393 1
3000 4445 1
5911 2695 1
3465 3152 1
5505 6981 1
5247 2523 1
6678 4955 1
2099 1754 1
287 6904 1
3835 5938 1
1686 6415 1
1585 4545 1
6766 5551 1
1934 3680 1
5507 6963 1
3688 2534 1
1188 1805 1
1188 3631 1
3590 1409 1
3853 1533 1
3853 4677 1
1107 3346 1
4234 3745 1
2713 1323 1
2713 2335 1
493 3552 1
3336 4930 1
2468 4153 1
1877 3609 1
6484 6982 1
1769 64 1
3103 4781 1
2484 313 1
3974 2595 1
4439 3757 1
3941 1359 1
1143 4863 1
5998 3138 1
6497 150 1
2799 4375 1
4809 3276 1
253 4032 1
1784 6179 1
4813 3956 1
4260 3653 1
361 3137 1
361 3520 1
5800 4776 1
6134 4640 1
976 5139 1
5566 2498 1
1397 6972 1
2157 883 1
4292 1841 1
223 1900 1
1567 4212 1
5599 1662 1
5599 5673 1
5599 6262 1
6657 293 1
4915 4516 1
3009 6705 1
3586 3106 1
847 5676 1
6930 1328 1
537 6196 1
560 6355 1
1250 5868 1
3134 6764 1
4251 5768 1
5494 4254 1
5954 4353 1
5954 5478 1
639 5862 1
1079 5862 1
5152 2367 1
5263 2510 1
6978 2280 1
2382 953 1
6498 4726 1
2984 6291 1
2965 5499 1
663 2918 1
6702 4631 1
2968 127 1
586 1627 1
3840 3374 1
3731 4914 1
5558 2292 1
4323 1809 1
6653 3588 1
4594 6537 1
5299 1238 1
2508 5524 1
130 2482 1
2561 3231 1
124 4171 1
1643 6913 1
6280 3724 1
1971 1313 1
1334 5433 1
1334 2164 1
2766 6475 1
3306 582 1
46 5282 1
46 6034 1
3277 6377 1
8 539 1
5013 746 1
770 1102 1
2455 4859 1
3095 2115 1
6899 1371 1
181 410 1
3670 4779 1
1403 3254 1
5743 170 1
5465 2845 1
6792 4421 1
6792 4483 1
6792 5080 1
4109 4946 1
6499 3444 1
4715 6379 1
728 910 1
5235 6460 1
5413 27 1
6767 4541 1
6032 6344 1
1913 3319 1
594 4289 1
1728 2045 1
3796 229 1
4643 4944 1
2704 1797 1
3186 3289 1
5951 196 1
3648 3412 1
695 4391 1
6826 3584 1
4110 4204 1
3041 451 1
6554 2254 1
352 400 1
737 1004 1
4661 7046 1
1529 1909 1
4230 2604 1
5026 256 1
5442 165 1
2988 4892 1
4730 6180 1
2499 1170 1
3453 1055 1
4877 4160 1
6125 1307 1
3165 4586 1
6485 5047 1
414 6947 1
2256 2492 1
1059 4897 1
1473 2192 1
1447 4494 1
751 2785 1
220 12 1
5674 4062 1
1336 3343 1
4584 6269 1
3540 3788 1
5563 5061 1
4585 3351 1
6806 698 1
2235 5807 1
4743 1374 1
6742 4163 1
5983 3264 1
5548 1258 1
1773 5016 1
2833 6557 1
4717 2522 1
4506 2926 1
5662 5738 1
4606 2278 1
5973 321 1
6425 3647 1
2307 6560 1
2594 6752 1
3915 2793 1
4998 993 1
5371 267 1
3410 3799 1
790 4720 1
5184 5782 1
5696 1182 1
4748 2942 1
684 1254 1
186 3975 1
3709 4750 1
714 3558 1
6276 6628 1
1363 6765 1
2700 2248 1
1468 565 1
4878 3666 1
1687 1306 1
3598 614 1
4168 6941 1
4078 5809 1
1838 5519 1
5920 2854 1
649 1114 1
3909 3999 1
1420 3686 1
6212 463 1
2422 5320 1
760 189 1
6937 615 1
6848 615 1
2419 6100 1
2196 5057 1
1018 6486 1
2066 1466 1
3268 3354 1
1760 1614 1
1899 1936 1
2277 1298 1
4343 2674 1
5565 2977 1
503 2163 1
6294 1171 1
1100 5228 1
2709 4615 1
5107 1531 1
6159 2 1
5239 1550 1
3764 4911 1
5012 3221 1
1284 4423 1
2120 4659 1
4363 5556 1
5301 2302 1
4555 2681 1
1957 1345 1
6095 851 1
4250 2428 1
4250 1847 1
4248 3858 1
7035 6508 1
502 1331 1
6845 2553 1
2717 5133 1
3634 1429 1
3617 4525 1
6977 5960 1
6980 5639 1
1002 4486 1
1578 6328 1
1578 95 1
2876 3046 1
2004 3511 1
485 2430 1
132 2887 1
5900 4265 1
4514 6914 1
4419 3882 1
1609 5214 1
5362 450 1
7019 2383 1
3681 4285 1
6229 6018 1
3727 3136 1
1266 5391 1
5085 5693 1
1104 2602 1
4273 6614 1
5315 1802 1
2781 4886 1
6141 1223 1
2974 5484 1
6105 2539 1
3054 2006 1
2193 2102 1
2193 2056 1
4200 4920 1
5780 1467 1
2059 6743 1
531 5871 1
541 3966 1
5134 4313 1
5822 4793 1
5822 5295 1
5327 5706 1
3216 5706 1
7002 1395 1
5975 1915 1
4524 5976 1
4942 300 1
4702 1219 1
6199 5172 1
4831 2698 1
2462 1401 1
685 2024 1
4818 6501 1
974 18 1
566 3381 1
3636 5404 1
1074 2396 1
4195 2496 1
2831 5914 1
6019 2162 1
3187 388 1
2816 5140 1
2151 4721 1
2677 2654 1
5828 3328 1
1472 6620 1
828 3053 1
3831 3151 1
1835 4633 1
5459 580 1
3771 516 1
3771 854 1
73 3340 1
1887 2939 1
3078 1137 1
4865 6121 1
5401 1514 1
5284 3964 1
3345 3671 1
2263 6465 1
4753 5658 1
1280 2293 1
2368 2293 1
3732 1005 1
2855 6233 1
2838 6880 1
3181 3312 1
3207 1484 1
1498 767 1
52 264 1
4402 6830 1
180 6836 1
348 4522 1
6559 6737 1
6504 1053 1
2282 5700 1
49 3431 1
6211 567 1
344 687 1
1975 2817 1
4595 1364 1
3167 4255 1
6471 2014 1
6736 2148 1
2562 528 1
2503 528 1
1308 4275 1
2796 980 1
4646 1727 1
752 5906 1
6208 738 1
1834 278 1
3118 6732 1
540 3675 1
2481 3902 1
6404 6541 1
1063 2018 1
1033 4496 1
372 6394 1
296 6394 1
4293 6021 1
129 3104 1
2777 6094 1
2424 4597 1
240 5918 1
1894 2972 1
1180 3023 1
175 4544 1
801 6695 1
6234 5345 1
4352 174 1
4216 819 1
1068 5991 1
2107 6546 1
3074 6396 1
1340 2431 1
5339 5424 1
2603 2310 1
2989 1342 1
1438 908 1
3843 5564 1
3461 2950 1
2851 5273 1
3426 2371 1
5526 5912 1
4463 4879 1
6819 5537 1
3791 5537 1
6901 112 1
6209 4085 1
5924 1937 1
5953 1793 1
652 6907 1
279 6907 1
1311 4353 1
5746 6115 1
489 3769 1
2902 4003 1
3650 6958 1
6204 1552 1
7043 1716 1
5623 949 1
4527 1783 1
1227 605 1
115 6493 1
2741 4370 1
4983 4974 1
6903 16 1
1895 6261 1
7016 1756 1
3787 5611 1
7038 6017 1
2113 943 1
1069 1042 1
32 1042 1
464 5738 1
5253 5738 1
4783 4202 1
1185 4729 1
1954 5835 1
3193 756 1
1482 1545 1
2170 6797 1
1672 3427 1
6929 1730 1
3573 550 1
5575 6969 1
2529 3126 1
835 2586 1
2714 3893 1
2839 6975 1
5421 6408 1
1424 3859 1
2093 5336 1
3823 1844 1
3755 2295 1
1871 4654 1
5703 6357 1
4457 4192 1
866 1801 1
5483 443 1
6249 1722 1
1963 3370 1
4185 3881 1
6319 729 1
3582 4236 1
3646 5653 1
5486 4476 1
2663 4180 1
786 261 1
5223 467 1
6650 4413 1
1191 1891 1
3097 2350 1
6060 2429 1
6221 5806 1
