825 4121 1
3481 667 1
2442 5905 1
2442 1455 1
1451 988 1
5318 2056 1
5318 5625 1
5318 2337 1
4014 3083 1
4014 3631 1
4014 5704 1
4014 2386 1
4014 3226 1
4014 4623 1
4014 4050 1
4014 3046 1
4014 980 1
4014 1018 1
685 603 1
685 3693 1
685 562 1
685 1810 1
2902 572 1
3356 4200 1
3356 3910 1
226 4041 1
226 4854 1
974 4413 1
3740 4965 1
4847 5335 1
2369 5013 1
266 2531 1
266 3553 1
266 5540 1
266 236 1
266 1476 1
266 3323 1
266 899 1
266 515 1
266 4316 1
266 4369 1
266 2688 1
266 501 1
266 5164 1
266 557 1
266 3846 1
266 5670 1
4663 4483 1
4663 2994 1
4663 338 1
4663 2251 1
4663 1599 1
4663 2246 1
4663 3443 1
4663 2690 1
4663 2863 1
4663 604 1
4663 3039 1
4663 691 1
4663 2695 1
4663 5014 1
4663 3013 1
4663 3777 1
4663 3761 1
4663 3539 1
4663 3344 1
2699 3710 1
2699 3940 1
2699 1678 1
2699 373 1
2699 3184 1
2699 2573 1
2768 2461 1
2768 2860 1
2768 1493 1
2768 3749 1
2768 1597 1
2768 653 1
2768 4049 1
2768 5267 1
2768 3325 1
2768 5716 1
4787 4216 1
5153 1479 1
5153 4266 1
5153 4951 1
5153 4998 1
5153 1939 1
5153 1355 1
5451 3096 1
5451 1690 1
1872 455 1
1872 4496 1
1872 3555 1
1872 3467 1
1872 495 1
1872 4318 1
1872 3523 1
1872 768 1
1872 2283 1
1872 5019 1
1872 4297 1
1872 995 1
1872 5919 1
1872 525 1
1872 5630 1
1872 5521 1
1872 4780 1
1872 4027 1
1872 1568 1
4992 820 1
2725 4659 1
2725 4083 1
2725 1416 1
2725 5001 1
2725 2828 1
2725 1687 1
2725 5900 1
2725 1330 1
2725 3327 1
2725 1328 1
165 2947 1
5514 3719 1
1842 2445 1
1842 5213 1
1842 659 1
1842 1254 1
2848 1738 1
3586 1225 1
3586 3773 1
4196 1270 1
4196 5520 1
2783 1349 1
1724 3900 1
5950 5487 1
3491 2653 1
2947 3463 1
239 4151 1
5207 3969 1
2955 537 1
2955 4611 1
3722 1577 1
3722 426 1
3722 5606 1
3722 5541 1
3722 5169 1
3722 2988 1
3722 435 1
862 1848 1
862 531 1
862 2099 1
862 4046 1
862 4638 1
862 1578 1
862 1768 1
862 3775 1
862 2769 1
324 1478 1
5645 138 1
3930 5894 1
4034 5084 1
4034 5140 1
4034 1501 1
4034 4402 1
4034 4008 1
4034 4789 1
4034 2857 1
4034 3889 1
4034 1280 1
4034 3043 1
4034 5394 1
4034 4285 1
4034 4731 1
1577 1275 1
1577 1754 1
1577 319 1
1577 345 1
1577 569 1
1577 1739 1
1577 1773 1
1577 1766 1
1577 474 1
1577 5342 1
4936 3059 1
4936 3855 1
4936 888 1
4936 5511 1
4936 4421 1
5384 1575 1
5384 5258 1
5384 5896 1
5384 3766 1
5384 3002 1
5384 1217 1
5384 1207 1
5384 2399 1
5384 5619 1
5384 2036 1
2140 4573 1
5849 5460 1
5849 5718 1
5849 4282 1
5849 1243 1
5849 2065 1
56 1061 1
5214 4509 1
5889 3101 1
5889 200 1
2495 2718 1
4068 1492 1
4068 2567 1
4068 2636 1
4068 1373 1
4068 5414 1
4068 4447 1
4068 3225 1
4068 304 1
4068 5284 1
4068 4209 1
2153 4585 1
3298 5499 1
4735 5909 1
4735 1218 1
4735 24 1
4735 4945 1
4735 735 1
4735 5173 1
3166 5418 1
4131 5811 1
3272 5677 1
5024 5869 1
5024 2547 1
5024 909 1
5024 5740 1
5024 5814 1
5024 4125 1
5024 2696 1
5024 1409 1
5024 4990 1
5024 2068 1
5024 4747 1
5024 1836 1
5770 3359 1
334 3894 1
2540 2294 1
2540 655 1
2540 5189 1
2540 5588 1
2540 4805 1
2540 1069 1
2540 5769 1
2540 2338 1
2540 3734 1
2540 1353 1
2540 157 1
2540 5282 1
2540 3449 1
2540 3316 1
2540 4058 1
2540 240 1
2540 5109 1
3418 4071 1
3662 2149 1
1606 5155 1
1085 4264 1
1085 2006 1
1085 5617 1
1085 3778 1
1085 1491 1
1085 5694 1
1085 243 1
1085 1107 1
1085 5624 1
1085 5688 1
1085 1945 1
1085 1962 1
1085 1901 1
1085 3599 1
1085 1316 1
1971 226 1
1971 1600 1
1971 896 1
1971 4768 1
1971 3758 1
1971 1941 1
972 5401 1
714 125 1
714 3879 1
656 2085 1
656 3792 1
656 3720 1
656 3872 1
656 2476 1
656 479 1
656 2938 1
656 605 1
656 457 1
656 3040 1
656 2275 1
656 716 1
656 751 1
656 1044 1
656 2190 1
656 5205 1
1505 584 1
4496 1598 1
4496 4546 1
5799 2208 1
5799 5669 1
2761 3725 1
2761 1235 1
4114 2670 1
3592 3716 1
3391 1063 1
3391 1839 1
4704 4393 1
4704 5330 1
928 747 1
5355 1976 1
3608 5216 1
1484 5634 1
4754 244 1
201 5557 1
201 2272 1
4098 2438 1
4098 5610 1
3555 164 1
3555 5801 1
3555 4957 1
3555 4667 1
3555 3194 1
3555 696 1
11 5178 1
11 2191 1
11 1272 1
11 354 1
11 486 1
11 793 1
11 5584 1
11 2018 1
11 3021 1
11 3556 1
5280 1193 1
3119 3011 1
5722 566 1
5722 2011 1
5722 2290 1
5722 1835 1
5722 5611 1
5722 1317 1
5722 190 1
5722 2002 1
5722 5231 1
5722 1149 1
3715 5738 1
60 5922 1
3681 3896 1
3681 2357 1
3681 4914 1
1492 4123 1
545 2632 1
545 1745 1
545 3168 1
770 303 1
770 5846 1
770 5886 1
770 4793 1
770 423 1
1794 5849 1
1794 491 1
1794 160 1
1794 1297 1
695 4801 1
695 5926 1
695 4156 1
695 4925 1
4146 1959 1
4146 4618 1
4146 2773 1
4146 2755 1
4146 2044 1
4146 4290 1
4146 4067 1
4146 4564 1
4146 1544 1
4146 86 1
4146 220 1
4146 4695 1
4146 4661 1
4146 3823 1
4146 2593 1
4146 1869 1
4146 4613 1
4146 2350 1
4146 4292 1
174 3950 1
1233 4653 1
1233 156 1
1233 2847 1
5015 1794 1
5015 5629 1
5015 1265 1
5015 1440 1
5015 2724 1
5015 2232 1
5015 2029 1
5015 2312 1
4584 1615 1
4584 3832 1
4584 5875 1
4584 3295 1
4584 808 1
3186 1047 1
3186 2420 1
3186 3447 1
3186 3024 1
3186 4494 1
3186 5851 1
3186 5699 1
3186 1206 1
3186 3704 1
1683 2901 1
1683 4384 1
1683 1468 1
1683 789 1
3348 4614 1
3348 1937 1
3348 4235 1
3348 5046 1
3348 2392 1
3348 3514 1
3348 3189 1
3348 3676 1
524 4215 1
524 2658 1
524 949 1
524 4419 1
2413 3997 1
2413 4449 1
2413 490 1
2413 235 1
2413 1134 1
5455 2871 1
5455 3496 1
5455 2254 1
5455 4870 1
5455 271 1
5455 3177 1
5455 1897 1
5455 982 1
5455 155 1
5455 5527 1
5455 4037 1
5455 1657 1
5455 4501 1
5455 5927 1
5455 3381 1
5455 3971 1
5455 3022 1
5455 1518 1
5455 1541 1
5455 1445 1
5455 4783 1
5455 842 1
5455 3629 1
5455 2924 1
5455 4456 1
5455 5390 1
5455 1322 1
1660 3544 1
1660 4097 1
4668 437 1
2288 5765 1
3794 612 1
2737 36 1
4507 2229 1
45 5795 1
1398 4987 1
103 3802 1
436 30 1
4716 1172 1
5744 396 1
5744 1067 1
5612 2692 1
5612 968 1
1229 2243 1
5920 3652 1
2106 2858 1
2375 5479 1
2375 3697 1
2375 1024 1
2375 1894 1
2375 4024 1
2603 3731 1
4685 5667 1
4685 2642 1
4685 3989 1
4685 3092 1
4685 5742 1
4685 3251 1
4685 4559 1
4685 4737 1
4474 963 1
3805 467 1
130 2012 1
4410 3699 1
4150 5894 1
5483 834 1
5483 4198 1
5483 1282 1
5483 594 1
5483 4462 1
5483 1200 1
4477 2035 1
4477 759 1
2212 386 1
2212 2812 1
2212 2412 1
3792 3591 1
3863 5268 1
5118 1977 1
5118 1686 1
5118 1408 1
5118 4634 1
5118 3579 1
5118 5115 1
5118 1616 1
5118 1370 1
2548 3900 1
1760 237 1
4320 1465 1
2776 4109 1
4109 3417 1
2008 4124 1
1525 3335 1
1173 1705 1
1157 5042 1
1656 2233 1
1656 810 1
1656 2485 1
1656 4833 1
1656 3160 1
1656 232 1
1656 2295 1
1656 4469 1
4023 2918 1
5571 2535 1
5571 2435 1
3656 4978 1
5383 480 1
5383 2562 1
5383 4734 1
5383 214 1
4218 2199 1
4218 3070 1
4218 3091 1
4218 5784 1
4218 2422 1
4218 4894 1
4218 4839 1
1493 3817 1
4838 1398 1
4838 2926 1
4838 874 1
4838 1245 1
4838 3288 1
4838 4433 1
4838 113 1
4838 2483 1
4838 5168 1
4838 2552 1
4838 5928 1
4838 675 1
4838 1435 1
1380 5531 1
3415 3123 1
3415 43 1
3415 1032 1
3415 4621 1
3415 5582 1
118 2634 1
118 4108 1
118 1319 1
118 207 1
118 2391 1
3572 5403 1
3572 4396 1
3572 2571 1
3572 1933 1
3572 3602 1
3572 677 1
3572 1424 1
5544 4625 1
5544 2852 1
5544 2962 1
703 4032 1
703 4660 1
703 1627 1
703 4983 1
703 1777 1
703 3793 1
703 4445 1
703 3702 1
703 575 1
703 2175 1
703 1727 1
703 5476 1
703 4726 1
703 5699 1
703 1523 1
203 702 1
813 8 1
813 1929 1
813 3212 1
813 3138 1
1589 306 1
2733 3292 1
2733 29 1
1532 5344 1
1532 5773 1
5140 4970 1
5140 4557 1
5140 1343 1
1658 4953 1
2289 482 1
5545 4759 1
5301 964 1
402 3953 1
313 3951 1
3485 2943 1
2564 2328 1
1501 3690 1
1501 1824 1
1501 2538 1
1501 238 1
5176 4632 1
5176 3052 1
5176 4604 1
5176 5859 1
5176 1717 1
5176 4199 1
5176 5761 1
5176 631 1
5176 3234 1
1612 4751 1
1612 2222 1
2315 3219 1
2315 5343 1
2315 4159 1
2315 5127 1
2315 4523 1
2315 5500 1
2315 931 1
2315 4683 1
2315 252 1
5272 4477 1
3528 1580 1
3029 5275 1
723 692 1
5044 954 1
5876 4311 1
5876 2414 1
2287 1108 1
2287 939 1
2287 3386 1
2287 2444 1
2287 5835 1
2287 5003 1
2287 1112 1
2287 733 1
2287 3268 1
2287 5766 1
2287 4488 1
5888 2950 1
5525 5257 1
5525 5308 1
5525 4927 1
764 3089 1
5622 5088 1
5622 1646 1
5622 1818 1
5622 4105 1
5211 4446 1
553 3762 1
3150 2813 1
3150 2141 1
3150 2626 1
3150 2260 1
3150 1974 1
3150 5198 1
3150 2585 1
3150 315 1
3150 1447 1
3150 583 1
3150 362 1
4958 4019 1
844 2574 1
1323 4615 1
1323 5457 1
3733 4241 1
5689 4844 1
2370 96 1
4129 3853 1
924 35 1
2514 69 1
3939 3454 1
3939 1827 1
3939 3854 1
3939 4907 1
114 3911 1
114 94 1
2760 3 1
1565 662 1
1565 1741 1
1565 2161 1
4013 5582 1
3923 1144 1
3923 5556 1
5344 3419 1
5344 1253 1
5344 3033 1
5344 4442 1
3835 4319 1
3835 1307 1
3835 3366 1
4785 3146 1
4785 1679 1
4785 5817 1
5011 1311 1
1984 3465 1
601 4803 1
601 5219 1
601 2605 1
601 5757 1
1892 4101 1
1715 1240 1
191 1457 1
5552 4362 1
5552 3967 1
5552 3198 1
5552 4791 1
5552 2108 1
5552 940 1
5552 5636 1
5552 514 1
5552 2661 1
5552 3593 1
5552 2471 1
5552 5295 1
5552 2345 1
5552 932 1
721 1391 1
5918 5324 1
5918 3638 1
1153 5089 1
1153 4863 1
1153 4527 1
1153 4427 1
1153 4554 1
1153 5248 1
1153 3949 1
1153 5481 1
1153 5325 1
1153 2720 1
1153 5093 1
1153 1165 1
1153 4886 1
1153 3018 1
1153 3582 1
1153 1074 1
1153 2765 1
2839 2382 1
2839 1194 1
2839 5283 1
2839 1215 1
2839 4252 1
2839 4051 1
882 2060 1
882 2986 1
5381 4798 1
5381 800 1
5387 4796 1
5387 2982 1
5387 4312 1
5387 1438 1
5387 3613 1
5387 5920 1
5387 5571 1
5387 3329 1
5387 5825 1
5387 776 1
5387 5062 1
5387 1342 1
5387 1124 1
5387 2158 1
5387 676 1
5387 5406 1
5387 3397 1
5387 3566 1
5387 5508 1
5387 828 1
5387 3707 1
5387 4820 1
5387 1838 1
72 266 1
72 2561 1
72 1891 1
72 4915 1
72 5781 1
72 468 1
72 1109 1
72 4271 1
72 4464 1
72 1387 1
72 5620 1
4548 3970 1
4548 5358 1
4548 5946 1
4548 4219 1
4548 3783 1
4548 4138 1
4221 998 1
355 4112 1
4333 1730 1
1891 5278 1
1891 4560 1
1891 4133 1
1891 875 1
1891 5070 1
1891 343 1
1891 3871 1
1891 4749 1
1891 5672 1
1891 1533 1
5184 4382 1
5184 1095 1
5937 1824 1
5946 5671 1
5946 5729 1
726 1208 1
5635 2819 1
5635 5897 1
655 1379 1
655 5123 1
143 2635 1
1813 1693 1
1813 1648 1
1251 1273 1
1251 4790 1
1251 1356 1
380 4736 1
2836 4165 1
1703 483 1
3515 698 1
3849 3628 1
3849 1310 1
4596 5575 1
1895 4321 1
2680 1494 1
1797 3875 1
1797 2245 1
1797 4055 1
801 5462 1
777 3512 1
777 1921 1
777 2162 1
3987 3174 1
946 684 1
889 3278 1
1349 2519 1
1349 5045 1
1349 4628 1
1349 2631 1
1349 5370 1
1349 2895 1
4119 854 1
4118 3505 1
4118 3563 1
4118 3625 1
4118 5379 1
3169 1331 1
3169 2751 1
3169 1381 1
5838 4204 1
5522 2648 1
1236 377 1
1236 898 1
1236 1307 1
1236 4401 1
1236 5939 1
1236 481 1
1236 3142 1
5501 2292 1
5501 5188 1
5501 927 1
5501 2906 1
5501 5652 1
5501 5222 1
5501 3224 1
5501 2057 1
5501 2539 1
5501 5750 1
1753 4937 1
1753 5392 1
1753 3186 1
1753 5397 1
1753 721 1
1753 2624 1
1753 811 1
1753 3562 1
1753 3317 1
1753 563 1
1753 1906 1
1753 3056 1
1753 568 1
1753 4100 1
1753 2419 1
1753 1662 1
1753 5310 1
1753 3319 1
1753 379 1
2278 4913 1
67 596 1
2693 3592 1
2693 5172 1
2693 4075 1
2693 518 1
4871 3990 1
5185 618 1
3450 3493 1
4884 3878 1
4625 1451 1
4625 1146 1
4625 4580 1
4625 5744 1
4625 4770 1
4625 3598 1
4625 2917 1
4625 1813 1
4625 3968 1
4625 2920 1
4625 2649 1
4625 4407 1
4625 4531 1
4625 1219 1
4625 5182 1
4625 550 1
4625 2181 1
4625 1100 1
4625 2762 1
4625 2610 1
4625 1805 1
4625 4931 1
4625 4460 1
4625 2656 1
4625 4140 1
4625 2747 1
4625 644 1
4625 1223 1
4625 5155 1
4625 5594 1
4625 1054 1
4625 1051 1
4625 281 1
4625 1421 1
4625 3508 1
4625 1943 1
4625 1625 1
4625 3797 1
4625 1858 1
4625 184 1
4625 4924 1
4625 3560 1
4625 161 1
4625 1823 1
4625 591 1
4625 1688 1
4625 715 1
4625 4887 1
4625 5071 1
2465 2432 1
2465 1415 1
2465 296 1
5067 4382 1
5067 4389 1
5067 1095 1
5067 1750 1
89 2662 1
89 432 1
89 3532 1
89 3348 1
89 3833 1
89 4861 1
89 2460 1
89 1449 1
89 1547 1
89 1804 1
89 925 1
89 3055 1
89 1900 1
89 3507 1
89 4972 1
89 307 1
89 3943 1
89 5078 1
89 1668 1
89 34 1
1742 1540 1
1742 5095 1
1742 717 1
1725 1483 1
1725 150 1
1725 1539 1
1725 2899 1
1725 3955 1
1725 3674 1
231 322 1
4112 1287 1
4112 3209 1
4112 5751 1
4112 3365 1
3239 2201 1
3239 3610 1
1566 3536 1
5674 492 1
5674 471 1
5674 4276 1
5674 2640 1
347 5478 1
3474 5518 1
196 1841 1
196 1154 1
196 275 1
196 4194 1
196 3573 1
196 64 1
196 3611 1
3612 3416 1
4520 4182 1
444 4511 1
4789 3516 1
4789 2665 1
4789 419 1
4789 5803 1
4789 1175 1
4789 149 1
4789 787 1
4789 5415 1
4789 559 1
4789 4053 1
5694 4363 1
5694 1470 1
5694 3383 1
807 3470 1
2852 5568 1
2852 2195 1
2852 5262 1
2852 4238 1
2852 3819 1
2852 31 1
2852 2621 1
2852 5351 1
2852 3568 1
2852 4412 1
2852 4996 1
2852 4177 1
2852 16 1
2852 1672 1
2852 5420 1
626 1705 1
4791 1021 1
4791 3521 1
4791 1928 1
4791 840 1
4791 3657 1
4791 1884 1
4791 3753 1
4791 433 1
4791 76 1
4791 2024 1
4791 5047 1
4531 2832 1
4531 1315 1
4531 5215 1
2948 2937 1
2948 3432 1
2948 4054 1
2948 3258 1
5732 4132 1
5914 4883 1
5914 5843 1
3687 3191 1
3687 4721 1
3687 2074 1
3687 2849 1
3687 2415 1
193 4631 1
5881 3136 1
760 1908 1
760 923 1
2526 4295 1
1227 397 1
1140 901 1
1140 3459 1
1140 5834 1
4267 4847 1
4267 803 1
4267 1639 1
4267 5102 1
4267 2458 1
4267 2824 1
4267 1444 1
1255 3664 1
46 2987 1
3464 2786 1
3464 105 1
3464 3391 1
3464 5681 1
3464 665 1
3464 195 1
3464 5790 1
3464 3005 1
3464 736 1
3464 1570 1
3464 1712 1
3464 2984 1
3464 741 1
3464 2373 1
3464 913 1
3464 3371 1
3464 5097 1
3464 3288 1
3464 326 1
3464 5494 1
3464 2484 1
3464 2279 1
3464 257 1
3464 2464 1
3464 3732 1
3464 1020 1
3464 3887 1
3464 2480 1
3464 116 1
3464 2150 1
3464 2267 1
3464 1857 1
3464 320 1
3464 462 1
3464 1284 1
3464 2307 1
3464 3754 1
3464 1158 1
3464 4270 1
3464 5827 1
1186 3244 1
5695 5191 1
5695 3601 1
5075 2701 1
4235 323 1
4235 3723 1
4235 1166 1
1406 376 1
1406 948 1
1406 1156 1
5781 5506 1
5781 4086 1
5781 5183 1
5781 4735 1
5781 4704 1
5781 57 1
5781 543 1
5781 5909 1
5781 3530 1
5781 2818 1
5781 1510 1
5781 4733 1
5781 2428 1
5781 3671 1
5781 5758 1
5781 3600 1
5781 5472 1
5781 1513 1
5781 1256 1
5781 366 1
5781 1362 1
5781 1014 1
5781 1667 1
5781 876 1
5781 2248 1
5781 4092 1
5781 255 1
5781 2622 1
5781 4532 1
5781 3546 1
5781 5288 1
5781 5505 1
5781 2103 1
5781 4436 1
5781 5798 1
5781 1769 1
5781 1624 1
5781 5899 1
5781 2619 1
5781 2584 1
5781 1988 1
1880 5039 1
1880 5654 1
1880 4811 1
1880 891 1
1880 5057 1
5816 777 1
5816 98 1
1919 1555 1
5182 3143 1
5182 2330 1
809 2233 1
809 1429 1
809 3167 1
809 2764 1
4758 1957 1
4758 4329 1
4758 259 1
421 135 1
421 2054 1
421 2200 1
421 429 1
421 5533 1
421 3346 1
421 2094 1
2907 897 1
5554 3751 1
3077 4620 1
3077 3086 1
3077 5722 1
3077 1683 1
3077 4218 1
3077 2359 1
3077 5271 1
3077 241 1
3077 3131 1
3077 3270 1
3077 2844 1
3077 4700 1
3077 679 1
3077 3229 1
3077 5759 1
3077 3812 1
3077 2853 1
3077 1916 1
3077 773 1
3077 5446 1
3077 4168 1
3077 1820 1
3077 4450 1
3077 299 1
3077 5354 1
3077 219 1
3077 3027 1
3077 4974 1
3077 1096 1
3077 4078 1
3077 213 1
3077 5340 1
3077 1907 1
3077 4583 1
3077 1708 1
3077 4545 1
3077 4896 1
5133 5220 1
5133 5315 1
5133 5184 1
5133 1236 1
5133 4389 1
5133 5067 1
5133 3944 1
5133 590 1
5133 4062 1
5133 1925 1
5133 2325 1
5133 427 1
5133 5440 1
5133 3609 1
5133 4722 1
5133 3210 1
5133 1137 1
4909 5840 1
700 1669 1
700 879 1
3523 1076 1
3523 1151 1
3523 4860 1
3523 5459 1
3523 2237 1
2108 2810 1
2108 3279 1
2108 2332 1
5206 4390 1
1511 5268 1
1511 2427 1
1511 4921 1
1511 2569 1
1511 2679 1
1511 2900 1
2167 2792 1
1655 2538 1
3473 3355 1
3473 3414 1
3473 5431 1
3473 1 1
3473 660 1
3473 5200 1
3473 2165 1
3473 3227 1
3473 5685 1
3473 3175 1
860 5704 1
293 2685 1
2205 1227 1
2205 1586 1
2205 2538 1
2205 1647 1
2205 983 1
2205 5285 1
2205 4879 1
5867 2592 1
4713 41 1
4713 5910 1
4713 5495 1
4713 3670 1
4713 859 1
448 4294 1
5134 4077 1
3492 3424 1
3276 4230 1
3276 4405 1
3276 672 1
3276 1774 1
3276 4448 1
3276 2022 1
2844 4356 1
2844 4461 1
2844 1477 1
2844 3270 1
2844 551 1
2844 88 1
2844 2974 1
2844 4866 1
4363 5640 1
520 3245 1
1365 4941 1
1365 5890 1
1365 2323 1
1365 3580 1
1365 3324 1
1365 2424 1
3936 5368 1
605 5657 1
605 2379 1
605 4398 1
605 1868 1
5389 1895 1
5389 1446 1
5389 1578 1
5389 5277 1
5389 2170 1
5389 5595 1
5389 4080 1
5389 2674 1
3862 5015 1
3862 2465 1
3862 5912 1
3862 886 1
3862 4943 1
3862 5442 1
3862 3965 1
3862 2882 1
3862 5563 1
3862 5828 1
3862 3534 1
3862 18 1
2296 3155 1
2296 1115 1
2296 4346 1
2296 1239 1
2296 2613 1
2296 5145 1
2296 5327 1
2653 2554 1
2653 2903 1
2653 4189 1
2653 5708 1
2653 1327 1
316 772 1
316 1509 1
316 2513 1
316 5530 1
316 5313 1
316 2704 1
316 4727 1
166 4498 1
2427 725 1
2427 4468 1
2427 628 1
3788 5658 1
499 1337 1
2851 1574 1
1729 3392 1
1729 1918 1
1729 2014 1
1729 5836 1
1471 5085 1
1194 3932 1
1194 294 1
1194 2313 1
5046 4975 1
5046 4243 1
3200 1986 1
4700 3684 1
4700 1050 1
223 4843 1
223 5410 1
223 1073 1
223 2904 1
223 416 1
223 5771 1
223 5515 1
223 152 1
223 4740 1
679 2090 1
679 351 1
679 5727 1
679 4322 1
679 5100 1
679 4682 1
679 189 1
679 256 1
679 3804 1
679 5404 1
679 4919 1
679 2785 1
679 1898 1
679 2127 1
679 5753 1
182 4853 1
182 5547 1
182 5509 1
182 3503 1
182 2148 1
182 264 1
182 2037 1
182 4593 1
182 2684 1
182 4139 1
182 2834 1
182 2600 1
182 2618 1
182 141 1
182 92 1
182 4463 1
182 1846 1
182 1611 1
182 2497 1
182 4345 1
182 2028 1
182 4126 1
182 4335 1
182 1048 1
182 3973 1
182 758 1
182 3945 1
182 585 1
182 5507 1
182 4371 1
182 5230 1
182 4404 1
182 4516 1
182 2182 1
4672 1728 1
4769 1862 1
3842 4227 1
3842 4431 1
3842 957 1
3842 3253 1
1502 3746 1
2992 4498 1
2283 5341 1
2283 2527 1
2283 5302 1
895 364 1
2420 3341 1
2420 2595 1
2420 3133 1
2420 2663 1
2420 5337 1
2420 642 1
2659 1116 1
2659 701 1
607 3970 1
607 4997 1
607 5545 1
607 4884 1
607 374 1
607 1729 1
607 2334 1
607 276 1
607 3661 1
607 3201 1
607 5865 1
607 5683 1
607 1182 1
5932 305 1
1278 2697 1
1278 87 1
491 4905 1
491 1879 1
491 3163 1
491 3854 1
2481 1288 1
472 212 1
851 5002 1
2270 4969 1
3352 2287 1
3352 292 1
2771 26 1
3963 5439 1
3963 485 1
3963 592 1
3963 2055 1
3963 4995 1
3963 2063 1
3963 3917 1
5040 4809 1
4885 2087 1
5487 2238 1
5487 4486 1
5487 5225 1
5487 4968 1
5487 2107 1
5487 4188 1
5487 5675 1
5487 5444 1
5487 5186 1
5487 2835 1
5487 3502 1
5487 1248 1
5487 59 1
5487 1770 1
5487 1413 1
5487 3724 1
5487 554 1
1351 342 1
1098 3873 1
5929 862 1
5929 4298 1
5929 1153 1
5929 2654 1
5929 166 1
5929 1467 1
5929 3711 1
5929 3867 1
5929 2854 1
5929 279 1
5929 1401 1
5929 2674 1
5033 7 1
2676 2496 1
2 2364 1
935 4559 1
4297 804 1
4297 3487 1
4297 5385 1
4297 5772 1
2325 3826 1
2325 2766 1
2325 1936 1
2325 111 1
2325 2754 1
2325 368 1
2325 638 1
2325 5296 1
5603 2577 1
5603 2265 1
5603 2365 1
5603 1911 1
5603 606 1
5603 835 1
5603 3038 1
5603 3903 1
5603 1563 1
5603 4190 1
5603 5199 1
5603 1781 1
5603 4816 1
5603 2873 1
5603 4967 1
5603 910 1
5603 884 1
5730 1395 1
5730 2758 1
5614 4729 1
5614 4975 1
5614 1965 1
5614 1556 1
5614 2763 1
3617 4715 1
2373 3844 1
2516 438 1
5803 3380 1
1543 4353 1
5068 576 1
5004 1514 1
5004 2981 1
632 2076 1
1620 4233 1
1620 2418 1
4326 5776 1
4326 4185 1
4326 91 1
4326 371 1
5336 2681 1
5336 1068 1
5336 1507 1
5336 5647 1
4394 5450 1
3787 2517 1
4323 1079 1
4323 5917 1
4323 5033 1
4481 144 1
4481 2536 1
4515 3581 1
3614 3575 1
3614 2477 1
3614 1357 1
3614 3901 1
4533 2798 1
4533 2318 1
4533 615 1
4533 1762 1
2610 3605 1
2610 2069 1
2610 786 1
2610 986 1
2610 2772 1
2610 1442 1
2610 4977 1
2610 2890 1
2610 1736 1
2610 5103 1
2610 4950 1
2610 4420 1
2610 5321 1
2610 2456 1
2610 1454 1
1834 39 1
181 3838 1
3974 2321 1
812 5007 1
5395 2898 1
5395 5848 1
5395 3061 1
1958 5428 1
1958 139 1
1958 993 1
1958 5944 1
1958 3107 1
5287 4694 1
1428 5066 1
4772 505 1
5087 2058 1
4144 934 1
2518 4888 1
329 2145 1
329 5247 1
2463 3139 1
707 822 1
707 4497 1
707 3698 1
707 1410 1
707 5426 1
4542 5559 1
4542 441 1
4542 4283 1
4542 1582 1
4542 2235 1
4542 3914 1
4542 746 1
4542 4231 1
4542 763 1
4542 4473 1
5116 5600 1
1737 4214 1
5003 5361 1
1812 3020 1
4079 2377 1
317 2967 1
4314 5485 1
4314 718 1
4314 1680 1
4314 1873 1
944 2650 1
944 68 1
944 85 1
944 520 1
944 4804 1
944 1113 1
944 2846 1
944 4183 1
1171 3373 1
2096 4148 1
2414 996 1
2414 3248 1
2414 2553 1
2414 3205 1
2414 1723 1
2414 196 1
2414 100 1
2414 1932 1
2414 4096 1
2414 392 1
2414 2867 1
2414 5566 1
2414 1009 1
2414 3182 1
2414 4279 1
2414 1550 1
2414 2509 1
2414 3300 1
2414 2493 1
1378 3361 1
1378 484 1
1696 770 1
1696 3034 1
1696 5487 1
1696 1481 1
1696 1978 1
1696 3767 1
1696 4600 1
2219 2300 1
2219 5177 1
2219 4103 1
2219 1626 1
2219 2370 1
2219 4563 1
2219 2512 1
2219 3461 1
2219 3632 1
2219 4248 1
827 5041 1
132 2993 1
298 5604 1
2742 4403 1
1009 378 1
348 2033 1
843 1452 1
1027 4654 1
1027 5501 1
1027 4242 1
1027 2172 1
1027 3851 1
1027 790 1
1027 451 1
4084 4636 1
4084 2781 1
4084 79 1
1298 1635 1
4286 2809 1
4286 4246 1
4286 3110 1
4286 4779 1
4286 1991 1
1719 3920 1
1719 1718 1
1719 1776 1
1719 1822 1
1719 3627 1
1719 1902 1
1719 3287 1
1719 3196 1
1719 4542 1
1719 58 1
1719 788 1
1719 158 1
1719 1147 1
1719 3134 1
1719 2579 1
1719 3388 1
2386 2168 1
2386 1475 1
3692 1491 1
3692 2114 1
3692 5293 1
3692 2234 1
3692 4063 1
2202 5265 1
3976 3103 1
427 4401 1
427 5823 1
427 3972 1
427 2954 1
869 4025 1
1066 3587 1
1066 5128 1
2910 3788 1
3498 3595 1
3498 463 1
3498 2541 1
3498 4572 1
3498 1637 1
3498 3230 1
3498 3744 1
3498 4568 1
3498 991 1
3498 447 1
3498 4624 1
3498 1851 1
4416 1341 1
4416 487 1
1052 4512 1
5136 2706 1
5136 5616 1
5136 1464 1
5136 3866 1
5136 1706 1
2613 5523 1
886 1830 1
886 2212 1
886 1244 1
886 5662 1
886 4453 1
886 5609 1
886 4767 1
886 669 1
886 3843 1
2343 2174 1
858 5175 1
858 3606 1
858 2814 1
858 912 1
4823 645 1
3148 3472 1
3148 4034 1
3148 2159 1
3148 1140 1
3148 2892 1
3148 2716 1
3148 529 1
3148 797 1
3148 3905 1
3148 5010 1
3148 2877 1
3148 3717 1
3148 2152 1
4061 3448 1
4061 2627 1
4061 443 1
4061 5592 1
4061 4002 1
4061 2490 1
4061 3750 1
4686 498 1
3712 5642 1
5283 2433 1
5283 3444 1
5283 5713 1
5283 4677 1
5283 3519 1
5283 5643 1
5283 3358 1
5283 1663 1
5283 4207 1
5283 4376 1
832 3340 1
2575 2230 1
4690 4244 1
4690 782 1
230 3387 1
3097 1203 1
1024 727 1
3571 979 1
2401 1431 1
2401 1526 1
2401 5648 1
2196 2327 1
276 4327 1
276 3193 1
3812 3130 1
3812 1314 1
4387 2466 1
2113 273 1
2113 2264 1
2113 21 1
2113 117 1
5760 635 1
1935 4814 1
1935 4175 1
2209 4864 1
5643 3057 1
5643 1209 1
5643 3400 1
5643 507 1
5643 291 1
3288 4725 1
3288 622 1
3288 5433 1
3288 4284 1
3288 2247 1
3288 4505 1
3288 1099 1
4257 3554 1
4033 2067 1
326 3845 1
326 4987 1
326 1629 1
326 2198 1
326 3116 1
326 2331 1
326 3012 1
3576 2411 1
4185 6 1
4185 330 1
4185 5436 1
4185 2160 1
4185 4916 1
4185 2139 1
4185 976 1
3157 5119 1
3157 1951 1
3157 1692 1
3157 3378 1
3157 4541 1
3157 2586 1
3157 1423 1
3157 1584 1
3157 170 1
588 2870 1
2853 535 1
2853 1489 1
2853 4239 1
788 1123 1
788 4499 1
788 3433 1
1657 4313 1
3436 3078 1
3436 4705 1
3436 2353 1
3436 5217 1
3436 210 1
3436 1427 1
3436 981 1
3436 4581 1
3436 1422 1
3436 1853 1
3436 4354 1
3436 3808 1
3436 5456 1
3436 5721 1
3436 1252 1
3436 5480 1
3436 4172 1
4744 109 1
2454 3028 1
773 11 1
773 3996 1
773 178 1
773 3607 1
4742 1426 1
3679 4173 1
1759 4676 1
4316 2928 1
4088 1211 1
661 5246 1
661 4211 1
661 5885 1
661 4792 1
661 1994 1
661 1713 1
661 3577 1
661 4351 1
661 2271 1
661 1363 1
661 2136 1
5486 4429 1
5486 1382 1
5446 560 1
2426 2213 1
2426 4930 1
2426 1714 1
2426 4776 1
2426 3764 1
2426 2021 1
2426 3156 1
2426 4703 1
2426 2020 1
2426 194 1
2426 2223 1
2426 2580 1
4674 3446 1
4674 3049 1
4424 445 1
4424 3310 1
3296 3356 1
2194 680 1
97 5465 1
1978 805 1
1978 2217 1
1978 2389 1
2502 2912 1
2502 2469 1
2502 5367 1
3739 5880 1
3739 2673 1
3739 5099 1
3739 1628 1
3739 4379 1
3739 3597 1
3739 2643 1
3739 3140 1
3739 365 1
3739 1029 1
3739 3824 1
3739 4642 1
3739 3217 1
3739 1955 1
3739 5863 1
3739 3483 1
3739 5879 1
3739 1524 1
3739 353 1
3739 3399 1
3739 3639 1
3739 5447 1
3739 918 1
3739 215 1
3739 5170 1
761 4643 1
1828 5269 1
2544 5153 1
2544 2629 1
2544 3594 1
1061 4730 1
1061 2887 1
1061 2718 1
1061 1700 1
1061 1091 1
1061 5549 1
1061 1815 1
1061 1312 1
1061 3827 1
3301 263 1
3301 15 1
1843 3415 1
1843 402 1
1843 5133 1
1843 3739 1
1843 346 1
2038 2683 1
5764 4568 1
2436 2285 1
3780 2804 1
3780 5320 1
3780 941 1
3780 5193 1
3780 1185 1
3780 4451 1
3780 5171 1
3780 5243 1
5515 4149 1
5515 621 1
5515 5405 1
5515 2179 1
5515 2721 1
4955 1202 1
4955 2446 1
4955 4424 1
4955 1293 1
4955 2362 1
497 385 1
4595 2189 1
4595 1775 1
1336 2340 1
4166 77 1
2349 5249 1
4478 671 1
4147 3666 1
3816 2976 1
3816 2770 1
3816 5437 1
110 1241 1
4178 369 1
55 1735 1
5541 4060 1
5541 2875 1
5541 3830 1
5541 1132 1
5541 3665 1
5541 1778 1
5541 5289 1
5541 1816 1
5541 1528 1
5930 5245 1
1772 838 1
4024 66 1
4024 449 1
4024 2250 1
4024 4064 1
4024 1964 1
4024 4719 1
4024 4145 1
4024 577 1
4024 274 1
4024 2614 1
4024 2667 1
4024 1150 1
4024 2915 1
4024 3979 1
4024 496 1
4024 5166 1
3711 167 1
2528 1940 1
1617 5755 1
1617 3462 1
1617 2922 1
1617 3590 1
1617 4826 1
1617 3015 1
1617 5815 1
1617 778 1
1617 47 1
4900 3811 1
3889 2608 1
3889 4192 1
3889 731 1
3889 3729 1
3889 1623 1
257 5873 1
318 3164 1
4736 3578 1
4736 3756 1
4736 1609 1
4736 4746 1
4736 3747 1
4736 5163 1
1141 1975 1
1141 425 1
5715 393 1
5715 2363 1
2192 3948 1
2192 2000 1
2192 5824 1
3499 5334 1
3499 1337 1
2138 5934 1
2138 5884 1
2138 4552 1
4794 5161 1
5815 2276 1
5815 2255 1
5815 4099 1
1293 78 1
1293 4309 1
1293 4714 1
1293 544 1
1293 3048 1
1293 2346 1
1293 227 1
1293 1632 1
5749 5474 1
765 2486 1
5935 89 1
5935 1081 1
5935 5578 1
192 4841 1
2464 4273 1
1228 3441 1
1228 4875 1
1228 2831 1
1228 2790 1
5521 2675 1
5521 634 1
5521 5017 1
5521 3267 1
5521 1019 1
5521 4528 1
5521 1961 1
5521 2237 1
5780 5029 1
1635 4347 1
3274 5945 1
3274 5025 1
3274 2314 1
1849 4883 1
1849 2647 1
1849 4662 1
1849 4247 1
1849 2665 1
1849 755 1
1849 5914 1
1849 2440 1
1849 2563 1
1849 4142 1
1849 1865 1
1849 4164 1
1849 4212 1
1849 5352 1
1849 2891 1
1849 952 1
1849 49 1
1849 488 1
1849 3145 1
1849 1242 1
1849 248 1
1849 5878 1
1849 4330 1
1849 5345 1
1849 5843 1
1849 1782 1
4621 4074 1
1026 4323 1
1026 4337 1
1026 2450 1
1026 4674 1
1026 1436 1
1026 2596 1
1938 673 1
1979 681 1
4051 5098 1
4051 2144 1
3533 1956 1
3533 5659 1
3533 4466 1
3533 581 1
4899 5287 1
5806 4364 1
3620 5051 1
468 1872 1
468 3738 1
468 2448 1
468 1126 1
468 4482 1
468 1458 1
468 316 1
468 3842 1
468 3403 1
468 3498 1
468 5845 1
468 2607 1
468 947 1
468 2944 1
468 5356 1
468 5725 1
468 4938 1
539 188 1
3041 3289 1
683 23 1
738 1406 1
1223 3376 1
1223 5006 1
1223 4513 1
1223 5916 1
1223 3455 1
1223 1055 1
1223 5350 1
1223 5021 1
1223 464 1
1223 521 1
1223 4355 1
131 1557 1
1944 5194 1
5391 5504 1
5391 919 1
5391 1480 1
5391 458 1
5391 5775 1
5391 794 1
5391 4455 1
5391 4691 1
5391 2416 1
3727 1263 1
1248 609 1
649 4091 1
649 1012 1
649 5822 1
649 5583 1
5121 2744 1
1179 4639 1
222 4855 1
1419 5150 1
4641 224 1
4641 4348 1
4641 2169 1
4641 4015 1
4641 4093 1
4641 3726 1
5210 5565 1
3056 321 1
3056 3497 1
3056 1002 1
3056 5196 1
3056 4830 1
3056 4824 1
3056 893 1
3056 3660 1
3056 994 1
3056 1459 1
3056 640 1
3056 713 1
3056 3188 1
4222 399 1
3585 1594 1
3151 54 1
3151 5250 1
3151 1177 1
3242 2977 1
1432 3047 1
1551 4504 1
1551 3223 1
1551 2096 1
1551 3482 1
1551 806 1
611 734 1
611 3983 1
1286 5762 1
1976 5800 1
1266 3759 1
1266 4669 1
2048 3080 1
2010 5129 1
5844 145 1
3152 2315 1
288 5915 1
288 5898 1
5413 5697 1
5413 434 1
2788 3906 1
1604 3897 1
1825 395 1
3431 5949 1
3281 1407 1
428 5290 1
428 4003 1
428 4750 1
428 4280 1
428 2499 1
428 3885 1
4210 1473 1
1390 4307 1
5491 3434 1
3347 2354 1
3347 5598 1
3347 73 1
3347 2455 1
3347 4372 1
3735 3874 1
3735 1614 1
3735 5104 1
3735 682 1
3927 4339 1
3927 2280 1
3927 5125 1
2998 1926 1
2936 3894 1
2936 2216 1
4623 3631 1
4623 5467 1
1664 177 1
1664 454 1
4000 987 1
1210 2449 1
1210 5492 1
1210 4254 1
1210 4520 1
1210 3486 1
1210 140 1
1210 3837 1
1210 5754 1
1210 4944 1
1210 1228 1
1210 1383 1
1210 3861 1
1210 3696 1
1210 3266 1
1210 209 1
1210 1182 1
1051 5386 1
3537 5674 1
5852 2089 1
2943 5143 1
2943 4890 1
5731 2319 1
4225 3102 1
575 3407 1
1689 1306 1
2990 1656 1
2990 469 1
5891 2414 1
5891 4491 1
5891 5756 1
2731 1963 1
2731 4301 1
2731 2826 1
2731 2908 1
2731 2644 1
2731 5542 1
2731 5381 1
2731 50 1
2731 666 1
2731 5395 1
2731 3232 1
2731 2209 1
2731 1443 1
2731 3237 1
2731 3161 1
2731 3442 1
2731 3412 1
2731 766 1
2135 2066 1
4739 3962 1
4739 493 1
4739 4352 1
5589 928 1
5589 2732 1
5589 1365 1
5589 5291 1
5589 4286 1
5589 2996 1
5589 1650 1
5589 4673 1
5589 3216 1
5589 5539 1
4122 852 1
2154 2949 1
151 3213 1
2941 1092 1
3535 2380 1
4680 730 1
5688 816 1
5688 2850 1
5688 1289 1
5688 3315 1
5688 4586 1
930 1589 1
930 4107 1
3127 5821 1
1081 5024 1
1081 118 1
1081 5096 1
1081 390 1
1081 3115 1
1081 3093 1
1081 4502 1
1081 2888 1
4135 1174 1
4386 4000 1
4386 3918 1
4386 4812 1
2453 5581 1
2116 1675 1
2116 2638 1
1820 2077 1
1820 5303 1
5038 819 1
410 5252 1
410 4609 1
410 3687 1
410 2064 1
410 3667 1
410 598 1
410 2026 1
410 4130 1
410 4865 1
2989 5286 1
2989 4706 1
2989 286 1
2989 620 1
2989 1694 1
2716 1931 1
2716 1532 1
2716 1984 1
2716 4569 1
2716 4753 1
2716 4710 1
2716 2005 1
415 2406 1
415 1128 1
415 1602 1
194 5332 1
513 5009 1
513 461 1
513 2979 1
513 4605 1
513 2827 1
513 4022 1
513 5091 1
4202 3576 1
3682 290 1
902 2131 1
985 5575 1
985 848 1
5778 4161 1
5778 561 1
5778 2583 1
5778 4302 1
5778 4652 1
5778 1224 1
5778 541 1
3913 4375 1
4439 4828 1
1384 5050 1
4450 3718 1
4450 3681 1
4450 5271 1
4450 2594 1
4450 4741 1
4450 4534 1
4450 2715 1
4450 3812 1
4450 1989 1
4450 3294 1
4450 5048 1
4450 5892 1
4450 1920 1
4450 1800 1
4450 1023 1
4450 5137 1
4450 5329 1
5576 5234 1
4665 2725 1
4665 4606 1
4665 2628 1
4665 687 1
4665 422 1
4665 1863 1
4665 4993 1
3334 5027 1
3334 2398 1
3334 4817 1
3334 2166 1
3334 4217 1
3334 2522 1
3334 404 1
3334 2047 1
705 4324 1
1870 1842 1
1870 1057 1
1870 2394 1
1870 3755 1
1870 2796 1
3633 5907 1
3633 872 1
5810 1833 1
4972 1005 1
4972 2893 1
4976 1924 1
3302 1159 1
3106 4552 1
292 2537 1
292 3171 1
4006 5717 1
299 2206 1
299 2088 1
3124 5737 1
748 3112 1
748 548 1
1569 123 1
1569 2335 1
1020 2508 1
2868 2310 1
5331 4857 1
887 547 1
1594 1246 1
2082 2625 1
5354 4181 1
3795 4544 1
1665 4603 1
1665 3663 1
1665 1308 1
1665 1329 1
1665 504 1
1665 4392 1
1665 4106 1
2756 370 1
4174 686 1
19 1671 1
1499 3961 1
5111 5623 1
1650 2801 1
1650 3890 1
1650 4045 1
1650 1946 1
1650 4960 1
1650 1450 1
1650 1296 1
1650 4155 1
1650 2084 1
2482 586 1
2482 4815 1
2482 3892 1
2482 3430 1
2482 4902 1
2482 951 1
2482 2231 1
2482 4964 1
3783 1704 1
1003 955 1
1003 4056 1
1003 25 1
4765 4898 1
4765 5778 1
2991 3549 1
815 5870 1
815 5053 1
3405 1530 1
2923 905 1
2923 1992 1
2923 5847 1
2923 2905 1
2923 1504 1
2923 647 1
487 4358 1
3027 4561 1
3027 4061 1
3027 3533 1
3027 2016 1
3027 3703 1
5794 4014 1
5794 2848 1
5794 398 1
5794 5552 1
5794 465 1
5794 5743 1
5794 729 1
5794 1870 1
5794 1169 1
5794 2261 1
5794 5090 1
4315 1548 1
2045 2549 1
2045 1560 1
2045 1922 1
2045 3187 1
2045 4982 1
2045 1966 1
2045 2489 1
2045 1441 1
3705 2095 1
3705 2678 1
3705 648 1
5567 3273 1
5567 1904 1
5567 2727 1
5567 1852 1
5567 3883 1
5567 1532 1
5567 553 1
5567 2097 1
5567 2143 1
5567 5008 1
5567 3308 1
5567 2218 1
5567 3935 1
5567 2463 1
5567 2866 1
5567 3570 1
5567 5804 1
5567 2155 1
5567 5513 1
5567 3626 1
5567 5180 1
5567 3669 1
5567 1610 1
5567 5156 1
5567 4487 1
5567 4688 1
5567 1591 1
5567 1369 1
5567 1661 1
5567 5297 1
5567 5700 1
5567 4261 1
5567 4102 1
3438 359 1
3438 2699 1
3438 5906 1
3438 1198 1
1497 4274 1
1497 5423 1
1497 5148 1
5435 3125 1
134 2227 1
3197 5383 1
1109 704 1
1109 3025 1
1109 4029 1
1109 2700 1
1109 4240 1
1109 5336 1
1109 630 1
1109 1854 1
1109 3181 1
1109 2874 1
1109 280 1
1109 2501 1
1109 4777 1
1109 1968 1
1109 4048 1
4528 4712 1
244 678 1
244 2378 1
244 2368 1
244 2638 1
244 3260 1
244 3552 1
244 2975 1
244 935 1
244 1987 1
244 4162 1
244 3370 1
244 4385 1
244 32 1
244 1709 1
244 3925 1
244 826 1
244 1758 1
4943 3692 1
4943 2134 1
4943 1644 1
4943 3965 1
3336 5942 1
3336 121 1
4569 1111 1
4569 916 1
4569 2177 1
4569 5443 1
4748 5441 1
4748 5266 1
1537 2263 1
5060 1226 1
654 3464 1
654 52 1
654 1278 1
654 2045 1
654 2811 1
654 1850 1
1661 4949 1
1661 1097 1
529 5837 1
529 5720 1
529 5676 1
529 4757 1
529 3393 1
529 2510 1
529 20 1
529 3257 1
1837 1402 1
1837 51 1
1837 5644 1
1837 5913 1
1837 3406 1
1837 646 1
1837 2919 1
1837 2316 1
4831 3269 1
5442 830 1
5442 3526 1
5442 509 1
5442 4490 1
5442 5244 1
926 2038 1
926 2911 1
2792 629 1
2792 4848 1
2792 1326 1
2792 169 1
2792 1795 1
2792 4646 1
2792 3369 1
2792 3981 1
2792 2040 1
5879 5882 1
579 4110 1
579 4728 1
3544 3079 1
3544 4258 1
3544 260 1
3544 2258 1
3544 3500 1
3544 2417 1
3544 534 1
3544 2660 1
3544 2588 1
3544 3337 1
3544 5259 1
3544 1607 1
287 4375 1
3644 2459 1
5333 1519 1
5333 1220 1
409 760 1
409 1405 1
409 233 1
903 4360 1
1082 1581 1
1082 2803 1
1082 4035 1
1082 3256 1
5132 3650 1
1262 1971 1
1262 2881 1
1262 5525 1
1262 674 1
1262 5255 1
1262 1982 1
1262 2409 1
1262 3477 1
1262 3241 1
1262 3701 1
3437 3646 1
1389 1641 1
1389 3473 1
1389 122 1
1389 3543 1
1277 3363 1
4821 1170 1
5591 5668 1
5591 712 1
5591 2282 1
5591 174 1
5591 4195 1
5591 405 1
5591 709 1
5591 1191 1
5591 341 1
5591 3326 1
5591 3977 1
5591 4862 1
5591 975 1
5591 5903 1
5591 5921 1
5591 3309 1
5591 3206 1
2244 742 1
2244 1359 1
2244 5564 1
3252 1721 1
3252 724 1
3995 2973 1
3995 3998 1
363 5562 1
4470 2646 1
5114 3255 1
5114 115 1
5114 1180 1
1562 3572 1
1562 4005 1
1562 2325 1
1562 765 1
1562 151 1
1592 2896 1
1652 3174 1
5924 2759 1
5924 2183 1
5924 3457 1
5924 3121 1
5924 5690 1
5924 5660 1
5924 1037 1
5924 1007 1
5924 5072 1
5924 2186 1
5924 5877 1
5924 2859 1
5924 5550 1
5924 3299 1
5924 4084 1
5924 657 1
5924 1545 1
5924 4657 1
5924 5407 1
5924 4170 1
5924 3303 1
5924 4622 1
5924 5692 1
5924 1281 1
5924 1819 1
1905 2921 1
1905 1806 1
1905 2050 1
5058 2374 1
5058 5686 1
5378 2703 1
4537 2298 1
4537 5202 1
3965 2787 1
3965 5862 1
5309 990 1
3207 4738 1
2799 1691 1
2799 2306 1
2799 2341 1
2799 4414 1
2799 578 1
2799 877 1
5628 1192 1
5628 1197 1
5628 283 1
5628 4146 1
5628 3306 1
5628 1642 1
5628 2939 1
5628 973 1
5628 2451 1
5628 4422 1
5628 4400 1
5628 4395 1
5628 2121 1
5628 2197 1
5628 3095 1
5628 453 1
5628 4878 1
5628 5924 1
5628 5532 1
5453 2612 1
3852 3068 1
3852 3214 1
3852 2176 1
3852 2645 1
3852 494 1
3852 5192 1
3852 136 1
3852 1088 1
3852 4438 1
3852 1036 1
3852 242 1
450 5802 1
450 4595 1
4579 5223 1
4579 2351 1
4579 4285 1
4579 532 1
4579 3865 1
4464 126 1
4464 2546 1
4464 3942 1
4464 2620 1
4464 2513 1
4464 1608 1
4464 4589 1
4464 2752 1
4464 5239 1
4464 3912 1
4464 475 1
1161 4052 1
4100 4475 1
4100 3179 1
4100 1393 1
4100 5018 1
3220 2717 1
3220 5529 1
3220 3445 1
3220 4012 1
3220 3779 1
1375 2468 1
681 1071 1
681 1587 1
681 506 1
681 871 1
612 3966 1
612 4933 1
612 1049 1
612 1130 1
612 2475 1
612 5052 1
612 5152 1
612 3506 1
612 699 1
612 3490 1
3060 757 1
3250 2657 1
3250 2291 1
3250 5871 1
689 1292 1
689 3118 1
5199 221 1
5199 3008 1
5199 959 1
5199 3642 1
5199 3869 1
5199 5858 1
5199 5709 1
5199 1321 1
3477 3798 1
204 2805 1
204 2242 1
3634 2655 1
3634 4942 1
1152 1877 1
431 4065 1
431 350 1
431 3240 1
431 1022 1
431 2071 1
431 4152 1
431 4011 1
431 5774 1
431 5860 1
431 93 1
431 2207 1
431 1332 1
4753 3307 1
966 4868 1
3434 2934 1
1625 4304 1
1625 1732 1
3383 4979 1
262 864 1
262 285 1
262 1372 1
262 4374 1
262 4588 1
262 792 1
262 3000 1
262 880 1
262 5602 1
262 1101 1
262 5833 1
262 3799 1
262 1046 1
262 502 1
262 4085 1
262 4597 1
262 5826 1
262 2651 1
262 3282 1
262 381 1
3821 3884 1
3821 4594 1
3821 619 1
3946 1809 1
2456 4484 1
3044 4954 1
4649 3941 1
4649 2689 1
1860 813 1
4671 2825 1
3335 2710 1
3335 3567 1
4948 430 1
2882 5662 1
3050 5384 1
2150 3132 1
2150 3418 1
2150 4250 1
2150 754 1
2150 4810 1
2150 3202 1
2150 5363 1
2150 3835 1
2150 1333 1
2150 2930 1
2150 4973 1
2150 3375 1
2150 4277 1
2150 2491 1
2150 3916 1
2150 649 1
2150 1294 1
2150 2782 1
2150 1527 1
2150 4739 1
2150 977 1
2150 5054 1
2150 270 1
2150 2423 1
2150 2111 1
2150 2925 1
2150 3353 1
595 3695 1
595 5715 1
549 1697 1
1961 4538 1
1961 5056 1
1961 2734 1
1463 3379 1
2878 4293 1
817 5226 1
248 4044 1
248 4687 1
248 3516 1
248 3380 1
248 2098 1
248 1053 1
248 833 1
248 2100 1
248 2274 1
248 1031 1
248 5803 1
248 3839 1
248 2132 1
248 1175 1
248 2780 1
248 787 1
248 3700 1
248 943 1
248 1670 1
248 1881 1
248 1260 1
248 1967 1
248 651 1
248 2302 1
248 5415 1
248 5782 1
248 4220 1
248 3428 1
248 5101 1
248 4043 1
248 783 1
248 3831 1
76 5767 1
5340 1264 1
5340 1722 1
5340 3423 1
5340 2278 1
5340 4366 1
5340 4934 1
5340 3153 1
5340 5026 1
5340 205 1
5340 5468 1
5340 133 1
5340 5586 1
1187 2880 1
1187 2913 1
1187 2285 1
1187 2151 1
1998 2204 1
1998 5666 1
1998 4846 1
1998 5535 1
1998 2829 1
1998 2907 1
1998 1204 1
1998 3643 1
1998 4521 1
1998 4718 1
1998 4423 1
1998 127 1
3006 300 1
3261 4020 1
1993 1940 1
1993 918 1
2981 4836 1
3926 2091 1
2261 356 1
2261 5147 1
2261 5854 1
2261 2084 1
153 4272 1
984 5923 1
984 697 1
984 1488 1
984 2311 1
984 2408 1
984 1059 1
984 4141 1
984 5572 1
984 668 1
984 470 1
5902 3630 1
5227 2554 1
5227 5708 1
589 2598 1
3851 2214 1
2873 3730 1
4291 3876 1
229 867 1
63 914 1
3867 120 1
3867 1500 1
4349 5281 1
2581 5936 1
2581 3427 1
5596 3147 1
5160 4932 1
5160 340 1
5160 1785 1
5160 2999 1
33 693 1
1559 5830 1
1387 3898 1
1387 5118 1
1387 3919 1
1387 1086 1
1387 2296 1
1387 2659 1
1387 1103 1
1387 4912 1
1387 2240 1
1387 4874 1
1387 1698 1
5179 4685 1
3959 4213 1
3959 5493 1
3959 4859 1
3959 3789 1
3959 258 1
3959 384 1
3959 3551 1
3959 1826 1
3959 4709 1
3959 5829 1
3959 4281 1
4607 2349 1
4607 4755 1
2929 1786 1
3956 1249 1
3956 2421 1
3956 5724 1
3956 2983 1
3956 1295 1
3956 4228 1
3956 584 1
3956 2671 1
3956 2542 1
4726 3280 1
4726 2935 1
4726 2885 1
4726 2101 1
4726 3314 1
4726 5841 1
4726 3468 1
4726 4066 1
4726 831 1
5323 3347 1
5432 4664 1
5432 4116 1
5432 3706 1
5432 3439 1
5432 821 1
5432 2333 1
5432 1909 1
5432 1618 1
5432 3813 1
5432 3547 1
5432 1811 1
5432 2960 1
3254 695 1
3254 4918 1
3269 4275 1
3269 3217 1
3269 1829 1
4761 1354 1
2945 740 1
2735 4649 1
5578 4829 1
5578 43 1
5578 391 1
5578 3623 1
5578 602 1
5578 4474 1
5578 350 1
5578 3045 1
5578 1022 1
5578 4851 1
5578 5872 1
5578 3569 1
5578 5496 1
5578 4808 1
5578 5445 1
5578 863 1
5578 5108 1
5578 1707 1
5578 265 1
5578 3545 1
5578 694 1
5578 431 1
5578 1181 1
5578 5774 1
5578 5860 1
5578 3154 1
5578 28 1
5578 2187 1
5578 2207 1
5578 1685 1
5578 1332 1
5578 4406 1
3888 1997 1
823 4571 1
4455 4872 1
4455 1385 1
5563 1167 1
5563 942 1
5563 401 1
5563 3772 1
5563 536 1
1682 564 1
878 3098 1
3952 1090 1
1888 3313 1
1888 4522 1
1888 1744 1
2969 4922 1
2969 2126 1
2969 3129 1
320 5587 1
320 3513 1
320 1304 1
5394 1344 1
5394 1792 1
5394 1501 1
5394 1975 1
5394 4008 1
5394 5585 1
5394 3889 1
5394 5573 1
5394 2953 1
5394 2775 1
5394 4731 1
5394 2959 1
2933 3354 1
4935 2113 1
5753 1535 1
5753 5701 1
5753 1803 1
4985 3305 1
5409 3763 1
4158 633 1
4158 2923 1
2753 962 1
1896 4057 1
3596 2266 1
522 4985 1
469 2779 1
3003 4136 1
722 3318 1
722 1793 1
722 3357 1
722 1188 1
722 4306 1
722 4678 1
4691 3072 1
4691 3992 1
4691 3954 1
1016 97 1
4435 2427 1
2478 2617 1
3395 4900 1
4143 3067 1
559 2532 1
1907 5398 1
1907 1761 1
1907 4073 1
1907 2142 1
1907 2513 1
1907 386 1
1907 5235 1
3411 1434 1
3411 1717 1
5251 1183 1
3582 27 1
4229 1942 1
278 2441 1
278 4827 1
278 1520 1
278 4858 1
278 5241 1
278 5812 1
278 1980 1
278 4471 1
278 5434 1
4939 324 1
4269 5263 1
2299 2872 1
20 1247 1
20 3877 1
20 325 1
824 829 1
16 814 1
4512 1659 1
4512 906 1
4512 2793 1
4512 5855 1
4512 4357 1
4512 3748 1
4512 5240 1
4512 225 1
5470 3169 1
5470 1361 1
1950 3815 1
5126 3852 1
5126 3956 1
5126 956 1
5861 2977 1
3251 2557 1
616 2963 1
5295 2634 1
5295 3458 1
5295 367 1
5295 2228 1
4583 5696 1
4583 4525 1
4583 1199 1
4583 538 1
4583 4495 1
4583 5655 1
4583 3404 1
4583 1148 1
4583 5558 1
4583 3157 1
4583 2474 1
4583 2403 1
2185 708 1
2118 5546 1
2118 2042 1
5774 1022 1
5774 4795 1
5774 93 1
53 5482 1
3583 5466 1
2672 327 1
346 5589 1
3825 4676 1
9 388 1
4707 5948 1
3031 2894 1
1887 5365 1
1887 1917 1
1887 4852 1
1887 3471 1
1506 2297 1
2964 1867 1
2811 4535 1
2437 5717 1
3801 4834 1
3801 1216 1
3801 337 1
3801 2680 1
3801 5082 1
3801 2344 1
3801 2748 1
3801 2686 1
3801 1042 1
3801 4999 1
3801 1887 1
3801 1291 1
3801 5274 1
3801 2722 1
3803 5092 1
2854 173 1
2854 853 1
2854 1886 1
1508 1267 1
1508 5516 1
301 5607 1
279 1856 1
279 2841 1
279 168 1
279 3479 1
279 802 1
279 1981 1
279 4517 1
279 2936 1
279 4602 1
279 1930 1
279 2558 1
279 2244 1
279 2940 1
279 5651 1
279 4367 1
279 1201 1
5139 3009 1
2362 5187 1
2362 4115 1
371 5726 1
3265 357 1
3265 1788 1
3265 412 1
3265 791 1
3265 1747 1
3265 2366 1
3265 3075 1
3265 1164 1
3265 3480 1
3265 1001 1
198 4341 1
1176 1593 1
2123 2980 1
335 3558 1
542 2597 1
542 2034 1
542 339 1
542 5124 1
542 4514 1
542 2407 1
542 5130 1
542 4697 1
542 4608 1
542 3372 1
2822 421 1
2822 5864 1
2822 775 1
2822 1313 1
2822 2286 1
228 2175 1
2648 452 1
2648 1576 1
2648 1414 1
2648 3622 1
2648 3957 1
2648 1460 1
2648 311 1
3905 3564 1
3905 2730 1
3905 2972 1
1708 3947 1
1708 1960 1
1708 3451 1
1708 4962 1
1708 1757 1
1708 1089 1
1708 3912 1
1708 3908 1
1515 3071 1
2124 4343 1
268 2376 1
268 4383 1
4844 3023 1
4844 881 1
4844 4666 1
4844 5016 1
4844 5734 1
4844 4819 1
4844 70 1
4844 756 1
4844 4278 1
4844 2840 1
4844 5561 1
4844 4842 1
4844 3259 1
4844 3993 1
4844 2262 1
4844 3243 1
1433 3488 1
1743 4365 1
1138 5292 1
669 1420 1
669 386 1
669 2507 1
1769 5883 1
1769 1368 1
1769 2677 1
1769 4565 1
1769 211 1
1769 1184 1
1769 573 1
1769 1590 1
1769 1060 1
4183 5638 1
4183 5705 1
4183 4010 1
4183 3435 1
4183 1268 1
4183 1489 1
4183 3151 1
4183 971 1
4183 5131 1
4183 3173 1
4183 857 1
4183 2405 1
439 2946 1
3601 917 1
3601 3834 1
5899 3820 1
2914 2479 1
5714 1084 1
5714 4206 1
4127 2184 1
2593 999 1
5746 1719 1
2909 2590 1
5434 728 1
664 4160 1
5261 2520 1
5261 4906 1
5261 2072 1
5261 3886 1
5261 623 1
597 685 1
597 3863 1
597 1521 1
597 3389 1
597 1121 1
597 3672 1
597 1573 1
597 1122 1
597 2799 1
597 850 1
597 4611 1
597 4550 1
597 3504 1
597 5141 1
3222 1798 1
3222 650 1
3222 1914 1
3222 4713 1
3222 3658 1
3222 4076 1
3222 2470 1
2388 2955 1
2388 3999 1
2388 3880 1
2388 5938 1
2388 3615 1
2388 1087 1
2388 2322 1
2388 1041 1
2043 870 1
2043 5167 1
2043 4493 1
2043 4444 1
1058 866 1
4328 1702 1
4128 2833 1
4128 5120 1
5795 406 1
5795 2668 1
2170 5779 1
2170 2927 1
2170 582 1
2170 555 1
2170 3087 1
2170 3162 1
2281 2666 1
2281 2342 1
5933 112 1
5933 900 1
5933 2978 1
5933 5357 1
5933 5294 1
5933 2329 1
5933 1831 1
5933 617 1
2316 4612 1
3675 142 1
106 4711 1
1876 1000 1
1876 571 1
1876 5593 1
1876 1953 1
1876 3807 1
1876 2384 1
1876 2719 1
1876 1135 1
3141 5204 1
3141 1864 1
3141 5786 1
3141 1861 1
3141 1015 1
3141 175 1
3141 1160 1
3141 1212 1
3141 5304 1
3141 1595 1
3141 4237 1
3141 4665 1
3141 5256 1
3141 4555 1
3141 868 1
3141 599 1
44 107 1
44 1883 1
1668 1466 1
1668 2410 1
1668 1821 1
1668 1303 1
1668 4500 1
1668 5601 1
1668 1666 1
1017 1323 1
1017 1261 1
1017 3345 1
3094 526 1
1310 5318 1
1310 2726 1
1310 4743 1
5553 5232 1
5553 1102 1
922 3065 1
5090 4350 1
5090 3019 1
2862 3001 1
2862 3062 1
4896 5340 1
4260 3460 1
2523 216 1
2523 4598 1
2523 4208 1
715 179 1
715 1231 1
1401 5402 1
1401 4111 1
1401 3933 1
1401 4430 1
1401 3870 1
1401 4893 1
583 945 1
4570 408 1
5117 4265 1
5620 5510 1
5620 3487 1
5620 519 1
5620 2778 1
5620 5739 1
5620 1649 1
5620 4234 1
5620 4047 1
5620 4708 1
5620 2120 1
5620 3728 1
5620 1875 1
5620 5626 1
5620 2400 1
5620 253 1
5620 2430 1
5620 5631 1
5620 3105 1
5620 71 1
5620 2027 1
5620 3786 1
5620 3859 1
5620 280 1
5620 2534 1
5620 1072 1
5620 4201 1
5620 278 1
5620 3709 1
5620 542 1
5620 3452 1
5620 3122 1
5620 4332 1
4771 4465 1
4771 3963 1
4771 1043 1
4771 689 1
4771 4684 1
4771 5702 1
202 5416 1
81 1681 1
81 1486 1
466 2601 1
466 5197 1
466 4696 1
466 4480 1
466 2578 1
3581 2599 1
3581 1583 1
3581 846 1
3581 3120 1
2962 4251 1
2962 936 1
2962 1472 1
2962 5911 1
2962 627 1
2962 3271 1
2962 2225 1
2962 473 1
2962 5122 1
2962 420 1
2962 1399 1
2962 5475 1
2962 4976 1
2962 4039 1
2962 3328 1
2962 5228 1
2962 1972 1
2962 389 1
2962 5714 1
2962 5373 1
2962 2817 1
5393 5787 1
5393 2768 1
5393 375 1
5393 3158 1
5393 2860 1
5393 1699 1
5393 4300 1
5393 1746 1
5393 1056 1
5393 1684 1
5393 892 1
5393 2163 1
5393 3073 1
5393 1490 1
5393 413 1
5393 3682 1
5393 3385 1
5393 1840 1
5393 3338 1
5393 5663 1
5393 1250 1
5393 2043 1
5393 1889 1
5393 1619 1
4678 4763 1
4678 3745 1
4678 4835 1
4678 2714 1
4678 5311 1
4678 3402 1
4678 2738 1
4678 5305 1
3195 2705 1
3195 707 1
48 2224 1
5687 3010 1
5687 4574 1
5687 3958 1
4613 2053 1
4613 249 1
593 2511 1
5580 4575 1
1083 5649 1
2067 4437 1
2067 1589 1
2067 4361 1
2067 1374 1
2067 2623 1
2067 2572 1
2067 4004 1
2067 147 1
2067 2128 1
2067 394 1
3173 1912 1
3173 2494 1
3173 2023 1
3173 4963 1
5376 4547 1
5376 3624 1
5376 1585 1
5376 3529 1
5376 1388 1
5376 411 1
1078 3286 1
4406 5740 1
4406 3374 1
5633 3183 1
3717 478 1
2845 3737 1
2383 1350 1
2383 446 1
2837 1958 1
5028 5049 1
5028 1633 1
5028 3081 1
5181 5463 1
5231 4549 1
5231 4262 1
2740 5691 1
314 1376 1
314 5030 1
314 5236 1
314 5306 1
314 4508 1
1733 2789 1
1733 1178 1
1733 5212 1
1733 1799 1
3170 907 1
3170 2641 1
3170 331 1
3170 796 1
3170 2105 1
3170 3668 1
3170 2256 1
3170 774 1
3170 5023 1
3170 2530 1
3170 4042 1
790 137 1
790 5925 1
790 4774 1
790 5785 1
790 503 1
790 2652 1
451 580 1
451 4537 1
1988 3618 1
639 3192 1
639 5710 1
18 3937 1
18 2049 1
18 5904 1
18 5061 1
18 3982 1
18 4443 1
18 3117 1
18 4428 1
18 2324 1
18 5359 1
18 2515 1
18 3736 1
18 4732 1
18 3035 1
18 3791 1
18 5574 1
18 2502 1
18 4966 1
18 1617 1
18 2276 1
18 5895 1
18 1290 1
18 3364 1
18 513 1
18 1384 1
18 1338 1
18 3137 1
18 5519 1
18 5808 1
18 3760 1
18 4104 1
4723 3840 1
4723 5391 1
4723 4988 1
4723 4370 1
2080 3616 1
2226 1010 1
362 5399 1
459 5591 1
883 4026 1
245 3968 1
3165 4529 1
4027 4693 1
1568 5371 1
4576 4822 1
5234 2525 1
5234 4072 1
5234 958 1
5234 5270 1
5234 1990 1
5234 1567 1
5234 5037 1
5234 688 1
5112 1453 1
4344 5668 1
4344 217 1
4344 3520 1
4344 4088 1
4344 1859 1
4344 3809 1
4344 3297 1
4344 1653 1
4341 3069 1
4341 187 1
4341 3984 1
4341 1755 1
4341 2284 1
4341 5424 1
4341 5218 1
4341 5682 1
4341 5490 1
4341 2347 1
2722 2543 1
1651 1257 1
266 2004 1
266 2293 1
266 1013 1
266 2774 1
266 4040 1
266 3517 1
266 2707 1
4663 2711 1
2768 2664 1
2768 762 1
2768 849 1
2768 1025 1
2768 2757 1
5153 5195 1
1872 5034 1
1872 5411 1
1872 1677 1
5546 2356 1
5546 5353 1
5546 4895 1
5546 3017 1
5546 2472 1
5546 5613 1
5546 2551 1
5546 3776 1
5546 3360 1
5546 5469 1
3586 2273 1
2577 4163 1
324 798 1
4034 5059 1
4034 4897 1
4034 5488 1
4034 3285 1
1577 1534 1
4936 4506 1
5384 13 1
5384 3960 1
5849 3108 1
4068 3042 1
4068 4578 1
4735 5224 1
2540 4797 1
662 1213 1
662 1882 1
1085 4308 1
1085 1790 1
1085 3058 1
1085 5338 1
656 1596 1
656 4717 1
3592 1726 1
3592 387 1
4704 5590 1
99 4171 1
4098 641 1
4098 3026 1
4098 1033 1
4098 3509 1
5698 4908 1
5698 2816 1
5698 2957 1
5698 3037 1
5698 2838 1
5698 2916 1
5698 5374 1
5698 2173 1
11 3818 1
5722 5364 1
5722 2712 1
5377 5747 1
5377 1238 1
5377 3321 1
5377 1553 1
5377 2352 1
695 5012 1
2687 3858 1
2687 2749 1
2687 600 1
2687 4186 1
2687 5452 1
2687 3978 1
2687 1230 1
2687 1621 1
4146 312 1
4146 5421 1
4146 1345 1
4146 3422 1
4146 5856 1
5015 4334 1
5015 2504 1
3186 3975 1
3186 5940 1
3186 1040 1
3186 2309 1
4215 2355 1
5455 4017 1
4298 2009 1
4770 5322 1
4685 5526 1
4685 197 1
4685 4021 1
4685 5081 1
4685 1874 1
4685 3176 1
4685 2221 1
4685 269 1
4685 5735 1
2212 1404 1
2212 3331 1
2212 1006 1
3863 5388 1
5118 1110 1
1656 989 1
1656 1485 1
4218 4877 1
4218 3351 1
4218 3637 1
4838 574 1
4838 1844 1
4838 2487 1
4838 1133 1
4838 3312 1
3572 3931 1
703 1973 1
703 2119 1
703 2800 1
813 5789 1
813 3408 1
1589 4627 1
1589 1731 1
1589 4059 1
5140 4368 1
5346 4582 1
5346 1340 1
5176 5203 1
5176 894 1
2315 4991 1
2315 358 1
2315 4457 1
2315 3144 1
2315 3680 1
2287 4592 1
2287 5768 1
2287 5036 1
2287 512 1
2287 4904 1
2287 5536 1
2287 5073 1
2287 587 1
2287 5347 1
2287 4415 1
2287 5299 1
5525 2252 1
5525 1787 1
5525 1767 1
5622 1070 1
5622 2081 1
1530 1403 1
1565 3891 1
1565 3559 1
1565 4880 1
1565 4458 1
5552 1035 1
5552 218 1
5552 5819 1
5552 277 1
5552 4519 1
5552 3868 1
1411 565 1
5918 3713 1
5918 5797 1
1153 911 1
1153 5317 1
1153 199 1
1153 1536 1
1153 3290 1
5387 743 1
5387 2682 1
4318 613 1
1891 2122 1
1891 4917 1
777 2402 1
1349 4082 1
1236 5375 1
1236 2473 1
1236 3159 1
1753 2385 1
1753 1949 1
1753 2203 1
1753 2505 1
1753 1080 1
1753 3032 1
1753 4699 1
1753 3647 1
4625 2529 1
4625 3429 1
4625 1205 1
4625 382 1
4625 4655 1
4625 1364 1
4625 2952 1
4625 508 1
4625 4587 1
4625 1274 1
4625 3881 1
4625 961 1
4625 4873 1
4625 12 1
4625 5312 1
2465 1983 1
2465 4689 1
5067 1913 1
5067 4911 1
89 477 1
89 570 1
196 5339 1
196 476 1
196 1418 1
196 3235 1
2852 251 1
3377 247 1
3377 5429 1
3377 1751 1
3377 2570 1
3377 2856 1
3377 1139 1
3377 5543 1
3377 3208 1
3377 5229 1
3377 3476 1
3377 5233 1
3377 2397 1
3377 2802 1
3377 4889 1
3377 953 1
4791 312 1
4791 4543 1
4791 4001 1
4791 779 1
4791 3390 1
4531 3233 1
3687 61 1
3464 5874 1
3464 4867 1
3464 5069 1
3464 1300 1
3464 1503 1
5781 1412 1
5781 3362 1
5781 1347 1
5781 885 1
5781 62 1
5781 4637 1
5781 2083 1
5816 3785 1
5816 1734 1
809 2052 1
421 3396 1
3077 4994 1
3077 1346 1
3077 2774 1
3077 3653 1
3077 1634 1
3077 3320 1
3077 5537 1
3077 246 1
3077 1456 1
3077 1564 1
3077 2277 1
3077 3469 1
3077 4317 1
3077 2736 1
3077 3495 1
5133 2633 1
3523 4799 1
2108 5347 1
1511 2393 1
1511 908 1
1511 183 1
1511 5777 1
2653 1512 1
316 3988 1
223 610 1
223 4832 1
223 3770 1
223 2713 1
223 921 1
223 3246 1
223 2193 1
223 5473 1
182 3694 1
182 1890 1
182 2587 1
182 254 1
182 5400 1
2420 516 1
607 360 1
607 1142 1
607 5020 1
607 1155 1
607 2560 1
607 3382 1
607 2339 1
607 2639 1
5812 4038 1
2771 929 1
3963 855 1
3963 4256 1
3963 1131 1
3963 2215 1
3963 3128 1
3963 4760 1
3963 4591 1
4811 272 1
5487 865 1
5487 4296 1
5487 4310 1
5487 4901 1
5487 4566 1
4297 5796 1
4297 5083 1
2325 2249 1
2325 5461 1
5603 4134 1
5603 4441 1
5603 2434 1
5603 5763 1
5603 1791 1
5730 4530 1
5730 1985 1
5730 1189 1
5730 5149 1
5730 3752 1
5730 2806 1
5730 2211 1
5730 4342 1
5730 1221 1
5730 172 1
5730 1034 1
5614 2555 1
5614 2750 1
5614 1093 1
3614 3277 1
3614 1371 1
3614 799 1
2610 3332 1
2610 4418 1
2610 284 1
2610 4650 1
4633 933 1
3974 1947 1
3974 1094 1
1958 1276 1
1958 3655 1
4772 552 1
4772 3339 1
4772 2777 1
4542 4411 1
944 4157 1
2414 2457 1
2414 2269 1
2414 4813 1
2414 3051 1
2414 4617 1
2414 3014 1
1378 3924 1
1378 5538 1
1696 5712 1
1696 4184 1
1696 2443 1
2219 2533 1
2219 1232 1
2219 530 1
2219 5608 1
2219 1461 1
1763 3685 1
1763 2897 1
1763 1366 1
1763 5943 1
1763 5154 1
1027 4644 1
1027 1948 1
1027 74 1
1027 4518 1
1719 1674 1
1719 4539 1
427 3522 1
4509 1832 1
3498 5653 1
3498 400 1
3498 739 1
886 517 1
886 4778 1
5017 3283 1
5017 4263 1
3148 2559 1
3148 904 1
3148 5190 1
3148 4232 1
3148 4018 1
3148 3561 1
3148 1764 1
3148 861 1
3148 4658 1
4061 5498 1
5283 4762 1
5283 1631 1
5283 5382 1
5283 2308 1
5283 146 1
5283 3236 1
4052 3076 1
3288 3084 1
3288 5043 1
4185 1008 1
3436 5032 1
3436 3541 1
3436 22 1
661 2883 1
661 3221 1
661 1588 1
5446 965 1
97 3284 1
3739 2884 1
3739 1752 1
3739 5454 1
3739 1439 1
3739 5477 1
3739 1801 1
3739 2301 1
3739 1348 1
1061 4701 1
1843 4434 1
1843 5086 1
1843 3565 1
1843 5832 1
1843 4837 1
1843 1817 1
3780 2556 1
4036 4179 1
4036 2117 1
55 2524 1
5541 80 1
4024 2041 1
4024 2931 1
4024 5419 1
4024 3126 1
4024 2743 1
4024 261 1
1617 4724 1
4900 3032 1
4900 5372 1
4900 5641 1
4900 3860 1
3889 5159 1
4736 2876 1
4923 3986 1
4923 5035 1
4923 4399 1
4923 3135 1
5521 624 1
5521 4675 1
5521 5627 1
5521 3440 1
5521 732 1
5521 4567 1
5521 1808 1
5521 2956 1
5521 1855 1
1849 997 1
1849 3413 1
1849 4610 1
1849 4031 1
1849 2709 1
1849 3082 1
1849 836 1
1849 1075 1
1849 4113 1
1849 308 1
1849 5107 1
1849 2059 1
3533 3619 1
3533 5144 1
468 546 1
468 5113 1
468 3548 1
468 2178 1
2911 1118 1
649 3104 1
3056 1496 1
3056 1871 1
3056 2521 1
3056 1999 1
3056 90 1
3056 5947 1
3056 5661 1
3056 4028 1
3056 5254 1
3056 652 1
428 1367 1
428 5005 1
428 4503 1
2936 4167 1
2936 4807 1
2936 1640 1
1210 3007 1
1210 4 1
1210 4197 1
1210 4784 1
2669 5850 1
2669 1339 1
2669 5569 1
2669 3850 1
2669 1430 1
2669 5733 1
2669 1065 1
2943 3238 1
575 4940 1
2731 1622 1
2731 5430 1
5589 4956 1
5589 4891 1
5589 2985 1
5589 1425 1
5589 2708 1
151 2390 1
5688 5503 1
410 1125 1
410 5723 1
410 5665 1
410 4203 1
410 5076 1
410 5165 1
410 1162 1
2716 3398 1
2716 1546 1
2996 5 1
513 847 1
513 3550 1
4450 124 1
4450 5484 1
3334 4325 1
292 1845 1
1594 4425 1
1665 5105 1
3603 4679 1
3603 5646 1
3603 5560 1
3603 2604 1
5854 2109 1
219 3484 1
1650 1796 1
1650 1028 1
1650 3604 1
1003 3304 1
3784 5065 1
2923 1802 1
2923 670 1
5794 3394 1
5794 3066 1
2045 1710 1
3705 3330 1
5567 3100 1
5567 4090 1
5567 3218 1
5567 1168 1
5567 2404 1
5567 1396 1
5567 4340 1
5567 4961 1
5567 3333 1
5567 82 1
5567 5528 1
5567 5711 1
5567 4845 1
5567 5326 1
5567 4562 1
5567 2739 1
5567 2615 1
5567 4720 1
5567 1448 1
5567 3540 1
5567 4187 1
5567 3857 1
5567 4299 1
5567 5637 1
5567 4616 1
5567 510 1
5567 4408 1
5567 2157 1
5567 1269 1
1109 3249 1
4528 4432 1
244 5678 1
244 4288 1
244 4289 1
244 2609 1
244 4359 1
244 1352 1
529 719 1
529 839 1
529 3980 1
529 267 1
529 960 1
1837 1004 1
5442 4773 1
3544 108 1
3544 4377 1
5333 5157 1
1082 4698 1
1262 2746 1
1262 1787 1
1262 5079 1
1262 3064 1
1262 1136 1
1262 5201 1
1262 1952 1
1262 1601 1
5591 1561 1
5591 3036 1
5591 5328 1
5591 1196 1
5591 2133 1
5591 4856 1
5591 978 1
5591 3426 1
5591 2326 1
5591 2784 1
5591 2079 1
5591 1222 1
5591 5809 1
5591 2102 1
1942 4867 1
5924 658 1
5924 3524 1
5924 3368 1
1905 3322 1
1514 873 1
2799 4226 1
2799 4070 1
2799 3525 1
5628 5793 1
5628 3621 1
5628 706 1
5628 4840 1
5628 558 1
3852 176 1
3852 1893 1
1261 4952 1
4100 3651 1
612 845 1
431 4681 1
431 3847 1
4753 3688 1
262 5853 1
3821 1474 1
3335 749 1
2150 3689 1
2150 3828 1
2150 4255 1
2150 1784 1
2150 2794 1
2150 297 1
2150 3678 1
2150 4980 1
5142 3074 1
1961 2630 1
1961 403 1
248 5818 1
248 4920 1
5340 4558 1
5191 1923 1
1998 2582 1
1998 3109 1
1998 4007 1
984 3149 1
984 4702 1
3959 2032 1
4607 1603 1
4607 1377 1
4726 5502 1
4726 4928 1
3269 4745 1
3269 1915 1
3269 3829 1
3269 440 1
5578 2961 1
5578 2257 1
5578 2210 1
5578 2869 1
5578 2589 1
5578 737 1
5578 5706 1
5578 533 1
5578 3204 1
5578 4380 1
5578 2865 1
5578 1064 1
5578 2092 1
5578 2395 1
5578 3768 1
823 2137 1
4455 3822 1
4158 3589 1
912 1716 1
4691 442 1
278 4381 1
4512 3053 1
5295 5684 1
5295 5570 1
5295 744 1
4583 3743 1
2854 3088 1
2854 3264 1
2854 500 1
3265 1749 1
3265 1756 1
3265 1695 1
542 37 1
542 352 1
542 1517 1
542 407 1
2822 5839 1
2648 5314 1
2648 5110 1
2648 1847 1
3905 154 1
1708 102 1
1708 1114 1
4844 3915 1
4844 2348 1
4844 784 1
4844 5783 1
4844 5680 1
4844 1571 1
4183 3924 1
4183 4782 1
4183 920 1
4183 1529 1
4183 5868 1
4183 3063 1
4127 383 1
3141 5237 1
3141 5238 1
3141 1903 1
1668 2336 1
1668 4800 1
1310 247 1
1310 3641 1
1310 4417 1
1310 2372 1
1310 4236 1
1310 4331 1
1310 4645 1
1310 3649 1
1310 1636 1
1310 4640 1
1310 4926 1
1310 1740 1
1310 3538 1
1310 1039 1
1310 2568 1
1310 3263 1
1310 5425 1
1310 1143 1
1310 4016 1
1310 5458 1
1310 1605 1
1310 1927 1
1310 328 1
1310 2051 1
1310 4180 1
1310 1498 1
1310 2566 1
1310 2995 1
1310 1969 1
1310 4409 1
1310 1386 1
1310 418 1
1310 2180 1
1310 1638 1
1310 950 1
1310 3489 1
1310 3004 1
1310 2015 1
1310 5208 1
1310 2797 1
1310 2146 1
1310 5524 1
1310 1234 1
1310 4193 1
1310 5673 1
922 4287 1
922 2125 1
5090 3510 1
5620 1789 1
5620 2932 1
5620 2030 1
5620 349 1
5620 5448 1
5620 2371 1
5620 417 1
5620 2498 1
5620 4245 1
5620 1522 1
5620 2115 1
5620 5138 1
5620 5650 1
5620 5080 1
5620 2842 1
5620 4635 1
3581 1995 1
3581 3342 1
3581 769 1
3581 344 1
2962 148 1
2962 781 1
5393 3099 1
5393 4536 1
5393 3899 1
5393 2855 1
5393 65 1
2067 608 1
3717 5551 1
5231 4989 1
3170 4454 1
3170 3691 1
18 4849 1
18 4946 1
18 5106 1
18 2741 1
18 4553 1
1568 3178 1
5234 1117 1
5234 2039 1
3511 1195 1
3511 38 1
4344 5534 1
4344 780 1
4344 2467 1
4341 1271 1
1163 2861 1
1720 2731 1
180 656 1
5719 3527 1
5719 5831 1
5719 3222 1
5597 4923 1
1320 2237 1
745 4344 1
3781 2129 1
5908 918 1
3938 4775 1
2452 3334 1
4030 3929 1
1996 4492 1
2886 4118 1
2429 4806 1
332 3994 1
3721 1085 1
1305 1106 1
1305 3077 1
1305 1210 1
1305 3478 1
1305 1325 1
1305 922 1
1045 2669 1
424 2317 1
2305 5628 1
1807 4528 1
3311 4959 1
4540 5794 1
3215 5377 1
3635 3654 1
2358 5408 1
4472 5408 1
2864 3420 1
3275 5316 1
3928 4772 1
4526 5176 1
2239 3895 1
1645 5813 1
3542 4838 1
5396 4579 1
4971 4633 1
3453 1738 1
2360 5333 1
2253 1026 1
2253 4127 1
2602 435 1
3231 2951 1
5094 5730 1
3293 4551 1
2616 5260 1
2616 5614 1
2616 1027 1
2616 5348 1
2616 4607 1
1392 690 1
1673 1511 1
1579 2171 1
5279 5055 1
5369 5366 1
710 4311 1
2431 5698 1
1335 5489 1
2966 523 1
3291 1262 1
3291 4158 1
3291 5497 1
5135 1905 1
5022 1082 1
5022 42 1
295 1324 1
4095 4223 1
4947 2700 1
234 2287 1
4881 4036 1
2073 928 1
2147 1899 1
2007 1779 1
84 4590 1
2728 3466 1
3085 3170 1
643 1837 1
5941 3902 1
2723 128 1
2013 5432 1
4510 2889 1
4510 5387 1
4510 5687 1
3588 1880 1
4692 4068 1
4692 703 1
4692 3801 1
4692 4771 1
1437 1753 1
1237 2971 1
1237 361 1
1237 1283 1
3172 3377 1
3367 5174 1
2820 2110 1
5063 2010 1
5063 663 1
1558 597 1
10 915 1
5464 3015 1
3771 3141 1
101 1062 1
5752 2694 1
4876 2219 1
4876 2822 1
3456 3974 1
3574 55 1
3921 2725 1
2545 1417 1
162 5512 1
3531 2940 1
129 2492 1
637 3774 1
4929 3059 1
1299 818 1
4373 5931 1
1077 1814 1
4417 2767 1
1630 1843 1
5615 753 1
2606 1572 1
4984 95 1
767 3705 1
5741 5483 1
4489 2807 1
752 1259 1
4882 2550 1
2576 2304 1
5805 104 1
1970 2540 1
1970 2948 1
1970 2968 1
1970 5933 1
2791 1771 1
5380 823 1
4818 3856 1
937 3821 1
4781 795 1
1701 5082 1
333 410 1
1358 4388 1
4094 3586 1
4094 1495 1
14 1104 1
4137 4850 1
4153 4098 1
5887 4786 1
3113 5622 1
3262 262 1
5577 171 1
4556 3494 1
4391 2698 1
4391 1998 1
2075 2462 1
856 944 1
3349 5743 1
3349 2471 1
456 4584 1
3211 3708 1
2236 3991 1
2003 193 1
1038 2001 1
1878 2795 1
625 2482 1
1783 2367 1
841 5276 1
4629 970 1
2061 3271 1
3645 3436 1
2830 4869 1
636 4378 1
1549 1214 1
250 3148 1
2078 4663 1
2078 3228 1
527 3228 1
5792 5521 1
5707 2439 1
5707 4249 1
75 4117 1
372 4087 1
5618 1743 1
4651 1003 1
1400 282 1
1400 2230 1
3114 395 1
5632 190 1
4599 3173 1
2503 5300 1
3864 68 1
3864 3435 1
5788 645 1
4224 5449 1
3806 4120 1
2112 5918 1
1748 5918 1
1866 1763 1
4485 1665 1
4752 1462 1
17 2130 1
2320 4023 1
5736 3659 1
2591 528 1
771 2086 1
5579 809 1
2031 475 1
4305 428 1
2958 26 1
3410 3603 1
1554 1120 1
3907 4259 1
5349 3090 1
5656 5548 1
4089 3518 1
785 5471 1
1190 4370 1
3673 2290 1
5555 5412 1
2188 4936 1
309 2315 1
1538 4191 1
208 5816 1
5857 3220 1
2611 1654 1
2303 1725 1
3677 726 1
3584 3150 1
4764 2084 1
1676 5820 1
1302 5346 1
2565 5455 1
5360 5242 1
1030 5748 1
3909 2381 1
489 5891 1
4009 336 1
3934 2220 1
4176 4630 1
1397 3501 1
750 1378 1
2062 3190 1
511 3893 1
4601 2687 1
4648 3782 1
4268 223 1
4766 1934 1
3741 4533 1
4802 837 1
4756 5410 1
1552 2733 1
2691 1318 1
4986 4910 1
186 5567 1
1516 159 1
5273 5603 1
4303 890 1
711 1643 1
5264 2734 1
2156 1910 1
4169 302 1
3409 1696 1
1145 1961 1
2164 607 1
3964 2506 1
4476 2821 1
4892 3904 1
5664 2396 1
3636 4524 1
4656 460 1
5064 2361 1
163 5362 1
4069 5517 1
3769 2426 1
5221 5438 1
3810 4577 1
2808 3838 1
2070 5552 1
3016 466 1
5158 509 1
5209 984 1
5077 2259 1
5162 144 1
5621 3686 1
2488 3848 1
4205 2025 1
3640 4338 1
3742 5901 1
4440 4922 1
5842 661 1
5422 1258 1
5703 3594 1
4626 5199 1
414 99 1
1780 5599 1
5031 3180 1
3557 3203 1
4903 3714 1
5679 5791 1
4426 2745 1
4670 5307 1
4459 5731 1
5151 3350 1
5253 2017 1
1334 1613 1
5417 5261 1
4452 2124 1
4825 4900 1
2268 2970 1
4336 2771 1
2447 3985 1
2823 4081 1
3030 3511 1
206 4791 1
83 1849 1
567 1487 1
3199 5693 1
4397 5639 1
4647 969 1
1394 1765 1
720 3841 1
5319 992 1
1954 1129 1
3421 5000 1
3683 2201 1
4154 3784 1
5146 3265 1
1360 1711 1
4981 2637 1
3247 3475 1
3882 1885 1
1482 2815 1
2843 5142 1
5745 2019 1
540 3814 1
2425 2997 1
289 4242 1
3765 3648 1
556 4564 1
1119 3836 1
614 5476 1
5866 310 1
3425 3343 1
1127 3735 1
2093 1011 1
4619 1309 1
1301 4467 1
3401 3790 1
1285 3959 1
2241 3185 1
938 967 1
2702 119 1
185 3780 1
2879 182 1
3054 5393 1
1105 2046 1
5807 1227 1
40 2479 1
2965 4375 1
2104 1542 1
3922 3384 1
5298 2387 1
1469 5427 1
4788 2325 1
3796 43 1
4253 5893 1
5074 1279 1
3800 5315 1
2942 3111 1
3757 5728 1
1531 2500 1
4479 5605 1
2729 2192 1
