2647 3540 1
2729 232 1
3051 2465 1
4485 4364 1
1673 319 1
1473 920 1
3374 3061 1
3374 1571 1
3374 2108 1
3374 1756 1
3374 4039 1
3374 56 1
3374 3428 1
3374 1449 1
3374 780 1
3374 812 1
3374 1658 1
3374 2173 1
3374 735 1
3374 556 1
3374 23 1
1944 2801 1
3901 2787 1
983 4398 1
1185 4183 1
3938 3277 1
3938 2038 1
3938 168 1
3938 3688 1
3938 1231 1
2215 3757 1
1455 3130 1
3505 828 1
1293 4213 1
81 3470 1
81 4439 1
81 1710 1
824 2147 1
824 37 1
824 453 1
824 3421 1
193 3172 1
2870 528 1
2870 4240 1
109 2805 1
1136 3205 1
2406 242 1
2406 2275 1
2406 1002 1
3858 749 1
1468 897 1
1676 4481 1
870 1259 1
4046 4273 1
637 2367 1
637 2481 1
3863 2861 1
3097 2118 1
4128 1552 1
1198 1969 1
2750 1024 1
658 2676 1
658 2795 1
658 3004 1
1738 1625 1
1738 1402 1
1738 1088 1
2597 4198 1
3777 1140 1
1194 3667 1
522 3481 1
522 2029 1
2951 2143 1
207 3638 1
207 3027 1
1498 2008 1
1498 3414 1
4471 3818 1
1280 4134 1
1280 3496 1
1280 1583 1
1280 3419 1
1666 1102 1
1666 3853 1
1666 3493 1
3598 3441 1
2533 4443 1
560 2306 1
560 34 1
3432 1382 1
3432 3813 1
921 124 1
3681 1170 1
2340 2500 1
2340 4186 1
1821 4167 1
2825 2991 1
2825 720 1
1032 3022 1
1901 3343 1
397 1083 1
397 1064 1
3306 2270 1
3306 3921 1
3306 2217 1
773 1952 1
773 2488 1
773 3551 1
773 1301 1
773 885 1
773 1156 1
3464 83 1
3464 1626 1
603 1489 1
603 382 1
4209 2613 1
4152 2700 1
2119 2347 1
4092 3030 1
1223 94 1
199 2623 1
3061 4404 1
3061 1978 1
1094 2872 1
205 70 1
205 3621 1
201 2622 1
201 4060 1
201 3578 1
201 3980 1
201 1610 1
201 2093 1
4325 4445 1
3468 3509 1
3468 48 1
3761 2236 1
3761 1247 1
2556 3329 1
1037 721 1
1734 4408 1
2315 814 1
557 3862 1
557 2094 1
3676 1641 1
3676 2568 1
53 314 1
53 3441 1
53 3263 1
53 798 1
3649 2405 1
4199 3176 1
953 2752 1
3999 4493 1
403 2854 1
403 333 1
1080 2837 1
1725 3217 1
1725 4391 1
2442 3083 1
4008 4173 1
4400 876 1
4400 401 1
4400 446 1
3204 1050 1
3204 3407 1
3204 2628 1
3204 2380 1
3204 1109 1
3204 1989 1
68 4328 1
68 957 1
1217 1444 1
3971 4202 1
3971 1853 1
4397 140 1
234 3185 1
3383 2765 1
2857 740 1
588 625 1
588 4112 1
1933 1628 1
3013 2680 1
576 3808 1
576 3539 1
576 671 1
576 38 1
790 4309 1
3151 3208 1
1510 2731 1
2155 463 1
2155 2374 1
2146 2218 1
373 2717 1
1571 2010 1
1571 4133 1
1571 1486 1
1571 1870 1
1571 482 1
1910 3262 1
3978 1925 1
1746 4260 1
1470 43 1
1470 4071 1
1470 1660 1
2222 3143 1
2222 2341 1
1856 3721 1
1391 1078 1
4150 1956 1
2120 2868 1
3043 525 1
246 1705 1
246 3919 1
246 3108 1
246 2535 1
246 3839 1
82 589 1
4012 2063 1
1907 1805 1
2536 4362 1
1357 4001 1
1357 3283 1
3778 3730 1
2993 2395 1
648 1798 1
3274 3573 1
3274 2085 1
3242 1214 1
3552 1773 1
2911 2092 1
3221 493 1
245 99 1
2127 3105 1
2127 772 1
2127 2677 1
2768 461 1
4261 3359 1
1433 895 1
4013 1363 1
114 4467 1
1603 2972 1
1965 963 1
3307 3568 1
3617 3632 1
4487 3930 1
4487 4431 1
3330 1919 1
3330 3991 1
3330 1157 1
3330 2005 1
3806 824 1
3806 2866 1
3806 3559 1
3806 24 1
3137 1073 1
793 2116 1
793 2740 1
2324 2984 1
3984 3248 1
2715 2096 1
2209 2197 1
1533 2158 1
2208 2907 1
2800 4381 1
2462 4216 1
2462 1924 1
2462 80 1
2462 1905 1
2462 4053 1
546 250 1
1766 4138 1
4461 1893 1
704 384 1
2544 3654 1
1690 1787 1
1599 861 1
1599 2972 1
850 3949 1
1370 4017 1
1370 2482 1
857 3226 1
1210 2777 1
1104 1819 1
2060 2453 1
356 3420 1
3327 4139 1
2995 197 1
2995 3149 1
2995 2706 1
2702 840 1
2702 354 1
660 153 1
2996 4206 1
388 4155 1
211 2711 1
2741 3193 1
341 564 1
1700 1896 1
662 1125 1
1475 163 1
777 1976 1
777 2592 1
3395 2332 1
2832 167 1
636 4020 1
258 1412 1
258 512 1
2733 3731 1
1855 1415 1
1855 616 1
1892 1535 1
3089 2573 1
3089 2763 1
4328 581 1
750 2022 1
2652 656 1
611 126 1
1981 1633 1
2007 385 1
2007 377 1
2134 1843 1
1706 2474 1
1281 3028 1
712 3519 1
712 3200 1
3775 2402 1
4420 4348 1
4420 3347 1
4420 2233 1
4095 1848 1
2880 2558 1
1557 439 1
1557 1930 1
1557 3167 1
1785 3608 1
571 1679 1
571 3628 1
571 4311 1
571 1319 1
2554 28 1
4286 328 1
4286 622 1
4286 1846 1
3218 4170 1
3290 478 1
1767 4094 1
2559 3794 1
2559 3925 1
1711 3002 1
3445 3763 1
2017 2011 1
2601 3712 1
335 2257 1
2698 21 1
3504 225 1
3504 342 1
610 2982 1
2781 2230 1
3689 2475 1
2841 1544 1
2381 1269 1
2269 2396 1
2269 1669 1
2269 441 1
2269 2159 1
2269 2849 1
2269 1559 1
2269 1132 1
2269 2068 1
3561 1295 1
3000 2668 1
3000 2965 1
3245 2242 1
4415 4015 1
4415 646 1
640 759 1
1204 3098 1
2969 3297 1
3286 3549 1
3286 4400 1
3286 2155 1
3286 1632 1
3286 1404 1
3286 4340 1
3286 227 1
3286 318 1
3286 935 1
3286 2314 1
3286 982 1
3286 2586 1
3286 842 1
3286 2266 1
3286 3732 1
3286 3066 1
3286 3344 1
3286 475 1
3286 3698 1
3286 1025 1
3286 1029 1
3286 3192 1
3286 2922 1
436 2153 1
2764 677 1
4473 889 1
3180 2590 1
148 431 1
2360 272 1
2360 1255 1
1833 1574 1
1872 4154 1
1358 3722 1
1358 3144 1
4245 2611 1
2673 3798 1
911 139 1
101 1102 1
194 3068 1
194 644 1
194 4394 1
194 1294 1
194 2931 1
194 2372 1
194 349 1
194 313 1
194 595 1
194 4451 1
194 3811 1
1441 2932 1
934 2798 1
3890 516 1
3890 3845 1
3890 4056 1
3890 1084 1
2810 1456 1
2810 198 1
1148 444 1
1148 2170 1
998 3366 1
998 3295 1
998 2448 1
2846 3970 1
2292 2621 1
2292 2187 1
2452 2133 1
716 2416 1
716 2394 1
716 2665 1
1366 4339 1
1366 3495 1
1366 4070 1
1366 4283 1
1366 17 1
1366 2629 1
1366 2112 1
1366 2307 1
1366 3690 1
1366 1730 1
1366 809 1
1366 4031 1
1262 1296 1
550 3132 1
3035 3215 1
3035 2350 1
833 2654 1
4454 2042 1
2087 4168 1
3081 4270 1
1461 3582 1
3847 4147 1
3545 4042 1
3545 4463 1
4160 3497 1
1058 2033 1
2211 2504 1
3709 2510 1
3145 959 1
2368 1838 1
2368 472 1
2820 3222 1
2820 2164 1
2820 359 1
506 1177 1
506 2908 1
1727 1130 1
2377 3641 1
3835 978 1
2892 2476 1
2537 829 1
4355 3494 1
2692 505 1
4054 2239 1
4324 1823 1
473 1601 1
3146 969 1
3785 3086 1
4458 1133 1
1783 2507 1
1783 3041 1
1783 565 1
2050 2785 1
4300 4327 1
1768 1161 1
1879 3651 1
2585 499 1
2585 3076 1
1707 3052 1
3181 3045 1
2829 3121 1
4063 3724 1
2415 2709 1
2415 1695 1
2415 3179 1
2415 655 1
3556 53 1
3556 1290 1
3556 1815 1
3556 2883 1
3556 2842 1
3201 3384 1
4268 1385 1
690 2728 1
3753 976 1
1827 4058 1
2318 2910 1
4036 1560 1
210 3451 1
1977 1541 1
2435 4485 1
489 423 1
3948 383 1
1052 2912 1
2710 2750 1
2710 2916 1
2710 2794 1
2710 2326 1
2710 1206 1
4164 3856 1
4164 710 1
3299 2404 1
686 2081 1
686 1166 1
1491 2135 1
1013 2414 1
1233 3085 1
2890 2072 1
1555 3244 1
1555 1992 1
1555 2167 1
1555 1005 1
161 3517 1
161 1564 1
3026 73 1
387 3391 1
387 1709 1
387 1213 1
387 3001 1
3854 954 1
3854 1036 1
3854 337 1
3625 19 1
4477 3836 1
2767 2392 1
2767 609 1
2767 1988 1
2767 3280 1
3936 1654 1
3936 1403 1
601 2342 1
3764 3571 1
2848 1813 1
3675 2572 1
1054 1564 1
2850 672 1
2850 1378 1
3606 2875 1
476 1410 1
476 2735 1
2658 753 1
1667 31 1
1667 1195 1
1359 2084 1
1359 3139 1
1359 2181 1
2724 1073 1
2759 1019 1
2759 2560 1
2773 3286 1
303 1795 1
303 1561 1
303 3348 1
303 717 1
3328 4029 1
4004 3292 1
4224 2769 1
1483 4032 1
1483 1365 1
1483 2644 1
3700 3616 1
91 1408 1
3184 2605 1
3184 2477 1
1430 851 1
2587 3557 1
2587 253 1
2587 315 1
2587 1092 1
2587 3331 1
480 946 1
480 386 1
3387 1864 1
3387 711 1
3387 3655 1
3387 3010 1
3387 3705 1
3387 3877 1
3387 111 1
3387 884 1
2113 417 1
2113 991 1
58 3314 1
4143 2352 1
3928 2891 1
3928 2725 1
2102 1570 1
2102 1655 1
2174 2114 1
1121 3760 1
1121 2016 1
1121 495 1
424 1517 1
424 1897 1
3931 2603 1
3475 2616 1
2491 3194 1
187 4255 1
3521 521 1
3258 1324 1
1036 968 1
1036 3558 1
1036 182 1
160 1953 1
3597 4320 1
2531 235 1
2531 626 1
280 2145 1
280 3003 1
280 937 1
3322 583 1
2657 1852 1
2191 1895 1
2191 104 1
2191 2349 1
2191 2814 1
1453 2885 1
633 4263 1
3636 572 1
2237 3536 1
2237 3263 1
2237 2192 1
2237 2054 1
2237 1717 1
2593 1477 1
553 1593 1
1211 334 1
3646 1802 1
3646 218 1
1949 1000 1
1703 2665 1
502 3110 1
502 3386 1
3189 1355 1
3189 4322 1
3189 1524 1
676 3900 1
3987 1708 1
3987 754 1
617 2195 1
1891 1556 1
948 1305 1
948 3317 1
731 2486 1
1271 3683 1
1271 4252 1
667 3232 1
1149 420 1
642 412 1
3899 1246 1
2805 3486 1
2805 627 1
2805 1478 1
2805 3036 1
2805 3372 1
2805 3997 1
2805 3487 1
2805 1886 1
2805 1401 1
2805 2025 1
2805 2397 1
2805 971 1
2805 1681 1
2805 1532 1
88 599 1
2679 3947 1
2679 705 1
3358 3140 1
1764 1445 1
768 1405 1
2916 2571 1
2916 890 1
2916 298 1
2916 947 1
1201 3922 1
2231 3708 1
3769 679 1
536 4383 1
1572 925 1
1047 2696 1
4310 1966 1
4310 3707 1
1691 3415 1
262 1468 1
262 2681 1
262 2979 1
262 254 1
262 1371 1
262 1038 1
3104 3771 1
3161 4010 1
1958 4456 1
3489 739 1
1112 4084 1
2019 2819 1
233 4120 1
886 96 1
3019 3346 1
3019 2567 1
737 3332 1
1995 652 1
4058 1315 1
4058 4469 1
4058 1297 1
4058 2583 1
4058 362 1
430 1285 1
498 2065 1
498 632 1
498 2175 1
1120 3860 1
1120 3728 1
1226 294 1
380 1 1
3844 2193 1
1982 4291 1
1982 1938 1
694 374 1
1646 1458 1
1646 2813 1
1646 3537 1
1190 1480 1
3942 415 1
3463 2933 1
1529 2599 1
1529 4460 1
1529 2670 1
1529 1885 1
1529 3576 1
1529 663 1
1529 1828 1
1008 3955 1
3483 2363 1
3483 418 1
3710 2520 1
3710 2852 1
2004 3943 1
2004 682 1
3697 1033 1
2148 2272 1
2148 1379 1
2148 32 1
4070 3618 1
4070 1576 1
1361 357 1
1361 4207 1
4392 4242 1
1824 1826 1
3408 3373 1
2912 1399 1
2045 2069 1
1612 1283 1
1612 2424 1
1612 3704 1
1702 52 1
1702 2228 1
3711 577 1
3711 1240 1
3711 2856 1
3711 2626 1
3711 4000 1
3711 2194 1
3711 659 1
3711 1384 1
3668 2642 1
4229 4117 1
4127 4211 1
2012 176 1
496 3650 1
496 2501 1
4049 3527 1
4049 158 1
4049 2012 1
4049 3253 1
4049 832 1
4049 276 1
4049 3112 1
1325 1814 1
3190 4441 1
3190 4289 1
3190 1113 1
183 71 1
1688 3664 1
1688 3883 1
1688 1463 1
1416 1862 1
3998 236 1
3998 3308 1
3223 151 1
259 3296 1
526 2270 1
526 3718 1
526 128 1
2574 1894 1
1490 3510 1
965 154 1
2043 3447 1
86 554 1
802 513 1
4249 1492 1
4249 778 1
1070 366 1
1789 3673 1
1789 3006 1
788 3737 1
788 3869 1
788 1659 1
1171 2470 1
699 1026 1
699 1514 1
699 3563 1
699 634 1
699 1774 1
699 2607 1
699 389 1
699 103 1
670 996 1
3142 3053 1
918 917 1
2142 989 1
2142 2464 1
2142 4386 1
3564 1851 1
255 1189 1
2858 3029 1
1202 1168 1
1202 1947 1
4126 4312 1
865 308 1
4051 438 1
4051 4294 1
4051 3458 1
4051 330 1
4051 2674 1
4051 3138 1
4051 825 1
4051 1791 1
4051 4414 1
4051 3427 1
4051 3772 1
1635 2742 1
1635 1063 1
3325 558 1
3325 1719 1
3325 3305 1
318 1138 1
318 1409 1
318 76 1
318 1634 1
1566 1246 1
1566 4301 1
3523 628 1
2754 3392 1
185 4432 1
3733 1423 1
3733 2179 1
3733 2873 1
3733 4044 1
3733 130 1
3733 2161 1
2015 3600 1
2685 806 1
2384 4418 1
3309 4090 1
1144 3963 1
1236 2940 1
1236 2498 1
1236 855 1
2782 2949 1
3548 3853 1
1066 3118 1
1369 3960 1
1369 3550 1
4345 2117 1
3235 782 1
3235 833 1
3235 1076 1
3235 4219 1
3083 3341 1
2313 2753 1
2686 2298 1
3519 2766 1
3519 57 1
2620 1585 1
1352 871 1
1338 3453 1
1053 3723 1
1053 2287 1
120 2914 1
3609 3888 1
2343 2549 1
3526 53 1
3526 1497 1
2216 1962 1
2216 699 1
2216 835 1
587 3114 1
587 1712 1
587 2127 1
587 857 1
587 442 1
587 3682 1
587 4101 1
587 3457 1
587 424 1
587 280 1
587 4278 1
587 1786 1
587 3629 1
587 4254 1
587 3153 1
587 3063 1
587 2198 1
922 4208 1
1028 3499 1
1028 399 1
949 2283 1
949 568 1
2723 3933 1
3535 2032 1
3535 3893 1
3535 849 1
3787 1044 1
3787 3101 1
3787 2999 1
3787 3117 1
3787 1327 1
3787 1760 1
3787 3780 1
3787 2557 1
837 1769 1
4495 281 1
74 4109 1
74 929 1
74 3011 1
74 3515 1
74 2369 1
74 2189 1
2591 1027 1
2591 3516 1
2591 2485 1
2591 3183 1
2947 4051 1
2878 1187 1
2561 2009 1
4288 4349 1
4288 4403 1
4288 761 1
4288 1983 1
4288 3815 1
4288 2002 1
132 3127 1
2548 1922 1
1778 970 1
3425 3429 1
3361 4111 1
494 4367 1
1023 1364 1
575 3454 1
4284 3758 1
3741 907 1
2627 1431 1
3965 329 1
3647 2869 1
3647 4243 1
4297 803 1
4297 477 1
537 2280 1
1383 843 1
3713 1916 1
3713 4286 1
3713 1972 1
3713 3039 1
3713 4235 1
3713 538 1
426 3764 1
426 4187 1
426 1839 1
741 3296 1
1859 2436 1
1859 3642 1
1859 1704 1
1859 462 1
1859 1381 1
1859 69 1
1859 3342 1
1107 3555 1
3650 2274 1
3650 4337 1
3650 1004 1
3650 2449 1
3650 3954 1
3650 1715 1
3650 4290 1
3650 3018 1
3650 1495 1
3514 2031 1
3465 4055 1
1941 2000 1
1941 1425 1
223 309 1
223 1505 1
1316 2387 1
3917 4019 1
1731 1093 1
3450 4205 1
2797 975 1
2797 1272 1
2797 1590 1
196 2358 1
196 863 1
65 2196 1
65 1686 1
65 4502 1
4478 428 1
4196 1362 1
3506 2893 1
3506 3979 1
3506 3619 1
3409 715 1
3409 3281 1
1829 177 1
4387 746 1
1530 3375 1
1530 1251 1
1880 2258 1
1880 4402 1
1880 2451 1
1880 4088 1
1880 290 1
1880 59 1
1203 118 1
1348 84 1
2582 2664 1
1278 1920 1
1604 724 1
2958 2895 1
1462 4293 1
1594 400 1
2156 765 1
683 786 1
2831 3416 1
285 2727 1
285 2705 1
1627 3633 1
1627 2543 1
2708 1286 1
2457 2815 1
2061 2171 1
2718 745 1
2721 79 1
3977 2553 1
3977 2678 1
3977 4330 1
3977 20 1
3977 4089 1
1487 492 1
1487 1096 1
295 1834 1
295 2468 1
1747 4452 1
4303 165 1
1218 4465 1
1553 873 1
1553 561 1
811 1939 1
811 1745 1
811 2990 1
811 268 1
1911 2936 1
2151 792 1
4225 997 1
4225 1137 1
3275 1908 1
3117 770 1
4338 3793 1
1961 2631 1
1961 2039 1
1961 795 1
1961 4239 1
1961 3714 1
133 1351 1
2606 3251 1
2618 3610 1
2618 3394 1
2618 351 1
3435 3941 1
4425 1863 1
4425 375 1
4425 3783 1
54 4258 1
54 1940 1
54 2333 1
2598 2235 1
2598 1442 1
2074 2376 1
2074 726 1
3656 1799 1
1263 1803 1
1263 2126 1
597 2214 1
597 2580 1
3800 3276 1
162 844 1
4444 3867 1
87 3868 1
1692 2576 1
1692 2811 1
1692 4190 1
1692 752 1
2736 2316 1
100 3135 1
3173 785 1
3173 4449 1
2248 4356 1
450 3396 1
2281 2636 1
3583 1476 1
56 4442 1
56 3321 1
56 543 1
4222 2203 1
4222 4223 1
4222 3511 1
229 2057 1
3822 4313 1
774 2924 1
774 3907 1
4080 2888 1
4080 1282 1
4080 4271 1
923 3973 1
1110 2163 1
567 3379 1
567 3236 1
567 1424 1
4061 2776 1
4061 3846 1
4061 3518 1
2666 1398 1
368 2277 1
368 4234 1
368 1792 1
368 2851 1
368 2229 1
3476 1595 1
1898 3227 1
1605 1313 1
3111 1735 1
2853 4215 1
2853 305 1
2853 3106 1
2199 156 1
3253 2903 1
3253 4064 1
3253 838 1
3253 4068 1
3253 2496 1
3253 3819 1
3253 4486 1
2887 1629 1
3602 4434 1
3525 3614 1
4293 3988 1
4293 256 1
4293 3898 1
4293 1934 1
4293 2929 1
4293 1141 1
1680 1502 1
4257 145 1
4257 2182 1
3273 1272 1
1459 3034 1
1951 3684 1
3405 1866 1
4131 3040 1
2780 549 1
2186 1645 1
42 2739 1
42 1077 1
42 144 1
42 454 1
2265 47 1
2634 578 1
3158 2254 1
3158 3224 1
3158 2630 1
1145 1095 1
3455 3857 1
1268 2345 1
3360 1400 1
1608 164 1
1996 2732 1
2946 3241 1
2946 4105 1
2826 1629 1
1701 2413 1
1701 3163 1
2177 3749 1
2177 1422 1
146 1606 1
539 1547 1
539 3095 1
1163 3020 1
1750 952 1
2905 479 1
3340 1837 1
3340 3823 1
3340 1614 1
3340 4118 1
3340 2463 1
2058 1662 1
2058 2954 1
2058 4317 1
2058 3422 1
2859 3444 1
2859 2734 1
843 2303 1
1761 3376 1
1761 3413 1
343 1739 1
596 2200 1
702 4137 1
89 2447 1
89 1493 1
89 3842 1
89 1964 1
89 2744 1
89 950 1
89 3748 1
3210 4 1
3210 1909 1
3210 2201 1
3074 1993 1
3074 3916 1
3074 3680 1
3074 2082 1
3755 440 1
1000 2594 1
1000 429 1
3428 4375 1
3428 2923 1
3428 1884 1
3428 3995 1
4033 1351 1
3665 3288 1
507 184 1
2699 2539 1
3507 1874 1
1918 378 1
269 3285 1
269 2899 1
269 2400 1
2889 1675 1
2889 2422 1
2799 131 1
1287 545 1
979 2827 1
212 2562 1
3975 3538 1
3975 4082 1
3975 4296 1
1503 4302 1
796 908 1
2024 2415 1
4482 3541 1
3591 4503 1
2683 1713 1
1931 4236 1
4125 3208 1
1227 413 1
1328 3875 1
1741 3323 1
1741 3739 1
1741 3256 1
1741 1563 1
1741 3914 1
432 4433 1
1009 4122 1
219 1738 1
749 3715 1
749 2743 1
749 1042 1
2136 2076 1
2998 4132 1
3959 3160 1
566 658 1
566 302 1
566 4204 1
566 1317 1
566 807 1
566 2843 1
566 3123 1
2243 2587 1
2243 524 1
2243 1887 1
2243 4314 1
3990 1558 1
3933 822 1
3933 776 1
3933 878 1
3956 321 1
1174 681 1
1174 4359 1
1174 2550 1
3851 1615 1
3663 1835 1
4354 3562 1
540 1260 1
540 4401 1
3981 1085 1
2596 2133 1
3870 301 1
3515 3491 1
2974 1835 1
2779 1367 1
2779 102 1
868 4052 1
3908 3233 1
2844 847 1
2166 856 1
2166 830 1
2904 3671 1
1326 4490 1
1326 3400 1
1326 2445 1
3069 804 1
2894 2282 1
3779 2086 1
3779 794 1
3779 4106 1
2421 2608 1
1339 3187 1
4501 1071 1
590 3319 1
590 2122 1
924 2172 1
924 3090 1
2626 3594 1
2626 4378 1
2626 1472 1
2626 2511 1
2408 695 1
134 458 1
267 3714 1
1929 2880 1
3927 1212 1
3927 2013 1
3927 237 1
3927 4489 1
4021 2095 1
4021 914 1
2458 1762 1
2003 2338 1
2003 4238 1
2003 757 1
2003 927 1
1331 3934 1
60 1808 1
60 2876 1
2963 2047 1
748 3560 1
748 604 1
748 3278 1
748 2202 1
2707 2226 1
2477 3750 1
1449 1512 1
1449 4145 1
1449 4114 1
1449 1330 1
1449 3789 1
1449 3485 1
1449 3790 1
1449 4093 1
2823 4262 1
3643 3944 1
1587 4334 1
2490 1569 1
1230 4140 1
284 2021 1
284 2957 1
1060 3530 1
4081 2730 1
435 1346 1
1184 1376 1
173 1622 1
2917 2373 1
2917 3670 1
2917 3152 1
2927 3766 1
2927 3310 1
1117 3522 1
4333 2860 1
4333 1347 1
3894 1526 1
363 518 1
363 563 1
363 1987 1
869 3768 1
3100 2237 1
3679 3398 1
147 3449 1
3024 4188 1
3356 4352 1
964 1820 1
3792 2948 1
742 3950 1
742 1304 1
1307 1482 1
751 2788 1
2635 1225 1
49 2344 1
49 3077 1
4135 3054 1
4135 260 1
4210 4158 1
3333 3694 1
3333 3595 1
930 858 1
320 9 1
320 347 1
692 530 1
1770 452 1
3566 2461 1
2244 2334 1
456 402 1
456 396 1
2942 1376 1
2942 3701 1
2994 1389 1
2994 3639 1
2494 1534 1
4259 2569 1
2584 1105 1
2978 1072 1
3952 2751 1
3716 3313 1
3716 1501 1
3716 1516 1
3716 1098 1
3784 1172 1
3886 2726 1
1176 4212 1
1176 2770 1
2221 1698 1
2190 936 1
643 251 1
4374 3005 1
1771 987 1
2809 112 1
2088 3565 1
1959 1380 1
4169 2689 1
4034 203 1
4034 569 1
2219 4102 1
457 4185 1
457 1447 1
457 3174 1
457 1694 1
764 3389 1
4065 3692 1
3824 4455 1
300 3259 1
300 1432 1
300 4076 1
3487 3282 1
2471 404 1
2471 108 1
2471 3164 1
4269 1314 1
4269 3754 1
955 986 1
955 3903 1
955 4369 1
1244 2411 1
1244 2939 1
1244 3267 1
1244 2656 1
1244 129 1
1244 1643 1
1244 3910 1
1244 4298 1
1244 4237 1
1244 4242 1
425 2388 1
3796 1573 1
3796 1980 1
3796 527 1
3796 1687 1
3796 3057 1
3796 1685 1
3796 2014 1
3796 186 1
1877 3927 1
1758 2693 1
2684 3797 1
2684 3729 1
2684 3829 1
2684 1639 1
3059 2915 1
2572 150 1
2572 2371 1
2572 4405 1
4151 4254 1
2380 3964 1
2380 995 1
3096 645 1
3469 2415 1
853 465 1
220 1299 1
3318 1950 1
4136 4472 1
4136 3365 1
3801 3702 1
1588 4457 1
3164 208 1
3164 4421 1
3164 2261 1
3164 3219 1
3164 3157 1
3164 727 1
3164 1519 1
3164 3605 1
3164 3062 1
3164 4388 1
3164 1215 1
4074 1596 1
4336 2720 1
3840 4426 1
3840 4011 1
1266 3182 1
1266 1488 1
1392 3765 1
1638 1150 1
891 1434 1
891 3657 1
891 684 1
1565 2817 1
1406 2432 1
4422 2328 1
2121 3542 1
166 1306 1
4192 36 1
2020 216 1
2020 97 1
2020 3529 1
2020 2627 1
4050 678 1
3982 767 1
3770 4226 1
3452 1496 1
270 1847 1
270 4129 1
586 55 1
1763 4062 1
4221 360 1
4447 2410 1
4447 2493 1
758 90 1
3658 1738 1
1670 390 1
3301 2966 1
1850 2575 1
4244 3579 1
4244 1793 1
1173 246 1
1219 1724 1
2401 14 1
2862 3406 1
2862 67 1
2862 16 1
2862 2716 1
180 467 1
3023 45 1
1123 1649 1
2527 559 1
1781 4385 1
669 4304 1
3350 4177 1
2335 3159 1
2648 4288 1
2382 1575 1
2382 1748 1
2492 2980 1
1536 1208 1
3945 1577 1
1049 2988 1
61 2089 1
3637 13 1
3738 623 1
3738 1788 1
3738 3937 1
3738 2830 1
3738 4436 1
3738 926 1
3738 977 1
3738 115 1
3738 1542 1
3738 179 1
3738 291 1
3738 2812 1
3738 4091 1
3738 1207 1
3738 3691 1
3738 2293 1
3738 620 1
3738 3177 1
3738 3007 1
3738 3807 1
1386 459 1
1386 4437 1
316 1334 1
316 2821 1
984 1126 1
345 204 1
345 1118 1
345 1548 1
345 3620 1
345 3409 1
345 3255 1
345 650 1
345 1243 1
345 414 1
345 1196 1
345 1469 1
345 2317 1
345 1323 1
345 4275 1
345 3229 1
52 4416 1
52 624 1
52 2144 1
52 2783 1
52 1237 1
3958 2663 1
2336 2264 1
4276 202 1
2379 1967 1
15 3924 1
15 2443 1
15 1146 1
1103 2847 1
1257 1688 1
1257 2564 1
666 4299 1
666 4005 1
4241 4171 1
4241 3338 1
4241 3125 1
4241 743 1
4241 608 1
4241 4480 1
4241 4201 1
4241 2722 1
4241 3459 1
508 3246 1
3170 468 1
3170 1022 1
2101 491 1
2101 4233 1
4466 3653 1
4406 4072 1
4256 1631 1
3677 3880 1
3677 1500 1
2522 1467 1
2522 1865 1
2881 1628 1
4318 3442 1
1683 3175 1
4264 452 1
4264 1407 1
3732 3826 1
3732 2240 1
708 40 1
3166 338 1
943 2347 1
455 728 1
2308 579 1
4361 1157 1
1812 2701 1
534 939 1
909 3915 1
4305 1663 1
4040 3049 1
2997 582 1
2997 3902 1
3490 841 1
3490 3508 1
3891 2505 1
464 3155 1
464 2071 1
464 4163 1
464 3440 1
464 948 1
464 2784 1
464 3871 1
464 3164 1
464 956 1
464 1904 1
464 2472 1
464 3659 1
1936 2375 1
4389 2138 1
2034 3543 1
2034 343 1
1830 944 1
1757 407 1
1375 503 1
1375 1782 1
1375 1234 1
2032 2049 1
2032 1921 1
1252 3047 1
1252 1899 1
3066 1840 1
3066 2026 1
3066 2938 1
3066 3795 1
3066 2346 1
3066 2532 1
4341 4297 1
4341 2756 1
4341 367 1
4341 1387 1
1693 1642 1
3055 2660 1
784 4342 1
504 1151 1
2882 1020 1
1913 2305 1
1913 1180 1
1913 89 1
1913 2241 1
1913 214 1
1765 1567 1
1765 2934 1
3805 1790 1
3805 1366 1
3805 2142 1
3805 1831 1
3805 3969 1
606 29 1
606 2204 1
606 2365 1
3887 2028 1
2080 2299 1
3234 3448 1
2918 1411 1
2918 2067 1
2918 4379 1
2918 2855 1
2918 2941 1
4028 1883 1
2790 1419 1
2790 2312 1
2790 2276 1
1372 4253 1
221 3377 1
1513 2 1
4343 4412 1
1935 960 1
4083 1720 1
4083 3363 1
4083 4407 1
3042 25 1
1183 1099 1
1183 3876 1
1152 2428 1
3304 2300 1
639 3477 1
639 1420 1
904 2577 1
2205 1970 1
155 1915 1
1937 1232 1
1937 3025 1
1878 2697 1
1878 3570 1
3112 2454 1
3112 2279 1
3112 1209 1
3112 3352 1
3112 322 1
3112 125 1
3120 1806 1
1592 2253 1
3756 880 1
2090 3324 1
1377 4079 1
2900 631 1
2646 2834 1
2646 2545 1
2646 2515 1
2646 2245 1
2646 2107 1
2646 4265 1
2646 2981 1
2646 813 1
2646 4159 1
2398 1216 1
3279 3103 1
3703 898 1
3727 2836 1
2385 365 1
3913 206 1
4107 3859 1
2563 3446 1
3153 1474 1
3153 1288 1
3153 3169 1
408 2675 1
2896 2455 1
3685 323 1
1665 433 1
339 2391 1
1994 706 1
2534 805 1
4030 668 1
1258 466 1
1258 4136 1
1258 4041 1
2291 2056 1
1043 573 1
2926 310 1
942 46 1
942 394 1
942 432 1
942 3626 1
942 2964 1
942 685 1
3044 2595 1
3044 4191 1
1597 3084 1
1597 324 1
1597 1165 1
1597 4353 1
3699 2073 1
3699 3266 1
3699 3759 1
2495 3575 1
2614 3814 1
1457 2589 1
1457 2865 1
1457 2154 1
1457 1732 1
555 2975 1
4251 2035 1
4251 1267 1
4251 1636 1
4395 3107 1
3367 2168 1
2551 4424 1
1345 4220 1
117 283 1
409 2618 1
409 4144 1
3615 847 1
137 2570 1
2296 1973 1
4496 1335 1
4496 350 1
4496 2378 1
136 3781 1
136 2456 1
136 2633 1
136 1087 1
136 1699 1
136 4156 1
136 238 1
136 395 1
4206 3837 1
4206 2036 1
4206 2659 1
4206 3136 1
4206 791 1
4206 293 1
4206 3268 1
4206 3957 1
4206 2262 1
4206 1954 1
4206 304 1
4206 3843 1
4206 3046 1
4206 2816 1
4206 988 1
4206 2828 1
4206 3544 1
3126 2645 1
3126 2077 1
3126 2302 1
700 2651 1
1784 941 1
129 3267 1
112 2712 1
188 580 1
188 894 1
188 887 1
188 2625 1
1504 1804 1
2935 2097 1
1439 4329 1
1845 2985 1
3531 4251 1
3531 980 1
1875 2104 1
273 763 1
810 1653 1
3897 2359 1
278 619 1
3802 1177 1
2137 1557 1
3260 2251 1
3260 4332 1
361 966 1
2525 3196 1
3261 3833 1
541 3744 1
2959 2667 1
1658 958 1
1658 1220 1
1658 4440 1
1134 3206 1
2366 3471 1
1630 2514 1
275 4464 1
275 4363 1
1494 4380 1
1239 4146 1
3380 1836 1
1621 664 1
1621 159 1
1621 1273 1
2351 2818 1
1300 3953 1
1300 2546 1
1300 1942 1
1300 261 1
1300 2650 1
3099 1164 1
3820 4453 1
3820 175 1
2425 990 1
2425 3788 1
2425 1656 1
2425 4161 1
2425 1197 1
2425 3881 1
2425 1888 1
2425 1607 1
2425 585 1
2425 1235 1
2425 1439 1
2425 2578 1
2425 2044 1
2425 2496 1
820 3832 1
3719 687 1
2099 531 1
2099 4326 1
2099 3725 1
3119 3776 1
2497 2786 1
2497 1443 1
1481 2353 1
1481 2478 1
1481 3733 1
1481 4124 1
1481 170 1
1481 862 1
1481 3546 1
1481 1696 1
1481 1241 1
1481 1253 1
618 3393 1
618 2354 1
618 3484 1
3690 3092 1
3690 4115 1
1159 901 1
3627 3831 1
1413 1100 1
3638 3660 1
1010 1754 1
353 1867 1
2632 2227 1
718 1229 1
4176 4228 1
1414 4047 1
1414 2989 1
2950 3191 1
2950 1661 1
2950 3154 1
2950 3872 1
4438 4007 1
1393 1854 1
4274 3592 1
1955 1006 1
2459 1135 1
2459 2871 1
2459 4096 1
2459 1001 1
2459 3478 1
2459 3060 1
2459 1051 1
3195 4203 1
2278 4003 1
2278 701 1
852 3354 1
852 1779 1
3031 405 1
3031 470 1
3048 3686 1
406 1250 1
406 4227 1
769 649 1
2109 2796 1
1508 1901 1
1169 2355 1
1810 2124 1
1810 1446 1
867 1006 1
867 3128 1
1397 2370 1
1755 2738 1
2273 3401 1
1943 3070 1
1943 3603 1
1943 3087 1
1943 3050 1
2225 972 1
149 379 1
485 1999 1
523 3666 1
523 4357 1
344 4368 1
344 1429 1
3815 2132 1
3815 4123 1
2466 4280 1
2055 152 1
2325 3294 1
2325 910 1
2295 1800 1
93 3118 1
1868 651 1
1311 419 1
488 270 1
33 3492 1
1814 2719 1
3533 3197 1
2220 3387 1
4121 190 1
3073 733 1
3073 2255 1
3073 1623 1
3670 1394 1
3670 1264 1
2238 2920 1
2271 557 1
2271 1858 1
2271 1842 1
2271 602 1
2271 3874 1
2271 2399 1
621 2838 1
621 3237 1
635 2212 1
635 469 1
2115 500 1
2115 498 1
2115 292 1
2115 4247 1
2115 1309 1
2682 4085 1
2682 2758 1
2682 823 1
1616 1248 1
1543 3289 1
3378 607 1
3378 1421 1
2956 2487 1
1619 1651 1
3909 3773 1
3909 1318 1
2091 788 1
2417 443 1
2417 3613 1
1291 2581 1
116 2206 1
859 932 1
4491 2329 1
3065 1249 1
3065 2704 1
2259 877 1
2259 279 1
2259 1794 1
2928 1270 1
2928 252 1
723 2874 1
817 1101 1
817 1617 1
4372 1153 1
157 4498 1
1079 1186 1
1716 542 1
4430 1772 1
1322 3230 1
1322 1749 1
2662 1114 1
2383 3905 1
1647 4376 1
2288 4306 1
993 3848 1
3439 1586 1
3439 1452 1
35 2877 1
1723 1129 1
3932 4184 1
3122 3836 1
3122 3093 1
3122 1353 1
3122 2001 1
4457 4409 1
4457 1039 1
4457 713 1
4457 574 1
4457 3056 1
4457 1816 1
4457 967 1
821 2074 1
821 3955 1
821 2128 1
821 4057 1
821 1479 1
821 2669 1
1818 1971 1
2745 3968 1
3864 2078 1
4298 2114 1
11 1041 1
2232 2529 1
2526 4321 1
1689 3171 1
1689 257 1
490 533 1
490 2484 1
486 912 1
1671 1365 1
4153 3799 1
1122 3345 1
1122 3607 1
2129 2309 1
2512 783 1
244 1726 1
2977 594 1
3058 2746 1
2233 4002 1
2233 2863 1
3298 1945 1
3243 8 1
3243 2530 1
4181 1221 1
172 787 1
4066 1796 1
4066 2713 1
393 866 1
4483 4130 1
1199 3834 1
1199 3946 1
1199 1997 1
1199 3747 1
3985 1074 1
4307 1373 1
4307 2348 1
4307 1256 1
2968 4077 1
105 755 1
1035 1111 1
2921 520 1
2747 3918 1
913 3353 1
3460 3693 1
123 1539 1
123 4308 1
2188 3113 1
1511 4178 1
3312 1059 1
2879 834 1
2361 1562 1
2361 945 1
703 2246 1
379 3635 1
1674 3479 1
4035 1007 1
3079 2524 1
3079 707 1
189 2066 1
189 98 1
189 719 1
881 10 1
5 933 1
5 230 1
3473 3 1
106 1648 1
106 2649 1
3687 4045 1
2433 615 1
2433 514 1
2433 1906 1
2433 2178 1
2433 1308 1
2433 4277 1
2433 169 1
3589 2320 1
2706 1188 1
2757 2180 1
72 3071 1
72 3385 1
2641 3456 1
2641 434 1
1613 1061 1
3884 2986 1
3884 4266 1
3884 2802 1
3884 4396 1
3884 3687 1
3884 1178 1
312 999 1
312 2185 1
312 2671 1
1016 1742 1
3156 3821 1
3156 3430 1
885 4148 1
1356 2512 1
1274 352 1
143 1055 1
2337 2822 1
55 3580 1
55 471 1
55 4113 1
4382 3302 1
3238 3357 1
3238 1672 1
3238 3411 1
3124 3390 1
1904 654 1
1904 1668 1
1904 2762 1
1904 2423 1
1904 3102 1
612 2523 1
612 2213 1
4144 1591 1
1265 3038 1
3032 138 1
3078 673 1
1396 3118 1
3612 4488 1
826 2110 1
826 3604 1
451 3882 1
451 75 1
451 422 1
1578 4446 1
1968 77 1
2778 481 1
2778 2356 1
2778 905 1
906 1127 1
2075 4292 1
3254 1584 1
3992 4097 1
3992 1624 1
3992 2609 1
3992 888 1
3992 1822 1
3992 1871 1
4384 3554 1
1914 1160 1
1388 1395 1
1090 2943 1
3640 3852 1
3640 4025 1
3640 491 1
3202 3745 1
289 2690 1
3033 4027 1
3033 288 1
854 3247 1
460 2518 1
460 2062 1
460 3701 1
1499 775 1
449 2952 1
1485 638 1
491 1990 1
491 1497 1
491 1082 1
491 3214 1
491 122 1
491 3720 1
2419 2792 1
3828 3939 1
1841 1454 1
2286 2509 1
1067 665 1
1067 3423 1
1067 3961 1
1067 95 1
4018 2588 1
4018 2612 1
2643 1245 1
2643 487 1
1182 1550 1
2103 2386 1
3316 902 1
760 2412 1
3740 30 1
1523 2437 1
4494 4390 1
3213 4103 1
2252 653 1
2252 3878 1
2252 3368 1
4098 2839 1
3216 228 1
2755 3738 1
2755 1343 1
410 1275 1
2579 529 1
2434 248 1
2362 3091 1
2983 811 1
1228 1055 1
1034 119 1
2130 2687 1
474 3652 1
2508 674 1
427 2517 1
3147 107 1
4350 4344 1
4350 2301 1
4350 3498 1
3007 2294 1
3007 3388 1
3007 2600 1
3007 2714 1
3007 1542 1
3007 661 1
3007 1737 1
3007 391 1
3007 1192 1
3007 4029 1
3007 2426 1
1045 2835 1
3914 1116 1
3914 919 1
3914 698 1
962 3094 1
735 1017 1
735 1515 1
735 3735 1
1460 2646 1
209 1876 1
1320 2774 1
1242 1097 1
818 1551 1
1522 3524 1
1522 4059 1
1522 4410 1
1522 2806 1
2987 2284 1
1579 4219 1
3885 2694 1
3816 1780 1
1155 4110 1
1155 2886 1
1155 584 1
3678 1882 1
3433 1015 1
3817 3528 1
1957 483 1
1046 2357 1
1205 2176 1
1205 2269 1
1205 155 1
1205 1775 1
1205 2139 1
4295 1518 1
3513 2290 1
3239 3983 1
3736 1349 1
3752 1362 1
3966 2760 1
2501 1450 1
1029 2125 1
1932 591 1
1932 3634 1
1932 3269 1
3116 1860 1
1776 799 1
3240 3287 1
819 4411 1
2439 1902 1
981 1368 1
872 2538 1
3911 860 1
1464 1193 1
1640 2901 1
1640 2444 1
4347 2473 1
4347 271 1
4347 3337 1
4347 1298 1
4347 4248 1
4347 3225 1
4347 3923 1
747 1417 1
747 3500 1
2771 3424 1
2771 2003 1
2771 1721 1
3780 916 1
3362 3141 1
3644 2403 1
1191 3129 1
4419 3134 1
4099 2297 1
4459 317 1
4459 1199 1
1302 510 1
2772 4492 1
2772 2684 1
2460 3502 1
1580 1261 1
1437 1048 1
515 566 1
515 3717 1
515 2425 1
675 50 1
675 3397 1
3064 2048 1
3064 355 1
3064 2053 1
1682 3574 1
3659 4141 1
3659 3443 1
3659 3587 1
3659 325 1
3659 92 1
3659 3803 1
3659 1801 1
2489 1861 1
2489 4484 1
2489 598 1
239 4022 1
239 2624 1
239 416 1
239 1752 1
241 249 1
1261 4217 1
1261 263 1
141 3320 1
2703 2462 1
1086 4246 1
4360 3593 1
3426 4086 1
3426 3630 1
3611 551 1
1946 725 1
1106 985 1
1106 2506 1
1106 4189 1
3786 2165 1
3474 1321 1
951 3726 1
2864 1525 1
1150 2961 1
1150 62 1
3334 3596 1
4399 4351 1
213 4315 1
178 762 1
2962 2364 1
1154 1056 1
4157 2131 1
1974 4023 1
358 171 1
1963 411 1
1963 447 1
4323 3501 1
78 4358 1
680 940 1
680 2420 1
680 3746 1
680 3838 1
2327 1729 1
2327 693 1
2327 4335 1
2327 3012 1
3207 1991 1
3207 1917 1
1545 4423 1
600 800 1
4031 1538 1
4031 3631 1
4031 3645 1
4031 544 1
121 1167 1
3008 3622 1
1289 535 1
1289 1040 1
1323 1350 1
1323 3015 1
1979 4413 1
517 1620 1
517 1520 1
517 879 1
517 110 1
1889 26 1
1889 4319 1
1889 3466 1
1889 3249 1
1889 1337 1
1817 1435 1
1284 3072 1
3349 2234 1
845 3866 1
1448 3148 1
3553 547 1
3553 748 1
3422 709 1
3422 369 1
3422 2263 1
3422 1609 1
3422 3399 1
3422 2123 1
3422 41 1
3422 1568 1
3422 3250 1
3422 1003 1
3422 2897 1
3422 2150 1
3422 732 1
3422 247 1
3165 3706 1
4427 4474 1
4427 4331 1
370 3178 1
2169 1811 1
2169 511 1
243 4230 1
243 3623 1
243 4073 1
3662 3131 1
2224 4475 1
1451 1600 1
1451 4116 1
1131 3335 1
1131 2637 1
1131 592 1
1131 2987 1
3782 3745 1
2310 2105 1
2310 3567 1
2310 4218 1
2310 839 1
605 2791 1
3849 4165 1
928 729 1
928 398 1
928 2191 1
928 935 1
1657 2064 1
63 445 1
2139 2260 1
2139 64 1
2139 3774 1
2139 2446 1
2139 4462 1
4287 3293 1
1057 3895 1
1057 299 1
1222 3315 1
771 1948 1
2111 2030 1
1224 3572 1
4108 779 1
3989 1179 1
789 2737 1
3080 3188 1
2070 3075 1
2070 44 1
2070 4162 1
815 4470 1
3825 311 1
827 3128 1
392 931 1
3229 2653 1
1960 570 1
1312 629 1
4357 3976 1
4357 4037 1
4357 4026 1
4357 3827 1
4357 2331 1
4357 3935 1
4357 3720 1
688 4281 1
1292 1354 1
2638 12 1
2638 2023 1
824 1031 1
729 200 1
773 3581 1
773 1062 1
773 1546 1
773 2140 1
773 2541 1
201 4435 1
557 3751 1
557 1718 1
2127 3016 1
2118 3186 1
2118 215 1
2118 3586 1
2462 2521 1
2462 1466 1
4032 2149 1
4032 1143 1
258 3364 1
258 1344 1
258 1912 1
2880 4119 1
1632 2971 1
2269 2898 1
2269 875 1
3286 3892 1
3286 1427 1
3286 2106 1
1366 1108 1
1366 2973 1
1366 437 1
1783 27 1
1938 1825 1
3150 3381 1
2587 1279 1
2587 4006 1
3387 1276 1
2237 3986 1
2805 2037 1
2411 3482 1
4058 3021 1
498 1162 1
498 2321 1
2012 2555 1
1688 2289 1
4051 2027 1
1561 191 1
2627 1759 1
1859 3940 1
1859 1303 1
3650 2748 1
3650 327 1
3650 4194 1
653 4038 1
3791 1684 1
3559 992 1
3253 2450 1
3253 3264 1
3340 364 1
3340 1426 1
3340 1740 1
1000 4104 1
1497 2615 1
3077 1329 1
1174 1128 1
3873 1012 1
3873 51 1
2725 3272 1
2725 1081 1
2572 4448 1
812 1664 1
3164 3861 1
3164 264 1
3164 4067 1
3164 3850 1
3164 1777 1
3164 4087 1
3164 3503 1
3164 3695 1
3738 4195 1
3738 2157 1
3738 689 1
3738 1506 1
3738 3203 1
345 2845 1
52 2304 1
52 899 1
4241 2440 1
4241 1310 1
464 3929 1
464 1089 1
3759 714 1
3112 3624 1
2646 2479 1
2646 4365 1
2646 282 1
4251 364 1
4206 2389 1
4206 4499 1
4206 3311 1
4206 961 1
4206 1849 1
2425 4346 1
2425 3590 1
2425 3480 1
2425 756 1
2425 1637 1
2425 1928 1
4186 4373 1
1481 2803 1
1308 3461 1
2459 1736 1
2459 3257 1
2459 1021 1
1844 1332 1
2655 1598 1
2682 3648 1
1428 691 1
1428 3436 1
1428 781 1
1428 4009 1
2233 4197 1
2233 1984 1
2433 1985 1
2433 736 1
2433 3762 1
2433 2528 1
2433 3168 1
3238 3417 1
3007 903 1
3007 1147 1
3007 265 1
3007 371 1
1932 1142 1
1261 647 1
1131 892 1
4357 4200 1
900 2160 1
3336 1341 1
1340 22 1
1340 2339 1
1340 484 1
3265 286 1
3994 2100 1
2390 2183 1
1336 1611 1
181 938 1
2610 4316 1
4450 848 1
2079 2249 1
2565 2714 1
2565 3007 1
3804 2682 1
142 2925 1
766 3926 1
3209 194 1
1465 1342 1
3967 3200 1
3962 2467 1
336 1753 1
2761 1158 1
448 2433 1
2483 2789 1
2824 2566 1
307 1687 1
3351 1811 1
3412 2500 1
266 190 1
2430 66 1
3951 3448 1
1277 1932 1
4100 2330 1
3912 1014 1
39 3231 1
1618 3127 1
3228 18 1
3228 3318 1
973 4142 1
2906 773 1
3291 994 1
3896 2059 1
4428 3207 1
730 1903 1
836 1537 1
657 593 1
882 3577 1
1697 2113 1
2955 1030 1
2833 2867 1
135 3512 1
1521 4464 1
2098 3284 1
497 3162 1
2970 174 1
2970 1481 1
3371 734 1
1881 4139 1
3402 2513 1
3370 2247 1
1733 2427 1
4366 192 1
2688 2123 1
1507 1783 1
4179 4193 1
1744 4500 1
1900 3238 1
2992 2040 1
3672 240 1
2051 1440 1
2602 274 1
85 2804 1
3743 217 1
3467 2604 1
277 1509 1
277 2840 1
3212 1788 1
3198 2807 1
1374 3889 1
519 1131 1
3534 1650 1
4174 2469 1
509 876 1
3547 2319 1
4180 4377 1
2930 1927 1
1065 1139 1
4371 1333 1
2418 2519 1
3109 464 1
195 1540 1
4267 4232 1
744 4453 1
306 3009 1
4476 4024 1
2083 1644 1
501 4061 1
1091 1018 1
4078 3199 1
1549 1581 1
4429 2052 1
3879 2661 1
4479 346 1
3584 1890 1
421 2250 1
3520 326 1
2919 2918 1
2499 2286 1
3082 2152 1
3211 4182 1
1869 3252 1
4172 3569 1
224 3017 1
2431 3767 1
1582 2619 1
3601 4149 1
3696 2502 1
3696 4279 1
2542 2438 1
2945 750 1
1743 874 1
4370 3734 1
1068 1832 1
3669 3996 1
2617 1648 1
3437 3014 1
2953 3906 1
4231 4048 1
846 1073 1
3993 258 1
2639 801 1
3809 548 1
331 1414 1
3865 2207 1
2323 372 1
1986 1069 1
532 2937 1
3115 201 1
3830 2322 1
2018 3588 1
1175 3308 1
864 1527 1
2046 1844 1
1471 4417 1
1115 3810 1
6 2311 1
2268 4175 1
3300 2041 1
3434 4023 1
3855 1926 1
1857 1200 1
4393 1438 1
1181 3674 1
816 113 1
3270 3271 1
1807 1554 1
1807 2223 1
4497 2210 1
296 2141 1
1873 1677 1
287 4272 1
4214 3339 1
1602 467 1
3403 2267 1
2793 226 1
1751 696 1
2902 1011 1
4282 2808 1
2006 3355 1
340 2227 1
3326 3438 1
1728 3067 1
4043 2480 1
1714 3873 1
4250 3267 1
2691 1678 1
2516 3532 1
915 3661 1
3599 2608 1
2913 1124 1
1254 3812 1
1809 3150 1
808 3418 1
2184 4468 1
1436 4241 1
1528 4285 1
127 3088 1
641 4069 1
1975 3453 1
2162 3972 1
2944 797 1
231 1722 1
3904 2960 1
1589 2573 1
831 1923 1
2640 2256 1
2695 7 1
3037 381 1
3220 3286 1
613 1365 1
3841 1470 1
1390 3382 1
1797 1998 1
376 3758 1
1075 562 1
2285 1859 1
1484 1119 1
2429 614 1
1418 4014 1
738 3404 1
3472 1174 1
2976 552 1
3431 3340 1
4016 776 1
3585 1531 1
697 974 1
2909 348 1
2393 3410 1
2552 3410 1
3369 297 1
2775 3639 1
2749 2967 1
2884 1428 1
3488 2547 1
722 3462 1
4075 630 1
2503 345 1
3742 222 1
2540 222 1
332 3791 1
3920 2459 1
4166 893 1
2409 2407 1
896 3303 1
2672 2570 1
3974 2441 1
1652 1238 1
3133 883 1
1360 3057 1
