471 693 1
1231 995 1
1005 1619 1
694 481 1
661 280 1
1102 927 1
390 587 1
1348 249 1
413 984 1
258 540 1
819 875 1
77 275 1
510 464 1
1109 251 1
908 465 1
1277 1196 1
1277 1183 1
1260 967 1
1260 82 1
1260 938 1
1096 393 1
577 1156 1
1002 869 1
1002 893 1
1002 1380 1
291 1081 1
650 546 1
650 1071 1
1039 44 1
1039 121 1
1039 1125 1
1039 248 1
1039 1644 1
1039 878 1
1039 177 1
1039 1226 1
1039 473 1
1039 255 1
1039 1280 1
1039 1423 1
1039 758 1
472 1069 1
1023 65 1
1023 1207 1
1023 1049 1
303 106 1
303 868 1
1526 50 1
635 1219 1
635 651 1
635 1356 1
1441 486 1
1441 815 1
1441 584 1
1441 969 1
1441 197 1
1441 1392 1
1441 605 1
1441 795 1
1441 148 1
1441 1420 1
1441 947 1
1441 1451 1
1441 1206 1
1441 1545 1
1441 331 1
1441 88 1
1441 991 1
1112 817 1
1112 495 1
1112 1151 1
1108 1058 1
1108 1446 1
71 416 1
1119 543 1
1471 589 1
1471 787 1
1471 1284 1
1479 1484 1
1479 773 1
1479 1610 1
1479 1030 1
1479 827 1
1479 1141 1
1479 1523 1
1479 1190 1
1142 631 1
1555 59 1
1555 675 1
1555 332 1
1555 448 1
1555 1153 1
1555 699 1
1555 790 1
1555 1346 1
1588 677 1
1025 180 1
1290 1431 1
731 55 1
1209 1048 1
221 16 1
1528 474 1
444 1052 1
444 1589 1
417 788 1
348 702 1
789 1491 1
789 637 1
653 1462 1
653 1425 1
476 1368 1
1611 206 1
1611 208 1
1611 1376 1
1611 1059 1
1293 1408 1
1293 328 1
681 1567 1
1099 222 1
441 1417 1
356 1001 1
1288 654 1
753 1105 1
744 960 1
897 277 1
1462 853 1
1462 193 1
1462 1540 1
1462 1017 1
1462 880 1
1462 978 1
436 1328 1
436 1577 1
436 1332 1
436 518 1
436 12 1
436 1179 1
1100 1334 1
1078 655 1
1078 13 1
461 386 1
955 268 1
955 111 1
955 496 1
955 319 1
58 1228 1
1399 253 1
1399 152 1
1301 1518 1
1301 594 1
1301 1541 1
1363 963 1
1363 1115 1
1363 316 1
1363 891 1
1073 174 1
727 1200 1
815 590 1
209 695 1
493 1381 1
625 188 1
625 270 1
625 15 1
625 102 1
625 892 1
625 343 1
625 544 1
625 696 1
625 326 1
625 246 1
663 1377 1
663 1289 1
663 1506 1
663 414 1
663 391 1
663 1639 1
663 1086 1
663 1035 1
663 1529 1
663 81 1
609 1101 1
1016 1234 1
1016 114 1
370 107 1
915 1097 1
130 673 1
1043 733 1
1501 1315 1
1501 761 1
1501 56 1
1501 1499 1
1501 1276 1
1501 865 1
1501 848 1
1501 1439 1
1501 323 1
1501 1148 1
1501 836 1
1501 157 1
1501 98 1
113 101 1
1215 740 1
1113 1383 1
712 580 1
712 241 1
1631 588 1
443 1524 1
1468 1498 1
1123 723 1
1514 8 1
1514 1326 1
1514 9 1
933 842 1
933 720 1
351 1497 1
1418 143 1
1418 372 1
1340 125 1
156 1138 1
555 434 1
555 68 1
51 1426 1
872 642 1
523 578 1
717 1522 1
717 1379 1
717 1242 1
717 1310 1
717 1452 1
717 1404 1
1416 1343 1
1416 755 1
1416 754 1
1053 895 1
1034 1531 1
1052 408 1
1052 423 1
1201 278 1
931 320 1
468 116 1
468 652 1
231 463 1
231 519 1
397 385 1
163 774 1
163 1460 1
163 515 1
904 1574 1
904 1625 1
1559 606 1
1256 1297 1
1256 279 1
913 282 1
583 1546 1
583 1006 1
1336 581 1
745 462 1
745 1341 1
745 412 1
831 569 1
1504 844 1
1504 914 1
67 57 1
1480 854 1
1615 135 1
1615 1054 1
1227 1197 1
1358 10 1
882 318 1
1104 330 1
1241 1600 1
1381 1010 1
1381 430 1
1381 1542 1
1381 214 1
300 1573 1
611 66 1
585 207 1
1521 714 1
384 1045 1
1273 345 1
110 1339 1
1453 997 1
1453 1375 1
1387 84 1
1387 236 1
1387 1265 1
1387 115 1
652 596 1
652 1129 1
652 992 1
652 1074 1
652 1230 1
652 415 1
777 697 1
440 981 1
516 1337 1
516 975 1
164 749 1
1604 1056 1
643 1642 1
1342 1624 1
1342 932 1
1342 1170 1
1139 158 1
1139 1283 1
1077 381 1
502 899 1
281 816 1
1166 211 1
1166 1253 1
1122 1635 1
1516 786 1
1516 23 1
1516 222 1
1516 1401 1
1516 85 1
775 861 1
775 565 1
319 427 1
319 1440 1
319 273 1
319 1009 1
133 1433 1
21 1072 1
399 1623 1
399 361 1
572 860 1
1281 358 1
633 354 1
633 977 1
633 826 1
633 898 1
1210 1633 1
1272 1447 1
1272 293 1
1272 726 1
257 1372 1
1490 909 1
763 189 1
763 492 1
763 1287 1
763 1454 1
763 852 1
1589 1314 1
1589 1560 1
1589 792 1
1589 1537 1
267 813 1
966 1016 1
787 435 1
286 364 1
286 1260 1
286 1264 1
286 941 1
264 1121 1
617 1136 1
617 862 1
617 547 1
562 1329 1
562 27 1
452 439 1
509 1630 1
31 225 1
31 1369 1
832 1347 1
1645 837 1
1561 1609 1
1561 1369 1
245 968 1
1024 822 1
1024 1406 1
1024 1587 1
1024 296 1
1024 233 1
1024 624 1
618 965 1
99 900 1
169 151 1
196 1191 1
196 1254 1
1351 1244 1
1351 308 1
68 1594 1
1312 835 1
182 610 1
182 1235 1
703 658 1
703 367 1
703 299 1
292 306 1
292 394 1
1003 866 1
179 103 1
359 874 1
1130 542 1
571 470 1
1014 451 1
96 213 1
96 1637 1
570 22 1
979 951 1
161 632 1
833 185 1
1194 1247 1
369 1565 1
141 404 1
141 294 1
141 563 1
141 930 1
141 459 1
141 1050 1
1616 1000 1
944 971 1
205 881 1
988 482 1
988 373 1
988 18 1
988 338 1
988 925 1
1156 274 1
1156 1626 1
685 458 1
685 917 1
999 901 1
999 17 1
999 974 1
999 732 1
999 964 1
999 64 1
1552 1647 1
1552 235 1
1552 707 1
1552 1412 1
1602 1503 1
42 1223 1
42 3 1
42 1550 1
42 885 1
1027 1611 1
1027 1325 1
1027 1208 1
1027 475 1
229 530 1
229 750 1
229 168 1
229 1154 1
229 715 1
229 1585 1
229 1302 1
229 92 1
229 552 1
229 907 1
442 453 1
442 1188 1
442 801 1
442 488 1
442 751 1
442 78 1
442 1145 1
442 785 1
442 1198 1
442 402 1
442 126 1
442 1173 1
210 117 1
1586 1558 1
767 201 1
154 776 1
203 1116 1
1245 856 1
1245 1152 1
692 830 1
1070 636 1
688 905 1
1214 1584 1
593 503 1
1450 1465 1
1450 284 1
1450 1622 1
1450 450 1
1019 1127 1
1019 704 1
1019 771 1
972 889 1
575 1158 1
683 860 1
683 839 1
921 445 1
1211 599 1
1211 1298 1
818 612 1
511 1270 1
1393 1295 1
1007 923 1
455 1395 1
1174 1240 1
1492 335 1
1492 1263 1
1492 501 1
666 1160 1
666 1321 1
666 1195 1
666 994 1
28 634 1
28 1520 1
28 564 1
28 247 1
28 1042 1
662 573 1
1063 1112 1
1063 663 1
1063 1351 1
1063 368 1
1063 204 1
1063 1128 1
1063 838 1
736 703 1
664 648 1
894 1029 1
1473 478 1
237 1092 1
574 61 1
549 867 1
549 39 1
549 337 1
1396 1061 1
254 882 1
254 1474 1
748 1285 1
748 943 1
1147 1243 1
1147 1640 1
1472 1410 1
1472 454 1
1472 1370 1
199 821 1
199 73 1
1533 1629 1
1533 533 1
628 935 1
628 532 1
628 649 1
628 283 1
628 1360 1
1566 1248 1
1566 350 1
1574 1456 1
33 1327 1
33 327 1
33 1536 1
122 697 1
1507 489 1
851 341 1
1458 198 1
1458 1391 1
1458 301 1
1458 173 1
1458 896 1
724 741 1
94 985 1
94 1282 1
94 1224 1
94 1143 1
94 490 1
94 352 1
94 1024 1
94 317 1
94 119 1
94 43 1
94 1532 1
94 72 1
94 1132 1
94 919 1
94 743 1
94 1033 1
94 1238 1
94 644 1
94 1591 1
94 778 1
338 1428 1
338 725 1
338 627 1
1138 11 1
1138 1311 1
1138 926 1
1138 550 1
1138 1437 1
1138 438 1
1138 137 1
1138 1103 1
1138 271 1
1138 230 1
1353 922 1
1436 870 1
295 1015 1
1141 333 1
1208 958 1
396 838 1
722 340 1
722 288 1
680 883 1
680 1262 1
1267 137 1
171 811 1
406 221 1
406 1501 1
406 226 1
406 184 1
1037 196 1
421 1304 1
986 918 1
986 1508 1
362 536 1
1489 528 1
1041 1608 1
1041 768 1
1041 1083 1
1041 183 1
1041 1046 1
118 1186 1
24 210 1
1569 138 1
1569 520 1
1146 1251 1
175 769 1
143 1172 1
143 561 1
1486 1237 1
956 1279 1
956 1598 1
956 1605 1
956 1581 1
956 1216 1
956 920 1
956 845 1
956 576 1
956 1424 1
646 1443 1
855 1477 1
541 431 1
541 60 1
204 1373 1
204 505 1
202 521 1
940 613 1
148 1495 1
591 339 1
989 660 1
615 1445 1
766 598 1
766 167 1
766 1509 1
766 20 1
766 1641 1
162 89 1
162 1278 1
162 579 1
162 1349 1
162 953 1
1481 153 1
400 1023 1
400 436 1
400 1398 1
400 479 1
400 652 1
400 322 1
400 1098 1
400 315 1
1643 1551 1
307 105 1
566 1286 1
798 1444 1
947 1448 1
742 1510 1
1483 945 1
1094 487 1
1049 1511 1
1049 190 1
1049 212 1
794 36 1
1397 973 1
1397 1026 1
1451 377 1
1451 765 1
1451 601 1
1225 42 1
723 1246 1
723 682 1
723 401 1
723 1632 1
355 1405 1
112 1164 1
112 120 1
112 1008 1
112 962 1
112 847 1
112 558 1
112 770 1
1184 1387 1
1184 442 1
1184 538 1
1184 94 1
1184 1202 1
1614 1085 1
139 645 1
1435 30 1
1435 28 1
1435 1041 1
1435 162 1
1435 656 1
1435 1500 1
1435 1357 1
1435 1259 1
104 100 1
814 1308 1
622 187 1
1065 1313 1
1612 449 1
1291 600 1
1149 90 1
802 1601 1
802 950 1
802 1438 1
802 425 1
802 863 1
802 1427 1
802 219 1
802 242 1
802 127 1
1269 1578 1
1269 422 1
1269 1365 1
1269 928 1
1269 846 1
1269 1275 1
1269 1485 1
513 76 1
513 1575 1
1087 265 1
1564 1229 1
55 1167 1
55 1177 1
55 1333 1
55 877 1
55 1459 1
55 1455 1
424 69 1
329 429 1
329 7 1
679 639 1
1168 1461 1
1028 1351 1
347 582 1
347 123 1
782 46 1
734 1199 1
734 665 1
734 186 1
734 1165 1
734 1163 1
170 1415 1
170 888 1
170 1204 1
170 1636 1
1106 828 1
1106 1089 1
893 684 1
1554 1185 1
1554 1193 1
80 45 1
215 1221 1
226 1562 1
226 1535 1
226 1261 1
226 447 1
226 873 1
226 629 1
226 456 1
226 640 1
226 1274 1
226 1124 1
996 1257 1
996 75 1
1250 216 1
689 982 1
1369 686 1
1369 757 1
1369 1494 1
718 1539 1
47 1323 1
1120 223 1
1364 1409 1
1364 1344 1
621 809 1
1033 886 1
576 1057 1
576 48 1
576 195 1
576 276 1
576 1140 1
576 948 1
379 1355 1
1352 1441 1
1352 857 1
1352 1458 1
1352 148 1
1352 1206 1
1352 936 1
701 1021 1
311 1538 1
1583 1252 1
1126 432 1
1412 321 1
1590 1266 1
556 1482 1
63 1095 1
371 1301 1
371 764 1
371 145 1
134 191 1
134 420 1
134 1628 1
134 419 1
729 1434 1
729 796 1
380 1306 1
647 159 1
647 1107 1
340 687 1
340 738 1
340 1413 1
340 879 1
340 4 1
340 1012 1
340 1386 1
217 1292 1
217 864 1
217 342 1
217 760 1
603 910 1
603 1062 1
603 1249 1
39 708 1
626 374 1
256 146 1
6 1394 1
26 395 1
983 232 1
983 304 1
983 220 1
1082 278 1
806 19 1
806 1362 1
806 469 1
806 676 1
806 171 1
806 363 1
806 1366 1
806 178 1
806 1239 1
806 804 1
806 506 1
1150 902 1
1202 690 1
1202 144 1
53 1055 1
53 1493 1
1294 160 1
1294 74 1
1294 365 1
829 1367 1
1469 834 1
1181 508 1
357 460 1
259 582 1
49 1603 1
739 1582 1
366 309 1
366 108 1
987 819 1
987 383 1
987 1419 1
987 667 1
987 375 1
1385 602 1
1178 407 1
1548 1178 1
1380 1563 1
1380 957 1
498 1222 1
378 481 1
1534 239 1
1534 302 1
344 823 1
946 1371 1
1133 228 1
446 334 1
446 1359 1
446 1646 1
1128 1476 1
1128 1407 1
1128 871 1
1128 970 1
219 1627 1
219 350 1
219 524 1
219 849 1
1309 1038 1
1309 850 1
526 1236 1
526 705 1
1110 808 1
884 650 1
500 260 1
500 1496 1
1134 1088 1
1134 134 1
1134 1020 1
1449 466 1
755 1442 1
807 619 1
262 1345 1
262 1338 1
700 1571 1
668 780 1
62 388 1
1175 803 1
1175 172 1
1515 527 1
131 150 1
1331 719 1
1331 1512 1
132 433 1
1064 713 1
567 485 1
1375 29 1
1375 297 1
1375 1505 1
1375 711 1
512 737 1
437 1621 1
517 858 1
1371 554 1
1371 620 1
1371 525 1
360 269 1
1180 128 1
1429 890 1
1429 766 1
1429 959 1
1580 1075 1
1500 1617 1
1500 244 1
1500 825 1
1500 507 1
1500 41 1
616 529 1
813 1382 1
813 1599 1
813 1553 1
799 1517 1
1118 641 1
1284 1203 1
1004 1576 1
1155 1543 1
1452 52 1
1452 709 1
1452 730 1
1452 916 1
1402 95 1
534 1319 1
1488 428 1
1488 1618 1
1457 1363 1
1457 806 1
1217 1039 1
184 1068 1
184 1556 1
184 1176 1
184 346 1
184 1403 1
184 1557 1
184 924 1
184 1090 1
184 1305 1
184 155 1
184 545 1
184 608 1
184 1192 1
184 312 1
184 1213 1
670 418 1
313 499 1
313 410 1
176 1502 1
176 1144 1
176 70 1
176 604 1
176 906 1
176 779 1
176 553 1
61 1022 1
61 1271 1
61 1606 1
61 403 1
375 810 1
375 1470 1
375 752 1
375 484 1
638 1354 1
812 91 1
1081 1135 1
1081 1316 1
1081 1350 1
1081 1187 1
793 32 1
181 824 1
128 238 1
382 1031 1
1320 1040 1
1478 597 1
504 1047 1
784 40 1
784 843 1
784 5 1
784 426 1
925 522 1
925 1525 1
925 1080 1
925 716 1
925 1430 1
925 586 1
925 1317 1
674 149 1
1015 224 1
266 1255 1
266 531 1
266 1318 1
266 691 1
1414 1388 1
669 289 1
669 1635 1
669 1011 1
669 537 1
669 477 1
669 234 1
669 491 1
669 1411 1
669 983 1
669 949 1
669 252 1
314 392 1
314 353 1
314 1162 1
314 617 1
314 1131 1
314 735 1
314 261 1
314 266 1
678 1638 1
288 25 1
288 630 1
1258 387 1
142 800 1
1039 876 1
1039 194 1
1039 218 1
1023 721 1
1441 952 1
1441 324 1
221 1 1
221 1300 1
1611 659 1
1301 136 1
1301 551 1
1363 607 1
625 1114 1
663 1051 1
663 87 1
663 1084 1
663 263 1
663 1060 1
1501 1159 1
882 859 1
1381 93 1
617 1597 1
1024 887 1
196 559 1
1351 14 1
1351 1634 1
703 1335 1
1552 911 1
1552 38 1
1458 961 1
94 1324 1
94 657 1
94 1182 1
94 976 1
94 990 1
1138 1547 1
1208 1303 1
1041 129 1
766 671 1
162 772 1
162 1093 1
920 747 1
226 305 1
576 34 1
39 929 1
806 298 1
1128 746 1
184 147 1
184 79 1
61 1171 1
375 710 1
375 166 1
925 1220 1
669 1066 1
669 1463 1
669 336 1
288 1233 1
1530 243 1
1400 1519 1
805 287 1
1593 557 1
97 83 1
97 1513 1
1527 1552 1
1527 1432 1
1592 802 1
1592 669 1
1189 494 1
1137 240 1
1137 980 1
1137 386 1
548 535 1
548 1568 1
548 560 1
592 1013 1
349 1371 1
1268 1365 1
783 376 1
934 919 1
934 614 1
109 1330 1
285 1154 1
285 480 1
1111 1421 1
1157 165 1
1079 1487 1
250 702 1
756 942 1
1572 797 1
1572 2 1
1572 762 1
1572 1570 1
140 1117 1
672 820 1
483 625 1
539 939 1
1620 92 1
1464 1467 1
1596 665 1
290 383 1
1044 841 1
1205 583 1
1296 1018 1
1232 639 1
389 1378 1
759 623 1
227 1584 1
568 33 1
398 1475 1
1422 998 1
1299 1091 1
514 781 1
954 582 1
1307 1279 1
1322 803 1
1036 474 1
192 1019 1
1389 467 1
35 325 1
272 497 1
1067 791 1
1374 541 1
937 1613 1
840 1556 1
1384 411 1
310 947 1
1549 457 1
1579 1161 1
1361 54 1
595 1595 1
698 459 1
1390 839 1
124 1076 1
728 1544 1
1169 903 1
993 1607 1
1466 1218 1
86 1212 1
706 1490 1
405 912 1
409 200 1
1032 37 1
