8433 5614 1
8433 2721 1
8433 3632 1
8433 1826 1
8433 1088 1
8433 770 1
8433 8655 1
9877 6438 1
9877 4998 1
7847 6292 1
8002 1311 1
258 6816 1
258 4700 1
7152 4574 1
7152 6893 1
7152 1707 1
5424 4970 1
5424 3726 1
5424 843 1
5424 6293 1
5424 2203 1
9149 6576 1
9149 8521 1
9149 9614 1
9149 4414 1
9149 7945 1
9149 3367 1
9149 3399 1
9149 9822 1
9149 276 1
9149 8089 1
9149 1974 1
9149 5548 1
9149 2212 1
9149 5289 1
9149 2831 1
9149 6594 1
9149 9903 1
4750 5921 1
1516 6205 1
1516 8660 1
1516 2154 1
1516 2987 1
1516 2298 1
7099 2112 1
7099 477 1
7099 2218 1
4389 5796 1
9074 5516 1
2358 9727 1
2358 9862 1
2358 4232 1
8847 2161 1
8847 6812 1
8847 7506 1
8847 3080 1
8847 9222 1
9298 2382 1
9298 8115 1
7271 6086 1
7271 8575 1
7271 3152 1
7271 8571 1
7271 169 1
7271 1319 1
7271 8475 1
7271 3563 1
7271 7669 1
810 2276 1
810 7051 1
7937 1073 1
7937 4884 1
1365 7628 1
1365 8667 1
1365 8975 1
1365 4199 1
1365 8491 1
1365 9793 1
1365 9031 1
1365 7626 1
1365 7901 1
1365 763 1
1365 8104 1
1365 9028 1
1365 8685 1
1365 9151 1
1365 7006 1
1365 667 1
1365 2013 1
1365 8740 1
6807 3150 1
1437 4908 1
1437 310 1
1437 1742 1
9854 5935 1
4703 7526 1
4579 4189 1
3013 2769 1
1668 1104 1
1105 8211 1
1105 5240 1
3992 7122 1
1560 2915 1
8745 3206 1
2000 603 1
2000 6583 1
2000 2552 1
2000 147 1
5842 8805 1
5842 9420 1
2137 4412 1
6741 3731 1
6741 7051 1
9640 7501 1
9640 4606 1
2398 6109 1
2398 8944 1
2398 7824 1
2954 8708 1
2954 3427 1
2954 6851 1
8913 749 1
8913 8158 1
8913 5295 1
6552 5891 1
2871 5423 1
9129 8563 1
5912 7517 1
7608 7834 1
7608 1717 1
2264 9838 1
2264 3961 1
2264 3747 1
2264 2239 1
2264 7765 1
2264 1767 1
2264 6554 1
2264 7345 1
2264 1041 1
7285 9856 1
6662 7025 1
6662 7267 1
6662 7535 1
6662 9699 1
6575 2501 1
3117 4177 1
3117 762 1
3117 4349 1
5384 9809 1
2750 4146 1
2750 896 1
2750 7789 1
3089 3727 1
3089 5146 1
3089 7084 1
3089 4622 1
3089 7472 1
3089 9619 1
3089 1930 1
8945 6172 1
8945 5977 1
8654 3191 1
8654 8802 1
8654 2870 1
5517 3970 1
9555 8392 1
9555 7550 1
323 7769 1
323 9886 1
323 6487 1
2667 6224 1
2667 4353 1
7104 7253 1
8900 2031 1
6892 2368 1
6892 5902 1
6696 6165 1
6696 6580 1
6696 1449 1
3369 5559 1
3369 7874 1
3369 1730 1
3369 2949 1
5810 5959 1
5810 6798 1
5810 4966 1
5810 9671 1
5810 7321 1
7883 7741 1
6406 3147 1
6406 4090 1
6406 848 1
4382 2842 1
4382 109 1
4382 3270 1
4382 2356 1
3772 8259 1
3772 8495 1
3860 6221 1
3860 4212 1
3310 4645 1
3310 1737 1
3421 3153 1
5243 1436 1
5243 821 1
5243 1893 1
5243 5557 1
5243 7299 1
6056 8155 1
2527 7675 1
9582 2329 1
4950 3158 1
4950 1205 1
4950 897 1
4950 2825 1
4950 607 1
4950 5094 1
4950 8452 1
4950 218 1
9813 2963 1
8492 5978 1
1532 1601 1
7265 5222 1
7265 8199 1
7265 3822 1
7265 7118 1
7265 3965 1
7265 6780 1
7265 2559 1
7265 8875 1
7265 123 1
7044 8000 1
2749 4634 1
494 7597 1
7195 8723 1
6086 4588 1
8758 8671 1
8758 8054 1
4323 7933 1
4323 9376 1
4323 3555 1
4323 9194 1
4323 3670 1
4323 474 1
4323 3645 1
4323 1579 1
4323 8093 1
4323 6995 1
4323 3156 1
7817 9174 1
1798 7537 1
1798 117 1
1798 7839 1
1798 1457 1
482 6276 1
5686 4180 1
5686 1475 1
5686 509 1
4793 4399 1
4793 7632 1
4793 8011 1
1868 7552 1
7128 2430 1
2844 6804 1
2387 7665 1
1179 9692 1
1179 4441 1
8321 5564 1
8321 527 1
8321 5065 1
8321 2407 1
8321 5057 1
8321 8095 1
8321 8693 1
8321 8181 1
8321 4186 1
8321 1087 1
8321 3172 1
8321 3584 1
8321 495 1
7114 7793 1
381 6906 1
8839 3779 1
3222 8565 1
6191 4331 1
8699 3545 1
8699 7625 1
4641 3310 1
4641 4730 1
4641 870 1
4641 9586 1
4641 5708 1
4641 8470 1
4641 574 1
4641 3390 1
4641 1723 1
4641 510 1
4641 8873 1
4641 708 1
8060 5198 1
6368 9285 1
6368 6938 1
8522 4648 1
2342 3316 1
761 5082 1
8579 6376 1
8579 1182 1
8579 1506 1
8579 645 1
524 3923 1
933 6667 1
933 7054 1
933 5930 1
933 6349 1
933 3883 1
933 4197 1
933 6042 1
5958 5123 1
4987 2860 1
4895 6120 1
4895 6507 1
4895 8578 1
4895 9898 1
2052 6738 1
2052 1494 1
2052 2595 1
2052 3282 1
8575 4995 1
8575 9622 1
8575 2320 1
1561 7479 1
6380 4168 1
6380 4135 1
6380 9733 1
6380 6431 1
6380 787 1
6380 7635 1
6380 3467 1
6380 3049 1
6380 6287 1
9492 6000 1
9492 7115 1
1277 906 1
6167 1291 1
2100 5274 1
8076 4591 1
8076 5001 1
8076 5003 1
8076 6908 1
8076 1268 1
8076 9570 1
2023 5105 1
2023 6829 1
2023 8439 1
2023 4992 1
5654 4286 1
5654 3160 1
5654 8551 1
5654 3335 1
3692 7325 1
8918 2517 1
8918 5549 1
8918 7207 1
8918 8702 1
8918 7884 1
8918 9290 1
8918 4561 1
8918 8952 1
7162 9104 1
451 4750 1
451 2872 1
4730 5574 1
4730 4364 1
6729 9106 1
6729 9181 1
6729 3097 1
486 1140 1
8910 6859 1
8910 3647 1
8910 2843 1
8910 4191 1
8910 892 1
8910 6830 1
614 4817 1
614 7947 1
614 8620 1
3462 8199 1
3462 5723 1
3462 1796 1
3462 7082 1
3462 3212 1
3462 4780 1
3462 3821 1
3462 9124 1
1017 2308 1
1017 8770 1
1017 5281 1
1017 3517 1
1017 4967 1
1017 2780 1
1017 1685 1
8254 6304 1
8254 5093 1
8254 4069 1
8254 4203 1
8120 4 1
1332 91 1
3839 8114 1
904 5747 1
9647 3355 1
1034 6620 1
3953 4572 1
4277 8993 1
4277 4582 1
6513 2622 1
7531 6370 1
7531 2489 1
3656 933 1
3656 104 1
3656 5608 1
6679 2927 1
6587 4304 1
6587 2947 1
6587 5934 1
6587 30 1
6587 4568 1
6587 5896 1
6587 768 1
6587 7931 1
6245 3451 1
6245 8960 1
6245 1420 1
6245 8028 1
6245 6097 1
6245 3978 1
6245 3379 1
6245 1324 1
6245 1943 1
6245 9185 1
6245 8696 1
6245 3154 1
6245 7750 1
6245 8221 1
6245 9842 1
3289 5160 1
3289 1024 1
3289 2953 1
3289 1626 1
3289 7906 1
3289 9945 1
3289 8353 1
3289 5886 1
3289 6269 1
5044 5167 1
8817 2289 1
8817 8134 1
8817 6298 1
8817 4653 1
5698 1150 1
721 733 1
721 9684 1
721 8765 1
721 7348 1
721 8778 1
721 4799 1
4189 3770 1
4189 1911 1
4189 9546 1
4189 9272 1
4189 9764 1
4189 3154 1
4189 7481 1
4170 1706 1
4170 100 1
9739 3031 1
9739 4809 1
5901 4867 1
5901 4341 1
5901 9763 1
5901 6469 1
5901 7668 1
1881 33 1
1881 6909 1
9744 8038 1
9744 5948 1
9744 6742 1
9744 6388 1
9744 1759 1
9744 7203 1
9744 5066 1
9744 383 1
9744 2917 1
7638 2454 1
7638 8907 1
7638 7544 1
7638 4517 1
7638 3267 1
7638 5783 1
1494 7892 1
7524 2024 1
7524 7601 1
3648 6590 1
3648 2987 1
3648 8516 1
1955 6913 1
2873 2960 1
2873 6012 1
5392 7533 1
8325 2353 1
8325 1940 1
8325 6430 1
8325 4727 1
8325 1592 1
8325 1580 1
8325 1061 1
8325 6127 1
8325 300 1
8325 7222 1
1774 4424 1
5461 5026 1
6886 7043 1
6886 720 1
996 6153 1
996 1575 1
996 6959 1
996 337 1
5581 6593 1
5581 4610 1
9286 1337 1
4699 8240 1
4699 5774 1
4699 7370 1
4699 5027 1
4699 4988 1
4699 7948 1
4699 1996 1
4699 9587 1
7187 7435 1
870 2200 1
870 8457 1
870 8969 1
870 1830 1
870 6228 1
870 4897 1
870 9289 1
3392 504 1
3392 3432 1
7687 4373 1
7687 8710 1
7859 6834 1
8233 5831 1
9588 4288 1
7400 4742 1
7400 7228 1
7400 5513 1
7400 570 1
7400 8534 1
7400 8481 1
7400 3510 1
7400 8729 1
7400 1949 1
1113 6267 1
1113 8311 1
1113 8203 1
1113 1473 1
1113 5542 1
1113 891 1
1113 9486 1
5661 8618 1
9790 3927 1
9790 9660 1
9790 4396 1
9790 5599 1
5279 8006 1
5619 7745 1
5619 3365 1
4156 5064 1
4156 1206 1
4156 922 1
4156 9367 1
8369 88 1
8369 3632 1
8369 1564 1
7838 1855 1
7838 3004 1
7838 7570 1
7838 5828 1
7838 1492 1
7838 7204 1
7838 213 1
7838 7108 1
4766 6529 1
8456 2250 1
8456 8261 1
8456 253 1
8456 3259 1
8456 5374 1
8456 2855 1
8456 6418 1
8456 2238 1
8456 9263 1
4776 2309 1
4028 7527 1
4028 2285 1
8842 3461 1
1357 2966 1
8871 3047 1
8871 9069 1
8871 3116 1
8871 5626 1
3372 5527 1
9770 5251 1
1156 7649 1
1156 9735 1
1156 7359 1
1156 2123 1
1156 5691 1
1156 8379 1
7728 3009 1
2763 9947 1
2763 6132 1
2763 1902 1
2763 8644 1
2763 7239 1
2763 8053 1
6117 1984 1
6117 5357 1
9020 7280 1
4878 7114 1
9685 375 1
7199 5201 1
8987 8391 1
8987 8378 1
8987 7368 1
4198 6241 1
4198 6885 1
4198 5829 1
4198 6040 1
4198 5508 1
4198 8888 1
4198 1963 1
4198 5124 1
4198 6643 1
4198 2444 1
2953 6623 1
6697 2281 1
6697 3683 1
6697 139 1
6697 8728 1
5866 2910 1
5866 8800 1
5866 7078 1
5866 812 1
5866 6485 1
5866 8688 1
5866 2205 1
7903 5859 1
1554 6368 1
1554 2628 1
1554 8733 1
1554 843 1
1554 7240 1
1554 2631 1
2388 4363 1
2388 4449 1
7806 8586 1
9024 4580 1
9024 1197 1
9024 2433 1
9024 3472 1
9024 4415 1
1468 2698 1
7282 7157 1
1288 1323 1
8386 2240 1
9280 9390 1
9280 5135 1
9280 7354 1
9280 2807 1
9280 4490 1
9280 9317 1
957 4552 1
7011 2520 1
7011 9704 1
7011 3861 1
7011 5388 1
8422 8050 1
8422 6416 1
8422 8417 1
4020 8491 1
7831 1482 1
7831 3093 1
8494 50 1
4141 8422 1
8701 1106 1
8701 9593 1
1127 5073 1
3122 1672 1
4201 4345 1
4201 5629 1
6955 4863 1
5736 8388 1
5736 2592 1
5736 2840 1
5736 8455 1
3987 8103 1
7844 4950 1
252 4266 1
4316 7419 1
7223 4470 1
7223 8414 1
7223 5068 1
7223 5716 1
7223 8844 1
4324 6538 1
4324 8580 1
4324 4218 1
4324 647 1
4324 2701 1
4324 7869 1
4324 1431 1
4324 6135 1
4324 7896 1
4324 5832 1
4324 5825 1
4324 4371 1
757 5358 1
757 1119 1
757 6634 1
757 2378 1
757 6232 1
7526 3141 1
7526 3183 1
7526 6019 1
907 6682 1
907 722 1
907 5827 1
907 7190 1
907 4845 1
1378 3940 1
129 8447 1
9178 734 1
9178 6518 1
4011 5622 1
4011 7163 1
5122 1599 1
529 3902 1
3988 254 1
3988 6746 1
3988 8098 1
3988 5037 1
3988 2603 1
3988 2374 1
3988 4633 1
3988 3203 1
3988 6332 1
3988 9554 1
3988 166 1
3988 79 1
3988 1129 1
3988 9392 1
7134 4728 1
3106 31 1
4460 8121 1
4460 5421 1
4460 1186 1
4460 3269 1
4460 4829 1
4460 2413 1
4460 9339 1
4460 7953 1
4460 5717 1
4460 1525 1
4460 911 1
4460 4933 1
4460 6618 1
4460 9508 1
4460 5116 1
4460 1896 1
2720 8691 1
2720 3505 1
2720 6641 1
2720 3391 1
8418 4382 1
8418 6695 1
9252 810 1
9252 8568 1
9252 7957 1
1904 6261 1
1904 5033 1
1904 8182 1
2136 5321 1
2136 2049 1
2136 6306 1
2136 5282 1
2136 6131 1
8523 551 1
8523 392 1
8523 9880 1
8523 9042 1
8523 9728 1
8523 1993 1
8523 3028 1
8523 2847 1
8523 1715 1
8523 3317 1
8523 925 1
8523 3778 1
8523 7068 1
8523 2879 1
8523 4769 1
8523 7069 1
8523 5316 1
8523 9922 1
8523 469 1
8523 4343 1
8523 11 1
8523 7882 1
8523 5430 1
8523 12 1
8523 5953 1
8523 5203 1
8523 9443 1
8523 3739 1
8523 4070 1
8523 2440 1
8523 2379 1
3955 1012 1
3955 2546 1
3955 1011 1
982 1281 1
6356 341 1
3932 528 1
3932 6757 1
3932 2651 1
3932 5988 1
3932 8681 1
3932 7096 1
3932 3504 1
3932 8096 1
3932 4147 1
3932 7167 1
3932 4760 1
3932 5975 1
3932 8357 1
3932 3304 1
3932 465 1
3932 1231 1
3932 2665 1
7630 3009 1
7630 6412 1
7630 5926 1
8934 5879 1
8934 1302 1
7682 4820 1
5048 7059 1
1513 7769 1
5997 4528 1
5997 9119 1
5997 8878 1
5997 3239 1
5997 7144 1
5997 3030 1
2955 4501 1
9305 4252 1
9320 3140 1
9320 6572 1
9320 2165 1
9320 2113 1
7695 4387 1
2606 7106 1
2606 4869 1
2606 416 1
8389 7947 1
3913 2627 1
4056 5641 1
8524 9533 1
1635 882 1
1216 9635 1
1216 5594 1
7158 7518 1
7158 1836 1
8168 315 1
3454 6124 1
771 4747 1
771 6856 1
771 7122 1
771 30 1
771 6685 1
7566 8961 1
8668 1200 1
9869 8787 1
8759 6499 1
8759 3684 1
4400 9599 1
4400 5464 1
4400 9904 1
4400 6439 1
4400 6569 1
4400 5731 1
3593 5004 1
3593 4871 1
3593 6379 1
3593 7770 1
3593 3268 1
3593 9572 1
3593 4294 1
3593 1945 1
3593 4079 1
6420 4052 1
6420 9178 1
6420 3841 1
6420 3946 1
6420 8141 1
6420 4587 1
6420 2742 1
6420 7176 1
6420 339 1
6420 1563 1
6420 9631 1
6420 1175 1
6420 9010 1
6420 856 1
6420 8724 1
6420 6255 1
6420 8271 1
7159 312 1
7159 2399 1
2392 583 1
1350 3593 1
1350 5620 1
1350 6098 1
1350 4725 1
1350 9893 1
1350 8917 1
3260 3643 1
3260 1000 1
3260 2499 1
3260 1999 1
3260 346 1
3260 9787 1
3260 5775 1
3260 8349 1
3260 909 1
3260 1894 1
3260 3444 1
3260 7343 1
3260 5175 1
3260 2515 1
3260 3969 1
3260 5512 1
3260 3533 1
3260 5582 1
3260 3561 1
3260 7764 1
4116 3448 1
4116 9238 1
6541 484 1
6541 466 1
6541 7130 1
5405 4182 1
5405 7107 1
5405 6110 1
5405 3875 1
5405 6600 1
5405 2462 1
5405 1936 1
5405 6087 1
5405 7244 1
9794 9102 1
3761 1307 1
6510 3860 1
6510 702 1
6510 9852 1
6510 3659 1
6510 3312 1
6510 6732 1
6510 6312 1
6510 4876 1
6860 5166 1
6860 5795 1
6860 741 1
6860 1388 1
4880 193 1
4880 5765 1
4880 6704 1
4880 3823 1
4880 7785 1
8122 7324 1
8122 9165 1
8122 5171 1
8122 580 1
8122 6935 1
8122 131 1
8122 9212 1
7148 3598 1
7148 6919 1
2682 4060 1
2682 1474 1
2682 7322 1
2211 656 1
5881 728 1
4035 7011 1
7045 8125 1
7045 8579 1
7045 6167 1
7045 6982 1
7045 351 1
7045 7100 1
7045 3398 1
7045 6930 1
7045 295 1
7045 2766 1
7045 4005 1
7045 7605 1
7045 7619 1
7045 6855 1
7045 6755 1
7045 2180 1
7045 711 1
7045 2 1
7045 4686 1
7045 5865 1
7045 7753 1
7045 5018 1
7045 680 1
5867 4720 1
5867 6248 1
5867 284 1
5867 8694 1
5867 1520 1
5867 2334 1
5867 140 1
5867 9048 1
7649 6513 1
7649 7450 1
7649 7787 1
7649 1469 1
7649 9808 1
7649 792 1
7649 1783 1
7649 1760 1
7649 9879 1
7649 1004 1
7649 832 1
7649 4181 1
9201 2058 1
9201 3811 1
7450 9824 1
7450 9468 1
7450 8423 1
7450 7002 1
7450 9751 1
7450 6427 1
5855 7477 1
5855 125 1
5855 7013 1
5855 9036 1
5855 3566 1
5855 7101 1
5855 5812 1
5307 8978 1
7179 1045 1
7179 2001 1
7179 9099 1
7179 1682 1
4048 7548 1
4048 4273 1
4048 6125 1
4048 309 1
4048 6979 1
4048 526 1
4048 2892 1
4048 8100 1
4048 9227 1
4048 3635 1
4048 1177 1
4048 3816 1
4048 3144 1
4048 9175 1
6726 4813 1
6726 7248 1
6726 475 1
6726 1823 1
6726 4170 1
6726 9790 1
6726 4667 1
6726 9848 1
6726 5360 1
6726 2491 1
6726 6385 1
6726 441 1
6726 6664 1
6726 1827 1
6726 4980 1
6726 2589 1
6726 5029 1
6726 3482 1
4874 4548 1
4874 8156 1
4874 3815 1
3892 1219 1
3892 1184 1
3892 4686 1
9841 3224 1
9841 7404 1
9841 6337 1
9841 7969 1
9841 1710 1
9841 9163 1
9841 6225 1
424 4860 1
424 4712 1
424 4731 1
424 2793 1
424 4385 1
424 1162 1
424 3525 1
424 86 1
424 7355 1
424 4312 1
424 5860 1
424 6058 1
424 2403 1
424 8646 1
5104 8693 1
5104 5338 1
5104 1101 1
5104 4335 1
1574 3906 1
8689 5569 1
8689 8576 1
8689 9864 1
9497 4947 1
9497 5692 1
3152 2934 1
3152 8223 1
3152 9505 1
3152 2261 1
5791 5544 1
5791 4951 1
5791 6526 1
5791 1379 1
5791 3198 1
5791 7894 1
5791 539 1
1084 7502 1
1084 1888 1
2755 2946 1
2755 7153 1
2799 4339 1
2799 8174 1
2799 1948 1
2799 9518 1
2799 2693 1
2799 4442 1
2799 4907 1
2799 8636 1
2813 5571 1
6078 4076 1
6078 4291 1
6078 3930 1
6078 2933 1
6078 1107 1
6078 8246 1
873 5693 1
5278 8997 1
3071 6021 1
3071 6723 1
9586 9176 1
9586 9498 1
9586 1364 1
9586 1897 1
9586 790 1
9586 2018 1
9586 7374 1
9586 325 1
9586 2761 1
9586 9650 1
5931 1714 1
5913 2000 1
5913 3796 1
5913 1424 1
8637 1325 1
8637 4964 1
6954 4075 1
6041 8303 1
6041 6896 1
841 501 1
2939 8369 1
2939 5405 1
2939 3685 1
2939 7776 1
2939 6341 1
2939 9313 1
2939 2580 1
2939 5495 1
2939 2940 1
9721 3537 1
9721 4697 1
1172 7181 1
2351 3108 1
4125 9552 1
4125 2312 1
1003 6223 1
1003 2206 1
9361 6038 1
4249 5844 1
4249 2991 1
4249 2865 1
4249 5386 1
4249 3290 1
4249 3354 1
4249 4421 1
4249 8600 1
4249 5554 1
4249 1195 1
2083 8216 1
5031 5264 1
4977 1151 1
4977 4078 1
4977 252 1
4977 7341 1
4977 6589 1
4977 278 1
4977 9190 1
4977 3836 1
4977 4508 1
4977 202 1
4481 7621 1
4481 6675 1
4481 6951 1
4481 4881 1
4481 1386 1
4481 3888 1
4481 6960 1
4481 6214 1
4481 7778 1
4481 4435 1
4481 1201 1
4481 9925 1
4481 3895 1
4481 7276 1
4481 1125 1
4351 3302 1
5543 3314 1
5543 4355 1
5543 478 1
6946 6904 1
6927 2111 1
6927 1153 1
6927 4856 1
6927 1708 1
6927 9056 1
6927 404 1
6927 2708 1
6927 764 1
6927 394 1
9105 2844 1
9105 4230 1
9105 5763 1
9105 6889 1
9105 6409 1
9105 6075 1
9105 930 1
9105 7357 1
7536 4299 1
7536 7083 1
7536 7617 1
7536 5688 1
7536 1178 1
7536 1908 1
7536 7389 1
7536 6230 1
8572 9122 1
3984 2296 1
3984 6645 1
6374 9592 1
5549 796 1
5549 6240 1
9220 2684 1
9220 8013 1
9005 3109 1
5894 1879 1
5894 6943 1
5894 2130 1
5894 6876 1
5894 5326 1
5894 591 1
5894 6088 1
5894 240 1
5894 9177 1
5894 7086 1
5894 9542 1
5847 8017 1
5847 5233 1
5015 8148 1
5015 1349 1
5015 9747 1
8786 4655 1
7427 672 1
7427 9870 1
7427 3748 1
7427 2299 1
7427 2241 1
7427 562 1
7427 5793 1
7427 4194 1
7427 3118 1
7427 3277 1
7427 4112 1
9810 7413 1
3710 8825 1
3710 2346 1
3710 4999 1
5411 133 1
5411 3595 1
5411 8980 1
5411 7705 1
5411 434 1
5411 3994 1
5411 2133 1
661 5099 1
3284 8920 1
604 3788 1
604 6825 1
604 4630 1
604 1266 1
4183 2016 1
4183 7616 1
4183 47 1
4183 6407 1
4183 686 1
4183 9111 1
4183 9915 1
4183 1702 1
4183 1287 1
4183 5020 1
4183 9344 1
4183 3775 1
4183 4608 1
4183 5127 1
7547 4684 1
5708 259 1
5708 2100 1
5708 6539 1
5708 5683 1
5708 1941 1
5708 2202 1
5708 1673 1
7021 5085 1
5476 7071 1
5476 4838 1
446 1798 1
446 836 1
2876 6465 1
8171 2173 1
1224 4926 1
1224 2967 1
2043 3678 1
2043 2948 1
2043 2591 1
2043 2778 1
2043 6567 1
2043 3697 1
2999 3033 1
2999 7246 1
6161 235 1
2512 963 1
7895 1368 1
5246 2490 1
975 4743 1
1206 6410 1
3672 587 1
9881 5041 1
7622 34 1
8196 4329 1
8196 6653 1
3751 5487 1
5656 4762 1
5656 70 1
5656 208 1
5656 2448 1
5656 7049 1
5656 2581 1
5656 5088 1
9301 7421 1
3617 7562 1
3617 7520 1
3617 9769 1
2897 3019 1
2897 445 1
1794 2501 1
5394 2931 1
3466 2347 1
6840 1250 1
6840 7503 1
6840 5797 1
6840 3662 1
4477 2459 1
9852 16 1
9852 2144 1
9852 5960 1
8022 700 1
1789 8822 1
1789 6997 1
1789 2350 1
9445 6826 1
1219 6881 1
1219 4811 1
1219 2618 1
1219 2818 1
1219 9696 1
1219 5496 1
1219 3134 1
1219 1326 1
1219 5112 1
1219 3594 1
1219 5244 1
1219 7612 1
1219 6665 1
3140 2604 1
3140 1301 1
3140 5727 1
8164 6239 1
8164 3223 1
7970 1880 1
9274 877 1
1580 8204 1
1580 1590 1
2157 3695 1
2157 374 1
1184 6380 1
1184 5698 1
1184 9286 1
1184 529 1
1184 1776 1
1184 4048 1
1184 6954 1
1184 809 1
1184 9261 1
1184 7949 1
1184 2894 1
1184 171 1
1184 6143 1
1184 2389 1
1184 4410 1
1184 386 1
1184 1594 1
1184 3665 1
1184 3286 1
1184 2044 1
1184 3281 1
1184 8533 1
1184 7217 1
1184 3527 1
1184 855 1
1184 2443 1
1184 6428 1
1184 9774 1
1184 8649 1
1184 7004 1
1184 6905 1
1184 6468 1
6828 4465 1
6828 7575 1
6828 4158 1
6828 6008 1
4339 5782 1
4339 6521 1
4339 7327 1
4339 3022 1
4140 4272 1
4140 8101 1
4140 4354 1
4140 9173 1
4310 9815 1
1161 2526 1
1161 3657 1
1161 8950 1
2991 9885 1
2991 7243 1
2991 3397 1
2537 4395 1
8302 5192 1
8302 1961 1
8345 2003 1
8414 2937 1
8414 2683 1
2560 2332 1
2560 7317 1
2560 8998 1
9411 7678 1
9411 5196 1
2675 9845 1
2131 3194 1
8783 3012 1
8783 2316 1
8783 808 1
6156 2952 1
6156 4773 1
6156 8398 1
6156 7926 1
6156 3610 1
6156 7147 1
6156 2904 1
6156 5802 1
6156 3829 1
6156 9761 1
6156 4553 1
6156 9857 1
6156 7647 1
6156 7633 1
6156 5839 1
6156 6297 1
1609 6266 1
313 3002 1
9855 3622 1
9855 9630 1
9855 8601 1
9855 9825 1
2570 4122 1
2570 9280 1
2570 7138 1
2570 4611 1
2570 2046 1
2570 2158 1
2570 270 1
2570 7516 1
2215 887 1
3237 7858 1
3237 7913 1
3237 1309 1
3110 3066 1
8764 1962 1
6716 6608 1
3897 7139 1
4564 7842 1
4564 2530 1
4564 6843 1
4291 9816 1
4291 8274 1
4291 8178 1
4291 5125 1
4291 8542 1
1616 5569 1
8571 5334 1
8571 5377 1
765 2541 1
765 265 1
765 1717 1
9261 5271 1
9261 2255 1
174 4376 1
1490 799 1
6192 2838 1
6658 6338 1
307 912 1
5545 4911 1
5545 1692 1
5545 6557 1
6141 6923 1
6141 3425 1
3090 9291 1
3090 4612 1
3090 2360 1
3090 6409 1
3090 706 1
3090 2867 1
3090 3606 1
3090 5660 1
1462 6305 1
1462 8999 1
1462 8718 1
1462 3069 1
1462 5852 1
1462 1158 1
1462 6794 1
1462 383 1
1462 1335 1
9929 949 1
158 6231 1
158 3508 1
9592 6693 1
9592 6598 1
9592 1666 1
9592 5228 1
9592 9027 1
9592 9364 1
9592 4032 1
9592 3356 1
9592 9833 1
9592 6271 1
9592 7514 1
7683 6188 1
4549 1618 1
3838 9613 1
6782 8827 1
6782 2216 1
6782 5410 1
4386 5932 1
4386 2645 1
4386 4042 1
9856 9531 1
9856 6060 1
105 4664 1
105 2907 1
8317 2822 1
8317 1769 1
8317 8080 1
8317 1805 1
8317 7833 1
8317 6220 1
4589 1368 1
9569 1589 1
9726 9323 1
9726 881 1
802 1395 1
802 3400 1
802 6448 1
802 4129 1
1347 5500 1
1347 7604 1
1347 3713 1
1347 860 1
1347 1781 1
1130 2072 1
1130 4795 1
1202 1679 1
3160 58 1
3160 9786 1
3160 8215 1
3160 3027 1
3160 9035 1
9707 7085 1
4769 1260 1
5820 959 1
4533 6462 1
3997 8785 1
3997 4616 1
3997 1803 1
3997 8207 1
4514 5080 1
5696 2815 1
5696 5342 1
5696 508 1
5696 5876 1
5696 6519 1
2386 4745 1
2386 269 1
2386 2179 1
2386 4249 1
2386 783 1
2386 2509 1
2386 9050 1
2386 7897 1
2386 6334 1
4860 4462 1
4860 319 1
4860 2866 1
4860 6810 1
5032 8738 1
5032 8984 1
5032 8331 1
5032 3619 1
5032 9037 1
2055 7861 1
186 6031 1
186 9647 1
186 5650 1
186 996 1
186 9868 1
186 604 1
186 956 1
186 7259 1
186 5280 1
186 8247 1
186 8149 1
186 9488 1
186 9837 1
186 4812 1
186 7121 1
186 5981 1
186 5194 1
7929 6962 1
2985 7663 1
4180 2527 1
4180 9435 1
4180 592 1
4180 3325 1
4180 8812 1
4180 4352 1
4180 2817 1
4180 5733 1
4180 3009 1
4180 889 1
4180 1295 1
4180 5754 1
4180 9711 1
4180 6733 1
4180 3300 1
4180 9489 1
4180 6781 1
4180 6678 1
4180 340 1
4180 9746 1
4180 2427 1
4180 8625 1
4180 1814 1
4180 8868 1
4180 9858 1
4031 95 1
6714 5353 1
5945 5070 1
5945 1317 1
9217 9592 1
9217 9188 1
9217 669 1
2651 4643 1
2651 5344 1
2651 4843 1
2651 1286 1
9624 323 1
9624 1513 1
9624 7363 1
9624 3669 1
9624 8924 1
9624 2975 1
9624 7192 1
903 3701 1
903 3254 1
903 8976 1
5729 9127 1
3398 5391 1
3398 1733 1
3398 6601 1
3398 4167 1
3398 4102 1
3398 5647 1
3398 2647 1
3398 9708 1
3398 2142 1
3398 8990 1
3398 8301 1
3398 1284 1
3398 4590 1
3398 7406 1
3398 3489 1
3398 7456 1
3398 3111 1
3398 8064 1
3398 5753 1
3398 1312 1
3398 9732 1
3398 7230 1
3398 8127 1
3398 5566 1
3398 4497 1
3398 7241 1
3398 9895 1
3398 8405 1
3398 9917 1
3398 5732 1
3398 7095 1
3398 5940 1
3398 6458 1
8770 818 1
8770 1633 1
5317 7047 1
2618 6114 1
2618 664 1
2618 1228 1
2618 5254 1
2618 5539 1
2618 3023 1
2618 8147 1
2618 7772 1
2618 1232 1
2618 7221 1
2618 8479 1
2618 3989 1
2618 6548 1
2618 8480 1
2618 3714 1
2618 9785 1
2618 4139 1
2618 5298 1
2618 1898 1
2618 5042 1
2618 2099 1
2618 7713 1
2618 488 1
2618 3700 1
5336 4227 1
5336 3176 1
5336 1145 1
7664 9060 1
7664 602 1
7328 5694 1
1039 1571 1
1039 1921 1
1039 523 1
1039 7732 1
1039 2348 1
2818 5790 1
2818 3988 1
2818 168 1
2818 9201 1
2818 4632 1
2818 2277 1
2818 5741 1
2818 1320 1
2818 7821 1
2818 6461 1
2818 2191 1
2818 6917 1
2818 5699 1
2818 1952 1
2818 9205 1
2818 9278 1
2818 2810 1
2818 1562 1
2818 5319 1
1440 7964 1
1440 3000 1
1440 1724 1
1440 6454 1
1440 9136 1
1440 953 1
9696 760 1
9696 7656 1
9696 8342 1
9696 2225 1
9696 3937 1
9696 7301 1
9696 1077 1
6661 4478 1
6661 7930 1
6661 8840 1
6661 2226 1
6661 2612 1
6661 3586 1
6661 2518 1
6661 7744 1
6661 4985 1
6661 1701 1
6661 8269 1
6661 5420 1
6661 8123 1
6661 7449 1
3840 7831 1
3840 8174 1
8285 3255 1
8285 7482 1
8285 7398 1
5988 2911 1
1567 4096 1
5450 5584 1
4645 1381 1
4645 9279 1
3620 3210 1
3620 5355 1
3620 7480 1
8264 7490 1
8264 5060 1
8264 9239 1
8264 5423 1
8264 5199 1
8264 1025 1
8264 3828 1
8264 8890 1
8264 6845 1
8264 8596 1
8264 8237 1
8264 8556 1
8264 9795 1
2958 3375 1
1322 2328 1
1322 6089 1
3200 249 1
3200 4824 1
3200 1374 1
1960 3063 1
7690 2606 1
7690 5819 1
7690 5568 1
7690 7747 1
7690 5011 1
9918 942 1
9918 1787 1
9918 5540 1
9918 159 1
3667 3966 1
9920 5121 1
9920 2219 1
5393 6314 1
5393 8220 1
5393 4936 1
5393 2672 1
5393 17 1
5393 4557 1
9808 6435 1
9808 1430 1
2363 2457 1
9098 9912 1
9098 9909 1
9098 9564 1
9098 7504 1
9098 9514 1
9098 717 1
9098 3718 1
9098 8039 1
9098 3126 1
9098 7609 1
9098 7347 1
9098 723 1
9098 6184 1
9484 3824 1
6857 6390 1
6857 1533 1
1262 1348 1
1262 363 1
1262 701 1
1124 8330 1
1124 6699 1
7971 9461 1
7971 4015 1
7971 6201 1
7971 4482 1
7971 2593 1
7971 7549 1
7971 9565 1
7971 2471 1
7971 5368 1
8186 970 1
8186 1886 1
3380 4679 1
3380 1639 1
3380 630 1
4134 5847 1
4134 9831 1
7302 5637 1
7302 8772 1
7302 2476 1
5376 7387 1
8511 5224 1
8511 6737 1
8511 4940 1
5779 2950 1
8041 3088 1
8041 4946 1
8041 1003 1
8041 8197 1
8041 6941 1
8041 3357 1
8041 7521 1
8041 227 1
6355 7749 1
6355 1421 1
6253 5771 1
6253 5439 1
6253 2248 1
569 37 1
569 4509 1
569 2066 1
569 1526 1
569 8490 1
569 2116 1
569 4109 1
569 3053 1
569 974 1
569 3326 1
4046 8285 1
439 3016 1
3478 4466 1
3478 2559 1
3478 4119 1
7651 3797 1
4719 3705 1
4719 2478 1
4719 1413 1
4719 7499 1
2563 1637 1
2563 1751 1
4263 4789 1
4263 8191 1
4263 929 1
4263 4178 1
4263 2278 1
4263 8403 1
4263 3445 1
3947 1837 1
3747 6050 1
3747 605 1
3747 2047 1
3747 7297 1
3747 1489 1
3747 4749 1
3747 5578 1
3747 9911 1
3747 2747 1
3747 6546 1
3747 6773 1
3747 2616 1
3747 5239 1
3747 7361 1
3747 6095 1
3747 106 1
3747 1366 1
3747 1683 1
3747 5848 1
6930 8645 1
6930 779 1
6930 2565 1
8222 8224 1
5715 4642 1
8974 2395 1
8974 5749 1
8974 867 1
8974 4281 1
8974 8459 1
1610 8522 1
1610 1040 1
1610 2775 1
1610 5896 1
1610 5920 1
9501 3782 1
9448 4084 1
9448 1460 1
9448 8870 1
9448 844 1
4106 7234 1
5908 8434 1
5908 1839 1
5908 9110 1
8893 3055 1
3024 59 1
3024 8444 1
2396 4381 1
2396 6127 1
2396 3043 1
3059 4683 1
3059 2066 1
3059 1526 1
3059 5083 1
3059 1819 1
3059 4109 1
5151 5238 1
9206 4558 1
8851 5898 1
8421 521 1
9059 7333 1
5807 1052 1
6711 945 1
4646 3384 1
4646 9147 1
1058 2329 1
1058 4419 1
5180 67 1
5180 8351 1
5180 279 1
5180 7275 1
5180 4996 1
5180 7694 1
5180 7113 1
5180 2854 1
5180 9913 1
5180 4830 1
5180 3161 1
5180 8099 1
5180 8613 1
5180 1338 1
5180 1075 1
5180 9874 1
6507 8821 1
6507 7260 1
6507 5514 1
2998 5168 1
2998 2671 1
5349 2529 1
3801 988 1
3801 3493 1
3801 8230 1
3801 5137 1
3801 3195 1
3801 3674 1
3801 3231 1
1208 971 1
8020 6289 1
9452 7815 1
9452 7986 1
9452 385 1
9452 8200 1
8278 5745 1
9485 4800 1
9805 1713 1
9805 4430 1
9805 419 1
9805 6688 1
9805 6033 1
9829 6482 1
9829 9259 1
9829 9246 1
9829 49 1
9829 758 1
9829 8364 1
9829 8807 1
9829 2744 1
9829 3146 1
9829 2861 1
9829 7288 1
9829 5229 1
9829 9150 1
9829 1976 1
1912 6891 1
1912 2486 1
1912 7761 1
1912 8754 1
1912 1033 1
1912 3351 1
1912 6848 1
4935 1992 1
4935 3362 1
4935 7496 1
4935 9199 1
4935 3738 1
4935 4000 1
4935 2634 1
1910 8073 1
4434 1558 1
4434 9872 1
4434 548 1
4434 7296 1
4434 7184 1
4434 6574 1
4434 2203 1
4434 5433 1
4434 3103 1
4434 4692 1
2318 3609 1
2318 8312 1
2318 7603 1
2318 8801 1
2318 8078 1
7388 8619 1
4587 66 1
4587 4269 1
2239 6850 1
2239 93 1
5911 557 1
7283 5261 1
7283 1069 1
9894 8791 1
9894 8004 1
792 9637 1
792 2763 1
792 6299 1
792 9244 1
792 765 1
792 9321 1
792 2073 1
792 6077 1
792 6226 1
792 535 1
792 2026 1
1622 9450 1
1622 6971 1
1622 2095 1
1622 995 1
1622 1944 1
1622 1705 1
1622 3960 1
1937 3997 1
1937 1164 1
1937 9605 1
1252 1314 1
2894 923 1
2894 7911 1
2894 8396 1
2894 4326 1
2894 5407 1
2894 8901 1
2894 1461 1
2894 2213 1
2894 4082 1
2894 8469 1
2894 9652 1
2894 362 1
2894 8427 1
2894 5287 1
2894 1212 1
2894 7543 1
2894 586 1
2688 8654 1
189 4175 1
189 6016 1
189 5783 1
189 1872 1
2309 8354 1
2309 692 1
2309 2464 1
2309 1871 1
2309 2997 1
2309 999 1
4794 9407 1
4794 1455 1
4794 9780 1
4794 7564 1
4794 4581 1
4614 8539 1
5133 7128 1
5133 174 1
5133 7379 1
5133 9937 1
5133 3998 1
5133 2859 1
5133 7792 1
5133 8755 1
5133 4979 1
7205 9401 1
7205 715 1
7205 7919 1
2696 6170 1
4856 181 1
4856 6637 1
4856 2418 1
4856 2531 1
4856 7641 1
4856 8023 1
4856 4754 1
4856 4327 1
6785 2755 1
9713 7371 1
6281 6621 1
7747 6868 1
7747 9001 1
7747 4732 1
7747 5448 1
7747 9828 1
7747 2494 1
7747 4234 1
2678 5249 1
2678 8006 1
163 3686 1
163 740 1
9787 5383 1
9787 677 1
5174 7875 1
5174 1958 1
5174 3551 1
5174 735 1
6735 2578 1
6735 1039 1
6735 7019 1
6735 3615 1
6735 2586 1
6735 8940 1
2243 5053 1
1046 1230 1
9379 4104 1
9379 2891 1
9862 2821 1
9054 7261 1
9054 2758 1
9054 559 1
9054 4372 1
9054 9008 1
9054 7808 1
7313 1351 1
5467 9021 1
5467 7224 1
5093 9678 1
5011 3507 1
5011 754 1
5011 4554 1
5011 6968 1
5011 2117 1
5011 1791 1
7830 6150 1
4487 2422 1
4487 3064 1
4487 665 1
4487 2846 1
4487 5596 1
4487 3577 1
4487 3070 1
4487 7987 1
4487 4511 1
4487 6320 1
4487 4529 1
4487 6196 1
4487 2151 1
4487 5308 1
7344 757 1
853 2876 1
853 4520 1
853 6340 1
8066 7638 1
8066 2830 1
8066 6516 1
8066 1161 1
8066 1092 1
8066 3142 1
8066 2048 1
8066 3519 1
8066 5494 1
8066 8300 1
8066 6043 1
8066 3774 1
8066 4763 1
8066 3985 1
8066 8502 1
8066 7908 1
4482 7046 1
8744 8068 1
4544 1155 1
1042 9854 1
1042 3369 1
1042 7187 1
1042 7950 1
1042 298 1
1042 629 1
1042 9768 1
1042 8343 1
1042 6480 1
1042 7874 1
1042 8021 1
1042 1730 1
1042 1647 1
1042 2920 1
1042 6183 1
1042 2949 1
1042 5103 1
1042 9084 1
1042 5115 1
1042 6014 1
1042 7435 1
1042 9632 1
1042 8706 1
1042 8007 1
2951 9639 1
4771 4320 1
4771 9821 1
4771 8562 1
4771 3587 1
4771 263 1
4771 2715 1
4771 7218 1
4771 4284 1
4771 1346 1
4771 2607 1
4771 6986 1
4444 2908 1
2339 1169 1
2339 4705 1
9935 5628 1
7440 6701 1
7440 294 1
7440 8281 1
7440 6754 1
7440 6136 1
7440 6265 1
7440 2996 1
7440 8683 1
7440 1665 1
7440 3539 1
7440 7290 1
7440 6767 1
7440 7510 1
7440 9189 1
7440 5983 1
8676 6963 1
8676 8910 1
8676 771 1
8676 6783 1
8676 8764 1
8676 5214 1
8676 1577 1
8676 7818 1
8676 1096 1
8676 426 1
8676 9557 1
8676 8719 1
8676 4030 1
8676 297 1
8676 9374 1
8676 3774 1
1376 8160 1
1376 6570 1
2068 4004 1
9522 9386 1
3982 6990 1
3982 304 1
3982 6774 1
3982 1878 1
3982 3120 1
3982 6347 1
3982 8607 1
995 1439 1
995 8709 1
995 7640 1
9191 8860 1
2633 687 1
9506 8546 1
9506 6375 1
9506 3179 1
5134 2785 1
8545 5939 1
541 7390 1
541 8638 1
1916 2008 1
940 7088 1
5432 9282 1
5432 2441 1
5432 8749 1
5432 660 1
5432 7995 1
5432 8547 1
5432 7599 1
5432 3214 1
5432 7985 1
1678 6112 1
7799 9814 1
3219 986 1
3219 8126 1
3818 9323 1
3818 5221 1
3818 9330 1
4965 1678 1
4965 6020 1
4965 6112 1
2011 1625 1
9526 7534 1
8883 6071 1
8874 2654 1
8680 5435 1
8680 8146 1
5070 3446 1
8430 6970 1
8430 6081 1
7048 4953 1
9179 6193 1
9179 2796 1
9179 9920 1
9179 6480 1
9179 8144 1
9179 1620 1
9179 4279 1
9179 3501 1
9179 6479 1
9304 5255 1
6480 6632 1
6480 1185 1
6480 5223 1
6480 8996 1
994 6644 1
994 3112 1
994 5906 1
994 6920 1
994 4726 1
994 6854 1
994 3414 1
5257 5016 1
5257 927 1
1271 7339 1
2742 2974 1
2860 5636 1
2860 7005 1
2860 5737 1
2860 908 1
1305 8372 1
1305 3098 1
2066 8633 1
2066 2877 1
3867 898 1
6478 3941 1
90 4230 1
90 116 1
232 1367 1
232 3889 1
2766 6163 1
2766 2516 1
1352 6415 1
4451 1239 1
4451 6171 1
4451 6994 1
4451 221 1
1319 4832 1
1319 6128 1
7180 3979 1
4344 9623 1
4344 305 1
4344 2059 1
4344 5730 1
4344 5337 1
4344 9502 1
4344 1167 1
4344 8026 1
4344 6931 1
4344 3910 1
4344 515 1
5284 4959 1
5284 7659 1
5284 9240 1
8212 3060 1
1526 3484 1
1526 4045 1
6616 7777 1
1483 9438 1
3254 9459 1
3254 9661 1
3254 3820 1
1433 9043 1
9046 7033 1
3522 6486 1
7938 1953 1
7938 5638 1
7938 8926 1
7938 8169 1
7938 7461 1
7938 8506 1
7938 2199 1
7938 2579 1
3268 8263 1
2505 6473 1
2505 4365 1
2505 5497 1
2505 9646 1
2505 9277 1
2505 7620 1
2505 7489 1
2505 7094 1
2505 7318 1
2505 7956 1
2505 3980 1
2505 2605 1
6602 5634 1
6602 3025 1
6602 5772 1
6602 8380 1
6602 9393 1
6602 2696 1
6602 7872 1
6602 5685 1
6602 3396 1
6602 4530 1
5941 9560 1
4293 9487 1
4293 184 1
4293 6432 1
8475 3220 1
7639 2269 1
7639 40 1
7639 2504 1
7639 4912 1
7639 5437 1
7639 4515 1
7639 2510 1
7639 2965 1
7639 709 1
7639 6758 1
3153 5314 1
355 4777 1
355 4602 1
355 1627 1
355 7588 1
355 1454 1
355 1221 1
355 6873 1
355 2228 1
2061 7991 1
8488 4261 1
8488 8487 1
8488 1407 1
8488 2041 1
8488 9615 1
8488 5235 1
8488 4264 1
8488 8370 1
8488 6751 1
8488 8476 1
8488 6563 1
8488 3728 1
6004 2021 1
6004 2925 1
6004 7097 1
4207 6152 1
4207 4836 1
4207 6690 1
4207 9200 1
4207 6263 1
4207 248 1
7492 3879 1
845 997 1
845 946 1
845 5592 1
6752 3719 1
6752 7755 1
6752 8602 1
6752 3871 1
6752 9528 1
62 893 1
62 7077 1
62 3278 1
62 2423 1
62 5895 1
62 899 1
62 1512 1
62 1306 1
62 9075 1
62 6775 1
62 3993 1
550 7102 1
550 2560 1
550 593 1
550 5474 1
550 2898 1
550 9219 1
550 1203 1
550 670 1
962 3385 1
1835 5915 1
4888 2287 1
4888 6129 1
4888 7252 1
7997 9097 1
4656 4198 1
1577 4677 1
1577 2229 1
1577 2129 1
1577 3185 1
1577 3142 1
1577 3802 1
1577 2303 1
1577 4040 1
1577 9910 1
1577 1121 1
1300 8186 1
1300 2355 1
1300 1875 1
273 9680 1
9853 2538 1
5880 9333 1
9944 356 1
9944 1873 1
9944 3040 1
9944 5808 1
9944 849 1
9944 1094 1
9944 9737 1
8105 7196 1
4262 9377 1
8809 1358 1
7874 5559 1
2420 1185 1
2420 8996 1
134 9299 1
3995 3091 1
3995 6658 1
3995 9641 1
3995 4990 1
3358 7119 1
7550 9440 1
7550 8122 1
7550 7773 1
8308 5226 1
8308 8670 1
7726 4672 1
6885 1720 1
3076 1788 1
4063 9343 1
2814 7585 1
8009 9076 1
8009 2037 1
8009 5192 1
3263 2465 1
8284 1135 1
8901 7881 1
8901 8813 1
6421 2564 1
6916 9863 1
5640 8295 1
7229 958 1
1320 6052 1
1320 4671 1
1320 3327 1
1320 9515 1
1320 2014 1
1320 4097 1
1320 5624 1
9735 473 1
9466 6508 1
874 8695 1
9823 7220 1
9733 6353 1
9733 8790 1
9733 9266 1
9733 3266 1
9733 8497 1
9733 8059 1
3230 3736 1
8832 4571 1
8106 1642 1
8106 3768 1
2027 4138 1
5646 6722 1
5646 357 1
5646 7898 1
5646 1828 1
5646 2858 1
5646 9579 1
5646 5658 1
5646 5766 1
5646 7087 1
5646 8584 1
5646 3292 1
5646 2801 1
5646 39 1
5646 6015 1
5646 2567 1
5646 3453 1
2679 5306 1
2679 7181 1
2679 6059 1
2679 6795 1
4586 5103 1
8754 7685 1
8754 2181 1
8754 1985 1
9792 8581 1
9792 5510 1
9792 6243 1
9792 2085 1
6382 1597 1
4879 3009 1
3041 4316 1
7156 3720 1
7156 6542 1
7156 9026 1
7156 3578 1
7156 7042 1
7156 8228 1
666 9429 1
2325 4101 1
2325 7636 1
2325 266 1
9144 3850 1
9144 5577 1
9144 5554 1
7448 5739 1
7448 4695 1
4639 7651 1
2070 6189 1
2201 7886 1
6389 532 1
6389 9002 1
6389 2172 1
6389 9250 1
6389 8736 1
6389 8033 1
6389 210 1
7477 4562 1
8608 437 1
8608 7316 1
8608 1824 1
8608 4709 1
8608 60 1
8608 5403 1
4721 8806 1
3933 3348 1
2208 4882 1
6250 3979 1
6736 3675 1
7273 3780 1
8512 5299 1
8512 8358 1
8512 7372 1
8512 9779 1
2048 179 1
6144 8739 1
3660 274 1
3660 4323 1
3660 9024 1
3660 8142 1
3660 4943 1
3660 9204 1
3660 4247 1
3660 7302 1
3660 5165 1
3660 6069 1
3660 6389 1
3660 2370 1
3660 4171 1
3660 157 1
3660 8201 1
3660 9659 1
3660 2686 1
3660 8449 1
3660 2868 1
3660 8071 1
3660 6670 1
1005 429 1
1005 5404 1
1005 8484 1
1005 9948 1
1005 4016 1
1005 1942 1
1005 3201 1
1005 9331 1
1005 3957 1
1005 3029 1
1005 8279 1
1005 9722 1
1005 1597 1
4877 223 1
4440 4919 1
740 675 1
740 2906 1
1603 9282 1
1603 5813 1
1603 6796 1
1603 2472 1
1603 6560 1
1603 5130 1
1603 1327 1
1603 1155 1
6313 5076 1
6313 6865 1
6313 7907 1
6313 4939 1
255 8687 1
255 5469 1
1050 1688 1
4345 1509 1
4345 6441 1
4345 6147 1
8499 966 1
1591 9726 1
1591 804 1
1591 9254 1
8697 9230 1
8697 1289 1
8697 1981 1
8697 2009 1
8697 1243 1
8886 6446 1
8886 111 1
8886 8377 1
8886 6692 1
8886 3247 1
1704 4717 1
7157 8705 1
1403 6792 1
1403 4358 1
9822 2397 1
141 8585 1
5950 1082 1
5950 8443 1
5950 2274 1
5950 5746 1
1638 2487 1
1638 2697 1
1638 3067 1
1638 543 1
1638 3756 1
1638 9128 1
1638 8677 1
1638 150 1
6071 2827 1
7818 2734 1
7818 7310 1
7818 7836 1
7818 6016 1
7818 7931 1
989 5518 1
7589 916 1
2710 2751 1
609 8434 1
609 2610 1
1783 7757 1
9045 453 1
2583 1015 1
2583 8564 1
6723 45 1
1023 5534 1
3444 7530 1
3444 4142 1
3444 875 1
3444 5714 1
3444 4929 1
1275 2663 1
9900 7538 1
9900 8256 1
9900 4721 1
9900 2259 1
9900 4021 1
9403 9559 1
4412 1188 1
4412 7044 1
4412 3932 1
4412 9040 1
4412 3631 1
4412 5627 1
4412 2121 1
4412 6989 1
7766 9653 1
2088 361 1
1164 8209 1
2718 8042 1
2718 9116 1
8242 4235 1
8242 7758 1
8242 7266 1
8242 4401 1
8242 3438 1
8242 2107 1
8242 9850 1
8208 7816 1
8208 6178 1
8208 8894 1
8208 8612 1
8208 2435 1
5182 1888 1
5182 828 1
5182 6278 1
5182 6043 1
6495 80 1
6181 421 1
8411 8697 1
8409 4295 1
3433 6328 1
8711 9675 1
4384 3742 1
4384 6055 1
4384 8477 1
4384 2971 1
4384 8106 1
4384 6467 1
4064 5992 1
4064 1946 1
4064 4051 1
4064 8560 1
4064 594 1
4064 2301 1
4064 8338 1
4064 1128 1
4064 5441 1
4064 8951 1
8137 7314 1
3405 9092 1
3405 4682 1
5089 2569 1
4193 1748 1
4193 1209 1
4193 3483 1
4193 267 1
4193 4429 1
4193 6392 1
4193 589 1
4193 7965 1
4193 9689 1
4193 3173 1
4193 7200 1
4193 641 1
4934 5366 1
4934 4436 1
4934 8507 1
4934 7738 1
4934 5081 1
4934 1051 1
4934 531 1
4934 4898 1
4934 861 1
4934 788 1
4934 217 1
4934 2401 1
6169 1448 1
6169 1191 1
4797 2929 1
4797 4068 1
4797 1799 1
3297 3089 1
3297 9005 1
3297 4840 1
3297 6602 1
3297 2676 1
3297 9595 1
3297 5227 1
3297 9293 1
3297 2770 1
3297 9152 1
4171 4886 1
4205 4603 1
4373 9519 1
4373 1453 1
4373 9742 1
4373 4670 1
4373 7075 1
4373 3601 1
4373 820 1
4373 2699 1
3349 1876 1
3349 5104 1
3349 2523 1
3349 729 1
3349 3840 1
3349 5630 1
3349 1262 1
3349 9490 1
3349 5408 1
3349 2439 1
3349 1922 1
3349 5113 1
3349 6656 1
3349 9921 1
3349 8835 1
3349 9651 1
3349 7284 1
3349 9598 1
3349 8628 1
3349 1344 1
3349 5164 1
8272 5529 1
8749 286 1
8749 5454 1
8749 1428 1
8749 1001 1
8749 2771 1
8749 2223 1
8749 7934 1
8749 4157 1
4629 6651 1
9627 7105 1
9627 1372 1
9627 8766 1
4456 9223 1
1096 7007 1
1096 6769 1
1096 652 1
1096 3503 1
1096 1194 1
1096 7182 1
1096 2809 1
1096 2543 1
1096 396 1
1096 6802 1
1096 5740 1
4737 7212 1
6121 112 1
3102 1375 1
7676 6880 1
7676 5800 1
7991 3637 1
7991 1244 1
7991 688 1
7991 7960 1
1731 9408 1
3644 1110 1
1948 1815 1
1948 8297 1
1948 7249 1
1948 2485 1
6765 7098 1
6765 499 1
6765 8872 1
3631 8935 1
7860 5176 1
7857 6329 1
9818 2838 1
8826 2794 1
8826 2612 1
8826 382 1
7445 2175 1
8495 4986 1
2739 306 1
2739 3905 1
2739 7706 1
2739 951 1
2739 9681 1
2739 9085 1
2805 2977 1
2805 7027 1
2805 9062 1
3121 1870 1
2901 4539 1
7208 6777 1
7208 1806 1
3939 8471 1
94 6176 1
94 5095 1
94 6531 1
94 6490 1
94 8963 1
2180 1057 1
2180 8036 1
2180 8734 1
2180 4512 1
1470 5450 1
1470 7763 1
1470 403 1
1470 5652 1
7759 5471 1
4394 3439 1
6371 8651 1
7646 677 1
5440 9574 1
5440 3477 1
5440 4714 1
5440 3710 1
5440 3380 1
5440 5846 1
5440 1607 1
5440 7236 1
5440 5153 1
5440 6628 1
5440 3651 1
5440 1973 1
5440 533 1
5440 8741 1
5440 4164 1
5440 631 1
1760 8118 1
1760 926 1
1760 1401 1
1760 1810 1
1760 1227 1
1760 2406 1
1760 3442 1
1760 6249 1
1760 4014 1
1760 2899 1
1760 2935 1
1760 5012 1
3403 5756 1
7634 800 1
7634 4577 1
4576 1797 1
2610 3558 1
2610 9648 1
2610 8399 1
5426 3541 1
5426 4786 1
5426 6999 1
5426 8730 1
8863 6957 1
8863 5743 1
8863 4729 1
8863 552 1
8863 4578 1
8863 681 1
8863 7298 1
7901 4652 1
7901 2820 1
7901 6249 1
7901 8773 1
7901 9573 1
7901 1933 1
5621 7478 1
5621 9101 1
5621 2192 1
5621 4887 1
5621 9773 1
5621 3664 1
5621 1648 1
5621 575 1
5621 7164 1
2158 7289 1
9923 8797 1
9923 3309 1
9923 4583 1
5629 8486 1
1848 9049 1
6604 786 1
7565 8371 1
7565 1527 1
7565 2506 1
484 3313 1
484 3196 1
484 7145 1
484 2544 1
484 5459 1
484 3005 1
6194 6654 1
6194 9875 1
6194 1519 1
6194 3422 1
6194 6596 1
6194 334 1
6194 142 1
6692 3640 1
1697 192 1
8539 1235 1
2776 1728 1
950 3099 1
9166 4383 1
9166 4513 1
9166 3819 1
6975 9714 1
9557 1359 1
9557 3832 1
9557 4872 1
9557 9536 1
9557 8630 1
8291 3494 1
157 1884 1
7990 2983 1
7990 6365 1
7990 9817 1
7990 5038 1
7990 9387 1
7990 3011 1
2924 7426 1
2924 4845 1
2924 8642 1
9763 4873 1
9763 9575 1
9763 9474 1
9763 1342 1
9763 7693 1
9763 9011 1
9763 3680 1
943 5807 1
943 1582 1
943 8167 1
943 1076 1
943 9814 1
943 78 1
943 9643 1
4120 8804 1
9255 5050 1
6324 728 1
1938 2655 1
1938 1447 1
1938 3903 1
7000 761 1
7000 3659 1
7000 262 1
1632 5750 1
3717 3009 1
5470 2178 1
5470 1294 1
5470 9070 1
5470 9811 1
5470 4313 1
5470 5682 1
1800 6673 1
1800 8820 1
1800 6744 1
1800 1202 1
1800 3175 1
1800 9485 1
1800 8232 1
1800 6759 1
1800 522 1
1800 7634 1
1800 7740 1
1800 5973 1
1800 5352 1
1800 8653 1
1800 6564 1
1800 121 1
1800 4958 1
7359 7271 1
7359 2351 1
7359 6498 1
7359 4099 1
7359 961 1
7359 5767 1
7359 8863 1
7359 7804 1
7359 8622 1
7359 2159 1
7359 1037 1
9303 3884 1
5558 8043 1
5558 864 1
5558 8166 1
5558 4565 1
5558 7032 1
6159 6858 1
6159 9463 1
6159 2718 1
6159 6942 1
3540 38 1
5607 7838 1
5607 739 1
5607 7536 1
5607 9098 1
5607 674 1
5607 1410 1
5607 2611 1
5607 9758 1
2455 5219 1
6166 292 1
6166 3559 1
6166 1960 1
6166 5811 1
6166 1026 1
3703 258 1
3703 5268 1
3703 36 1
3703 5032 1
3703 5523 1
3703 5111 1
3703 2338 1
3703 9446 1
1120 6436 1
8536 1755 1
8536 6713 1
8536 4705 1
8536 5245 1
2637 5068 1
8340 6035 1
5898 9800 1
5898 7365 1
5898 4756 1
5898 2011 1
5898 5013 1
5898 3300 1
5898 3352 1
5898 7615 1
7525 231 1
5385 2431 1
5385 8159 1
5385 7729 1
5385 203 1
5385 5553 1
5385 8752 1
5385 8184 1
5385 1717 1
5385 7227 1
5385 9203 1
5385 7871 1
5385 1857 1
5385 1608 1
5385 2889 1
5385 7210 1
4220 2286 1
4220 8893 1
7151 6961 1
7151 8190 1
7151 7920 1
7151 3827 1
7151 780 1
7151 4391 1
7151 18 1
2848 4348 1
6942 9801 1
6942 4974 1
1102 3090 1
7070 3171 1
8617 22 1
4039 8317 1
5190 502 1
2191 525 1
5386 3560 1
4175 5734 1
4175 8522 1
4175 5090 1
4175 7700 1
4175 4306 1
4175 5562 1
4175 8970 1
4175 1624 1
1967 7709 1
4390 2078 1
4390 6022 1
5605 9221 1
3859 4224 1
3859 5875 1
3859 1443 1
3859 6748 1
3859 3183 1
3859 7060 1
3859 5492 1
3859 2635 1
3859 2022 1
3859 9155 1
7781 3473 1
7781 9172 1
5773 4189 1
5773 6782 1
9086 1868 1
9086 3050 1
9086 3151 1
9086 6640 1
8690 114 1
8690 1021 1
8690 9400 1
8690 9942 1
8690 8085 1
3136 9546 1
3858 563 1
3858 4290 1
3858 5573 1
3858 6978 1
3858 4204 1
3858 4250 1
3858 5936 1
3858 6487 1
7058 4162 1
7160 2019 1
6123 5222 1
6123 3127 1
6123 1418 1
6123 6113 1
6123 6573 1
6123 1382 1
6123 7466 1
6123 1895 1
6123 6474 1
6123 9224 1
6123 7727 1
6671 2644 1
6671 3018 1
6671 7707 1
8585 801 1
8585 2716 1
8585 9082 1
8585 8310 1
8585 268 1
9092 7652 1
9092 5742 1
9092 4626 1
4452 767 1
576 1565 1
576 4228 1
576 3208 1
576 9589 1
576 3834 1
576 6674 1
576 2357 1
7266 2035 1
7266 2787 1
4049 1987 1
4049 7613 1
364 1534 1
364 8577 1
364 9932 1
364 130 1
364 9197 1
2733 793 1
2733 6322 1
2733 1280 1
2733 541 1
2733 5530 1
2733 1663 1
2733 412 1
2733 7899 1
2733 7598 1
2733 3198 1
2733 9138 1
6834 5140 1
6834 4292 1
6834 9636 1
6834 7384 1
5593 6126 1
1818 4380 1
9436 6575 1
9436 2501 1
9436 8465 1
6780 3085 1
6780 9439 1
6780 7076 1
6780 2823 1
6780 8875 1
6780 123 1
6780 204 1
4594 3933 1
1399 9525 1
1399 4022 1
1399 5412 1
1399 2193 1
1399 6065 1
1399 5985 1
1399 3287 1
1399 9649 1
1399 633 1
1399 3305 1
1399 862 1
1399 981 1
1399 26 1
1399 4866 1
387 2621 1
4131 4309 1
5236 285 1
5236 308 1
5236 8817 1
5236 2344 1
5236 8299 1
5236 3618 1
5236 1032 1
5236 2069 1
5236 9820 1
5236 3752 1
5236 6434 1
5236 1146 1
5236 6311 1
5236 8841 1
5236 4498 1
5236 97 1
5236 1399 1
5236 1559 1
5236 8810 1
5236 8074 1
5236 601 1
5236 6882 1
8941 4978 1
7798 2575 1
7798 6397 1
7798 9349 1
1245 2590 1
3557 8280 1
7588 2943 1
160 7003 1
328 8968 1
513 5035 1
513 8328 1
513 3547 1
1514 1479 1
1514 7139 1
1514 6984 1
7319 4807 1
5272 4841 1
5272 8061 1
5272 4662 1
5272 5947 1
5272 5247 1
5272 2687 1
5272 5132 1
5272 4901 1
5272 9759 1
5272 3636 1
5272 8876 1
5272 6817 1
5272 595 1
5272 1480 1
5272 7277 1
5272 9778 1
5272 968 1
5292 9281 1
1118 5183 1
1118 5776 1
1118 5639 1
1118 8914 1
1118 8665 1
1118 4888 1
1118 9441 1
1118 6884 1
1118 5621 1
1118 481 1
1118 7399 1
1118 3858 1
1118 5525 1
1118 6899 1
1118 1522 1
1118 8811 1
1118 3007 1
1118 2539 1
1118 6626 1
1118 1825 1
1118 3428 1
296 3164 1
2123 3845 1
2123 1529 1
2123 9370 1
2123 1336 1
2123 9567 1
2123 4451 1
2123 3233 1
2123 5617 1
2123 6585 1
2123 625 1
2123 2649 1
2123 8979 1
50 3676 1
50 6093 1
7820 7846 1
7820 190 1
7820 9480 1
4258 6175 1
4258 6724 1
9326 1279 1
7754 563 1
7754 1068 1
8771 7041 1
8771 9725 1
8771 3180 1
8771 2089 1
7171 3542 1
2511 52 1
2511 8519 1
705 1868 1
705 2941 1
2680 42 1
6854 6233 1
6854 413 1
4036 2483 1
2233 1765 1
1587 8188 1
1587 5504 1
2611 4083 1
2611 901 1
2611 6952 1
7593 3661 1
7593 6198 1
7593 7767 1
7593 731 1
7593 7225 1
7593 623 1
7593 2160 1
542 8072 1
542 939 1
542 6164 1
6936 8525 1
1168 1617 1
1168 3880 1
1168 9760 1
1168 9831 1
1168 8207 1
1168 2916 1
472 5625 1
472 2767 1
472 4810 1
472 311 1
2338 4307 1
9661 5885 1
9661 8535 1
9661 5689 1
7305 6145 1
7305 3817 1
7305 4766 1
7305 8277 1
7305 2623 1
7305 3073 1
7305 2712 1
7305 1459 1
7305 3056 1
7305 2424 1
7305 9901 1
7305 4764 1
3315 3204 1
3315 1634 1
3315 3639 1
756 395 1
756 4569 1
5550 9506 1
8063 7263 1
332 5792 1
7897 71 1
7897 1400 1
2474 122 1
8792 7251 1
5078 9617 1
2323 973 1
7240 5952 1
7240 7511 1
1523 3571 1
1523 6549 1
1523 5 1
1523 5761 1
2754 5810 1
2754 1490 1
2754 6258 1
2754 782 1
2754 6295 1
2754 7109 1
6505 6629 1
5100 2640 1
5100 4748 1
5100 1862 1
5100 5671 1
5100 5200 1
5100 1192 1
5100 9645 1
5100 506 1
5100 2981 1
8190 6772 1
8190 1990 1
8190 7417 1
8190 8273 1
6490 7270 1
4148 9666 1
8006 6980 1
8006 1111 1
5994 287 1
3032 7915 1
3032 3801 1
3032 4794 1
3032 9054 1
3032 4963 1
3032 6053 1
8589 6887 1
4161 7256 1
4161 7063 1
4161 5453 1
4161 547 1
4161 8947 1
9680 2756 1
9680 8453 1
5206 2738 1
5206 1091 1
8503 397 1
5787 5597 1
5787 151 1
846 4849 1
846 8265 1
846 3339 1
846 4741 1
846 9406 1
846 1444 1
846 5415 1
1389 4733 1
1389 1445 1
4108 4864 1
1757 1479 1
1757 8576 1
1757 1971 1
1757 2916 1
6899 2195 1
4939 3366 1
6104 3843 1
807 411 1
4455 4994 1
4455 1412 1
4455 2972 1
6730 4802 1
9446 6816 1
9446 4074 1
9446 1290 1
9446 4790 1
9446 5523 1
4192 614 1
4192 8794 1
4192 5283 1
4192 3627 1
4192 9638 1
6277 8855 1
8824 4174 1
8824 5014 1
8824 1047 1
8824 9861 1
8163 8110 1
8163 2365 1
8163 4255 1
8163 8131 1
8163 5259 1
8163 9018 1
8163 9045 1
9488 5269 1
9488 8958 1
9488 1964 1
9488 4563 1
9488 6096 1
9488 9206 1
9488 1785 1
9488 1675 1
9488 3014 1
1191 247 1
1191 8316 1
1191 8448 1
1191 6524 1
1191 7623 1
1768 8866 1
1707 5098 1
1707 8803 1
1707 5230 1
1210 6245 1
1210 73 1
1210 7262 1
1210 4221 1
1210 4593 1
1210 2496 1
1210 4193 1
1210 1658 1
6686 3900 1
4002 9784 1
4002 4531 1
1918 3162 1
4825 3387 1
4825 414 1
4825 9709 1
4825 4300 1
4825 7090 1
4825 606 1
4825 4425 1
4825 7954 1
9396 5700 1
3681 8637 1
3681 6861 1
3681 5605 1
1672 9164 1
1672 3299 1
1672 6814 1
1672 4675 1
1672 7080 1
1672 6119 1
1672 7170 1
1672 6464 1
3490 6457 1
3490 5993 1
3490 9296 1
3490 9812 1
3490 3407 1
3490 9715 1
4676 9539 1
4318 4900 1
4318 4948 1
4318 4340 1
4318 368 1
4318 5784 1
4318 8229 1
4318 6550 1
4318 4796 1
4318 6496 1
4318 8313 1
6016 3209 1
6016 7185 1
6016 7311 1
6016 9171 1
6016 6246 1
3737 1749 1
3787 2837 1
3787 4140 1
7217 746 1
7217 8959 1
4705 6331 1
4163 8128 1
4163 8056 1
4163 1968 1
4163 1002 1
4163 2055 1
4163 391 1
4163 9736 1
4163 4073 1
4163 9467 1
2976 8251 1
2976 9484 1
2976 6702 1
2976 7739 1
2976 3452 1
2976 3677 1
2976 7092 1
2976 9451 1
3876 5293 1
8068 9520 1
9914 8864 1
1542 4176 1
1542 4375 1
3611 1298 1
3611 7972 1
3611 3794 1
3611 2989 1
3611 952 1
3611 4973 1
3611 3798 1
3611 7567 1
3611 6728 1
8683 380 1
8683 9591 1
8683 3479 1
8683 5195 1
3757 8052 1
2737 7904 1
2737 9051 1
5909 5044 1
5909 1285 1
5909 2186 1
5909 8318 1
5909 6504 1
5909 65 1
5909 2828 1
8045 9657 1
7765 4711 1
8603 7226 1
8603 8852 1
8603 2257 1
8751 5967 1
8751 4126 1
4402 7922 1
9566 5687 1
8294 3368 1
8294 350 1
407 8726 1
407 5173 1
407 2853 1
407 2126 1
407 6839 1
407 9454 1
7925 8416 1
9414 3514 1
9414 745 1
9414 8202 1
9414 6617 1
9414 5362 1
9414 2414 1
9414 9626 1
1974 6599 1
1974 5209 1
890 2600 1
890 2149 1
890 9539 1
890 8692 1
890 6950 1
8513 1931 1
8513 4806 1
8513 7939 1
1310 9621 1
1310 3084 1
1310 8190 1
1310 1961 1
1310 4476 1
9606 5850 1
9606 6837 1
9606 3424 1
9606 2327 1
9606 3673 1
9606 3431 1
9606 3944 1
9606 3402 1
3677 1593 1
6452 3074 1
6452 2306 1
9887 3512 1
9887 8672 1
9887 5007 1
1522 2797 1
1522 5543 1
1522 6869 1
1522 7921 1
1522 2326 1
1522 4764 1
8018 8869 1
8018 4564 1
8018 5354 1
8018 5833 1
8018 6107 1
8018 6102 1
8018 8641 1
8018 9458 1
4443 9478 1
4443 9507 1
3901 8919 1
3901 2548 1
3901 537 1
1990 9412 1
1990 5483 1
7356 4208 1
2726 8179 1
2726 5696 1
2726 1441 1
2726 4402 1
2726 3181 1
2726 7681 1
7996 338 1
7996 2524 1
7996 8014 1
7996 9710 1
7996 2554 1
7996 2625 1
7996 6238 1
7996 8294 1
7996 5444 1
7996 2878 1
7996 8431 1
462 4637 1
462 3767 1
462 9225 1
462 3294 1
462 7909 1
2259 6076 1
2259 4744 1
2259 5897 1
2259 7015 1
2259 3745 1
4631 3265 1
4631 7495 1
4401 1885 1
4401 6745 1
4401 5482 1
4401 6237 1
4401 450 1
6608 9272 1
3225 8713 1
3225 5515 1
3225 718 1
3225 5817 1
3225 9716 1
3225 9300 1
3225 6727 1
3225 9395 1
3225 9629 1
5102 3095 1
5102 3658 1
5102 5285 1
5102 8165 1
5102 4644 1
6116 5191 1
6116 4934 1
6116 3611 1
6116 3165 1
6116 3750 1
7061 7807 1
5373 5834 1
3930 9115 1
3930 5225 1
3930 4914 1
3930 1553 1
3930 1131 1
3930 6710 1
3930 1669 1
423 6969 1
423 6708 1
423 7880 1
423 7790 1
423 1126 1
423 5835 1
423 5276 1
423 5519 1
423 1165 1
423 8173 1
423 3758 1
423 9033 1
423 3938 1
423 1676 1
423 4930 1
9544 2249 1
8295 8171 1
8295 5535 1
8295 4620 1
4369 7672 1
4369 8570 1
4369 6149 1
4369 1899 1
4369 3250 1
2050 5882 1
9524 7188 1
3539 9591 1
7167 5390 1
2945 4457 1
2945 8003 1
6289 1213 1
6289 4265 1
6289 7698 1
6289 5669 1
7362 2781 1
7362 5369 1
7362 1176 1
1117 8376 1
1117 6528 1
9356 2412 1
9356 6761 1
9356 3261 1
855 6051 1
855 1772 1
855 4890 1
855 7512 1
855 2690 1
855 4688 1
855 1530 1
855 7422 1
855 7507 1
855 8923 1
855 7382 1
855 8915 1
855 2717 1
855 9365 1
855 7452 1
855 1217 1
5799 7855 1
5799 4678 1
5799 3353 1
5799 759 1
8001 8334 1
8001 4013 1
7868 3682 1
7868 8544 1
9010 1604 1
9010 9144 1
9010 9267 1
7618 5922 1
7618 3759 1
7618 1766 1
7618 4937 1
7618 5780 1
8593 7437 1
4654 9609 1
4654 3771 1
4654 1485 1
7742 8514 1
9423 162 1
9423 5805 1
6808 3145 1
6808 8529 1
6808 6977 1
7944 8508 1
5618 5752 1
5618 2558 1
7532 9832 1
2723 3499 1
2723 2874 1
4050 3663 1
8873 8704 1
8873 2176 1
8873 3572 1
8873 6391 1
3079 9932 1
6040 6778 1
8763 2136 1
3246 6933 1
4206 6452 1
6122 1481 1
6669 191 1
6669 8401 1
9930 7989 1
9930 4770 1
7702 4342 1
3429 683 1
4597 2464 1
4597 4764 1
4133 9805 1
1133 5834 1
5126 7572 1
5126 7434 1
5126 7279 1
5126 1789 1
5126 1130 1
5126 7329 1
5126 4095 1
5126 635 1
5126 6158 1
5126 5481 1
5126 8608 1
5126 2164 1
5126 8877 1
5126 4362 1
5126 3773 1
5126 160 1
5126 4163 1
5126 4818 1
5126 277 1
5126 7410 1
5126 5438 1
5126 9295 1
7505 8162 1
7505 9236 1
7505 5914 1
7505 2856 1
7505 3977 1
7505 2438 1
8390 1484 1
8390 2557 1
4003 2051 1
4003 1341 1
4003 2512 1
4003 6429 1
4003 1147 1
4003 513 1
4003 3416 1
4003 3322 1
4003 8928 1
4003 77 1
4003 6768 1
987 173 1
8073 6868 1
8073 6831 1
1521 5039 1
5205 7642 1
5205 944 1
5205 1394 1
4523 5097 1
4523 3363 1
4523 7547 1
4523 6937 1
4523 1858 1
4523 1691 1
4523 4088 1
4523 8231 1
4523 2372 1
4523 1049 1
9866 2614 1
9866 3038 1
9866 6806 1
9866 618 1
9866 6177 1
8183 7453 1
6342 8382 1
2012 5331 1
5186 5147 1
8144 9854 1
8144 8706 1
8144 8007 1
3592 1917 1
3592 2711 1
3592 107 1
3592 7430 1
3592 1650 1
3592 5304 1
6046 7143 1
6046 1493 1
6046 6897 1
6046 8347 1
9117 1008 1
9857 7943 1
9857 378 1
7918 3702 1
164 6484 1
164 9547 1
164 6222 1
8611 4110 1
8611 7936 1
8611 1414 1
8611 1744 1
8611 7999 1
8611 7794 1
8611 6312 1
8611 9783 1
8611 212 1
708 440 1
708 3825 1
708 2596 1
708 6426 1
708 1265 1
708 1246 1
708 2594 1
708 182 1
708 8932 1
708 4128 1
43 7708 1
508 2513 1
77 2512 1
77 1520 1
9873 1090 1
856 4453 1
5936 6805 1
7425 2449 1
3652 7104 1
3652 1080 1
3652 4775 1
3652 245 1
3652 9241 1
3652 5416 1
3652 3121 1
3652 2774 1
3652 7563 1
3652 2084 1
3007 1437 1
3007 9905 1
3007 432 1
3007 9465 1
3007 4059 1
3007 7935 1
2116 4045 1
5699 8703 1
5699 8845 1
5699 4315 1
5699 3711 1
5699 1329 1
5699 3575 1
5699 5477 1
5699 8270 1
5699 9510 1
8195 5929 1
8195 5061 1
8195 9090 1
8195 6035 1
8195 5758 1
8195 155 1
4666 7357 1
1048 4875 1
777 8317 1
9405 5058 1
3791 8962 1
3791 341 1
3791 143 1
3791 5816 1
3791 4805 1
6574 1833 1
6574 3130 1
5896 4942 1
5896 5184 1
9511 2638 1
6898 1008 1
4680 6204 1
4680 6185 1
6928 4534 1
6928 6044 1
6928 7020 1
6928 6502 1
6928 3163 1
6928 1586 1
6928 7848 1
6928 9081 1
6928 6976 1
6928 2030 1
6928 5323 1
6928 8929 1
6928 4657 1
6928 9772 1
6928 2545 1
6928 1641 1
6928 5141 1
6928 4233 1
6928 4713 1
6838 8058 1
1454 1515 1
1454 7391 1
1454 8986 1
1454 1550 1
7314 619 1
7314 9919 1
5980 8503 1
5980 6296 1
3193 5752 1
1073 9613 1
1073 5830 1
8906 1812 1
8906 2168 1
8906 1764 1
8906 960 1
8906 9694 1
5475 7468 1
5475 2646 1
2140 2153 1
3472 7734 1
3472 1699 1
3472 2582 1
7120 5436 1
2097 5418 1
2097 238 1
2097 9254 1
6043 7089 1
6043 561 1
4684 1838 1
4684 236 1
4684 8037 1
4684 8957 1
4684 1081 1
2539 8566 1
2539 2584 1
4921 4 1
8385 724 1
6556 3789 1
6556 9391 1
6556 755 1
6556 367 1
6556 8679 1
3844 6705 1
2533 725 1
4474 1746 1
4474 5030 1
4474 1755 1
4474 4329 1
4474 9348 1
4474 9932 1
4474 2409 1
4474 9197 1
986 2145 1
3197 653 1
4852 6229 1
9652 3706 1
4578 895 1
4578 2670 1
7393 4347 1
7393 5218 1
7393 2279 1
7393 3755 1
7393 1393 1
7393 7637 1
9883 7577 1
9883 1431 1
6676 9846 1
6676 3526 1
6676 1464 1
6414 1556 1
876 1532 1
876 20 1
876 1601 1
876 3377 1
876 9 1
876 3614 1
4387 232 1
4387 6348 1
4387 9067 1
3972 5768 1
3972 7283 1
600 7385 1
7644 4459 1
8878 6764 1
5780 5937 1
815 8292 1
815 6717 1
4944 5970 1
4944 4298 1
4944 3790 1
4944 6109 1
4944 7483 1
4944 5130 1
4944 1624 1
2744 6189 1
553 336 1
553 3769 1
7846 7064 1
7846 2020 1
1907 6612 1
1907 5055 1
4819 6079 1
4819 4277 1
4819 2986 1
4819 2147 1
4819 8248 1
4819 2484 1
4819 7428 1
4819 2547 1
4819 8242 1
4819 3272 1
4819 2735 1
4819 358 1
4819 3215 1
4819 9836 1
4819 5110 1
4819 5236 1
4819 7305 1
4819 8252 1
4819 7508 1
4819 9373 1
4819 9887 1
4819 7245 1
4819 1852 1
4819 2745 1
4819 1927 1
1952 4833 1
1952 2383 1
6950 4837 1
3364 5822 1
1927 9778 1
6691 2627 1
5409 7286 1
5409 9686 1
2912 6321 1
2912 3996 1
2912 7242 1
2912 8359 1
741 2757 1
7629 7557 1
7629 8460 1
7629 5636 1
7629 1035 1
7629 2040 1
7629 9804 1
7629 3010 1
564 8675 1
564 5972 1
6635 290 1
6635 3054 1
6635 685 1
6635 243 1
2875 5118 1
5691 3986 1
8746 393 1
8746 5781 1
8746 3982 1
8746 9311 1
8746 7008 1
8746 5062 1
2800 9477 1
2800 1651 1
6061 3418 1
6 6797 1
4309 6466 1
4309 4954 1
4309 2165 1
4309 3049 1
2316 9125 1
2316 3012 1
2316 4952 1
2316 289 1
2316 4902 1
2316 4896 1
1362 7876 1
1362 7889 1
370 5964 1
2543 1481 1
2543 6007 1
2543 5563 1
2543 2808 1
2543 8194 1
2543 246 1
1613 3447 1
1613 5023 1
1613 8814 1
1613 8761 1
1613 7326 1
1613 5762 1
1613 9184 1
6148 6357 1
6148 9668 1
6148 9143 1
6148 3238 1
6148 2692 1
6148 2689 1
2900 4771 1
703 3926 1
3715 9658 1
3715 8333 1
3715 7497 1
3715 7724 1
3715 935 1
3715 5900 1
3715 6342 1
3715 206 1
9928 9807 1
4551 4821 1
8831 730 1
8831 6408 1
1416 2978 1
1416 3061 1
1416 9336 1
1416 5126 1
6293 7064 1
6293 1928 1
7710 7731 1
7710 4971 1
7710 9120 1
7710 8808 1
7710 5611 1
7710 5853 1
3548 2829 1
5635 1309 1
6732 747 1
6732 3058 1
6732 1404 1
6732 9418 1
6732 1717 1
6732 3197 1
1237 2461 1
5302 816 1
5302 6822 1
5302 2029 1
7336 8758 1
7336 9745 1
7336 7968 1
7336 4114 1
7336 8720 1
6236 1179 1
6236 6740 1
6236 6543 1
6236 1259 1
6236 9108 1
6236 8208 1
6236 713 1
6236 3589 1
6236 3350 1
6236 1500 1
1221 2707 1
1221 9881 1
1221 8505 1
1221 6677 1
1221 7454 1
1221 8327 1
8892 3248 1
1655 7400 1
1655 921 1
9453 6463 1
9453 913 1
6555 2959 1
3520 5324 1
3520 1829 1
1939 8591 1
1939 9105 1
1939 4016 1
1939 930 1
1939 4649 1
1939 2076 1
1919 2410 1
1919 1758 1
1919 1406 1
1919 251 1
3232 3776 1
3232 452 1
3232 3786 1
3232 7607 1
3232 888 1
3232 359 1
9350 3216 1
9350 7791 1
9350 4960 1
9350 3295 1
7958 201 1
7958 8129 1
1143 8170 1
4243 7850 1
4353 4767 1
4353 4916 1
4353 5604 1
4353 698 1
7670 209 1
7670 8664 1
8724 1132 1
8724 6303 1
8724 7500 1
3008 4245 1
3008 621 1
3008 1029 1
270 3722 1
270 4519 1
270 9235 1
270 5770 1
270 9578 1
270 4619 1
270 7977 1
270 8027 1
8780 2027 1
8780 7201 1
8780 7980 1
8780 8666 1
9152 6325 1
9152 7193 1
9152 511 1
9152 3253 1
9152 6939 1
3065 9476 1
3065 5680 1
2337 7756 1
6134 6335 1
6134 9628 1
6134 7990 1
6134 3474 1
6134 6520 1
2220 5889 1
2220 7827 1
7189 1330 1
7737 7636 1
6945 7375 1
1808 751 1
4818 6026 1
4818 1027 1
4818 8856 1
4818 3026 1
7065 2446 1
662 2871 1
662 4740 1
662 9888 1
928 5427 1
2631 3961 1
81 1605 1
81 2626 1
81 5389 1
81 8897 1
81 585 1
9 9342 1
2724 4081 1
9616 6993 1
9616 7112 1
9616 8049 1
9616 622 1
9616 4757 1
5367 6264 1
5367 7281 1
5367 1311 1
5367 9388 1
5367 7150 1
5367 9756 1
9183 8647 1
9183 998 1
9183 7735 1
9183 8818 1
3226 3117 1
3226 7531 1
3226 8537 1
3226 8834 1
3226 4207 1
3226 1754 1
3226 3051 1
3226 6577 1
3226 1396 1
3226 3166 1
3226 5575 1
3226 822 1
3226 4989 1
649 4604 1
8379 4949 1
8379 2806 1
8379 9156 1
8379 724 1
6383 9839 1
6383 4031 1
6383 8500 1
6383 4913 1
6383 1928 1
6383 564 1
6254 1006 1
4037 6286 1
4037 3862 1
4037 6815 1
4037 7798 1
4037 6983 1
4037 5502 1
4037 8140 1
1066 9146 1
2764 6027 1
2764 5567 1
2764 6387 1
2764 3129 1
2764 7786 1
2764 5738 1
2764 8084 1
2764 910 1
2764 2993 1
2764 2429 1
8243 1272 1
8243 9491 1
8243 3830 1
5954 3338 1
5954 7124 1
5954 857 1
5954 4524 1
9937 9079 1
9937 5851 1
9937 3242 1
9937 4647 1
9937 8884 1
4287 1780 1
7161 2128 1
7161 4356 1
7161 9926 1
8905 1994 1
6649 5413 1
178 4113 1
2740 1703 1
2740 4125 1
2740 2703 1
2740 6832 1
2740 1674 1
2740 2302 1
2740 2343 1
2740 9357 1
2740 3456 1
2740 5288 1
7057 4859 1
8640 4938 1
7813 863 1
3981 7238 1
275 3395 1
7 4791 1
8888 7955 1
7602 2562 1
7602 6610 1
7602 5422 1
7602 8165 1
2576 5212 1
2576 7828 1
2576 766 1
2576 7924 1
2576 1572 1
9442 3003 1
9283 4701 1
360 9360 1
1093 3092 1
1679 9309 1
1679 2295 1
1679 9700 1
1679 6874 1
5129 2405 1
5129 2345 1
5129 2928 1
5129 6318 1
5129 8885 1
8352 6109 1
9664 1643 1
9664 9419 1
9664 7427 1
9664 9452 1
9664 1864 1
9664 3202 1
9664 6004 1
9664 3329 1
9664 1644 1
9664 4491 1
9664 6703 1
9664 8055 1
9664 2772 1
9664 540 1
3998 1538 1
3998 3983 1
3998 3323 1
3998 3159 1
2884 8433 1
2884 6927 1
2884 7611 1
2884 7963 1
2884 2728 1
2884 3297 1
2884 1122 1
2884 9930 1
2884 6940 1
2884 5087 1
2884 9664 1
2884 5870 1
2884 5706 1
2884 156 1
8108 1233 1
8108 651 1
8108 934 1
8108 9385 1
8108 8138 1
8108 5565 1
8108 579 1
8108 7902 1
8108 3687 1
8108 8236 1
8108 9866 1
8108 5678 1
8108 2268 1
8108 4636 1
8108 1712 1
519 9247 1
519 2556 1
519 5971 1
519 9258 1
519 5903 1
519 99 1
519 6460 1
519 4366 1
519 9481 1
519 5045 1
519 1016 1
519 6202 1
2393 2954 1
2393 8008 1
5350 2990 1
5350 5713 1
5350 5677 1
5350 1274 1
5350 2572 1
5350 425 1
5350 7357 1
5350 2105 1
5350 3516 1
5350 8816 1
9583 1986 1
9583 8588 1
9583 2792 1
9583 4149 1
9583 3835 1
9583 66 1
9583 1018 1
9583 9523 1
1988 1874 1
1988 9897 1
1988 6894 1
1988 165 1
1930 5590 1
1930 3245 1
1930 5864 1
1930 2479 1
1930 6522 1
4967 3553 1
4967 230 1
4967 1907 1
4967 918 1
9931 748 1
6642 9686 1
29 2184 1
1947 8376 1
1947 957 1
1947 4020 1
1947 9619 1
1947 7679 1
1947 2270 1
1947 6528 1
1947 6571 1
6619 7661 1
6497 7303 1
6497 8934 1
6497 8833 1
6497 9835 1
6497 2366 1
6497 2576 1
1477 2857 1
1477 5455 1
1477 6877 1
1477 2260 1
1477 7331 1
1477 3342 1
1477 2452 1
1477 1292 1
1477 5615 1
6698 560 1
9421 5641 1
1804 2841 1
5240 1722 1
5188 7984 1
5188 3990 1
5188 5394 1
5188 1602 1
5188 3463 1
5188 2936 1
5188 1869 1
5188 6565 1
5188 2798 1
4403 2681 1
4403 1373 1
4403 5313 1
4403 6403 1
4403 89 1
9540 120 1
9540 8421 1
9540 5759 1
3053 8633 1
4906 2685 1
4906 2282 1
4906 9781 1
4906 9215 1
185 1417 1
185 9634 1
3432 6393 1
9015 2723 1
924 1113 1
924 9162 1
924 5826 1
924 2543 1
8226 6398 1
4803 7010 1
4803 7274 1
4803 2475 1
4803 3935 1
4803 969 1
4803 8532 1
4803 1621 1
4803 6803 1
4803 6160 1
7421 219 1
7421 8435 1
8823 7351 1
3600 9139 1
2552 288 1
1767 8385 1
1767 5234 1
1767 2641 1
1767 5862 1
1767 2028 1
4723 884 1
6211 7462 1
3910 9826 1
535 2402 1
535 7295 1
535 1640 1
6486 8094 1
9602 8062 1
9602 7811 1
9602 8925 1
9753 5619 1
2013 7031 1
3080 880 1
2284 9006 1
2284 8282 1
2284 149 1
2284 7687 1
2284 2189 1
2284 1756 1
2284 5237 1
2284 9494 1
2284 7781 1
2284 2321 1
2284 6111 1
2284 6985 1
2284 3596 1
2284 5649 1
2284 8774 1
6554 3458 1
6554 9352 1
6554 1339 1
6554 6900 1
6554 4057 1
2322 4305 1
2322 3544 1
2322 6638 1
2322 3042 1
2322 4344 1
2322 7754 1
2322 8276 1
2322 7670 1
2322 7877 1
2322 3244 1
9878 96 1
9878 1774 1
9878 4290 1
9878 8572 1
9878 3015 1
9878 1403 1
9878 4510 1
9878 5593 1
9878 9350 1
9878 1895 1
7403 427 1
6835 7125 1
6835 9229 1
6835 2367 1
6835 8971 1
3563 4865 1
3563 1991 1
3563 3236 1
3563 4689 1
3563 1030 1
3563 5840 1
3563 1383 1
6130 1103 1
5868 8288 1
5868 5484 1
8253 5842 1
8253 8936 1
8253 9794 1
8253 1402 1
8253 424 1
8253 4033 1
8253 5232 1
8253 1360 1
8253 1220 1
8253 7337 1
8253 4991 1
8253 94 1
8253 3017 1
8253 4220 1
8253 8018 1
8253 7983 1
8253 3592 1
8253 6046 1
8253 5976 1
8253 9688 1
8253 3524 1
1451 8499 1
7756 8107 1
7756 5863 1
7417 7900 1
7409 7858 1
6017 4360 1
6213 3733 1
6213 3495 1
4876 1680 1
4295 6536 1
4295 8116 1
4295 345 1
4295 9195 1
8129 3468 1
5693 9676 1
1499 4931 1
1499 5144 1
1499 5676 1
1499 5659 1
5006 826 1
5006 4635 1
5117 9012 1
5117 10 1
4546 5949 1
4546 8360 1
4546 8515 1
4546 3792 1
4061 3814 1
4061 5290 1
4061 8908 1
4061 9291 1
4061 7571 1
4061 9340 1
4061 9483 1
4061 1856 1
4061 8909 1
7121 5425 1
7121 9701 1
8942 7038 1
7697 7947 1
1356 964 1
2411 4118 1
2411 457 1
2411 6668 1
3774 7127 1
3774 4761 1
3774 7300 1
5870 3052 1
5870 9695 1
5870 6739 1
5870 4540 1
5870 8135 1
5870 5258 1
5870 3608 1
5870 2373 1
4196 3221 1
4196 7350 1
4196 6070 1
4196 756 1
4196 8213 1
4196 6433 1
4599 4665 1
4599 5954 1
4599 9612 1
4599 1975 1
4599 6720 1
4848 1950 1
4848 51 1
5079 470 1
1628 5938 1
6564 1745 1
9596 3626 1
9596 9757 1
5062 3320 1
5062 1969 1
5062 7746 1
4152 7541 1
6066 7142 1
6066 2650 1
6066 7586 1
6066 967 1
6066 6791 1
6066 2832 1
6066 774 1
6066 4710 1
6066 8757 1
6066 7653 1
5287 5984 1
5287 4209 1
9327 2194 1
9327 9662 1
9327 5929 1
9327 912 1
9327 1144 1
9327 2706 1
9327 9939 1
6592 4994 1
6592 9310 1
3734 9504 1
6287 8454 1
4624 9182 1
2902 5719 1
2902 3653 1
2902 3569 1
119 5603 1
9268 7103 1
9268 9748 1
9268 7029 1
9268 9553 1
9268 5573 1
9268 5887 1
9268 1867 1
9268 5273 1
9268 9655 1
9268 5452 1
9268 3217 1
9268 4452 1
9268 6151 1
9268 5155 1
9268 2812 1
9268 5106 1
9268 4422 1
9268 9527 1
9268 5145 1
9268 5208 1
4280 7429 1
4280 865 1
7109 2416 1
2826 1612 1
331 7168 1
331 610 1
331 7232 1
331 8227 1
331 6180 1
166 5943 1
2722 2702 1
2722 9563 1
2722 9090 1
2722 216 1
7681 9775 1
7681 4889 1
7681 9007 1
7681 5455 1
7681 8090 1
7681 5666 1
7681 6474 1
7681 7727 1
3020 8785 1
3020 1034 1
3020 6813 1
3020 7561 1
3020 272 1
2893 6928 1
2893 8489 1
9558 1652 1
9558 8232 1
9558 5735 1
9558 5100 1
6992 8250 1
2466 2928 1
4072 2636 1
1257 8921 1
5706 2749 1
5706 154 1
5706 1462 1
5706 1322 1
5706 5197 1
5706 7971 1
5706 8974 1
5706 6630 1
5706 5043 1
5706 7593 1
5706 847 1
5706 8513 1
5706 815 1
5706 2764 1
5706 6352 1
2238 13 1
2238 8982 1
4807 8206 1
4807 5873 1
4807 2305 1
4807 5964 1
4807 6108 1
4807 6584 1
4807 8782 1
4807 324 1
4807 9740 1
1572 5919 1
1572 7897 1
1572 4302 1
1572 352 1
1572 6024 1
2581 1112 1
7411 8699 1
7411 569 1
7411 3059 1
8071 2091 1
8071 8731 1
8071 1735 1
8071 4423 1
2861 9472 1
2861 4091 1
2861 1425 1
2861 3135 1
2861 4226 1
2861 4127 1
2861 28 1
2861 8943 1
8843 2903 1
8489 2786 1
8489 7578 1
5582 3235 1
5005 2553 1
5005 2258 1
5005 7730 1
6288 6350 1
6288 6244 1
6288 4784 1
6288 3621 1
9260 1995 1
4755 5034 1
2748 694 1
2748 6879 1
5828 8424 1
5828 8070 1
977 6326 1
3082 9092 1
3729 2054 1
3729 6512 1
3729 9437 1
3729 1690 1
3729 6967 1
3729 2882 1
5154 3318 1
5154 827 1
5667 8632 1
5667 7443 1
5667 2709 1
5667 8308 1
5667 5794 1
5667 8034 1
5667 2905 1
6053 7488 1
6053 2419 1
6053 4660 1
9888 2317 1
5449 7905 1
5449 5305 1
5449 3612 1
9576 4708 1
9576 3908 1
5979 8267 1
5979 5633 1
5979 4053 1
5979 5320 1
5979 5779 1
5979 6715 1
5979 4526 1
5979 5785 1
5979 5799 1
5979 9039 1
5979 4210 1
5979 5755 1
5979 2691 1
5979 838 1
447 2196 1
3440 8995 1
8656 7835 1
8656 4314 1
623 4215 1
7165 3617 1
3415 5701 1
5996 6712 1
5996 6753 1
5996 5365 1
2347 8367 1
2347 44 1
2347 4600 1
2347 9788 1
2347 9003 1
2347 9023 1
2347 5760 1
2347 6366 1
2347 8348 1
2347 8747 1
2347 2571 1
2347 3865 1
2347 1887 1
2347 8991 1
2347 2369 1
2347 1043 1
3579 2741 1
1779 9198 1
1779 7457 1
1779 1959 1
2943 1738 1
2084 1318 1
2084 842 1
5194 1913 1
5194 775 1
5194 7802 1
4918 927 1
4918 1442 1
4918 1263 1
383 8838 1
383 3919 1
383 9322 1
383 7293 1
9751 1067 1
9751 3708 1
9751 1795 1
9751 4398 1
9751 3382 1
6901 6197 1
4822 2170 1
2777 8029 1
8628 6622 1
8628 9827 1
8628 4254 1
1551 4304 1
1551 614 1
1551 6587 1
1551 3712 1
1551 8794 1
1551 4516 1
1551 347 1
1551 5791 1
1551 784 1
1551 3627 1
1551 9638 1
1551 6578 1
1551 2733 1
1551 4192 1
1551 371 1
1551 4387 1
920 9382 1
2588 810 1
2588 5032 1
7701 4263 1
7701 1005 1
3912 7568 1
9180 4179 1
9180 9719 1
9180 3124 1
9180 8461 1
9180 1671 1
9180 2290 1
641 74 1
727 9157 1
727 4388 1
727 158 1
727 6253 1
727 6048 1
727 9121 1
727 7431 1
727 1069 1
727 8848 1
727 82 1
727 7334 1
8995 8150 1
8995 3346 1
4488 7137 1
4488 8384 1
4488 1432 1
4488 824 1
4488 9169 1
1739 3790 1
7545 6841 1
9100 5107 1
9100 1544 1
9100 8456 1
9100 5257 1
9100 7255 1
9100 8949 1
9100 2124 1
9100 582 1
9100 612 1
9100 7146 1
9100 1495 1
9100 153 1
9100 3688 1
9100 5670 1
9100 8309 1
5363 485 1
1875 3567 1
3501 5955 1
2601 4981 1
2601 9683 1
2601 772 1
2601 2077 1
2810 3187 1
2810 507 1
2810 5904 1
2810 5056 1
2810 4085 1
2810 505 1
2810 554 1
2810 9765 1
2810 4447 1
2810 9402 1
2810 9080 1
121 8111 1
121 9703 1
121 4043 1
121 9755 1
121 6361 1
9603 597 1
9603 2104 1
9603 4136 1
9603 7231 1
9603 4755 1
7516 1678 1
7516 5735 1
7974 6514 1
6670 127 1
6670 7654 1
6670 9667 1
4702 6234 1
4702 9633 1
4702 3330 1
4702 4238 1
4702 9601 1
4702 8727 1
4702 280 1
5318 6514 1
5318 4642 1
280 4432 1
280 1811 1
280 9158 1
280 5215 1
280 7852 1
8405 5823 1
8405 819 1
8405 9131 1
8405 6309 1
8405 1036 1
8405 4690 1
8405 6721 1
3165 4585 1
3165 9297 1
3165 2819 1
3165 5193 1
3165 103 1
3165 2319 1
3165 1422 1
3165 7315 1
5040 8130 1
8200 1189 1
8844 3699 1
7599 660 1
4506 1617 1
4506 6597 1
4506 7947 1
4506 4431 1
4506 1535 1
1737 9906 1
1737 2453 1
1737 802 1
1737 2561 1
1737 2156 1
5623 161 1
5623 5461 1
5623 4844 1
5623 6857 1
5623 6846 1
5623 4404 1
5623 7393 1
5697 7172 1
1956 2600 1
372 3251 1
1790 2566 1
1790 6680 1
586 6491 1
586 4219 1
586 4835 1
586 6613 1
586 6028 1
586 5849 1
586 5982 1
586 9620 1
3515 2292 1
1562 2802 1
1562 9167 1
1562 3564 1
1562 8798 1
4613 2508 1
4613 4106 1
4613 5180 1
4613 3995 1
4613 7000 1
4613 8690 1
1129 1452 1
1129 3347 1
1129 8336 1
1129 6405 1
1129 2103 1
1129 1095 1
1129 6215 1
3960 7133 1
3960 4525 1
3960 5339 1
3960 3915 1
3960 1355 1
3960 1397 1
3960 1234 1
3960 9093 1
3960 3721 1
3960 5009 1
3960 8313 1
7773 2038 1
4409 5450 1
6793 2598 1
6793 8561 1
6793 4905 1
1598 8474 1
8289 4584 1
4296 5545 1
3543 7929 1
1501 1629 1
1501 75 1
6479 8858 1
135 1019 1
135 2096 1
5382 6404 1
5382 1225 1
5382 4615 1
5382 318 1
5382 7993 1
5382 6039 1
2228 2994 1
2228 128 1
2228 7473 1
2228 4804 1
2228 7415 1
2228 5645 1
2228 8538 1
2228 6547 1
2228 4328 1
2228 2848 1
2228 2148 1
2228 8087 1
2228 6 1
2228 9611 1
2228 5861 1
2228 6921 1
2228 993 1
2228 408 1
9924 4465 1
9924 9433 1
9924 4618 1
9924 3426 1
7423 384 1
9782 7446 1
8327 9927 1
8327 321 1
9368 5511 1
7395 8712 1
7395 9521 1
7395 4702 1
2188 6440 1
2839 3723 1
680 1555 1
680 8518 1
680 4650 1
680 83 1
680 8187 1
680 6272 1
680 9137 1
680 650 1
680 8896 1
624 1965 1
624 7927 1
624 3620 1
624 5340 1
624 5675 1
624 9231 1
624 8831 1
8582 1020 1
8582 7893 1
8582 9503 1
5304 4638 1
2262 5609 1
1264 538 1
3732 7474 1
9783 3848 1
8419 4081 1
8419 449 1
8419 250 1
3428 9644 1
3428 7026 1
3428 9270 1
3428 5071 1
3428 8938 1
4505 4858 1
4505 3649 1
4925 5576 1
4925 2141 1
4925 905 1
5670 678 1
5670 6836 1
5670 6396 1
5670 4768 1
5670 8762 1
3096 425 1
25 7719 1
6720 72 1
6720 9849 1
6720 4681 1
41 5129 1
7576 8482 1
7576 7910 1
1507 6216 1
1859 3344 1
1859 663 1
1859 3419 1
1859 4772 1
1859 3485 1
1859 4378 1
1859 5911 1
1859 113 1
1859 1729 1
1859 1236 1
5839 1098 1
5839 8485 1
5839 7854 1
5839 1687 1
5047 1920 1
9884 4428 1
9884 2521 1
9884 9580 1
9884 8040 1
9884 7677 1
9884 2394 1
7334 8722 1
7334 6964 1
5075 5364 1
6168 485 1
9467 9460 1
9467 3155 1
9467 7093 1
9467 1345 1
3036 4431 1
5319 4609 1
5319 8305 1
5319 2039 1
5319 1303 1
5319 3410 1
4297 3943 1
4805 520 1
6296 4184 1
6296 936 1
764 3157 1
9458 2417 1
9458 3764 1
9458 8994 1
9458 3249 1
9458 2331 1
9458 671 1
4267 9752 1
4267 9145 1
3240 3588 1
3240 6614 1
8867 467 1
8917 1296 1
8917 4019 1
8917 5726 1
8917 3886 1
8917 984 1
8917 1934 1
8917 1552 1
4518 2813 1
4518 3562 1
4518 3795 1
2557 7174 1
5202 8887 1
5202 6651 1
5202 2169 1
5202 4848 1
9629 8117 1
5260 8543 1
5260 5426 1
5260 185 1
5260 5623 1
7407 6035 1
3750 5325 1
3750 3340 1
3750 518 1
3750 9535 1
3750 4121 1
7708 1596 1
1657 2052 1
1657 9471 1
1657 4216 1
1657 773 1
1657 5096 1
1657 5814 1
1657 53 1
1657 1385 1
7981 7657 1
7981 4778 1
7981 9004 1
9219 1771 1
9219 2127 1
9219 7306 1
1935 3311 1
1935 9262 1
1935 3574 1
1935 7864 1
1935 6308 1
3820 9211 1
5687 3457 1
5687 8412 1
5687 1659 1
5687 1429 1
5687 9073 1
6279 1547 1
6279 8438 1
6279 2094 1
9138 6239 1
9138 6278 1
696 7134 1
8140 9775 1
8140 3920 1
9249 5520 1
4757 7178 1
4757 2705 1
4757 9410 1
4757 1978 1
4757 3777 1
3584 377 1
3628 7377 1
3628 4325 1
3628 8217 1
1385 2852 1
5465 7660 1
9527 228 1
9527 2310 1
716 2753 1
2205 8387 1
2205 3991 1
2205 1181 1
631 9384 1
631 1222 1
631 6655 1
8309 3186 1
7529 6978 1
7529 983 1
7529 366 1
6381 8139 1
6381 35 1
2780 2497 1
2780 2941 1
2780 5962 1
2780 6285 1
2780 4787 1
8304 4071 1
8304 5748 1
8304 3842 1
6605 9088 1
6605 719 1
6605 3218 1
1536 2782 1
1536 6195 1
1536 8001 1
1536 1549 1
1536 7780 1
1536 6922 1
3030 5051 1
3030 261 1
4337 8956 1
4337 3258 1
4337 7825 1
4337 8293 1
4337 6091 1
8988 9441 1
5208 8819 1
6372 1256 1
3694 9358 1
6987 7254 1
3256 8577 1
7718 4594 1
7718 1257 1
1190 9343 1
4017 4116 1
4017 9413 1
4017 5296 1
4017 9594 1
4017 4026 1
4017 6238 1
4017 2511 1
4017 4536 1
4017 3753 1
4017 3597 1
4017 3437 1
6359 198 1
2372 5019 1
752 2234 1
7396 9241 1
7396 3336 1
921 6074 1
921 3360 1
921 1971 1
921 617 1
5805 162 1
2292 8088 1
2292 6217 1
2292 1531 1
2292 3301 1
9734 2070 1
9734 3497 1
4627 811 1
1583 695 1
1583 5707 1
5600 8057 1
8433 1832 1
8433 8953 1
8002 2922 1
8002 778 1
8002 1353 1
9149 6300 1
9149 9802 1
4389 8898 1
4389 7235 1
4389 8753 1
4389 3554 1
4389 54 1
4389 2163 1
4389 2700 1
4389 293 1
4389 514 1
4389 6280 1
2358 7688 1
2358 7373 1
2358 9434 1
3033 1784 1
7271 7458 1
7271 1211 1
7937 1684 1
7937 9457 1
7937 7335 1
7937 7037 1
1437 6445 1
1105 8903 1
1105 5965 1
1105 1517 1
3992 3629 1
3992 2467 1
2449 573 1
9640 5024 1
9640 8659 1
9640 4765 1
9876 6607 1
9876 7573 1
3963 5711 1
3963 8407 1
2871 9325 1
2264 2666 1
2264 1242 1
4584 8198 1
3089 5211 1
8654 2713 1
161 6895 1
3766 8966 1
3766 5824 1
3860 7439 1
3860 7052 1
3310 5309 1
3310 9302 1
7265 8558 1
7265 4408 1
4500 5462 1
4500 409 1
1798 6523 1
5686 1028 1
5686 6200 1
5686 6268 1
4793 9345 1
4793 5187 1
1868 3535 1
2844 8406 1
8185 6488 1
8321 4251 1
8321 4256 1
8321 8307 1
8321 2869 1
4641 9071 1
4641 637 1
4641 2930 1
933 353 1
933 4367 1
4895 2923 1
4895 1502 1
2052 6561 1
8575 8132 1
6380 6972 1
6380 2617 1
6380 1267 1
6380 1932 1
1277 3046 1
9034 5655 1
9034 3331 1
8076 6956 1
4236 2664 1
1503 3956 1
5597 4968 1
3462 2752 1
9647 5728 1
2054 7982 1
6245 342 1
6245 9366 1
3289 6339 1
3289 2174 1
3289 9397 1
3289 4132 1
8817 6771 1
3712 6273 1
3712 6918 1
9744 483 1
9744 4253 1
9744 6203 1
7638 3538 1
7638 7432 1
7638 831 1
3648 1777 1
3648 9141 1
3648 1711 1
3648 9509 1
3648 9672 1
3648 7829 1
3648 7643 1
3648 1251 1
3648 6631 1
1652 4006 1
1652 2182 1
8325 2535 1
8325 5361 1
8325 871 1
8325 4025 1
8325 5963 1
8325 4923 1
8325 4687 1
6886 1689 1
996 4707 1
7187 4489 1
870 7733 1
3392 2482 1
6155 7873 1
6155 8366 1
6155 917 1
6155 6953 1
6155 3500 1
6155 8326 1
6155 6333 1
6155 6259 1
6155 6182 1
6155 3668 1
6155 555 1
1113 5601 1
1113 6501 1
1113 5231 1
5619 2359 1
8369 6010 1
8369 4377 1
8369 2267 1
9590 1361 1
496 6252 1
8456 3408 1
8871 9456 1
8871 175 1
8871 7556 1
8871 3199 1
8871 4826 1
8871 1719 1
8871 9607 1
8871 4469 1
8871 1786 1
8871 9055 1
8871 3184 1
8871 7809 1
8871 886 1
8871 5531 1
8871 5837 1
4198 9095 1
4198 7558 1
1554 7631 1
7011 9232 1
7011 1218 1
7011 2092 1
7011 9691 1
4316 8583 1
4324 9329 1
4324 8983 1
4324 3807 1
4324 438 1
4324 8657 1
4324 8828 1
4324 7853 1
4324 6346 1
9440 6154 1
907 4246 1
9178 2253 1
9178 2056 1
2269 9724 1
4460 1159 1
2720 613 1
2720 2122 1
2720 7689 1
2720 7459 1
8523 4983 1
8523 1543 1
8523 4009 1
3955 322 1
3932 5612 1
3932 9058 1
7630 7973 1
2288 9292 1
2659 5668 1
5997 3132 1
5997 2694 1
5997 1763 1
2606 2004 1
771 4471 1
771 6633 1
771 4861 1
8668 5536 1
8668 2849 1
8668 5877 1
8668 4468 1
8668 1038 1
8668 6947 1
8668 7559 1
8668 1979 1
8668 9430 1
8668 5429 1
8668 5400 1
8668 9934 1
8668 9819 1
8668 6535 1
8668 7822 1
8668 6411 1
4400 1099 1
4400 9799 1
3593 9287 1
6420 400 1
1350 2271 1
3260 8663 1
3260 2336 1
3260 9228 1
3260 5472 1
5405 7304 1
5405 9334 1
6510 2639 1
6510 8517 1
6510 9693 1
7964 1792 1
7964 7383 1
7045 9233 1
7045 608 1
7045 6470 1
7045 8151 1
7045 8595 1
5867 6948 1
5867 1486 1
6839 211 1
7649 545 1
7450 7587 1
9561 9307 1
9561 2845 1
9561 2352 1
9561 8097 1
9561 4499 1
9561 3590 1
9561 7967 1
9561 3459 1
9561 7513 1
9561 6138 1
9561 3837 1
7179 2341 1
4048 2007 1
6726 454 1
6726 769 1
6726 5136 1
6726 8682 1
9841 7784 1
424 7716 1
5104 8793 1
5104 415 1
7888 1524 1
7888 5644 1
7888 9669 1
7888 1013 1
7888 3604 1
7888 972 1
7888 627 1
2799 2783 1
6078 9347 1
3071 8337 1
3071 5555 1
8637 9890 1
2351 7392 1
4977 3125 1
4977 4661 1
4977 7346 1
4481 3866 1
4481 5329 1
4481 101 1
6927 2666 1
6927 1736 1
7536 9312 1
7536 8635 1
5894 931 1
5847 436 1
6543 5989 1
604 7308 1
4183 5370 1
5476 5310 1
5476 9337 1
9186 7941 1
446 9431 1
9881 9749 1
9881 4439 1
8196 8397 1
3617 2824 1
3617 9789 1
9422 4694 1
9422 1588 1
9422 803 1
9422 3178 1
9422 8721 1
9852 2115 1
1219 7213 1
1219 2956 1
3140 5270 1
1580 2062 1
1184 463 1
1184 3491 1
2064 7992 1
2991 1086 1
2991 6500 1
2991 3855 1
2560 4346 1
2560 1677 1
6156 476 1
6156 7717 1
6156 6988 1
2570 2171 1
2570 3591 1
2570 6784 1
2570 2658 1
2570 3509 1
2570 1842 1
2570 4957 1
2570 6766 1
2570 1141 1
2570 9316 1
2570 3950 1
5176 3641 1
5641 8065 1
1250 714 1
5545 4044 1
1462 4018 1
1462 2885 1
1462 329 1
1462 9529 1
9592 4475 1
7683 8946 1
8317 3441 1
8907 6493 1
1347 1545 1
3160 5311 1
3997 2619 1
5032 7928 1
5032 5718 1
7929 1743 1
7929 1570 1
7929 9665 1
7929 9052 1
7929 6581 1
1142 4155 1
4180 598 1
4180 7870 1
4180 3847 1
4180 7569 1
3398 5786 1
3398 9013 1
3398 7433 1
3398 3891 1
3398 4541 1
3398 1238 1
3398 6650 1
3398 4716 1
3398 3693 1
8770 4673 1
8770 3974 1
5317 4023 1
5317 459 1
2618 5561 1
2618 9168 1
2618 9378 1
2618 6212 1
2618 8769 1
1440 4213 1
6661 3321 1
3620 2400 1
4844 148 1
8264 5335 1
8264 1434 1
8264 8425 1
8264 4507 1
3200 6646 1
1960 1419 1
1960 4521 1
1960 7553 1
7690 7111 1
7690 2349 1
7690 5505 1
7690 1166 1
5393 9738 1
4004 5744 1
6857 9353 1
7971 3321 1
7971 5445 1
7971 9674 1
3380 7485 1
6253 797 1
569 5610 1
3747 7117 1
3747 7851 1
7084 2536 1
7084 534 1
9462 6450 1
9462 8410 1
9462 1255 1
9462 4303 1
9462 9135 1
9462 854 1
9462 4047 1
9462 19 1
9462 9729 1
9462 5242 1
9462 5957 1
9462 4706 1
9462 6924 1
9462 8857 1
9462 2432 1
9462 1053 1
9462 9447 1
9462 431 1
9462 1229 1
7711 1569 1
7711 8413 1
1610 7447 1
1610 632 1
3059 3006 1
3059 7715 1
3059 8498 1
8421 1282 1
4646 5109 1
4646 365 1
4646 3812 1
4646 7771 1
6507 314 1
6507 3293 1
9452 3808 1
4935 4532 1
2318 5916 1
2318 9126 1
2318 9269 1
2318 8290 1
4587 6707 1
2239 1778 1
7283 4086 1
792 839 1
4211 2477 1
2795 1905 1
1622 4868 1
1622 3471 1
1937 9803 1
4794 7885 1
5133 8025 1
4856 691 1
4856 5131 1
4856 7304 1
4856 8781 1
9251 3276 1
9379 3523 1
9379 5169 1
9379 6283 1
9379 4461 1
9379 8035 1
9379 5375 1
9379 348 1
9379 1998 1
9379 4752 1
9379 1890 1
9379 7519 1
8555 4405 1
8555 7028 1
8555 1154 1
8555 658 1
8555 3724 1
4487 4007 1
853 2081 1
853 6588 1
853 5446 1
853 2074 1
853 5942 1
853 373 1
8066 3762 1
1042 5149 1
6258 5806 1
4771 7994 1
7440 3754 1
7440 1458 1
7440 3205 1
7440 7067 1
7440 3976 1
7440 8606 1
7440 2926 1
7440 9398 1
7440 6609 1
8676 7542 1
9069 4493 1
6423 7194 1
3982 471 1
1882 5297 1
1882 690 1
5432 5917 1
5432 9130 1
1678 4137 1
4965 9859 1
9179 3896 1
9179 5503 1
9179 64 1
9179 9791 1
9179 5509 1
9179 4698 1
9179 9532 1
9179 5588 1
9179 565 1
994 4503 1
5257 3856 1
1305 9512 1
2066 5757 1
2066 9362 1
4451 6849 1
961 6036 1
4344 5884 1
4344 5486 1
3522 2404 1
3522 3168 1
7938 8992 1
7938 1740 1
2505 108 1
2505 7579 1
6602 2768 1
7639 5643 1
7639 5163 1
1215 1770 1
355 9234 1
355 3954 1
6004 9705 1
4207 244 1
4207 7849 1
4207 7840 1
845 6525 1
845 9568 1
845 2354 1
845 8296 1
845 1853 1
62 712 1
1577 2833 1
1577 6591 1
1577 9103 1
1577 6323 1
1300 4862 1
5880 616 1
5880 2573 1
5880 3450 1
5880 6551 1
5880 736 1
5880 7475 1
5880 8341 1
5880 8837 1
5880 4814 1
5383 5845 1
9944 2549 1
9944 6545 1
9944 5551 1
9944 1539 1
9944 1957 1
4117 7917 1
8051 3783 1
8009 5414 1
8009 4155 1
8009 9479 1
8284 6801 1
7229 5091 1
7229 6511 1
9735 654 1
9735 3464 1
5646 1467 1
5646 8400 1
5646 5022 1
5646 2540 1
5646 1240 1
5646 8599 1
5646 1333 1
8754 7580 1
8754 8048 1
8754 5995 1
2070 6566 1
1601 3849 1
1601 5721 1
3660 639 1
3660 1183 1
3660 3291 1
3660 872 1
4914 7198 1
1603 124 1
2245 2090 1
8886 4715 1
8886 6624 1
8886 6029 1
7818 3381 1
7818 3967 1
3444 4166 1
3444 6142 1
3444 8592 1
9900 7023 1
9900 9718 1
9900 1595 1
4412 7891 1
4412 3169 1
4412 1328 1
7766 7998 1
8113 598 1
4064 7725 1
4064 4406 1
4064 5681 1
8046 5021 1
4934 3288 1
4934 1662 1
4934 4479 1
4934 4718 1
4934 2968 1
3297 2759 1
3297 1667 1
3349 3114 1
3349 4473 1
8749 8082 1
1096 9404 1
1096 4915 1
1096 4433 1
3904 2086 1
7676 1725 1
7676 2957 1
1060 9677 1
1060 9549 1
1060 4758 1
3631 2961 1
8495 3132 1
8495 1860 1
8495 726 1
8495 3918 1
2739 6453 1
2739 9702 1
2739 3851 1
2805 7024 1
7208 7340 1
94 668 1
1470 2152 1
1717 2803 1
522 6595 1
5440 5956 1
5440 6290 1
5440 5488 1
5440 2964 1
5440 7465 1
1760 3062 1
1760 6103 1
1139 7166 1
1139 7173 1
1139 6558 1
1139 5712 1
1139 3804 1
1139 4173 1
1139 3174 1
1139 2532 1
1139 5025 1
2610 5312 1
8863 1223 1
8863 512 1
8863 4001 1
7901 3800 1
9923 2246 1
9923 1809 1
8539 195 1
6975 1465 1
2221 8850 1
9763 6219 1
9763 954 1
9763 8643 1
9763 5067 1
8897 2060 1
1800 7805 1
1800 136 1
7359 6870 1
7359 1450 1
2455 4427 1
3703 814 1
3703 7380 1
3703 6062 1
3703 2087 1
3703 8554 1
3703 2773 1
3703 6047 1
3703 7691 1
3703 5532 1
3703 6105 1
3703 7016 1
3703 5491 1
8536 3730 1
5385 6683 1
5385 8714 1
5385 1398 1
5385 3131 1
5385 4333 1
5385 3213 1
5385 7748 1
4220 7584 1
7151 4567 1
8617 8466 1
8617 8604 1
8617 9776 1
8617 4816 1
8617 9943 1
8617 938 1
8617 3182 1
4175 5109 1
4175 2790 1
4175 6672 1
3859 4445 1
9086 7444 1
3858 2695 1
6123 1854 1
6123 8136 1
6123 644 1
6123 9142 1
7266 2297 1
4049 4920 1
4049 3948 1
2733 9061 1
6834 2629 1
6834 4625 1
6834 6235 1
852 3863 1
6780 3914 1
6780 4418 1
1399 7039 1
1399 4055 1
5236 3735 1
5236 6506 1
5236 9618 1
2979 9243 1
7798 3423 1
7798 4502 1
7798 704 1
5272 699 1
9945 8911 1
1118 3138 1
1118 3104 1
1118 1741 1
1118 9896 1
1118 5428 1
1118 1696 1
1118 9319 1
1118 152 1
1118 3949 1
1118 5069 1
1118 6294 1
1118 5059 1
1118 8306 1
8766 4798 1
2123 5156 1
2123 9844 1
2123 3077 1
2123 9723 1
2123 6401 1
50 1253 1
7820 2719 1
7820 9495 1
4258 4130 1
7754 8290 1
7754 3373 1
7305 8143 1
7305 6364 1
3315 4190 1
3315 581 1
3315 5521 1
3315 5114 1
1523 4200 1
2754 1914 1
2754 3971 1
2754 1478 1
2754 5473 1
2754 354 1
5100 4527 1
5100 3383 1
5100 693 1
846 4945 1
846 1614 1
846 8067 1
846 5871 1
1389 6799 1
6730 1983 1
9446 2773 1
9446 1510 1
9446 2442 1
9446 3188 1
9446 8930 1
4192 9063 1
8163 4738 1
9488 9493 1
9488 2451 1
4002 4010 1
4002 46 1
4002 5010 1
3894 4972 1
3894 6302 1
3894 3044 1
3894 5142 1
3894 6336 1
3894 2002 1
3894 6929 1
3894 2252 1
4825 456 1
1672 859 1
6081 2608 1
4318 1083 1
4318 3602 1
4705 7154 1
4705 2093 1
4163 1079 1
2976 4458 1
2976 8210 1
2976 9389 1
2976 9107 1
3611 866 1
8683 7416 1
8683 7600 1
8603 2768 1
8294 9009 1
8294 7961 1
8513 199 1
9606 3852 1
9606 3962 1
8018 5327 1
8018 9328 1
2726 4685 1
2726 8686 1
2726 9907 1
2726 7366 1
2726 4276 1
2726 4038 1
7996 8112 1
7996 6274 1
7996 498 1
2259 4759 1
3779 3068 1
3225 7017 1
3225 6073 1
3225 500 1
3225 1972 1
3225 9424 1
3225 5506 1
3225 2106 1
6116 7845 1
6116 4782 1
3930 7062 1
423 3167 1
1214 2468 1
1214 6330 1
6289 1254 1
6289 5036 1
6289 676 1
8443 4623 1
8443 3072 1
7618 6373 1
7618 7378 1
7742 3039 1
2723 3691 1
6669 4024 1
4597 9022 1
5126 9314 1
5126 3341 1
5126 4870 1
5126 7962 1
4003 1923 1
4003 8989 1
1521 5788 1
1521 9256 1
1521 1241 1
1521 2025 1
1521 8948 1
4523 1793 1
4523 5990 1
8144 5149 1
3592 3243 1
3592 568 1
3592 4734 1
6046 1581 1
6046 9663 1
8611 1700 1
8611 8362 1
708 5924 1
708 5108 1
3652 8244 1
3007 9109 1
2096 7975 1
8385 9642 1
3197 5120 1
7393 1505 1
7393 9496 1
7393 566 1
7393 2447 1
1989 8540 1
1989 4993 1
1989 1977 1
1989 489 1
1989 3386 1
1989 4891 1
1989 6057 1
4944 1427 1
1907 2909 1
1907 4853 1
4819 197 1
4819 2138 1
4819 2731 1
1952 5541 1
6061 4089 1
5815 2980 1
5815 6456 1
5815 6579 1
5815 7551 1
5815 8902 1
5815 6210 1
5815 7667 1
5815 2132 1
5815 3411 1
5815 6354 1
5815 5602 1
5815 7890 1
370 5751 1
370 2272 1
370 8234 1
370 2503 1
370 4961 1
370 4492 1
2543 4098 1
1613 4850 1
6148 4115 1
3715 6981 1
3715 6910 1
3715 6902 1
6293 6319 1
6732 9226 1
6732 5372 1
7336 3634 1
7336 6932 1
7336 5751 1
7336 2914 1
7336 4159 1
6236 8472 1
6236 9860 1
6236 3273 1
6236 4437 1
7073 9318 1
1939 3306 1
1919 1693 1
3232 3021 1
4269 7476 1
9152 8283 1
6134 1505 1
9 6209 1
9 3370 1
9616 6652 1
9616 2375 1
5367 6481 1
5367 8393 1
3226 6327 1
7753 2060 1
8379 5616 1
8379 6527 1
8379 4854 1
6383 3081 1
4037 6862 1
7412 183 1
8243 1115 1
9937 9584 1
9937 8152 1
7161 2932 1
2740 8574 1
4322 8767 1
8888 4885 1
8888 7866 1
7602 3599 1
1679 6424 1
5129 8394 1
9664 1331 1
9664 1840 1
9664 9500 1
9664 6139 1
2494 5556 1
2884 3740 1
2884 1463 1
2884 1611 1
2884 4535 1
2884 7751 1
2884 5710 1
2884 5974 1
8108 6199 1
519 264 1
519 7074 1
519 233 1
5350 8587 1
9583 3725 1
4967 7704 1
1947 1409 1
1947 4105 1
1477 9091 1
5188 1822 1
5188 9068 1
5188 2642 1
9540 4195 1
7035 3690 1
7035 303 1
3053 5143 1
4906 744 1
185 1653 1
185 1505 1
4803 1508 1
7421 5092 1
2552 2291 1
2552 3638 1
2552 4607 1
1767 4783 1
535 3293 1
535 2507 1
2284 5351 1
2284 8319 1
2322 8047 1
2322 225 1
2322 5028 1
2322 5478 1
2322 4143 1
9878 6444 1
9878 5139 1
6485 9679 1
6835 8964 1
182 1299 1
8253 1270 1
8253 8192 1
8253 8779 1
8253 6770 1
8253 6310 1
8253 8395 1
8253 6369 1
8253 659 1
8253 7442 1
8253 1059 1
8253 9213 1
8253 4621 1
8253 4496 1
8253 7696 1
8253 1085 1
8253 7381 1
1451 1471 1
5693 2335 1
3774 6824 1
3774 7862 1
5870 1116 1
5870 8287 1
5870 6173 1
4196 3534 1
4599 4774 1
6564 468 1
9596 1843 1
9596 9916 1
9596 643 1
5062 4077 1
6066 3854 1
6066 4956 1
7510 1171 1
9268 1747 1
9268 894 1
9268 9132 1
9268 1752 1
9268 1089 1
9268 4538 1
9268 2364 1
2826 7800 1
331 3623 1
2722 3262 1
7719 979 1
3985 3105 1
9558 4270 1
5706 1649 1
5706 1686 1
5706 3409 1
5706 4592 1
5706 6639 1
5706 4008 1
5706 417 1
5706 2340 1
5706 3211 1
5706 2992 1
5706 8083 1
5706 1889 1
5706 4883 1
5706 2362 1
5706 1761 1
2238 3271 1
4807 2469 1
1572 6447 1
7411 9889 1
2861 2042 1
3087 9550 1
3087 9743 1
3087 9053 1
5582 1743 1
5582 879 1
3133 4928 1
3133 1446 1
3133 3275 1
3133 4659 1
3133 2470 1
5758 9741 1
5758 9123 1
6530 4092 1
5449 8102 1
5979 5181 1
5979 6133 1
7655 2265 1
2347 8967 1
2347 4160 1
2347 6809 1
506 4350 1
6901 3345 1
6901 4927 1
2777 6218 1
2777 2415 1
2777 4107 1
2777 4899 1
3633 5213 1
1551 2197 1
1551 1100 1
1551 4605 1
1551 5878 1
1551 9063 1
9180 5138 1
727 2247 1
727 2890 1
727 7135 1
727 7494 1
727 3257 1
727 399 1
727 1062 1
727 4941 1
727 7369 1
727 1801 1
8995 7951 1
9100 4792 1
9100 4187 1
2601 2210 1
2601 6317 1
2810 271 1
2810 3536 1
121 2150 1
9603 565 1
9603 1055 1
9603 9208 1
3165 571 1
3165 2032 1
3165 5210 1
7599 2779 1
5623 5277 1
5623 1070 1
3960 6207 1
3960 6883 1
3960 7912 1
3960 3470 1
6271 2585 1
4296 4467 1
3821 3101 1
3821 6471 1
5382 9537 1
2228 8467 1
2228 3603 1
3569 7673 1
3688 3552 1
4029 5265 1
4029 7879 1
4029 7091 1
4029 1877 1
4029 584 1
4029 6934 1
9783 648 1
4505 343 1
212 1700 1
1859 3435 1
5839 8463 1
5839 4560 1
8634 7469 1
8634 1915 1
8634 689 1
9467 4282 1
5319 9762 1
5319 4839 1
6296 5961 1
9458 7136 1
9458 5968 1
8917 2639 1
5260 2045 1
5260 5252 1
7666 9499 1
3750 5803 1
3750 976 1
3750 8361 1
7981 5084 1
1935 2643 1
1935 180 1
3820 8235 1
3820 8846 1
3820 7056 1
8140 5679 1
3628 7209 1
5465 1261 1
5465 1845 1
7529 3881 1
8988 9426 1
8988 5207 1
2219 4103 1
2292 3333 1
2292 3616 1
1583 1802 1
3655 1938 1
8531 8777 1
8531 5490 1
5162 7867 1
7141 2455 1
3417 4183 1
8375 91 1
8245 9193 1
4617 8024 1
4617 1661 1
546 7662 1
4257 6262 1
4257 8614 1
4257 4487 1
4257 3149 1
4257 4595 1
4257 5102 1
4257 1859 1
8895 5572 1
2445 8640 1
2463 6915 1
8569 1365 1
8569 5854 1
8569 1305 1
6494 6734 1
6494 577 1
6494 7565 1
8176 5857 1
3887 4153 1
5507 7412 1
7342 3803 1
5589 3760 1
9294 187 1
3878 2325 1
3878 3729 1
673 9066 1
7349 8298 1
5485 7336 1
3324 4815 1
6082 3766 1
6082 4334 1
6082 4483 1
479 1630 1
8836 8066 1
1891 3741 1
5419 5547 1
5419 2214 1
4285 323 1
4285 3669 1
4285 7648 1
4285 2975 1
2534 9543 1
837 3094 1
837 6914 1
1670 4065 1
7671 7081 1
7671 2631 1
7034 2264 1
7034 1156 1
7034 1800 1
9089 6786 1
2522 6100 1
7169 7484 1
9796 2120 1
5381 1537 1
6115 2969 1
2609 9767 1
5341 8041 1
5341 5695 1
5346 8597 1
6844 7386 1
2256 8571 1
5801 6420 1
1063 6592 1
197 5684 1
197 5894 1
197 9884 1
7418 5385 1
7418 4274 1
7418 331 1
7418 727 1
7418 624 1
1903 5778 1
4239 5778 1
9248 281 1
3999 567 1
2620 5152 1
7714 7505 1
835 6227 1
2669 1912 1
7401 9257 1
6449 2976 1
8748 5651 1
7455 5476 1
4982 222 1
6422 1451 1
9338 4924 1
6540 2881 1
7131 6049 1
5537 5443 1
3434 4012 1
8081 9517 1
241 6497 1
4407 8094 1
7826 7779 1
6991 2218 1
7814 8009 1
2762 8861 1
4111 8108 1
4550 9608 1
5933 4106 1
5933 4613 1
885 8264 1
885 2143 1
3075 4203 1
8829 8871 1
8829 1882 1
8829 7783 1
8616 4819 1
1664 9883 1
8172 4237 1
8172 3449 1
8172 7801 1
8743 5451 1
8674 4201 1
8674 8591 1
8674 6284 1
8674 3652 1
8674 9540 1
1331 2727 1
1331 5133 1
1331 9346 1
8598 3522 1
5248 3522 1
9038 4481 1
9038 7073 1
3306 5350 1
9187 7639 1
9187 3859 1
9187 5188 1
3689 5302 1
3689 5667 1
420 480 1
8776 480 1
6965 6537 1
8332 9551 1
6174 5061 1
5189 9900 1
5189 6694 1
5189 2754 1
5189 9878 1
5189 8253 1
5189 4296 1
1198 6313 1
5177 2094 1
8262 8268 1
9369 5923 1
1925 6315 1
8019 6860 1
5927 2311 1
7149 2805 1
7149 3490 1
6606 9379 1
6606 8905 1
1456 9786 1
5925 2597 1
5925 2610 1
5925 9444 1
8445 6282 1
8442 3479 1
8344 144 1
789 5674 1
3916 6156 1
5077 9455 1
2652 7817 1
1540 7608 1
1540 8511 1
1540 4680 1
1541 1959 1
7338 8676 1
9030 5466 1
6425 3289 1
6425 7440 1
7774 8321 1
2385 7529 1
8799 6828 1
8799 1568 1
4834 7923 1
3704 5855 1
3704 2492 1
3704 7702 1
8624 4641 1
3518 4488 1
1022 6417 1
1022 994 1
5872 8462 1
5395 3864 1
7595 3963 1
5905 8906 1
6451 1534 1
1392 3746 1
3 907 1
2788 2284 1
8526 8229 1
1196 6958 1
1196 576 1
5918 4003 1
8553 4204 1
7414 3781 1
7546 9183 1
6871 5498 1
2376 5945 1
2376 5402 1
2376 2739 1
2376 4390 1
2657 2726 1
8214 6886 1
3882 7664 1
883 8931 1
5345 8109 1
3406 9923 1
941 7915 1
9656 6516 1
3868 2388 1
3488 5463 1
7352 6749 1
805 7795 1
9000 8746 1
376 3226 1
5396 5821 1
8737 5821 1
9670 5543 1
8356 9744 1
8356 8523 1
8356 1347 1
8356 4935 1
8356 2322 1
8356 4242 1
6009 8322 1
7408 5538 1
2251 5526 1
2704 496 1
418 15 1
2746 9305 1
137 7129 1
137 5467 1
320 738 1
1929 4258 1
6386 8593 1
8225 8241 1
2109 9577 1
8548 8527 1
8548 7055 1
8891 890 1
442 1313 1
1865 200 1
5286 1536 1
3613 2080 1
7009 7035 1
4150 3319 1
7810 611 1
3958 7932 1
5722 6099 1
4151 8886 1
6760 9407 1
9730 3630 1
9730 5241 1
5720 6067 1
4223 4379 1
2167 6636 1
2167 9721 1
2167 3672 1
2167 410 1
2167 2498 1
2167 7981 1
2167 6279 1
2167 8973 1
3565 3358 1
1054 6236 1
3936 6372 1
4027 4722 1
4543 3858 1
4984 572 1
1900 1368 1
4823 1276 1
8473 2288 1
6437 8363 1
6437 7385 1
6001 2188 1
9851 8180 1
5468 3955 1
5468 6477 1
4596 23 1
8557 6134 1
8557 2098 1
9237 6043 1
5217 1523 1
2300 9448 1
868 4599 1
2653 6975 1
92 5888 1
92 3579 1
3744 1660 1
813 9871 1
3959 3487 1
3959 7110 1
1408 282 1
6443 920 1
3922 8629 1
5378 9090 1
7424 9159 1
3709 7938 1
6872 5519 1
6872 4930 1
1753 9797 1
1248 8862 1
126 3436 1
798 9242 1
902 5892 1
7988 2071 1
1727 8015 1
5442 446 1
9940 186 1
8707 1215 1
2730 5119 1
9534 5101 1
9416 48 1
5315 5524 1
965 2542 1
1518 1470 1
1072 8488 1
2185 369 1
7594 3951 1
7819 1060 1
3228 8350 1
3228 8662 1
3581 997 1
2275 3334 1
2760 7865 1
2760 5867 1
8420 8706 1
6045 3102 1
1656 9707 1
6776 6389 1
7036 8698 1
4311 207 1
2371 2918 1
2371 6762 1
9936 3832 1
3107 5005 1
2480 7441 1
8650 8284 1
6586 118 1
6586 422 1
3283 4464 1
9275 1609 1
4573 6625 1
4169 3475 1
4559 1947 1
7610 1734 1
9908 2207 1
4504 4669 1
1010 8913 1
2102 4658 1
6307 6363 1
7539 8133 1
7272 405 1
2307 1892 1
9014 9645 1
6925 3296 1
5910 9086 1
5910 2533 1
5910 4409 1
1716 7585 1
5585 2633 1
9475 6123 1
2851 6190 1
3476 2962 1
3393 5600 1
7470 7001 1
9380 3911 1
7582 9482 1
1065 4903 1
1065 2082 1
1065 6718 1
6063 1834 1
237 7630 1
9253 7630 1
1340 3401 1
9654 7148 1
642 8260 1
5216 5154 1
3460 6722 1
6157 5352 1
3921 721 1
3921 4161 1
657 1056 1
3502 9935 1
7723 6660 1
7762 4123 1
7762 7846 1
7762 9480 1
2384 1591 1
1498 1548 1
2568 6553 1
3573 6288 1
8889 6492 1
3799 3430 1
6395 2903 1
6395 8771 1
6395 9616 1
9351 2221 1
8458 2456 1
8458 3119 1
317 1369 1
4847 1554 1
1226 4154 1
1226 1435 1
5074 3486 1
69 8552 1
6101 444 1
8504 6679 1
978 6730 1
2183 4271 1
6926 4895 1
6926 5465 1
1623 3628 1
6068 3200 1
9530 7436 1
1316 8243 1
8742 1504 1
6842 8824 1
4746 370 1
2648 8648 1
4416 6382 1
4416 8124 1
2146 6208 1
7515 4420 1
1466 845 1
9264 8512 1
6666 3232 1
5662 2239 1
5333 5709 1
6763 6278 1
9469 2064 1
2293 4668 1
6257 5291 1
3642 4225 1
3481 8302 1
2235 1350 1
2235 550 1
6018 2217 1
2577 9409 1
4066 2273 1
1415 9148 1
1415 6206 1
8257 590 1
3679 4628 1
3846 7614 1
8335 7655 1
4283 6383 1
9625 8988 1
2118 6166 1
7803 8789 1
5560 9394 1
1681 1521 1
8615 3890 1
919 8450 1
919 1635 1
919 7703 1
8716 7523 1
5458 4892 1
1 8113 1
2381 5642 1
3531 5896 1
3546 5656 1
9332 8617 1
5170 4894 1
256 6442 1
6515 2979 1
6137 3378 1
4997 2125 1
6627 7292 1
6509 8939 1
5148 4724 1
3809 8555 1
3469 2110 1
6118 4827 1
1619 9359 1
530 1622 1
1773 4505 1
3404 5157 1
5489 43 1
7498 6032 1
9118 9638 1
3624 7555 1
1578 164 1
3057 4392 1
9399 7538 1
7471 1657 1
3893 3082 1
7843 8177 1
7976 776 1
9766 599 1
1851 4450 1
9134 7699 1
1496 703 1
1476 8492 1
2488 8002 1
2789 8725 1
2789 7159 1
3252 8 1
3252 7257 1
1557 1258 1
2114 3660 1
3625 4034 1
4868 2615 1
7332 2338 1
7332 6061 1
1134 8509 1
8496 7072 1
8496 9315 1
9834 3833 1
1371 8258 1
3707 3931 1
5944 1174 1
1726 6684 1
8324 406 1
3083 750 1
5966 7796 1
2314 3520 1
3241 2514 1
167 7650 1
5804 138 1
8621 189 1
1173 9524 1
6833 3279 1
4691 8249 1
2673 6351 1
6663 1148 1
6663 4460 1
5220 4640 1
5704 4042 1
6731 5818 1
3743 1970 1
177 5393 1
4704 1847 1
9604 9588 1
3192 7820 1
1646 2037 1
3784 2244 1
4575 6759 1
5702 9814 1
7053 8164 1
1863 5172 1
2166 6709 1
2421 3361 1
7596 2390 1
7596 7560 1
7946 1610 1
1491 878 1
558 563 1
8381 3973 1
9284 6998 1
9585 8717 1
7768 3925 1
1109 7323 1
7467 8780 1
1615 1105 1
2209 5411 1
3952 3894 1
5359 2873 1
5359 5558 1
330 5262 1
239 6611 1
5128 5275 1
2725 6041 1
3388 3917 1
214 6094 1
3465 626 1
7360 7152 1
6362 1214 1
1334 5063 1
7812 4932 1
1269 4555 1
8402 9216 1
8402 102 1
6853 1573 1
5653 4403 1
9516 7863 1
3227 2230 1
6072 741 1
188 9356 1
9375 8536 1
4601 2839 1
2075 2816 1
4278 5072 1
3394 7151 1
7978 2313 1
7491 1136 1
1750 1937 1
388 4803 1
1108 3556 1
2835 768 1
3810 4319 1
490 8611 1
5328 3444 1
2436 4833 1
4962 7132 1
6648 9094 1
4144 1389 1
4188 1114 1
5907 2732 1
1846 8542 1
8594 3078 1
3137 2740 1
2913 2677 1
2266 5336 1
1817 8218 1
5648 4906 1
8154 3901 1
3498 1014 1
2204 1280 1
455 4301 1
4411 679 1
9698 4389 1
9161 6483 1
6384 4061 1
3671 8651 1
6827 472 1
682 4393 1
5579 5686 1
9381 8275 1
6345 4518 1
2970 1118 1
2970 6116 1
2970 2884 1
1123 4699 1
7177 9464 1
9341 4793 1
9771 6510 1
3048 7629 1
3420 5737 1
2036 4646 1
229 7720 1
3909 2318 1
8012 3869 1
9513 1850 1
1866 4485 1
2458 4304 1
5267 9492 1
6256 8652 1
1709 7680 1
2880 5528 1
7686 3867 1
8954 5260 1
5838 7695 1
8157 5052 1
3298 3728 1
7581 6104 1
9902 2887 1
8086 9422 1
503 8904 1
1423 6078 1
1423 8446 1
1423 9025 1
1423 4145 1
7309 646 1
7309 5950 1
7309 6669 1
5397 728 1
5303 8750 1
7155 1989 1
6090 7979 1
2613 1440 1
2613 6394 1
4598 9687 1
9806 9272 1
7487 4211 1
1488 6866 1
7591 8175 1
8661 8605 1
1576 4674 1
2988 4230 1
829 2743 1
6419 4236 1
4397 900 1
6867 4175 1
98 6030 1
5899 423 1
9754 5480 1
2236 3496 1
7574 3225 1
9682 8977 1
1606 5371 1
7743 4391 1
3492 5815 1
3264 9606 1
3274 7958 1
1380 6864 1
4054 914 1
3455 7040 1
9355 1600 1
9610 5866 1
992 2473 1
8882 4062 1
869 6879 1
7247 62 1
5986 7109 1
1149 4909 1
3749 344 1
697 260 1
6242 6037 1
443 5736 1
9170 9335 1
7287 5000 1
9077 9149 1
6025 8916 1
8478 2587 1
8436 2811 1
1370 7022 1
7215 4229 1
1821 7722 1
1390 6840 1
6689 3117 1
2624 8216 1
5836 541 1
1694 5380 1
6820 8340 1
2155 6973 1
6811 4922 1
9867 4067 1
2425 7219 1
6291 9918 1
9865 1881 1
4753 6083 1
5893 5814 1
1883 5724 1
1204 852 1
3128 1583 1
7627 4064 1
9545 5440 1
234 8567 1
9556 5150 1
4663 5449 1
8161 9383 1
9160 5822 1
6907 61 1
2139 61 1
14 61 1
6517 615 1
5158 3361 1
5809 5499 1
3650 5174 1
7760 2982 1
55 2330 1
1698 2304 1
1354 9415 1
7402 6377 1
8329 6413 1
5343 4374 1
3826 6343 1
3696 5664 1
4359 8634 1
7712 1170 1
226 9414 1
3580 542 1
4454 447 1
7123 9566 1
5552 7797 1
7914 9558 1
2063 7156 1
2862 6818 1
7140 8163 1
4495 8286 1
9673 3343 1
6743 4290 1
205 8937 1
32 4874 1
9265 8075 1
1906 4788 1
6966 1603 1
3332 3985 1
3945 3140 1
333 9541 1
333 464 1
990 2486 1
7752 1904 1
1849 5447 1
5159 8432 1
3666 5008 1
4124 9690 1
1813 2140 1
9899 1252 1
2574 2023 1
5969 7888 1
7066 2985 1
6013 4542 1
8069 5161 1
1718 3907 1
2377 6023 1
9847 9363 1
7258 1636 1
6092 4338 1
3034 8786 1
194 753 1
8193 5284 1
1138 5017 1
4446 291 1
2237 1924 1
1157 5606 1
4268 4368 1
2599 513 1
3582 8922 1
335 6819 1
7307 5367 1
2883 3820 1
7191 851 1
8374 3772 1
3190 3607 1
6532 7666 1
8092 5570 1
460 8315 1
21 1438 1
3968 6949 1
3716 8383 1
833 1808 1
5858 8603 1
6301 6355 1
6888 1477 1
8775 6487 1
3872 4049 1
9581 190 1
4041 9202 1
6179 3012 1
2242 5764 1
6875 4214 1
3763 7265 1
3763 9891 1
7330 2198 1
2053 1283 1
6011 4825 1
8320 3663 1
8145 5798 1
8815 7320 1
6247 8076 1
2888 684 1
5777 6162 1
8854 710 1
3389 7524 1
2493 2386 1
8266 3785 1
1293 8428 1
6890 9548 1
3529 5670 1
5998 846 1
7451 9138 1
242 4808 1
785 381 1
6562 7886 1
6787 4400 1
7023 5117 1
8528 7782 1
823 6756 1
7116 1034 1
7460 7362 1
5843 7183 1
1951 7754 1
1926 9583 1
8927 4500 1
8404 3924 1
9192 4739 1
955 5040 1
3123 5634 1
8368 2836 1
2101 8440 1
8985 4189 1
4289 2720 1
8610 6459 1
9843 6148 1
806 4384 1
8031 9640 1
3605 7856 1
825 2895 1
932 4842 1
3971 6066 1
5631 7841 1
492 3609 1
8044 1911 1
3374 8609 1
5300 5301 1
2294 519 1
5580 8549 1
1321 9112 1
4260 9210 1
4259 4944 1
9019 6901 1
8933 7268 1
8955 4330 1
2804 2177 1
8631 9166 1
544 7663 1
3170 9697 1
349 7030 1
4202 6003 1
2232 4080 1
6476 4969 1
6847 1546 1
2896 7463 1
4308 7592 1
4172 6781 1
2227 4523 1
9562 7291 1
5398 5470 1
220 1405 1
2886 5891 1
7966 5999 1
9057 9876 1
4100 6629 1
7278 2190 1
6788 3934 1
7186 4917 1
4494 3462 1
1528 8568 1
1391 6719 1
3506 299 1
6400 8590 1
5522 8590 1
379 5598 1
145 9590 1
132 7161 1
1137 9154 1
6005 7175 1
2034 3568 1
8784 3663 1
7294 7878 1
4975 1551 1
4831 3106 1
4248 5409 1
588 4987 1
9354 5417 1
991 6659 1
6779 1297 1
2495 6750 1
2495 5006 1
1426 3071 1
2765 5773 1
6186 2380 1
4855 2231 1
8756 2245 1
7364 9941 1
2057 2067 1
9029 4977 1
4484 6603 1
3698 655 1
3853 2563 1
516 7766 1
5046 2283 1
8849 4735 1
2005 2528 1
3229 3648 1
5874 2119 1
1831 2076 1
9706 1939 1
4537 8669 1
4357 2656 1
1497 1864 1
3874 3285 1
4785 2135 1
8796 251 1
7438 3585 1
63 5272 1
5841 8573 1
76 2505 1
3646 5928 1
5387 4556 1
8658 2570 1
948 2187 1
5460 8016 1
7012 1074 1
487 6725 1
9449 1723 1
5002 8185 1
283 4231 1
115 2729 1
6489 4665 1
6489 9612 1
3873 6559 1
4185 9371 1
6378 6034 1
9083 7448 1
8853 7522 1
2551 4719 1
24 6793 1
781 302 1
3898 3371 1
9717 2750 1
56 4317 1
947 2194 1
2500 3384 1
1187 638 1
7206 6106 1
8541 9179 1
9072 7202 1
5769 326 1
327 6726 1
389 4779 1
2263 6423 1
858 4028 1
1980 8390 1
2984 7690 1
8788 29 1
5987 5424 1
5266 6194 1
8408 8255 1
1387 9201 1
5330 3818 1
7269 2795 1
8415 5673 1
1064 9841 1
8623 3392 1
8437 4455 1
9882 3992 1
9882 2361 1
1363 6729 1
3139 6556 1
7887 7237 1
7832 8681 1
6503 9777 1
4438 7179 1
2719 6530 1
8339 7532 1
316 8197 1
2015 7618 1
1982 9427 1
2525 1816 1
6084 811 1
4955 9251 1
1097 2722 1
7684 3543 1
4904 7645 1
8981 2243 1
8981 1935 1
1193 5951 1
5356 4332 1
1163 7952 1
9720 8859 1
9720 5382 1
2630 9034 1
5493 3765 1
8314 3359 1
9946 9271 1
6140 390 1
3928 9245 1
6647 853 1
4087 6706 1
1304 4240 1
6475 7486 1
7197 6891 1
3513 5332 1
3100 7528 1
1762 3964 1
461 8715 1
3550 8847 1
435 1638 1
7692 9113 1
8426 1042 1
8426 8144 1
8219 6944 1
1031 5587 1
1031 1782 1
5479 3337 1
4217 2006 1
5263 1901 1
9041 5869 1
1841 9933 1
4857 1966 1
8032 6661 1
7464 6568 1
5890 1807 1
4846 8759 1
6974 8355 1
5991 6472 1
9712 817 1
6260 6399 1
8700 6963 1
7214 497 1
1207 7018 1
2065 3703 1
9273 1273 1
4275 9087 1
2010 7250 1
1411 6615 1
8079 6912 1
2428 634 1
6275 9377 1
5613 3035 1
536 8678 1
8880 7721 1
84 1919 1
9064 2632 1
9218 4434 1
2784 9523 1
87 4976 1
401 2211 1
9840 4546 1
6533 1844 1
6911 9629 1
8795 2799 1
4893 9465 1
5663 2863 1
7775 1613 1
7079 8464 1
5406 8077 1
517 8419 1
3521 1732 1
7823 6578 1
707 2791 1
4241 7045 1
7788 9100 1
6316 1308 1
1278 4329 1
2222 3659 1
4751 8965 1
9372 5432 1
1954 9423 1
1631 3876 1
6800 6696 1
68 3234 1
1247 9268 1
4093 6064 1
3975 5347 1
4851 1009 1
732 1511 1
7942 2919 1
2324 8451 1
6006 6808 1
448 8768 1
7493 7554 1
5856 3086 1
2660 3576 1
7358 5086 1
5883 5603 1
5401 8735 1
85 5250 1
4545 1737 1
3189 1499 1
2254 6878 1
578 2426 1
2668 8046 1
2942 6741 1
9096 1084 1
2280 257 1
7264 5622 1
9750 7394 1
8559 8918 1
4651 794 1
7397 57 1
3443 3715 1
1775 8732 1
8881 2512 1
1472 5946 1
2662 7937 1
7216 7710 1
1585 4480 1
1315 2736 1
9140 6700 1
9538 9428 1
1695 5657 1
9571 5546 1
8205 7711 1
9417 5283 1
9425 5730 1
2834 6789 1
3877 4386 1
9470 7540 1
9032 5819 1
1007 2097 1
9114 6863 1
4486 8483 1
3885 2995 1
1180 4002 1
7420 4322 1
5705 1909 1
7837 6085 1
2502 5646 1
3806 7736 1
9209 3511 1
8627 4196 1
5178 2358 1
4736 7940 1
4463 7683 1
4448 2733 1
3115 8491 1
2481 6141 1
8639 2850 1
6657 4117 1
6852 6835 1
7916 6790 1
4570 3177 1
8626 1277 1
6687 1384 1
2450 9731 1
8429 9207 1
8005 1814 1
985 8422 1
3207 1894 1
3148 4324 1
7959 8190 1
8010 5583 1
5399 9133 1
8119 1274 1
4693 9186 1
1377 6388 1
5533 3143 1
743 8972 1
8373 4417 1
3328 830 1
3328 8501 1
8091 7996 1
7674 2939 1
9324 8510 1
3308 6455 1
3942 5322 1
1487 3904 1
2460 9180 1
9938 2134 1
5595 4413 1
402 5348 1
6903 556 1
9830 3712 1
549 8051 1
6270 9603 1
791 2826 1
5616 3549 1
4058 3376 1
6582 1078 1
5431 2108 1
3045 8454 1
3480 1739 1
2391 5996 1
4321 5179 1
9276 1071 1
1721 3349 1
301 4965 1
7590 6358 1
3412 2777 1
620 8196 1
4222 8874 1
2550 3087 1
8912 3454 1
1044 4029 1
6344 3260 1
3654 9944 1
850 8323 1
5457 2396 1
9473 2601 1
7312 2782 1
224 3037 1
2224 636 1
3813 4370 1
2333 5456 1
5501 2864 1
6251 6146 1
834 9561 1
7658 3857 1
9016 4037 1
2033 8365 1
1160 7583 1
6080 9602 1
2921 5690 1
2519 3831 1
8153 9546 1
2315 7014 1
2079 3307 1
3113 3369 1
9017 6367 1
1343 4318 1
7211 3528 1
9892 3530 1
8530 3793 1
7050 493 1
9798 8760 1
2162 6821 1
5632 7208 1
2437 9288 1
1861 4250 1
3870 5665 1
4801 2901 1
7126 8830 1
3805 9596 1
1584 4244 1
8468 5523 1
3929 5826 1
4336 661 1
7509 2944 1
6402 2938 1
6402 5054 1
8441 5672 1
2408 3001 1
3303 7697 1
430 915 1
3899 4597 1
8030 4451 1
8238 5325 1
7606 8325 1
428 4544 1
1645 4522 1
433 8550 1
6996 3633 1
4165 172 1
2555 2559 1
215 3280 1
2434 1513 1
5256 9078 1
8684 2714 1
5591 3478 1
8673 5317 1
4426 9240 1
7376 9047 1
9306 5997 1
6534 9044 1
4472 3583 1
1199 27 1
8239 876 1
5434 5725 1
9597 5880 1
7233 3133 1
9065 1654 1
3413 3219 1
7367 6838 1
737 8110 1
6823 7411 1
9432 9196 1
6747 840 1
937 2659 1
937 4547 1
8899 1997 1
7624 7407 1
9153 6187 1
1820 5789 1
110 742 1
795 3532 1
2602 8493 1
4361 146 1
2674 5703 1
980 4696 1
628 7396 1
8520 4566 1
6002 9782 1
2661 6681 1
596 1139 1
5294 4762 1
5204 1300 1
5379 176 1
5253 8879 1
4781 4910 1
2973 2017 1
1566 5049 1
4094 398 1
6054 7676 1
9308 7405 1
1152 8189 1
170 6544 1
4828 5868 1
458 5586 1
8346 928 1
8865 9214 1
491 6930 1
5185 7353 1
7587 196 1
1249 640 1
3570 9600 1
6360 6552 1
