1906 936 1
1906 4521 1
3165 2969 1
3165 2017 1
3165 3969 1
3165 989 1
3165 3694 1
3165 1141 1
3023 1086 1
4106 712 1
4106 3326 1
4106 2842 1
4106 745 1
4106 4515 1
4106 321 1
4106 1288 1
3069 3896 1
2240 2105 1
2135 1139 1
589 1544 1
589 3652 1
589 1206 1
589 1623 1
589 4105 1
589 3081 1
589 2561 1
589 3022 1
589 3890 1
589 1769 1
589 1772 1
589 3674 1
589 3427 1
589 2569 1
589 4512 1
589 2534 1
589 1349 1
589 1320 1
589 2413 1
589 1078 1
589 4426 1
589 3492 1
589 3003 1
589 3995 1
1067 293 1
1067 1941 1
1067 1082 1
1067 1888 1
1067 3317 1
1067 667 1
1067 350 1
1067 1229 1
1067 20 1
3228 713 1
3012 3852 1
3012 619 1
3012 4499 1
3882 3476 1
3882 3569 1
3882 2335 1
2902 913 1
1867 1884 1
555 2250 1
1634 3643 1
1491 849 1
1491 1535 1
1491 330 1
4161 1454 1
2153 1149 1
2153 1611 1
336 4018 1
2910 980 1
4234 140 1
4234 4324 1
4563 1935 1
2785 4106 1
2785 2641 1
2785 1464 1
2785 2524 1
2785 2388 1
862 1254 1
862 3059 1
3331 4173 1
3331 3447 1
1087 4197 1
1087 4476 1
1087 2299 1
1087 4363 1
1087 2925 1
1087 1598 1
1087 2549 1
1087 1781 1
1087 1476 1
1087 4301 1
82 117 1
3584 1834 1
3510 1275 1
3510 1798 1
3510 2287 1
3510 4398 1
3510 1738 1
3510 2803 1
241 2890 1
2629 4380 1
4030 1674 1
3722 4004 1
3722 2045 1
3722 1478 1
3722 1192 1
3722 4486 1
3722 2244 1
3722 2581 1
3722 1014 1
2919 4378 1
2919 4061 1
2919 1528 1
2919 2587 1
2919 434 1
2919 3233 1
2919 4006 1
2919 918 1
2919 2882 1
2919 4044 1
2919 816 1
2919 2675 1
2919 1809 1
2919 2378 1
2855 4133 1
3349 1243 1
3349 2711 1
36 3176 1
36 2395 1
2149 6 1
3239 2781 1
1571 547 1
961 2312 1
961 2200 1
3654 2955 1
2182 1921 1
3583 967 1
3583 3558 1
3583 3240 1
3583 1276 1
3583 3713 1
633 2139 1
1373 2076 1
1373 3073 1
1373 4305 1
1373 2966 1
1373 3292 1
1373 124 1
1373 2623 1
1373 1167 1
1373 611 1
1373 598 1
1373 1619 1
1373 2410 1
1373 1582 1
1373 2834 1
2802 1277 1
1411 297 1
1411 35 1
1411 3667 1
1041 1016 1
1041 3718 1
2888 4385 1
2531 2651 1
2122 2586 1
2122 2784 1
2122 1219 1
513 3457 1
513 3191 1
513 974 1
513 3699 1
513 1489 1
513 3717 1
513 972 1
513 2478 1
513 721 1
513 3060 1
3908 3904 1
3908 494 1
3908 3666 1
3908 1471 1
3908 2869 1
3908 3027 1
3908 2399 1
3908 653 1
3663 3450 1
2167 873 1
2167 432 1
2167 2957 1
2167 3057 1
2167 4155 1
2167 537 1
2167 3831 1
2167 2683 1
2167 2451 1
2167 4369 1
1312 2472 1
1312 3209 1
1312 4542 1
1312 3514 1
1312 3779 1
1312 1383 1
1312 3597 1
1312 2066 1
1312 968 1
1312 1721 1
1312 615 1
4320 1814 1
2763 2635 1
579 3064 1
1776 2502 1
4249 163 1
4249 1492 1
4249 4445 1
4249 1483 1
4249 3982 1
4249 2813 1
2485 3192 1
3311 3160 1
3171 1824 1
950 2074 1
1327 4504 1
1163 2195 1
2878 709 1
2878 475 1
2878 2069 1
2878 2336 1
2878 3324 1
2878 1504 1
2878 2291 1
2878 864 1
1879 4310 1
1879 2490 1
1879 665 1
1879 2042 1
1879 112 1
1879 155 1
1879 128 1
1879 694 1
1879 3154 1
955 2295 1
2936 3993 1
2936 4048 1
2936 1556 1
2936 4022 1
2936 2097 1
2936 2391 1
2936 18 1
2936 3354 1
2936 2740 1
2936 886 1
2936 627 1
2936 915 1
2936 1863 1
2936 197 1
2936 3101 1
2936 564 1
2098 4119 1
2098 1764 1
1984 1041 1
1984 4550 1
1984 1865 1
1984 4172 1
1984 2789 1
1984 2158 1
1984 2431 1
1984 2166 1
1984 4434 1
1984 113 1
1984 3117 1
1984 1998 1
1984 65 1
2863 1861 1
3488 3093 1
3488 3322 1
3488 107 1
3488 2508 1
3488 2903 1
3488 2968 1
3488 324 1
3488 890 1
778 3541 1
3954 1389 1
2186 702 1
2186 1932 1
2186 2833 1
3867 1778 1
2558 4270 1
2558 1343 1
1384 2089 1
3258 3530 1
3258 3545 1
3258 2920 1
3258 530 1
3258 2401 1
3258 3468 1
3258 429 1
3258 3595 1
3258 3603 1
3258 2256 1
3258 1225 1
3258 1516 1
3258 2667 1
3258 4358 1
3258 442 1
3258 365 1
3258 2649 1
3258 3438 1
3258 287 1
3258 406 1
3258 2255 1
3258 3014 1
3258 2559 1
3258 2366 1
3258 1069 1
3258 1835 1
3258 2808 1
3258 587 1
1070 2795 1
982 414 1
4028 3094 1
4267 3610 1
4219 1169 1
3929 1398 1
3372 2056 1
3372 3032 1
3372 3491 1
3372 956 1
3372 1944 1
3372 3875 1
3372 1886 1
3372 3471 1
3372 2479 1
3372 4262 1
4212 4430 1
4212 245 1
4212 996 1
4212 3921 1
1279 1379 1
1603 4126 1
4318 221 1
4318 3553 1
4318 2944 1
4318 1314 1
4318 1750 1
4318 3557 1
2037 1639 1
2037 3750 1
4500 4525 1
4500 908 1
4500 1820 1
1322 2191 1
3298 1402 1
3738 4201 1
3275 638 1
3275 1214 1
795 1052 1
4304 465 1
4304 2854 1
4304 781 1
1908 824 1
4050 2754 1
1143 3031 1
1143 84 1
1143 3264 1
875 1451 1
4325 984 1
4325 1036 1
2518 1001 1
2518 3863 1
2518 2201 1
2518 3789 1
2518 126 1
2668 1128 1
2668 1287 1
2668 1268 1
4264 4102 1
1079 1322 1
2088 3758 1
2088 3719 1
2088 3360 1
2088 2990 1
2088 2078 1
2088 1085 1
2088 821 1
4115 3632 1
4115 281 1
4115 435 1
2856 503 1
2385 453 1
2059 4081 1
3482 3767 1
3212 2902 1
3212 3175 1
1020 935 1
1686 3855 1
1686 2349 1
4272 234 1
1502 3000 1
1502 2540 1
1502 2998 1
1502 274 1
1502 2879 1
1502 2031 1
1502 2673 1
1502 2786 1
1502 2798 1
1502 4124 1
1502 4295 1
1502 4372 1
2600 2100 1
2600 481 1
2600 2280 1
2600 27 1
2600 3079 1
2600 1364 1
783 2742 1
783 1235 1
2655 2245 1
4128 1485 1
4111 1735 1
4111 671 1
4111 2708 1
4111 1450 1
4111 1630 1
4111 78 1
4111 491 1
4111 4195 1
4111 1146 1
4111 3458 1
4111 4046 1
4111 3137 1
4111 588 1
4111 1282 1
4111 1812 1
4111 1378 1
4111 4037 1
4111 2128 1
4111 4034 1
4111 1802 1
808 3518 1
808 3598 1
808 1734 1
808 1097 1
808 2948 1
808 2631 1
1415 2055 1
1415 2318 1
2241 415 1
3126 640 1
3126 1881 1
3126 4000 1
3126 2202 1
3126 366 1
3126 2574 1
3126 4376 1
3126 2118 1
3126 4481 1
1114 4129 1
1114 9 1
4149 752 1
4149 4396 1
1762 2790 1
2951 1281 1
2951 256 1
2951 4120 1
2951 3857 1
2951 2068 1
2951 3580 1
1266 1404 1
850 3283 1
850 2327 1
850 670 1
632 4035 1
632 395 1
632 1527 1
632 3141 1
632 829 1
632 1118 1
3390 1664 1
3897 1391 1
3219 170 1
3416 4414 1
3416 1996 1
3416 2376 1
3999 743 1
3999 666 1
2402 3325 1
2402 3735 1
2025 1063 1
2025 4443 1
2025 4196 1
2025 817 1
2025 1722 1
2025 857 1
2025 4314 1
2025 736 1
2025 4509 1
2025 863 1
2025 4552 1
1823 1852 1
1896 1184 1
401 476 1
1221 4492 1
1221 3967 1
1221 3749 1
1221 1874 1
273 1590 1
273 3832 1
1202 761 1
211 2954 1
211 2606 1
211 1037 1
211 4321 1
570 4343 1
3958 3941 1
1071 2417 1
1071 1143 1
1071 4189 1
1071 957 1
1071 242 1
1071 4406 1
1071 4423 1
1071 4493 1
1071 80 1
184 551 1
184 3892 1
184 3105 1
184 2154 1
184 3733 1
184 3435 1
184 2146 1
184 4532 1
184 685 1
648 815 1
2787 4339 1
1468 49 1
443 2362 1
1399 4182 1
3799 3949 1
3799 2585 1
3799 2736 1
3799 4239 1
3799 636 1
3799 584 1
3799 1252 1
3799 379 1
3799 4278 1
3799 2601 1
3799 3407 1
827 1850 1
4008 590 1
1586 1851 1
1586 2085 1
2685 3356 1
2685 1855 1
2685 1331 1
2685 487 1
2685 2082 1
2685 3185 1
2685 3865 1
2233 1880 1
2173 513 1
2173 4064 1
2173 1171 1
2173 3475 1
2173 3176 1
2173 3975 1
2173 4151 1
1325 275 1
459 3712 1
459 2696 1
459 4125 1
459 1766 1
459 782 1
459 3550 1
459 2960 1
459 278 1
459 306 1
459 3103 1
459 2726 1
459 4326 1
459 2267 1
377 2671 1
3809 1329 1
3809 548 1
3809 2980 1
3809 327 1
3809 3424 1
3809 1362 1
3809 1 1
4204 1549 1
4204 3193 1
1238 3415 1
1238 2277 1
1238 3930 1
1238 189 1
1238 2718 1
1238 1770 1
1238 1647 1
1238 3727 1
1238 4334 1
1238 2252 1
1238 3090 1
3088 203 1
3088 2101 1
3088 1283 1
3088 3279 1
3088 2607 1
2775 703 1
4042 4565 1
825 2123 1
825 161 1
825 4462 1
3866 2946 1
865 212 1
865 183 1
3098 2461 1
3334 4373 1
3334 3130 1
3305 2245 1
2535 328 1
755 1177 1
4268 2071 1
4178 1153 1
1319 501 1
1319 2654 1
1319 482 1
1319 4245 1
1319 3692 1
1319 777 1
1319 1741 1
1319 3201 1
3918 3216 1
3623 2577 1
3623 3131 1
3623 779 1
3623 4068 1
4391 2698 1
4391 4211 1
4391 1774 1
4391 2672 1
4391 3095 1
4391 2897 1
4391 250 1
4391 949 1
4391 46 1
3433 1869 1
3845 353 1
3845 3617 1
3845 2274 1
3845 4220 1
3653 329 1
3653 4145 1
3653 3840 1
3653 2357 1
3653 131 1
3653 2797 1
3653 1667 1
3653 608 1
3653 724 1
1130 1688 1
1130 3658 1
1344 4404 1
1488 607 1
1488 2661 1
1488 3478 1
1488 2430 1
1488 1616 1
1488 1127 1
1488 1629 1
3851 2428 1
3851 2452 1
3851 1595 1
3851 3384 1
3851 4389 1
3851 1104 1
3851 1289 1
3851 1703 1
3851 354 1
3851 3786 1
3851 2604 1
3851 596 1
3851 4553 1
2710 1040 1
2710 2150 1
2710 1335 1
2710 1234 1
2710 75 1
2710 1400 1
2710 3383 1
2710 2846 1
2710 1658 1
2710 843 1
2710 1789 1
2710 1699 1
2710 4058 1
2710 3246 1
2710 1318 1
2710 4480 1
2710 1825 1
2710 885 1
2710 3942 1
2710 2072 1
2710 1795 1
2710 3538 1
2710 2053 1
2710 973 1
1728 3611 1
1728 3983 1
1728 753 1
1728 3217 1
1728 3838 1
3263 2180 1
3934 2151 1
921 283 1
921 2963 1
2816 1563 1
2816 2081 1
2816 3405 1
2816 2355 1
2816 999 1
2816 4164 1
2816 1803 1
2816 3446 1
2816 1099 1
2816 2930 1
2816 1207 1
2816 2779 1
3960 1786 1
2184 2988 1
1630 1893 1
1145 2345 1
3328 3774 1
3328 347 1
3328 94 1
3328 1315 1
3328 3122 1
3328 3200 1
3328 228 1
3328 3509 1
3328 2541 1
1093 384 1
1093 3559 1
3759 219 1
883 2564 1
883 2384 1
883 2539 1
883 3824 1
883 1176 1
883 3783 1
883 3675 1
883 3135 1
883 536 1
883 3919 1
342 1038 1
3015 2246 1
2947 1742 1
2230 2636 1
3191 887 1
3191 1201 1
3191 2729 1
3191 2706 1
3191 246 1
3191 2018 1
3191 2850 1
1446 3118 1
878 413 1
1968 3876 1
1968 1937 1
1968 3270 1
1968 1421 1
1968 2943 1
1968 2093 1
1968 2621 1
1968 727 1
1968 2788 1
1968 546 1
1968 4379 1
661 2817 1
2877 127 1
3839 1831 1
3839 28 1
3839 393 1
3839 1144 1
803 3859 1
803 2450 1
803 3164 1
803 1135 1
803 905 1
803 2940 1
803 1631 1
803 19 1
803 1094 1
803 3294 1
803 2206 1
803 1101 1
803 3768 1
803 3004 1
983 3615 1
983 677 1
618 439 1
618 3616 1
618 941 1
618 2893 1
618 2077 1
618 629 1
618 575 1
618 3161 1
1570 3126 1
2262 3488 1
2262 771 1
2262 625 1
2262 345 1
1038 2298 1
1038 3485 1
1038 168 1
1038 2665 1
1038 1178 1
1038 3677 1
1038 3395 1
2178 3372 1
2178 3623 1
2178 874 1
2178 368 1
2178 2126 1
2178 3739 1
2178 2038 1
2178 2067 1
2178 2271 1
3606 2046 1
3630 1546 1
3630 2832 1
3630 4342 1
3342 2276 1
3342 2190 1
3342 1181 1
3968 276 1
3968 2907 1
3414 2495 1
4130 2300 1
2350 2686 1
3625 450 1
3625 4335 1
3625 3808 1
3625 2060 1
3625 514 1
3625 387 1
4454 247 1
2521 3368 1
213 635 1
1271 1132 1
2820 2365 1
2820 1272 1
2820 2350 1
2820 812 1
2820 3434 1
2820 2977 1
2820 612 1
2820 3400 1
2820 1715 1
2820 2438 1
2820 4463 1
3519 1569 1
3909 580 1
2111 1397 1
3932 2928 1
3932 145 1
3626 483 1
3626 2648 1
3626 525 1
3626 3945 1
3626 728 1
3626 1651 1
3626 1739 1
3626 2113 1
3626 4545 1
3626 1889 1
4387 1790 1
4387 1223 1
4387 277 1
4387 2199 1
4387 380 1
3708 1791 1
1076 4357 1
208 4165 1
208 3 1
208 897 1
2887 2140 1
3891 4364 1
3891 2764 1
3891 3397 1
3891 2945 1
3891 3484 1
3891 3170 1
3891 986 1
3891 805 1
3891 866 1
3402 1826 1
2505 1056 1
2505 325 1
2505 1588 1
2505 3330 1
2070 3877 1
1383 110 1
1383 1096 1
4314 319 1
4314 3302 1
4314 231 1
4314 4508 1
4314 1406 1
4314 2325 1
4314 1813 1
4558 3698 1
4299 3362 1
4299 2762 1
4207 1997 1
4207 3681 1
4207 3108 1
4207 4365 1
4207 2194 1
4207 561 1
4207 340 1
4207 858 1
4207 928 1
4207 2913 1
4207 517 1
4207 4109 1
4207 4431 1
4207 196 1
4207 1217 1
4494 3821 1
4494 3348 1
823 493 1
823 1875 1
823 1114 1
823 3112 1
823 211 1
823 1261 1
823 2573 1
823 3614 1
823 3906 1
823 2656 1
823 3347 1
823 3318 1
823 3542 1
823 3284 1
823 4089 1
823 906 1
823 1561 1
823 69 1
823 3377 1
823 1430 1
823 3628 1
929 3401 1
2983 3207 1
1677 1074 1
1677 2396 1
1677 179 1
1677 2408 1
1677 1583 1
1677 3408 1
1677 687 1
1677 1342 1
1677 4009 1
1677 41 1
1677 2019 1
1677 5 1
1677 2917 1
1677 2837 1
1677 2309 1
1677 3880 1
83 2570 1
650 2613 1
1832 892 1
1832 1305 1
1832 4045 1
1832 2003 1
1832 32 1
1832 1500 1
1832 3868 1
1832 2725 1
2490 3045 1
4296 3736 1
434 4259 1
434 2557 1
434 2448 1
434 2193 1
434 4036 1
434 2095 1
434 3846 1
434 4359 1
434 53 1
434 1613 1
434 4232 1
497 780 1
497 1662 1
374 2084 1
374 508 1
1360 1090 1
771 1552 1
771 2951 1
771 358 1
771 3250 1
771 2090 1
771 4244 1
771 4117 1
771 3026 1
771 2162 1
771 2715 1
771 4241 1
771 695 1
771 572 1
771 1472 1
771 313 1
771 2449 1
771 385 1
771 3337 1
771 758 1
771 859 1
771 2520 1
771 4100 1
771 2737 1
771 4108 1
771 3561 1
771 2389 1
771 3274 1
771 4192 1
771 684 1
771 602 1
771 1264 1
771 1386 1
771 868 1
771 1505 1
771 3641 1
771 3255 1
771 1991 1
771 3002 1
771 3355 1
771 746 1
771 2909 1
771 738 1
771 1054 1
3734 4312 1
4134 404 1
4134 1973 1
3142 1326 1
2666 208 1
2666 223 1
1589 72 1
1589 4491 1
630 1092 1
630 2143 1
1171 304 1
3076 4489 1
3076 120 1
3076 3793 1
3076 1372 1
3076 1170 1
3076 341 1
2057 2982 1
3340 2639 1
2326 2506 1
2061 2761 1
1690 3745 1
3114 2368 1
3114 621 1
2720 3657 1
1316 776 1
2431 1897 1
2431 3695 1
297 373 1
3560 1280 1
3560 1708 1
3560 4539 1
3560 86 1
3560 1025 1
2891 2242 1
3074 3816 1
3074 3567 1
3074 1601 1
3074 362 1
3074 1589 1
3074 3776 1
3074 2468 1
3074 235 1
3074 3990 1
3074 11 1
3074 975 1
3074 367 1
3074 4523 1
3074 2617 1
3074 3966 1
3074 1975 1
3074 2748 1
3454 1437 1
2489 4265 1
2489 2889 1
2489 3320 1
3574 2261 1
173 2857 1
2835 1909 1
1654 2498 1
1654 3685 1
1654 4348 1
1654 3308 1
1654 489 1
1654 591 1
1654 3656 1
1654 3769 1
1654 190 1
331 3055 1
3689 2699 1
1756 21 1
1464 252 1
1464 1701 1
1464 134 1
1464 4231 1
1464 1846 1
1464 871 1
1464 1775 1
1464 3261 1
1464 4467 1
1464 578 1
1026 167 1
3315 2849 1
4286 303 1
4286 3224 1
2207 410 1
2207 3939 1
2207 1287 1
2207 3257 1
2207 56 1
2207 988 1
2207 4475 1
1533 3607 1
1533 1779 1
1533 1780 1
1533 1308 1
1533 1915 1
1533 2221 1
1533 958 1
2579 1830 1
2579 1490 1
1354 740 1
1354 1600 1
4349 1684 1
880 3350 1
62 3248 1
62 2470 1
62 394 1
242 1367 1
242 2289 1
242 349 1
242 622 1
242 2174 1
242 1726 1
242 1059 1
242 606 1
242 1246 1
242 3950 1
912 3560 1
1473 2556 1
1473 822 1
959 3280 1
959 2346 1
959 2806 1
959 872 1
959 2371 1
959 2958 1
959 51 1
959 3316 1
959 2904 1
959 3636 1
959 3385 1
959 2196 1
959 833 1
874 1719 1
874 464 1
874 916 1
874 3547 1
874 1115 1
874 1788 1
874 4487 1
874 3590 1
874 298 1
874 920 1
874 2704 1
874 2499 1
874 798 1
874 2700 1
874 4146 1
874 1957 1
874 3144 1
874 1919 1
874 4049 1
874 1707 1
874 673 1
874 3670 1
874 1858 1
874 672 1
874 2238 1
874 182 1
874 1106 1
874 3507 1
874 2500 1
1529 2223 1
2796 1654 1
2331 129 1
2331 3304 1
2331 1092 1
2331 1808 1
4313 1332 1
4313 37 1
4313 1044 1
150 4368 1
150 1002 1
150 1697 1
150 2608 1
244 2509 1
4170 3737 1
4110 3596 1
4110 1369 1
4110 3871 1
4110 3232 1
4110 4200 1
4110 1796 1
4110 2898 1
4110 934 1
4147 1533 1
3369 716 1
3369 1785 1
3369 2259 1
3369 2872 1
3369 4186 1
3369 3116 1
3369 2136 1
3369 1334 1
3369 2213 1
3369 2301 1
3369 3847 1
3369 1925 1
3369 2297 1
3369 3707 1
3369 4308 1
3369 2674 1
4255 704 1
3267 3293 1
705 1827 1
705 3409 1
705 3033 1
705 3635 1
705 87 1
705 2714 1
705 723 1
705 4497 1
705 3849 1
705 3637 1
705 2858 1
705 411 1
705 940 1
705 1433 1
705 2342 1
705 904 1
705 4118 1
3614 2688 1
3518 164 1
3518 2112 1
3518 4477 1
3518 3684 1
3518 1918 1
3518 802 1
3518 1555 1
3518 1102 1
3518 2615 1
284 3957 1
284 204 1
284 2188 1
284 130 1
284 4461 1
284 426 1
284 3051 1
158 618 1
782 2999 1
782 2137 1
1226 792 1
2493 1396 1
695 4065 1
695 2782 1
695 419 1
695 90 1
974 176 1
974 3070 1
974 4021 1
692 1198 1
3608 2530 1
3608 265 1
3854 3526 1
3820 3445 1
2529 2767 1
4472 1021 1
4472 4052 1
4472 3358 1
4472 2065 1
4472 4091 1
4472 1447 1
4472 806 1
3381 3288 1
2185 4175 1
3550 1309 1
3550 3268 1
3550 3645 1
3550 836 1
3550 3757 1
4066 3927 1
4066 2476 1
4066 2766 1
4066 3442 1
4066 2859 1
4066 2694 1
2744 1345 1
4427 3023 1
4427 3498 1
4427 526 1
4427 1035 1
4427 2269 1
1530 4144 1
2333 898 1
2333 2510 1
2333 951 1
2333 1979 1
2333 3467 1
2333 1370 1
3575 3655 1
4465 2152 1
4465 151 1
4465 3225 1
4465 855 1
3254 4193 1
3254 440 1
3254 3740 1
654 160 1
3682 2818 1
3682 2702 1
3640 1147 1
3640 3581 1
3640 1009 1
1158 950 1
4203 1659 1
834 3181 1
2701 2184 1
266 2239 1
2290 2723 1
2290 2938 1
2290 623 1
2290 2027 1
484 4388 1
1807 559 1
1807 1992 1
1807 427 1
1807 1511 1
1807 4466 1
1807 3864 1
1807 4507 1
1807 3177 1
3531 1905 1
375 1251 1
888 3330 1
2937 3243 1
2583 291 1
2168 496 1
1784 1028 1
101 3777 1
101 820 1
101 1249 1
101 2020 1
101 4392 1
101 2755 1
101 3276 1
101 1061 1
101 4469 1
101 3592 1
101 660 1
101 1413 1
101 2821 1
101 515 1
101 285 1
101 1047 1
101 2022 1
101 2439 1
101 3110 1
101 4257 1
101 4043 1
101 388 1
3582 2741 1
3582 3005 1
3582 33 1
1657 4457 1
1657 835 1
1657 3700 1
1657 490 1
114 1645 1
114 2425 1
114 2961 1
1769 3208 1
1769 4051 1
1769 1816 1
1769 1924 1
1769 1628 1
1769 2377 1
1769 14 1
1769 2390 1
1769 3618 1
3408 3951 1
3408 1860 1
3408 1765 1
3408 3249 1
3408 1148 1
3408 3132 1
3408 1263 1
3408 2804 1
3388 148 1
237 552 1
237 1150 1
237 263 1
237 1429 1
237 3399 1
237 594 1
861 3781 1
861 2594 1
861 2104 1
3834 3202 1
3834 2359 1
3834 1547 1
3834 1901 1
3834 2124 1
3834 1971 1
3834 165 1
3834 540 1
3834 2265 1
3834 1345 1
3834 1084 1
3834 1359 1
561 560 1
3878 1648 1
3878 4123 1
3878 2584 1
3878 3096 1
3878 4541 1
3878 4082 1
3878 1018 1
3878 1818 1
3878 7 1
3878 953 1
3878 2023 1
3878 4086 1
3878 4097 1
3878 2462 1
3878 1392 1
3878 2843 1
3878 2812 1
3878 4526 1
3878 3199 1
2712 4330 1
2712 63 1
2712 2692 1
2712 118 1
2712 1954 1
3450 4024 1
3450 3186 1
3450 2480 1
3450 222 1
3450 1436 1
3450 3806 1
3450 2363 1
3450 1304 1
3450 3285 1
3450 2322 1
3450 3562 1
286 1296 1
286 3972 1
286 185 1
286 3423 1
537 4181 1
537 4202 1
537 4159 1
537 662 1
537 2637 1
537 1900 1
537 1486 1
537 236 1
537 2826 1
537 1884 1
537 1718 1
537 4484 1
232 1220 1
1197 1294 1
4528 42 1
2717 3515 1
2717 3829 1
2717 3996 1
3874 1679 1
3874 4482 1
3874 1470 1
4433 1849 1
4098 2874 1
4098 1578 1
1857 862 1
1857 2733 1
1857 2600 1
1857 4128 1
1857 1388 1
1857 2290 1
1857 1635 1
1857 3030 1
1857 1203 1
1857 3421 1
1857 742 1
1857 85 1
1857 4258 1
1857 108 1
1857 1456 1
1857 3024 1
1857 2278 1
1857 3286 1
1857 3444 1
35 184 1
35 2320 1
35 360 1
35 3412 1
35 2293 1
35 2455 1
35 518 1
35 3125 1
35 2370 1
35 1599 1
35 3848 1
35 1442 1
35 1057 1
35 3842 1
35 31 1
35 4447 1
909 3136 1
909 2522 1
909 754 1
909 1374 1
909 4190 1
909 1010 1
909 4226 1
909 3660 1
2739 3593 1
2449 4180 1
2449 1704 1
2449 3794 1
2449 3770 1
2449 3158 1
2449 1267 1
845 3100 1
845 3307 1
845 911 1
845 4390 1
845 1967 1
845 3234 1
845 1498 1
784 332 1
4341 4135 1
4293 4524 1
4293 1856 1
4083 1870 1
4083 1067 1
4083 2670 1
4083 4111 1
4083 2560 1
4083 1058 1
4083 927 1
4083 104 1
4083 2716 1
4083 1088 1
4083 2341 1
4083 4087 1
4083 2533 1
4083 3299 1
4083 3807 1
4083 92 1
4083 2750 1
4083 1100 1
4083 2994 1
4083 2469 1
4083 856 1
4083 1632 1
4083 1653 1
4083 1107 1
4083 2707 1
4083 4247 1
4083 4395 1
2829 1587 1
2008 169 1
1955 573 1
4144 3344 1
4144 4534 1
952 1977 1
2004 4436 1
3913 3722 1
3913 1819 1
3913 471 1
3913 3528 1
3913 632 1
3913 2625 1
3913 1868 1
3913 2816 1
3913 2877 1
3913 2218 1
3913 880 1
3913 1990 1
3913 3818 1
3913 4485 1
3913 2791 1
3913 2932 1
3913 1321 1
3913 2805 1
3913 1872 1
3913 1521 1
3913 3879 1
3913 238 1
3913 1189 1
3913 1328 1
3913 2657 1
3913 3483 1
3913 4137 1
3913 4077 1
3006 4206 1
492 1636 1
4452 2257 1
4015 945 1
2599 3332 1
4340 4455 1
2409 4234 1
2409 553 1
2409 2684 1
2409 1913 1
2409 3608 1
2409 22 1
2409 718 1
2409 2443 1
2409 2933 1
2409 1299 1
2409 4478 1
2409 1341 1
2409 4538 1
2409 2400 1
299 3844 1
299 641 1
299 507 1
299 3418 1
509 4148 1
4085 1022 1
710 2912 1
710 2270 1
710 581 1
710 3078 1
710 3357 1
710 1196 1
710 3441 1
3265 2024 1
3265 4140 1
1136 1523 1
1136 359 1
1136 2743 1
1136 1767 1
1136 3123 1
1136 1568 1
1136 4319 1
1136 3242 1
1136 828 1
1136 25 1
1136 1350 1
1136 2172 1
1136 2435 1
1136 285 1
1136 1709 1
1136 1564 1
2222 3715 1
2222 383 1
2222 2464 1
2222 1358 1
826 1922 1
2754 3980 1
1625 2873 1
1625 3585 1
1625 2234 1
1625 4131 1
1625 528 1
1625 744 1
1625 3432 1
727 2034 1
1120 2421 1
3346 2236 1
3346 3775 1
3346 1032 1
3346 1416 1
3346 4101 1
4485 2129 1
2677 3676 1
1749 3124 1
1749 461 1
3963 4005 1
3318 3053 1
4269 3853 1
2099 2164 1
2099 2583 1
2099 3688 1
599 1763 1
3536 793 1
3536 1754 1
3536 79 1
3536 962 1
3536 3247 1
3536 4429 1
3536 59 1
2317 2703 1
2317 1692 1
3312 1649 1
4070 2809 1
3699 2734 1
683 2814 1
683 36 1
683 3760 1
683 4432 1
683 2918 1
683 2996 1
683 1965 1
683 535 1
683 2247 1
683 1241 1
683 1060 1
683 2163 1
3505 3289 1
2845 3403 1
4434 1216 1
860 3922 1
4094 3903 1
3542 4136 1
3542 1042 1
3542 2627 1
3542 491 1
3542 3049 1
3542 689 1
4188 3061 1
3370 3301 1
4156 2059 1
4156 3278 1
4156 3937 1
4156 1253 1
4156 2987 1
102 3725 1
102 4439 1
102 719 1
102 2110 1
1706 136 1
2386 171 1
4412 2102 1
4412 3236 1
4412 3335 1
4412 1710 1
4412 2208 1
4361 2719 1
4361 585 1
4361 4222 1
4361 3382 1
4361 4511 1
4361 4199 1
3726 1208 1
948 1683 1
948 1466 1
948 997 1
2235 1871 1
2048 2282 1
681 3295 1
681 2567 1
637 1804 1
4006 3659 1
4006 2875 1
644 4242 1
644 2424 1
644 1481 1
644 2640 1
3977 1238 1
3977 1488 1
3977 361 1
3977 4514 1
337 3493 1
2283 4095 1
2283 1293 1
2283 3721 1
2283 642 1
2283 4114 1
2283 3978 1
1748 2749 1
3214 2759 1
3214 2333 1
3214 4116 1
3214 4053 1
3214 2351 1
3259 1696 1
4352 2722 1
2321 2117 1
1236 714 1
1231 403 1
1231 2530 1
1231 2183 1
1231 3178 1
1231 2310 1
1231 4062 1
1231 545 1
1231 2995 1
1231 3104 1
1231 3157 1
1231 1328 1
1231 202 1
3472 4013 1
50 3221 1
1746 626 1
1746 1602 1
1746 804 1
1746 1565 1
1746 2286 1
1746 1103 1
1746 4554 1
2791 390 1
2791 4399 1
2791 154 1
2791 3090 1
2791 516 1
824 4038 1
11 469 1
11 2358 1
11 2217 1
11 3035 1
11 2337 1
11 326 1
11 3790 1
1290 1655 1
895 910 1
467 725 1
975 2392 1
975 1080 1
975 4113 1
975 4 1
975 811 1
4356 1853 1
4356 2956 1
4356 3953 1
4356 4440 1
4356 2459 1
4356 698 1
4356 1817 1
3679 495 1
302 1190 1
1418 4057 1
2209 486 1
2209 739 1
2209 2543 1
2209 99 1
2209 2379 1
2209 4470 1
2209 3169 1
41 4557 1
41 102 1
1604 2756 1
3849 1417 1
4208 706 1
3576 4435 1
2582 2108 1
1111 696 1
1111 4080 1
1111 3363 1
2455 2436 1
2455 1557 1
2455 1574 1
2455 3425 1
2455 1459 1
2455 317 1
2455 1685 1
2455 2532 1
2455 2801 1
2455 2724 1
2406 3508 1
3410 3089 1
2591 3813 1
2591 1890 1
2591 4047 1
2591 1821 1
2857 1212 1
38 2827 1
600 539 1
600 1615 1
600 2463 1
600 2901 1
3299 889 1
3299 3609 1
3299 4498 1
3299 3924 1
3299 1911 1
3299 1376 1
693 2605 1
2300 3459 1
2300 1899 1
2300 1942 1
2300 322 1
2300 3166 1
2300 3898 1
2300 2465 1
2300 1375 1
2300 1541 1
2300 1438 1
2300 2444 1
2300 1540 1
2300 2467 1
2300 68 1
3513 111 1
3513 57 1
3513 2908 1
1008 253 1
1008 1673 1
2091 444 1
928 392 1
928 4016 1
928 2880 1
928 3532 1
928 1255 1
624 1866 1
624 1285 1
876 2811 1
1005 1346 1
1005 2109 1
3309 451 1
3309 3025 1
3309 803 1
3309 4066 1
3309 2086 1
3309 2669 1
3309 2697 1
3309 903 1
3309 2210 1
3309 2881 1
3309 2616 1
2491 1420 1
2491 3910 1
4023 1076 1
3586 4559 1
3869 2437 1
3052 4092 1
1347 1185 1
363 3145 1
363 3621 1
1051 1232 1
1678 4003 1
1678 4560 1
1678 1117 1
1678 4329 1
1678 1592 1
1678 870 1
1678 3143 1
1678 3624 1
1678 2311 1
1678 4271 1
1678 3861 1
1678 512 1
1678 460 1
1121 226 1
1910 4251 1
4067 2041 1
4279 2130 1
4279 2609 1
4279 4304 1
4279 1576 1
4279 4520 1
1412 3976 1
3194 4075 1
3194 2481 1
71 562 1
71 3064 1
71 4355 1
71 757 1
71 233 1
71 4171 1
71 2134 1
71 29 1
71 258 1
109 933 1
109 2949 1
109 1926 1
109 3085 1
1682 1134 1
1682 3634 1
1682 882 1
1682 3474 1
1682 4488 1
1682 1506 1
4214 4375 1
308 273 1
1898 498 1
1898 541 1
1898 3554 1
1898 4169 1
1898 691 1
2139 3174 1
2139 3494 1
2139 1262 1
2139 1562 1
2139 4547 1
2139 116 1
2139 1532 1
2139 243 1
531 1936 1
531 3029 1
531 549 1
531 609 1
531 3669 1
531 810 1
531 2971 1
531 4272 1
531 2033 1
531 2007 1
531 1363 1
4388 4551 1
4388 4191 1
4388 4055 1
4388 992 1
225 3796 1
225 1877 1
1711 3464 1
4527 1131 1
1 791 1
3555 3771 1
1575 97 1
2197 2836 1
3551 3501 1
3551 1460 1
3551 2501 1
3551 1689 1
3551 54 1
3551 1885 1
3551 397 1
3551 851 1
3551 98 1
3551 1091 1
3551 1390 1
3551 2682 1
3551 3543 1
3551 2251 1
3551 1164 1
3551 4442 1
3551 2552 1
2437 2580 1
701 3416 1
701 639 1
701 193 1
701 1124 1
4493 4327 1
4493 2652 1
4493 3392 1
4493 3230 1
2866 3872 1
2507 3850 1
2507 523 1
2507 1319 1
2507 3851 1
2507 1205 1
2507 339 1
2507 2515 1
2507 3419 1
2507 1646 1
2507 2942 1
2507 4518 1
2507 1920 1
2507 2026 1
2507 3701 1
2507 529 1
2507 1626 1
2507 4419 1
2507 2131 1
2507 3448 1
2507 3054 1
1313 2571 1
2156 2624 1
1822 4422 1
1443 759 1
790 1675 1
790 1594 1
3657 3156 1
3694 488 1
3694 2997 1
3694 533 1
3694 1723 1
3694 4473 1
3694 26 1
3694 2021 1
1814 4288 1
1814 1387 1
2009 985 1
3037 376 1
1119 3800 1
3831 3152 1
1310 1713 1
2713 1194 1
2713 4308 1
4453 2036 1
4453 205 1
2823 937 1
877 1426 1
4116 348 1
4116 1643 1
4116 1854 1
4116 1591 1
4116 4370 1
4116 4408 1
4116 4548 1
4116 105 1
3728 3495 1
1987 1380 1
3566 3287 1
3961 2653 1
386 2770 1
386 4388 1
2125 3833 1
2125 2030 1
2019 565 1
2019 2088 1
2019 2685 1
2019 2279 1
2019 4555 1
2019 1988 1
2019 2690 1
2019 4032 1
2019 1405 1
2019 926 1
2019 4297 1
1585 1985 1
1585 3319 1
1585 4543 1
1585 4205 1
1585 4564 1
1585 125 1
1585 2746 1
1585 527 1
1585 3544 1
1585 30 1
1585 2253 1
2562 480 1
2119 1724 1
2119 3814 1
2119 592 1
3082 1931 1
1260 1499 1
1260 311 1
1260 2546 1
1260 251 1
2478 4273 1
2478 3999 1
2478 1524 1
2478 23 1
2478 3094 1
2478 2433 1
436 2952 1
436 763 1
2086 3914 1
5 2868 1
5 2169 1
1500 1652 1
1500 853 1
1500 2203 1
1500 3226 1
1500 2316 1
1500 3196 1
4229 2148 1
4063 37 1
2840 2418 1
2840 4503 1
2840 239 1
2978 2488 1
2426 2161 1
2994 1732 1
2994 48 1
2994 869 1
2994 2528 1
2994 1222 1
2994 2807 1
2994 1640 1
2994 1244 1
2994 333 1
2819 2664 1
3374 1672 1
2995 1972 1
2995 3988 1
2995 807 1
2995 2338 1
2995 977 1
1352 3228 1
1352 3619 1
1352 840 1
1352 3535 1
1349 4446 1
2198 715 1
351 2778 1
1356 2773 1
1797 3341 1
3521 595 1
3521 1904 1
3521 1175 1
3521 3653 1
3521 1154 1
3521 3752 1
3521 3862 1
3521 909 1
3521 644 1
3521 1168 1
3521 3815 1
3521 1140 1
3521 4103 1
3521 1637 1
3521 2731 1
3521 1330 1
3521 1382 1
3521 4371 1
1885 2089 1
3119 697 1
305 976 1
305 3058 1
305 1323 1
305 3946 1
305 1969 1
305 2633 1
305 832 1
305 3696 1
1386 3573 1
1386 1023 1
4225 3606 1
3780 447 1
3780 2991 1
3780 3422 1
3780 122 1
3780 3451 1
499 3327 1
3572 1970 1
3572 3755 1
3572 813 1
3572 214 1
3211 3858 1
3211 993 1
3211 4549 1
3211 520 1
3211 1927 1
3211 2374 1
3211 2473 1
3211 195 1
3211 2429 1
3211 1495 1
3211 1977 1
3211 814 1
3211 2760 1
3211 2364 1
3211 1361 1
3146 4420 1
172 2186 1
172 224 1
172 3334 1
172 4207 1
172 466 1
172 3106 1
172 3367 1
172 1834 1
172 3034 1
172 2922 1
172 1625 1
172 1053 1
172 1638 1
172 3282 1
172 3513 1
172 2471 1
172 3211 1
172 3884 1
172 4309 1
172 1928 1
172 2771 1
172 1933 1
172 4099 1
718 504 1
718 4163 1
718 4331 1
718 3080 1
718 1960 1
718 3948 1
718 3107 1
718 2799 1
718 4381 1
718 1245 1
2351 1324 1
2351 100 1
2351 505 1
2351 775 1
2351 3417 1
4187 3167 1
52 1146 1
794 4377 1
794 3525 1
794 925 1
794 4284 1
1781 568 1
1781 2456 1
1781 2049 1
1781 455 1
1781 3661 1
1781 2896 1
3182 3297 1
3701 1705 1
3701 737 1
3701 407 1
3701 2292 1
3701 647 1
4323 4510 1
4179 1333 1
3836 3118 1
4456 3908 1
4456 663 1
4456 1027 1
4456 4345 1
4456 3734 1
4456 1807 1
4456 3523 1
4456 1951 1
4456 800 1
4456 462 1
2860 2372 1
2860 589 1
2860 2182 1
2860 58 1
2860 2878 1
2860 3649 1
2860 1617 1
2860 875 1
2860 156 1
2860 1284 1
2860 3839 1
2860 3436 1
2860 3342 1
2860 213 1
2860 3909 1
2860 823 1
2860 2231 1
2860 3114 1
2860 194 1
2860 959 1
2860 788 1
2860 2793 1
2860 2511 1
2860 1278 1
2860 3693 1
2860 4529 1
2860 2283 1
2860 3916 1
2860 1231 1
2860 914 1
2860 215 1
2860 3729 1
2860 2228 1
2860 711 1
2860 3907 1
2860 3086 1
2860 2307 1
2860 3662 1
2860 240 1
2860 2642 1
2860 4185 1
2860 2632 1
2860 3168 1
2860 3588 1
2860 4040 1
2647 2892 1
816 577 1
816 2010 1
816 3522 1
816 1423 1
816 2121 1
816 3613 1
816 73 1
816 1180 1
816 2432 1
816 137 1
816 4337 1
816 1558 1
816 3113 1
816 2258 1
2768 1477 1
3698 3237 1
847 3940 1
4104 1702 1
2747 3886 1
2747 3046 1
2747 1030 1
3540 3028 1
3540 282 1
4400 216 1
4400 389 1
4400 3437 1
4346 1581 1
3520 2992 1
361 2369 1
361 2225 1
361 4410 1
361 569 1
361 4238 1
361 102 1
361 3251 1
361 1230 1
361 2249 1
361 463 1
361 522 1
361 3321 1
361 773 1
601 734 1
645 3694 1
1062 2494 1
1062 4084 1
1062 74 1
851 405 1
3938 346 1
2538 3172 1
1474 1496 1
1474 3822 1
209 1159 1
2210 2393 1
2210 3778 1
2210 3860 1
2210 1608 1
2210 227 1
2210 3271 1
2210 1731 1
2210 2883 1
2210 2851 1
2210 1195 1
2210 846 1
2210 436 1
2210 2302 1
2210 3683 1
2210 879 1
674 1725 1
2266 1286 1
2342 220 1
2232 2612 1
2681 2229 1
2681 2984 1
2681 2226 1
2681 1882 1
2681 1614 1
2681 2899 1
2547 4122 1
2547 4387 1
1531 2542 1
1531 884 1
1531 2555 1
1531 334 1
1531 1641 1
1531 668 1
1755 2527 1
3688 610 1
3688 3870 1
506 2477 1
3421 2035 1
3421 818 1
2366 4450 1
2366 1536 1
2366 3222 1
2366 4017 1
2366 3007 1
473 729 1
4277 4298 1
4277 4174 1
4277 4500 1
4277 257 1
4277 3917 1
4277 1939 1
4277 4394 1
4277 1950 1
4277 2011 1
4277 634 1
4277 4556 1
4277 582 1
4277 1136 1
4277 2352 1
4277 556 1
4277 1682 1
4277 4344 1
4277 4495 1
4277 3262 1
4277 3139 1
4277 664 1
4277 3568 1
4277 1698 1
4277 970 1
4277 1981 1
3662 2593 1
3662 1422 1
3662 1355 1
3662 4360 1
3662 2950 1
3662 4228 1
3662 3306 1
3662 2323 1
3662 3378 1
3662 2582 1
3662 2544 1
3662 12 1
3662 3952 1
3662 2087 1
3662 837 1
2921 3709 1
1165 785 1
1902 3352 1
1902 1733 1
4397 1247 1
4397 4209 1
2364 3159 1
2364 3973 1
2364 1006 1
2364 2550 1
155 3817 1
155 3496 1
155 3706 1
155 229 1
155 1963 1
155 4176 1
1759 2050 1
748 842 1
748 3455 1
1448 965 1
1448 309 1
1448 2709 1
1522 1186 1
1522 1513 1
292 3823 1
13 3180 1
13 2676 1
3056 2403 1
1945 3162 1
1442 4085 1
1442 2728 1
1442 643 1
1442 1982 1
554 2381 1
2248 1539 1
3111 2305 1
3111 617 1
3111 1745 1
3111 1537 1
3111 3970 1
3111 3333 1
3111 894 1
3111 922 1
376 2127 1
376 4350 1
376 3195 1
376 1259 1
376 1840 1
2643 4221 1
1015 3127 1
4309 2142 1
4309 2519 1
4309 881 1
4309 764 1
4309 3387 1
2798 2484 1
2798 4167 1
2798 4303 1
2798 772 1
2798 2894 1
2798 2339 1
2798 3140 1
2798 3703 1
2798 115 1
2798 2404 1
2798 655 1
2798 2170 1
2798 1108 1
1306 3229 1
1012 3678 1
1012 1878 1
3724 2618 1
3724 4300 1
3724 3470 1
3724 2159 1
3724 801 1
3724 4459 1
3724 2383 1
3724 1848 1
3724 2751 1
3724 1487 1
3724 3512 1
3724 3404 1
3724 3097 1
3724 2175 1
3724 4150 1
3724 2962 1
3724 352 1
3724 1055 1
3724 3393 1
1258 603 1
128 452 1
4530 4535 1
4530 3565 1
4530 3426 1
4530 424 1
4530 3731 1
4530 2254 1
4530 2062 1
4530 2096 1
4530 3680 1
4530 852 1
4530 3099 1
4530 4250 1
4530 1407 1
4530 2079 1
4530 166 1
4530 2147 1
1151 3290 1
2735 830 1
10 3771 1
3213 1680 1
3213 1075 1
3213 1048 1
3213 206 1
3213 3646 1
3213 1751 1
3213 1269 1
2663 4249 1
2663 3296 1
2663 2931 1
2663 2222 1
2663 391 1
819 1968 1
2572 1064 1
3036 2486 1
3036 2284 1
3036 2308 1
3036 3043 1
3036 2211 1
3672 1003 1
3943 2757 1
3173 2233 1
3173 1043 1
3173 3138 1
3173 4506 1
4260 4107 1
2911 2482 1
4333 2106 1
4333 1572 1
2131 3671 1
2131 1166 1
2131 3373 1
2131 2440 1
2131 3533 1
2131 2710 1
2131 1152 1
2131 2207 1
2131 3313 1
2131 2568 1
2131 1695 1
2131 1133 1
2131 4412 1
2131 1111 1
2131 2054 1
2131 71 1
2131 3456 1
2131 2619 1
2131 2458 1
2131 3841 1
2131 3365 1
2131 1461 1
2131 1337 1
2131 1873 1
2131 1553 1
2131 3997 1
1081 119 1
1081 3626 1
1081 272 1
1081 2263 1
1081 1787 1
1081 2815 1
1081 2717 1
1081 88 1
1081 423 1
1081 1806 1
1081 1515 1
1081 3063 1
1081 3720 1
4441 3900 1
2617 1777 1
2617 4079 1
2617 2551 1
2617 4546 1
2617 267 1
2617 2176 1
2831 4513 1
2831 3668 1
2831 3998 1
2831 269 1
2831 2792 1
2831 3197 1
2831 4248 1
2831 3878 1
2831 2434 1
2831 3013 1
2831 4216 1
2831 4076 1
2831 4386 1
2831 428 1
2831 3589 1
1989 60 1
1409 330 1
1476 3873 1
1476 3189 1
1476 2610 1
1476 3905 1
1476 1976 1
1476 4088 1
1476 3810 1
1476 947 1
1476 652 1
1869 3524 1
838 1656 1
1999 1419 1
4519 356 1
4519 3785 1
4519 839 1
4519 147 1
4519 316 1
4519 2314 1
1083 1821 1
369 17 1
2273 1122 1
254 1157 1
2642 3128 1
2412 431 1
2087 1112 1
4380 446 1
1553 289 1
47 4544 1
3038 103 1
3448 1660 1
3448 89 1
3272 2776 1
1980 1828 1
1029 232 1
4425 2153 1
2466 1395 1
2979 1339 1
2979 3461 1
2979 3218 1
2979 1514 1
2979 3690 1
2979 3742 1
2979 583 1
3338 3911 1
3338 4054 1
3338 382 1
64 4566 1
64 1385 1
64 2981 1
64 191 1
64 3039 1
64 4409 1
64 2626 1
64 2058 1
1928 3647 1
1928 3075 1
1928 370 1
1928 2545 1
1928 3147 1
1928 3473 1
1928 1357 1
1928 1401 1
1928 1473 1
1928 3010 1
1928 2886 1
1928 861 1
1928 1700 1
1928 4069 1
1928 1455 1
1928 891 1
1928 2777 1
1928 456 1
1928 3881 1
1107 751 1
1107 3811 1
1107 2214 1
1107 8 1
3489 4354 1
3620 1338 1
3620 2838 1
4290 1843 1
4290 3396 1
4290 271 1
1237 1155 1
1237 1773 1
981 1105 1
981 1550 1
981 4391 1
981 129 1
981 3273 1
981 3804 1
981 262 1
981 4025 1
981 2884 1
981 13 1
971 2442 1
1210 1538 1
1210 1650 1
1210 1573 1
4448 3527 1
4448 2303 1
2328 4026 1
841 2638 1
841 43 1
4295 4332 1
2769 1424 1
1964 700 1
198 550 1
1618 1229 1
3120 3077 1
1291 3497 1
2777 307 1
2749 3466 1
3227 3499 1
3959 1952 1
3959 4307 1
3959 1753 1
3959 3188 1
4464 1946 1
2294 2423 1
3364 4001 1
3364 3351 1
3364 3083 1
3364 1542 1
3364 4002 1
3364 4496 1
1714 3244 1
1714 1949 1
1714 1046 1
1714 766 1
1714 2553 1
1714 2647 1
1714 3016 1
1714 4139 1
1714 1303 1
1714 1627 1
1714 343 1
1714 3594 1
1714 1609 1
1714 532 1
4379 91 1
4379 4073 1
4379 2923 1
4379 2563 1
4379 1716 1
4379 2446 1
4379 288 1
4379 2864 1
1456 45 1
1456 2080 1
1456 2005 1
1456 420 1
1456 61 1
1456 181 1
1456 1393 1
3339 3011 1
735 2602 1
4227 3724 1
2216 796 1
2216 2699 1
4252 686 1
4252 4533 1
4252 4516 1
4252 4501 1
4252 1503 1
4252 631 1
2934 4401 1
3819 412 1
3819 4166 1
3003 1606 1
477 3625 1
1983 2658 1
344 1441 1
746 1000 1
746 1743 1
746 998 1
1228 310 1
259 4158 1
259 4233 1
4237 2752 1
4237 680 1
4336 3511 1
1810 1610 1
1810 3238 1
2319 2620 1
3588 141 1
3361 604 1
714 1577 1
1106 4418 1
1106 4152 1
76 1013 1
332 1137 1
332 1265 1
332 1792 1
332 1566 1
332 398 1
332 1507 1
332 4428 1
332 3950 1
332 3460 1
332 943 1
2068 2117 1
2068 767 1
2068 2680 1
2068 1621 1
2068 1747 1
2068 1687 1
2068 4138 1
2068 2177 1
2068 4235 1
2068 2628 1
2068 4517 1
2068 3925 1
2068 2014 1
2068 1737 1
2068 1065 1
2068 2281 1
1218 1462 1
1218 2514 1
1218 1799 1
1218 3604 1
1218 3115 1
1218 1665 1
1218 519 1
1218 1307 1
2939 3179 1
1479 3746 1
1479 2822 1
1479 4328 1
3883 4449 1
3883 574 1
3883 3648 1
3883 3956 1
3883 4315 1
3883 2367 1
1302 2012 1
1302 4141 1
1302 157 1
1302 1425 1
1302 2382 1
1302 3150 1
1302 2687 1
715 4127 1
2460 2092 1
2460 781 1
4280 2679 1
1978 4256 1
40 990 1
40 1995 1
40 1187 1
40 4010 1
40 2047 1
40 3622 1
40 445 1
40 1681 1
1986 944 1
270 1596 1
270 3486 1
270 3067 1
270 2285 1
270 2588 1
270 1815 1
270 4041 1
270 3490 1
270 1993 1
270 1039 1
270 544 1
270 4405 1
270 2895 1
270 1525 1
270 2387 1
270 3552 1
270 2157 1
270 1351 1
270 4362 1
270 3359 1
270 676 1
270 1945 1
270 1669 1
270 500 1
270 4519 1
270 2204 1
270 658 1
564 248 1
564 896 1
564 3449 1
564 1666 1
564 3605 1
4444 1172 1
2040 1620 1
2040 1295 1
2040 2114 1
2040 1693 1
2040 66 1
2040 3303 1
2040 3979 1
2040 2115 1
2040 4316 1
2040 1109 1
2040 4490 1
2040 1782 1
2040 3912 1
2040 2243 1
2040 1663 1
2040 3277 1
2040 2332 1
3714 2497 1
738 3812 1
3462 542 1
3071 760 1
2147 1844 1
4531 280 1
4531 336 1
4531 2518 1
4531 4465 1
4531 3187 1
4531 710 1
4531 2099 1
4531 186 1
2015 4289 1
4029 2927 1
4029 3291 1
4029 1098 1
4029 1480 1
4029 201 1
4029 138 1
4029 3219 1
4029 1371 1
4029 478 1
4029 3391 1
4029 3782 1
4029 1410 1
4029 1974 1
4029 4162 1
4029 437 1
4029 597 1
4029 1771 1
4029 4230 1
4029 1049 1
4029 2914 1
4029 2991 1
4029 2565 1
4029 1760 1
4029 2660 1
4029 3928 1
4029 4403 1
4029 1211 1
4029 669 1
4029 1394 1
4029 4290 1
4029 732 1
4029 1270 1
77 1273 1
688 659 1
4294 502 1
4011 1188 1
3825 4317 1
2972 2554 1
2972 946 1
2972 762 1
2972 901 1
2972 3406 1
2132 261 1
694 1839 1
694 2398 1
3008 2373 1
3008 4072 1
2848 2237 1
1717 3148 1
2578 2315 1
2051 3529 1
2051 4056 1
2051 749 1
2051 1465 1
2051 1752 1
2051 3534 1
2051 1301 1
2051 1045 1
2051 2165 1
2051 93 1
2051 1062 1
2051 3587 1
2051 656 1
2006 139 1
1917 750 1
2689 2721 1
371 4261 1
3751 4161 1
3751 1213 1
3751 2972 1
1431 472 1
1466 2347 1
589 789 1
589 2016 1
589 4366 1
589 1956 1
589 2073 1
1067 3627 1
1067 438 1
3012 296 1
1867 907 1
1867 15 1
1867 2160 1
555 563 1
3722 3134 1
451 4160 1
451 3343 1
1041 786 1
513 3826 1
3908 425 1
709 1644 1
2878 3310 1
2878 4132 1
2878 2644 1
1879 300 1
1879 1622 1
1879 3329 1
2936 1730 1
2936 1740 1
3488 2824 1
3258 1912 1
3372 372 1
3372 3764 1
3372 4027 1
3372 1311 1
4318 3893 1
1617 355 1
1617 4351 1
4304 318 1
4304 2063 1
4122 180 1
4122 1811 1
4122 2900 1
4122 2141 1
2088 1800 1
2600 4093 1
4128 3121 1
4111 4407 1
4111 1793 1
3126 2986 1
850 2275 1
850 1138 1
3958 408 1
3958 2116 1
3958 2224 1
3958 2397 1
3958 4417 1
3958 2360 1
3958 1427 1
3958 831 1
3958 2964 1
184 3650 1
2233 2758 1
459 468 1
459 651 1
1238 1381 1
1238 3260 1
3813 1095 1
1319 1011 1
3623 3788 1
2573 4215 1
3653 1368 1
3178 4460 1
3178 2870 1
1488 3375 1
1488 2780 1
2710 4383 1
2710 2145 1
2710 3183 1
2710 2492 1
2816 338 1
883 3546 1
883 1551 1
3191 2844 1
2965 3798 1
1968 2414 1
4059 1958 1
4059 422 1
4059 2732 1
4059 1256 1
4059 722 1
4059 646 1
2820 1959 1
2820 4033 1
3626 1605 1
3891 152 1
4207 1257 1
823 207 1
823 1200 1
823 1292 1
823 3787 1
823 963 1
823 1994 1
823 893 1
1677 1193 1
1677 4157 1
1677 2517 1
434 199 1
434 717 1
497 2523 1
497 675 1
771 3801 1
771 3915 1
771 153 1
771 3252 1
771 3220 1
771 1233 1
771 679 1
765 4183 1
765 2348 1
1654 4274 1
242 649 1
959 3091 1
959 3431 1
874 378 1
4110 2181 1
4110 1475 1
4110 787 1
2223 756 1
3369 1947 1
3369 844 1
3369 2212 1
3369 1200 1
284 3691 1
974 3386 1
974 3981 1
3550 4071 1
2333 3314 1
2333 2513 1
1657 3430 1
1657 3723 1
1657 2340 1
1657 1161 1
1769 2634 1
1769 1510 1
861 3020 1
3834 2622 1
3834 3885 1
3834 4415 1
3834 159 1
3878 797 1
2712 3702 1
2712 4177 1
2712 2427 1
1794 210 1
1794 1670 1
1794 2219 1
537 1519 1
4098 1671 1
4098 1298 1
4098 987 1
4098 4382 1
35 4471 1
35 1435 1
4083 3992 1
4083 1559 1
4083 899 1
4083 3047 1
4083 2516 1
3913 3506 1
3913 747 1
3913 1712 1
2409 81 1
2409 2000 1
2409 2967 1
2409 1017 1
2409 593 1
4085 1501 1
3802 2 1
710 357 1
2222 1113 1
2754 4153 1
2595 4253 1
2595 3577 1
4485 3803 1
4485 2353 1
3536 1403 1
3536 1497 1
3536 2924 1
3536 3599 1
3536 3772 1
3536 991 1
3536 2810 1
3536 2171 1
3536 2825 1
3536 2576 1
3536 4451 1
3536 2876 1
3536 848 1
3536 4143 1
3536 2738 1
3536 543 1
3412 4198 1
4156 1031 1
102 1224 1
102 657 1
4361 2179 1
2283 146 1
1231 2512 1
1231 1744 1
975 3805 1
975 510 1
975 1668 1
975 731 1
2455 3389 1
2455 3503 1
2300 3379 1
4518 2691 1
1005 3791 1
1005 1894 1
1641 1457 1
524 4121 1
71 2753 1
71 409 1
71 3253 1
1898 1744 1
2139 3761 1
531 1428 1
531 2645 1
531 1883 1
531 534 1
531 1365 1
3551 3500 1
2437 1126 1
2507 2935 1
2507 3753 1
2507 1348 1
2507 3443 1
3657 149 1
3694 4246 1
1814 2329 1
3831 2959 1
436 4437 1
2086 323 1
1500 418 1
1352 3711 1
3521 2192 1
3521 449 1
3521 4031 1
305 3129 1
4225 1340 1
4225 3009 1
4225 4213 1
4225 3795 1
3780 1757 1
3780 1783 1
3780 1661 1
3780 1493 1
3211 2611 1
3211 3591 1
3211 1520 1
3211 1317 1
3211 3235 1
3211 4302 1
3211 121 1
172 1836 1
172 2138 1
172 177 1
172 1089 1
172 726 1
3879 3109 1
3879 315 1
2860 3827 1
2860 586 1
12 2496 1
238 402 1
816 3190 1
816 39 1
361 3935 1
1062 4007 1
1320 1377 1
2210 3537 1
2210 931 1
2307 2215 1
1982 768 1
4277 809 1
4277 4254 1
4277 1116 1
3662 162 1
3662 44 1
3662 1297 1
3662 1517 1
2364 133 1
1078 3206 1
1442 3762 1
3111 1353 1
3111 1182 1
376 571 1
376 1414 1
376 1449 1
376 1876 1
2798 1068 1
3724 566 1
3724 1859 1
4530 1123 1
3173 4194 1
3173 396 1
3173 1845 1
3173 1248 1
3173 616 1
3173 932 1
3173 3376 1
3173 1943 1
3173 3062 1
2131 2427 1
2131 2453 1
2131 1624 1
2131 1077 1
1081 3773 1
1081 2441 1
1081 2905 1
2617 3440 1
2617 3345 1
2831 3697 1
2831 1842 1
1476 3933 1
1476 123 1
1476 1239 1
2087 613 1
1553 4090 1
3448 3570 1
1928 2487 1
1928 24 1
1928 2361 1
1456 924 1
1456 3741 1
3588 1183 1
1218 2187 1
4552 1916 1
3460 400 1
40 4458 1
40 1125 1
40 3965 1
270 3612 1
270 558 1
270 3556 1
2040 3756 1
2040 1445 1
2040 175 1
2040 2852 1
2040 3571 1
4531 2906 1
4029 4168 1
4029 2001 1
4029 1227 1
4029 3371 1
4029 4236 1
4029 1966 1
4029 3017 1
4029 917 1
4029 2975 1
2051 1494 1
2407 3087 1
3600 2979 1
1862 2043 1
1862 178 1
938 555 1
3644 1312 1
2028 1906 1
2028 1274 1
2028 2936 1
2028 4318 1
2028 683 1
2028 64 1
1633 3743 1
994 2965 1
4282 101 1
4282 1714 1
3984 1007 1
2885 3835 1
2029 96 1
3947 939 1
3947 3198 1
3947 794 1
3947 1891 1
3947 1841 1
3947 3213 1
3947 981 1
3716 3203 1
770 459 1
770 4083 1
770 2860 1
770 3887 1
770 1467 1
1847 1373 1
1847 2445 1
1847 4110 1
1847 3987 1
421 538 1
421 4413 1
421 2032 1
421 2831 1
381 2409 1
1694 1833 1
3048 1087 1
3048 1502 1
3048 4277 1
3502 850 1
3502 2712 1
3502 1678 1
3502 3780 1
416 4426 1
614 2039 1
2662 305 1
4471 3018 1
3155 923 1
1864 95 1
3241 95 1
3994 1411 1
260 412 1
3072 3309 1
3072 2507 1
3072 1352 1
3072 2051 1
3642 2915 1
2344 2220 1
3184 270 1
2589 4225 1
2189 1879 1
1439 2536 1
3516 1050 1
2861 4142 1
2861 3894 1
2288 433 1
3923 3536 1
4416 3765 1
4416 2598 1
4416 2227 1
4416 902 1
3704 52 1
2334 3479 1
320 1914 1
707 3899 1
741 3539 1
3102 1720 1
1004 2548 1
2865 2380 1
4537 16 1
3231 2772 1
1526 705 1
2630 109 1
200 3638 1
2678 3463 1
1300 3265 1
2575 3620 1
733 1534 1
3323 3390 1
3323 2119 1
3323 1902 1
1895 4138 1
2268 3353 1
2268 1948 1
4014 3510 1
4014 2304 1
4014 4156 1
1156 4411 1
217 3227 1
1953 975 1
1953 3944 1
3411 4286 1
3204 314 1
3895 3991 1
2800 2474 1
4424 2590 1
3856 3673 1
2260 142 1
1440 2596 1
964 1509 1
3784 2375 1
1607 3331 1
1607 3469 1
1518 1458 1
3517 3465 1
3517 1579 1
3517 2475 1
2828 3891 1
1727 3639 1
3452 1654 1
1584 4393 1
2941 1491 1
3744 1336 1
3744 4311 1
230 1562 1
143 3406 1
3664 4281 1
3792 4184 1
3686 3837 1
1907 678 1
1907 4531 1
1907 4029 1
511 4296 1
2646 284 1
2783 3504 1
690 1366 1
2306 3651 1
942 983 1
1204 4275 1
4287 4012 1
4039 3418 1
34 1512 1
2867 3269 1
1768 4240 1
2853 3882 1
2064 2674 1
3828 1073 1
4536 4268 1
2525 1938 1
1887 955 1
2659 4266 1
2659 1930 1
3151 1984 1
3151 883 1
3151 624 1
774 521 1
2985 1005 1
3902 867 1
1543 1580 1
479 3843 1
2422 2155 1
557 2973 1
430 1794 1
3985 3628 1
3601 567 1
3602 3302 1
4522 960 1
708 3586 1
1162 3040 1
4402 4561 1
4402 3747 1
3797 2209 1
4483 457 1
1453 3084 1
1199 3629 1
1199 4502 1
2745 2133 1
2264 3394 1
2330 3420 1
2411 3936 1
4285 1173 1
4096 2794 1
3730 218 1
2953 3834 1
3754 279 1
3754 3889 1
1903 1838 1
2415 979 1
3564 3256 1
2976 3732 1
2976 1746 1
854 2841 1
4060 3300 1
174 2871 1
1129 1033 1
4353 4283 1
2343 4283 1
1593 4154 1
2296 3575 1
3926 1636 1
1805 524 1
2730 4322 1
3548 3050 1
3428 1642 1
2830 312 1
2075 364 1
1934 1110 1
3068 1174 1
1567 4111 1
448 1677 1
1508 875 1
919 4507 1
70 1690 1
2324 1142 1
1066 2251 1
1923 3955 1
106 3429 1
4020 4224 1
1761 3521 1
2592 2727 1
3215 3173 1
3477 4562 1
3149 1829 1
2862 301 1
294 4291 1
1160 135 1
2503 2774 1
4479 3631 1
3962 2457 1
3066 2272 1
4468 2595 1
4243 249 1
3210 620 1
1560 4399 1
3710 1434 1
4074 2820 1
4276 3369 1
4276 1479 1
3665 3021 1
4505 1260 1
2103 742 1
2416 233 1
3748 3799 1
3748 3074 1
2405 2650 1
3398 2419 1
2926 3012 1
2083 2647 1
3971 497 1
1034 264 1
4078 1072 1
769 730 1
682 2044 1
2693 3551 1
2354 3480 1
255 4019 1
3205 2036 1
2120 40 1
1736 263 1
2839 995 1
1209 3044 1
4223 605 1
485 699 1
4384 3445 1
3153 648 1
3964 1240 1
930 268 1
3487 2485 1
2483 4347 1
3019 2614 1
187 2040 1
3766 3245 1
67 4112 1
1961 1729 1
3481 335 1
954 2916 1
1024 3364 1
4540 3679 1
978 2744 1
3001 2107 1
4217 2454 1
969 4263 1
1444 3687 1
966 2993 1
799 2205 1
3266 4252 1
1250 3336 1
2526 531 1
2603 3366 1
576 2919 1
576 3258 1
1940 1612 1
4374 3958 1
1242 417 1
4210 3986 1
290 2910 1
3563 1657 1
144 3092 1
2420 1898 1
2394 2705 1
2566 2537 1
4306 132 1
2989 865 1
1484 1452 1
1758 4304 1
3931 4530 1
3223 1469 1
2094 1215 1
1432 1215 1
900 2970 1
2447 1529 1
1463 3763 1
55 454 1
1408 4292 1
2597 1597 1
3453 1218 1
1545 720 1
2356 1867 1
2013 2929 1
1191 441 1
3281 3901 1
3888 1896 1
1837 3380 1
3974 3633 1
4338 4421 1
3439 3830 1
1019 4361 1
458 2173 1
3579 628 1
3989 1892 1
3042 2504 1
3413 2504 1
1801 3847 1
4367 3111 1
3041 1608 1
4438 3036 1
3920 1791 1
2313 2974 1
3163 474 1
2695 2840 1
192 2002 1
2052 2765 1
295 4341 1
1962 1482 1
3133 172 1
3578 1554 1
3065 3705 1
4474 399 1
3549 1929 1
1691 3802 1
470 2847 1
2144 1676 1
188 1081 1
1179 4059 1
1548 4218 1
