3041 1670 1
3041 4324 1
3041 4400 1
2427 3377 1
1810 1191 1
1810 2003 1
1810 2259 1
1609 2767 1
1609 2196 1
1609 2171 1
1609 463 1
1609 1636 1
1609 4059 1
1609 4078 1
1609 260 1
1609 1950 1
1609 2657 1
1609 84 1
1609 1560 1
1609 1045 1
1609 372 1
1609 1291 1
1609 4298 1
1609 2641 1
3964 4076 1
3964 381 1
3986 228 1
3540 572 1
266 2585 1
1914 2964 1
3541 3053 1
3541 2060 1
3541 3754 1
1839 1540 1
1277 2307 1
3006 2090 1
3006 2172 1
3006 2707 1
3006 3205 1
3006 2606 1
3006 3095 1
3006 3215 1
571 2575 1
3283 2084 1
131 842 1
131 2603 1
2781 2825 1
2781 592 1
2781 1147 1
2781 65 1
2781 4325 1
2781 539 1
2781 3515 1
2781 3081 1
174 1605 1
1387 469 1
1387 1039 1
1387 3192 1
1387 1100 1
1387 1655 1
1387 3146 1
1387 305 1
1387 1765 1
1387 1234 1
1387 180 1
1387 2283 1
2726 680 1
2687 2983 1
1980 3412 1
2317 960 1
2317 1796 1
2317 3870 1
2541 712 1
4320 1539 1
2470 570 1
2470 2289 1
2470 359 1
1658 3600 1
1658 2231 1
1658 476 1
2371 2143 1
398 560 1
2798 3847 1
3934 533 1
1475 2660 1
1475 2722 1
1475 59 1
1475 632 1
1475 724 1
1475 1404 1
1475 2382 1
1475 2717 1
3432 2597 1
394 522 1
394 1717 1
3289 881 1
3289 2442 1
3289 3397 1
1988 4446 1
1988 159 1
1988 1047 1
1988 1213 1
1988 2415 1
240 707 1
1581 2507 1
4208 1315 1
4208 813 1
4208 2013 1
4208 2658 1
4208 2046 1
4104 2743 1
4104 2854 1
4104 1160 1
3392 3358 1
3392 693 1
3392 3893 1
3468 21 1
2627 1715 1
127 2238 1
1235 85 1
1235 735 1
1235 2787 1
1235 36 1
1235 363 1
1235 110 1
1235 4050 1
1235 1460 1
2733 927 1
4139 1330 1
4139 3493 1
1799 4311 1
1799 3503 1
3939 2267 1
3955 2117 1
3955 2318 1
3955 274 1
1489 3133 1
1489 4259 1
1489 4174 1
1489 1829 1
1489 411 1
1489 3008 1
1489 3988 1
1489 1997 1
1489 4073 1
1489 601 1
1489 49 1
3248 1919 1
3248 4272 1
3248 1222 1
1610 1151 1
1610 1634 1
1610 3390 1
1610 3173 1
524 98 1
1600 4142 1
547 1594 1
3002 1058 1
3002 3956 1
3002 94 1
3002 3344 1
3002 2004 1
1483 1644 1
1483 3921 1
3446 659 1
1001 380 1
1001 1986 1
3126 2173 1
3126 8 1
2970 3066 1
1808 4336 1
1463 3741 1
1463 1818 1
1463 2580 1
1463 888 1
1463 3247 1
1463 32 1
1463 3699 1
2212 4206 1
102 3557 1
3088 1732 1
3088 2236 1
3088 143 1
3088 4388 1
3088 3141 1
3088 2719 1
3088 1106 1
3088 2805 1
3088 503 1
3088 2503 1
3088 2958 1
3088 2330 1
3088 3789 1
3088 2262 1
3088 997 1
3088 2906 1
3088 2546 1
3088 1805 1
3088 4280 1
3088 4375 1
3088 241 1
3088 2221 1
3088 1105 1
3088 2334 1
3088 1204 1
3088 3863 1
2328 2237 1
4003 1383 1
4003 2775 1
4003 2308 1
2504 4267 1
1771 436 1
1771 4126 1
1771 1566 1
2844 3040 1
1820 725 1
1356 3541 1
1356 4080 1
1356 1827 1
1356 2758 1
1356 3326 1
4342 1922 1
4342 2756 1
4342 2287 1
4342 1592 1
4342 4007 1
1085 3317 1
4060 2058 1
734 1399 1
4175 2545 1
4175 1366 1
1245 1901 1
1101 2467 1
1101 399 1
1101 146 1
1101 2102 1
1101 2160 1
1101 4217 1
1101 1333 1
1101 2015 1
1101 4455 1
1101 83 1
1101 1714 1
1101 757 1
1101 4176 1
1101 1708 1
1101 2917 1
1101 2928 1
1101 3047 1
1101 2704 1
1101 1359 1
1101 3266 1
1101 3197 1
1101 3466 1
1101 1488 1
1101 2063 1
1101 3186 1
1101 1996 1
1101 3693 1
1101 617 1
1101 1715 1
1101 1728 1
1101 2936 1
1101 1167 1
1101 3150 1
1101 1886 1
1101 569 1
1101 1698 1
1101 444 1
1101 52 1
1101 1050 1
2165 1013 1
1367 2428 1
1367 3758 1
1367 3122 1
1367 2392 1
1367 3897 1
1367 96 1
1367 2947 1
1367 4294 1
1367 1554 1
1367 3182 1
1367 1327 1
2696 2097 1
390 3535 1
390 572 1
390 3158 1
984 2455 1
984 4357 1
919 631 1
919 2413 1
919 2693 1
919 2444 1
3027 1734 1
3663 111 1
2152 3435 1
966 3096 1
966 2364 1
2638 762 1
2638 2162 1
2638 4024 1
2638 2766 1
2638 377 1
2638 2705 1
2638 3296 1
2638 3919 1
1485 1963 1
1485 1536 1
434 3002 1
2378 2875 1
2378 1145 1
1788 1790 1
3884 3667 1
2494 4344 1
2236 2878 1
2236 2665 1
2236 1314 1
2236 3265 1
2236 138 1
2236 3136 1
2743 2098 1
1571 995 1
1031 2092 1
2469 17 1
701 1008 1
2154 2823 1
996 343 1
2163 481 1
2163 3250 1
2163 1180 1
2163 3802 1
2163 1995 1
596 2470 1
2332 2006 1
702 1504 1
685 3579 1
1284 179 1
2307 1475 1
2307 2499 1
2307 3175 1
2307 2779 1
2307 445 1
2307 528 1
2307 1398 1
2307 3632 1
2307 3993 1
2307 550 1
2307 4366 1
2281 3609 1
2939 1574 1
2939 3135 1
2939 4360 1
2939 3504 1
2939 3313 1
2939 4457 1
3688 2550 1
3688 2025 1
3688 232 1
1513 4425 1
1513 3459 1
1513 101 1
1513 3938 1
1513 209 1
1513 2279 1
1513 3307 1
1513 1523 1
1513 1844 1
4114 2237 1
4114 287 1
4114 234 1
4114 3809 1
4114 1455 1
4114 2140 1
4114 855 1
4114 1651 1
4114 2901 1
2679 2859 1
2679 829 1
2679 4260 1
2679 2559 1
2679 2725 1
2679 78 1
905 535 1
2729 214 1
1163 3724 1
1163 3848 1
497 3383 1
497 1794 1
497 1741 1
497 3614 1
497 4029 1
497 1112 1
497 2728 1
497 1316 1
497 633 1
497 1795 1
497 1355 1
497 2536 1
497 6 1
497 4288 1
497 1990 1
497 3521 1
3566 2974 1
580 2336 1
580 2650 1
580 3438 1
580 2604 1
3403 1632 1
1930 2699 1
4012 2955 1
2904 594 1
1891 3964 1
1891 3006 1
1891 1235 1
1891 3449 1
1891 1960 1
1891 1822 1
1891 549 1
2778 1777 1
2778 545 1
2778 929 1
4289 1519 1
4289 2206 1
4289 4190 1
3867 3380 1
3867 3791 1
2599 2492 1
2209 3048 1
3470 1428 1
3648 426 1
3648 4194 1
1716 600 1
1026 3164 1
1026 4234 1
1026 121 1
1026 3922 1
1026 4261 1
2389 1324 1
2389 2192 1
2389 1939 1
2389 2951 1
2389 3130 1
2389 1286 1
2389 882 1
2389 364 1
2389 2734 1
2389 2397 1
3614 1906 1
3342 1807 1
3342 3640 1
3342 3445 1
3342 835 1
3342 3207 1
3342 957 1
3342 20 1
3755 890 1
2931 3108 1
3859 3680 1
677 1122 1
3458 2325 1
2031 4399 1
124 58 1
124 1972 1
124 2342 1
2127 3289 1
2127 250 1
2127 749 1
2127 2849 1
2127 2398 1
2127 3726 1
2127 1686 1
2127 2610 1
2127 940 1
1583 872 1
520 92 1
1614 2551 1
4005 2772 1
2177 3425 1
2177 1250 1
4081 3567 1
4081 3017 1
4081 3837 1
4081 1723 1
156 1095 1
156 1889 1
745 1563 1
4234 2511 1
4234 4218 1
1757 4327 1
2144 2836 1
2144 3158 1
2196 1738 1
2196 3798 1
2196 4296 1
2196 2654 1
2196 1934 1
2196 2920 1
2196 3689 1
3598 840 1
3117 1114 1
2381 2804 1
1104 3392 1
1104 3248 1
1104 984 1
1104 767 1
1104 2861 1
1104 3312 1
1104 1707 1
1104 741 1
1104 3999 1
1104 2373 1
1104 2363 1
1104 783 1
1104 4037 1
1104 4429 1
1104 1857 1
1104 309 1
1104 1507 1
1104 2498 1
1104 3010 1
2257 4150 1
686 1825 1
686 4409 1
686 3143 1
686 1823 1
686 1287 1
686 1558 1
686 756 1
686 4255 1
686 4224 1
686 2862 1
1829 2907 1
3682 3836 1
3682 431 1
3682 324 1
3682 1763 1
3682 397 1
3682 190 1
3682 3759 1
3682 1193 1
3682 2528 1
3682 930 1
3682 1887 1
3682 2607 1
3682 4065 1
3682 1415 1
2490 2713 1
2490 1259 1
2490 1376 1
2551 1801 1
2551 1349 1
2551 3046 1
2551 3085 1
2551 2402 1
2551 3000 1
2551 3662 1
2551 3440 1
2551 126 1
3483 2118 1
3483 3974 1
1190 828 1
1190 3542 1
1190 1713 1
1190 3720 1
1190 3320 1
1190 2835 1
557 4453 1
557 3637 1
3151 671 1
4044 807 1
280 2241 1
3977 3991 1
3996 2243 1
3996 3009 1
191 3718 1
191 964 1
191 134 1
191 2158 1
191 624 1
191 2478 1
191 3903 1
191 2519 1
191 4089 1
191 3413 1
191 3570 1
191 944 1
191 880 1
191 320 1
191 2611 1
191 1402 1
4082 1897 1
4082 2200 1
4082 4447 1
4082 2680 1
4082 4110 1
4082 1236 1
4082 726 1
4082 2448 1
4082 2598 1
4082 972 1
4082 3874 1
4082 3985 1
4082 798 1
4082 541 1
4082 2838 1
4082 2394 1
4082 3618 1
4082 2926 1
4082 3039 1
4082 1174 1
4082 3990 1
4082 14 1
3339 4322 1
4274 3890 1
2719 3097 1
2062 170 1
2062 4046 1
2062 618 1
999 996 1
999 3225 1
999 674 1
999 978 1
999 218 1
999 3430 1
999 4315 1
999 4268 1
2806 4198 1
1804 2995 1
3436 2289 1
1894 3920 1
2297 2349 1
3328 3354 1
3410 3605 1
2891 1842 1
2891 410 1
2891 3589 1
2891 2842 1
2891 1408 1
2986 1572 1
1397 2017 1
3617 2853 1
2805 2443 1
2805 2081 1
2395 2471 1
3858 1358 1
3838 3601 1
2329 3098 1
2834 1404 1
556 1076 1
2298 437 1
3608 4239 1
3608 313 1
2533 2780 1
2533 4141 1
2533 879 1
2533 2354 1
2533 2360 1
2533 1464 1
2533 2867 1
2533 3820 1
2533 1146 1
2533 2188 1
2533 4240 1
2533 1862 1
2533 396 1
2533 3700 1
2533 4067 1
2533 3372 1
2142 2075 1
2142 2677 1
2142 4143 1
2142 3875 1
1846 3490 1
2299 3902 1
459 64 1
3602 4428 1
3602 2495 1
367 1025 1
367 3180 1
163 3025 1
163 3068 1
478 446 1
120 1467 1
120 697 1
120 2948 1
120 4299 1
120 3112 1
120 3433 1
120 1766 1
120 3686 1
120 1322 1
857 1678 1
857 1970 1
857 3812 1
3941 2195 1
1379 1529 1
1729 3056 1
2720 3707 1
2720 1819 1
2360 3057 1
2360 438 1
2171 3454 1
463 4234 1
2709 507 1
2637 4056 1
2637 3989 1
1909 3587 1
3312 4183 1
3312 448 1
1564 3208 1
1519 941 1
1519 2689 1
1519 1739 1
1519 1756 1
1519 4413 1
1519 772 1
1519 2079 1
1519 3113 1
1519 379 1
1519 3134 1
1519 2174 1
1519 1375 1
1519 1271 1
1519 4373 1
1519 781 1
1519 4368 1
1519 2387 1
1519 3816 1
1519 1252 1
1519 1611 1
1519 4383 1
1519 2491 1
1519 2923 1
1519 2826 1
439 2447 1
3851 4247 1
945 1061 1
945 3393 1
1858 3633 1
955 1760 1
955 1922 1
955 2600 1
955 4290 1
955 2294 1
955 1042 1
955 1260 1
955 1033 1
955 2064 1
4020 1752 1
4020 3917 1
4020 1628 1
4020 878 1
2247 3675 1
2247 1622 1
2247 4 1
2247 3518 1
3204 447 1
2191 1084 1
2191 2629 1
2191 854 1
2191 3620 1
2191 4159 1
1169 973 1
3605 3399 1
3605 976 1
3605 1113 1
3605 516 1
3605 2535 1
3605 345 1
3605 4133 1
2908 2981 1
2908 3582 1
2908 3731 1
2908 3781 1
2908 2547 1
1722 2562 1
3629 3593 1
553 934 1
1491 1882 1
206 2152 1
206 3549 1
206 3592 1
3769 2182 1
3769 2518 1
3769 1447 1
3769 2806 1
3769 1331 1
3091 2792 1
3091 114 1
3091 42 1
3091 3794 1
3091 3276 1
2197 3279 1
2197 2954 1
2197 2472 1
2197 199 1
2197 896 1
1803 1156 1
1622 903 1
1622 493 1
1622 979 1
1622 2843 1
2976 3765 1
1223 2085 1
1223 3908 1
777 3022 1
777 3927 1
3353 2534 1
1210 3543 1
631 1531 1
285 2620 1
285 221 1
285 2115 1
3338 1038 1
2666 3116 1
2549 1069 1
3408 954 1
1464 4332 1
3187 77 1
4302 1811 1
683 2225 1
1826 580 1
1826 3904 1
1826 3220 1
1826 1591 1
1826 3234 1
1826 3070 1
1826 3502 1
1826 4241 1
1826 2809 1
1826 739 1
1826 3736 1
3427 3411 1
3427 629 1
3427 4051 1
3427 3311 1
3427 464 1
3427 3717 1
3427 2377 1
3427 837 1
1306 2126 1
2277 1550 1
2277 3258 1
2277 1002 1
2277 3235 1
2277 1405 1
2277 374 1
2277 4397 1
2277 1143 1
2277 3935 1
2277 746 1
2102 1728 1
1953 2996 1
2446 455 1
1270 3242 1
2413 9 1
2413 3674 1
2413 141 1
2413 4372 1
1205 472 1
2112 812 1
2112 4023 1
1709 1048 1
2539 1275 1
586 4363 1
3496 2904 1
3496 2560 1
3496 3940 1
3496 4263 1
3496 3229 1
3496 3572 1
3496 1976 1
3496 1237 1
1378 2161 1
1292 3346 1
3729 2782 1
1333 1660 1
1333 987 1
1333 494 1
1333 662 1
1333 700 1
1333 4131 1
1333 4132 1
1333 2569 1
1333 4090 1
1333 699 1
1333 845 1
1333 2570 1
370 1737 1
370 1442 1
370 3429 1
370 4460 1
370 665 1
370 2438 1
370 2198 1
3735 360 1
3735 422 1
1945 2197 1
1945 3329 1
4019 2799 1
4019 603 1
4019 129 1
4019 2530 1
4019 591 1
4019 3892 1
4019 2364 1
4019 2813 1
4019 2251 1
4435 2552 1
3746 4318 1
3746 1096 1
1343 3767 1
3568 2116 1
3568 3698 1
3568 2327 1
3568 4029 1
3568 2224 1
2396 1124 1
2396 1350 1
2396 291 1
2396 2816 1
2396 4448 1
2396 574 1
2396 164 1
2396 4099 1
2396 4195 1
2396 4185 1
2396 2488 1
2396 517 1
2424 2919 1
2424 3998 1
2284 2841 1
2284 2223 1
2284 417 1
2284 2012 1
4223 2449 1
1599 3732 1
1599 2695 1
1599 2136 1
1599 3800 1
1599 1137 1
1599 177 1
1599 3475 1
1599 2170 1
1599 2230 1
1599 1468 1
1599 2433 1
1599 3128 1
1599 487 1
3564 391 1
1812 1300 1
1812 1797 1
3285 75 1
3285 2558 1
3285 2634 1
3833 4002 1
3833 2881 1
1516 1779 1
1516 1917 1
1516 3941 1
1516 421 1
1516 3477 1
1516 575 1
1516 3391 1
1516 4127 1
1516 1944 1
1516 1159 1
1516 2037 1
1516 4449 1
4263 1153 1
4263 1709 1
4263 1034 1
4263 2167 1
4263 670 1
4263 1360 1
4263 2309 1
4263 3457 1
4263 1645 1
357 198 1
357 3461 1
357 2869 1
357 2293 1
357 1065 1
357 3271 1
357 2286 1
357 2255 1
357 3953 1
721 1492 1
537 3850 1
537 1244 1
2226 540 1
2592 1416 1
2421 1337 1
2421 207 1
2758 4393 1
2758 939 1
2758 4165 1
2758 1607 1
2758 3109 1
2758 1987 1
2758 3638 1
2758 897 1
3461 1736 1
3461 2337 1
3461 2248 1
3461 1470 1
3461 808 1
3461 3478 1
3461 4309 1
3461 3094 1
3461 347 1
3461 1183 1
3461 907 1
3461 2915 1
3461 226 1
3461 60 1
3461 3612 1
3461 41 1
3730 17 1
3747 3972 1
3747 3209 1
3619 3688 1
3619 4032 1
3619 1516 1
3619 181 1
3619 418 1
1845 815 1
1845 1688 1
3373 213 1
83 587 1
4235 2068 1
4235 1964 1
4235 1966 1
4235 2720 1
4235 2601 1
4235 2285 1
4235 2074 1
4235 346 1
3160 619 1
3160 157 1
3160 1449 1
3160 1451 1
1014 3546 1
1014 2960 1
4160 272 1
2735 886 1
1206 2399 1
765 2903 1
765 966 1
765 3701 1
765 4300 1
765 2369 1
765 2796 1
765 4219 1
75 714 1
75 686 1
75 4406 1
75 2069 1
75 4440 1
75 3330 1
75 1077 1
75 3359 1
75 1186 1
75 1182 1
75 990 1
75 2566 1
2304 3986 1
2304 1657 1
2304 1027 1
2304 3321 1
2304 2138 1
2304 2630 1
2304 4304 1
2304 2496 1
2304 1674 1
2304 2631 1
2304 275 1
2304 736 1
2304 1207 1
2304 2417 1
2304 2344 1
1410 335 1
1015 1049 1
2888 865 1
2888 4285 1
2888 2479 1
2888 3705 1
2888 4207 1
2888 1776 1
2888 1354 1
2888 4011 1
2888 1638 1
2888 2969 1
2888 224 1
2888 3882 1
2888 4061 1
2888 2451 1
1701 3702 1
1701 4371 1
1701 4274 1
1701 1730 1
1701 789 1
1701 3034 1
1701 1985 1
1701 4395 1
1701 4119 1
1701 1056 1
1301 3641 1
1301 3345 1
3613 2605 1
3613 2911 1
3613 395 1
3477 1562 1
3477 952 1
3477 1893 1
3477 4047 1
3477 4303 1
3477 4093 1
3477 2036 1
3477 1477 1
4424 263 1
4102 3624 1
4102 3067 1
4102 419 1
4102 4081 1
4102 4152 1
4102 3780 1
4102 4188 1
4102 3762 1
4102 1385 1
4102 1433 1
4102 1480 1
4102 18 1
4102 3898 1
4102 1584 1
4102 2771 1
4102 2475 1
4078 4130 1
4078 3965 1
235 208 1
235 3795 1
1117 1192 1
1117 1288 1
1117 1388 1
1117 861 1
1117 2926 1
3256 336 1
3762 4277 1
3762 4033 1
3762 1647 1
3762 2827 1
3762 2652 1
3762 802 1
3762 2147 1
195 1227 1
3084 1546 1
525 2404 1
3071 657 1
3753 909 1
3926 321 1
3926 200 1
3926 1665 1
3926 3787 1
3251 3020 1
3418 1644 1
2858 1417 1
4440 2810 1
4440 3328 1
4440 1298 1
4440 1675 1
4440 1187 1
4440 13 1
4440 325 1
4440 1422 1
3031 256 1
3031 3973 1
3031 255 1
323 883 1
323 3491 1
323 1454 1
323 1166 1
323 961 1
323 4333 1
323 1196 1
2476 3834 1
3161 2864 1
3161 2890 1
3161 4343 1
3161 457 1
3161 648 1
3161 3664 1
3161 1784 1
2911 667 1
3253 2180 1
2294 3957 1
3665 3937 1
53 874 1
53 1969 1
53 825 1
1780 2839 1
1780 115 1
1780 1 1
1780 1107 1
1780 2708 1
1780 408 1
1780 3487 1
1780 2361 1
1780 4415 1
1780 1273 1
1780 1420 1
1780 3138 1
1780 906 1
1780 2568 1
1024 552 1
679 2228 1
679 3099 1
679 4136 1
679 3805 1
679 1062 1
679 1494 1
4407 2414 1
1226 2453 1
1226 1833 1
1226 3415 1
1226 652 1
1226 4167 1
1304 2319 1
76 716 1
176 2872 1
176 120 1
176 2850 1
176 974 1
176 898 1
176 4162 1
176 1522 1
1758 879 1
1758 1146 1
1758 3388 1
519 2897 1
1719 1293 1
261 2999 1
261 3865 1
261 3166 1
261 1078 1
2800 3949 1
2800 1952 1
2800 3123 1
3817 2854 1
3817 1160 1
1038 2292 1
1038 3280 1
1038 2179 1
1038 458 1
1038 3154 1
1038 1264 1
1038 4015 1
1038 2921 1
1038 3259 1
1038 1981 1
1038 3654 1
1038 2181 1
1038 868 1
1038 935 1
1038 3059 1
2632 2977 1
2632 235 1
2632 1537 1
2632 1666 1
2632 3263 1
2632 3257 1
2632 985 1
2632 1931 1
2632 3213 1
2632 2615 1
997 4213 1
997 1466 1
997 1130 1
3942 4154 1
2057 154 1
2057 2227 1
1323 692 1
1323 1910 1
1323 2312 1
4242 788 1
4242 3967 1
3536 1221 1
31 3651 1
31 4074 1
31 2524 1
31 2109 1
427 3217 1
427 2323 1
427 786 1
427 3238 1
427 1623 1
427 1152 1
427 2653 1
427 1283 1
1694 477 1
347 1998 1
347 581 1
1960 3566 1
1960 3334 1
1960 2732 1
276 1325 1
276 1664 1
3047 3857 1
3995 134 1
3995 2116 1
3995 2242 1
3995 332 1
1338 1025 1
1338 3105 1
1338 66 1
1338 1880 1
1338 3520 1
1338 2670 1
1338 730 1
1338 3005 1
1338 1238 1
1338 2273 1
1338 2476 1
1338 3958 1
1338 3771 1
1338 4271 1
1338 2044 1
1338 3130 1
1338 1650 1
1338 1871 1
1338 967 1
1338 2855 1
1338 793 1
1338 1486 1
354 136 1
354 2768 1
354 1131 1
354 2679 1
354 2257 1
354 577 1
354 479 1
354 4140 1
354 1500 1
354 1845 1
354 4160 1
354 4278 1
354 1501 1
354 2824 1
354 1615 1
354 432 1
354 1667 1
354 4184 1
354 35 1
354 4283 1
354 2403 1
354 988 1
354 1911 1
354 4307 1
354 3861 1
354 91 1
354 4391 1
354 2563 1
4017 2000 1
2602 1740 1
2602 1019 1
2602 3872 1
2602 3859 1
2602 1535 1
2602 1275 1
2602 2505 1
2602 1294 1
2602 1212 1
2602 2216 1
2602 670 1
2602 1450 1
4248 1275 1
2320 995 1
4024 24 1
3905 326 1
3405 4385 1
3405 4312 1
3405 3830 1
3405 833 1
2548 3337 1
2548 236 1
2548 3599 1
2548 3538 1
2548 2649 1
2548 3853 1
2548 2514 1
2548 193 1
2548 2561 1
1498 2699 1
1537 3486 1
1537 2609 1
4000 3103 1
3832 827 1
1753 4367 1
1428 778 1
1428 4390 1
1428 2244 1
3472 2614 1
3472 663 1
3472 4337 1
3472 2027 1
3472 1547 1
3835 1610 1
3835 1884 1
3835 181 1
3835 1745 1
2007 797 1
2007 1682 1
2007 2982 1
2007 298 1
2007 1971 1
2007 3804 1
2007 2515 1
2007 3055 1
2007 1282 1
2007 158 1
2007 3737 1
2007 2863 1
2007 2291 1
2007 1257 1
2007 1680 1
2007 3101 1
2007 1097 1
2007 804 1
2007 3855 1
2007 2752 1
2048 2020 1
1742 2018 1
4041 2163 1
4041 1262 1
2285 4196 1
2285 3581 1
1501 862 1
1501 3260 1
1939 1642 1
1939 917 1
1939 3860 1
1939 2145 1
1939 4035 1
1939 299 1
491 1596 1
1042 3232 1
1042 4458 1
1928 37 1
3409 2232 1
4282 582 1
1077 465 1
1077 3899 1
1077 593 1
1077 1389 1
1077 2525 1
1077 1149 1
1077 3416 1
1077 1274 1
1077 2828 1
1077 2540 1
1077 2082 1
1077 3218 1
1077 433 1
737 2874 1
658 1613 1
2232 691 1
2232 1006 1
2232 504 1
2232 3119 1
2232 2302 1
2232 2683 1
2232 3742 1
742 3995 1
742 3978 1
2608 3240 1
2608 2815 1
2608 1653 1
2608 2239 1
2608 4094 1
2608 4039 1
2608 1786 1
2350 3003 1
2350 823 1
2350 2937 1
2350 768 1
2350 3647 1
4108 4236 1
4057 821 1
1855 1374 1
1855 1446 1
1855 2324 1
407 385 1
407 994 1
729 2516 1
2802 3839 1
2802 2712 1
2802 1967 1
2802 3439 1
2802 814 1
2802 3061 1
2802 4049 1
2802 302 1
2802 4317 1
2802 4341 1
2513 3692 1
2513 748 1
2513 1671 1
2513 644 1
3359 4230 1
3359 3934 1
3359 196 1
3359 1104 1
3359 3547 1
3359 31 1
3359 1239 1
3359 1989 1
3359 4006 1
3359 70 1
3359 1968 1
3359 1445 1
3359 2487 1
3359 2702 1
3359 1759 1
2272 1078 1
2040 713 1
2984 427 1
2984 843 1
1373 3091 1
1373 1826 1
1373 3746 1
1373 3745 1
1373 1302 1
1538 769 1
1538 3191 1
1538 1524 1
1538 3679 1
1538 211 1
1538 2094 1
3139 4402 1
1657 2788 1
1657 116 1
511 2327 1
1876 2822 1
1876 1824 1
1876 1469 1
1876 1904 1
2619 273 1
437 4138 1
437 627 1
437 2578 1
3807 1091 1
1027 2086 1
1027 2557 1
1027 1657 1
1027 1254 1
1027 3051 1
4423 3485 1
1720 3523 1
931 1885 1
2544 4105 1
2954 1772 1
1822 5 1
1822 112 1
1822 3479 1
1822 2274 1
449 3790 1
2434 638 1
3936 4075 1
3936 1269 1
3936 2595 1
3936 4412 1
3936 2655 1
3936 1616 1
3936 3952 1
2276 1479 1
3696 613 1
3696 3610 1
327 2352 1
327 784 1
844 3244 1
4256 970 1
219 2016 1
2769 4336 1
1177 2945 1
1627 3982 1
1627 3249 1
1627 499 1
1627 151 1
1627 1049 1
1627 2207 1
1627 1867 1
1627 1495 1
4107 1054 1
4107 1898 1
4107 3161 1
4107 471 1
4107 1762 1
4107 2349 1
4107 1597 1
4107 3176 1
4107 2033 1
4107 606 1
4107 3525 1
4107 4008 1
2889 2317 1
3656 1118 1
1951 589 1
1951 1098 1
2616 4419 1
2616 666 1
2616 4381 1
2616 3876 1
3932 4376 1
3932 637 1
3932 3447 1
3932 167 1
3932 796 1
3932 3806 1
3932 2961 1
3932 1251 1
3011 4212 1
4163 611 1
2128 474 1
763 1175 1
763 780 1
763 2014 1
763 1016 1
763 2388 1
763 2106 1
763 3556 1
763 2716 1
763 4427 1
763 1295 1
763 3341 1
763 924 1
763 2176 1
763 29 1
763 660 1
763 1514 1
763 3770 1
763 3104 1
763 1161 1
763 4231 1
763 1406 1
3271 1942 1
3271 4398 1
3271 1170 1
3271 165 1
3271 1508 1
3271 3183 1
4146 2054 1
8 3214 1
8 99 1
8 1418 1
8 178 1
8 1185 1
8 3343 1
8 647 1
8 4292 1
8 3064 1
8 2639 1
8 1136 1
1187 2971 1
2784 2967 1
3234 678 1
3234 2386 1
3234 2032 1
3234 3574 1
3234 2131 1
3234 3239 1
3234 1679 1
3234 2554 1
2612 583 1
2021 1631 1
2021 2821 1
2021 3361 1
3244 1285 1
3244 1409 1
3244 1505 1
3244 3389 1
3244 1954 1
3244 330 1
3244 3365 1
3244 3169 1
3244 597 1
3244 2628 1
3244 3414 1
1746 4396 1
1746 1086 1
1746 3473 1
1746 1441 1
1746 2930 1
1746 4192 1
1746 3483 1
1746 1586 1
1746 1487 1
1746 62 1
1746 968 1
1746 2786 1
1746 3733 1
1746 1305 1
1746 3943 1
1746 3291 1
1746 449 1
1746 456 1
1746 3649 1
1746 801 1
1746 2268 1
1746 2464 1
1746 2636 1
1746 1458 1
1746 215 1
1746 2675 1
1746 1816 1
1746 2375 1
1746 1927 1
1746 986 1
1746 4072 1
1746 2506 1
1746 1023 1
1746 4119 1
1746 1542 1
1746 3228 1
1746 1958 1
387 2599 1
2376 2328 1
2376 3681 1
13 1859 1
13 3778 1
1289 135 1
1289 2978 1
1289 3015 1
1289 2031 1
1289 459 1
1289 525 1
1289 4377 1
1289 4216 1
1289 1365 1
1289 404 1
1289 2856 1
1289 3230 1
2817 1744 1
4209 401 1
4209 2314 1
792 3514 1
792 2462 1
1091 3884 1
1091 1127 1
1091 2661 1
1091 1223 1
1091 1769 1
1091 3347 1
1144 3939 1
1144 2345 1
1144 12 1
1144 1965 1
2774 137 1
2774 1812 1
1412 4003 1
1412 3652 1
1412 1724 1
1412 2459 1
1412 4232 1
2459 1307 1
2459 1999 1
2459 2914 1
2459 1517 1
2459 2119 1
3687 587 1
3687 2995 1
2909 3735 1
2909 515 1
2909 565 1
3528 2590 1
3799 3170 1
3799 1353 1
866 1200 1
866 4066 1
866 267 1
866 225 1
866 2667 1
866 3910 1
866 4144 1
866 4034 1
866 1552 1
866 599 1
866 4108 1
866 1400 1
866 1272 1
866 1792 1
866 1199 1
866 1961 1
866 1090 1
866 3749 1
866 2340 1
866 1935 1
866 1009 1
866 2688 1
3482 1620 1
3482 2240 1
3482 3744 1
3482 3879 1
3482 3980 1
3482 2379 1
3482 851 1
3482 703 1
3482 673 1
3482 197 1
3482 1606 1
3455 3614 1
3748 538 1
4178 4151 1
3632 2339 1
3632 3494 1
2405 2668 1
93 4179 1
2084 989 1
2084 2408 1
2084 1625 1
2084 265 1
2084 3727 1
2084 4095 1
2084 4414 1
2084 3093 1
508 400 1
508 1849 1
508 3774 1
3864 3815 1
3864 3643 1
1835 2588 1
1835 3167 1
1835 1171 1
1835 922 1
1835 799 1
1835 3626 1
1835 850 1
507 277 1
507 2573 1
507 1946 1
507 409 1
507 1219 1
2280 4319 1
2357 2483 1
2357 3785 1
2107 668 1
4058 4264 1
4058 1029 1
4058 4077 1
4058 4210 1
4058 4310 1
630 4062 1
630 2150 1
630 1850 1
630 3349 1
630 1094 1
630 2362 1
630 1901 1
630 3073 1
630 182 1
630 2087 1
630 4201 1
630 3818 1
630 3537 1
3314 1649 1
2477 3797 1
1232 993 1
526 2895 1
4243 3955 1
4243 2576 1
4243 2473 1
4243 3035 1
4243 50 1
4243 1194 1
4243 2000 1
4243 4200 1
4243 518 1
4243 3200 1
4243 362 1
4243 3068 1
1532 3739 1
720 2684 1
801 2426 1
2222 2406 1
1214 3381 1
2189 1395 1
2189 3639 1
2189 2520 1
2189 2623 1
4197 107 1
4271 2091 1
2537 2531 1
2537 3594 1
2537 1059 1
2537 1134 1
2537 3189 1
2537 2477 1
2537 3856 1
2537 1064 1
2537 3831 1
2537 4229 1
281 1603 1
1036 3658 1
1036 4426 1
1036 1070 1
2951 2731 1
2951 4020 1
2951 1599 1
2951 1015 1
2951 4134 1
2951 3723 1
2951 1627 1
2951 4058 1
2951 1218 1
2581 582 1
1241 2486 1
46 708 1
46 1672 1
46 2148 1
46 3625 1
46 1735 1
46 2899 1
46 2114 1
46 512 1
2099 1190 1
2099 2449 1
3335 3665 1
3335 620 1
2104 1520 1
2104 264 1
2141 606 1
1419 4305 1
3072 1721 1
1968 3028 1
1968 688 1
1968 453 1
1968 3080 1
1968 4349 1
1968 3913 1
1968 3783 1
1968 1128 1
2001 212 1
1940 3663 1
1879 1706 1
2489 1529 1
1718 2288 1
3695 3243 1
3657 2646 1
1052 908 1
521 4102 1
3844 3924 1
3661 2762 1
1067 1339 1
1067 340 1
1067 853 1
2138 1515 1
2138 3264 1
2138 664 1
2138 2510 1
2138 3437 1
2138 1913 1
2138 128 1
889 915 1
1813 3237 1
4227 2427 1
4227 4052 1
4227 1697 1
4227 2005 1
4227 2034 1
4227 1463 1
4227 2656 1
4227 2211 1
4227 4221 1
4227 1704 1
4227 25 1
4227 2965 1
4227 722 1
4227 2509 1
4227 2898 1
4227 1228 1
4227 642 1
4227 3355 1
4227 4326 1
4227 2263 1
4227 4352 1
4227 2325 1
4227 3840 1
4227 1573 1
4227 2008 1
4227 4338 1
4227 4079 1
4227 1046 1
4227 1662 1
4227 1248 1
282 2183 1
3102 1544 1
3102 2110 1
3102 3333 1
3710 2759 1
2286 4387 1
2286 3946 1
2286 1157 1
2286 2124 1
2286 1710 1
898 3891 1
898 3398 1
898 378 1
898 2215 1
247 1731 1
2303 4128 1
2727 3278 1
2355 1013 1
3144 1318 1
1162 1778 1
4040 2801 1
4293 3588 1
447 1387 1
447 3088 1
447 3659 1
447 1687 1
447 1414 1
447 776 1
447 15 1
447 649 1
447 3219 1
447 938 1
447 2310 1
447 355 1
447 304 1
447 3708 1
638 4244 1
107 628 1
107 2260 1
107 548 1
107 349 1
1045 532 1
3065 3813 1
3065 1132 1
1468 980 1
3302 1368 1
3302 201 1
3302 1459 1
3302 331 1
3302 4225 1
3302 1866 1
3302 870 1
3302 2039 1
3302 3779 1
3302 2256 1
3302 1973 1
3385 2275 1
3385 40 1
3826 4313 1
620 963 1
620 1875 1
3641 43 1
3641 2482 1
3641 368 1
3641 3331 1
3086 2851 1
3086 2023 1
3045 773 1
4329 3203 1
1590 216 1
210 3115 1
2076 2189 1
253 1905 1
4369 82 1
4369 2378 1
4369 2793 1
4369 945 1
4369 3170 1
4369 1179 1
4369 323 1
4369 2632 1
4369 2932 1
4369 1690 1
2394 4013 1
2394 4088 1
2394 312 1
2394 237 1
2394 3106 1
2394 975 1
2394 1197 1
2394 4168 1
2394 1265 1
2394 4463 1
2394 2902 1
622 3722 1
3450 2313 1
4164 3894 1
3560 303 1
325 4186 1
325 1319 1
325 3401 1
1912 2335 1
3171 4429 1
3171 4383 1
2008 863 1
2008 2412 1
2008 4441 1
2008 3907 1
2008 1117 1
2008 3348 1
2008 2802 1
2008 1959 1
2008 2962 1
2008 248 1
2008 2760 1
2008 1751 1
2008 1320 1
2008 3300 1
2008 1102 1
1541 1984 1
1541 2366 1
1541 2939 1
1541 3029 1
1541 3378 1
1541 3206 1
1541 3245 1
1541 3676 1
1541 2916 1
1541 1992 1
1541 4202 1
1541 3467 1
1541 3100 1
1541 1020 1
54 1721 1
2873 2432 1
1092 1341 1
1092 505 1
2290 498 1
2290 259 1
2290 27 1
1699 2577 1
3166 2837 1
3166 1947 1
3166 1635 1
3166 2095 1
2669 3966 1
841 2676 1
3222 3244 1
1057 3633 1
2121 319 1
1276 1216 1
4306 2750 1
2697 4215 1
2697 484 1
2697 1643 1
1129 2065 1
3386 2959 1
1286 3309 1
1286 1974 1
1286 877 1
1286 2567 1
1286 4107 1
1286 2537 1
1286 2736 1
2063 2980 1
2063 1561 1
2063 2579 1
2063 171 1
1874 2860 1
2166 1005 1
2166 3441 1
2166 4214 1
2166 4361 1
2166 2247 1
2166 1253 1
2166 3784 1
2166 1060 1
2166 1800 1
2166 3216 1
2166 1749 1
2166 566 1
2166 816 1
2166 185 1
2166 2744 1
2166 1384 1
2166 1684 1
3186 232 1
181 2151 1
181 1646 1
181 4018 1
181 2746 1
22 859 1
3772 3407 1
3743 4433 1
3743 1563 1
3743 2396 1
4204 1691 1
4204 3287 1
1650 1120 1
2313 1681 1
2313 3944 1
2313 4060 1
2313 2659 1
2313 415 1
2313 2445 1
2313 3476 1
2313 4250 1
2313 1343 1
2313 3555 1
2313 2437 1
2313 1036 1
2313 292 1
2313 1933 1
2313 1435 1
414 2030 1
414 3616 1
2698 1907 1
914 2905 1
2089 790 1
2796 2814 1
2796 2311 1
155 1051 1
1795 3526 1
1795 1427 1
2429 1208 1
2502 2050 1
147 578 1
694 3760 1
2700 2460 1
2700 2757 1
2700 531 1
2700 928 1
1499 4237 1
1499 3886 1
1499 3666 1
2701 1914 1
2701 3562 1
2701 124 1
2701 2356 1
1431 791 1
4358 1369 1
4358 4439 1
4358 4389 1
4358 1220 1
4358 470 1
4358 2940 1
4358 2934 1
1996 1135 1
1996 1321 1
1996 558 1
1996 4129 1
1996 3371 1
1996 4093 1
1996 875 1
1996 278 1
1996 1423 1
1996 3054 1
3301 3808 1
3301 1074 1
3301 2139 1
3301 4161 1
3301 4170 1
3301 1471 1
3301 3511 1
3185 4026 1
2435 2685 1
1888 3968 1
614 3841 1
614 2247 1
614 2418 1
614 3979 1
614 3310 1
614 3405 1
614 2169 1
614 2350 1
614 3004 1
614 3370 1
614 743 1
614 3895 1
614 2989 1
614 1962 1
614 2022 1
614 1568 1
614 1329 1
1421 3981 1
1948 57 1
1948 1366 1
1948 3024 1
3120 4156 1
3120 1266 1
3120 2555 1
4436 4370 1
4436 4291 1
4436 1022 1
4436 2865 1
882 2781 1
882 2208 1
882 4166 1
882 2829 1
882 2840 1
882 405 1
882 4027 1
882 2745 1
882 3356 1
882 3706 1
882 1936 1
882 1731 1
882 1497 1
882 4356 1
882 831 1
882 2697 1
882 3842 1
882 3286 1
1443 4281 1
1443 806 1
1526 1839 1
1526 1580 1
1526 1982 1
1526 308 1
1526 1225 1
1526 3869 1
1526 1791 1
1526 3709 1
1526 3462 1
1526 3424 1
1526 869 1
1526 3012 1
1526 2322 1
1526 3948 1
1526 761 1
1526 4177 1
1526 350 1
1526 1334 1
1526 946 1
1278 579 1
3107 2935 1
3107 576 1
3107 3360 1
1317 567 1
1317 4416 1
1317 4350 1
1317 3137 1
1317 3110 1
1317 356 1
1317 3125 1
1317 2052 1
1317 3336 1
1317 2341 1
1317 3636 1
1317 1868 1
1317 4172 1
1317 2593 1
1317 3810 1
1122 2411 1
1122 1485 1
1122 39 1
1122 2229 1
1122 942 1
1122 1026 1
1122 3682 1
1122 1141 1
1122 2218 1
1122 4100 1
1122 2608 1
1122 1549 1
1122 386 1
1122 3030 1
1122 4436 1
1122 2358 1
1871 3911 1
1871 3996 1
1871 653 1
1871 1509 1
1871 817 1
1871 4364 1
1871 1390 1
1871 2963 1
1871 1689 1
1871 4297 1
2747 1351 1
2747 83 1
2747 1017 1
2747 856 1
2747 117 1
2747 2066 1
2747 3453 1
2747 800 1
2747 4187 1
1399 1530 1
1399 3631 1
1399 1041 1
1399 1063 1
1399 3052 1
1399 2368 1
1399 1876 1
1399 1490 1
1399 1727 1
1399 681 1
1399 3275 1
1399 2753 1
1399 1053 1
4148 342 1
4148 3500 1
4162 3914 1
4162 3532 1
4162 672 1
3975 4252 1
1422 3290 1
1422 1154 1
1182 3824 1
1182 4191 1
1182 4010 1
1182 2857 1
1182 2663 1
1182 3323 1
3691 2142 1
3691 3771 1
1933 764 1
1933 1125 1
1933 4462 1
19 4226 1
222 955 1
4083 1902 1
4083 1510 1
4083 1396 1
4083 3417 1
4083 561 1
103 4096 1
1565 3160 1
3048 1340 1
1621 413 1
3828 3957 1
297 3569 1
297 916 1
297 1457 1
297 3729 1
297 1923 1
3992 2532 1
100 2998 1
1751 186 1
1751 758 1
1751 295 1
257 341 1
605 1489 1
4193 4345 1
4193 2956 1
4193 1240 1
4193 848 1
4193 142 1
604 2783 1
4434 949 1
4434 1412 1
4434 4245 1
4434 1618 1
4434 1312 1
1268 3961 1
1816 2966 1
770 860 1
770 1583 1
770 2739 1
770 4258 1
770 1575 1
770 1617 1
770 73 1
4245 2994 1
4245 1473 1
4245 3304 1
4245 2553 1
4245 2245 1
4245 3829 1
1215 4384 1
3426 1747 1
1407 4286 1
1407 71 1
1407 317 1
1407 1258 1
1407 2424 1
1407 344 1
1407 1347 1
1407 4334 1
1407 2845 1
1407 1928 1
1407 3684 1
1407 602 1
1407 2625 1
1407 3038 1
1407 4171 1
1407 1587 1
1407 352 1
4036 1004 1
1674 1926 1
1674 2523 1
1674 3385 1
1603 4030 1
1603 187 1
1603 3888 1
1603 2252 1
1603 3172 1
1603 3563 1
1603 3434 1
1603 2203 1
1603 1567 1
1603 3803 1
1603 3400 1
1603 3261 1
529 3947 1
529 771 1
529 191 1
529 542 1
529 3983 1
529 1696 1
529 3510 1
529 205 1
1851 554 1
2785 1119 1
2785 1838 1
2785 3364 1
2785 3231 1
2785 3877 1
2785 676 1
2785 4358 1
2785 1938 1
2785 4438 1
2372 3021 1
3329 86 1
3329 690 1
3329 774 1
3329 1538 1
3329 3045 1
3329 3801 1
3329 166 1
3246 1478 1
4258 932 1
4258 4115 1
4258 2797 1
4258 2686 1
4258 4437 1
4258 1673 1
4258 689 1
1705 613 1
1785 809 1
1785 4380 1
1785 106 1
1785 1176 1
1785 452 1
1785 30 1
1785 918 1
1785 268 1
1785 3575 1
1785 2125 1
1785 160 1
1785 2517 1
1785 750 1
1785 2617 1
1785 3669 1
2296 1598 1
3931 2582 1
803 3509 1
2168 1121 1
2168 1595 1
3750 3587 1
1985 2070 1
1985 1456 1
3292 245 1
1932 3531 1
1932 866 1
510 860 1
3451 2949 1
3210 2456 1
3210 2011 1
3210 1275 1
2751 4222 1
2265 1856 1
1745 1115 1
1745 180 1
920 3032 1
166 959 1
2942 2277 1
2942 38 1
1030 1211 1
3558 3018 1
466 4253 1
4395 3923 1
4395 3327 1
4395 1895 1
4395 2997 1
1158 2300 1
967 2648 1
3868 3516 1
2221 3042 1
2221 3471 1
2221 2269 1
2221 2461 1
2221 2711 1
761 1982 1
761 2721 1
761 1021 1
761 3315 1
2353 3124 1
1973 2975 1
1504 175 1
1504 3442 1
1504 4308 1
1504 188 1
1504 286 1
1504 251 1
3039 443 1
3039 3822 1
3039 1521 1
3039 2038 1
1089 1683 1
4095 2408 1
4095 4180 1
4095 454 1
4095 351 1
4095 2671 1
4095 2149 1
4095 2571 1
3165 1275 1
590 2773 1
3646 849 1
3646 329 1
3646 4321 1
3646 310 1
3646 2893 1
3646 2193 1
3646 2741 1
3646 3777 1
3646 958 1
1639 2468 1
3168 2642 1
3168 2500 1
3168 950 1
3168 3221 1
3168 3700 1
3168 3703 1
2734 357 1
2047 4070 1
2047 3277 1
2047 3997 1
2047 3799 1
2047 1569 1
3379 293 1
3379 4053 1
148 3000 1
428 3155 1
1506 3773 1
523 3751 1
523 4173 1
891 301 1
891 3179 1
891 2833 1
4408 1762 1
2043 3539 1
2043 857 1
1244 231 1
4067 2763 1
1743 3121 1
3362 3718 1
3362 880 1
1873 830 1
1676 2764 1
1676 962 1
1676 3880 1
1676 2400 1
1676 2233 1
1676 2818 1
2055 4392 1
2351 695 1
2936 2980 1
2936 1834 1
2936 2579 1
3970 1626 1
2690 2538 1
288 1432 1
288 168 1
288 3060 1
1099 2776 1
2382 55 1
2382 732 1
2382 2894 1
1624 2737 1
1624 4320 1
1624 1957 1
1624 1513 1
1624 1941 1
1624 2290 1
1624 297 1
2270 2061 1
435 151 1
435 1065 1
3038 328 1
1429 315 1
2059 1563 1
1132 3719 1
1132 2249 1
934 4189 1
934 450 1
934 2973 1
934 1608 1
934 4339 1
934 1380 1
2691 953 1
1411 2789 1
1411 3201 1
1411 1075 1
1411 3976 1
1411 4273 1
1411 1370 1
1411 3162 1
4310 913 1
238 192 1
4199 2888 1
4199 3932 1
4199 4197 1
4199 614 1
4199 2385 1
1173 4063 1
2855 1511 1
2855 4155 1
2855 47 1
2855 2521 1
2855 1035 1
3768 2777 1
1320 1393 1
1320 118 1
1320 2718 1
1320 4228 1
1320 4147 1
1320 3786 1
1320 646 1
105 3148 1
4451 3761 1
3025 2219 1
3025 3552 1
3025 4407 1
3025 3501 1
3025 1309 1
3025 1582 1
3025 2026 1
3025 2049 1
1098 492 1
1098 3026 1
4316 1601 1
923 1403 1
923 1142 1
4182 4082 1
4182 2103 1
3738 3082 1
3738 3513 1
3738 2715 1
569 269 1
1204 294 1
1204 584 1
1204 977 1
1204 3585 1
4307 3394 1
3305 3310 1
2924 2564 1
1435 2035 1
1435 2175 1
1435 486 1
1435 2761 1
1435 3001 1
1435 636 1
1435 4249 1
1435 3928 1
1435 2137 1
621 2703 1
4045 1439 1
4254 283 1
4254 2681 1
4254 1789 1
4254 2929 1
4254 991 1
4254 11 1
4254 1881 1
2391 1830 1
1348 1701 1
981 420 1
2305 1018 1
4190 3404 1
4190 1028 1
2077 607 1
4118 2700 1
4118 529 1
1262 1111 1
1262 2246 1
1262 3603 1
1262 1087 1
1262 2876 1
1262 244 1
1262 1079 1
1262 189 1
1262 3224 1
1262 1570 1
309 28 1
309 2457 1
309 502 1
1949 161 1
927 258 1
927 3843 1
1602 4122 1
3505 394 1
1474 611 1
1618 2852 1
1618 3152 1
1618 1863 1
1618 4456 1
1618 4454 1
1618 1290 1
1618 3845 1
1618 3480 1
1618 679 1
1618 2376 1
1618 3395 1
1618 2315 1
1618 1391 1
2912 595 1
2912 3954 1
843 61 1
843 108 1
843 2093 1
843 1781 1
843 2692 1
843 2640 1
843 1637 1
843 1725 1
843 1711 1
843 508 1
843 2199 1
843 2886 1
843 4269 1
843 3303 1
843 1093 1
843 1878 1
843 2073 1
843 144 1
1502 1852 1
1502 2423 1
1502 1296 1
1587 2382 1
172 1525 1
2790 650 1
2952 2638 1
2952 1472 1
2952 3298 1
2952 4279 1
704 1246 1
353 2132 1
353 612 1
353 2748 1
353 388 1
353 2583 1
353 3929 1
353 284 1
353 3561 1
353 969 1
353 95 1
353 2643 1
353 615 1
1613 1342 1
1613 3883 1
1150 3153 1
3690 1993 1
313 1877 1
313 2922 1
313 2925 1
313 2807 1
1344 4353 1
1344 3492 1
1344 3087 1
1344 4016 1
1828 1226 1
4442 2754 1
549 2987 1
549 3763 1
549 2672 1
549 2594 1
549 3734 1
782 1855 1
782 623 1
2512 3194 1
2512 2778 1
2512 992 1
2512 2304 1
2512 1780 1
2512 3199 1
2512 1668 1
2512 3715 1
2512 4262 1
2512 2146 1
2512 104 1
2512 1407 1
2512 1344 1
1102 3925 1
1102 4048 1
1102 311 1
1102 4157 1
1102 687 1
1102 1263 1
1102 475 1
1102 4025 1
1102 3499 1
1102 2682 1
1102 1430 1
1102 4071 1
1102 4084 1
1102 23 1
1102 3181 1
2417 234 1
2417 4404 1
2417 4410 1
2417 2071 1
1782 2488 1
2159 2366 1
3863 3580 1
3863 3297 1
3863 4330 1
2225 87 1
2225 3885 1
2225 2101 1
2225 787 1
2225 2993 1
2225 4068 1
2225 640 1
2225 536 1
2225 3595 1
2225 1032 1
2225 358 1
2225 1448 1
2225 3190 1
2225 740 1
2225 751 1
2225 3140 1
2225 4111 1
2225 568 1
2225 2485 1
2225 3793 1
2225 4443 1
2225 925 1
2225 651 1
2225 3814 1
2321 2184 1
67 3918 1
1381 2880 1
1381 2420 1
2103 1648 1
2103 752 1
2103 3926 1
2103 3930 1
2103 3596 1
2103 951 1
2103 1770 1
2103 3295 1
2088 266 1
2088 467 1
2088 1853 1
2088 1758 1
2088 3627 1
2088 3590 1
2088 1773 1
2088 573 1
3347 2488 1
3284 122 1
1000 733 1
88 366 1
2129 805 1
2129 1656 1
2129 936 1
2129 2991 1
1361 2333 1
1361 2466 1
1361 63 1
2385 3178 1
2385 1692 1
2385 1249 1
2385 2749 1
2385 150 1
2385 2885 1
2385 3889 1
3673 965 1
3158 3557 1
1609 819 1
1609 2111 1
1609 3959 1
3964 2565 1
443 3912 1
4247 2024 1
2781 2870 1
1387 1043 1
1387 2201 1
1387 3262 1
1387 495 1
2317 482 1
2317 3227 1
1475 270 1
1988 1896 1
1988 546 1
1988 3366 1
3392 1310 1
1235 4346 1
1489 3062 1
1489 3043 1
3248 132 1
1463 3604 1
1463 3634 1
3088 3078 1
3088 1434 1
3088 230 1
3088 3456 1
3088 1184 1
3088 1892 1
3088 2542 1
3088 1108 1
3088 4085 1
3088 4328 1
3088 3036 1
3088 2220 1
3088 3550 1
1771 982 1
1101 1793 1
1367 1925 1
1367 4203 1
1367 921 1
1367 3635 1
1367 3293 1
1367 3823 1
3217 316 1
3663 3274 1
2638 4287 1
2638 1890 1
2638 1527 1
2638 1066 1
2236 1503 1
2307 4417 1
2307 489 1
2307 4101 1
2939 3252 1
2939 3159 1
2939 306 1
2939 832 1
3688 2306 1
3688 775 1
4114 2009 1
4114 3792 1
2679 509 1
2679 1815 1
2679 1242 1
2679 1346 1
725 1335 1
725 3316 1
497 1303 1
497 1817 1
497 1943 1
497 3660 1
497 4335 1
497 3350 1
1702 588 1
1702 2155 1
1702 2108 1
1702 1528 1
1702 4137 1
4110 2380 1
2927 4275 1
2904 339 1
2599 826 1
124 1585 1
3141 2755 1
3141 1116 1
1104 3677 1
1104 1767 1
1104 2458 1
1104 544 1
1104 3049 1
1104 2261 1
1104 3376 1
1104 145 1
686 2738 1
686 2497 1
686 300 1
686 3584 1
686 1328 1
686 839 1
686 3782 1
3682 3725 1
2551 654 1
2551 3668 1
2551 715 1
191 3622 1
191 4431 1
191 2374 1
4082 4432 1
4082 509 1
4082 402 1
4082 382 1
999 2953 1
3328 3357 1
3328 2419 1
2891 2972 1
2891 2120 1
119 4275 1
120 2624 1
120 2253 1
1095 904 1
857 3481 1
857 2943 1
857 947 1
857 3548 1
857 2587 1
857 4394 1
857 706 1
2360 1555 1
2360 1055 1
2360 3630 1
1519 139 1
1519 4097 1
1519 1168 1
1519 527 1
1519 3147 1
1519 2204 1
1519 4158 1
1519 4091 1
1519 338 1
1519 2644 1
1519 2187 1
1519 2847 1
1519 1082 1
1519 1280 1
1519 2217 1
1519 2622 1
1519 3764 1
1519 3037 1
1519 1915 1
1519 1229 1
1519 926 1
1519 3033 1
1519 3607 1
1519 723 1
955 3896 1
3605 243 1
2908 1164 1
2908 1633 1
2908 4284 1
2197 2383 1
285 2526 1
1464 2866 1
1826 3873 1
1826 2723 1
1826 2724 1
1826 3488 1
3427 3063 1
3427 4121 1
2277 3318 1
3496 4009 1
1333 873 1
1333 279 1
370 910 1
370 361 1
370 4169 1
3735 4064 1
2396 483 1
2396 3642 1
4353 393 1
1599 3653 1
1599 2133 1
1599 1551 1
1516 2957 1
1516 2250 1
1516 885 1
1516 3188 1
1516 3507 1
4263 339 1
4263 4120 1
357 1872 1
3461 892 1
3461 871 1
3461 2041 1
83 1920 1
83 2067 1
765 1669 1
75 2401 1
75 3544 1
75 1761 1
75 81 1
75 133 1
75 3193 1
75 3269 1
75 2633 1
75 2868 1
2304 696 1
2304 731 1
2304 1140 1
2304 3776 1
2888 3714 1
2888 834 1
2888 3551 1
1701 2819 1
1701 661 1
1701 2831 1
3477 1003 1
4102 4365 1
4102 1109 1
4102 3683 1
4102 846 1
4102 655 1
4102 3050 1
3762 2113 1
4440 4211 1
4440 1133 1
4440 68 1
4440 901 1
4440 3645 1
4440 2846 1
4440 3299 1
3161 4379 1
3161 2589 1
1780 3254 1
1780 1860 1
1780 2662 1
1780 3670 1
1780 3971 1
1780 3495 1
1780 1693 1
1780 2896 1
1780 1661 1
176 3129 1
176 1203 1
176 1840 1
176 2359 1
176 2105 1
176 747 1
176 2678 1
1758 795 1
1758 3465 1
1758 3591 1
1038 899 1
1038 3915 1
1038 4374 1
1038 3131 1
2632 451 1
2057 1975 1
31 26 1
31 69 1
427 1545 1
427 496 1
427 4257 1
427 3697 1
427 3878 1
1960 818 1
1338 2820 1
1338 373 1
1338 429 1
1338 3406 1
1338 1083 1
1338 500 1
1338 4265 1
1338 3236 1
1338 1424 1
1338 2871 1
1338 3319 1
1338 4354 1
1338 1080 1
1338 488 1
1338 1654 1
1338 3089 1
1338 1991 1
1338 2808 1
1338 971 1
1338 3565 1
1338 2295 1
1338 3712 1
1338 785 1
1338 153 1
1338 2080 1
1338 333 1
1338 2941 1
1338 2480 1
1338 513 1
1338 1768 1
354 3463 1
354 2710 1
354 3174 1
354 1576 1
4381 270 1
4024 2645 1
2548 1548 1
2548 3887 1
2548 858 1
1537 3597 1
1428 1172 1
3472 530 1
2007 3419 1
2007 645 1
2007 2979 1
2007 562 1
2007 233 1
1731 2425 1
1939 3288 1
1939 3524 1
1939 1809 1
1077 1994 1
2232 1103 1
2867 3069 1
2867 3945 1
1855 1956 1
2802 3527 1
4262 1255 1
4262 1072 1
4262 2647 1
1373 1198 1
1373 717 1
1373 3306 1
1538 1201 1
1538 1578 1
216 2950 1
1027 2613 1
2954 3422 1
2954 3615 1
1822 2202 1
1822 3421 1
449 3713 1
763 3489 1
763 1209 1
763 1908 1
763 634 1
763 2474 1
1065 412 1
3271 3202 1
3271 2618 1
3271 3267 1
8 74 1
8 1461 1
8 2556 1
8 2938 1
8 1883 1
8 3443 1
3234 4135 1
3234 468 1
3234 4021 1
3234 1783 1
3244 162 1
3244 3013 1
3244 3281 1
3244 3866 1
3244 3950 1
1746 1899 1
1746 2264 1
1746 10 1
1746 1847 1
1746 555 1
1746 2194 1
1746 1462 1
1746 2887 1
1289 1685 1
1091 1088 1
1412 227 1
1412 3211 1
1412 1068 1
1412 3498 1
2459 1841 1
2459 534 1
866 779 1
2084 3553 1
2084 1231 1
2084 2384 1
2084 2278 1
508 152 1
1835 2390 1
1835 1593 1
507 2178 1
507 3448 1
4058 2481 1
4058 1764 1
4058 1937 1
630 1869 1
630 2436 1
630 3092 1
630 1372 1
1493 1955 1
2537 4452 1
1036 810 1
1036 4347 1
1036 3854 1
2951 4149 1
1968 1436 1
2138 893 1
4227 1073 1
4227 1843 1
4227 3 1
2286 2501 1
898 1748 1
898 4238 1
447 430 1
447 3497 1
447 709 1
447 3420 1
447 1437 1
447 2234 1
447 3374 1
638 1352 1
638 1870 1
1468 2157 1
3302 3811 1
2394 1774 1
2008 1481 1
2008 4022 1
2008 296 1
2008 3226 1
2290 639 1
2290 3694 1
1286 1806 1
1286 2326 1
2063 383 1
2063 1924 1
2166 1434 1
2166 3223 1
2166 2765 1
2166 2770 1
2166 442 1
2166 1802 1
2166 2407 1
181 2586 1
2313 3655 1
2796 3444 1
2796 760 1
2796 3671 1
2796 3357 1
2796 710 1
2796 2626 1
2796 1138 1
4358 33 1
4358 1640 1
1996 3156 1
1996 3512 1
1996 3464 1
1996 1512 1
4436 3195 1
4436 2730 1
882 3900 1
1526 462 1
1526 3177 1
1526 3184 1
1526 1452 1
1526 3711 1
1526 3367 1
1526 3058 1
1526 794 1
1526 2053 1
1526 183 1
1526 4042 1
1526 1484 1
1526 983 1
1526 4405 1
1526 728 1
1526 4031 1
1526 1279 1
1526 1677 1
1526 4123 1
1526 460 1
1526 1977 1
1317 2072 1
1317 3255 1
1317 1377 1
1317 2910 1
1122 4386 1
1122 3623 1
1871 4001 1
1871 1848 1
1871 1978 1
1871 2481 1
1871 1983 1
1871 1695 1
1871 45 1
1871 56 1
1871 429 1
1871 4382 1
1871 4444 1
1871 2331 1
1871 97 1
1871 895 1
1871 3325 1
1871 3685 1
1871 1629 1
1871 3023 1
1871 3387 1
1871 4450 1
1871 242 1
1871 262 1
1871 1308 1
2747 2190 1
2747 4461 1
1399 3074 1
1399 3369 1
1399 3906 1
3048 1750 1
297 184 1
4434 2164 1
4434 852 1
4434 4418 1
2036 4117 1
4245 3849 1
1215 3272 1
1215 3529 1
1215 3728 1
1407 4386 1
1407 4420 1
1407 933 1
1407 1044 1
1407 1440 1
1407 149 1
1674 375 1
1674 2083 1
1603 4233 1
1603 4348 1
1603 3987 1
1603 1832 1
529 376 1
529 948 1
529 2266 1
3329 2051 1
3329 1040 1
1785 204 1
1785 3196 1
1785 2791 1
1785 1155 1
1785 389 1
1985 3827 1
1985 3766 1
4429 3573 1
1745 424 1
1745 4092 1
2221 89 1
2221 1903 1
2221 425 1
761 3090 1
1973 1476 1
4095 1231 1
3646 2572 1
3646 2651 1
3168 675 1
3168 202 1
3168 2416 1
2734 252 1
4067 1918 1
1676 2441 1
934 2205 1
1886 2056 1
4199 1814 1
4199 2301 1
4199 3132 1
4199 1836 1
4199 4314 1
4199 44 1
4199 4116 1
4199 2365 1
4199 2832 1
2855 2892 1
1320 2508 1
3025 1189 1
3025 1553 1
3025 641 1
3025 3704 1
3025 1900 1
3025 656 1
3025 3757 1
3025 423 1
3025 2830 1
3025 1401 1
3738 3951 1
1575 2465 1
1575 3368 1
1435 3650 1
1435 490 1
1435 2584 1
3079 1332 1
3819 2811 1
3819 1465 1
3819 3756 1
3819 822 1
3819 2694 1
3819 140 1
3875 1864 1
309 2002 1
309 3583 1
309 3678 1
1618 3322 1
1618 2134 1
1618 2529 1
1618 3533 1
1618 1413 1
843 705 1
843 1297 1
843 3382 1
843 4362 1
843 3506 1
843 3431 1
843 289 1
1502 1837 1
1502 79 1
353 2370 1
313 2882 1
1344 1652 1
1344 4069 1
2512 2393 1
2512 1202 1
1102 4430 1
1102 1916 1
1102 1787 1
1102 2 1
1102 2714 1
1102 2254 1
1102 2135 1
2417 1139 1
2417 4276 1
3863 902 1
3863 608 1
3863 113 1
3863 684 1
2103 217 1
2777 2156 1
2088 3915 1
3347 820 1
3347 3452 1
2385 3909 1
2385 867 1
2385 3519 1
2029 1425 1
1556 2829 1
2410 1604 1
3375 2522 1
3375 3458 1
4246 1367 1
4246 2153 1
4246 3472 1
4246 1835 1
4246 1081 1
894 3044 1
3578 1123 1
3294 2028 1
3606 2512 1
4038 1609 1
4411 4459 1
2214 514 1
3571 4103 1
4340 441 1
1392 337 1
2596 2673 1
3351 1104 1
3351 31 1
3351 1968 1
3351 1445 1
3351 3738 1
3351 2702 1
3308 1317 1
3534 322 1
1357 2794 1
3881 4114 1
1217 2007 1
1775 2988 1
753 307 1
3233 1979 1
643 4403 1
1363 1199 1
3127 3800 1
406 911 1
836 996 1
1533 22 1
2045 3340 1
3508 711 1
2795 2127 1
4417 3960 1
4220 3717 1
1010 1754 1
246 763 1
4266 4421 1
811 2168 1
3621 2452 1
3014 3241 1
3014 958 1
3083 3530 1
1534 3517 1
3428 4342 1
3157 1215 1
1496 2029 1
4004 3342 1
4004 123 1
4004 4294 1
3559 3821 1
3963 1577 1
1233 2897 1
1233 630 1
3282 3436 1
1299 1641 1
3871 3019 1
1326 3852 1
1557 34 1
2343 2010 1
369 4237 1
1543 4005 1
1007 2913 1
51 1891 1
51 3396 1
51 590 1
2130 3065 1
1126 2891 1
2431 3846 1
1588 864 1
1588 1960 1
3332 2900 1
3554 1602 1
2742 407 1
271 2450 1
271 4301 1
3142 53 1
2213 4205 1
3644 2683 1
4043 2189 1
3163 824 1
1256 119 1
3984 2664 1
3984 1362 1
365 4124 1
1726 4124 1
4086 4106 1
847 1612 1
130 2096 1
1247 3212 1
3740 353 1
2484 609 1
559 3427 1
3752 1516 1
2123 1348 1
220 125 1
1281 1821 1
3460 3560 1
2042 3333 1
480 900 1
669 2242 1
2621 1785 1
48 2439 1
1165 4331 1
169 1387 1
1438 2304 1
2543 506 1
3672 719 1
194 973 1
3077 1676 1
2430 4083 1
239 3107 1
173 943 1
626 2836 1
3775 3302 1
3775 4014 1
3016 285 1
2740 1663 1
3384 3916 1
755 995 1
4054 3611 1
2316 3496 1
3075 3118 1
2463 1630 1
3969 4401 1
3268 3962 1
1755 3301 1
3324 1526 1
485 1311 1
887 1289 1
3145 421 1
3149 4378 1
727 2905 1
2674 1338 1
1589 1267 1
1426 1798 1
4422 2141 1
501 497 1
1518 4319 1
4181 2877 1
3862 1502 1
440 3474 1
203 1067 1
203 891 1
838 1865 1
2992 2591 1
3484 2366 1
1012 2548 1
1394 585 1
4351 3482 1
2122 1771 1
3363 392 1
2985 4407 1
4153 3819 1
3716 1371 1
1345 2783 1
1733 3079 1
4125 3079 1
2803 418 1
1386 4242 1
2258 2429 1
3628 371 1
1364 3646 1
2100 587 1
1178 698 1
1110 370 1
348 4270 1
3788 1712 1
3788 759 1
682 2669 1
3114 3031 1
1453 579 1
3545 7 1
3933 46 1
616 176 1
1071 999 1
80 4445 1
3577 2088 1
3352 2812 1
4359 290 1
2918 2185 1
2944 3901 1
2210 1241 1
4355 3729 1
2493 3729 1
416 16 1
937 2409 1
2393 1148 1
912 956 1
473 1746 1
718 2883 1
563 2166 1
744 4028 1
598 83 1
2990 354 1
229 3957 1
3721 127 1
3273 1854 1
1579 2968 1
738 635 1
3994 3168 1
3576 2527 1
551 461 1
4295 3007 1
1230 766 1
3825 90 1
2346 318 1
1482 1261 1
2019 2348 1
625 144 1
564 2351 1
2933 1224 1
3469 1382 1
1700 1627 1
2235 4055 1
2282 3402 1
2367 1619 1
876 4227 1
1037 4243 1
1336 3796 1
1181 4304 1
4109 4112 1
1929 1195 1
403 1559 1
1313 2036 1
223 765 1
2271 1294 1
1703 1101 1
2338 4098 1
3522 109 1
998 3111 1
2454 2785 1
4251 254 1
3586 1333 1
314 1988 1
2848 2908 1
3198 1191 1
249 2440 1
754 2816 1
3076 2186 1
4323 2927 1
2946 1659 1
4087 3151 1
543 2706 1
2422 1244 1
884 2747 1
4113 1243 1
1831 2635 1
2078 4254 1
1188 4199 1
2884 1861 1
2879 1373 1
3423 4145 1
334 610 1
1444 2057 1
72 3161 1
1921 2347 1
3270 1011 1
384 1493 1
2574 2191 1
