2522 8158 1
2522 2244 1
2522 3792 1
3999 2380 1
3999 4385 1
3999 5893 1
3999 6321 1
3999 2074 1
3999 3401 1
3999 504 1
3999 1283 1
3999 6621 1
3999 7374 1
248 1398 1
248 3523 1
248 734 1
248 2726 1
248 8196 1
248 579 1
248 6413 1
6802 2904 1
6802 2866 1
6802 2908 1
6802 5157 1
6802 4581 1
6802 34 1
6802 288 1
6802 6119 1
6802 898 1
6802 3330 1
6802 6883 1
6802 7274 1
6802 7000 1
6802 3097 1
6802 124 1
6802 8096 1
6802 2371 1
6802 2759 1
6802 2338 1
5028 6021 1
5028 4037 1
5028 5337 1
1841 2366 1
1841 2981 1
1841 8263 1
1841 820 1
1841 477 1
1841 2660 1
1122 4592 1
4323 6742 1
4323 7418 1
4323 4931 1
2168 2593 1
2168 1793 1
2168 3791 1
2168 5001 1
2168 6633 1
2168 4445 1
2168 7169 1
2168 4388 1
2817 2631 1
2817 3296 1
4076 7592 1
4076 7760 1
4076 1808 1
6756 744 1
6756 5291 1
2554 1111 1
2554 441 1
6350 1235 1
261 5239 1
261 7566 1
261 5304 1
261 4787 1
261 5006 1
2489 3536 1
2489 5927 1
2489 1715 1
2489 3374 1
2489 4530 1
2489 3557 1
2489 4226 1
2489 2249 1
2489 6016 1
2489 177 1
2489 2258 1
2489 8241 1
2489 2056 1
2489 5166 1
2489 1747 1
2489 2762 1
2489 1019 1
2489 2619 1
2489 4187 1
2489 3376 1
2489 580 1
2489 2738 1
2489 6215 1
2489 647 1
2489 6725 1
2489 295 1
2489 1101 1
2489 4936 1
2489 3644 1
2489 1080 1
1959 7020 1
1959 5395 1
1959 8248 1
1959 6357 1
1959 7323 1
1959 5467 1
1959 4598 1
1959 7392 1
1959 1820 1
1959 4670 1
1959 8180 1
6567 3191 1
2643 5952 1
5599 4043 1
5033 2865 1
4332 3668 1
4332 5294 1
4332 3243 1
4332 7834 1
4332 7705 1
4332 5703 1
4332 6063 1
4332 2927 1
4332 5346 1
4332 3866 1
4332 837 1
4332 3122 1
4332 3297 1
4332 1096 1
4332 7398 1
4332 1532 1
4332 5433 1
4332 7214 1
5115 5662 1
5054 1454 1
5054 5154 1
7091 7597 1
7091 7661 1
7091 1853 1
7091 7244 1
7091 1760 1
7091 8116 1
7091 6450 1
7210 3778 1
7210 1912 1
7210 5233 1
7210 5991 1
330 2656 1
330 198 1
5833 7651 1
5833 2165 1
87 1004 1
1651 6380 1
1651 7013 1
1651 7868 1
1651 4396 1
1651 13 1
1651 1110 1
1651 3736 1
1651 8093 1
1651 3564 1
1651 4537 1
3129 719 1
8259 6659 1
8259 4079 1
8259 3895 1
8259 6225 1
8259 4190 1
8259 3783 1
8259 5313 1
8259 2162 1
8259 4061 1
8259 1740 1
8259 4716 1
8259 1018 1
8259 2175 1
766 468 1
3216 609 1
3216 5727 1
3216 1522 1
1536 1290 1
7923 5845 1
326 4780 1
5956 7615 1
5956 6104 1
5956 2732 1
5956 1059 1
5956 1870 1
5956 5565 1
5956 6237 1
5956 4767 1
5956 7899 1
5956 202 1
5956 1706 1
5956 7351 1
5956 2118 1
5956 7275 1
3456 7058 1
3456 4370 1
4148 5647 1
4148 6329 1
6951 351 1
1847 1580 1
1847 4345 1
1847 4315 1
5419 4491 1
5419 6392 1
5419 2019 1
3757 2523 1
3757 7098 1
3757 1555 1
3757 890 1
3757 5516 1
3757 690 1
3757 2506 1
3757 4697 1
3757 6202 1
3757 7420 1
5468 5492 1
5468 6354 1
5468 1861 1
5468 3629 1
5468 2370 1
5468 3686 1
5468 618 1
5720 71 1
4678 3599 1
4678 6083 1
4678 7900 1
4678 2347 1
4678 6648 1
4678 911 1
4678 6947 1
4678 2158 1
1413 3985 1
5272 1363 1
5272 1840 1
5272 7741 1
5272 7276 1
5272 2293 1
5272 5148 1
1086 3279 1
1086 2942 1
4795 1051 1
4795 302 1
4795 2664 1
4795 3545 1
4795 404 1
7578 6699 1
7578 2796 1
7578 250 1
7578 185 1
7578 4110 1
7578 2382 1
7578 6017 1
7578 1040 1
7578 7311 1
5856 2262 1
5856 494 1
5856 7814 1
5856 2957 1
5856 5268 1
5856 6787 1
5856 2070 1
7205 5247 1
7205 2066 1
7205 7383 1
7205 6172 1
7205 4141 1
7205 1268 1
7205 1940 1
7205 5010 1
7205 5032 1
7205 1750 1
7205 6698 1
7938 6171 1
7938 2121 1
7938 3983 1
626 1272 1
3165 5962 1
3165 8137 1
3165 603 1
3165 5267 1
3165 6111 1
3165 2920 1
3165 247 1
3165 4369 1
3165 7280 1
3165 2336 1
3165 7662 1
3165 7253 1
3165 7925 1
3165 3271 1
3165 4558 1
3165 726 1
3165 4934 1
3165 1313 1
3165 742 1
3165 3352 1
3165 2266 1
3165 2563 1
3165 7859 1
3165 3875 1
3165 8135 1
1878 5909 1
1878 4540 1
4816 2648 1
4816 4462 1
4816 6093 1
4816 7682 1
4816 2188 1
4816 6562 1
4816 3402 1
4816 1907 1
4816 5070 1
4816 6334 1
4816 3718 1
6687 329 1
6687 1360 1
6687 309 1
6687 7699 1
6687 1756 1
6687 4559 1
5051 4840 1
5051 5437 1
1541 1324 1
1541 6346 1
1541 1127 1
1541 7368 1
6427 4289 1
6427 3289 1
6427 2216 1
6427 3049 1
6427 8202 1
6427 3733 1
6427 5731 1
6427 4772 1
6427 1240 1
6427 3956 1
1397 5311 1
674 7568 1
674 7187 1
674 4411 1
674 6893 1
674 733 1
7049 2622 1
7049 6628 1
7049 8200 1
7049 6319 1
7049 7447 1
7049 8228 1
7049 353 1
7049 3995 1
7049 6489 1
7049 5083 1
2307 3886 1
2307 2499 1
2307 604 1
2307 2459 1
2307 1596 1
2307 5170 1
2307 6891 1
2307 6657 1
2307 3880 1
2307 3237 1
2307 7845 1
5392 6804 1
5392 5709 1
5556 7445 1
5556 2601 1
5556 5559 1
5556 5615 1
5556 2645 1
5556 3267 1
5556 1463 1
5556 4908 1
5556 7438 1
5556 232 1
5556 5924 1
5556 5583 1
5556 4574 1
5556 7188 1
5556 4869 1
5556 7889 1
5556 6770 1
6566 1270 1
6566 2390 1
7796 3877 1
2725 2183 1
2725 6001 1
2725 5041 1
2725 2007 1
2725 3826 1
2725 4704 1
2725 2429 1
2725 5865 1
2725 5622 1
2725 6712 1
2725 2212 1
2725 5314 1
2725 5590 1
2725 5451 1
2725 4483 1
7985 5393 1
7985 2313 1
7985 1308 1
7003 7407 1
7003 3290 1
7184 2129 1
7184 5331 1
7184 4105 1
7184 6904 1
7184 1181 1
6480 5760 1
7427 2512 1
7427 7353 1
7427 2171 1
7427 3241 1
7427 8053 1
6936 2034 1
6469 5812 1
6469 6290 1
6469 2639 1
6469 4392 1
6469 4542 1
6469 3453 1
6469 4665 1
6469 1455 1
6469 2381 1
6469 2184 1
6469 3609 1
6469 2881 1
6469 7423 1
6469 1722 1
6469 4803 1
6469 4264 1
8112 4963 1
2576 7001 1
2576 5066 1
5953 1220 1
5953 3688 1
5953 5355 1
5953 5722 1
5953 1946 1
2053 5857 1
1776 6560 1
1987 7036 1
1987 365 1
1987 969 1
1987 2245 1
1987 982 1
1987 4638 1
1987 8304 1
1987 1656 1
1987 7037 1
1987 1196 1
1987 5096 1
1987 4791 1
1987 7928 1
1987 7115 1
1987 7131 1
1987 5901 1
1987 2317 1
1987 1002 1
1987 2185 1
1987 4347 1
1987 1232 1
1987 5415 1
1987 995 1
1987 3329 1
1987 6970 1
1987 7769 1
1987 2400 1
1987 5958 1
1987 530 1
5683 5456 1
5683 7484 1
8107 5432 1
2938 1965 1
2938 1892 1
4263 6226 1
2492 613 1
2492 6548 1
2492 5921 1
487 5257 1
3623 4182 1
8079 1416 1
8079 4956 1
8079 3904 1
8079 401 1
8079 714 1
8079 7189 1
8079 1958 1
8079 5383 1
8079 3072 1
8079 7647 1
8079 3954 1
8079 3848 1
8079 8021 1
8079 5591 1
3311 2615 1
3311 4628 1
3311 194 1
3311 3149 1
2159 1226 1
2159 7144 1
6341 7414 1
6341 2786 1
6341 2899 1
6341 8108 1
6341 2849 1
6341 4726 1
6341 2476 1
6341 7569 1
6341 1135 1
6341 2303 1
3455 5929 1
3458 5756 1
3458 3164 1
3458 6751 1
3458 5356 1
3458 4416 1
3458 7023 1
3458 3096 1
3458 4350 1
7240 7695 1
20 6156 1
20 3518 1
20 3975 1
8255 7519 1
6834 3273 1
2082 5860 1
2082 6899 1
2082 2497 1
2082 5846 1
5482 6788 1
2493 692 1
2493 3989 1
2493 3427 1
2493 5608 1
2493 739 1
2493 5844 1
4988 5646 1
4988 5987 1
4988 7667 1
4988 2312 1
4988 1728 1
4988 6817 1
4988 6418 1
4988 4305 1
4988 7810 1
4988 53 1
4988 6270 1
4988 299 1
4988 2054 1
4988 77 1
6508 1374 1
1150 5131 1
1150 3208 1
1150 2190 1
1150 6946 1
1150 2894 1
7120 6898 1
7120 4927 1
7120 4578 1
7120 3627 1
7120 7231 1
7120 2897 1
7120 6405 1
7120 2421 1
7120 5593 1
3137 6059 1
6355 1014 1
6355 4261 1
6252 6164 1
3886 2546 1
3886 4526 1
3886 5619 1
3886 6286 1
3886 93 1
3886 216 1
3886 7971 1
3886 7325 1
3886 6977 1
3886 8035 1
3886 6754 1
3207 4270 1
3207 5602 1
3207 4577 1
3207 6131 1
3207 6928 1
3207 957 1
3207 1034 1
3207 7194 1
3207 7305 1
3935 6909 1
3935 6376 1
3935 433 1
3935 7680 1
3935 4210 1
3935 1107 1
3935 941 1
3935 1882 1
3935 8113 1
3935 5886 1
1659 2067 1
6025 3881 1
6025 2766 1
6025 6808 1
6025 4354 1
6025 986 1
6025 1386 1
2627 7541 1
2627 8216 1
2627 19 1
3025 749 1
3025 5094 1
3025 5473 1
3025 8088 1
3025 3322 1
2916 220 1
5259 3033 1
5259 3538 1
5259 300 1
5259 4723 1
5259 1762 1
5259 2130 1
5712 1776 1
5712 7657 1
5712 5423 1
5712 5020 1
5712 6917 1
5712 3317 1
5712 400 1
5712 4013 1
5712 6692 1
1816 7312 1
1816 1693 1
1816 6221 1
1816 3825 1
1816 3779 1
1816 5918 1
1816 6410 1
1816 7748 1
1816 4328 1
1816 891 1
1816 5868 1
1816 4408 1
1816 8143 1
1816 1629 1
2656 6150 1
2656 3634 1
2656 8205 1
2656 3759 1
5354 4618 1
5354 3073 1
5354 2636 1
5354 249 1
5354 5435 1
5354 3477 1
5354 2887 1
5354 3338 1
5354 1759 1
5354 4088 1
5354 7529 1
5354 5839 1
1400 884 1
5719 2950 1
4495 2020 1
121 6567 1
121 662 1
121 37 1
121 3174 1
121 5496 1
121 2319 1
121 7867 1
121 3431 1
121 3057 1
121 2478 1
121 1190 1
121 6212 1
121 1055 1
121 3410 1
121 3573 1
121 522 1
644 168 1
644 5264 1
644 2294 1
644 6365 1
644 3079 1
644 5870 1
644 6583 1
644 8278 1
644 2891 1
644 3948 1
644 1224 1
644 633 1
644 2915 1
644 2888 1
644 419 1
644 2422 1
644 2409 1
5939 2060 1
5939 5440 1
5939 5029 1
5939 7173 1
5939 4015 1
5939 2539 1
5939 2988 1
5939 4056 1
5939 5302 1
5939 8038 1
5939 5827 1
5939 5014 1
5939 3501 1
5939 3028 1
5939 1256 1
5939 91 1
4334 4874 1
6644 3614 1
6644 2372 1
6644 4955 1
2516 6723 1
2516 4903 1
2516 2657 1
2516 4485 1
2516 6199 1
2516 3548 1
2516 3448 1
3034 340 1
3034 3719 1
3034 3491 1
165 3125 1
165 3370 1
982 7623 1
982 6730 1
982 1880 1
982 3606 1
982 8000 1
982 5296 1
982 6984 1
3289 7364 1
3871 2457 1
564 990 1
564 4298 1
564 17 1
564 1009 1
564 2945 1
564 5430 1
564 8194 1
564 2123 1
564 136 1
564 2206 1
564 1947 1
564 1146 1
564 6445 1
564 1459 1
564 6163 1
564 3284 1
564 7806 1
564 1961 1
564 279 1
564 6617 1
564 4119 1
564 3590 1
564 6432 1
564 2101 1
564 6833 1
564 2033 1
564 6636 1
564 2393 1
564 6495 1
564 3510 1
564 3842 1
1009 3437 1
1009 3309 1
1009 3716 1
1009 6289 1
1009 359 1
6523 810 1
6523 1415 1
7495 4632 1
4638 3138 1
4638 5763 1
4638 1604 1
4638 4765 1
4638 1833 1
4638 1436 1
2063 3701 1
2063 332 1
2063 4303 1
2063 677 1
2063 5497 1
2063 6953 1
2063 6425 1
2063 142 1
2063 2781 1
2063 5093 1
2063 2411 1
2063 5349 1
2063 158 1
2063 556 1
4815 4284 1
4815 5347 1
4815 3117 1
4815 1312 1
4815 5912 1
4815 5378 1
411 7056 1
4885 6971 1
3507 7793 1
7855 6910 1
7855 4316 1
7855 841 1
7855 4896 1
7855 2788 1
7855 6678 1
7855 4859 1
1352 7059 1
4689 943 1
4689 1987 1
4689 5980 1
4689 170 1
4689 5548 1
4689 284 1
4689 5379 1
4689 562 1
4689 2232 1
4689 991 1
4689 1234 1
4689 2315 1
4689 7784 1
4689 4176 1
4689 5611 1
4689 5316 1
4689 4813 1
4689 6812 1
4689 2947 1
4689 6510 1
4689 7646 1
4689 1978 1
4689 655 1
4689 5828 1
4689 4747 1
4689 1370 1
4689 2847 1
4689 5504 1
4689 224 1
4689 6581 1
4689 2710 1
4689 7960 1
4689 6944 1
4689 2883 1
4689 5800 1
4689 5263 1
4689 4822 1
4689 6737 1
4689 8058 1
4689 6526 1
4689 4089 1
4578 4823 1
4578 3348 1
5542 90 1
4440 3738 1
4440 163 1
4440 6384 1
4440 7291 1
4440 3393 1
4440 4090 1
4440 1339 1
4440 4597 1
4440 7858 1
4440 1165 1
4440 2998 1
4440 5191 1
4440 4238 1
4440 4593 1
4314 536 1
4314 3865 1
4314 7638 1
4314 1628 1
4314 3036 1
4314 7201 1
4314 4769 1
4314 3788 1
4314 152 1
4314 2767 1
4314 175 1
4314 1542 1
4314 5454 1
4314 7327 1
4314 6577 1
4314 2559 1
3701 4563 1
5235 62 1
5235 7951 1
5235 4028 1
5235 2057 1
5235 2416 1
5235 2401 1
5235 4158 1
1988 5228 1
1888 869 1
1888 7370 1
1888 6622 1
1888 3938 1
1888 6022 1
3073 5102 1
3073 5241 1
3073 5726 1
3073 1980 1
3073 4063 1
1396 5821 1
1273 4033 1
1549 2975 1
1549 8152 1
1549 5149 1
1549 6428 1
1549 484 1
1549 7610 1
1549 660 1
1549 153 1
1549 4631 1
1549 2986 1
1549 4465 1
1549 4843 1
8240 5560 1
5872 4756 1
5872 1796 1
5872 2956 1
5872 6090 1
5872 652 1
6111 5188 1
6111 2366 1
6111 5898 1
6111 925 1
6111 2872 1
6111 480 1
6111 3070 1
6111 7853 1
6111 5889 1
6111 3052 1
6111 3344 1
6111 7732 1
6111 7912 1
6111 3014 1
6111 3737 1
6111 1120 1
6111 1601 1
6111 5530 1
6111 983 1
6111 2268 1
6111 2804 1
6111 7753 1
6111 4876 1
6540 4002 1
6540 7039 1
6540 1157 1
6540 5864 1
6540 7252 1
6540 5345 1
12 1540 1
12 3973 1
3554 4425 1
7499 1505 1
7499 346 1
7499 909 1
7499 6139 1
7499 7653 1
4072 4493 1
4072 375 1
4072 933 1
3820 610 1
783 5528 1
783 6103 1
783 3465 1
783 936 1
8272 7765 1
8272 4730 1
8272 6965 1
8272 7426 1
8272 1252 1
8272 7512 1
3850 7265 1
3850 3397 1
3850 4878 1
3850 7863 1
3850 2023 1
3850 6238 1
3850 6372 1
3850 1137 1
3850 5343 1
3850 4275 1
3850 129 1
3850 2587 1
3850 6541 1
3850 7130 1
3850 1519 1
3850 2874 1
3850 7135 1
3850 6662 1
3850 1975 1
3850 2739 1
3850 3303 1
3850 3334 1
5838 4325 1
5838 6687 1
5838 7379 1
5838 2754 1
5838 6683 1
5838 4085 1
5838 2550 1
5838 3867 1
5838 5538 1
5838 1186 1
5838 1507 1
5838 716 1
5838 581 1
5838 3739 1
5838 8170 1
5838 3387 1
5838 6707 1
5838 4102 1
5838 5086 1
5838 1787 1
5838 7258 1
5838 846 1
5838 79 1
5838 3381 1
5838 4164 1
1785 4937 1
4395 796 1
4395 4248 1
7193 6539 1
7193 4858 1
2636 384 1
2636 5150 1
3772 188 1
3772 5257 1
3772 7603 1
4798 356 1
4798 3681 1
4798 7372 1
7727 4852 1
2981 4151 1
2981 3847 1
2981 2658 1
2981 4062 1
2981 5174 1
2981 1117 1
2981 1510 1
966 1685 1
966 1970 1
4669 485 1
6975 113 1
6975 669 1
6975 7500 1
6975 5384 1
6975 6426 1
6975 6194 1
6975 1818 1
6975 7119 1
6975 2761 1
6975 7745 1
5489 311 1
3812 6301 1
5300 3262 1
5300 5995 1
5300 343 1
5300 4236 1
5300 2136 1
5300 2700 1
5300 403 1
5300 5124 1
5300 1434 1
5300 7090 1
5300 4290 1
5300 1644 1
5300 1811 1
6627 2575 1
6627 1447 1
6627 6864 1
7990 2221 1
7990 6828 1
7990 4434 1
7990 5085 1
7990 3838 1
7779 1113 1
7779 5030 1
7262 2571 1
7262 7586 1
7262 4436 1
7262 6484 1
7262 3594 1
7262 3588 1
7262 3081 1
7262 6157 1
7262 6071 1
7262 1369 1
7262 7920 1
7614 2515 1
2676 2133 1
2676 6368 1
2676 4942 1
2676 1254 1
2676 4807 1
2676 7060 1
2676 5963 1
7995 7088 1
254 6015 1
6455 4456 1
6455 4771 1
6455 1089 1
4229 7116 1
2884 2173 1
2884 6397 1
2884 3461 1
2884 6421 1
2884 3486 1
2884 2200 1
2884 7896 1
2884 2342 1
2884 6578 1
4814 1919 1
4814 6645 1
4814 4627 1
4814 6394 1
1490 7565 1
1490 3782 1
4040 2527 1
2905 5108 1
945 6871 1
945 515 1
945 1354 1
945 5260 1
945 1189 1
945 1804 1
6002 2551 1
2868 3519 1
2868 5989 1
2868 1244 1
2868 5982 1
2868 7304 1
2868 377 1
4143 7027 1
4143 5444 1
8012 1122 1
4878 2297 1
4878 4163 1
4878 2835 1
4878 6335 1
4878 5978 1
4878 4170 1
4878 8189 1
4878 5389 1
4878 2306 1
4878 2689 1
5442 4323 1
5442 5956 1
5442 4816 1
5442 1219 1
5442 4719 1
5442 6095 1
5442 7621 1
5442 1705 1
5442 7650 1
5442 4092 1
5442 2009 1
5442 4751 1
5442 4777 1
5442 2954 1
5442 1388 1
5442 7905 1
5442 2507 1
5442 1865 1
5442 6552 1
5442 3674 1
5442 5474 1
5442 8147 1
5442 5903 1
5442 2011 1
5442 1263 1
5442 3529 1
5442 6823 1
5442 4949 1
5442 3413 1
5442 929 1
5442 8066 1
5442 2690 1
5442 2463 1
5442 6854 1
5442 6018 1
1174 7958 1
1174 2076 1
6713 5937 1
6713 1550 1
6713 6705 1
6713 6192 1
6713 2640 1
6713 3630 1
6713 6043 1
6713 2050 1
6713 1284 1
6713 2924 1
6713 2501 1
586 6762 1
586 4136 1
586 2040 1
586 502 1
586 3321 1
586 2360 1
586 2088 1
7017 6613 1
8169 11 1
8169 901 1
8169 4178 1
8169 3766 1
8169 5577 1
3092 2296 1
937 1412 1
937 1563 1
937 252 1
937 7891 1
937 804 1
937 6690 1
937 8115 1
937 7668 1
937 5880 1
4682 1468 1
1075 6921 1
3068 4030 1
8245 5667 1
1227 5030 1
4413 1533 1
1694 5766 1
925 1403 1
925 5658 1
925 3077 1
925 3671 1
925 4380 1
925 4080 1
925 1068 1
925 7106 1
925 2495 1
925 1476 1
8123 3735 1
8123 3145 1
8123 4755 1
8123 6532 1
8123 1930 1
133 8031 1
133 8167 1
3457 6587 1
3457 4842 1
3457 7078 1
3457 4556 1
865 953 1
865 715 1
865 4155 1
865 2912 1
865 2987 1
865 2251 1
865 4507 1
865 305 1
865 4478 1
865 7474 1
865 5457 1
865 4113 1
865 64 1
865 3135 1
865 4371 1
865 7636 1
865 2046 1
865 7319 1
865 7093 1
865 358 1
865 4925 1
865 83 1
865 7777 1
6356 4454 1
6356 3567 1
6356 2959 1
6356 7617 1
7012 452 1
7012 6758 1
1656 3898 1
1656 58 1
1656 6359 1
1656 5871 1
1656 1743 1
1656 2778 1
1656 3959 1
1656 7877 1
1656 4600 1
8034 2170 1
2639 7181 1
2639 6261 1
2639 5976 1
6095 2662 1
4970 7236 1
4970 8125 1
4970 6999 1
4970 2131 1
2923 1626 1
2923 4619 1
2923 6969 1
2923 6627 1
2923 549 1
2923 3731 1
2923 5495 1
2923 2215 1
2923 6708 1
2923 8290 1
2923 3691 1
2923 1597 1
2923 2773 1
2923 5409 1
2923 6879 1
2923 3265 1
2923 2867 1
2923 2674 1
2923 5694 1
2923 2359 1
2923 5374 1
2923 4317 1
2923 1483 1
2923 4326 1
2923 5825 1
5212 1652 1
5212 3012 1
5212 924 1
5212 1558 1
5472 7897 1
3527 6896 1
3527 2269 1
3527 5750 1
3527 5652 1
4595 1767 1
4595 761 1
8285 4849 1
2833 6252 1
5400 6468 1
5400 6196 1
5400 4482 1
5400 1975 1
6221 2417 1
6221 6153 1
6221 3521 1
6221 2135 1
6221 3709 1
6221 912 1
6221 2898 1
6221 786 1
6221 6250 1
6221 2742 1
6221 5728 1
6221 7589 1
6221 8197 1
6221 8284 1
6221 4857 1
6221 7342 1
6221 4752 1
6221 4399 1
3359 5059 1
3359 745 1
3359 1203 1
3359 8008 1
3359 6496 1
3359 7633 1
3359 7969 1
5799 92 1
3046 7015 1
562 4314 1
562 5614 1
562 3482 1
562 4833 1
562 2464 1
562 3570 1
562 2558 1
3530 1245 1
3530 6025 1
3530 1973 1
3530 6996 1
3530 6323 1
3530 6232 1
3530 5967 1
3530 2042 1
3530 5789 1
3530 6717 1
1736 4786 1
1791 109 1
6161 4732 1
4551 5230 1
4551 4487 1
4551 718 1
4551 1718 1
4551 7579 1
4551 4245 1
4551 6959 1
4551 3468 1
2232 3494 1
2232 6433 1
2232 5366 1
2232 7227 1
2232 1716 1
2232 3075 1
2232 2992 1
2232 951 1
2232 4615 1
2232 1908 1
2232 740 1
2232 1433 1
2232 7644 1
2232 1942 1
2232 2276 1
2232 7708 1
2232 8129 1
2232 3996 1
2232 7780 1
2232 3625 1
2232 2305 1
8138 4729 1
7439 2345 1
7518 5566 1
7518 55 1
7518 7917 1
7518 6356 1
7518 2935 1
7518 140 1
7518 6914 1
7518 5808 1
7518 4135 1
7518 6165 1
7518 4003 1
7518 2596 1
7518 7870 1
3957 3641 1
68 4897 1
68 2552 1
68 7471 1
68 3285 1
68 1194 1
68 1669 1
68 2240 1
68 5261 1
68 4051 1
157 7182 1
3364 6227 1
3364 3305 1
3364 8100 1
3364 694 1
3364 7232 1
3364 7640 1
3364 4743 1
3364 3694 1
3364 1156 1
3364 1481 1
3364 2736 1
3085 3373 1
3085 1548 1
3085 4148 1
3085 3479 1
3085 6886 1
3085 7478 1
3085 5673 1
3085 5607 1
3085 6913 1
3085 1379 1
3085 1547 1
3085 7277 1
3085 5305 1
3085 1457 1
3085 3236 1
3085 7497 1
3085 8118 1
3085 8114 1
3085 3021 1
1162 2577 1
1162 2549 1
1162 3062 1
1162 5412 1
6880 4818 1
6880 853 1
6880 4881 1
6880 7185 1
6880 7532 1
6880 4496 1
7483 134 1
4476 4032 1
4476 3689 1
4476 308 1
7291 8301 1
7291 1085 1
5277 3200 1
5277 328 1
5277 7985 1
5277 552 1
5277 2916 1
5277 1649 1
5277 614 1
5277 4417 1
5277 4433 1
5277 4883 1
5277 5704 1
5277 3295 1
5277 2542 1
5277 3932 1
5277 6487 1
5277 2014 1
5277 6736 1
5277 7102 1
5277 27 1
5007 1108 1
2550 4972 1
2550 4764 1
2550 1134 1
2550 5246 1
2550 4407 1
484 94 1
484 4608 1
484 3007 1
484 3340 1
3596 8225 1
3596 5549 1
3596 3251 1
3596 1357 1
3596 1822 1
4703 971 1
7685 6343 1
7685 6831 1
7685 547 1
7685 3712 1
7685 3205 1
7685 722 1
7685 5873 1
7685 6530 1
7685 2405 1
7685 2284 1
7685 4145 1
7685 48 1
7685 8014 1
7685 3961 1
7685 197 1
7685 6517 1
2234 4448 1
5324 4363 1
5324 1598 1
5324 7204 1
5324 496 1
5324 7558 1
5324 3217 1
5324 7782 1
5324 2065 1
6426 3094 1
6426 993 1
6426 7485 1
6426 1512 1
6426 6641 1
6426 3977 1
6426 7981 1
6426 3423 1
6426 324 1
8103 1657 1
7570 2604 1
7570 5365 1
7570 5113 1
7570 4467 1
7570 5527 1
7570 453 1
7570 8083 1
7570 3360 1
7570 3863 1
5607 6299 1
5607 5702 1
5607 2398 1
3206 3130 1
2075 2578 1
2075 4318 1
2698 5713 1
2698 3497 1
2698 2147 1
2698 5439 1
2698 483 1
6996 3723 1
4515 4262 1
5251 664 1
653 3475 1
653 8171 1
653 6643 1
653 2806 1
3213 1406 1
5974 4992 1
5974 3382 1
5974 4962 1
5974 2214 1
5974 3198 1
5974 1350 1
5974 2106 1
2086 6070 1
2780 7825 1
2780 2213 1
2871 3909 1
2871 7458 1
2871 1277 1
2871 4701 1
2871 4444 1
2871 524 1
2871 1237 1
2871 5725 1
901 5824 1
901 3000 1
7064 2482 1
4534 5450 1
4534 3949 1
6219 5258 1
6219 394 1
6219 1221 1
6219 5764 1
6219 1114 1
6219 3837 1
6219 2940 1
6219 6236 1
6219 1474 1
8230 191 1
8230 4893 1
8230 2181 1
8230 5462 1
8230 4651 1
8230 2896 1
8230 7021 1
8230 1867 1
8230 4847 1
8230 904 1
8230 460 1
8230 3600 1
801 984 1
801 6377 1
6398 4656 1
3447 881 1
3447 4793 1
3447 4218 1
535 1714 1
2251 2863 1
2251 173 1
5497 5961 1
5497 5850 1
1570 5855 1
408 950 1
1751 5656 1
6762 6708 1
6762 2051 1
3604 6993 1
7037 1724 1
7037 7791 1
7037 7419 1
7037 1927 1
7037 6041 1
7037 2444 1
7037 7080 1
7037 4599 1
7037 992 1
7037 3807 1
7037 2238 1
7037 6993 1
7037 5060 1
7037 2531 1
7037 1826 1
7037 2934 1
7037 2936 1
7037 4214 1
7037 6784 1
2966 2644 1
2966 7602 1
2966 5683 1
2966 4717 1
2966 3638 1
2966 4973 1
2966 7546 1
2966 1686 1
2966 4025 1
2966 3774 1
2966 5293 1
2966 822 1
2966 3408 1
2966 3720 1
2966 838 1
2966 2440 1
2966 6729 1
2966 6976 1
2966 2730 1
2966 7139 1
2966 7361 1
2966 7738 1
2966 3471 1
2966 8016 1
7856 4783 1
7856 5945 1
7856 6058 1
1989 2630 1
1989 1032 1
700 115 1
249 5932 1
249 3384 1
249 3654 1
3607 7856 1
6988 5341 1
6988 3291 1
6988 8175 1
6988 6309 1
6988 5984 1
6988 7999 1
6988 2125 1
654 6080 1
4939 657 1
1862 5103 1
1862 6492 1
1862 1954 1
1862 1733 1
447 7126 1
447 3768 1
150 1206 1
553 2607 1
553 4614 1
553 3059 1
553 785 1
553 4520 1
553 5138 1
6140 4253 1
6140 6367 1
6140 7341 1
6140 1365 1
6140 3495 1
6140 5297 1
6140 6310 1
6140 2275 1
6140 3349 1
6140 6980 1
6140 6711 1
2785 7604 1
1805 5801 1
4680 2958 1
4680 4188 1
4680 4084 1
4680 3708 1
4680 1684 1
4680 5099 1
7781 4836 1
7781 1211 1
7781 187 1
7781 167 1
7781 2241 1
7781 2557 1
7781 4750 1
7781 1281 1
7781 8234 1
7781 3811 1
7781 5147 1
7781 267 1
7781 104 1
7781 1589 1
7781 5951 1
7781 1984 1
7781 8022 1
3762 1073 1
6274 3114 1
3889 4010 1
4260 7087 1
4260 5575 1
4260 5529 1
4260 762 1
6256 7796 1
6256 2493 1
6256 4988 1
6256 5858 1
6256 2720 1
6256 1526 1
6256 3578 1
6256 4745 1
6256 5767 1
8090 4271 1
8090 6099 1
8090 2093 1
8090 842 1
8090 1259 1
2805 3781 1
2805 7092 1
2805 2116 1
2805 7480 1
2805 2295 1
2805 6483 1
2805 3897 1
4099 6135 1
6016 5472 1
6016 3017 1
6016 5479 1
6016 7101 1
6016 2000 1
6016 5017 1
6078 1342 1
6078 286 1
6078 67 1
6078 1409 1
6078 908 1
6078 5926 1
6078 6843 1
6078 49 1
6078 6832 1
6078 1757 1
6078 4351 1
6078 7125 1
3950 4368 1
3950 1397 1
3950 1539 1
2944 2204 1
1784 2367 1
1784 1166 1
1784 7687 1
1784 2885 1
1784 3678 1
1784 4698 1
1784 4367 1
1784 7147 1
1784 2167 1
1784 4006 1
1784 3278 1
1784 1642 1
1784 7321 1
1784 6473 1
1784 1689 1
1784 1420 1
2256 3596 1
4546 7538 1
4546 6803 1
4546 6324 1
4546 3229 1
4546 585 1
4546 5974 1
4546 5645 1
4546 3022 1
4546 2073 1
4546 44 1
4546 5685 1
4546 7112 1
4546 5019 1
4546 5160 1
4546 397 1
56 1901 1
56 8199 1
56 3970 1
56 1731 1
56 6000 1
3158 4359 1
3158 6918 1
3158 4635 1
3158 6049 1
5892 8237 1
1976 6890 1
7008 764 1
7008 4331 1
7008 7469 1
7008 7557 1
7008 959 1
7008 8132 1
7008 21 1
8265 5265 1
8265 1864 1
8265 4468 1
8265 1372 1
8265 741 1
8265 2878 1
8265 4612 1
8265 236 1
8265 2715 1
8265 632 1
5491 4696 1
5491 4480 1
5491 1683 1
5491 5539 1
5491 6266 1
5491 8056 1
5491 4941 1
7805 4583 1
7333 1918 1
7333 5319 1
7333 6112 1
7333 735 1
7333 2197 1
722 1631 1
4042 5253 1
4042 2460 1
4042 1985 1
4042 4224 1
4042 3069 1
4042 4073 1
4042 5743 1
4042 4913 1
4042 588 1
4042 6030 1
4042 6524 1
4042 7978 1
4042 3550 1
4042 3610 1
4042 5511 1
4042 8182 1
4042 6757 1
4042 7545 1
3685 1217 1
3685 3223 1
3685 3425 1
3685 3753 1
3685 738 1
3685 146 1
3685 1488 1
3685 135 1
3685 2494 1
3743 3990 1
3743 8256 1
3743 2755 1
425 3622 1
425 3276 1
425 1788 1
425 2706 1
425 2800 1
425 3986 1
425 2288 1
6040 454 1
6040 942 1
6040 4815 1
6040 2579 1
6040 4546 1
6040 4379 1
6040 7191 1
6040 3729 1
6040 1829 1
6040 1027 1
6040 769 1
6040 7345 1
6040 5840 1
6040 2029 1
6040 7382 1
1143 2024 1
4322 4564 1
5236 4272 1
5236 61 1
5236 6559 1
5236 7349 1
5236 4038 1
5236 178 1
4379 5849 1
4379 784 1
4379 1782 1
4379 5938 1
4379 5659 1
4379 3647 1
4379 1504 1
4379 3514 1
4379 3796 1
4379 8144 1
4379 4283 1
4379 342 1
4379 6379 1
3449 2087 1
3449 5718 1
3449 3591 1
3449 1621 1
3449 3931 1
2113 6048 1
1316 87 1
1316 1086 1
1316 7938 1
1316 4194 1
1316 3442 1
1316 2198 1
1316 2517 1
1316 1925 1
1316 867 1
1316 435 1
2650 3287 1
6708 619 1
177 4470 1
177 3041 1
177 1330 1
177 866 1
177 2989 1
177 849 1
964 7417 1
964 7983 1
964 4802 1
964 3029 1
5518 7691 1
5518 6434 1
5518 5738 1
5518 7683 1
5518 5460 1
5518 5484 1
5518 4601 1
5518 1204 1
5518 627 1
5518 2505 1
5518 624 1
5518 4402 1
5518 4894 1
5518 6162 1
5518 430 1
5518 671 1
5518 3178 1
5367 6568 1
5367 1335 1
5367 3487 1
5367 6549 1
5367 5778 1
5367 6521 1
5367 5215 1
2258 519 1
2258 184 1
2258 845 1
103 382 1
103 1898 1
103 1043 1
103 7826 1
103 6856 1
103 4242 1
6588 7461 1
6588 4829 1
6588 1029 1
1431 2308 1
1431 6451 1
1431 6520 1
1431 510 1
1431 2154 1
1431 7145 1
1431 3066 1
1431 1670 1
1431 2222 1
1431 3608 1
1431 7010 1
1431 1333 1
8141 4161 1
2696 5598 1
7187 3878 1
8241 3232 1
8241 2160 1
8241 7848 1
8241 2277 1
8241 7536 1
8241 637 1
8241 5648 1
8241 625 1
8241 6528 1
8241 723 1
8241 2298 1
8241 6391 1
8241 7401 1
8241 6499 1
2928 2423 1
2928 7841 1
2928 815 1
2928 6861 1
2928 3958 1
360 3780 1
5436 6744 1
7191 5033 1
7191 3118 1
7191 5625 1
7191 6396 1
7191 1162 1
7191 2012 1
7191 6880 1
7191 653 1
7191 2805 1
7191 2747 1
7191 4463 1
7191 5045 1
7191 2236 1
7191 7551 1
7191 1661 1
7191 7149 1
7191 7127 1
7191 5022 1
7191 7416 1
7191 4447 1
7191 4691 1
7191 6706 1
7191 2828 1
7191 4692 1
7191 7843 1
7191 6934 1
172 3851 1
172 3228 1
172 2824 1
172 3180 1
2544 1974 1
2544 449 1
2544 1487 1
1537 7690 1
6607 4808 1
3729 102 1
3729 4267 1
5471 5770 1
407 2098 1
4633 5272 1
4633 2668 1
4633 4235 1
4633 2594 1
7555 1830 1
7555 6793 1
7555 599 1
7555 2386 1
7555 1209 1
7555 3502 1
7555 6037 1
7435 8255 1
7435 6927 1
7435 4230 1
7435 821 1
2089 5710 1
6582 5309 1
6582 7357 1
6582 2260 1
6582 1053 1
6582 2951 1
6582 7167 1
1563 1610 1
1563 8045 1
1563 4443 1
1563 5651 1
1563 1092 1
1563 5818 1
1563 144 1
1563 1966 1
1563 1823 1
1563 1884 1
1563 4985 1
3245 7643 1
3245 4917 1
3245 2180 1
2166 415 1
4463 724 1
4463 1690 1
4463 2432 1
4463 3902 1
3428 4212 1
3428 6943 1
8216 7890 1
4601 7620 1
4601 1680 1
4601 5072 1
4601 5814 1
4601 3157 1
4601 4974 1
7280 8179 1
7280 3405 1
7280 2375 1
7280 2113 1
7280 2821 1
7280 5993 1
7280 3239 1
7280 2003 1
7280 4121 1
7280 7520 1
5321 3407 1
3906 2127 1
3906 4174 1
3906 7591 1
3906 7268 1
3906 5220 1
5708 2976 1
5823 2929 1
2178 4868 1
1357 887 1
1357 4426 1
1357 6366 1
1357 8067 1
1357 6332 1
1357 5499 1
1357 7309 1
1357 8254 1
1357 3030 1
4172 7375 1
3714 4637 1
1615 6509 1
3678 5635 1
3678 2187 1
3678 6500 1
3678 4162 1
3678 6300 1
2767 6575 1
2767 1323 1
2767 3100 1
2767 1378 1
2767 3350 1
2767 1557 1
2767 2329 1
3595 4551 1
3655 2617 1
6931 7626 1
6931 1361 1
6931 4398 1
6931 3664 1
6931 5970 1
6931 7514 1
6931 6026 1
6931 720 1
6931 5771 1
6931 2044 1
6865 5779 1
4430 3702 1
4430 257 1
8297 2102 1
8297 1138 1
8297 5237 1
8297 6860 1
6738 1583 1
7755 227 1
7755 2377 1
7755 6895 1
7755 7251 1
7755 3371 1
7755 1229 1
7755 3667 1
7755 3524 1
7755 4914 1
7755 4007 1
7755 5569 1
7755 7159 1
7755 2886 1
7755 7384 1
8257 1981 1
8257 4958 1
8257 4821 1
8257 6681 1
6866 5050 1
3640 4329 1
3640 7288 1
3640 2287 1
3640 5043 1
3640 5350 1
3640 7241 1
3640 4784 1
3640 5826 1
5114 7576 1
5114 5894 1
5114 3962 1
7002 5396 1
5574 1955 1
5574 1288 1
658 4629 1
658 5805 1
2224 2688 1
5121 6186 1
5124 4074 1
6167 7081 1
6422 1419 1
6422 3809 1
6422 5381 1
6422 1932 1
6422 7956 1
6422 6420 1
4528 6438 1
569 2473 1
569 753 1
8100 2743 1
7424 5419 1
7424 2707 1
7424 54 1
7424 3005 1
7424 3984 1
7424 8183 1
7424 1737 1
7424 575 1
7424 6209 1
7424 3372 1
7424 1960 1
7424 6571 1
7424 6561 1
7424 8279 1
1891 6008 1
1891 6680 1
30 3120 1
30 1345 1
30 327 1
1384 6973 1
1384 4512 1
1384 81 1
1384 1956 1
1384 4982 1
5552 4488 1
1138 7083 1
6862 3335 1
3584 6799 1
252 1972 1
252 5749 1
252 2331 1
252 2430 1
1829 3214 1
3431 6618 1
3431 3870 1
3431 2247 1
2880 8037 1
2880 4506 1
2880 4183 1
2880 3574 1
2880 6760 1
2880 3633 1
2880 1564 1
2880 7911 1
2880 6050 1
2880 1067 1
2880 4659 1
2880 5125 1
2880 3175 1
5404 3705 1
5232 372 1
5947 6091 1
6681 1806 1
482 174 1
482 5418 1
3539 830 1
3539 5885 1
3539 7703 1
3539 1719 1
3539 6337 1
3539 7677 1
3539 4017 1
3539 4731 1
3539 4609 1
3539 6650 1
3539 7399 1
3539 7507 1
5362 2458 1
39 337 1
39 6359 1
39 7706 1
39 4517 1
1658 7988 1
1658 111 1
1658 7460 1
1658 4405 1
1658 8019 1
1658 900 1
5744 2485 1
5744 2919 1
2441 8150 1
2441 857 1
2441 4306 1
2441 977 1
2441 913 1
5106 1827 1
1899 1933 1
1899 1249 1
1899 6352 1
1899 1836 1
8071 65 1
8071 7840 1
8071 3226 1
7704 927 1
7704 2792 1
6046 3171 1
3049 3541 1
3049 932 1
3049 4527 1
3049 6592 1
3049 8017 1
3049 2667 1
3049 2013 1
3991 3012 1
8172 2756 1
6414 3605 1
6414 4352 1
6414 6512 1
6414 6849 1
5611 3817 1
5611 1322 1
5611 4442 1
5611 1427 1
5611 5799 1
5611 4606 1
5611 6983 1
5611 2442 1
5611 4989 1
4438 4297 1
6363 2860 1
442 7067 1
442 1479 1
3482 6887 1
3482 5486 1
3482 7337 1
3482 2964 1
3482 3512 1
3482 5205 1
3482 6117 1
3482 811 1
3482 6276 1
3482 7222 1
3482 3939 1
3482 5285 1
1858 7086 1
3713 947 1
3713 922 1
3713 5091 1
3713 6279 1
7516 2851 1
5734 4831 1
8052 5990 1
8052 3082 1
4397 3466 1
4397 1083 1
4397 5408 1
5641 5851 1
1897 2677 1
2997 7278 1
2997 7501 1
2997 8044 1
2997 7366 1
2997 4683 1
2997 5650 1
2997 4016 1
2997 2753 1
2583 4916 1
2583 3752 1
2583 1991 1
2583 5178 1
2583 8198 1
2583 3763 1
2960 248 1
2960 5856 1
2960 3356 1
2960 6915 1
2960 2063 1
2960 4814 1
2960 3176 1
2960 447 1
2960 3388 1
2960 6060 1
2960 6852 1
2960 4075 1
2960 8154 1
2960 2937 1
2960 7099 1
2960 5133 1
2960 1619 1
4044 2808 1
4044 6454 1
4044 6669 1
4044 6855 1
4044 7041 1
4044 105 1
4044 7972 1
4044 4684 1
4044 5670 1
4044 338 1
4077 8076 1
4287 6345 1
2009 7175 1
2009 2540 1
2009 5736 1
2009 6193 1
2009 6768 1
1725 3450 1
1725 2953 1
1725 2681 1
1725 6054 1
1725 5406 1
1725 2777 1
1725 6671 1
4358 3560 1
1459 7632 1
1459 2633 1
1459 3597 1
1877 5798 1
1877 1565 1
4797 1996 1
4797 1586 1
4797 6949 1
4797 2581 1
4797 3365 1
4797 189 1
4797 1768 1
4797 1394 1
7073 4414 1
7073 673 1
7073 6182 1
7073 833 1
7073 2807 1
7073 6547 1
7073 4652 1
7073 3581 1
7073 6789 1
7073 8213 1
7073 4623 1
7073 5502 1
7073 7347 1
7073 5037 1
7073 8295 1
7073 6894 1
7073 4844 1
7073 7711 1
7073 7157 1
7073 7377 1
7073 5843 1
7073 7997 1
7073 5438 1
6500 7267 1
297 3392 1
297 4853 1
1267 4321 1
1267 6456 1
220 2573 1
220 4900 1
220 2922 1
1423 6825 1
2490 7264 1
2490 3346 1
5183 5318 1
6430 8249 1
5024 6409 1
1030 1944 1
1030 3207 1
1030 5143 1
1030 3158 1
1030 7771 1
1030 7220 1
1030 3336 1
1030 4058 1
1030 1599 1
1030 2524 1
1030 8148 1
1030 1395 1
1030 179 1
1030 6094 1
1030 3913 1
1030 3225 1
1030 7350 1
5343 4650 1
5343 1159 1
3968 6200 1
3968 8072 1
3968 1511 1
3968 5772 1
3968 608 1
7156 2790 1
7156 4724 1
7156 7718 1
7156 5058 1
7156 1643 1
7156 7710 1
7156 6907 1
4112 3903 1
2324 6892 1
2324 8006 1
2324 557 1
2324 7158 1
2324 6416 1
2324 5544 1
2324 4449 1
2324 886 1
2324 1938 1
2324 7879 1
2324 6315 1
2324 5335 1
2324 705 1
2324 2452 1
2324 5184 1
2324 6619 1
2324 1112 1
2324 5165 1
2857 6311 1
2857 6185 1
4811 4648 1
1546 2431 1
1546 2265 1
1546 6436 1
5790 8280 1
8213 2479 1
8213 3797 1
8213 3764 1
8213 8176 1
8213 640 1
8213 6067 1
8213 3247 1
8213 1735 1
8213 6012 1
8213 2426 1
8213 7266 1
198 7946 1
198 7028 1
4275 231 1
4275 3873 1
4275 3920 1
4275 6563 1
4275 5275 1
4895 7802 1
4895 6230 1
4895 3593 1
4895 475 1
4895 4204 1
4895 7570 1
4895 1201 1
4895 7571 1
4895 4409 1
4895 650 1
4895 5466 1
4895 7837 1
4895 663 1
4895 5988 1
4895 1151 1
4895 1937 1
4895 497 1
4895 7077 1
768 4324 1
768 6555 1
768 3459 1
768 5090 1
4116 339 1
620 6594 1
4639 2168 1
4639 2751 1
4639 7129 1
4639 925 1
4639 1066 1
4639 1357 1
4639 3065 1
4639 7542 1
4639 6316 1
4639 8229 1
4639 6610 1
4639 4338 1
4639 6190 1
4340 6882 1
4340 4688 1
4863 823 1
4863 4126 1
4863 8303 1
508 1355 1
4213 4206 1
4213 4250 1
4213 3209 1
4213 5936 1
4213 4699 1
3859 775 1
2972 5940 1
2972 1130 1
129 574 1
129 4081 1
129 265 1
129 5545 1
5237 7933 1
6468 2087 1
6468 879 1
6468 2684 1
6468 6599 1
6468 7609 1
6468 5407 1
6468 7600 1
6468 4381 1
6468 6124 1
6468 5955 1
6468 4712 1
6468 6134 1
6468 6631 1
6468 4225 1
6468 5377 1
6468 3775 1
6468 6748 1
2760 1869 1
2760 5687 1
2760 4497 1
2760 6326 1
2760 5746 1
2760 2731 1
2760 780 1
2760 7234 1
4791 6572 1
4791 4653 1
8121 6387 1
8121 7390 1
8121 7331 1
8121 5458 1
3444 928 1
3444 149 1
3444 2902 1
3444 3815 1
3444 6471 1
3444 6658 1
3444 6889 1
4610 7618 1
4751 3417 1
4751 3767 1
4751 3188 1
4751 478 1
4751 3946 1
4751 5018 1
4751 2993 1
4751 459 1
4751 1115 1
1770 2564 1
6995 1922 1
6995 3805 1
6995 7669 1
6995 4179 1
670 4788 1
670 2281 1
2890 3327 1
6985 5830 1
6985 1860 1
6985 4912 1
6985 2461 1
6985 7124 1
6985 2309 1
6985 4319 1
6985 6038 1
6985 2713 1
6985 5315 1
6985 8227 1
2773 1093 1
2773 6674 1
2773 1306 1
2773 2365 1
2773 3312 1
2773 7716 1
2773 6954 1
2773 5992 1
2773 1103 1
2773 7527 1
6800 261 1
6800 1257 1
6800 4725 1
6800 3642 1
6800 7550 1
6800 4140 1
6800 2574 1
6800 1726 1
6800 7435 1
6800 4240 1
6800 6248 1
6800 2271 1
6800 100 1
6800 7873 1
6800 7176 1
6800 2389 1
6800 4008 1
6800 876 1
6800 4801 1
6800 412 1
1812 621 1
2418 114 1
4777 1197 1
4777 408 1
4777 8090 1
4777 5675 1
4777 4566 1
4777 8139 1
4777 1011 1
4777 693 1
4777 1102 1
4777 5948 1
4777 4129 1
4777 3994 1
4662 5262 1
4693 5146 1
4693 7930 1
4693 1698 1
4693 1963 1
4693 3884 1
4693 6229 1
2572 118 1
5234 4571 1
5234 2787 1
5234 3717 1
5234 2535 1
5234 273 1
3778 4068 1
3778 1824 1
3778 6750 1
3778 7242 1
3778 7528 1
3778 2543 1
3778 798 1
3778 2095 1
3778 3831 1
2954 7884 1
2954 3039 1
2954 2566 1
1329 4694 1
3162 7047 1
651 565 1
2625 7582 1
7948 4293 1
7948 6092 1
2207 1098 1
2565 2875 1
4026 7498 1
4160 5325 1
4160 4819 1
6874 7256 1
6874 381 1
6874 7608 1
6874 3241 1
6874 40 1
6874 1311 1
4110 2522 1
4110 3565 1
4110 6206 1
4110 6116 1
4110 2119 1
4110 4820 1
3477 4516 1
3477 7161 1
3477 948 1
5480 5776 1
3223 5468 1
3223 7380 1
3223 1491 1
4241 3394 1
4241 256 1
4241 8272 1
4241 6097 1
4241 3918 1
4241 4882 1
4241 7781 1
4241 399 1
4241 3963 1
4241 5000 1
4241 3358 1
4241 7612 1
4241 6702 1
4241 6005 1
4241 2789 1
4241 6709 1
4241 7830 1
4241 3982 1
4241 166 1
4241 7 1
4241 3980 1
4241 6371 1
4241 4053 1
581 3511 1
3198 7822 1
3198 1635 1
4926 5092 1
6439 2852 1
6439 516 1
6439 1368 1
6439 7707 1
6439 7299 1
6439 4943 1
6439 5218 1
6439 7955 1
6439 5853 1
6439 5887 1
6439 7575 1
6439 5906 1
6439 1274 1
6439 2420 1
6439 2699 1
6439 8252 1
6439 5158 1
6439 1859 1
6439 7298 1
6439 8142 1
4286 3375 1
4286 7855 1
4286 1174 1
4286 5968 1
4286 3399 1
4286 6991 1
4286 3193 1
1442 5 1
1442 3804 1
1442 7909 1
1442 4585 1
1442 6625 1
1442 2456 1
1442 5806 1
1442 7019 1
1442 6580 1
1442 3156 1
6044 5249 1
6044 1173 1
6044 3050 1
6044 2299 1
6044 7948 1
6044 4845 1
3953 5531 1
3953 8212 1
3953 3937 1
3953 4221 1
3953 1815 1
2163 5221 1
7584 8087 1
7584 2836 1
3497 5696 1
7038 1746 1
5682 2028 1
6136 1458 1
6136 1070 1
6136 5998 1
6136 1568 1
6136 6009 1
6136 39 1
6136 2441 1
6136 1022 1
6136 5376 1
6136 6062 1
6136 5973 1
6136 4500 1
6136 1285 1
6136 7035 1
6136 2918 1
6136 7862 1
391 6440 1
391 4739 1
3856 8064 1
3856 526 1
3856 1144 1
3856 4186 1
3856 503 1
3856 5344 1
3856 426 1
6128 7240 1
6128 6477 1
6128 138 1
6128 4734 1
6519 511 1
6519 6121 1
1388 1109 1
1388 1802 1
1388 7334 1
1388 4531 1
1388 6779 1
1388 1791 1
1388 4400 1
1388 6740 1
1388 4024 1
1388 2946 1
1388 383 1
1388 1203 1
1388 203 1
1388 3773 1
1388 3435 1
1388 5875 1
1388 7556 1
1388 7472 1
1388 1299 1
1388 1164 1
1388 211 1
1832 30 1
1832 5835 1
1832 3809 1
1832 3575 1
1832 3944 1
1832 1191 1
1832 4197 1
1636 2472 1
1636 5357 1
1636 3018 1
1636 7992 1
1636 5117 1
6812 4192 1
6812 3871 1
6812 4850 1
6812 534 1
6812 323 1
6812 512 1
6812 5584 1
6812 2818 1
6812 3834 1
6812 6096 1
6812 5312 1
6812 431 1
6812 1212 1
5529 7026 1
5529 6137 1
6819 4333 1
4543 1529 1
2720 7919 1
1022 7042 1
6381 3612 1
6381 4132 1
6381 7038 1
6381 3860 1
6381 1497 1
5175 3586 1
5175 3713 1
2947 4332 1
2947 7429 1
2947 7141 1
2947 1000 1
2947 6204 1
2947 8265 1
2947 964 1
2947 2613 1
2947 7096 1
2947 729 1
2947 4895 1
2947 3167 1
2947 6293 1
2947 5907 1
2947 1874 1
2947 7428 1
2947 7915 1
2947 5580 1
2947 7409 1
2947 5338 1
2947 2354 1
2947 3485 1
2947 1906 1
2947 4940 1
4118 4152 1
4118 4071 1
4118 6701 1
4118 5672 1
4118 4362 1
386 76 1
386 3806 1
386 3283 1
386 5171 1
386 4039 1
386 6214 1
386 1896 1
7286 2192 1
1003 3929 1
1003 5119 1
4195 7270 1
5616 921 1
5616 3173 1
5616 3235 1
5616 7473 1
6510 2554 1
6510 6638 1
6510 7245 1
6510 2620 1
6510 5637 1
6510 783 1
6510 1260 1
6510 2384 1
6510 6877 1
6510 5123 1
6510 2609 1
6510 5930 1
6510 2569 1
6510 2334 1
6510 3426 1
6510 6113 1
6510 438 1
6510 630 1
6510 3162 1
6510 5477 1
6510 3497 1
6510 4994 1
6510 1326 1
6510 5975 1
6510 3505 1
6510 6782 1
6510 672 1
6510 1678 1
6510 3123 1
6510 4760 1
6510 2259 1
6510 7613 1
6510 826 1
6510 852 1
6510 5095 1
6510 2511 1
4768 1160 1
4768 4796 1
4768 832 1
4768 5481 1
4768 1060 1
4768 4666 1
4768 4114 1
4768 5231 1
4768 5039 1
4768 6105 1
4768 1340 1
4768 1566 1
8202 1484 1
8202 965 1
8202 1169 1
8202 7146 1
8202 420 1
8202 1990 1
8202 8243 1
8202 1764 1
8202 4554 1
8202 244 1
8202 1616 1
8202 5162 1
5500 7117 1
3265 4521 1
3265 7654 1
3265 8288 1
3265 5501 1
3265 7801 1
3265 6493 1
3265 1622 1
3265 7508 1
3265 6716 1
3265 5278 1
3265 3215 1
3265 7192 1
3265 5748 1
1433 2412 1
1433 3432 1
1433 5226 1
1433 4501 1
6771 6076 1
1737 3353 1
1737 893 1
1737 1605 1
1737 3462 1
1737 2838 1
1737 7097 1
1737 6125 1
1737 1 1
1737 6392 1
7670 6956 1
7670 3589 1
7670 3275 1
7670 6166 1
7670 7945 1
7670 6853 1
575 3255 1
575 1605 1
575 3093 1
2326 8238 1
2325 4738 1
5190 6197 1
5190 8214 1
5190 2831 1
5190 806 1
5190 367 1
5190 3761 1
5190 7190 1
6209 6752 1
1491 1903 1
1491 2882 1
1491 1437 1
1491 6400 1
1491 2704 1
1015 2641 1
1015 7709 1
1015 176 1
1015 226 1
1015 1408 1
1015 7968 1
1015 7764 1
1015 1613 1
1015 2532 1
5405 5506 1
5405 1885 1
5405 4928 1
5405 3922 1
5405 8242 1
5405 8282 1
5405 6891 1
5405 8119 1
5405 6537 1
5686 4854 1
5686 6878 1
6610 1248 1
6610 2205 1
6610 4229 1
6610 3601 1
6610 7492 1
6610 4412 1
6610 5747 1
6610 6589 1
6610 8094 1
6610 6796 1
7622 4817 1
7622 4753 1
7622 6873 1
7622 7406 1
7622 2324 1
7622 6519 1
7622 6381 1
7622 4004 1
7622 2686 1
7622 8089 1
7622 6722 1
7622 4469 1
7622 6459 1
7622 7795 1
7622 6006 1
3509 7442 1
3509 4404 1
3509 8015 1
3509 949 1
3509 3615 1
3509 770 1
3509 2521 1
3509 3429 1
3509 7440 1
3509 2353 1
8043 180 1
8043 5284 1
8043 2718 1
8043 4706 1
8043 7628 1
8043 5796 1
8043 6544 1
8043 2734 1
5954 96 1
7133 4376 1
685 5911 1
685 3703 1
685 7531 1
685 3698 1
685 269 1
685 470 1
685 2764 1
685 7757 1
685 4548 1
685 4199 1
3739 3332 1
3739 7151 1
3739 808 1
3739 6807 1
5666 7679 1
5666 455 1
5666 2282 1
5666 4523 1
5666 1729 1
5666 24 1
5666 237 1
5666 4320 1
5666 5288 1
5666 6177 1
5666 4910 1
5666 5065 1
5666 1230 1
5666 1797 1
5666 3111 1
2637 5031 1
2637 6616 1
2637 6569 1
2637 6118 1
2637 7857 1
2637 6848 1
2637 4830 1
2637 3108 1
2637 6228 1
2637 4094 1
2637 5585 1
7640 7681 1
7640 1929 1
7640 318 1
7257 6912 1
7257 5397 1
7257 5836 1
7257 7625 1
7257 3362 1
7257 6305 1
7257 4587 1
7257 491 1
3214 7502 1
3214 275 1
3214 2189 1
3214 205 1
3214 3268 1
3214 6130 1
3214 5134 1
3214 310 1
3214 3714 1
3214 6216 1
3214 7314 1
3214 2302 1
3214 7700 1
3214 5216 1
3214 1047 1
3214 3187 1
3214 5587 1
3214 5084 1
3214 5156 1
5376 2351 1
5376 3872 1
5376 2069 1
6031 89 1
6031 5897 1
6031 2428 1
6031 5025 1
6031 6875 1
6031 1050 1
6031 7888 1
6031 8269 1
6031 3357 1
6031 3140 1
6031 2749 1
6031 8153 1
6031 1794 1
6031 6061 1
861 1771 1
861 746 1
861 601 1
861 939 1
861 2477 1
861 6336 1
861 2025 1
861 8003 1
861 2666 1
861 6246 1
861 7052 1
861 4700 1
861 1470 1
861 1663 1
861 4047 1
7664 6033 1
2105 7025 1
3287 7934 1
2395 3853 1
2395 5139 1
2395 5209 1
2395 5542 1
2395 6988 1
2395 2785 1
2395 6582 1
2395 6985 1
2395 5391 1
2395 1567 1
2395 7371 1
2395 4735 1
2395 4987 1
2395 3489 1
7924 7906 1
7924 4108 1
7924 7510 1
7678 6245 1
7678 688 1
7678 1150 1
7678 6523 1
7678 748 1
7678 1208 1
7678 8131 1
7678 2373 1
7678 6155 1
7678 8086 1
7678 238 1
7678 5681 1
7678 582 1
7678 6034 1
7678 4892 1
7678 5256 1
5079 1376 1
6347 3246 1
6347 132 1
6347 1579 1
6347 6961 1
6347 3626 1
793 2651 1
793 3646 1
793 5919 1
262 7799 1
7798 1128 1
7798 107 1
7798 3841 1
7798 1971 1
7798 425 1
7798 3566 1
7798 6399 1
7798 2145 1
7798 7942 1
7798 611 1
7798 7034 1
6852 5028 1
6852 1091 1
6852 7346 1
6852 4173 1
6852 755 1
6852 4681 1
6852 7719 1
6852 1785 1
6852 2525 1
6852 4268 1
6852 7639 1
6852 3520 1
6852 7170 1
6852 5494 1
6852 1467 1
6852 7002 1
6852 3794 1
6852 6444 1
6852 2583 1
6852 8121 1
6852 600 1
6852 5682 1
6852 186 1
6852 6170 1
6852 8136 1
6852 202 1
6852 5900 1
6852 3256 1
6852 894 1
6852 6272 1
6852 3571 1
6852 3887 1
6852 2606 1
6852 6045 1
6852 5546 1
6852 4343 1
6852 4432 1
6852 5969 1
6852 1872 1
6852 668 1
6852 147 1
6852 6278 1
6852 2926 1
6852 1699 1
202 3398 1
2109 2327 1
1404 731 1
1404 7128 1
1040 8036 1
1040 4668 1
1040 6331 1
1040 3083 1
1040 1982 1
1040 7294 1
1040 223 1
4541 6511 1
4541 7966 1
4541 5943 1
4541 1033 1
4541 5917 1
4541 3220 1
4541 1528 1
4541 6312 1
3568 5715 1
2042 827 1
2042 8220 1
429 1877 1
4338 7624 1
4338 3361 1
4338 1612 1
4338 7659 1
4338 3195 1
4338 5023 1
5381 7611 1
5381 2783 1
5381 6974 1
5381 7943 1
5381 390 1
2757 5711 1
3674 2844 1
3674 315 1
3674 445 1
916 6794 1
916 5689 1
6715 759 1
5704 3777 1
6458 973 1
1425 2045 1
7875 3189 1
550 210 1
550 1124 1
550 5523 1
550 7261 1
550 7522 1
550 1810 1
550 4415 1
550 2917 1
550 289 1
550 3706 1
550 8126 1
550 3446 1
7733 355 1
7733 6691 1
5631 5695 1
7977 3549 1
7977 123 1
7977 3168 1
6203 2469 1
6203 5788 1
6654 3935 1
371 794 1
371 8085 1
371 2590 1
371 3359 1
371 6884 1
371 818 1
371 5690 1
371 4041 1
371 3430 1
371 6244 1
371 1851 1
371 3710 1
371 6435 1
371 7506 1
371 5061 1
371 2362 1
3661 8294 1
3661 7820 1
3661 5259 1
3661 4686 1
3661 7153 1
3661 2966 1
3661 6412 1
3661 553 1
3661 4810 1
3661 6998 1
3661 5114 1
3661 5342 1
3661 916 1
3661 5914 1
3661 5541 1
3661 4034 1
3661 6842 1
3661 5196 1
3661 7671 1
3661 5046 1
3661 1142 1
3661 7815 1
3661 8059 1
3661 156 1
6264 6087 1
7754 5811 1
7754 1094 1
4921 6756 1
2103 5863 1
3784 3257 1
3784 5758 1
855 7431 1
855 5207 1
855 1543 1
855 117 1
855 850 1
855 3452 1
855 1983 1
855 7652 1
855 5320 1
7456 3308 1
7456 3966 1
1450 4364 1
4093 204 1
524 1721 1
524 6670 1
5977 1561 1
6696 2775 1
6696 952 1
5900 5185 1
5900 751 1
5900 7137 1
5900 7302 1
1706 5581 1
1706 7688 1
1706 6824 1
1706 3463 1
7582 1125 1
7582 5949 1
7582 8191 1
8061 6741 1
4562 7806 1
4568 3676 1
4568 4042 1
4568 571 1
4568 2997 1
4568 4418 1
4036 1695 1
2762 7358 1
6614 4782 1
6614 8247 1
6186 8065 1
5509 4023 1
2058 7932 1
7244 5813 1
7244 594 1
7244 5920 1
7421 7008 1
4418 5680 1
4418 5441 1
4418 2270 1
4418 3121 1
4418 2978 1
4418 774 1
4418 7588 1
4418 3152 1
4418 5563 1
4418 6821 1
4418 1250 1
4418 2661 1
4418 154 1
4418 3492 1
4418 8291 1
4418 4361 1
4418 944 1
4418 8159 1
4418 6888 1
769 5803 1
769 6388 1
769 3933 1
769 421 1
769 8209 1
3089 6069 1
3089 1662 1
4607 6986 1
5483 307 1
7186 5164 1
7143 1754 1
7143 5654 1
7143 3945 1
7143 4672 1
7143 6732 1
7211 4590 1
7211 306 1
7211 2346 1
7211 2146 1
7211 2006 1
7211 2041 1
7211 2015 1
7211 5248 1
7211 3528 1
7211 8195 1
7211 3451 1
4007 4259 1
4007 3934 1
4007 676 1
773 518 1
4419 5464 1
4419 5328 1
4419 5621 1
4419 1588 1
4419 520 1
4419 7962 1
4419 2196 1
4419 6876 1
4419 6684 1
4419 7318 1
4419 7880 1
4419 840 1
4419 7939 1
1281 1214 1
3292 5882 1
3292 3238 1
3658 5518 1
5896 7876 1
5896 8105 1
5896 7448 1
5896 1472 1
5896 4524 1
5896 6385 1
5896 3894 1
1228 7676 1
5372 2143 1
5372 8250 1
3369 8190 1
3369 1035 1
3369 7812 1
3369 6675 1
7953 1701 1
7953 1239 1
7953 4591 1
7953 1384 1
7953 5279 1
7953 3993 1
7953 1775 1
7953 2369 1
7953 1141 1
7953 5705 1
7953 7693 1
7953 7734 1
7953 4647 1
7953 5883 1
4804 7095 1
4804 3170 1
4804 1296 1
1385 4557 1
1385 7354 1
1385 413 1
1385 1269 1
1385 2871 1
1385 4403 1
1385 25 1
1385 3023 1
1385 1574 1
1385 2449 1
1385 1668 1
1385 3517 1
1385 767 1
1385 6673 1
1385 8277 1
1385 6920 1
1385 2910 1
1385 2735 1
1385 5503 1
1385 3133 1
7711 3930 1
7711 1666 1
7711 2253 1
7711 3390 1
7711 2399 1
7711 7645 1
7711 2588 1
3424 3415 1
3424 5755 1
890 2274 1
6513 2080 1
7430 4901 1
7430 6154 1
7430 5707 1
7430 6441 1
7430 1950 1
7430 6122 1
7430 4021 1
7430 7743 1
7430 209 1
7430 5252 1
7430 3101 1
7430 6952 1
7430 6291 1
7430 7179 1
7430 4203 1
7430 8020 1
1043 7339 1
1043 3579 1
5731 4909 1
6266 3141 1
6266 2669 1
6266 3800 1
6266 1246 1
6266 568 1
6266 7849 1
4908 3864 1
7164 4341 1
7164 7724 1
7164 4539 1
7164 1924 1
7164 2084 1
7164 1671 1
7164 6606 1
7164 6827 1
7164 1535 1
7164 5269 1
7164 32 1
7164 395 1
7164 839 1
4235 5561 1
4235 4584 1
4235 6325 1
4235 2368 1
4235 3233 1
4235 500 1
4235 7162 1
3828 6224 1
3828 1799 1
3828 7548 1
1155 940 1
655 5564 1
6185 2201 1
4461 3554 1
5751 7221 1
4644 6642 1
6773 7443 1
6773 6845 1
6773 843 1
6773 6271 1
6773 3337 1
2619 6235 1
2619 5363 1
2619 3153 1
2619 7970 1
2619 2341 1
2619 5582 1
1962 3742 1
3297 35 1
6542 868 1
6993 6868 1
6993 7100 1
5211 2586 1
2845 5642 1
2845 6710 1
2845 2814 1
2845 4335 1
2845 2825 1
2845 8186 1
2845 1007 1
2845 7629 1
2845 2052 1
1209 8110 1
1209 7397 1
1209 4996 1
1209 7195 1
1209 1343 1
1209 6481 1
1209 2079 1
1594 1699 1
52 2941 1
52 2547 1
52 2223 1
52 6585 1
52 4189 1
52 3277 1
52 6924 1
52 1445 1
52 648 1
52 2752 1
52 7792 1
5288 3488 1
5288 7183 1
1028 945 1
1028 7174 1
1028 2228 1
1028 4260 1
1028 1054 1
1028 6136 1
1028 7808 1
1028 1449 1
1028 6964 1
1028 1385 1
1028 5890 1
1028 1494 1
1028 5196 1
1028 1508 1
1028 548 1
1028 3047 1
1028 6241 1
1028 4603 1
5398 1460 1
5398 4779 1
5398 4291 1
5398 4072 1
5398 5838 1
5398 246 1
5398 6109 1
5398 4710 1
5398 771 1
5398 6140 1
5398 7555 1
5398 1556 1
5398 2727 1
5398 4727 1
5398 6696 1
5398 1028 1
5398 5514 1
5398 7616 1
5398 5762 1
5398 7947 1
5398 3947 1
5398 3964 1
5398 6990 1
5398 756 1
5398 3531 1
5398 1179 1
5336 4924 1
5336 6640 1
5336 6584 1
5336 1072 1
5336 4866 1
5336 6726 1
5336 2248 1
5336 7470 1
5336 391 1
5336 4841 1
5336 4657 1
5336 7929 1
5336 5475 1
5336 3147 1
5336 737 1
5336 3740 1
5336 8235 1
6051 3019 1
2528 4667 1
4082 589 1
7385 4998 1
7385 5301 1
7385 6554 1
7385 8222 1
7385 5129 1
5609 5953 1
5609 5627 1
5609 7369 1
5609 7005 1
5609 4476 1
5609 2075 1
5609 2263 1
5609 3476 1
5609 1236 1
5609 7143 1
5609 333 1
5609 1712 1
5609 6382 1
5609 8134 1
5609 1838 1
5609 4159 1
5609 5986 1
5609 2148 1
5609 4200 1
5609 7330 1
5609 2068 1
5609 5879 1
7957 5151 1
2843 2930 1
1999 3801 1
1999 2159 1
1999 2799 1
1999 6626 1
1999 2290 1
1999 5137 1
1999 4457 1
1999 2803 1
1999 3245 1
1999 241 1
1999 6213 1
1999 1198 1
1999 4184 1
1999 3498 1
1999 5765 1
1999 7453 1
1999 5928 1
1999 2624 1
1999 3683 1
1999 301 1
1999 1573 1
1999 5793 1
1999 6911 1
1999 6056 1
2686 3629 1
2686 7773 1
1002 4107 1
3113 7205 1
3113 1549 1
3113 2868 1
3113 7931 1
3113 2039 1
3113 364 1
3113 316 1
3113 3090 1
6283 3628 1
1210 8101 1
8089 1153 1
588 2985 1
588 7410 1
588 930 1
588 2320 1
588 7322 1
588 4428 1
825 7463 1
825 3008 1
825 8221 1
825 5082 1
825 4065 1
7259 8259 1
7259 4768 1
7259 518 1
474 6922 1
7708 3067 1
7365 5208 1
7365 1848 1
7365 4452 1
7365 7279 1
7365 4266 1
7365 479 1
7365 2486 1
5815 4768 1
3533 6579 1
988 7412 1
988 4137 1
988 2124 1
988 3409 1
2171 41 1
2171 5340 1
2171 1118 1
2171 7926 1
3687 240 1
3687 7306 1
3687 5469 1
84 7121 1
84 2873 1
84 7583 1
84 3997 1
84 622 1
84 1752 1
84 1017 1
84 3577 1
84 5550 1
84 5807 1
84 6126 1
3185 7223 1
3185 1300 1
3185 7055 1
3185 1761 1
3185 6546 1
3185 1046 1
3185 5183 1
3185 1914 1
3185 560 1
3185 2794 1
3185 7328 1
3185 3169 1
3185 1338 1
6950 5358 1
3282 7949 1
3282 2333 1
8163 7581 1
2185 2965 1
7127 4304 1
7127 789 1
3171 2126 1
3171 2859 1
3171 2413 1
3171 143 1
3171 989 1
3171 1741 1
3171 145 1
3171 5210 1
3171 7172 1
3171 6411 1
3347 4573 1
3347 6772 1
3347 6536 1
3347 379 1
4963 8010 1
5834 4193 1
5834 545 1
5834 3650 1
5834 5426 1
5834 6057 1
5834 3857 1
5834 2138 1
5834 1893 1
5834 875 1
5834 7385 1
5834 3076 1
5834 7071 1
5834 6094 1
5834 1581 1
5834 4964 1
5474 2599 1
5474 4880 1
5474 4185 1
5474 1100 1
5474 6721 1
5474 6027 1
5474 4273 1
3649 8146 1
3649 2780 1
3649 5013 1
3649 5367 1
3649 2544 1
3649 6614 1
3649 1381 1
3649 4715 1
3649 1414 1
3649 1624 1
3649 8260 1
5740 2322 1
5740 2279 1
4237 8079 1
4237 2627 1
4237 1428 1
4237 649 1
4237 6348 1
4237 7486 1
4237 675 1
4237 2289 1
4237 3109 1
4237 3294 1
4237 1182 1
4237 7963 1
4237 3103 1
4237 7670 1
4237 6494 1
4237 3063 1
4237 2769 1
4237 961 1
4237 5525 1
8156 4621 1
5923 4533 1
4904 7206 1
5852 1545 1
146 1515 1
146 1800 1
4620 2855 1
4620 4979 1
1301 6608 1
1301 3119 1
1301 4835 1
1301 5016 1
1301 5773 1
1301 6686 1
1301 7752 1
1301 6349 1
1301 376 1
1301 442 1
1301 3323 1
1301 4863 1
1301 7394 1
1301 371 1
1301 3088 1
1301 5517 1
1301 3261 1
1301 7199 1
1301 2774 1
1301 3680 1
1301 446 1
7345 3040 1
415 7883 1
415 3542 1
6382 2611 1
6382 7829 1
6382 787 1
6382 814 1
6382 3293 1
6382 6700 1
8032 6355 1
8032 7530 1
8032 6234 1
8032 3648 1
8032 7739 1
8032 5069 1
8032 6220 1
8032 5351 1
8032 1276 1
8032 213 1
8032 7046 1
8032 2391 1
8032 5163 1
8032 728 1
8032 809 1
8032 8111 1
8032 1665 1
8032 5674 1
1577 3211 1
1577 5533 1
4102 4749 1
4102 7196 1
4102 6024 1
4102 1525 1
5177 388 1
7847 5076 1
7847 535 1
7847 776 1
7847 3105 1
7847 1703 1
7847 3288 1
7847 6351 1
7847 7766 1
7847 3460 1
7847 4115 1
7847 1074 1
7847 6957 1
7847 6724 1
468 5819 1
468 2091 1
468 7178 1
4154 2714 1
4154 3660 1
4154 1438 1
4154 2678 1
7296 242 1
7595 4481 1
7595 880 1
7595 1773 1
7595 3936 1
7595 6948 1
7595 2435 1
7595 5270 1
7595 3203 1
7595 3790 1
7595 566 1
7595 7289 1
7595 5425 1
7595 1749 1
7595 2826 1
3192 4600 1
3192 2608 1
3263 7800 1
3263 790 1
3263 1745 1
3263 4307 1
3263 3582 1
3263 5167 1
3263 3915 1
3263 3928 1
3263 1639 1
3263 7717 1
3263 297 1
3263 6820 1
3263 5109 1
3263 4800 1
3263 8007 1
3263 6443 1
3263 7367 1
3263 7607 1
3263 7432 1
3263 1993 1
7349 3670 1
7349 5534 1
471 543 1
1488 4118 1
1488 855 1
1488 5498 1
1488 7168 1
940 2602 1
940 7630 1
940 7070 1
940 1152 1
940 7504 1
940 3306 1
940 3508 1
940 6328 1
940 797 1
940 2399 1
940 5280 1
940 5080 1
940 926 1
940 4460 1
940 7468 1
5087 7854 1
5087 7030 1
5087 2895 1
5762 7228 1
5762 3876 1
5762 3882 1
5762 1432 1
5762 6685 1
5762 2765 1
5762 6776 1
5762 5141 1
5762 3307 1
5762 1001 1
5762 4790 1
5762 4134 1
5762 4020 1
5762 2592 1
5762 3540 1
5762 1675 1
5762 1910 1
7271 7216 1
7271 2408 1
7271 2737 1
7271 6759 1
7271 8173 1
7271 6032 1
7271 6242 1
3416 6826 1
6409 1413 1
6409 5950 1
6409 8208 1
6409 6308 1
6409 402 1
6409 1172 1
4911 5610 1
641 4076 1
641 1748 1
641 2673 1
641 4804 1
641 1531 1
641 6545 1
641 2388 1
641 7979 1
641 3981 1
641 4679 1
469 7003 1
469 1490 1
469 4143 1
469 4838 1
469 137 1
469 5212 1
469 3631 1
469 5436 1
469 5471 1
469 6503 1
469 5697 1
469 7733 1
469 2503 1
469 5904 1
469 3798 1
469 272 1
469 6867 1
469 4211 1
469 7833 1
2385 5595 1
7912 3697 1
7912 5222 1
7912 5532 1
7912 6373 1
7912 8026 1
7912 4950 1
2067 6448 1
2067 6968 1
2067 521 1
2067 7881 1
2067 1049 1
2067 4889 1
2067 4349 1
2067 4246 1
2067 513 1
2067 1238 1
7690 3143 1
7690 8268 1
7690 3015 1
7690 7797 1
7690 6476 1
7690 253 1
7690 6497 1
7690 6866 1
7690 6159 1
7690 1241 1
7690 3150 1
7690 1401 1
7690 7068 1
2389 2900 1
2389 1572 1
2389 6179 1
1328 5629 1
1328 1878 1
1328 6010 1
1328 4728 1
1328 4014 1
1328 1952 1
1328 2646 1
1328 5452 1
1328 5605 1
8039 1607 1
8039 6298 1
5633 291 1
6649 3002 1
6649 8224 1
6649 4005 1
6649 4180 1
6649 482 1
6649 3789 1
6649 6463 1
6649 1569 1
6649 4792 1
6649 5881 1
2360 5317 1
2254 6169 1
2254 7788 1
2254 6727 1
2254 7980 1
2254 4154 1
2254 7882 1
2254 6818 1
1874 870 1
1874 5916 1
1874 4146 1
1874 5266 1
1874 5195 1
1874 754 1
1874 2169 1
1874 7074 1
6132 5757 1
6132 1842 1
6132 7165 1
6132 5359 1
6132 5878 1
6132 2286 1
4891 4775 1
4891 6313 1
6524 1390 1
6524 3480 1
7109 5048 1
1399 2374 1
1399 3099 1
1434 5942 1
7425 7063 1
3338 4257 1
6722 4907 1
6722 7171 1
6722 6829 1
6722 6651 1
7673 6273 1
4124 6800 1
7122 5600 1
7122 4930 1
7122 4292 1
7122 239 1
7122 2458 1
7122 4169 1
7122 7689 1
7122 2272 1
7122 3490 1
4408 4299 1
4408 8184 1
2356 5820 1
2356 2907 1
2356 6605 1
2356 654 1
2356 2591 1
2356 259 1
2356 3159 1
2356 4541 1
2356 1207 1
2356 6466 1
2356 1328 1
2356 4708 1
4274 5364 1
4274 1915 1
4549 4981 1
803 2682 1
4636 6042 1
8122 4891 1
4884 169 1
4884 8048 1
4884 7004 1
4884 5567 1
4884 1778 1
4884 1391 1
4884 628 1
2039 6745 1
2039 7927 1
2039 1446 1
2039 4855 1
6556 7198 1
6556 7269 1
6556 7084 1
6556 920 1
6556 3379 1
6556 6482 1
6556 4390 1
6556 7348 1
6556 1005 1
6556 5073 1
6556 6297 1
6556 5223 1
6556 2343 1
6556 4555 1
6556 1738 1
7799 3537 1
7799 4357 1
7799 3695 1
7799 6053 1
7799 6362 1
7799 7405 1
7799 2016 1
7799 5832 1
7799 2979 1
7799 1498 1
7799 1676 1
7799 2982 1
7799 2318 1
7799 1618 1
7799 6908 1
7799 2740 1
7799 6987 1
7799 4890 1
7799 5786 1
7799 6672 1
7799 3926 1
7799 6593 1
7799 3110 1
7799 5742 1
7799 4920 1
7799 689 1
7799 1351 1
7799 3842 1
7799 3190 1
2980 74 1
5504 3478 1
5504 6834 1
5504 1677 1
5504 7936 1
5504 7704 1
5504 4277 1
5504 1645 1
5504 3197 1
5504 4589 1
5504 3074 1
5504 3420 1
5504 7544 1
5504 3473 1
5504 5111 1
5504 3014 1
5504 584 1
5504 2555 1
5504 5417 1
5504 5155 1
5504 6900 1
196 31 1
2035 931 1
2035 4824 1
2035 2112 1
2035 7663 1
2035 3253 1
1678 3669 1
1678 3078 1
1678 7230 1
1678 2701 1
611 7742 1
1709 4233 1
1709 7672 1
1709 5866 1
1709 2300 1
1709 6935 1
1709 5944 1
1709 5981 1
7402 3908 1
7402 3354 1
7402 1883 1
7402 2218 1
7402 2630 1
7402 5164 1
7402 2454 1
7402 1527 1
7402 464 1
7402 4616 1
7402 1854 1
7402 4222 1
7402 1032 1
7402 3598 1
7402 5915 1
7402 2801 1
7402 6251 1
7402 2670 1
7402 148 1
7402 736 1
4389 1837 1
1006 4339 1
1006 2671 1
1006 2018 1
8069 3080 1
8069 6203 1
8069 4475 1
8069 4938 1
8069 7140 1
8069 1010 1
8069 642 1
8069 6911 1
3110 4490 1
125 824 1
125 3532 1
125 5098 1
125 6649 1
125 3469 1
125 431 1
4647 8226 1
4647 5558 1
4647 554 1
8143 3127 1
8143 7984 1
8143 2083 1
8143 6258 1
4861 8024 1
6459 4001 1
6459 2526 1
6459 3823 1
6459 4977 1
6459 4757 1
6459 4862 1
6459 5189 1
2524 1934 1
735 5592 1
735 321 1
7882 702 1
7882 4336 1
7882 6601 1
7882 4980 1
4317 2996 1
4317 476 1
4317 161 1
4317 4477 1
4317 139 1
2071 5200 1
3217 5203 1
1764 7103 1
4687 7836 1
6952 2280 1
6952 1161 1
1102 6084 1
1232 7006 1
1232 863 1
1232 3849 1
1232 2498 1
1232 3715 1
4346 5052 1
4346 4669 1
4346 8230 1
4346 2465 1
4346 4610 1
4346 4693 1
4346 5686 1
4346 2395 1
4346 6132 1
4346 5040 1
4346 2186 1
4346 2419 1
4346 7224 1
4346 1282 1
4346 2383 1
4346 6945 1
799 218 1
799 2695 1
799 155 1
799 407 1
799 7564 1
799 5339 1
799 3927 1
799 3585 1
799 7061 1
2094 2064 1
821 7740 1
5840 3280 1
5840 8075 1
5840 1753 1
5840 5573 1
5840 225 1
5840 7763 1
5840 7846 1
5840 4340 1
5840 336 1
5840 3953 1
5840 5190 1
5840 6810 1
5840 7798 1
5840 1265 1
5840 5895 1
5840 2649 1
5840 4499 1
5840 4645 1
5840 1709 1
5840 743 1
5840 331 1
5840 7105 1
5840 490 1
5840 192 1
5973 6419 1
5973 3304 1
5973 2387 1
4987 5282 1
4987 6746 1
4987 2744 1
4987 4166 1
4987 4219 1
4987 8030 1
4987 5074 1
872 6089 1
2038 4583 1
6545 8109 1
6545 7694 1
2555 398 1
2555 6239 1
2555 6029 1
2555 1187 1
2555 7250 1
2555 4674 1
2555 6639 1
2555 5678 1
2555 3412 1
2555 3032 1
2555 8073 1
2555 5638 1
2555 5373 1
2555 80 1
2555 1534 1
1551 3311 1
1551 6284 1
1551 2676 1
1551 4544 1
1551 160 1
1551 1319 1
1551 6693 1
1551 3743 1
1551 164 1
1551 1546 1
1551 2291 1
1551 5310 1
1551 5021 1
1551 428 1
1551 5410 1
1551 3013 1
1551 4086 1
1551 4327 1
1551 4144 1
1551 1200 1
1551 6676 1
1551 5884 1
1551 1149 1
1551 1317 1
1551 828 1
1551 2321 1
1551 7726 1
1551 486 1
6571 3182 1
4971 6253 1
8080 2264 1
4778 1163 1
4778 2680 1
4778 699 1
7974 1630 1
7974 7136 1
7974 4642 1
7974 3587 1
7974 4736 1
7974 4095 1
7974 539 1
5120 4762 1
7381 2797 1
4588 2854 1
4588 3024 1
4588 602 1
4588 4761 1
4588 7203 1
4588 3592 1
4588 5706 1
4588 1193 1
4588 1362 1
2328 4420 1
3021 4968 1
8097 7809 1
8097 1554 1
8097 97 1
7192 6467 1
2710 1145 1
2710 5330 1
2710 785 1
955 4741 1
7651 4285 1
7651 1421 1
7651 678 1
7651 3555 1
4763 7487 1
4763 422 1
4763 542 1
4763 896 1
4763 4888 1
4763 7009 1
4763 7452 1
4763 5623 1
4763 5002 1
4763 3543 1
4763 4794 1
4763 8193 1
3790 4535 1
7215 6151 1
7960 1377 1
7960 3850 1
7960 2001 1
7960 190 1
7960 5088 1
7960 1411 1
7960 5994 1
7960 5271 1
7960 4049 1
7960 345 1
7960 7712 1
7960 7018 1
7960 2439 1
7960 4217 1
2421 3457 1
2421 7315 1
728 6455 1
728 1147 1
728 6863 1
728 2561 1
728 2995 1
728 2111 1
728 4904 1
728 1777 1
728 1995 1
2414 6714 1
2414 996 1
2414 26 1
2414 5413 1
3746 7996 1
5638 6525 1
5638 6189 1
5638 4569 1
5638 6115 1
5638 3534 1
4715 864 1
4715 6338 1
4715 3385 1
4715 7701 1
4715 6173 1
4715 4419 1
4715 6178 1
4715 2708 1
4715 6629 1
4715 3998 1
7629 3726 1
7629 3181 1
888 6217 1
1414 6797 1
5420 4561 1
6222 7363 1
6222 5649 1
4008 7552 1
4008 5810 1
4008 6322 1
4008 423 1
4008 1524 1
4008 4776 1
4008 2784 1
4008 7359 1
4008 2378 1
4008 1373 1
4008 592 1
4008 208 1
4008 3754 1
4008 2903 1
4008 4301 1
4008 5461 1
4008 1834 1
4008 6395 1
4708 2839 1
2393 7433 1
2393 4675 1
2393 2819 1
2393 6028 1
2393 7913 1
2393 4309 1
5691 868 1
4035 2474 1
6180 7388 1
6180 3576 1
1235 1672 1
1235 3912 1
1235 3383 1
467 1213 1
3550 1258 1
3550 7775 1
3550 6358 1
3550 6296 1
3550 5089 1
3269 8292 1
4760 7940 1
4760 5655 1
4760 5784 1
4760 3377 1
4760 5876 1
6609 2822 1
4115 3732 1
4115 5292 1
4115 3260 1
1879 443 1
1879 1126 1
5196 2062 1
5196 2972 1
5196 1329 1
6452 4265 1
6452 5008 1
6452 960 1
6452 6393 1
1508 8128 1
1508 4123 1
1508 5361 1
1508 3222 1
1508 5612 1
1508 3026 1
1508 5922 1
1508 1358 1
3319 2589 1
4567 7391 1
4567 3218 1
4567 3515 1
4567 7525 1
1052 2096 1
1336 4744 1
1336 3619 1
1336 1081 1
5684 3250 1
3563 5289 1
3563 2267 1
3563 7024 1
3563 5795 1
3563 2914 1
3563 2361 1
6736 6992 1
4399 1521 1
5737 7866 1
2107 3364 1
2990 836 1
2990 7207 1
5312 5390 1
8153 6652 1
8153 7965 1
8153 7134 1
8153 3960 1
8153 6514 1
8153 2433 1
4216 994 1
4216 1062 1
4216 5536 1
4216 1795 1
4216 1482 1
4216 3747 1
4216 768 1
4216 2504 1
4216 1977 1
4216 4030 1
4216 4227 1
4216 7344 1
7043 7219 1
7043 4580 1
7043 3438 1
7043 2036 1
7043 679 1
7043 1654 1
7043 680 1
7043 6774 1
1813 2404 1
1813 2533 1
1624 1637 1
3329 3389 1
3329 7340 1
3329 8178 1
4658 7476 1
5844 3818 1
1489 3043 1
139 7503 1
139 5959 1
139 1939 1
79 7758 1
79 7450 1
79 7287 1
79 6442 1
79 1116 1
1576 4009 1
1576 4899 1
1576 6780 1
1576 8281 1
1576 1199 1
1576 7050 1
1576 5555 1
1576 8276 1
1576 3242 1
1576 1817 1
1576 1923 1
7964 4518 1
7964 2235 1
7964 7079 1
7964 7465 1
7964 7444 1
7964 7378 1
7964 6340 1
7964 6841 1
2029 4707 1
2029 1367 1
2029 437 1
2029 8165 1
2029 2536 1
2029 72 1
2029 923 1
2029 7957 1
2029 6515 1
2029 3891 1
7795 2728 1
7795 389 1
7795 6919 1
7795 8028 1
7190 7362 1
7190 1424 1
7190 7517 1
7190 5996 1
1055 546 1
1055 73 1
1055 4560 1
1055 3449 1
1055 2782 1
1055 7725 1
1055 567 1
1055 5586 1
1055 6885 1
1055 5604 1
1055 902 1
4211 7998 1
4211 5118 1
4211 3526 1
3883 6731 1
8106 7526 1
8106 1781 1
8106 5434 1
8106 3151 1
8106 3682 1
8106 639 1
8106 6747 1
8106 6317 1
8106 1921 1
4949 2848 1
4949 159 1
4949 8233 1
4949 1264 1
4949 4933 1
4949 4508 1
4949 1346 1
4949 2177 1
295 5193 1
295 7535 1
295 8077 1
295 1154 1
301 3272 1
301 2969 1
301 6570 1
301 2968 1
301 6106 1
301 1038 1
301 4130 1
3510 3816 1
3510 3756 1
3510 7537 1
3510 4966 1
3510 4851 1
3510 3635 1
3510 2099 1
3510 4450 1
3510 1501 1
1098 3699 1
3547 4344 1
3578 2686 1
5562 1430 1
493 5579 1
493 807 1
493 3839 1
493 6550 1
493 115 1
5432 6269 1
7238 934 1
179 1064 1
179 4848 1
179 4832 1
179 5135 1
7099 3406 1
5077 3481 1
7090 6081 1
7090 317 1
7090 779 1
7090 7827 1
7090 6958 1
7090 3602 1
85 7572 1
85 4196 1
85 7089 1
4117 6765 1
3893 3836 1
3893 5804 1
762 765 1
762 2568 1
762 1492 1
762 4066 1
6939 6857 1
7603 2229 1
7603 3911 1
7603 5493 1
7603 4525 1
7603 4969 1
4786 4929 1
4786 472 1
4786 5445 1
4786 2078 1
4786 4059 1
4805 5424 1
7338 3016 1
6294 6464 1
980 6142 1
6006 2424 1
6006 3561 1
6006 686 1
6006 5348 1
6006 285 1
6006 895 1
4432 7197 1
4432 859 1
4432 1168 1
4432 1320 1
4432 1856 1
4432 6295 1
4432 5180 1
4432 3031 1
4432 1170 1
4432 5447 1
4432 7794 1
4432 5421 1
4432 1711 1
733 3819 1
733 6079 1
5524 3972 1
5524 3154 1
5524 1755 1
1486 4680 1
1486 7246 1
1486 1087 1
1486 4963 1
1486 8098 1
1486 5639 1
1486 4828 1
974 5078 1
5774 6761 1
5774 2932 1
5774 3603 1
5774 1814 1
5774 801 1
5774 8023 1
5774 3107 1
5774 2059 1
5774 6763 1
5774 1292 1
5774 6003 1
5774 6967 1
5774 7300 1
119 6176 1
119 6274 1
119 7860 1
119 1646 1
119 1636 1
119 5761 1
119 3339 1
119 467 1
119 2446 1
119 4567 1
119 2585 1
119 1063 1
826 1651 1
826 2032 1
826 6962 1
826 3813 1
826 2880 1
826 1442 1
826 3196 1
826 5240 1
826 341 1
826 5524 1
826 2151 1
826 6664 1
826 3711 1
3824 5891 1
3824 4437 1
3824 8097 1
7769 357 1
4164 1037 1
4164 730 1
4164 7434 1
4164 7539 1
4164 1078 1
4164 711 1
4164 1366 1
4164 7467 1
4164 7844 1
4164 540 1
4164 3221 1
4164 439 1
4164 910 1
4164 1571 1
4164 5470 1
4164 5107 1
6127 3436 1
6127 3965 1
6127 260 1
6127 1862 1
6127 7684 1
6127 1502 1
6127 1625 1
809 4986 1
809 1687 1
809 3368 1
809 1184 1
2610 6735 1
2610 6963 1
2610 2502 1
2610 7273 1
2724 4991 1
2724 57 1
2724 7713 1
2724 4393 1
2724 7907 1
2724 4451 1
5618 4098 1
5618 6110 1
5618 3704 1
5618 5999 1
5618 1008 1
5618 5160 1
2202 7464 1
2202 2402 1
2202 683 1
2202 962 1
754 8033 1
754 4401 1
754 5201 1
754 3163 1
754 2768 1
754 3440 1
5822 3677 1
7698 813 1
5507 5515 1
1164 8298 1
1164 1441 1
1164 2179 1
4295 106 1
4295 1702 1
4295 3795 1
4295 1105 1
4295 2952 1
4295 4812 1
5092 2612 1
5092 7774 1
7110 644 1
7110 4440 1
7110 7262 1
7110 8060 1
7110 1431 1
7110 1891 1
7110 570 1
7110 5459 1
7110 5336 1
7110 5740 1
7110 4547 1
7110 3128 1
7110 461 1
8218 43 1
8218 5405 1
7490 8091 1
7387 6591 1
1720 501 1
1720 4045 1
1720 7974 1
4022 6603 1
7533 5671 1
1644 6798 1
1644 7737 1
1644 2665 1
1644 7111 1
1644 3952 1
1644 1131 1
2991 7916 1
2301 6370 1
6675 8299 1
6675 276 1
4575 1400 1
4575 2220 1
4575 7835 1
4575 5332 1
4575 6260 1
4575 6573 1
4575 8231 1
4575 781 1
4575 70 1
4575 3003 1
4575 1603 1
4575 4959 1
4575 3464 1
4575 3687 1
4575 3316 1
4575 3547 1
4575 4503 1
4575 6982 1
4575 3004 1
4575 1136 1
1739 1792 1
1739 38 1
1739 7950 1
1739 698 1
5650 5620 1
7922 3160 1
2918 410 1
2918 1828 1
2918 8052 1
2918 2155 1
2918 6819 1
2918 2876 1
2918 432 1
2918 3822 1
8066 6036 1
8066 2008 1
8066 6753 1
8066 4983 1
8066 5512 1
8066 3270 1
8066 3112 1
8066 7937 1
8066 6595 1
8066 1620 1
7423 4171 1
7889 5286 1
147 3696 1
147 5244 1
147 4052 1
147 7697 1
147 171 1
147 1061 1
1731 7114 1
4249 268 1
4249 967 1
4249 6470 1
4249 5063 1
6662 6201 1
6662 701 1
5759 6460 1
4961 2817 1
4961 1614 1
4961 3009 1
4961 5360 1
4961 7987 1
4961 659 1
4961 1286 1
4961 6364 1
4961 3006 1
4961 1012 1
4961 7959 1
4961 2237 1
4961 1477 1
4961 1986 1
4961 4157 1
4961 3104 1
4961 551 1
4961 1456 1
4961 1084 1
4961 6478 1
4961 5283 1
4961 1039 1
4961 831 1
4961 3845 1
5348 4011 1
2558 1056 1
2558 4875 1
2558 7062 1
2558 587 1
2558 6339 1
2558 7590 1
2558 2990 1
2558 457 1
2558 4055 1
2558 6805 1
2558 5753 1
4391 7696 1
6737 4785 1
6737 3741 1
6737 6576 1
6737 1129 1
6737 5780 1
6737 2776 1
6737 1530 1
6737 6280 1
6737 4584 1
6737 2862 1
6737 5644 1
6737 4406 1
6737 5663 1
6737 6850 1
6737 7729 1
6737 6019 1
6737 5816 1
6737 75 1
6737 1590 1
6737 817 1
7382 2357 1
3410 7160 1
1975 3444 1
1975 6044 1
6664 1429 1
6664 10 1
6664 2427 1
6664 5202 1
6664 760 1
6664 6938 1
6664 4809 1
6664 5972 1
6664 7961 1
3422 8210 1
3422 5142 1
3422 5717 1
3422 4078 1
7074 5307 1
7074 2195 1
7074 605 1
7074 1769 1
7074 4202 1
7074 230 1
7074 3690 1
7074 3852 1
7074 645 1
7074 704 1
5958 6146 1
5958 1653 1
5958 5861 1
5958 6836 1
5958 4656 1
7376 1247 1
7168 7307 1
7168 2892 1
7168 509 1
7168 3010 1
7168 4441 1
7168 4458 1
7168 835 1
7168 1065 1
7272 7233 1
7862 1873 1
7862 462 1
7862 6020 1
7862 747 1
7862 5009 1
7862 3969 1
7862 2211 1
7862 885 1
7862 2628 1
7862 2928 1
7862 4453 1
7862 2623 1
7862 2760 1
7862 1875 1
7862 6485 1
7862 6926 1
7862 7770 1
7862 2108 1
7862 4372 1
7862 7902 1
7862 631 1
7862 7393 1
7862 6682 1
7862 5570 1
7862 7874 1
2585 1763 1
7107 2840 1
7315 3386 1
7315 1503 1
7315 2 1
6374 6602 1
7529 3748 1
7529 1783 1
3303 2471 1
3303 1730 1
3303 8068 1
3303 1948 1
3303 561 1
3303 2447 1
3303 2134 1
3303 8155 1
3303 7789 1
4923 3833 1
4923 3315 1
4923 1188 1
4923 5005 1
4923 5925 1
4923 903 1
4923 3618 1
4923 162 1
6333 4967 1
6333 481 1
6333 2150 1
6333 7918 1
6333 5601 1
6333 7831 1
6333 1641 1
6333 2584 1
6333 4356 1
2750 7247 1
2750 7901 1
2750 6101 1
2750 4579 1
2750 350 1
2750 878 1
2750 2815 1
2750 2626 1
2750 1513 1
1794 6564 1
3913 6518 1
3913 51 1
3913 4625 1
3913 2415 1
3913 2246 1
3913 6141 1
5427 517 1
5427 4048 1
5427 7991 1
5427 3177 1
5427 1957 1
8058 4867 1
8058 4678 1
8058 5012 1
8058 4106 1
8058 3651 1
8058 7954 1
8058 7308 1
8058 3846 1
8058 2445 1
8058 7772 1
8058 861 1
8058 5665 1
8058 7893 1
8058 255 1
8058 5064 1
8058 1177 1
8058 2328 1
8058 3051 1
8058 1069 1
8058 4252 1
3573 8239 1
3573 7861 1
3573 3266 1
5679 6453 1
1478 5353 1
1478 3730 1
7751 5198 1
7751 7479 1
7751 451 1
7751 7720 1
7751 3146 1
7751 7180 1
7751 1844 1
7751 5106 1
7751 4077 1
7751 7567 1
7751 5062 1
7751 5192 1
7751 5394 1
7751 471 1
7751 7336 1
7751 4919 1
7751 2311 1
7751 3879 1
1558 1382 1
1558 3725 1
2037 6120 1
2037 6498 1
2037 8168 1
2037 7824 1
2037 7285 1
7573 2142 1
8187 906 1
3799 7202 1
6624 1831 1
6624 6815 1
6624 3458 1
6624 2516 1
6624 5946 1
6624 7523 1
6624 7477 1
6624 3978 1
6624 4438 1
6624 5787 1
6624 4459 1
6624 8040 1
6624 3856 1
6624 5666 1
6624 3784 1
6624 5224 1
6624 5603 1
6624 7104 1
6624 3563 1
6624 3136 1
412 8124 1
412 82 1
412 1205 1
412 141 1
412 6446 1
412 2097 1
1815 3793 1
1815 6665 1
1815 3858 1
792 6586 1
148 4654 1
6000 2961 1
6000 7441 1
6000 8275 1
6000 3212 1
6000 7255 1
6000 6107 1
6000 4748 1
6000 7976 1
6000 5768 1
6000 6259 1
6000 6557 1
6000 2733 1
6000 4209 1
6000 2174 1
6000 5414 1
5323 65 1
5323 7975 1
5323 523 1
5323 3509 1
5323 3827 1
5323 7840 1
5323 2545 1
5323 298 1
5323 697 1
5323 3226 1
5323 5692 1
5323 1553 1
397 6858 1
397 4207 1
397 5455 1
397 3380 1
397 4582 1
397 6839 1
397 6383 1
397 1417 1
397 7217 1
5593 6123 1
5593 3662 1
5593 219 1
316 4944 1
316 2100 1
4089 5056 1
4089 6285 1
4089 8203 1
4089 684 1
4089 436 1
4089 1422 1
4089 985 1
4089 2227 1
4089 7728 1
4089 6152 1
4089 2219 1
4089 4294 1
4089 1222 1
4089 8133 1
4089 2771 1
4089 444 1
42 2490 1
3090 7297 1
3090 2092 1
3090 7723 1
3090 3955 1
3090 946 1
3090 3428 1
3090 6302 1
3090 1575 1
3090 2850 1
3090 4834 1
3090 1809 1
392 5057 1
392 2425 1
392 7459 1
6401 3569 1
6401 2537 1
6401 2663 1
6401 541 1
6401 5552 1
6401 2199 1
6401 2156 1
2869 1444 1
2869 963 1
2869 583 1
5570 3516 1
5570 7989 1
5570 5571 1
5767 795 1
5767 8050 1
5767 1691 1
8099 3025 1
530 1233 1
530 8201 1
1179 335 1
1179 4671 1
1179 5110 1
1179 6713 1
1179 4413 1
1179 606 1
1179 6078 1
1179 6304 1
1179 7574 1
1179 1725 1
1179 7073 1
1179 1015 1
1179 378 1
1179 7143 1
1179 1999 1
1179 825 1
1179 1688 1
1179 5633 1
1179 3298 1
1179 4067 1
1179 456 1
1179 2724 1
1179 7457 1
5256 3503 1
5256 2913 1
3133 7561 1
3133 2963 1
8227 4206 1
8227 3617 1
1945 172 1
1945 2960 1
1945 7642 1
1945 1443 1
1945 2061 1
1945 6333 1
3845 7123 1
3711 5243 1
3711 1650 1
7845 3971 1
7845 3888 1
8270 1289 1
8270 6596 1
8270 3194 1
8270 2491 1
8270 6623 1
6037 2194 1
6037 5769 1
4238 4702 1
4238 8117 1
4238 2870 1
4238 617 1
4238 1315 1
6783 7559 1
1674 2513 1
1674 7878 1
1674 954 1
1674 4690 1
1674 5931 1
1674 591 1
1674 2889 1
1674 6231 1
1674 3639 1
1674 6378 1
4273 6538 1
4273 8151 1
4273 4596 1
4273 1464 1
522 1262 1
522 2002 1
522 4384 1
522 8145 1
522 7627 1
522 313 1
522 1913 1
522 6360 1
522 6734 1
522 2597 1
522 7606 1
522 2350 1
522 3868 1
7843 6655 1
7843 5535 1
4964 1717 1
4964 4378 1
4964 7320 1
4964 5401 1
2826 2816 1
2826 2242 1
5880 1905 1
5880 3411 1
5880 3885 1
5880 4494 1
5880 1849 1
5880 6916 1
5880 4565 1
5880 7850 1
5880 3653 1
5880 5038 1
5880 4131 1
5880 8027 1
5880 5047 1
5880 1835 1
5880 1697 1
5837 1744 1
5837 2763 1
88 7482 1
88 4430 1
88 4358 1
88 1523 1
1619 7386 1
1619 5294 1
1619 6143 1
1619 5334 1
1619 6837 1
1619 320 1
1619 60 1
1619 8054 1
1619 3832 1
1619 4083 1
1619 1473 1
1619 1399 1
1619 4027 1
1619 1911 1
1619 6814 1
1619 5739 1
7634 6840 1
7634 5053 1
1852 2707 1
1852 2984 1
1852 1941 1
1852 235 1
1852 3645 1
1852 4740 1
1852 5735 1
1857 4046 1
192 3042 1
192 3034 1
192 4168 1
192 3916 1
192 4366 1
192 3656 1
192 7941 1
192 8127 1
192 1255 1
1080 7540 1
1080 1176 1
1080 2208 1
1080 882 1
1080 3396 1
1080 2853 1
1080 6906 1
1080 1516 1
1080 2772 1
1080 5112 1
1080 544 1
6945 7749 1
6945 207 1
6945 2031 1
6945 6612 1
6945 6835 1
6945 643 1
156 7761 1
156 7284 1
156 6195 1
156 4228 1
156 1132 1
6423 2858 1
6423 3750 1
3999 1013 1
3999 243 1
3999 1845 1
3999 4864 1
248 5027 1
6802 193 1
6802 3657 1
6802 463 1
6802 1850 1
5028 6932 1
2817 3854 1
6350 366 1
6350 6994 1
261 7722 1
261 1707 1
261 8286 1
2489 6282 1
2489 5145 1
1959 7057 1
4332 7736 1
5956 6208 1
5956 4374 1
5956 99 1
5956 5902 1
3757 2132 1
3757 1790 1
3757 2779 1
4678 1591 1
5272 5553 1
5272 858 1
7578 7823 1
7578 6704 1
5856 1223 1
5856 8174 1
5856 4410 1
3165 2970 1
4816 1426 1
4414 3341 1
4414 1710 1
1541 1600 1
1541 1057 1
7049 3161 1
7049 290 1
7049 1216 1
7049 4511 1
2307 5443 1
2307 3186 1
2307 4975 1
2725 1192 1
2725 1951 1
1529 7993 1
1529 727 1
7427 5653 1
7427 3611 1
7427 7599 1
7427 6844 1
7427 2480 1
7427 874 1
7427 282 1
7427 4311 1
7427 4552 1
7427 6529 1
7427 2358 1
7427 7702 1
6469 2791 1
6469 5488 1
6469 505 1
6469 7903 1
6469 2397 1
6469 1881 1
1987 4915 1
2938 4464 1
2938 7635 1
2938 7395 1
2492 918 1
3311 8102 1
4446 788 1
4446 5194 1
4446 212 1
4446 2618 1
3458 6728 1
2082 6534 1
2082 4643 1
7120 214 1
7120 777 1
7120 2436 1
7120 4310 1
6252 2798 1
3935 2117 1
3935 151 1
3935 5797 1
3935 623 1
2627 5411 1
3025 4474 1
5712 2450 1
5712 448 1
5712 5874 1
1816 7721 1
1816 3987 1
1816 1347 1
1816 4377 1
1400 2027 1
121 7786 1
644 576 1
644 8206 1
644 8266 1
644 2487 1
644 6205 1
5939 1894 1
5939 3765 1
5939 2403 1
5939 1031 1
5939 6013 1
5851 5126 1
2516 3443 1
3289 7072 1
564 7014 1
564 1058 1
564 5287 1
564 3493 1
564 6133 1
564 6551 1
564 7560 1
4638 2010 1
2063 4827 1
2063 50 1
2063 4545 1
2063 2556 1
7855 6138 1
7855 8157 1
4689 4232 1
4689 1843 1
4689 3914 1
4689 354 1
4578 14 1
4440 3400 1
5235 1890 1
5235 2856 1
5872 5754 1
5872 2909 1
6111 4489 1
6111 2255 1
6111 4431 1
6540 752 1
6540 6472 1
12 5617 1
12 1024 1
12 7229 1
12 4208 1
4072 1305 1
8272 8162 1
3850 2846 1
3850 2560 1
3850 199 1
3850 1727 1
3850 2642 1
3850 1099 1
5838 4773 1
5838 2582 1
5838 1253 1
7193 871 1
5911 525 1
6975 5329 1
2122 4103 1
2122 7509 1
5300 1611 1
5300 1562 1
5300 98 1
5300 7524 1
5300 6978 1
5300 5303 1
5300 5934 1
7262 3434 1
945 6247 1
2868 5714 1
4878 6100 1
4878 5775 1
4878 3454 1
4878 3700 1
4878 8078 1
4878 271 1
5442 6703 1
5442 3814 1
5442 2820 1
5442 4733 1
5442 919 1
5442 2043 1
5442 3924 1
5442 7449 1
5442 2687 1
5442 860 1
6713 3172 1
6713 6183 1
6713 2999 1
6713 2717 1
586 1331 1
4413 1595 1
925 5809 1
8123 2152 1
8123 4215 1
8123 3707 1
3457 2470 1
865 1178 1
865 2770 1
6356 7051 1
1656 1909 1
1656 1410 1
1656 5792 1
1656 233 1
1656 1679 1
1656 2090 1
6095 6424 1
3527 33 1
6221 7152 1
6221 6504 1
6221 2827 1
3359 7816 1
3359 2729 1
3359 5520 1
3359 4019 1
3359 1584 1
5799 2475 1
6539 4646 1
3530 4133 1
3530 3227 1
3530 2085 1
4551 4255 1
4551 709 1
4551 5698 1
4551 5888 1
4551 4282 1
2232 6501 1
2232 4718 1
2232 6268 1
2232 4128 1
2232 6181 1
2232 6243 1
2232 1931 1
2232 4758 1
6074 6847 1
3085 5416 1
3085 4965 1
3085 2675 1
3085 5352 1
3085 5443 1
3085 6905 1
3085 2191 1
3085 6989 1
7005 2999 1
4476 1916 1
4476 7200 1
5277 4097 1
5277 1097 1
5277 8104 1
5277 6869 1
5277 4312 1
5277 7807 1
5277 3027 1
5277 5428 1
2550 4424 1
484 7454 1
2220 6249 1
7685 3345 1
7570 1917 1
7570 4353 1
2668 3721 1
2871 7904 1
6219 3467 1
6219 2448 1
8230 4278 1
8230 385 1
6913 5785 1
6913 416 1
6913 2837 1
6913 6505 1
6913 6597 1
7037 5186 1
7037 2250 1
7037 8217 1
7037 7872 1
7037 1082 1
7037 4886 1
7037 6790 1
2966 7811 1
2966 2712 1
2966 8149 1
2966 7852 1
7856 3230 1
7856 1655 1
805 281 1
805 4479 1
805 2330 1
805 8211 1
805 7154 1
805 3470 1
805 7237 1
805 2925 1
805 1786 1
805 22 1
805 7324 1
805 7790 1
553 7352 1
4680 7637 1
4680 3314 1
7781 28 1
7781 7886 1
6274 2939 1
6016 3862 1
6078 1371 1
6078 3901 1
6078 6574 1
6078 713 1
3950 2225 1
1784 2685 1
2161 4673 1
2161 5388 1
2161 5214 1
2161 1327 1
2161 7132 1
2161 292 1
2161 3445 1
2161 7892 1
2161 5636 1
4546 7415 1
4546 3745 1
56 6277 1
56 5172 1
56 6073 1
7333 2483 1
4042 2519 1
4042 7746 1
4042 5104 1
4042 4617 1
4042 4826 1
4042 5794 1
3685 3672 1
3743 5295 1
3743 5067 1
3743 2793 1
6040 7908 1
6040 4167 1
6040 7022 1
6040 6997 1
6040 8074 1
6040 3201 1
6088 1469 1
6088 2226 1
6088 7177 1
4379 293 1
6014 5035 1
1316 7040 1
1316 999 1
1316 4611 1
6708 1041 1
6708 5905 1
177 5476 1
5518 6925 1
5518 3776 1
5518 4630 1
5518 1493 1
5367 636 1
5367 7658 1
5367 294 1
2696 1435 1
2696 897 1
2696 2672 1
2696 3942 1
2696 8 1
2696 8177 1
2696 1801 1
2696 6653 1
2928 6275 1
172 3821 1
1537 2983 1
1537 3513 1
1537 1520 1
1537 1461 1
1537 5011 1
1537 4498 1
1537 3727 1
1537 4695 1
1537 2632 1
1537 7208 1
1537 3231 1
7358 4423 1
6582 972 1
4601 2834 1
7280 4685 1
7280 5101 1
1357 914 1
1357 7011 1
6931 3060 1
6931 4978 1
1158 4576 1
1158 7496 1
1158 3787 1
8297 3552 1
7755 3899 1
7755 2948 1
3640 8287 1
3640 590 1
6422 1992 1
4528 666 1
4528 5478 1
4528 2719 1
4528 5026 1
4528 4471 1
4528 6474 1
4528 4586 1
4528 3572 1
4528 7031 1
4528 6897 1
4528 6210 1
4528 2745 1
4528 5664 1
4528 5910 1
7424 7108 1
1891 7785 1
252 2809 1
482 5669 1
3539 319 1
3991 5326 1
3991 6955 1
5611 7281 1
3482 6249 1
2997 3744 1
2997 8013 1
2583 2823 1
2583 3484 1
2960 847 1
4044 8244 1
4044 8082 1
1725 2600 1
1877 4223 1
4797 708 1
4797 854 1
7073 1251 1
7073 935 1
7073 6306 1
297 5745 1
1030 2114 1
5343 5576 1
3968 1392 1
7156 4505 1
7156 4641 1
2324 6429 1
2324 2842 1
2324 6966 1
4275 1846 1
4895 1772 1
4340 4572 1
4213 8029 1
6602 4342 1
6468 6320 1
6468 6565 1
4623 418 1
4610 4721 1
2773 5908 1
2773 758 1
6800 4774 1
6800 6318 1
6800 7436 1
6800 3583 1
6800 3367 1
4693 1462 1
4693 7053 1
4693 2509 1
4693 4640 1
4693 131 1
4693 7475 1
5234 6486 1
5234 7408 1
1247 1044 1
2565 7601 1
2565 4313 1
2565 537 1
2565 1732 1
2565 6677 1
2565 6168 1
2565 7054 1
2565 5181 1
2565 1943 1
6874 2829 1
4241 1779 1
4241 1765 1
4241 3925 1
4241 1036 1
3198 4999 1
6439 3544 1
6439 2407 1
6439 7343 1
1442 4976 1
6044 1758 1
3497 2337 1
3497 2323 1
3856 2654 1
6519 278 1
1388 5322 1
1388 2812 1
1388 4660 1
1388 181 1
1388 5168 1
1388 2233 1
1388 2758 1
1388 7580 1
1388 531 1
1388 7310 1
1388 5941 1
1388 6292 1
1388 3343 1
1388 8166 1
1388 2901 1
3045 1640 1
2947 4713 1
2947 126 1
2947 6590 1
2947 8041 1
2947 221 1
2947 5547 1
2947 6068 1
2947 8057 1
2947 6077 1
2947 7731 1
2947 4871 1
4118 6739 1
386 3363 1
6510 1088 1
6510 1297 1
6510 1517 1
6510 6086 1
6510 1302 1
6510 4247 1
6510 344 1
4768 1013 1
4768 3058 1
8202 6929 1
3265 6047 1
1737 2861 1
1865 127 1
1865 5540 1
1865 1623 1
7670 7577 1
7670 7249 1
7670 6660 1
1491 2314 1
1015 2877 1
1015 6663 1
5405 2141 1
5405 458 1
7622 1380 1
7622 7587 1
7622 4101 1
7622 6901 1
7622 598 1
7622 2077 1
7622 7396 1
7622 6007 1
3509 6257 1
8043 2911 1
685 6781 1
5666 2026 1
5666 6851 1
5666 7935 1
5666 4825 1
5666 1727 1
2637 4383 1
3214 6611 1
3214 206 1
3214 6386 1
6031 4902 1
6031 6307 1
6031 8185 1
6031 4960 1
861 4220 1
861 1332 1
2395 2553 1
2395 6859 1
7924 607 1
7924 975 1
7678 7908 1
7678 3496 1
7678 7466 1
7678 1439 1
7798 5485 1
6852 2823 1
6852 3001 1
6852 3905 1
6852 4990 1
6852 4789 1
1040 1964 1
5381 1278 1
3674 5519 1
1169 4602 1
550 287 1
550 7549 1
550 5657 1
550 78 1
550 405 1
550 3974 1
7977 7885 1
7977 5624 1
7977 4660 1
371 46 1
371 1887 1
371 3048 1
3666 2530 1
7754 2455 1
855 334 1
855 6535 1
7456 6098 1
7456 4 1
7456 5306 1
7456 5130 1
7456 4705 1
1364 6775 1
1364 2049 1
6173 5522 1
6173 6940 1
7244 3300 1
769 6838 1
7211 5229 1
4007 5431 1
4419 2339 1
4419 6697 1
4844 6806 1
3292 2340 1
3292 5326 1
3292 2655 1
3292 1819 1
3292 1627 1
3292 110 1
7711 3134 1
7430 2500 1
7430 3240 1
7372 5847 1
7164 6777 1
7164 1180 1
7164 1353 1
3828 2694 1
6773 5521 1
2619 2635 1
2845 4799 1
2845 5869 1
1209 2468 1
52 5044 1
6811 4276 1
6811 3035 1
6811 5273 1
6811 2394 1
6811 703 1
1028 2721 1
1028 905 1
1028 8018 1
1028 2638 1
1028 661 1
1028 5964 1
1028 5640 1
1028 7619 1
1028 6795 1
1028 5132 1
1028 3324 1
1028 5274 1
1028 3624 1
5398 5036 1
5398 3328 1
5398 7750 1
5398 63 1
5398 5723 1
5398 5371 1
5398 2748 1
5336 2693 1
7385 3264 1
5609 4714 1
5609 5848 1
5609 5075 1
1999 7828 1
1999 7260 1
1999 1139 1
1999 7411 1
5735 6052 1
5735 3907 1
588 6930 1
825 6933 1
7365 5453 1
7365 7730 1
988 322 1
988 7756 1
988 3301 1
3687 8005 1
3687 489 1
3687 2363 1
3687 5299 1
3687 6330 1
3687 5729 1
3687 7887 1
3185 5628 1
3171 778 1
5834 1562 1
5834 8267 1
3649 2595 1
3649 3038 1
3649 6108 1
3649 3923 1
3649 5781 1
3649 4529 1
5740 3366 1
4237 732 1
4237 3 1
4237 3064 1
4237 7865 1
4237 4655 1
4237 4613 1
4237 2137 1
4237 2410 1
4300 7778 1
4904 270 1
1301 1106 1
1301 3355 1
1301 5081 1
1301 938 1
1301 2139 1
1301 6785 1
1301 4231 1
1301 593 1
8032 2209 1
8032 8081 1
7847 6522 1
7847 3313 1
7847 8161 1
7847 5589 1
468 7218 1
468 1123 1
468 7513 1
7595 4865 1
7595 4427 1
3263 8296 1
3263 314 1
940 5862 1
5762 5877 1
6409 710 1
641 2562 1
641 8219 1
641 8140 1
469 6102 1
469 6881 1
7912 1225 1
7912 3183 1
2067 6661 1
7690 1593 1
7690 1766 1
7690 4256 1
7690 427 1
7690 3951 1
7690 122 1
1328 1866 1
1328 6558 1
1328 1045 1
1874 5254 1
6132 3771 1
6132 6390 1
6132 6184 1
4376 3917 1
414 5128 1
2356 396 1
2356 3219 1
4884 2128 1
4884 1648 1
4884 717 1
4884 2467 1
6556 1926 1
6556 696 1
7799 2434 1
7799 4147 1
7799 2481 1
4279 3179 1
4279 3084 1
4279 8223 1
4279 498 1
4279 5730 1
5504 1611 1
5504 4142 1
5504 7239 1
5504 1307 1
8053 2813 1
8053 3810 1
1709 892 1
1709 7488 1
1709 2974 1
7402 1969 1
7402 2484 1
8069 681 1
8069 2973 1
8069 1202 1
8069 528 1
8143 6718 1
8143 4604 1
6459 3967 1
4346 4125 1
4346 915 1
4346 1243 1
4346 7437 1
4346 1552 1
4346 2746 1
5840 3204 1
5840 374 1
5840 791 1
5840 1904 1
5840 1889 1
5973 4993 1
4987 2906 1
7336 4502 1
1551 6064 1
1551 6254 1
1551 6287 1
1551 4288 1
1551 5543 1
1551 5448 1
1551 8262 1
1551 3500 1
1551 4856 1
1551 3199 1
1551 7335 1
4588 4156 1
7192 3637 1
2710 368 1
2710 4860 1
2710 6816 1
6860 3234 1
7651 7076 1
4763 978 1
7960 6402 1
7960 1309 1
728 3665 1
4715 2548 1
4715 5578 1
4715 2514 1
6488 4945 1
3550 5255 1
507 595 1
507 2711 1
4760 108 1
1508 3843 1
1336 1359 1
1336 1967 1
1336 3692 1
5312 2722 1
4216 1509 1
4216 5197 1
4216 6553 1
4216 6145 1
3329 29 1
139 4435 1
1576 3281 1
7964 424 1
7964 6755 1
7964 5721 1
2029 877 1
2029 6263 1
4211 7515 1
4211 473 1
8106 1465 1
8106 3011 1
8106 4720 1
8106 362 1
4949 3751 1
4949 347 1
301 5831 1
301 1042 1
1098 2810 1
493 5449 1
6294 7282 1
6294 7641 1
6294 7787 1
6006 3395 1
5524 6327 1
1486 2832 1
1486 3835 1
1486 3613 1
1486 7226 1
119 7113 1
4164 1271 1
4164 3421 1
4164 1634 1
4164 2292 1
4164 2144 1
6127 6039 1
2724 7994 1
2724 5842 1
2202 3061 1
754 4302 1
754 3331 1
4692 1920 1
7110 4205 1
7110 7283 1
7110 862 1
7110 450 1
7110 1471 1
7387 7316 1
1644 6158 1
4575 899 1
4575 5173 1
4575 8063 1
8066 812 1
4961 5399 1
4961 1949 1
4961 245 1
4961 7048 1
4961 4473 1
4961 200 1
2558 6743 1
2558 8130 1
3842 981 1
3842 7534 1
3422 5724 1
3422 997 1
7074 4605 1
7074 687 1
7074 1383 1
7862 66 1
7862 5841 1
7862 1632 1
7862 616 1
7862 3351 1
7862 2462 1
7862 3786 1
7862 4375 1
7862 8062 1
7315 5513 1
6333 8232 1
2750 5145 1
1566 3504 1
8058 2261 1
8058 361 1
8058 4947 1
8058 4594 1
8058 3652 1
7751 7491 1
7751 3535 1
7751 6255 1
7751 1839 1
7751 5276 1
7751 466 1
7751 5140 1
7751 1673 1
1558 7290 1
6624 6791 1
6624 2081 1
412 1071 1
412 6072 1
412 7803 1
412 5465 1
490 5701 1
5323 2055 1
397 6688 1
316 3675 1
3090 6667 1
3090 5588 1
3090 3148 1
486 4486 1
486 6630 1
6401 1466 1
6401 5116 1
6401 8264 1
1179 369 1
1179 538 1
1179 3551 1
1179 2443 1
1179 5626 1
1179 629 1
1179 2703 1
1179 7329 1
1179 3663 1
1179 979 1
1179 4280 1
5256 2005 1
3133 2140 1
7845 6 1
6037 7142 1
1674 1418 1
522 7543 1
5880 5199 1
5880 1119 1
5880 5368 1
1619 101 1
192 8273 1
192 7155 1
1021 7091 1
5572 2781 1
7075 6647 1
2396 8258 1
488 4649 1
1133 6802 1
5169 7365 1
8001 577 1
4138 84 1
5227 6786 1
5227 5087 1
373 3861 1
7044 7156 1
7044 5676 1
2647 5817 1
2570 5153 1
3724 4031 1
3433 5854 1
5985 3071 1
3892 6469 1
4514 5004 1
1895 1965 1
36 6493 1
3116 2182 1
4243 1682 1
6023 3045 1
4281 1298 1
5402 1215 1
440 1448 1
2962 1764 1
1578 5219 1
3252 3248 1
3632 2994 1
1026 8181 1
7783 3797 1
1667 4055 1
5290 7489 1
2879 5712 1
5700 493 1
2172 988 1
6462 4091 1
4394 7563 1
6598 3802 1
128 6082 1
4532 939 1
4532 1470 1
529 6556 1
5979 1602 1
3979 564 1
1076 409 1
2352 217 1
2352 2379 1
465 3113 1
7248 7832 1
7248 8192 1
856 674 1
3419 7012 1
5250 3418 1
2252 4286 1
7818 5998 1
7818 4500 1
7908 102 1
1863 4970 1
1902 370 1
5187 7656 1
5122 8141 1
3483 1171 1
3483 6437 1
6211 2931 1
7225 4395 1
7225 3369 1
7225 1337 1
4870 3855 1
5105 7333 1
5105 3282 1
2921 4044 1
4149 1708 1
4149 7389 1
851 611 1
7069 7164 1
563 4012 1
1798 3131 1
2230 1496 1
277 5556 1
277 4213 1
348 2987 1
5733 263 1
1280 5957 1
6637 1871 1
2157 1185 1
2157 6389 1
7007 3254 1
4952 7495 1
3474 3473 1
7150 4953 1
7649 1551 1
7649 2202 1
1696 1888 1
8002 6644 1
1997 5234 1
3556 4030 1
7910 3506 1
363 1023 1
3086 20 1
2257 665 1
7674 7430 1
3166 7895 1
2203 5136 1
6475 4664 1
2392 1994 1
5913 4534 1
3102 461 1
4181 8297 1
3943 4948 1
2466 2161 1
1475 7211 1
3037 2489 1
3037 5491 1
3037 8043 1
7138 6941 1
3414 7360 1
1538 3089 1
5568 4337 1
7505 2082 1
7505 1405 1
1341 7953 1
1341 4216 1
5677 1784 1
2580 5872 1
8261 5872 1
3910 7424 1
3910 2869 1
5632 1723 1
4522 2964 1
4522 2943 1
4522 3302 1
970 16 1
6404 8251 1
222 5834 1
296 6350 1
1387 7856 1
4624 2598 1
1287 2598 1
130 2598 1
1453 8120 1
23 8032 1
23 6401 1
1167 3106 1
1325 1855 1
7033 5347 1
7033 2153 1
1700 6196 1
1700 4482 1
5375 3840 1
6265 5308 1
5487 3941 1
2510 6076 1
725 1344 1
5217 1762 1
5217 2130 1
5613 8004 1
2691 4484 1
7747 1272 1
7967 7293 1
7767 3906 1
7767 5618 1
998 937 1
6764 7578 1
6764 4766 1
6764 4689 1
6764 6314 1
6764 3976 1
6764 6128 1
6764 3828 1
7356 7193 1
4018 6874 1
1953 6874 1
4661 2637 1
2692 1608 1
2376 2845 1
2376 3614 1
7163 3649 1
7094 2278 1
3734 765 1
1803 6256 1
1451 6830 1
4050 1638 1
4050 2629 1
6694 2817 1
6694 6666 1
6694 551 1
8305 7295 1
8305 1104 1
3785 3338 1
8293 4096 1
8302 2166 1
195 6040 1
195 578 1
763 1968 1
5791 386 1
3202 3685 1
5933 4553 1
7813 4879 1
1633 5939 1
369 6207 1
3378 3940 1
707 5323 1
499 4198 1
3342 7776 1
2520 393 1
5204 4997 1
434 5630 1
2518 6014 1
1713 1536 1
4153 5235 1
4153 6540 1
4153 68 1
4153 5606 1
4153 95 1
816 2356 1
2893 799 1
4754 3404 1
2348 5427 1
4492 1304 1
6960 5551 1
5537 1617 1
1356 4536 1
2004 121 1
4360 917 1
3919 1266 1
1495 8258 1
3126 228 1
634 5463 1
634 7376 1
1592 5554 1
3830 74 1
1868 1816 1
782 7338 1
7212 2660 1
7898 5662 1
283 5489 1
3144 3799 1
7263 4884 1
1506 6773 1
4946 7353 1
1774 8123 1
1774 1577 1
5382 2652 1
8092 8289 1
1348 4538 1
6223 1020 1
5182 47 1
5960 2301 1
772 7821 1
772 266 1
4111 1364 1
6342 7751 1
5688 6488 1
5688 325 1
3829 5051 1
349 4165 1
873 1576 1
5015 865 1
4109 2541 1
4087 6931 1
4663 4455 1
6506 685 1
2488 8270 1
1734 6937 1
1140 2967 1
7045 2332 1
2047 3124 1
1077 6294 1
7648 2344 1
5034 7303 1
352 7456 1
3808 5526 1
2451 7922 1
7016 4549 1
6149 514 1
1275 6513 1
406 4348 1
7148 4348 1
7973 8025 1
4239 5398 1
3142 5751 1
7714 7451 1
4070 757 1
7768 7494 1
5634 4519 1
2553 3098 1
4676 1148 1
8042 6834 1
6415 3188 1
5867 2406 1
5867 7977 1
7317 2231 1
7553 7622 1
5068 2923 1
7914 3604 1
5333 573 1
3318 1261 1
3472 834 1
3472 6011 1
6004 559 1
1393 5100 1
3728 7533 1
5971 5732 1
8055 8246 1
4191 691 1
6749 8069 1
7804 3609 1
2605 2634 1
183 5923 1
6114 2053 1
6114 7373 1
1585 3991 1
6490 6588 1
3758 4345 1
7666 7355 1
1500 1316 1
1886 3992 1
86 4244 1
6408 1681 1
6198 750 1
4746 7427 1
8253 7499 1
8253 1664 1
7986 7817 1
7986 2316 1
5370 274 1
5042 8051 1
5042 6147 1
2285 3950 1
7301 958 1
2716 6191 1
5594 6347 1
8070 1587 1
6604 6160 1
1928 7271 1
3803 586 1
2702 6127 1
4365 7446 1
6615 6981 1
2567 615 1
695 6632 1
695 4296 1
3044 2614 1
120 7851 1
7675 9 1
380 889 1
5385 4127 1
6769 201 1
5899 3216 1
5152 215 1
656 6031 1
4122 3325 1
116 6427 1
6809 4386 1
7085 7403 1
6656 7403 1
7493 2164 1
5049 4527 1
7593 7043 1
712 2696 1
6668 2492 1
6502 7634 1
4918 5793 1
3769 1030 1
8160 2971 1
3755 258 1
3755 6085 1
3755 1048 1
2048 5225 1
4957 2653 1
4957 5896 1
6035 7032 1
6035 8053 1
6979 7964 1
7166 6719 1
7166 3525 1
7594 7518 1
1121 1658 1
4722 4995 1
7413 4330 1
3553 5176 1
3553 4300 1
8095 6065 1
4570 1025 1
5403 3165 1
3760 6088 1
3095 4472 1
6634 6516 1
8084 3085 1
8084 6369 1
6461 165 1
1452 6566 1
1452 5277 1
2616 8204 1
4234 7257 1
4234 3621 1
7839 1899 1
3091 1321 1
1780 7049 1
3620 3431 1
3620 550 1
2115 5238 1
312 1075 1
312 6439 1
6148 4595 1
1242 2022 1
4429 3353 1
2335 3659 1
2310 826 1
7562 5236 1
6144 1807 1
304 1231 1
5699 2884 1
7842 7838 1
2355 7065 1
1293 5693 1
2977 5859 1
3921 6872 1
6075 7871 1
6902 3499 1
6923 2709 1
4251 2086 1
4201 7292 1
3184 7685 1
802 4550 1
7744 7715 1
6344 2437 1
4806 4906 1
495 5300 1
3896 2565 1
5965 8271 1
2949 3115 1
5782 4295 1
69 387 1
8188 5245 1
45 4626 1
4898 4160 1
4898 507 1
4898 1486 1
1279 6281 1
3844 5386 1
7598 844 1
4064 5777 1
5127 4877 1
3988 714 1
4054 6903 1
2955 4279 1
6689 1674 1
8009 3132 1
5206 6457 1
8283 5033 1
4634 3299 1
7665 1529 1
492 3422 1
4509 3422 1
5802 6607 1
5661 5508 1
6813 3249 1
6431 2830 1
112 7864 1
3054 3139 1
2683 2529 1
2453 7243 1
3558 264 1
7213 7847 1
2534 6531 1
7819 1514 1
682 5557 1
1660 1544 1
1660 5983 1
7209 956 1
2104 6267 1
2110 3684 1
1334 1016 1
7118 2725 1
1935 5144 1
8046 5429 1
4837 2349 1
4308 6422 1
1440 5005 1
2217 2364 1
5783 1361 1
4887 1518 1
1079 1976 1
1294 8169 1
1294 6846 1
2538 7313 1
6646 3522 1
6646 7122 1
4057 8300 1
800 7332 1
5643 7254 1
6403 4711 1
1175 829 1
2030 6975 1
706 6055 1
15 7944 1
7596 3171 1
7759 4258 1
2304 6972 1
532 2122 1
3749 3263 1
5597 4846 1
6417 4866 1
3274 1006 1
18 8047 1
8164 4961 1
2176 4951 1
2239 4491 1
572 59 1
3693 103 1
1825 2621 1
6600 7500 1
6720 4839 1
2193 6497 1
1936 8112 1
4150 3439 1
3391 4382 1
1821 3296 1
1407 6016 1
1560 555 1
1095 5774 1
1375 1742 1
2273 1425 1
5510 1704 1
3020 5446 1
4932 4177 1
6262 12 1
7029 12 1
819 12 1
8207 3527 1
4954 3762 1
1303 7387 1
2723 1528 1
3155 4510 1
635 5387 1
2795 4069 1
3053 7066 1
3403 1295 1
3616 4120 1
7547 6066 1
6778 1789 1
3546 3968 1
5179 7762 1
5179 1480 1
6733 2017 1
6635 1559 1
3333 1310 1
6288 4709 1
1183 2072 1
5242 4060 1
6533 1389 1
5298 6361 1
2120 7110 1
6406 721 1
6620 4770 1
4175 6341 1
3259 4241 1
8011 4528 1
3210 3562 1
1485 4408 1
4422 8274 1
4872 3999 1
417 5966 1
6174 4797 1
1291 4421 1
4029 6811 1
533 8071 1
6766 8071 1
1900 1301 1
8215 1959 1
7481 4291 1
5668 5609 1
612 3757 1
968 7990 1
1876 1606 1
1998 5369 1
5660 1336 1
5505 5827 1
4905 6353 1
2705 7595 1
3286 4763 1
7326 4588 1
2933 1537 1
2933 8163 1
2802 6219 1
5071 861 1
6233 6801 1
7952 2679 1
4935 5935 1
3055 3185 1
3900 6995 1
4873 280 1
6447 7869 1
3636 8106 1
5159 3530 1
3559 1647 1
2659 6679 1
5281 2438 1
6822 119 1
4254 2841 1
4139 251 1
1609 8049 1
527 1402 1
907 2414 1
987 558 1
7982 4387 1
3326 4677 1
5596 689 1
5829 506 1
3056 7754 1
6870 7754 1
6767 7754 1
4737 7754 1
6240 6129 1
4000 4446 1
6303 7585 1
6175 4013 1
5161 3640 1
5997 2864 1
3869 2750 1
3679 667 1
7686 2021 1
7686 5055 1
4513 5120 1
7735 4689 1
848 4689 1
7631 4373 1
4742 234 1
3890 1314 1
5422 2243 1
7921 3539 1
6695 3654 1
7511 6543 1
5327 6507 1
5327 2035 1
2811 3874 1
7455 7678 1
2496 670 1
5097 1582 1
596 52 1
1195 1008 1
182 8103 1
6465 1090 1
5716 4346 1
3258 5213 1
6188 7402 1
7605 4575 1
7894 2603 1
6375 56 1
4269 7655 1
6449 3643 1
6491 3329 1
3673 2697 1
2149 1725 1
3441 597 1
7404 5089 1
6479 5089 1
3224 7912 1
4781 641 1
646 7235 1
7462 6624 1
4355 3292 1
7400 6074 1
5380 5490 1
8236 4104 1
303 3722 1
6407 6527 1
4622 2210 1
7554 4237 1
4759 805 1
7082 1158 1
2283 6187 1
6792 1404 1
4439 4100 1
7692 5324 1
7660 7521 1
3770 1218 1
3087 4922 1
638 3310 1
1979 7755 1
1692 6218 1
5741 5442 1
5003 326 1
1318 976 1
4466 7924 1
7422 1541 1
3580 5752 1
6942 2938 1
1499 5354 1
3320 229 1
2741 4504 1
2508 1349 1
4984 883 1
3244 2307 1
