8484 2367 1
8484 8248 1
2375 6125 1
2375 7879 1
2375 6014 1
2375 8991 1
2375 4909 1
2375 1013 1
2375 7202 1
5846 5478 1
8345 6051 1
8345 5665 1
8345 5973 1
6410 5915 1
2871 1280 1
9181 2423 1
6500 3357 1
6500 4441 1
6500 9173 1
6500 9526 1
6500 4069 1
6500 933 1
6500 3307 1
6500 557 1
6500 8914 1
6500 5539 1
6500 3168 1
7819 9006 1
7819 7707 1
7819 6974 1
7192 5471 1
7192 8506 1
9105 2389 1
3703 4266 1
9209 1406 1
2248 3803 1
2323 4884 1
7756 4775 1
1100 7209 1
7019 3895 1
7936 3873 1
7853 6182 1
2892 608 1
2892 524 1
2892 8688 1
2892 1357 1
2892 3471 1
2892 6989 1
2892 1413 1
2892 3611 1
2892 3187 1
2892 5599 1
2892 330 1
2892 4634 1
2892 6110 1
2892 8385 1
2892 1112 1
2892 1914 1
2892 272 1
2892 5117 1
2892 7990 1
2892 1508 1
3079 4480 1
3079 8374 1
3079 5328 1
3500 4084 1
3410 4799 1
3410 2936 1
2952 3239 1
7221 6230 1
7221 5019 1
4956 4858 1
4956 5568 1
4956 9519 1
4956 4165 1
4956 4127 1
4956 6873 1
4956 8885 1
4956 1741 1
4956 113 1
8573 9388 1
8509 8073 1
8509 481 1
4018 8703 1
969 5014 1
969 5189 1
969 1950 1
969 2080 1
969 2058 1
969 2976 1
5140 8522 1
6056 8487 1
8523 53 1
8523 7947 1
5021 1072 1
5021 4999 1
5021 7132 1
5021 1337 1
5021 9241 1
4225 3773 1
175 8920 1
175 3941 1
175 273 1
175 5640 1
175 4287 1
175 2163 1
175 5326 1
175 4827 1
175 6758 1
175 6997 1
175 410 1
175 7210 1
5815 4318 1
9419 2922 1
9419 8328 1
9419 1172 1
9419 7287 1
9419 26 1
9419 809 1
9419 6103 1
9419 3220 1
9419 1947 1
9419 2408 1
9419 6658 1
9419 1381 1
9419 6209 1
9419 2506 1
9419 7459 1
1736 408 1
1736 8876 1
1736 6629 1
3675 3731 1
7582 4077 1
6349 1437 1
6349 5043 1
6349 1501 1
6349 2889 1
6349 5577 1
6349 2948 1
4632 90 1
3975 9464 1
282 3431 1
6913 3170 1
4076 3946 1
4076 2160 1
4076 6390 1
4076 7067 1
4076 6546 1
1069 662 1
1069 513 1
1069 8045 1
1069 2996 1
1069 2447 1
2107 8780 1
2107 880 1
2107 8678 1
2927 3813 1
2927 1588 1
2580 8948 1
2580 8102 1
2580 7709 1
2580 459 1
2580 1108 1
2580 2053 1
2580 1128 1
2580 311 1
1336 297 1
2382 6750 1
3054 3429 1
6290 9070 1
6026 4347 1
4771 9467 1
5115 2878 1
5115 3199 1
5115 6568 1
5115 7308 1
5115 4522 1
5231 1249 1
3333 3014 1
1285 2317 1
3819 1890 1
1568 7327 1
1568 7854 1
1568 5693 1
1568 2377 1
1568 6333 1
1568 4220 1
1568 4527 1
1568 6688 1
1568 7690 1
1568 1474 1
1568 1901 1
6355 93 1
9158 580 1
9507 3755 1
6710 4307 1
6710 6791 1
6710 9508 1
6710 2033 1
9160 6691 1
6469 8569 1
968 2260 1
3964 115 1
701 9546 1
629 3797 1
629 1817 1
790 3193 1
790 2018 1
790 3697 1
790 9216 1
790 1683 1
790 1160 1
790 3629 1
790 8051 1
790 1917 1
790 8757 1
790 5852 1
790 6045 1
790 5383 1
790 2783 1
790 789 1
790 5171 1
790 2544 1
790 8112 1
790 7931 1
790 4154 1
790 3252 1
790 5946 1
790 8536 1
790 2119 1
790 3966 1
790 2520 1
790 1905 1
8504 633 1
8504 8553 1
8504 5325 1
8504 5905 1
8504 5737 1
8630 5457 1
2029 2643 1
626 4716 1
626 4080 1
9200 4677 1
5562 5621 1
2228 4755 1
662 585 1
8795 7548 1
4917 4112 1
2776 252 1
5528 4357 1
8704 5148 1
7172 1163 1
1600 9256 1
9213 6975 1
9213 6834 1
5907 5611 1
8388 866 1
8388 6637 1
8388 9489 1
8388 5186 1
8388 2827 1
8388 3840 1
8388 714 1
8388 1412 1
8388 2011 1
8388 3808 1
8388 7534 1
1000 3768 1
9048 3594 1
9048 390 1
2735 7941 1
7623 2629 1
5993 6535 1
5993 7455 1
3685 7142 1
3685 8308 1
3685 2177 1
3685 3671 1
8060 8851 1
8060 137 1
8060 5990 1
8060 2193 1
8060 6853 1
8060 8650 1
8060 6789 1
8060 5555 1
8060 3215 1
8060 3838 1
8060 5003 1
8060 8962 1
1079 7797 1
195 8100 1
195 2669 1
195 2522 1
7383 5098 1
4754 2691 1
6339 2456 1
6339 6023 1
6339 2502 1
6339 1725 1
6339 9444 1
6339 1547 1
6339 3278 1
7758 4349 1
7758 563 1
7758 7325 1
7758 7259 1
8250 9146 1
8250 2435 1
8250 2621 1
8250 7041 1
8250 1290 1
8250 2555 1
8250 7622 1
8250 7467 1
8250 6749 1
5086 8826 1
5086 3743 1
5086 2842 1
8067 2849 1
635 719 1
635 9686 1
635 622 1
635 27 1
1075 1353 1
6384 2028 1
6384 1785 1
9165 6872 1
7258 4880 1
9279 1282 1
3186 3407 1
3186 6118 1
3186 3276 1
3186 4559 1
3186 6815 1
3186 8642 1
2320 3306 1
6563 8419 1
2368 4658 1
2368 2890 1
4008 6440 1
4008 1757 1
4008 8402 1
491 6529 1
491 6582 1
2332 6199 1
8720 7209 1
5516 6593 1
5516 5422 1
8788 306 1
7359 2116 1
1047 7406 1
1047 1836 1
1047 7306 1
1047 5800 1
1047 7662 1
3181 8089 1
3181 2806 1
3181 777 1
3181 2037 1
3181 1088 1
3181 6435 1
2274 9071 1
3290 3967 1
3290 4842 1
3290 1887 1
7407 5218 1
7407 4654 1
8601 6587 1
112 1670 1
112 4345 1
112 2920 1
112 6461 1
112 9491 1
112 9516 1
112 8883 1
112 2835 1
112 2351 1
112 707 1
112 782 1
112 4291 1
3159 3763 1
3159 4889 1
3159 9432 1
3159 525 1
3159 5493 1
3159 2094 1
3159 9651 1
3159 1430 1
3159 5360 1
3159 1289 1
3159 2504 1
3159 3868 1
3030 4308 1
7028 45 1
7028 9551 1
7028 7609 1
7028 3144 1
7028 497 1
7028 6308 1
7028 1419 1
7028 5570 1
8101 5923 1
8101 8309 1
8101 342 1
8101 5637 1
8101 1351 1
8101 4164 1
8101 7163 1
8101 2253 1
8101 4476 1
2820 7765 1
8791 4969 1
8791 2452 1
8791 1753 1
8791 1031 1
8791 6740 1
8791 29 1
8791 472 1
8791 1065 1
8791 941 1
8791 1364 1
8791 8894 1
8791 4647 1
8791 9529 1
3825 4904 1
3825 7366 1
7970 4381 1
7970 9579 1
33 6059 1
5428 7111 1
8178 6250 1
8178 2780 1
8178 5410 1
8178 5494 1
8178 4171 1
8178 8010 1
8178 6041 1
8178 3029 1
8178 5305 1
8178 5623 1
8178 9143 1
6210 6865 1
6395 9116 1
6395 9549 1
1812 5654 1
9251 6556 1
1087 4450 1
1087 1530 1
1087 5605 1
1001 4791 1
4068 6335 1
4068 6391 1
7982 7668 1
5285 7909 1
394 7257 1
7273 6722 1
1719 6641 1
9653 1 1
4462 5132 1
7945 4937 1
7945 4768 1
7945 7491 1
6602 4888 1
91 3642 1
6791 3904 1
6791 4055 1
882 768 1
3533 8901 1
3533 3597 1
3533 6898 1
3533 7977 1
3533 7345 1
4741 1483 1
4741 1443 1
4741 5080 1
4741 6919 1
3358 3414 1
3358 7333 1
3358 5826 1
1685 3326 1
1685 8663 1
1685 4663 1
1685 7575 1
1685 9316 1
1685 8767 1
1685 8770 1
1685 3681 1
4146 9535 1
7126 4601 1
6995 6093 1
6501 6829 1
7920 7906 1
507 9605 1
507 187 1
507 323 1
1574 3851 1
7406 8789 1
7406 1888 1
7292 9369 1
8261 3257 1
2598 3657 1
2598 3209 1
2598 7053 1
2598 7011 1
2598 4943 1
9068 3823 1
1191 2056 1
1191 7107 1
1191 7474 1
1191 9093 1
1194 4306 1
8028 5026 1
7346 1964 1
5279 1191 1
5279 9058 1
6371 5089 1
6371 5507 1
6371 8861 1
3430 639 1
3430 2608 1
3430 119 1
4672 205 1
4672 8140 1
1838 87 1
1838 2197 1
1838 1008 1
1838 8348 1
1838 772 1
1838 7833 1
851 7593 1
851 9381 1
851 9683 1
851 1758 1
851 4659 1
851 7186 1
851 2784 1
851 8435 1
851 6916 1
851 1007 1
851 8998 1
851 2641 1
5613 9039 1
7002 4635 1
7643 7191 1
7643 9244 1
7643 4087 1
7643 7240 1
6613 3625 1
8723 4779 1
8723 2386 1
8723 9612 1
8723 5874 1
8723 5361 1
367 7211 1
367 3776 1
367 2410 1
355 8030 1
5853 3670 1
1913 1993 1
1913 8879 1
1913 1781 1
1913 2660 1
1913 8586 1
1913 3458 1
1913 1256 1
1913 8766 1
4700 5823 1
5295 1962 1
8966 2104 1
8653 7129 1
6604 7326 1
8939 7415 1
3487 7535 1
6129 4219 1
6129 5504 1
6129 6254 1
6129 3555 1
6129 7771 1
6129 1727 1
4841 4811 1
4841 1136 1
4841 6574 1
4841 7502 1
3091 8802 1
1954 8538 1
1954 1644 1
1895 5738 1
1895 1132 1
1895 7814 1
1895 6779 1
1895 5375 1
1895 1050 1
2805 3738 1
2805 3038 1
2805 6228 1
2805 1082 1
9469 6590 1
4595 1958 1
3106 4845 1
3106 2945 1
3106 7627 1
8674 6249 1
838 3093 1
838 7450 1
838 5456 1
838 8023 1
838 2636 1
838 705 1
334 5902 1
334 6459 1
334 6494 1
9543 3003 1
9543 3847 1
8984 6498 1
8984 9555 1
8984 1091 1
8984 7398 1
8984 656 1
8984 4752 1
8984 5854 1
8984 853 1
8984 2912 1
8984 9660 1
8984 2278 1
8984 5484 1
8984 7404 1
8984 4280 1
8984 220 1
8984 6599 1
8984 6403 1
8984 7201 1
2415 6112 1
2415 8295 1
6977 2445 1
6977 8131 1
6977 2832 1
6977 9392 1
6977 9106 1
6977 2052 1
6977 5938 1
8986 1019 1
8008 8289 1
8008 5440 1
8008 1328 1
4000 4563 1
6126 4945 1
4565 4725 1
4565 3147 1
4565 1162 1
4565 1543 1
4565 1729 1
1590 3489 1
1590 4316 1
1590 3422 1
1590 7574 1
1590 8654 1
1590 5465 1
140 5359 1
140 7414 1
140 153 1
140 1045 1
140 7303 1
140 3330 1
140 1941 1
140 1652 1
140 1466 1
7642 5264 1
7642 8306 1
3127 7205 1
2702 9575 1
4376 6143 1
5766 1631 1
4328 3705 1
2329 466 1
2329 9067 1
2329 5812 1
2329 2585 1
2329 8819 1
2329 4159 1
2329 7099 1
8184 8838 1
1269 5939 1
5517 7703 1
1341 502 1
1341 7642 1
1341 4135 1
1341 6247 1
1341 6844 1
1341 3063 1
1341 6857 1
1341 4797 1
1341 7922 1
1341 7313 1
1341 9346 1
1341 2380 1
1341 3900 1
1341 5684 1
1341 8752 1
1341 5371 1
1341 8680 1
1341 8367 1
1341 803 1
1341 9328 1
1341 2176 1
1341 1730 1
5047 4358 1
1130 1841 1
1130 2123 1
1130 2843 1
1130 9673 1
1130 6362 1
1130 3305 1
1130 2378 1
1130 1288 1
9364 7749 1
6004 1125 1
6245 3134 1
4389 4866 1
7402 7475 1
3618 30 1
6730 1571 1
6730 7526 1
6730 9644 1
5480 3112 1
3279 3120 1
2161 6840 1
3085 6278 1
8738 918 1
278 4380 1
5116 3019 1
5116 8587 1
5116 2612 1
5116 2010 1
5116 3416 1
5116 9205 1
5116 2951 1
5116 7344 1
5116 7733 1
7864 7387 1
8166 3893 1
8166 5560 1
1583 1919 1
1583 1158 1
7618 3121 1
6895 2561 1
7217 5507 1
425 3036 1
425 1556 1
425 5424 1
4135 4455 1
4135 6275 1
4135 7281 1
4135 5405 1
977 57 1
977 5840 1
977 8157 1
1807 5536 1
4495 1386 1
2273 673 1
2273 3942 1
3901 962 1
7647 1846 1
7647 579 1
7647 5801 1
7647 560 1
7647 4215 1
7647 4874 1
7647 784 1
7647 9029 1
7647 5404 1
7647 825 1
7647 7955 1
7647 3461 1
7647 3032 1
7647 4862 1
6247 2968 1
6247 6684 1
6247 1051 1
3881 5790 1
7066 6124 1
7066 7426 1
7948 5832 1
1983 7752 1
1770 8540 1
1770 3985 1
1770 3665 1
1770 2140 1
14 5011 1
2910 764 1
2377 2751 1
2069 2240 1
4908 4639 1
5712 1267 1
9573 171 1
9573 2753 1
2307 1414 1
1091 4815 1
1091 5869 1
4557 3771 1
8334 8094 1
8334 1305 1
8334 9610 1
8334 1976 1
8334 6273 1
3477 4089 1
8420 5342 1
599 9283 1
599 994 1
599 9412 1
599 8578 1
599 4693 1
599 3312 1
32 1988 1
7517 5644 1
7517 8717 1
9208 1919 1
9208 8212 1
3571 7603 1
923 3925 1
923 7805 1
923 877 1
923 7917 1
6223 9404 1
3150 3535 1
8103 2828 1
8103 5024 1
2980 4882 1
550 5597 1
8549 2737 1
8549 3393 1
1160 2969 1
1160 3994 1
1160 4695 1
1160 3990 1
9656 4209 1
9656 8371 1
9656 6127 1
9656 3876 1
9656 6053 1
9656 823 1
9656 3782 1
9656 7635 1
9656 7007 1
9656 2038 1
9656 7430 1
9656 6466 1
477 6395 1
477 2293 1
477 3348 1
477 3460 1
477 5143 1
477 2314 1
477 3226 1
477 8957 1
477 5626 1
477 9061 1
477 8724 1
477 4712 1
477 8365 1
477 8710 1
477 3794 1
477 7863 1
477 830 1
477 845 1
477 5152 1
477 6985 1
477 2065 1
477 5280 1
477 5566 1
477 6379 1
477 4973 1
477 5294 1
4182 3419 1
2033 3442 1
2033 8906 1
2033 6879 1
4573 4352 1
4573 1338 1
4573 1862 1
4573 4469 1
4573 5448 1
4573 3411 1
4573 3131 1
9400 6869 1
9400 3142 1
9400 6569 1
9400 9081 1
9400 503 1
9400 421 1
9400 8414 1
9400 3791 1
9400 5751 1
9400 5226 1
9400 7156 1
9400 5242 1
9400 3499 1
9400 9393 1
9400 5370 1
5724 7632 1
5724 1929 1
5724 3712 1
5848 2146 1
7910 9532 1
7910 5474 1
7910 1101 1
7910 2034 1
7975 2026 1
7975 1352 1
7975 1003 1
8619 7019 1
8619 374 1
8619 711 1
8619 6402 1
8619 2715 1
6876 5541 1
6876 9360 1
6876 5029 1
4519 4283 1
4519 7583 1
5137 2676 1
6780 5919 1
3719 9422 1
7421 899 1
5232 6358 1
5232 2132 1
6111 6498 1
6111 8995 1
6111 8921 1
6111 1445 1
6111 2912 1
6111 6663 1
6111 4446 1
3233 2752 1
3233 4556 1
5695 6889 1
5695 5655 1
5998 4513 1
5998 7423 1
5998 2488 1
6818 8864 1
6818 3694 1
6818 5830 1
6818 2726 1
6818 7921 1
6818 6029 1
6818 6525 1
2068 6776 1
2068 6942 1
2068 3845 1
2068 631 1
2068 5195 1
6844 6729 1
6844 6614 1
6844 7822 1
6844 415 1
6844 371 1
6844 2266 1
7399 3444 1
7399 5073 1
7399 4901 1
7399 4948 1
6406 1986 1
7480 1513 1
7480 6700 1
7314 5072 1
7314 5300 1
7314 8882 1
7314 7516 1
7314 8529 1
7314 4967 1
7314 6255 1
7314 2151 1
7314 9206 1
7314 9329 1
7314 4325 1
7314 41 1
7314 455 1
7314 2178 1
7314 3224 1
7314 6820 1
9135 6993 1
9643 4756 1
9510 7667 1
8852 4500 1
8852 7751 1
8852 4117 1
8852 8082 1
8852 9557 1
8852 5369 1
5466 934 1
5466 8081 1
5466 3026 1
5466 2935 1
5466 9325 1
5466 2300 1
7087 834 1
5014 7744 1
8511 5354 1
8511 180 1
452 4511 1
7098 8630 1
7098 6132 1
7098 4489 1
7098 2686 1
7098 8612 1
7098 4922 1
7098 8436 1
7098 4005 1
7098 1608 1
7098 8671 1
4990 3785 1
4990 4662 1
3204 6685 1
3204 4282 1
1266 1473 1
4425 8282 1
4425 4542 1
6016 6689 1
9117 7975 1
9117 3250 1
9117 7724 1
9117 2201 1
6790 2836 1
6790 9227 1
6790 2428 1
6790 2778 1
6790 3788 1
9505 3745 1
9505 3385 1
9505 1640 1
9505 5389 1
4528 2270 1
1309 539 1
1309 3581 1
6096 624 1
3228 8812 1
3228 5677 1
312 692 1
312 7896 1
312 9385 1
5868 8902 1
3017 7685 1
7891 9456 1
799 5825 1
2508 2613 1
2698 5581 1
2698 3 1
2698 5446 1
2698 1446 1
2698 8106 1
3016 6282 1
3016 8116 1
3016 7150 1
5351 2605 1
6766 6995 1
6766 3072 1
6766 3344 1
6766 8732 1
6766 1653 1
6766 1427 1
6766 1477 1
6766 9379 1
6766 3291 1
6766 6666 1
6766 3559 1
6766 301 1
6766 691 1
6766 1347 1
4103 487 1
4103 2557 1
4103 5106 1
4103 5470 1
4103 7077 1
4103 7078 1
4103 9509 1
4103 5084 1
4103 2732 1
9156 262 1
1357 2898 1
1357 9327 1
1357 1540 1
1357 7376 1
1357 1402 1
9604 4705 1
9604 5488 1
4186 4007 1
8874 7034 1
8874 4829 1
9671 5572 1
5819 3599 1
5819 2583 1
5819 5232 1
5819 1217 1
2574 7669 1
2574 5420 1
2574 1847 1
2574 2597 1
8919 5610 1
5388 4348 1
6 5861 1
6 6787 1
1143 9433 1
8636 4079 1
7310 2909 1
9351 3439 1
9351 3683 1
9351 6296 1
9618 2659 1
8487 1604 1
8487 6081 1
3137 8786 1
3137 9402 1
5709 653 1
5709 6978 1
5709 1675 1
5709 2324 1
5709 2513 1
5709 540 1
9164 8325 1
9164 6417 1
9164 7241 1
9164 6893 1
9164 2148 1
9164 3521 1
4681 1937 1
2258 6814 1
2258 3491 1
8136 6482 1
8136 7825 1
8136 8589 1
5812 897 1
1299 5659 1
1299 8801 1
1299 7045 1
2562 5559 1
2562 8656 1
9314 1260 1
2354 7252 1
303 1424 1
303 4566 1
303 756 1
303 8739 1
4365 6976 1
8077 3034 1
2851 5672 1
2851 6603 1
2851 9219 1
2851 6618 1
9647 4699 1
9647 4714 1
9647 4372 1
9647 7231 1
9647 4525 1
9647 9462 1
9647 3412 1
9647 453 1
8553 890 1
8553 633 1
8553 951 1
8553 3931 1
8553 8796 1
315 1735 1
7444 5378 1
2271 3018 1
2271 8748 1
2271 3626 1
2271 530 1
4285 859 1
314 2881 1
992 1886 1
992 7553 1
7544 2299 1
7544 8107 1
4090 4682 1
4090 2467 1
2683 1503 1
5381 4068 1
4470 5481 1
4470 3548 1
4470 4960 1
4470 8457 1
4470 8816 1
4470 8392 1
4470 2184 1
4470 3710 1
4470 1224 1
4470 6299 1
4470 8899 1
2932 6219 1
7557 6962 1
7557 6066 1
7557 5574 1
7557 5700 1
7557 6000 1
7557 5544 1
7557 4368 1
6211 988 1
6211 2236 1
3165 4201 1
2781 7363 1
2781 4784 1
5223 304 1
5635 7625 1
5635 5358 1
5635 5642 1
5635 7103 1
5635 4323 1
6760 8731 1
6948 2525 1
2510 1099 1
3464 6982 1
3021 3619 1
4332 4531 1
1386 4407 1
1386 184 1
1386 7285 1
1386 460 1
686 3889 1
2152 1270 1
8891 2653 1
8891 1393 1
8891 7857 1
8891 4599 1
8891 8788 1
8891 469 1
8891 2560 1
8891 8074 1
8891 1731 1
8891 3744 1
8891 2774 1
8891 6727 1
8891 3496 1
8891 2494 1
8891 8218 1
8891 4872 1
8891 2908 1
8891 7706 1
8891 6348 1
8891 7198 1
8891 244 1
8891 4871 1
8891 7164 1
8891 589 1
8891 2491 1
8891 2212 1
8891 3950 1
8891 831 1
8891 5488 1
8891 3426 1
8891 458 1
8891 5842 1
8891 4375 1
3698 7664 1
3698 5001 1
3698 2789 1
3698 3010 1
3698 8108 1
1809 5490 1
3455 7759 1
4995 792 1
4995 1776 1
4995 1877 1
4995 5417 1
4995 9438 1
4995 5674 1
1918 5418 1
1918 6397 1
1918 5486 1
3025 2670 1
2219 1499 1
5301 610 1
5301 8772 1
5301 2863 1
5301 9624 1
5301 7031 1
3329 1955 1
3329 6233 1
7614 2514 1
2385 2957 1
2385 7672 1
3563 177 1
1791 9076 1
4199 6858 1
4769 4100 1
7943 805 1
5143 7681 1
3816 5872 1
1880 5949 1
9309 5730 1
5093 7956 1
4563 1015 1
4563 3702 1
4563 7657 1
4563 832 1
4563 5187 1
4563 2264 1
3530 7114 1
3530 7408 1
3530 5651 1
3530 6419 1
3530 5049 1
3530 476 1
3530 7296 1
3530 1659 1
3530 3541 1
9617 7711 1
9617 7680 1
5652 3060 1
8395 3928 1
8395 8359 1
2541 258 1
3176 6999 1
5673 3488 1
5673 9122 1
5673 2202 1
5673 412 1
5673 6996 1
5673 8815 1
5673 5500 1
5023 2222 1
5023 9540 1
5023 817 1
5006 7160 1
2937 2981 1
2937 6970 1
2937 7311 1
2937 3986 1
2937 5330 1
2937 3422 1
2937 7574 1
9408 3368 1
5438 6251 1
5438 9176 1
5438 7828 1
5438 9357 1
5438 3325 1
9499 846 1
5595 9547 1
4483 1970 1
1316 9248 1
1316 5999 1
1316 6224 1
1316 4758 1
1316 6049 1
8113 9623 1
8113 9158 1
8113 9613 1
8113 7134 1
2965 7938 1
2965 51 1
5696 3236 1
5696 6234 1
5696 8152 1
5696 1760 1
5696 744 1
5696 8327 1
1137 1268 1
1037 4785 1
1037 6984 1
9374 122 1
9374 2427 1
9374 2211 1
9374 7640 1
9374 9413 1
9366 7576 1
5666 8182 1
5666 2916 1
317 6939 1
2624 7712 1
2924 5296 1
2265 6344 1
4752 4688 1
4752 7179 1
5076 4615 1
5076 4998 1
9195 3912 1
7913 125 1
7913 5682 1
9595 2443 1
9595 5773 1
9595 4583 1
9595 9297 1
9595 9375 1
9595 8857 1
9595 223 1
9595 8488 1
4053 3253 1
5683 60 1
5683 693 1
5683 1164 1
4175 3339 1
295 9287 1
295 9477 1
4618 3574 1
4618 3456 1
5580 1569 1
7753 7403 1
97 7048 1
1320 9583 1
1320 1116 1
7836 8169 1
7665 3524 1
1927 3008 1
1927 7036 1
1927 6218 1
7304 2977 1
6015 9149 1
1963 6417 1
1963 9411 1
1963 7546 1
6176 8746 1
6359 4289 1
7040 4256 1
8806 7521 1
1171 252 1
1171 967 1
2958 4938 1
2958 6198 1
4953 7319 1
5155 6542 1
7441 7375 1
3009 2634 1
3009 4990 1
3009 1927 1
3009 4549 1
3009 6227 1
3009 3064 1
3009 3828 1
5920 7542 1
5920 2274 1
5920 2624 1
5920 6827 1
5920 6708 1
5920 6327 1
5920 2950 1
2991 6004 1
4165 4392 1
4165 2790 1
4165 3814 1
1383 3298 1
1383 464 1
1383 2312 1
1383 2089 1
1383 6598 1
1383 3292 1
5551 9446 1
7397 8043 1
7397 1465 1
7397 8811 1
7397 1084 1
7397 4309 1
7397 6715 1
7397 6019 1
7397 3359 1
7397 144 1
7397 7520 1
7397 9382 1
7397 6777 1
1545 9589 1
970 37 1
9262 3774 1
5237 1062 1
7219 1853 1
7219 3494 1
7219 4124 1
7219 5787 1
5852 3645 1
5852 7436 1
5852 6086 1
5852 4363 1
5852 6952 1
4914 8027 1
4914 1980 1
4914 3684 1
1434 2816 1
1434 337 1
1434 7515 1
1434 3924 1
1434 8187 1
3066 2741 1
5472 6502 1
4472 7558 1
2523 4393 1
4155 4945 1
8687 3243 1
8687 5270 1
8687 3065 1
3905 3866 1
6226 6003 1
3245 4546 1
3245 6902 1
3245 3659 1
3245 1965 1
3245 3498 1
3245 7877 1
8398 7965 1
8398 854 1
8398 486 1
8398 7918 1
4438 8119 1
4524 2259 1
2348 8963 1
1159 1755 1
1159 9125 1
7199 1004 1
7199 1809 1
7199 3364 1
7199 6073 1
7199 541 1
7199 965 1
7199 7543 1
7199 2267 1
6169 6381 1
6169 2567 1
6169 3936 1
3083 131 1
3083 596 1
3083 2142 1
3083 2593 1
3083 2008 1
3083 4581 1
3083 2392 1
3083 1027 1
3083 2703 1
3537 138 1
917 4715 1
917 7997 1
4206 3256 1
809 127 1
809 182 1
4987 9276 1
4987 3715 1
4987 1415 1
4987 2304 1
1509 2819 1
160 7092 1
160 1754 1
4231 1535 1
5509 4364 1
4851 3600 1
6827 5054 1
6827 1262 1
8563 3399 1
9646 9389 1
9646 2744 1
9646 5707 1
9646 9480 1
9646 8301 1
9646 6808 1
3747 338 1
3747 2622 1
3747 6680 1
3747 3337 1
3747 2272 1
3747 3743 1
3747 2801 1
3747 2720 1
788 8756 1
503 5788 1
9485 2365 1
3263 81 1
9522 4361 1
1515 2073 1
5779 5660 1
9450 1740 1
8715 1627 1
9091 2724 1
9091 8549 1
9091 7781 1
9091 2360 1
9091 6050 1
9091 5477 1
9091 8290 1
9091 5888 1
9091 1102 1
9091 5952 1
9091 997 1
9091 212 1
9091 2241 1
9091 4679 1
9091 8690 1
9091 136 1
6741 978 1
6590 1397 1
6590 1647 1
6590 932 1
6590 7165 1
6590 7032 1
4887 2482 1
4887 8350 1
4887 4650 1
4887 9649 1
1167 3171 1
7349 6182 1
5053 1546 1
5485 6205 1
5485 1148 1
5485 2840 1
5485 652 1
5485 5899 1
8489 7412 1
1240 217 1
6252 3436 1
8562 9584 1
6548 2192 1
6548 2060 1
6462 1995 1
1150 9088 1
1150 2869 1
5875 5780 1
169 1467 1
169 709 1
169 4019 1
169 7887 1
169 9394 1
169 2100 1
169 2468 1
169 44 1
169 4223 1
169 2254 1
6499 3288 1
6499 5138 1
6499 8661 1
4535 678 1
4535 4459 1
2004 8737 1
2004 761 1
2004 7319 1
2004 4727 1
2004 989 1
2004 2747 1
2004 8470 1
3335 6870 1
2359 2469 1
2359 7234 1
2359 9033 1
3274 5184 1
3274 7856 1
3274 5447 1
3274 8259 1
6630 8233 1
6630 7741 1
6630 2906 1
6630 7617 1
5618 1129 1
8467 9178 1
8467 9233 1
8467 5795 1
8467 4384 1
8467 9445 1
8467 1645 1
7207 810 1
690 4757 1
690 6538 1
690 6778 1
690 6384 1
690 833 1
690 6625 1
690 6608 1
690 438 1
690 1418 1
9536 7394 1
9536 774 1
9536 42 1
9536 440 1
9536 1009 1
9536 736 1
5366 3604 1
5366 399 1
5366 7073 1
9219 8716 1
9219 1327 1
4127 2699 1
4127 3530 1
4127 717 1
625 6370 1
625 2358 1
625 913 1
2125 4804 1
9581 6310 1
9581 7361 1
9581 8922 1
9581 9086 1
1490 2049 1
2492 9077 1
2492 749 1
8471 7666 1
7382 2249 1
3995 8595 1
3995 2072 1
1295 2708 1
5044 4891 1
3988 4200 1
4801 6747 1
2411 9684 1
2411 6531 1
2411 9464 1
2411 5190 1
2411 9458 1
2411 8606 1
2411 4022 1
4040 6399 1
266 4918 1
5754 3590 1
5754 3238 1
5754 7992 1
5754 2639 1
9423 6487 1
9423 4463 1
9423 7563 1
9423 8004 1
3666 5789 1
3666 5621 1
3666 7649 1
3666 7971 1
3666 3074 1
6471 6446 1
6471 9051 1
6471 4870 1
8085 8544 1
1875 150 1
1875 2860 1
1875 8386 1
1875 2205 1
1875 4788 1
1875 7718 1
1875 5847 1
1875 6361 1
1875 5992 1
6566 604 1
8200 7601 1
1302 1801 1
1302 1349 1
1302 4835 1
1302 1384 1
1302 3804 1
1302 1560 1
1302 4703 1
1302 7112 1
1302 5240 1
1302 494 1
1302 1603 1
7439 2733 1
6292 9277 1
7282 8118 1
7282 3538 1
4128 3514 1
5247 3525 1
6615 9678 1
6615 9626 1
6615 600 1
8887 1498 1
7855 6364 1
508 3100 1
7384 3376 1
7384 4065 1
7384 5094 1
7384 8314 1
7384 8331 1
7384 6718 1
7384 2145 1
7384 8978 1
4616 1379 1
4616 4773 1
4616 2574 1
4616 7220 1
4616 2864 1
4616 1577 1
2626 366 1
2626 1010 1
1404 6102 1
8594 855 1
8594 154 1
8594 7411 1
346 8042 1
374 7286 1
3381 7047 1
3381 532 1
4385 5703 1
5451 4222 1
5451 8333 1
5451 9245 1
5451 2837 1
7657 1334 1
7657 6839 1
7816 5142 1
6703 5258 1
6703 8262 1
6703 7495 1
6703 8054 1
1533 5645 1
4172 5910 1
4172 6981 1
9187 908 1
9187 3361 1
9187 9258 1
6816 6372 1
6816 8935 1
3653 2283 1
8711 6340 1
4297 6753 1
4297 7187 1
4297 2027 1
4297 4645 1
4147 9177 1
6222 2915 1
6873 7929 1
7188 9089 1
7188 4957 1
9288 8353 1
3390 8604 1
1882 7383 1
5862 5090 1
9290 3262 1
9290 1903 1
9290 3526 1
472 2464 1
325 5961 1
325 2795 1
325 5172 1
9074 3108 1
9074 1728 1
2844 4822 1
8296 8591 1
8366 431 1
8366 8234 1
8366 4806 1
8668 6586 1
5372 9063 1
5372 8709 1
5372 5998 1
5372 7314 1
5372 172 1
5372 3078 1
5372 6359 1
5372 379 1
5372 5754 1
5372 4711 1
5372 9010 1
5372 6432 1
5372 5395 1
5372 5791 1
5372 5664 1
5372 8273 1
5372 6136 1
5372 3944 1
5372 6652 1
5372 3332 1
5372 9383 1
5372 242 1
5372 1234 1
5758 5764 1
5434 163 1
4069 933 1
4567 7853 1
4567 7884 1
4567 52 1
6034 4790 1
9049 7605 1
9049 3041 1
9667 2704 1
9667 2665 1
9667 9506 1
9667 4082 1
4974 3432 1
1951 3920 1
7820 6669 1
1384 9655 1
1384 3714 1
1384 8783 1
1384 9321 1
8728 896 1
8728 7809 1
677 821 1
677 6270 1
677 5039 1
677 1507 1
7757 1385 1
7757 8493 1
7757 1637 1
7757 3110 1
7757 6489 1
7757 5892 1
3894 7698 1
3894 8271 1
3894 2862 1
3894 3835 1
3894 9292 1
3894 2854 1
6221 4432 1
6221 7776 1
5746 2445 1
536 7435 1
5710 7370 1
369 2017 1
85 6194 1
85 1081 1
85 2651 1
7105 4745 1
243 4417 1
243 6445 1
243 7506 1
2920 9225 1
204 8807 1
1330 2954 1
7638 8339 1
3424 574 1
3424 8924 1
3424 926 1
3424 7445 1
3424 1822 1
3424 7097 1
3424 3676 1
1032 5414 1
8186 5377 1
1471 9565 1
6092 2169 1
6092 253 1
6092 778 1
619 7010 1
619 3380 1
3595 8020 1
4711 2208 1
7222 3906 1
7222 5421 1
7222 6920 1
7401 4592 1
5615 1391 1
8456 1542 1
8456 1692 1
8456 3987 1
8456 7998 1
8456 3386 1
743 7757 1
6680 7260 1
6680 73 1
6680 6527 1
6680 8455 1
6680 5860 1
6680 3260 1
6680 3178 1
6680 7008 1
6680 6008 1
5263 488 1
8734 8302 1
9410 1260 1
4235 7687 1
11 9515 1
5181 2433 1
6380 955 1
6380 6711 1
6380 2064 1
4239 9548 1
5629 6389 1
5629 3219 1
5629 3675 1
5629 4311 1
5629 3067 1
5629 1147 1
5629 2059 1
5629 6295 1
5629 6818 1
5629 4774 1
5629 4198 1
5629 1469 1
5629 5129 1
5629 5155 1
5629 3718 1
5629 5051 1
5629 8479 1
5629 1322 1
5629 4183 1
5629 4294 1
5629 1863 1
5629 5813 1
5629 1707 1
5629 9682 1
5629 7386 1
5629 7919 1
5629 8655 1
5629 3172 1
5629 847 1
8007 1407 1
8545 4409 1
8545 8730 1
7523 1935 1
521 3417 1
521 9636 1
8211 4254 1
8211 9340 1
8211 6751 1
8319 7659 1
8319 9675 1
5740 1870 1
3688 581 1
3688 1871 1
3688 7966 1
5538 7035 1
8465 2398 1
8465 1622 1
8465 8219 1
2923 4748 1
2923 5069 1
4327 7909 1
4327 1022 1
4327 5091 1
4327 3875 1
4327 4619 1
4327 1344 1
4327 7096 1
4327 2813 1
8346 4966 1
8346 9235 1
8346 4338 1
8346 1005 1
8346 7573 1
8346 7653 1
8346 7072 1
8494 8183 1
8494 3404 1
8494 5353 1
8494 2500 1
8494 3754 1
9685 7837 1
1740 4516 1
1740 3255 1
1818 3963 1
7654 1137 1
7151 638 1
7492 3773 1
7568 4916 1
7568 7496 1
3800 1617 1
8934 6881 1
8934 1342 1
8934 6055 1
5792 1472 1
5792 7004 1
4809 4996 1
4809 4445 1
4809 9502 1
6533 7613 1
4359 7232 1
4359 6272 1
4359 8284 1
4359 5689 1
4359 9500 1
4359 1711 1
3345 8172 1
3345 2385 1
3345 2642 1
3345 7400 1
3345 3547 1
8691 250 1
2709 6274 1
3804 7784 1
3804 5307 1
3804 4247 1
3804 5606 1
2344 2150 1
6850 8270 1
5522 6018 1
5522 3657 1
7508 2406 1
2394 8861 1
3508 7226 1
9147 1041 1
9147 5889 1
2142 5993 1
2142 1656 1
2142 1625 1
2142 6284 1
2142 865 1
2142 3465 1
2142 7806 1
2142 5685 1
7801 1921 1
5669 728 1
5669 8509 1
5669 4010 1
5669 900 1
5669 3420 1
5669 477 1
5669 4142 1
5669 2994 1
5669 6765 1
5669 2786 1
5669 725 1
5669 5366 1
5669 3293 1
5669 9662 1
5669 4789 1
5669 1054 1
5669 6259 1
5669 6478 1
5669 5617 1
5669 6927 1
5669 9174 1
5669 1942 1
5669 8863 1
5669 5820 1
5669 573 1
5669 74 1
5669 5822 1
5669 7452 1
5669 2758 1
6813 6999 1
3730 3993 1
3730 655 1
3730 4694 1
7437 5057 1
7437 910 1
7437 4636 1
7437 5482 1
7437 5000 1
7437 6504 1
7437 3216 1
8505 1967 1
3556 7869 1
3556 8760 1
3556 4473 1
3556 130 1
3556 1551 1
3556 9002 1
3556 291 1
3556 8222 1
3556 939 1
3556 3677 1
3556 5033 1
3556 7009 1
3556 3167 1
2279 5723 1
2279 4051 1
8633 7182 1
9144 8393 1
9144 7410 1
9144 6936 1
9144 8114 1
9144 3789 1
1928 7316 1
1928 8776 1
2352 7239 1
2352 6135 1
2352 1145 1
2352 8799 1
6189 8719 1
8104 8283 1
783 8429 1
129 4029 1
129 4868 1
129 4859 1
129 1263 1
129 8764 1
129 7841 1
129 5646 1
6316 2563 1
6856 1722 1
6856 1000 1
6856 5711 1
6856 8278 1
6856 5067 1
6856 6576 1
6856 7986 1
6856 8468 1
6856 7278 1
6856 4723 1
6856 5409 1
6856 9666 1
6856 4243 1
6856 7925 1
6856 7949 1
9111 1480 1
9111 1138 1
9111 6315 1
6058 7024 1
3972 2697 1
3972 8932 1
3972 2408 1
3972 5216 1
5317 8712 1
6305 4966 1
6305 7573 1
6305 7653 1
5878 9486 1
2563 1912 1
4304 1717 1
4304 1496 1
1495 5678 1
8059 4520 1
8059 3098 1
8059 4189 1
5373 1716 1
4422 4317 1
4422 4070 1
4422 3826 1
4669 5815 1
4669 6366 1
4669 8887 1
4669 8011 1
4669 1526 1
4669 4149 1
6848 5836 1
9120 3615 1
9120 3249 1
9120 1401 1
9120 2896 1
9120 4179 1
9120 7940 1
9120 5339 1
9120 3896 1
9120 6442 1
9120 2235 1
1956 4558 1
6264 6788 1
3207 4178 1
228 360 1
8664 7846 1
5196 797 1
9602 1712 1
9602 1558 1
9602 6414 1
9602 5505 1
9602 194 1
6537 9493 1
3311 9254 1
2999 38 1
3024 7866 1
3024 2291 1
332 8868 1
332 6420 1
5312 6571 1
3880 4281 1
9339 9290 1
4551 4047 1
4551 6407 1
4551 6268 1
8324 7020 1
8324 8003 1
910 8960 1
910 6514 1
910 3013 1
3562 5715 1
3562 5146 1
3562 8892 1
3562 103 1
3090 9138 1
6183 2120 1
6183 9030 1
7996 2165 1
8392 6108 1
5770 5553 1
361 8794 1
361 8083 1
361 3299 1
361 1461 1
361 1769 1
361 3423 1
361 2748 1
361 7935 1
361 7385 1
361 7867 1
7509 1751 1
7509 4837 1
2804 9052 1
2804 173 1
2804 7042 1
2804 7266 1
2804 7539 1
2804 5499 1
9310 1072 1
9310 1930 1
2581 1300 1
2581 1981 1
8534 661 1
8534 6605 1
8534 8496 1
3871 810 1
8903 1723 1
9137 7479 1
7692 9304 1
3476 5565 1
3476 4782 1
3476 6763 1
4061 9249 1
4061 5933 1
4061 5063 1
4061 4315 1
4061 9020 1
4061 657 1
4061 7636 1
4061 5349 1
4061 1531 1
4061 9587 1
4061 9377 1
4061 235 1
4061 5121 1
4061 9631 1
1873 3391 1
6428 8648 1
3647 3435 1
7424 6613 1
7424 8849 1
7424 9441 1
7424 5635 1
7424 2538 1
7424 4979 1
7424 4078 1
7424 5978 1
467 8168 1
467 5916 1
467 4683 1
6464 5934 1
3971 6585 1
3778 99 1
8976 6204 1
8976 2092 1
8976 3777 1
3037 5334 1
9260 7536 1
6105 6665 1
6998 9657 1
6998 601 1
6998 8852 1
6998 9372 1
6998 6638 1
6998 108 1
5290 4388 1
2167 4616 1
2167 4670 1
2167 8201 1
6799 6662 1
2717 1370 1
3503 8514 1
793 1293 1
485 5393 1
6317 2121 1
8519 1924 1
8519 1208 1
1560 820 1
1684 1699 1
133 4339 1
927 8128 1
927 3579 1
927 9 1
800 4098 1
7972 5284 1
6304 1074 1
6304 4589 1
6304 6790 1
6304 1982 1
6304 1383 1
6304 947 1
6304 9320 1
6304 2097 1
6304 3107 1
6304 1563 1
6304 7130 1
6625 245 1
6625 5236 1
3859 2885 1
3859 4204 1
3859 8923 1
3506 7487 1
3506 6645 1
3506 2004 1
3506 2475 1
3506 9449 1
2429 1176 1
2429 4928 1
2947 8044 1
6612 1879 1
6612 2399 1
6612 6660 1
3601 5705 1
6912 8640 1
595 6852 1
7886 1919 1
7886 3212 1
7886 1158 1
7886 7500 1
2716 1053 1
2716 5174 1
2716 8389 1
2716 6109 1
9566 775 1
9566 9015 1
9566 9676 1
9566 1502 1
9566 1083 1
9566 5636 1
7326 6456 1
7326 5897 1
7326 870 1
7587 7632 1
7587 1929 1
7587 3712 1
5697 6774 1
8218 6947 1
8218 8453 1
8218 260 1
8218 4539 1
8218 4872 1
8218 6348 1
8218 2212 1
404 708 1
404 9397 1
404 9630 1
404 3086 1
1230 1933 1
5600 8228 1
5600 5778 1
5600 6505 1
5600 9635 1
5600 6229 1
5600 8473 1
5600 8881 1
5600 8638 1
5600 5036 1
5600 6491 1
5600 8681 1
5600 5411 1
5600 4253 1
5600 7678 1
5600 6991 1
5600 1994 1
5600 3557 1
5600 6861 1
5600 9293 1
7567 9120 1
7567 4710 1
3799 4039 1
3799 710 1
3799 5225 1
3799 6239 1
3799 5283 1
3799 1693 1
3799 5462 1
3799 7851 1
3799 6539 1
3799 6006 1
3799 1605 1
3799 1452 1
3799 3372 1
3799 5733 1
3780 7412 1
7223 7272 1
7223 2850 1
2369 2712 1
8510 3689 1
941 5797 1
941 4696 1
941 1655 1
941 149 1
941 9335 1
941 2895 1
941 62 1
8019 5963 1
7958 8042 1
5412 5569 1
8291 5333 1
141 6849 1
5004 5717 1
8597 6837 1
5835 2388 1
576 8740 1
2039 2476 1
2039 2829 1
2039 6748 1
1757 5234 1
1757 2149 1
1757 8155 1
6373 7824 1
6373 8968 1
7818 3023 1
7818 8472 1
7313 3819 1
7313 1770 1
7313 5492 1
7313 6508 1
7313 6723 1
7313 3502 1
1486 6876 1
1486 6680 1
1486 8740 1
1486 8859 1
1486 9654 1
5191 1875 1
5191 6191 1
5191 5261 1
9608 1557 1
9608 2405 1
5315 6463 1
5315 571 1
5315 1554 1
5315 1350 1
5315 3841 1
5315 4793 1
5459 2509 1
5459 7012 1
5459 5676 1
5459 2243 1
5459 6615 1
5459 3366 1
5459 6792 1
5459 8697 1
5459 9415 1
5459 1277 1
2771 4170 1
298 7991 1
8469 7559 1
8469 1092 1
1633 6068 1
1633 4792 1
1633 3908 1
1633 4644 1
1633 8953 1
2667 3765 1
2667 5748 1
2667 2944 1
9498 5883 1
4158 3695 1
7274 9310 1
7274 1632 1
7274 4986 1
7274 558 1
7033 2960 1
7033 6298 1
7033 1738 1
7033 4852 1
7033 2553 1
1433 7507 1
1433 2984 1
1433 7115 1
1433 4734 1
1433 7033 1
1433 7641 1
1433 7888 1
1433 1832 1
1433 6279 1
1433 1668 1
1433 3751 1
9379 5320 1
9379 1460 1
9379 2450 1
8081 5619 1
8384 1408 1
8384 6874 1
8384 2487 1
8384 1058 1
8384 9142 1
8384 4458 1
7216 8763 1
8458 4831 1
7184 3874 1
7184 7705 1
2105 4268 1
8886 4207 1
4062 1639 1
5980 1056 1
1642 6517 1
1642 3957 1
1891 7081 1
1891 7707 1
6911 175 1
2627 9608 1
2996 6097 1
6724 7871 1
6724 2740 1
1967 9194 1
6718 4023 1
6718 4212 1
6718 248 1
6718 3961 1
6718 5755 1
2578 1744 1
2578 3044 1
2578 5834 1
2578 5259 1
3982 5769 1
3982 8781 1
3982 2250 1
3982 2739 1
9264 7284 1
147 6696 1
6616 6544 1
2835 6476 1
2835 134 1
3576 7969 1
4298 6674 1
4232 128 1
4262 3190 1
4157 1651 1
4157 1267 1
4157 5962 1
4157 7354 1
4157 4238 1
4157 2782 1
4157 6490 1
4157 16 1
4157 468 1
4157 210 1
4157 67 1
4157 2035 1
2021 495 1
2021 8376 1
6177 118 1
6177 6923 1
6177 7633 1
6177 276 1
6177 6166 1
6177 8349 1
6177 2002 1
6177 6572 1
6177 8405 1
3041 9257 1
3041 5573 1
3041 9272 1
2351 183 1
2351 769 1
2351 2899 1
707 3440 1
707 4817 1
1896 7961 1
7779 6306 1
7779 2879 1
7779 1689 1
7779 1682 1
7779 4270 1
7779 773 1
7779 4674 1
9658 8627 1
1726 165 1
1494 7738 1
1494 7908 1
1494 2659 1
1494 3486 1
1494 6135 1
1494 6193 1
1494 6801 1
6618 5506 1
4194 9172 1
4194 9571 1
34 1348 1
1787 335 1
6470 5011 1
8541 3384 1
8541 3006 1
8541 5045 1
8541 4020 1
8541 7773 1
8541 2068 1
8541 7189 1
8541 84 1
8541 3049 1
8541 7336 1
8541 974 1
8541 5040 1
8541 9011 1
8541 8904 1
8541 4935 1
8541 9585 1
950 6801 1
5599 5561 1
5599 7279 1
5599 2379 1
5599 359 1
5599 578 1
5599 3669 1
5599 7745 1
5599 2584 1
5599 4194 1
5599 9338 1
5599 3218 1
5599 4398 1
8238 2689 1
2955 7785 1
2115 7023 1
8336 3323 1
7932 352 1
7932 8322 1
7932 2680 1
7932 5008 1
7932 8465 1
7932 4628 1
7932 5435 1
7932 8870 1
7932 206 1
7769 7661 1
7769 4956 1
7769 6795 1
7769 8166 1
7769 6735 1
7769 9647 1
7769 7934 1
7769 9215 1
7769 8988 1
7769 6950 1
7769 361 1
7769 5600 1
7769 2534 1
7769 3343 1
7769 1478 1
7769 6041 1
7769 7050 1
7769 7405 1
7769 9572 1
7769 7357 1
7769 139 1
7769 8749 1
7769 8729 1
9229 6702 1
3980 4867 1
3980 3068 1
3980 1631 1
5217 3182 1
1907 1559 1
8928 3644 1
6622 4418 1
2130 7900 1
3343 3504 1
3343 56 1
3343 465 1
3343 4961 1
3343 4631 1
4059 5109 1
4059 7682 1
4059 9127 1
1947 7350 1
1947 7255 1
1947 2865 1
7409 8450 1
7409 1020 1
6115 1703 1
249 5115 1
249 9387 1
249 2181 1
249 4739 1
3659 7074 1
3659 8477 1
7168 3882 1
2588 8006 1
5906 6933 1
5906 8520 1
5906 4610 1
5906 5771 1
5906 7694 1
5906 8147 1
5906 288 1
5906 1107 1
2912 746 1
2912 9242 1
8512 2499 1
8389 7100 1
8389 7600 1
8389 1038 1
8389 992 1
8389 9595 1
8389 8896 1
8389 4402 1
8389 3836 1
8389 9511 1
8389 1487 1
8389 2570 1
8058 3641 1
4527 5154 1
4527 3296 1
19 9047 1
3499 3732 1
9601 5901 1
9601 6963 1
9601 5243 1
440 2839 1
440 3572 1
8669 6418 1
8669 4300 1
7706 7393 1
7706 3932 1
7706 4370 1
7706 3481 1
1657 1489 1
1657 3221 1
8698 7824 1
9129 4236 1
2890 8915 1
2890 3442 1
2890 9037 1
2890 2876 1
48 6768 1
48 807 1
48 665 1
48 6697 1
48 1795 1
1623 4932 1
1623 3736 1
6429 5344 1
3820 3764 1
5159 7555 1
5159 1796 1
5159 5018 1
5159 8300 1
7806 8243 1
7806 8153 1
6042 6648 1
6042 2336 1
6042 1553 1
6042 6717 1
6042 5553 1
6042 332 1
6042 4107 1
6042 1367 1
6042 8895 1
3848 641 1
3575 1669 1
884 8575 1
884 7676 1
884 7413 1
884 687 1
884 7720 1
5329 8202 1
5329 6830 1
5329 2671 1
2101 1949 1
2101 568 1
3836 1481 1
3836 7848 1
3836 8741 1
3836 478 1
4203 8207 1
4203 4063 1
9407 8992 1
7742 8513 1
4167 2220 1
6941 6745 1
6941 7 1
6591 4447 1
1156 5306 1
1156 2824 1
1156 1743 1
1156 9214 1
1156 9550 1
1156 8369 1
7697 9586 1
7697 7807 1
7488 1339 1
7488 8404 1
7369 5814 1
4670 7152 1
4670 7701 1
4670 4777 1
4670 396 1
4670 7057 1
4670 7547 1
4670 2061 1
4670 3562 1
4670 5732 1
4670 6643 1
4670 2067 1
4670 3195 1
4670 4515 1
4670 3241 1
4670 6492 1
4670 6754 1
2736 5725 1
566 2261 1
566 1363 1
566 1016 1
566 8644 1
566 1241 1
566 4950 1
566 5214 1
566 2063 1
566 7708 1
566 8689 1
566 8616 1
566 5955 1
566 650 1
566 1926 1
566 647 1
566 2383 1
566 6285 1
5667 6956 1
8554 7457 1
4382 4653 1
4382 2109 1
4382 247 1
4382 8017 1
4382 8396 1
4382 5278 1
4382 6138 1
4382 956 1
4382 7021 1
4382 862 1
4382 5209 1
8273 771 1
4942 1845 1
8969 7471 1
5941 8982 1
5941 9016 1
5341 2442 1
6345 4603 1
5928 2012 1
5928 3552 1
5928 5954 1
5928 3205 1
8275 5632 1
8275 7083 1
3264 3438 1
3264 1592 1
3264 6926 1
3264 5887 1
2319 1931 1
6436 5645 1
1612 4894 1
1612 71 1
534 9343 1
4906 5441 1
4906 1324 1
2712 2631 1
2712 3453 1
2712 6113 1
7881 891 1
506 8391 1
8552 197 1
8552 2413 1
8552 336 1
9046 5133 1
6826 9602 1
6826 3982 1
6826 3540 1
8877 5380 1
8877 533 1
1355 7254 1
7611 1085 1
7611 7714 1
7611 1984 1
7611 4907 1
7611 1395 1
8535 4818 1
2331 7022 1
7446 2582 1
7446 5429 1
7446 3787 1
7446 4326 1
7446 8592 1
7446 5340 1
7446 4301 1
7446 5403 1
7446 672 1
2046 2135 1
6156 2247 1
2688 1630 1
8518 3542 1
8052 3328 1
8052 3586 1
8052 1206 1
8052 7753 1
8052 5290 1
8052 88 1
8052 506 1
8052 4134 1
8052 7645 1
8052 2421 1
8052 3580 1
8052 8380 1
8052 4353 1
8052 9356 1
1561 9530 1
1561 6917 1
1561 3554 1
1561 6159 1
6478 4605 1
6478 8111 1
1783 6352 1
1783 8817 1
6623 6024 1
6623 9574 1
693 8320 1
693 8277 1
693 1042 1
693 5687 1
5641 9435 1
5641 909 1
216 1967 1
216 5881 1
5972 3040 1
5972 2535 1
5972 7447 1
5972 7484 1
5972 6644 1
5972 1579 1
5972 7194 1
5972 5497 1
63 7332 1
3842 4778 1
1164 2985 1
2094 2674 1
2094 9606 1
4273 3824 1
7063 7016 1
305 7206 1
305 1534 1
4706 5981 1
9576 1420 1
9576 35 1
9454 2044 1
9454 1057 1
9454 4144 1
9454 3507 1
9454 3654 1
8558 1792 1
8558 2449 1
5005 4344 1
5005 8028 1
5005 7551 1
5005 5777 1
5005 6075 1
2656 5433 1
2656 5745 1
2656 1268 1
2656 3801 1
2656 2874 1
2656 6151 1
1203 8501 1
1203 9238 1
807 6532 1
807 504 1
807 8952 1
807 7763 1
807 8033 1
807 1763 1
807 3324 1
807 8773 1
807 5056 1
807 2609 1
807 5385 1
807 5309 1
807 6207 1
807 6506 1
807 8216 1
2796 9080 1
6327 6742 1
4649 236 1
2727 9278 1
2727 5756 1
2727 6458 1
2727 9237 1
2283 9311 1
2283 8439 1
2283 5909 1
535 6171 1
6449 8018 1
6449 5437 1
6449 9193 1
6449 2429 1
6449 5982 1
6449 2640 1
6449 2587 1
5442 8931 1
226 2962 1
9029 9000 1
9029 2359 1
9029 6269 1
9029 2309 1
9029 6825 1
9029 3701 1
9029 2252 1
9029 4602 1
8349 6511 1
8349 2432 1
8349 4191 1
8349 3480 1
8349 6416 1
8349 9478 1
8349 2154 1
8349 5158 1
8349 6581 1
7901 4685 1
8706 5289 1
403 8345 1
403 1159 1
403 1952 1
403 6859 1
403 6949 1
5361 4466 1
6927 9170 1
6927 3560 1
6927 5702 1
6927 6744 1
6927 8206 1
8762 6129 1
8762 3998 1
8762 285 1
8762 6659 1
6594 9597 1
6594 1548 1
6594 4054 1
6594 1340 1
6594 6031 1
6594 5714 1
6594 5508 1
6594 5449 1
6594 5986 1
479 2731 1
1252 1321 1
1252 4541 1
1252 6411 1
1252 1735 1
5416 9288 1
5416 3053 1
5416 6232 1
5416 8702 1
4975 3321 1
7341 6385 1
7341 3379 1
7341 2701 1
7341 4335 1
7341 8087 1
2593 7360 1
2593 785 1
4869 3600 1
4869 3893 1
4869 887 1
4869 8521 1
4869 6678 1
8740 1902 1
8740 8220 1
8740 6646 1
5180 6363 1
4980 1745 1
5334 2282 1
5334 6353 1
5334 1523 1
5334 2310 1
5970 4574 1
2568 6516 1
1478 105 1
1478 9563 1
1478 8628 1
9406 7612 1
698 5891 1
2814 4440 1
2500 623 1
2500 4443 1
7594 7064 1
1399 3566 1
997 3999 1
997 1209 1
1582 3822 1
7277 1285 1
7277 3225 1
7277 5027 1
7277 8338 1
7277 9121 1
7277 699 1
7277 611 1
7277 413 1
7277 9471 1
7277 6300 1
7277 8265 1
6573 8446 1
6573 3650 1
8242 3849 1
8242 5586 1
8242 1247 1
8242 6074 1
8242 5609 1
8242 3827 1
8242 1195 1
1517 7834 1
6041 4111 1
6041 9307 1
6761 8831 1
5783 8464 1
5783 7290 1
5760 7910 1
5760 1131 1
8056 4588 1
929 104 1
929 4614 1
3353 1124 1
3427 3958 1
256 3536 1
6592 2484 1
6592 6612 1
6592 1225 1
2864 4590 1
3378 1253 1
3602 3334 1
1291 827 1
3382 1233 1
3382 8057 1
5112 2062 1
5112 4850 1
5112 9442 1
9562 9261 1
5042 5211 1
9148 1678 1
9148 1139 1
5458 2870 1
5458 6026 1
5458 1830 1
5458 9247 1
5002 4569 1
5002 814 1
5002 4336 1
2110 3362 1
6779 7531 1
6779 6811 1
2126 6036 1
2126 1959 1
2126 3152 1
2126 742 1
2126 2013 1
2126 3649 1
857 4977 1
857 3206 1
7978 4192 1
4091 3529 1
4091 2479 1
4091 629 1
4091 8071 1
4091 8742 1
4091 110 1
4091 4702 1
4091 4618 1
4091 501 1
4091 2170 1
4091 3667 1
4091 1283 1
4091 6038 1
4091 2355 1
4091 109 1
4091 3609 1
4091 7056 1
4091 8526 1
4091 7710 1
4091 4733 1
4091 9365 1
4091 5238 1
4091 2138 1
4091 9368 1
4091 4410 1
1048 9553 1
4712 5401 1
4414 1811 1
3258 765 1
3258 2711 1
3658 5277 1
8385 3631 1
2278 6805 1
2278 4620 1
8015 7819 1
8015 470 1
8015 6258 1
8015 4783 1
8015 4574 1
8015 4248 1
1643 6953 1
3314 4320 1
3699 309 1
9124 4162 1
4122 3229 1
3490 741 1
1910 1966 1
7154 3315 1
7154 8888 1
1119 7725 1
2939 8060 1
2939 6537 1
2939 3441 1
2016 5654 1
2016 5884 1
2016 7305 1
7541 376 1
8752 7171 1
8752 473 1
8752 2564 1
8752 4286 1
8752 8858 1
8752 356 1
8752 627 1
8752 7340 1
8752 2110 1
8752 5979 1
8752 9082 1
8752 5975 1
8752 1893 1
8752 5436 1
2269 6421 1
2269 8527 1
6748 5747 1
9090 1237 1
4509 3358 1
4509 5379 1
4509 8267 1
4509 3428 1
4509 4514 1
4509 143 1
4509 2275 1
1961 4042 1
1961 1857 1
1961 4110 1
1961 3451 1
1961 9221 1
1961 8766 1
1961 9078 1
3708 6422 1
7505 6536 1
7505 8851 1
7505 4763 1
7505 1613 1
727 9623 1
7883 6409 1
9294 9488 1
9294 864 1
9294 4495 1
9294 1881 1
9294 3016 1
9294 8311 1
9294 2122 1
9294 1156 1
9294 4561 1
9294 5598 1
9294 1968 1
9294 5576 1
9294 2938 1
9294 8229 1
9294 1140 1
9294 4608 1
5461 1250 1
4560 9080 1
648 362 1
8576 3968 1
8576 2103 1
5371 1999 1
2745 8622 1
2466 2384 1
9537 5188 1
2808 9525 1
9384 3394 1
4832 1925 1
4832 4464 1
4832 7849 1
4832 2530 1
4832 4484 1
4832 2134 1
6057 8670 1
3046 766 1
3855 8722 1
8654 6012 1
8654 6647 1
8654 4830 1
8654 1244 1
3892 8079 1
7931 1671 1
7931 8972 1
7931 8481 1
7931 6336 1
284 1525 1
284 8246 1
284 8240 1
2459 2015 1
3926 5235 1
3926 329 1
6955 1362 1
6955 1733 1
6011 7693 1
5062 3910 1
420 3977 1
3834 9192 1
3834 2186 1
3834 7351 1
3834 740 1
3834 762 1
3834 8508 1
3834 6318 1
3834 5691 1
3834 9153 1
3834 6661 1
8009 7721 1
5013 3639 1
5896 4816 1
5896 6589 1
4840 8159 1
3877 8927 1
3877 1641 1
4210 2848 1
4321 783 1
2391 3409 1
2391 2800 1
583 6526 1
1987 3940 1
8133 59 1
8133 378 1
6582 9299 1
3027 4849 1
3027 3948 1
8954 3514 1
1636 9642 1
750 7062 1
750 3433 1
750 930 1
750 4689 1
750 9370 1
750 6400 1
750 3476 1
750 5244 1
750 7148 1
750 6047 1
750 5275 1
750 6767 1
750 2199 1
3048 1463 1
3048 9014 1
5885 6670 1
5885 3450 1
5885 7228 1
8613 5 1
8613 4657 1
8613 6664 1
8613 1813 1
8613 985 1
8613 4876 1
8613 5081 1
8613 8040 1
8613 5630 1
7699 9390 1
5855 1940 1
5855 8911 1
5855 9017 1
5855 613 1
3550 1451 1
3550 4860 1
3550 8872 1
3550 670 1
3550 3472 1
3550 9424 1
3550 2498 1
649 5816 1
649 8384 1
649 6686 1
649 2213 1
3759 8610 1
5022 9343 1
3223 8814 1
6650 6897 1
688 5744 1
3954 4395 1
5056 7407 1
5056 7090 1
5056 1698 1
5056 5310 1
5056 3850 1
5056 4430 1
9152 3591 1
4379 8970 1
8235 8807 1
8235 6536 1
8235 4276 1
8235 1613 1
8537 2494 1
7044 7637 1
7044 7302 1
7044 471 1
7044 9418 1
6855 6043 1
6855 1089 1
6855 8286 1
9305 8203 1
8843 5671 1
7422 3400 1
3886 569 1
2809 8437 1
2809 2602 1
2809 7722 1
2809 3846 1
7261 402 1
5085 5055 1
8555 2590 1
8555 6868 1
8555 7629 1
6705 231 1
8961 5438 1
2877 9038 1
5484 179 1
5074 2168 1
5074 7873 1
5074 6437 1
8926 5781 1
9599 7767 1
8171 7995 1
8171 973 1
8171 739 1
8129 1061 1
5423 990 1
5716 292 1
5716 4142 1
5716 2902 1
5716 9148 1
6330 6925 1
8981 4202 1
1247 3000 1
1247 498 1
8904 2860 1
8904 6350 1
5110 405 1
2102 7448 1
2102 9211 1
4885 5048 1
4885 7537 1
9538 4056 1
4337 1762 1
4337 2973 1
4588 8141 1
4588 4378 1
4588 7166 1
2810 603 1
9639 7060 1
1660 4421 1
1660 8225 1
1660 2618 1
3939 5564 1
3749 2404 1
818 2729 1
818 5763 1
8829 65 1
3922 2531 1
5731 5071 1
5495 4671 1
6693 5781 1
1948 6396 1
8179 7218 1
8179 7794 1
8179 3517 1
8179 3939 1
8179 8053 1
8179 5088 1
8179 348 1
3558 2698 1
3558 1373 1
3558 7540 1
3558 5016 1
5415 8244 1
4896 3437 1
2451 6609 1
9628 4058 1
5097 5399 1
1011 5675 1
6303 5031 1
4356 5548 1
4356 3133 1
4356 5594 1
4356 1520 1
5722 9217 1
1319 2592 1
3614 1676 1
3614 3346 1
3614 1361 1
9183 1105 1
841 6906 1
841 2517 1
8063 1913 1
2376 4043 1
1632 1824 1
1632 5879 1
1632 8869 1
1632 8026 1
4824 8076 1
4453 7774 1
9659 4586 1
9659 4786 1
5859 7368 1
1661 3746 1
1661 4106 1
5975 7075 1
225 5092 1
4412 419 1
4412 4029 1
4412 7136 1
4412 7939 1
4412 6555 1
1741 983 1
1741 5558 1
3395 5792 1
1713 8531 1
6866 7123 1
7131 839 1
7131 4839 1
8680 327 1
8680 4965 1
8680 8236 1
8680 9196 1
5028 514 1
5028 1774 1
3327 3309 1
2946 8918 1
5105 4637 1
5105 9475 1
135 6559 1
135 9001 1
135 6392 1
135 9373 1
135 2949 1
135 5537 1
135 567 1
9449 3692 1
9449 8840 1
9449 9349 1
9449 8041 1
9449 2919 1
9449 6128 1
9449 6547 1
9449 5556 1
9449 3772 1
9449 1932 1
9449 1654 1
9449 6806 1
9449 4129 1
9449 2972 1
9449 2722 1
640 2604 1
640 8500 1
999 2229 1
999 9570 1
999 4521 1
8694 8583 1
8694 7161 1
8694 2615 1
8694 303 1
8694 8132 1
8694 8297 1
8694 4848 1
8694 1593 1
8694 2559 1
8694 2579 1
8694 9084 1
8694 5567 1
8694 993 1
8694 876 1
8694 8013 1
5160 1187 1
6639 7476 1
6639 6817 1
6639 7263 1
6639 8090 1
1933 3254 1
9021 8856 1
6486 1618 1
1655 5991 1
417 8805 1
417 392 1
417 706 1
2914 4761 1
4647 4001 1
3371 5297 1
7127 6114 1
7127 5265 1
7127 860 1
7127 7364 1
7127 3088 1
7127 3316 1
3047 1063 1
3047 7120 1
8718 9518 1
6100 8568 1
2301 6968 1
3341 5772 1
8841 4048 1
6775 3674 1
3823 3336 1
3823 6918 1
6668 2929 1
6668 614 1
6668 9439 1
6668 8842 1
6668 2457 1
5838 5534 1
523 227 1
523 6579 1
523 7510 1
523 6540 1
523 7079 1
8231 7967 1
7271 2281 1
6577 5806 1
6577 2318 1
6577 4016 1
6577 7411 1
4305 9004 1
5134 2719 1
5134 4377 1
5134 2041 1
5134 5159 1
3354 7297 1
5118 2757 1
1378 9236 1
8681 4355 1
4931 8226 1
4931 9222 1
4931 4031 1
4931 2725 1
4931 5809 1
4931 3696 1
4931 5124 1
4931 9246 1
4931 3056 1
1409 3285 1
9594 5719 1
9594 6141 1
9594 9495 1
9594 4833 1
9594 281 1
9594 516 1
3728 3323 1
6191 7221 1
6191 588 1
6191 8528 1
6191 214 1
6191 5397 1
2495 5775 1
2545 1704 1
8239 8844 1
8239 2793 1
6653 1431 1
6653 6473 1
6653 4137 1
6653 1409 1
6653 8161 1
2831 5579 1
2831 5430 1
2830 1567 1
6659 3297 1
6659 4436 1
6659 7737 1
6659 3864 1
6659 8507 1
6659 4666 1
422 5994 1
8294 3915 1
996 679 1
996 5199 1
1720 7323 1
1720 369 1
1720 7715 1
1720 5833 1
8880 5525 1
7959 2694 1
7405 7582 1
7405 5086 1
7405 635 1
7405 3186 1
7405 1664 1
7405 2434 1
7405 8408 1
7405 1055 1
7405 6465 1
7405 6261 1
7405 1555 1
7405 77 1
7405 4172 1
7405 7251 1
7405 4062 1
7405 3831 1
7405 6495 1
7405 1076 1
7405 5002 1
7405 1287 1
7405 4575 1
7405 8973 1
7405 6631 1
7405 948 1
7405 6994 1
7405 8854 1
7405 4813 1
7405 4491 1
7405 3055 1
7405 1221 1
7405 6835 1
7405 6028 1
7405 4227 1
2203 1313 1
7268 5077 1
4877 3887 1
4877 6206 1
4877 1578 1
4877 3493 1
6969 6266 1
6969 6377 1
6082 280 1
6082 4451 1
6082 7157 1
6082 1422 1
6082 6431 1
6082 5396 1
6082 4796 1
6082 683 1
6082 615 1
6082 4434 1
239 1969 1
3878 4655 1
8823 2079 1
8823 6033 1
8823 713 1
6859 7416 1
6859 1210 1
6859 5713 1
6859 7043 1
6859 7419 1
3725 8307 1
3418 9145 1
3418 8490 1
3418 7114 1
3418 2108 1
3418 5804 1
3418 3596 1
3418 7068 1
3418 9202 1
901 2501 1
901 6265 1
3389 3011 1
7155 3570 1
4279 2066 1
2268 7590 1
5743 101 1
7469 1301 1
5305 4642 1
5305 9347 1
9026 5894 1
5843 9313 1
8188 6759 1
8188 2818 1
924 6408 1
373 981 1
5741 6915 1
6080 4838 1
6080 9429 1
6080 9664 1
3865 3544 1
3865 9361 1
5841 8451 1
5841 828 1
2857 747 1
2857 9594 1
8412 489 1
8412 5450 1
6438 5102 1
1519 1069 1
1519 4565 1
4941 9028 1
1274 1180 1
7867 5068 1
6877 2807 1
6877 1388 1
8551 6215 1
414 9023 1
7746 7243 1
5240 1527 1
5240 6088 1
8053 1286 1
8048 1243 1
6954 4187 1
3448 8441 1
937 238 1
261 5698 1
5084 1992 1
5233 5886 1
5233 5810 1
5233 3832 1
5233 1354 1
5233 4780 1
5233 8833 1
2213 8444 1
2213 1398 1
2213 3956 1
2213 8621 1
4280 695 1
4280 3856 1
4280 6805 1
4280 8774 1
4280 2893 1
4280 6025 1
4280 8726 1
4280 1204 1
6652 5020 1
7841 3401 1
5955 9590 1
5955 5547 1
2330 2414 1
2330 8047 1
2330 8832 1
877 2440 1
877 3992 1
877 735 1
877 6329 1
877 4538 1
8850 3392 1
8850 5976 1
1416 8975 1
2198 4661 1
9069 5925 1
9069 2652 1
4604 4836 1
4604 7589 1
8859 7432 1
8859 3154 1
8859 9677 1
8859 1491 1
8859 3105 1
8859 3980 1
8859 8180 1
8859 5046 1
8859 885 1
8859 1396 1
1027 9072 1
1027 1538 1
1027 164 1
1027 234 1
407 1555 1
407 948 1
36 6001 1
6880 9566 1
7352 2156 1
213 6793 1
6054 158 1
6709 4032 1
6709 4613 1
1638 3443 1
1638 6202 1
1638 9556 1
7204 6907 1
7204 4701 1
8543 4991 1
3860 3655 1
9035 4978 1
5050 1784 1
5050 1575 1
2481 8257 1
2481 9591 1
2481 480 1
2481 7003 1
2481 2548 1
2481 944 1
1487 9447 1
9559 3982 1
1459 7119 1
6037 6281 1
9097 1497 1
9130 5964 1
9130 9212 1
9130 89 1
5946 2928 1
5946 4505 1
4897 8800 1
1103 7377 1
1867 5120 1
1867 7926 1
1867 1672 1
1867 9629 1
1867 8176 1
1867 6042 1
1867 1423 1
1867 3842 1
1867 1961 1
1867 4126 1
1867 5281 1
1867 3452 1
1867 7761 1
1867 5966 1
1867 2244 1
1867 6794 1
1759 3259 1
6567 3145 1
6567 148 1
9527 2940 1
9303 9066 1
945 1591 1
945 6809 1
1749 812 1
1749 7371 1
1749 804 1
1749 9141 1
3909 5930 1
2516 4752 1
2516 6828 1
7579 7875 1
1368 3146 1
1368 1390 1
1368 2362 1
1368 5065 1
1368 1411 1
1368 3929 1
1368 5680 1
1368 8491 1
1368 6240 1
1368 960 1
1368 8173 1
1368 7341 1
1368 9388 1
1368 5647 1
1368 1843 1
1368 8577 1
1368 694 1
1368 8185 1
1368 6283 1
1368 8682 1
1368 1855 1
5501 7013 1
5501 1375 1
7615 9600 1
7615 7960 1
5397 2705 1
5397 9282 1
5397 4697 1
511 168 1
384 2575 1
3360 9079 1
3360 7262 1
3360 3613 1
5212 1829 1
7122 8987 1
7122 3756 1
7122 4145 1
7122 8197 1
7122 943 1
7122 2338 1
7122 8397 1
7122 7953 1
7122 8287 1
9572 3081 1
1337 5661 1
542 2066 1
8713 4814 1
8713 7968 1
8675 5527 1
3050 3553 1
2080 7911 1
2080 1541 1
2080 2340 1
2080 1911 1
2080 6796 1
2080 8377 1
2080 2006 1
2080 5221 1
4105 3624 1
4105 8208 1
2883 3769 1
5607 1860 1
5607 7307 1
6048 5880 1
6048 6448 1
6048 8969 1
6048 9567 1
6048 9134 1
6048 1161 1
6048 2791 1
6048 8086 1
6048 893 1
2166 8948 1
2166 5271 1
9207 3793 1
9207 482 1
7256 8055 1
4278 7025 1
9598 3959 1
9598 5032 1
3656 7604 1
5131 5736 1
5131 5197 1
4687 1803 1
7702 5971 1
2212 9641 1
5623 4924 1
8065 1387 1
8065 1179 1
8065 4903 1
8065 3509 1
7386 3322 1
8679 1985 1
7504 6195 1
7504 5514 1
6374 4821 1
6374 8931 1
6374 6302 1
6374 7594 1
6374 1118 1
6374 2263 1
4461 8323 1
1808 9466 1
222 7700 1
222 8264 1
9232 1144 1
9232 8614 1
9232 3742 1
1438 6263 1
3222 5917 1
780 3861 1
4272 9420 1
2188 1677 1
1332 6872 1
1332 5099 1
1332 2598 1
1332 23 1
1332 906 1
1332 718 1
1332 8631 1
1332 1550 1
1332 3197 1
1332 8474 1
1332 6760 1
1332 3310 1
1332 7665 1
1332 6875 1
1332 2786 1
1332 8809 1
1332 9662 1
1332 5669 1
1332 2987 1
1332 5345 1
1332 5716 1
1332 3558 1
1332 7624 1
1332 5657 1
1332 1033 1
8274 8303 1
8274 2971 1
8274 450 1
8274 824 1
8274 3620 1
8274 1702 1
8274 1539 1
8274 4088 1
8274 5059 1
8274 3962 1
8274 7154 1
8274 9670 1
8274 6200 1
8909 1239 1
724 5903 1
689 4906 1
689 2770 1
689 7588 1
4156 2986 1
4156 1039 1
4156 8357 1
4156 6382 1
4156 5739 1
4156 6810 1
4156 1797 1
1028 8865 1
7876 325 1
5346 2661 1
5346 8059 1
1049 8029 1
6626 448 1
6107 5516 1
6107 6450 1
6107 6943 1
6107 4897 1
6107 1806 1
6743 6485 1
5038 5612 1
9132 6887 1
9132 8421 1
9132 5619 1
9132 9059 1
6565 4017 1
2326 215 1
2326 6303 1
2326 6077 1
322 7072 1
8517 9044 1
8517 1589 1
8517 7331 1
8517 826 1
5863 1537 1
1298 6585 1
6994 8683 1
6994 6719 1
6994 1400 1
6994 609 1
31 8855 1
31 6444 1
31 2297 1
31 3779 1
7581 7124 1
7581 2872 1
7581 6311 1
7581 519 1
7581 2335 1
7581 6133 1
7581 5865 1
7581 7493 1
7581 7852 1
7581 5175 1
7581 5157 1
3835 5524 1
3835 7780 1
3835 1764 1
3835 3592 1
3835 4390 1
3835 1883 1
5729 3111 1
831 7217 1
831 6831 1
831 4606 1
831 4197 1
831 8537 1
831 4629 1
8193 4332 1
9197 2998 1
9197 5649 1
9197 515 1
9197 9022 1
1511 3080 1
763 6253 1
6640 2418 1
9472 1505 1
2647 102 1
4073 7125 1
4073 3177 1
4073 2095 1
4073 5374 1
4073 1389 1
4073 4609 1
1794 2474 1
1794 6501 1
1794 1900 1
1794 599 1
1794 9603 1
1794 190 1
1794 892 1
1794 4053 1
1794 1906 1
1794 4061 1
1794 800 1
1794 3727 1
3748 4216 1
9611 5323 1
8004 9332 1
8004 1435 1
8004 843 1
3372 246 1
3372 457 1
3372 4173 1
3372 7908 1
3372 7631 1
3372 4584 1
3372 3356 1
3372 7499 1
3372 5774 1
3690 434 1
6285 6460 1
6285 1819 1
6285 9273 1
2766 5262 1
2766 3377 1
2766 8495 1
2361 8685 1
8925 5604 1
8925 8907 1
8925 8625 1
8925 9367 1
8925 6619 1
7051 1181 1
7411 5382 1
1131 2788 1
4012 1174 1
2065 5653 1
9326 1425 1
1868 5533 1
7927 2982 1
7927 658 1
7927 3805 1
3498 1649 1
3867 4855 1
2974 2430 1
2974 3564 1
2974 1628 1
4507 888 1
4507 9208 1
4507 8214 1
4507 1036 1
4507 2565 1
4507 1864 1
176 2019 1
176 6604 1
176 8824 1
176 9312 1
176 9040 1
176 2941 1
176 536 1
176 3424 1
176 1814 1
176 894 1
176 7527 1
176 5530 1
176 8733 1
176 1097 1
176 7552 1
139 4759 1
139 3607 1
139 3747 1
139 4869 1
139 2481 1
139 3050 1
139 6626 1
6838 1052 1
1566 9465 1
1153 903 1
1153 5107 1
9083 4102 1
2546 572 1
3161 5945 1
3161 8064 1
6207 6580 1
6207 4865 1
6207 6160 1
6207 58 1
6207 6764 1
6207 484 1
6207 2907 1
6207 201 1
6207 8258 1
6207 875 1
6207 5350 1
3172 1768 1
9417 8213 1
2918 7334 1
2599 7338 1
8599 7335 1
95 3687 1
95 8375 1
95 1938 1
6403 4676 1
6403 6821 1
3727 2933 1
3727 5857 1
3727 2714 1
2976 7055 1
1200 626 1
1200 3099 1
4629 7486 1
4629 6430 1
4629 2179 1
4629 9268 1
4629 4686 1
3902 5070 1
3902 663 1
3902 1954 1
3902 547 1
3902 5426 1
3902 917 1
3902 8232 1
3902 2046 1
3902 8251 1
3902 3222 1
3902 726 1
9674 9112 1
9674 667 1
9674 7858 1
9674 592 1
2347 4184 1
1360 607 1
4410 9440 1
2900 2959 1
6089 5341 1
3457 4607 1
3457 2446 1
3457 9543 1
3457 2983 1
3457 2562 1
3457 8905 1
3457 3009 1
3457 8456 1
3457 1928 1
3457 7424 1
3457 6304 1
3457 7298 1
3457 5329 1
3457 8275 1
3457 6937 1
3457 4091 1
3457 4713 1
3457 5855 1
3457 649 1
3457 5728 1
3457 4593 1
3457 2333 1
3457 811 1
3457 3656 1
561 2831 1
6697 776 1
6697 8813 1
6697 8146 1
4246 9531 1
8369 1226 1
2700 4475 1
8985 1211 1
7201 6321 1
7201 1585 1
4721 8061 1
4721 5207 1
9023 1484 1
6777 5765 1
5679 8651 1
5679 443 1
3055 5390 1
3055 347 1
794 6931 1
794 5254 1
794 6704 1
2758 208 1
2758 1198 1
2758 4138 1
2758 7903 1
2777 1601 1
2777 8940 1
3651 2486 1
8853 4905 1
8853 5113 1
7549 4350 1
5566 343 1
5566 3308 1
5566 4582 1
7608 8753 1
6196 5336 1
6196 9157 1
5753 8390 1
5753 7786 1
5753 7236 1
8761 6679 1
8761 2048 1
2137 6346 1
2137 5276 1
2137 7538 1
2137 1035 1
2137 2628 1
2137 8024 1
2137 4433 1
2137 6620 1
6354 3937 1
7872 6394 1
3792 1866 1
2845 643 1
2845 3191 1
2845 517 1
6835 8123 1
6835 7291 1
5749 4729 1
6940 2855 1
4295 3706 1
4295 6928 1
4205 7018 1
428 5936 1
4161 842 1
4161 6781 1
4161 4698 1
4971 2965 1
4971 8279 1
4971 7301 1
2357 5367 1
3966 7027 1
3966 5873 1
3966 7885 1
3970 9496 1
3970 2043 1
9166 5974 1
9166 4274 1
9166 2311 1
9166 1694 1
4624 8550 1
43 3004 1
5194 5942 1
5384 6211 1
8564 2078 1
8564 8393 1
8564 2970 1
6663 4981 1
6663 3806 1
6663 8097 1
6663 6443 1
6663 5513 1
6755 8036 1
9203 2866 1
4148 8787 1
4446 6965 1
4446 7300 1
4446 2573 1
5168 7242 1
5168 1880 1
5168 368 1
5168 4726 1
2520 7639 1
2520 6699 1
2520 5929 1
2520 7835 1
2520 3369 1
2520 4298 1
2520 7905 1
2520 4543 1
2520 3522 1
6903 4568 1
8332 2111 1
5348 3246 1
2723 1997 1
1603 8959 1
1603 2961 1
893 2759 1
893 7963 1
893 9191 1
893 8967 1
1021 3567 1
1668 391 1
1668 6600 1
1668 7777 1
1668 6256 1
1668 1946 1
3963 1974 1
3963 5108 1
3963 1228 1
3963 424 1
3963 4587 1
3963 3284 1
3963 3174 1
3963 6671 1
3963 8425 1
3963 9661 1
2536 4090 1
2536 5498 1
7301 6213 1
4140 8480 1
348 7355 1
9039 7110 1
9039 7339 1
9039 4408 1
9039 5316 1
4926 1800 1
1251 2315 1
1251 5942 1
1251 1279 1
1251 4431 1
458 3744 1
458 7198 1
458 589 1
7546 7076 1
7546 7014 1
7546 4160 1
7546 2610 1
7546 3051 1
8000 3069 1
9078 3616 1
9078 4594 1
9078 7734 1
2071 6479 1
3042 5904 1
1453 5176 1
8265 1365 1
3200 3911 1
3200 8221 1
3200 9115 1
3200 2352 1
3200 6386 1
3200 3671 1
1936 622 1
5324 308 1
5324 7770 1
5324 9597 1
5324 4470 1
5324 9613 1
5324 1788 1
5324 4764 1
5324 6131 1
5324 580 1
5324 7815 1
5324 3984 1
5324 2861 1
5324 9593 1
5324 5268 1
5324 9648 1
1766 6236 1
9005 3818 1
9005 3947 1
9005 6393 1
949 5425 1
4371 6519 1
6893 577 1
6893 1417 1
6893 6185 1
6893 8497 1
6893 3124 1
6893 427 1
6893 12 1
6893 5475 1
4668 2880 1
847 6862 1
847 6475 1
847 8433 1
6967 7212 1
6967 5149 1
6967 5253 1
6967 8150 1
6967 2396 1
6967 7137 1
6967 6032 1
538 8122 1
538 5274 1
17 5688 1
3598 6499 1
3598 7952 1
3598 1197 1
3598 8256 1
3598 3923 1
1889 1602 1
1889 2251 1
8068 7337 1
8068 8025 1
5681 8297 1
4939 3916 1
4939 237 1
7656 3955 1
8276 6573 1
8276 344 1
5911 463 1
5496 4303 1
5496 9147 1
8196 2262 1
8196 8449 1
737 5453 1
737 3202 1
1878 3917 1
9169 5844 1
9169 2342 1
9169 3634 1
9169 4224 1
9169 5950 1
9169 8492 1
7552 1690 1
7552 7727 1
7552 4717 1
7552 5489 1
6754 2658 1
6754 3201 1
8692 8130 1
8996 333 1
526 7384 1
526 3382 1
5614 2811 1
7420 2742 1
5291 3373 1
3640 7180 1
9356 9362 1
9356 4911 1
9356 597 1
4415 4478 1
4415 83 1
4415 4383 1
4415 3585 1
4415 3396 1
4415 9055 1
4415 8315 1
4415 5965 1
4415 8618 1
4415 2461 1
4415 7512 1
4415 8387 1
4415 3698 1
4415 6083 1
4415 1810 1
4415 7451 1
4415 7244 1
4415 1444 1
4415 5531 1
4415 1345 1
4415 9107 1
4415 411 1
4415 1721 1
4415 269 1
4415 2785 1
4415 433 1
4415 2956 1
4415 8579 1
4415 7673 1
4415 1447 1
4415 3583 1
8993 2255 1
9239 5220 1
9239 1752 1
9239 2756 1
9239 370 1
9239 8268 1
9239 189 1
1839 9398 1
1839 6357 1
674 6078 1
1650 7792 1
1650 5010 1
1650 8974 1
1650 7317 1
2000 6123 1
2000 437 1
2000 2472 1
2000 6690 1
2542 7140 1
2201 9620 1
2201 9378 1
2201 4115 1
2201 5227 1
2201 7845 1
2201 8016 1
2201 6812 1
2201 1844 1
4114 2859 1
1168 7037 1
1168 4512 1
8031 6337 1
8064 7924 1
8064 6469 1
8064 9118 1
8064 3261 1
8064 6703 1
8064 4621 1
8064 7117 1
8064 4551 1
8064 1633 1
8064 9250 1
8064 6067 1
8064 2528 1
8064 8171 1
8064 7959 1
8064 2623 1
8064 2576 1
8064 8215 1
8064 6632 1
5948 898 1
5948 7061 1
5948 1884 1
5948 5183 1
5948 40 1
5948 6855 1
8708 80 1
8708 9474 1
8708 6737 1
8708 9296 1
8708 883 1
8708 3001 1
8708 8626 1
8708 8368 1
4630 2696 1
3227 3271 1
3227 445 1
3520 5266 1
3520 9455 1
3520 135 1
3520 5988 1
3520 5871 1
3973 938 1
3973 454 1
3973 8958 1
3973 2353 1
3973 2549 1
8953 9425 1
8953 5770 1
8953 7830 1
1140 2337 1
1140 2856 1
1140 4291 1
8917 9286 1
1380 3406 1
1396 951 1
8729 7610 1
8729 8452 1
8729 9625 1
8729 2734 1
8729 4096 1
8729 3280 1
8729 8 1
8729 3413 1
9119 4113 1
9119 8164 1
9119 2363 1
9119 5818 1
9119 4826 1
9119 6878 1
9119 1786 1
9119 4740 1
9119 6104 1
9119 5856 1
9119 1475 1
9119 720 1
9119 403 1
9119 4108 1
9119 8929 1
9119 4863 1
9119 4576 1
617 6484 1
6651 30 1
2678 3879 1
2182 9281 1
8149 7121 1
8149 5087 1
8149 1113 1
8149 1001 1
8149 313 1
8149 6558 1
8149 2444 1
8149 1648 1
8149 3621 1
8149 1767 1
8149 1378 1
8149 6607 1
8149 1681 1
8149 5272 1
1374 1439 1
9523 6287 1
1775 3028 1
1775 3352 1
7979 8266 1
7979 1874 1
7979 3623 1
7979 7868 1
7979 5255 1
8344 2684 1
8344 5139 1
8344 395 1
8344 6294 1
8344 4290 1
8344 940 1
8344 7481 1
3099 1665 1
7458 6552 1
4245 4853 1
4245 4753 1
4245 5459 1
4245 9050 1
4245 4131 1
4245 2846 1
6871 555 1
6769 9306 1
1532 6001 1
659 6447 1
659 1799 1
7592 3125 1
7592 8269 1
7592 1777 1
7592 7840 1
7592 5376 1
4136 3652 1
4136 2214 1
4136 4030 1
4375 2637 1
4375 5588 1
4375 6277 1
730 634 1
3534 2096 1
3534 5083 1
3534 8828 1
982 8109 1
1109 806 1
1109 2797 1
1109 5638 1
6560 2000 1
6770 9064 1
5589 101 1
1779 8962 1
4271 3852 1
4271 4985 1
2892 2571 1
2892 6147 1
6178 8148 1
2464 3155 1
2464 5542 1
2464 4174 1
4956 203 1
4956 6331 1
969 7616 1
1090 936 1
1090 8662 1
3193 4735 1
3193 9426 1
3193 2083 1
175 6534 1
175 5432 1
7582 9073 1
7582 8611 1
7582 444 1
4076 5634 1
4076 3713 1
4076 1212 1
4076 8093 1
4076 3839 1
7324 1077 1
7324 4963 1
2018 1609 1
3054 3723 1
3054 8620 1
3054 3230 1
3054 7532 1
3054 3505 1
3054 8897 1
3054 4994 1
3054 9201 1
3054 9007 1
3054 2118 1
5115 331 1
1568 7524 1
1568 4526 1
1568 5692 1
1568 1748 1
1568 5662 1
790 4226 1
790 4394 1
790 8098 1
790 9665 1
9048 78 1
4779 5898 1
5993 5127 1
8060 8312 1
8060 7417 1
8060 111 1
4754 9487 1
4754 5944 1
4754 2666 1
4754 2280 1
7758 7923 1
7758 7101 1
8250 7730 1
5086 2050 1
5086 8634 1
5086 3551 1
5086 1255 1
635 3513 1
2917 6401 1
6384 8873 1
3186 6549 1
4008 9596 1
4008 4437 1
5516 1170 1
3181 5468 1
112 612 1
3159 7831 1
8101 5511 1
8101 8217 1
8178 6627 1
8178 905 1
8959 4467 1
7273 7671 1
7273 1646 1
7273 500 1
7273 5169 1
7273 9162 1
6791 8556 1
3533 8381 1
3533 5802 1
3358 3033 1
2598 6497 1
2598 3539 1
5338 6161 1
7643 8281 1
7643 8364 1
7643 47 1
7643 3466 1
6613 6633 1
6613 8121 1
8723 365 1
1686 3945 1
1686 7874 1
1686 5890 1
1686 2245 1
1686 2485 1
1686 3138 1
1686 9167 1
1686 5101 1
1686 1025 1
1686 3863 1
1686 9504 1
1686 9110 1
1686 2174 1
1686 4066 1
1686 7850 1
1686 5643 1
1686 2420 1
1686 3123 1
1686 8725 1
1686 3302 1
367 8643 1
367 2031 1
367 7138 1
355 2009 1
1913 8836 1
1913 3543 1
1913 2547 1
6604 5208 1
6604 6966 1
6604 1149 1
6604 4812 1
6604 755 1
4252 2803 1
6575 3636 1
8984 7070 1
8984 5503 1
8984 6338 1
8984 4021 1
8984 6369 1
8984 4968 1
8984 6121 1
8984 96 1
8984 4258 1
8984 9322 1
8984 5182 1
8984 199 1
6977 9430 1
8008 1308 1
2329 2374 1
1341 752 1
1341 6734 1
1341 4263 1
1341 2738 1
1341 1488 1
1130 6901 1
6908 7688 1
2759 1849 1
5116 3232 1
7785 5037 1
7647 5096 1
7647 9395 1
7647 7916 1
7647 6027 1
7647 264 1
7647 6890 1
9302 2306 1
9302 5829 1
9302 7118 1
9302 2537 1
599 9123 1
923 5523 1
923 2913 1
8103 7584 1
6726 3938 1
6726 3265 1
477 5413 1
477 3807 1
477 1120 1
477 2675 1
477 9075 1
477 1122 1
477 2812 1
477 4044 1
2033 4800 1
2033 8241 1
3977 423 1
5232 5455 1
6111 4585 1
6111 3646 1
6111 8399 1
6111 4237 1
6111 7342 1
6818 5662 1
7314 8304 1
5466 3527 1
5466 20 1
5466 9131 1
5466 7957 1
5466 2117 1
5466 7993 1
5466 4925 1
5466 660 1
5466 8416 1
5466 2779 1
5466 3981 1
5466 8316 1
5466 2036 1
5466 4744 1
5466 2594 1
5466 8340 1
5466 4751 1
5466 2632 1
5466 2316 1
5466 6752 1
5466 802 1
5466 9334 1
7098 5824 1
9117 2988 1
6790 2760 1
2242 7318 1
2242 7944 1
2242 5452 1
2242 8443 1
2242 1142 1
2242 4810 1
6766 2730 1
6766 188 1
6766 3397 1
6766 3741 1
6766 7482 1
6766 8839 1
6766 4493 1
4103 8372 1
4103 7490 1
1357 8956 1
1357 9352 1
2256 531 1
2256 7183 1
2256 9094 1
2256 4386 1
5819 2638 1
5819 4333 1
5819 2763 1
2574 5895 1
2574 1706 1
2574 7842 1
2574 767 1
5709 2412 1
5709 5849 1
5709 1978 1
5709 6964 1
9164 4026 1
9164 5215 1
9164 2823 1
9164 6181 1
9164 5162 1
9164 4913 1
9164 2942 1
7362 4153 1
4729 302 1
2562 7660 1
2562 4921 1
8077 1479 1
2851 6807 1
2851 1705 1
2851 2767 1
5089 8584 1
9431 3015 1
9431 1989 1
9431 1522 1
9431 8438 1
9431 1899 1
9431 2884 1
2683 2238 1
2683 2325 1
4470 1658 1
4470 5136 1
7557 5299 1
9161 4072 1
9161 2772 1
6948 1296 1
1923 3398 1
1923 340 1
1923 3192 1
1923 5249 1
1923 4652 1
1923 9301 1
1923 1236 1
1923 6771 1
1923 3969 1
1923 9614 1
1923 1835 1
1923 3735 1
1923 5932 1
1923 8160 1
1923 733 1
1923 7374 1
1923 3951 1
1923 8406 1
1923 3075 1
4332 4750 1
8891 3007 1
8891 6987 1
1918 1346 1
1918 4776 1
5301 3002 1
5301 9102 1
5301 1572 1
5301 798 1
5301 7578 1
5301 2343 1
5301 8930 1
5301 6802 1
5301 4400 1
5301 4214 1
5301 3512 1
5301 5445 1
2385 2515 1
1791 4482 1
1791 954 1
1791 8095 1
8035 1297 1
4492 3750 1
4244 4035 1
7226 5321 1
7226 6756 1
4563 7149 1
4563 287 1
3530 6360 1
5438 7094 1
8113 2852 1
2965 4396 1
5696 2512 1
9374 1549 1
317 3094 1
317 3989 1
317 94 1
4752 398 1
4752 8735 1
9595 2032 1
9595 4362 1
9595 9371 1
9595 1064 1
9595 8582 1
9595 3737 1
9595 3210 1
4053 4034 1
7077 3862 1
7077 4947 1
1927 8866 1
1963 4026 1
1963 5215 1
1963 2823 1
1963 6181 1
1963 5162 1
1963 5239 1
6667 3445 1
6667 9031 1
8088 7246 1
8088 5706 1
8088 2841 1
8088 3113 1
8088 2070 1
8088 5269 1
8088 9545 1
8088 196 1
8088 4003 1
7441 7984 1
7441 4411 1
7441 2873 1
7441 5206 1
7441 871 1
5920 4477 1
5920 6307 1
5920 2616 1
5920 5956 1
5920 6415 1
5920 1468 1
5920 2084 1
5920 1611 1
5920 293 1
5920 3035 1
5920 760 1
5237 7802 1
5237 3405 1
5237 3347 1
5237 9179 1
5237 5502 1
5237 7169 1
5237 21 1
5237 7874 1
5237 4875 1
7219 2894 1
5852 8684 1
5852 283 1
2045 1278 1
2045 9588 1
2045 4690 1
2045 5959 1
1434 4536 1
2663 2873 1
2663 5900 1
2663 8743 1
1906 6692 1
3905 1492 1
3905 2366 1
3905 1454 1
3905 1674 1
3905 598 1
3905 8785 1
3905 409 1
3905 1765 1
3905 4664 1
3905 1773 1
3245 1182 1
3245 9564 1
3245 8110 1
3245 4597 1
3245 4825 1
3245 2425 1
3245 5476 1
3245 849 1
446 5343 1
446 3532 1
446 6324 1
8337 6554 1
7199 4854 1
7199 9045 1
7199 6677 1
7199 8997 1
7199 2462 1
7199 7994 1
7199 911 1
7199 4625 1
3083 9041 1
3083 1851 1
3083 4731 1
3083 9126 1
3083 1232 1
917 6635 1
5509 9633 1
6827 2775 1
6827 4477 1
3747 3118 1
3747 7229 1
3747 1714 1
3747 1908 1
3747 406 1
3747 9234 1
3747 8329 1
3747 5163 1
3747 7390 1
3747 5663 1
3747 5940 1
3747 4923 1
3747 850 1
3747 922 1
3747 1732 1
3747 7367 1
3747 986 1
3747 7312 1
3747 9098 1
3747 3949 1
3747 2649 1
3747 3156 1
3747 4312 1
3747 8431 1
3747 2815 1
5058 3722 1
9091 1186 1
9091 8696 1
169 7069 1
169 7652 1
169 7862 1
8223 889 1
8223 4071 1
2004 9344 1
9536 3965 1
2125 7663 1
9581 2921 1
9423 6929 1
6471 8482 1
6471 2519 1
6471 9266 1
1875 594 1
1875 8623 1
1875 6938 1
1875 3211 1
1875 1310 1
1875 2373 1
4606 8498 1
8378 5406 1
6292 3691 1
349 543 1
6615 6099 1
6615 4997 1
7384 5668 1
7384 3470 1
7384 2589 1
7384 1185 1
7128 753 1
374 6241 1
4819 270 1
4819 6909 1
6873 3918 1
9290 436 1
5626 6094 1
9667 7983 1
9667 5467 1
9667 7748 1
9667 483 1
1384 4013 1
7757 496 1
7757 4724 1
7757 2550 1
7757 5454 1
3894 3897 1
2886 972 1
369 4892 1
369 2926 1
6680 7904 1
6680 9386 1
6680 1220 1
6680 25 1
6680 5750 1
6680 7928 1
6680 2014 1
5629 751 1
5629 7800 1
5629 582 1
5629 4249 1
521 5518 1
8465 6551 1
2923 1865 1
2923 4767 1
2923 8912 1
2923 3126 1
4327 6002 1
1740 4442 1
3369 6150 1
3345 2868 1
3345 1257 1
9147 5631 1
2142 5639 1
2142 2853 1
2142 3303 1
5669 3365 1
5669 3628 1
5669 928 1
5669 2303 1
5669 2489 1
7437 1046 1
7437 2183 1
389 9101 1
389 3790 1
389 1044 1
389 2387 1
2352 9615 1
2352 375 1
6856 6842 1
6856 3635 1
6856 6052 1
6856 2750 1
5878 2524 1
2563 8002 1
4304 9542 1
4669 7799 1
4669 8252 1
9120 3267 1
9120 5864 1
6537 1688 1
3024 4269 1
3024 7200 1
4551 2743 1
4551 1311 1
4551 1831 1
910 6930 1
910 8649 1
910 9481 1
3562 2993 1
3562 1002 1
9310 321 1
9634 8117 1
9634 5150 1
9634 6146 1
6783 2296 1
2559 4633 1
8976 2483 1
8976 6921 1
6998 6841 1
6799 2155 1
1560 2112 1
3859 3059 1
3859 4722 1
990 8875 1
7886 8818 1
7886 3633 1
7886 8889 1
7886 6157 1
7886 6343 1
7886 7388 1
7886 8667 1
7886 388 1
8218 8298 1
5600 6888 1
5600 1175 1
5600 575 1
5600 2216 1
5600 7817 1
5600 1464 1
5600 3953 1
3799 254 1
3799 861 1
3799 867 1
5004 7477 1
5004 2339 1
5004 5483 1
5004 1565 1
5004 9204 1
5004 6731 1
5004 5977 1
5004 7743 1
5004 4094 1
5004 3589 1
5835 6683 1
5835 2953 1
5835 8736 1
5835 1151 1
4195 2024 1
7313 7550 1
5315 1587 1
5459 5701 1
1633 2507 1
1633 2171 1
1633 3434 1
1633 1059 1
1633 1442 1
1633 4277 1
5601 9009 1
1433 5866 1
1433 6375 1
8384 3724 1
8384 7518 1
492 6904 1
492 2209 1
492 8955 1
1692 7634 1
178 5161 1
178 4176 1
6724 1196 1
6724 4532 1
6718 1897 1
2578 6845 1
2578 4330 1
2578 2558 1
2578 8980 1
3982 2234 1
4157 1115 1
4157 8463 1
4157 7427 1
6177 3387 1
6177 1155 1
6177 9324 1
1726 1273 1
1726 7489 1
1726 9354 1
1726 9503 1
1726 3837 1
1726 6117 1
1726 8565 1
4194 2298 1
8541 2648 1
8541 6983 1
8541 961 1
8541 6932 1
8541 8822 1
5599 218 1
5599 6725 1
5599 5164 1
5599 2978 1
7769 9155 1
7769 3637 1
7769 6188 1
7769 55 1
7769 7330 1
7769 7892 1
7769 3388 1
7769 1043 1
7769 7102 1
7769 9342 1
7769 4807 1
7769 5850 1
7769 529 1
7769 7519 1
7769 7005 1
7769 4708 1
7769 7153 1
7769 2189 1
7769 8775 1
7769 4251 1
7769 9043 1
7769 3240 1
7769 8916 1
7769 7732 1
3980 4919 1
3980 6413 1
3980 7878 1
3980 3919 1
3235 162 1
3235 6065 1
3235 6087 1
3235 4497 1
3569 1536 1
3659 5145 1
5906 4930 1
6199 3374 1
8389 4460 1
8389 7677 1
7706 3473 1
6429 6168 1
6429 6452 1
5159 801 1
7806 5202 1
6042 6979 1
884 3277 1
1156 8050 1
1156 7731 1
3441 7803 1
4670 4319 1
4670 3704 1
4670 9592 1
4670 2239 1
4670 9353 1
4670 4233 1
4670 5519 1
4670 586 1
4670 1742 1
4670 8352 1
4670 24 1
4382 6672 1
4382 6243 1
4382 7461 1
1612 6882 1
1612 9168 1
1612 5009 1
1612 4075 1
1612 7001 1
1612 6149 1
1612 9355 1
1612 8280 1
2712 7026 1
2712 2 1
2712 4553 1
2712 1094 1
1355 8574 1
7611 9240 1
7611 7143 1
6656 7893 1
6656 7719 1
6656 9621 1
6656 4501 1
6656 9182 1
6656 1493 1
6656 39 1
6656 1709 1
6656 2527 1
6656 4504 1
6656 5947 1
8052 7215 1
8052 6782 1
8052 7755 1
8052 1382 1
8052 2754 1
8052 7116 1
693 3717 1
1164 4404 1
5005 7651 1
2656 7585 1
2656 1177 1
2656 4123 1
2727 8462 1
2727 6706 1
2727 4579 1
2727 9315 1
6449 3062 1
6449 8461 1
403 7175 1
403 904 1
403 3796 1
6927 5893 1
5416 3812 1
7341 3673 1
2593 6701 1
2593 5545 1
2593 975 1
2593 3584 1
4869 3143 1
4869 4952 1
4869 7227 1
4869 2507 1
7887 7691 1
7594 1750 1
7277 4452 1
7277 5319 1
7277 3061 1
5760 3762 1
3353 675 1
3353 6376 1
3353 1303 1
3427 4873 1
2864 6736 1
5002 6007 1
5002 8910 1
5002 1214 1
2110 4340 1
6779 4781 1
2126 1207 1
2126 6739 1
2126 9220 1
2126 7453 1
2126 7167 1
2126 4439 1
2126 8422 1
2126 3891 1
2126 3761 1
2126 7695 1
4091 2290 1
4091 7269 1
4091 6960 1
8385 4036 1
2278 8580 1
2278 4086 1
8015 7533 1
8015 3185 1
3490 1629 1
742 3139 1
8752 1562 1
8752 1850 1
8752 6144 1
8752 1514 1
1961 7478 1
1961 8460 1
1961 2533 1
1961 7146 1
1961 6260 1
9294 9265 1
9294 6472 1
9294 9341 1
5271 1885 1
5271 7989 1
5271 1071 1
5371 5552 1
5371 4577 1
8654 8022 1
4878 341 1
4878 4927 1
4878 4762 1
4878 3913 1
3834 7289 1
3834 6090 1
7328 8255 1
7328 8768 1
7328 8326 1
4713 6005 1
3903 8779 1
4210 1506 1
4210 6521 1
3027 3661 1
3027 9218 1
3027 286 1
3027 8189 1
3027 6085 1
750 4572 1
750 9228 1
750 1960 1
750 3084 1
750 4366 1
750 9350 1
750 3340 1
750 1371 1
750 2136 1
750 942 1
750 3739 1
750 636 1
750 7195 1
750 5958 1
750 7233 1
8613 5851 1
5855 9463 1
5855 2395 1
3550 6021 1
649 4085 1
5056 6481 1
5056 6728 1
8537 6216 1
5364 7889 1
4204 6846 1
2272 2743 1
8179 2232 1
4896 722 1
4896 1695 1
1661 8447 1
1661 3960 1
1661 7058 1
1661 9533 1
1661 2350 1
1661 3469 1
1661 2141 1
1661 1261 1
1661 6804 1
1661 4622 1
1661 4057 1
1661 5882 1
1661 1820 1
1661 5293 1
4108 3173 1
6785 5817 1
6785 1068 1
6785 449 1
6785 1856 1
6785 9252 1
6785 8825 1
6785 5699 1
6785 5870 1
6785 6945 1
6785 7247 1
5105 3129 1
5105 3757 1
5105 9295 1
5105 9627 1
5105 6412 1
5105 6246 1
417 6924 1
6577 5391 1
6577 8941 1
6577 3331 1
6577 3561 1
6577 7358 1
6577 2402 1
6577 207 1
6577 786 1
6577 7472 1
6577 5742 1
6577 5877 1
6577 2287 1
6577 8310 1
6577 6426 1
6577 8354 1
8681 2611 1
9594 6910 1
7050 3501 1
7050 2025 1
6659 6368 1
422 7597 1
5126 6433 1
5126 5983 1
5126 9582 1
5126 4302 1
7959 7580 1
7959 7750 1
7405 8994 1
7405 2343 1
7320 3160 1
7320 5219 1
7320 696 1
7320 1827 1
7320 15 1
6859 7988 1
3418 1029 1
5305 8808 1
5305 4940 1
2200 1294 1
2857 8247 1
6039 3587 1
6039 6676 1
6039 5123 1
7867 4341 1
1737 5443 1
5240 7052 1
5240 8515 1
5240 4037 1
5240 6063 1
5240 1201 1
5240 326 1
5233 991 1
5233 2966 1
2213 5989 1
2213 6507 1
2213 5535 1
4280 7580 1
4280 4617 1
4280 1421 1
4280 5104 1
7841 2493 1
5955 5543 1
5955 4656 1
8859 5407 1
213 3057 1
9534 5658 1
9534 1544 1
9534 4259 1
9534 1080 1
9534 3795 1
9534 3815 1
9534 6824 1
9534 6972 1
9534 490 1
9534 4143 1
9534 4342 1
9534 8581 1
9534 1840 1
9534 815 1
9534 6957 1
9534 8305 1
9534 4009 1
9534 8686 1
9534 7245 1
9534 7577 1
9534 1169 1
9534 386 1
9534 426 1
9534 5078 1
9534 8944 1
9534 6986 1
9534 9163 1
9534 4130 1
9534 1971 1
9534 518 1
9534 3978 1
9534 5331 1
9534 3266 1
9534 7564 1
9534 2223 1
2481 3287 1
987 3157 1
558 3087 1
558 6140 1
9303 7373 1
9303 3281 1
1749 4900 1
948 1030 1
2516 8657 1
2516 2718 1
2516 8951 1
2516 2673 1
2516 6122 1
2516 1366 1
2516 2526 1
2516 4510 1
2516 354 1
2516 6712 1
2516 852 1
2516 7270 1
2516 7821 1
2516 230 1
2516 7473 1
2516 4284 1
2516 8423 1
2516 1594 1
2516 2085 1
5397 2030 1
7122 1696 1
9572 2187 1
9572 7560 1
2080 8608 1
6048 9681 1
6048 2233 1
6048 6541 1
9598 5398 1
5623 209 1
5623 7425 1
5623 5444 1
5623 6424 1
5623 9198 1
5623 2867 1
5623 8138 1
5623 5224 1
6235 3272 1
1332 1073 1
1332 7895 1
1332 68 1
1332 7253 1
1332 7897 1
1332 7646 1
1332 3300 1
1332 7602 1
1332 5858 1
689 5845 1
689 7561 1
689 8032 1
689 1580 1
689 5967 1
3421 8174 1
3421 1356 1
3421 4331 1
3421 3632 1
3421 8771 1
3421 1429 1
6626 2210 1
6626 9012 1
5638 2231 1
6994 4257 1
7581 6971 1
7581 1782 1
7581 2162 1
7581 8539 1
7581 2153 1
7581 4736 1
3835 6145 1
3835 1432 1
3835 4962 1
3835 4958 1
831 5347 1
831 9333 1
831 7193 1
831 8341 1
1794 1457 1
1794 7095 1
1794 5937 1
8004 6909 1
8004 6929 1
3372 381 1
3372 2305 1
7964 564 1
4507 100 1
4507 4166 1
4507 8194 1
4507 4496 1
4507 791 1
4507 5170 1
4507 4474 1
4507 9416 1
4507 6190 1
4507 259 1
4507 9459 1
4507 7915 1
4507 4014 1
4507 6167 1
4507 9159 1
4507 3752 1
4507 879 1
4507 7196 1
4507 8209 1
4507 6900 1
4507 3511 1
4507 1573 1
4507 9363 1
4507 681 1
4507 787 1
4507 2308 1
4507 3153 1
4507 1470 1
176 2834 1
176 2127 1
176 3096 1
176 6322 1
176 7811 1
139 6148 1
139 2164 1
1402 6312 1
3161 5798 1
3161 630 1
3161 1667 1
3161 7503 1
3161 7525 1
3161 4454 1
3161 8459 1
3161 18 1
3161 6179 1
3161 1826 1
6207 6833 1
95 7513 1
1200 4760 1
1200 1356 1
1200 637 1
1200 3495 1
1200 844 1
1200 7321 1
1200 7783 1
4629 5095 1
3902 49 1
3902 9226 1
3902 813 1
2124 9056 1
3457 2003 1
3457 684 1
3457 8532 1
3457 3830 1
3457 1724 1
3457 1476 1
7201 353 1
7201 4240 1
3055 5926 1
2137 7440 1
4971 5100 1
9166 159 1
9166 2682 1
9166 9470 1
6663 5757 1
6663 1635 1
5168 5550 1
5168 6220 1
2520 9184 1
2520 3720 1
3963 2206 1
3963 6564 1
3963 8645 1
2536 6707 1
2536 8990 1
2536 7104 1
6286 3425 1
6286 7870 1
6286 3475 1
6286 6843 1
348 4972 1
9039 3320 1
685 1624 1
685 5624 1
685 7391 1
685 1916 1
685 8415 1
685 1275 1
1766 8247 1
6893 6905 1
6893 4993 1
6893 8347 1
847 8096 1
847 8466 1
847 4403 1
847 931 1
847 1607 1
6967 3234 1
538 8124 1
3598 7890 1
3598 1192 1
3598 1945 1
3598 9275 1
3598 3565 1
3598 364 1
3598 666 1
3598 6022 1
3598 5282 1
3598 3858 1
3598 1957 1
1314 4820 1
1314 3682 1
1314 181 1
526 5229 1
526 3363 1
526 5041 1
6165 1979 1
6165 4883 1
6165 4949 1
4415 5876 1
4415 4151 1
4415 240 1
4415 5827 1
4415 229 1
4415 2175 1
674 5951 1
7415 294 1
2201 9401 1
2201 8701 1
1992 6988 1
8064 2051 1
8064 5596 1
8064 3729 1
8064 4218 1
8064 1246 1
8064 4530 1
8064 3829 1
8064 2614 1
5948 1892 1
5948 6520 1
5948 5487 1
3227 7514 1
3973 7093 1
3973 439 1
3973 4261 1
8729 7229 1
8729 3467 1
8729 2400 1
8729 5111 1
4136 5431 1
4136 3148 1
4136 7462 1
6770 8407 1
9619 3857 1
9619 2269 1
9619 8091 1
3474 5578 1
953 1889 1
1858 4598 1
3617 3054 1
4719 2657 1
401 3351 1
401 429 1
401 6570 1
9210 6339 1
8765 7347 1
5313 2360 1
5313 4819 1
6959 9048 1
1271 5365 1
1271 6289 1
7556 2635 1
2131 668 1
7788 7791 1
8485 5348 1
6271 3482 1
3672 8373 1
8139 5752 1
3454 2437 1
5921 8572 1
6367 682 1
3043 6119 1
3528 4765 1
6867 6101 1
50 2851 1
7144 4841 1
7144 7650 1
7144 690 1
7554 1816 1
527 8659 1
4264 8069 1
5408 7740 1
5408 8103 1
5408 1561 1
5408 1372 1
5250 8723 1
5250 7454 1
5250 4730 1
5250 5582 1
5250 7670 1
5250 2422 1
5250 7717 1
4691 6035 1
6434 9337 1
4707 4955 1
70 290 1
4749 9536 1
5427 7214 1
1861 2284 1
1861 8964 1
1111 5004 1
9154 1529 1
6423 1749 1
5356 1973 1
6356 9091 1
6714 2224 1
2601 7764 1
1165 255 1
6139 8945 1
6139 7006 1
7804 3523 1
2409 3679 1
6332 1614 1
868 219 1
461 3744 1
461 3950 1
9298 3859 1
2685 7586 1
9036 969 1
6387 165 1
4360 1918 1
5248 1237 1
1610 1066 1
7460 4185 1
9568 964 1
9568 5005 1
9568 8021 1
4083 2595 1
6899 7324 1
3668 8782 1
320 8600 1
1095 9136 1
3693 8039 1
120 3166 1
5205 3188 1
5205 6518 1
7088 6856 1
795 5213 1
3976 5213 1
3976 1331 1
3888 6091 1
9095 8288 1
4895 6496 1
8072 2905 1
8072 7528 1
8072 2539 1
8072 4673 1
8072 385 1
1306 8237 1
8570 441 1
6347 7884 1
5286 6313 1
2706 3545 1
6244 7106 1
6624 299 1
4118 5760 1
6886 1229 1
957 6942 1
7566 1258 1
8994 2157 1
6155 7739 1
3163 2167 1
3203 6225 1
979 797 1
357 5372 1
8971 9607 1
6553 3497 1
9171 3810 1
1231 5436 1
6163 1802 1
192 6276 1
9271 1034 1
4600 2407 1
8727 4896 1
3318 1590 1
3318 781 1
3318 2341 1
3318 9119 1
9103 520 1
9103 5590 1
4518 6709 1
3208 4578 1
3784 151 1
4803 7699 1
4093 6425 1
157 6977 1
8983 8792 1
8547 4448 1
8977 5246 1
8502 7190 1
7173 8784 1
645 851 1
8356 1199 1
4387 7439 1
145 7108 1
4208 1213 1
3338 3726 1
7267 3227 1
7907 6186 1
4468 5363 1
8947 7707 1
8908 8754 1
1333 4906 1
1834 796 1
1834 8051 1
1834 5852 1
1834 5383 1
1834 2204 1
1436 95 1
3809 8708 1
4562 1157 1
5831 9074 1
161 3127 1
7861 1070 1
5368 9541 1
2566 4646 1
5708 4041 1
2158 5740 1
5616 7679 1
4843 9018 1
4843 5301 1
4843 7050 1
9042 8949 1
9109 6042 1
2463 9253 1
6687 66 1
704 1133 1
1060 1133 1
7973 8613 1
4665 5416 1
1821 2620 1
4485 422 1
6323 8672 1
779 4481 1
4292 9294 1
2662 6455 1
5357 3268 1
4728 1355 1
6383 8555 1
3811 1697 1
3872 1248 1
9180 43 1
6935 1686 1
6935 2805 1
6935 297 1
4168 8984 1
7942 4867 1
2180 7912 1
2180 7128 1
2180 5373 1
1904 8564 1
8382 8401 1
8382 7779 1
8382 3042 1
551 1141 1
1789 1790 1
1789 3200 1
8639 757 1
418 169 1
7139 7097 1
1358 2042 1
7175 9330 1
7343 7529 1
1626 9396 1
6733 8867 1
8658 4879 1
7630 3282 1
3095 512 1
3136 6516 1
5995 5996 1
2007 7932 1
8747 4327 1
1815 5704 1
895 1524 1
1086 6242 1
1067 307 1
4479 7071 1
4419 759 1
4457 377 1
7980 7619 1
9151 790 1
8542 7648 1
8560 7468 1
3301 4334 1
7839 6619 1
1410 3198 1
2051 3908 1
328 1335 1
4746 6291 1
6238 6522 1
9270 2020 1
1173 1963 1
1173 2126 1
1173 3658 1
873 6770 1
2672 526 1
1014 6863 1
7572 3576 1
8790 2516 1
3289 2516 1
8632 1341 1
8632 1317 1
8070 1804 1
8105 106 1
6990 4946 1
400 6172 1
7735 174 1
9391 2417 1
3295 1854 1
3295 4552 1
8115 1434 1
2654 8319 1
1219 3066 1
1761 869 1
6681 8211 1
8195 4834 1
5721 3943 1
6158 4798 1
7810 9166 1
6509 4709 1
7787 5987 1
4864 4523 1
6657 146 1
3012 4886 1
5030 2892 1
185 2542 1
1202 4045 1
9100 2923 1
2448 3083 1
9133 2596 1
715 8190 1
7109 2762 1
9512 7192 1
9512 6106 1
9512 5233 1
1701 7981 1
4554 4517 1
3162 2381 1
9544 3017 1
2372 8398 1
2773 7329 1
2773 2190 1
155 7328 1
8038 2107 1
8666 7545 1
4920 6601 1
4920 5927 1
8125 2886 1
1426 6468 1
1426 8260 1
28 1794 1
3711 5315 1
3711 8740 1
770 3109 1
5803 863 1
5803 5509 1
7736 6786 1
5546 3177 1
1448 2137 1
8293 8144 1
5867 5017 1
5867 1898 1
7762 5811 1
1616 916 1
3141 7418 1
3132 1564 1
3132 4002 1
3974 1661 1
8158 7441 1
1876 451 1
8525 2825 1
8525 3418 1
8014 565 1
4989 8008 1
1012 243 1
2882 5245 1
7466 8469 1
1098 9267 1
8641 112 1
8641 8605 1
1894 3254 1
4139 2227 1
3237 2242 1
8847 5079 1
9318 355 1
9318 4808 1
8567 3664 1
8567 5400 1
5529 3930 1
1017 9376 1
9289 1276 1
8167 3031 1
8167 8593 1
8299 4678 1
8299 4141 1
8299 1093 1
8299 4877 1
447 3890 1
4760 2991 1
7860 4382 1
5473 9448 1
9524 2671 1
4163 5914 1
7882 8101 1
4423 4426 1
2721 2125 1
4498 3643 1
4354 2903 1
1798 5464 1
9358 6474 1
3605 5576 1
6512 5904 1
4534 6044 1
5267 6178 1
7686 1747 1
1455 1747 1
198 9672 1
9490 5768 1
6173 4669 1
5179 7145 1
5179 3927 1
5179 2668 1
2159 1032 1
7729 5185 1
5141 2683 1
324 8937 1
6095 4951 1
9460 435 1
6013 5776 1
7086 7643 1
3231 2218 1
4038 4103 1
4038 1018 1
4038 3952 1
9087 8693 1
9024 75 1
9140 8335 1
3758 4890 1
1215 6328 1
545 6851 1
2286 2817 1
4861 6599 1
8363 8494 1
8363 6998 1
8363 6177 1
8363 4371 1
976 4275 1
7985 7309 1
2023 4369 1
4099 5671 1
4099 4105 1
98 3799 1
3885 2431 1
669 3350 1
3606 5114 1
6201 8205 1
6832 745 1
6832 2979 1
4983 8337 1
5512 1026 1
2695 2237 1
4405 4416 1
296 8676 1
7485 7964 1
925 9468 1
925 7859 1
5821 2746 1
3770 1254 1
271 4011 1
2891 7647 1
2081 7611 1
2195 4802 1
1576 5622 1
8245 2664 1
2088 6394 1
1359 6922 1
393 8062 1
393 1528 1
7449 8561 1
7843 1739 1
7353 7000 1
748 6969 1
8860 2113 1
8598 4015 1
4794 9308 1
4413 7599 1
6030 9520 1
372 7581 1
3194 2862 1
1188 7557 1
7237 8744 1
474 6131 1
7902 8636 1
9640 5837 1
6557 1581 1
5583 2473 1
7389 3973 1
2003 6602 1
7295 7638 1
3180 7606 1
8454 4367 1
2569 884 1
7372 4076 1
7372 2040 1
8571 3686 1
9099 9581 1
2022 9348 1
4269 4970 1
1679 6040 1
1679 3077 1
1679 4234 1
2221 6819 1
6084 9598 1
1394 2529 1
4260 300 1
3116 7758 1
7322 9537 1
8499 7464 1
1848 8253 1
8413 5060 1
1023 718 1
5575 5734 1
7396 8821 1
7793 8272 1
2630 2142 1
6152 126 1
8005 9597 1
9436 9405 1
166 232 1
166 4310 1
76 8409 1
4424 4564 1
9032 3058 1
4028 4992 1
2496 7946 1
1238 4351 1
4196 9421 1
1512 8137 1
9300 2458 1
1040 5943 1
1040 1934 1
7030 3286 1
2990 1264 1
8705 186 1
3531 7039 1
5735 3593 1
605 1153 1
2931 7886 1
9483 5819 1
9483 8699 1
4420 8723 1
4638 7264 1
9025 7238 1
9645 3753 1
5997 3569 1
7976 2755 1
9409 7914 1
1205 7655 1
9092 1896 1
6649 3721 1
4177 6449 1
8989 2326 1
6596 330 1
544 822 1
8134 5002 1
1356 835 1
9053 9413 1
1756 9452 1
9155 2102 1
6134 2781 1
6973 3577 1
4288 1314 1
836 8950 1
7823 6855 1
3319 1895 1
3319 2329 1
3319 6048 1
980 8378 1
980 3367 1
1006 4134 1
7378 5935 1
8426 3181 1
2441 546 1
6611 1329 1
7591 5670 1
7591 2692 1
919 472 1
919 941 1
9336 1873 1
7962 349 1
971 2191 1
5064 3342 1
2478 3402 1
5627 3484 1
7113 4195 1
3317 1550 1
8204 7979 1
2847 5336 1
6503 8113 1
3244 5230 1
3870 6076 1
7844 4033 1
3462 8445 1
6847 3097 1
2230 3097 1
3114 9113 1
6439 2226 1
7176 2576 1
732 6153 1
2438 2411 1
5355 7501 1
3304 5953 1
3313 5835 1
3375 3039 1
2173 5012 1
6958 4795 1
1223 6403 1
7713 7276 1
3247 6634 1
9199 1110 1
6515 6543 1
79 3269 1
537 3490 1
268 6836 1
1482 2470 1
4934 7275 1
10 7948 1
6079 9269 1
2490 1433 1
1872 9117 1
6713 8292 1
9057 6165 1
3270 7038 1
5052 3894 1
5052 5629 1
4329 9189 1
5061 1305 1
5061 1976 1
3515 1726 1
1922 6292 1
3117 3370 1
6341 5922 1
6561 959 1
8012 959 1
156 3245 1
5311 279 1
7348 6934 1
3833 3884 1
9457 716 1
200 4180 1
7644 4180 1
8442 7271 1
8942 4672 1
8913 8154 1
9669 1990 1
8602 4507 1
912 1859 1
5648 6823 1
7213 8099 1
5726 2327 1
1837 8999 1
642 1281 1
3294 3767 1
2768 5794 1
5303 3914 1
9027 9331 1
8483 4705 1
6046 170 1
2655 3103 1
2217 737 1
5591 8254 1
6297 2294 1
6297 310 1
2518 6 1
2603 3549 1
632 2313 1
9186 8088 1
5210 5557 1
1710 2917 1
4529 2194 1
8361 6948 1
4747 7778 1
8342 3916 1
5786 4912 1
5292 176 1
4265 2887 1
881 9260 1
6293 4541 1
1825 6908 1
2439 2330 1
1793 1944 1
7054 8104 1
3119 2690 1
6192 5520 1
1972 1123 1
9517 3678 1
6894 5256 1
6894 1323 1
5392 6429 1
4550 417 1
7726 5237 1
1284 2925 1
7365 6365 1
9319 6500 1
602 6257 1
499 3214 1
4499 7723 1
4964 4630 1
618 54 1
8721 1939 1
6891 5006 1
7754 6471 1
7380 421 1
2277 5204 1
6528 754 1
7522 7277 1
7937 6288 1
2454 3005 1
2511 4509 1
1441 593 1
3092 5439 1
3092 6480 1
4346 9013 1
9451 3594 1
9451 9494 1
9451 390 1
1292 7437 1
1292 7769 1
8370 3703 1
8665 4914 1
2302 5759 1
2302 6071 1
2897 8156 1
5177 2857 1
3102 7219 1
7431 2257 1
5153 3709 1
5727 5601 1
9263 7294 1
4121 289 1
4133 6214 1
4133 7133 1
6072 493 1
4737 6766 1
2577 2927 1
5327 3707 1
4444 5515 1
963 3228 1
963 8403 1
233 8170 1
6523 6617 1
5984 3408 1
9668 6453 1
4667 2185 1
1518 8730 1
4120 995 1
3907 2368 1
4591 6577 1
4933 4192 1
4954 4401 1
8318 816 1
5198 7838 1
8191 492 1
3883 6454 1
8769 4596 1
8835 7544 1
4267 1568 1
5526 3477 1
5173 7974 1
1606 5192 1
4109 8162 1
2288 5948 1
8596 7159 1
2556 9616 1
3151 5709 1
3151 350 1
8588 8530 1
3169 6798 1
591 351 1
167 8313 1
167 3781 1
7059 3446 1
5337 2436 1
5166 2663 1
3740 9400 1
8478 5957 1
4299 8250 1
1920 8188 1
952 8188 1
124 6854 1
6762 3353 1
1500 9453 1
82 3533 1
2424 1598 1
8486 3983 1
4471 2005 1
4471 4787 1
3663 5787 1
5298 7999 1
46 8845 1
3588 4732 1
9284 8884 1
6944 5126 1
6944 9062 1
8900 4915 1
7433 6726 1
9622 8714 1
9150 1778 1
4959 5125 1
6524 380 1
5784 9144 1
5784 64 1
6197 7224 1
363 8635 1
5968 7766 1
4988 7766 1
1326 3582 1
1428 8933 1
3071 4427 1
2086 7498 1
7463 5906 1
5969 317 1
4718 6286 1
7728 6267 1
1403 367 1
5608 9680 1
3130 3546 1
5200 9492 1
221 3760 1
628 7789 1
4570 7704 1
4570 5686 1
5808 7812 1
8585 9652 1
8585 3468 1
9265 2455 1
8837 3519 1
8820 674 1
907 6550 1
1833 7775 1
7082 3175 1
676 6317 1
3733 4849 1
265 1146 1
432 6235 1
3242 4675 1
9285 2460 1
8362 7571 1
1998 562 1
5571 3853 1
5463 4975 1
6883 874 1
6694 6175 1
2143 8142 1
3573 4844 1
3251 3355 1
3568 1923 1
7530 5458 1
620 7796 1
9188 9609 1
4 3044 1
1178 3248 1
4766 4904 1
3045 9501 1
387 2200 1
2975 9255 1
4449 3903 1
6477 5805 1
4169 9243 1
8181 1265 1
8181 2098 1
8181 2215 1
1570 712 1
7813 7826 1
4626 5322 1
840 261 1
5540 8559 1
2943 7384 1
664 7442 1
731 8503 1
3716 3149 1
9230 6667 1
5554 4228 1
738 1791 1
9539 8343 1
3991 4878 1
4540 7046 1
2292 7197 1
4611 8471 1
5130 8379 1
4537 3550 1
1504 6578 1
4435 7494 1
5650 8035 1
5908 8609 1
4704 4492 1
72 7847 1
3700 4150 1
4046 3345 1
2934 5251 1
8151 4296 1
9096 829 1
1304 494 1
5782 4772 1
548 8778 1
116 8893 1
3921 6896 1
2833 5137 1
856 389 1
3449 6309 1
1126 872 1
5785 7654 1
2093 5466 1
4508 298 1
4508 794 1
5602 6349 1
8533 685 1
1492 7898 1
5584 3027 1
4190 1048 1
4984 9437 1
5592 2997 1
2139 2646 1
1599 8001 1
6892 8052 1
2356 117 1
4627 6738 1
4643 7894 1
4643 202 1
2503 1615 1
2503 9427 1
397 3478 1
7135 1127 1
5352 9461 1
8660 6628 1
2172 8427 1
3630 2256 1
4181 9667 1
4856 4116 1
8798 152 1
7395 8677 1
2334 5767 1
2769 5058 1
2769 6673 1
9003 2128 1
680 808 1
8417 358 1
8417 7782 1
5620 2106 1
1915 4415 1
4188 4025 1
9580 8761 1
6980 6685 1
1996 5799 1
1521 5151 1
5122 5931 1
4929 1596 1
8793 7122 1
3817 1967 1
8590 7174 1
9291 132 1
9108 4846 1
6797 8078 1
1586 2401 1
4770 1106 1
3070 9290 1
7029 5021 1
142 3179 1
3135 3217 1
8285 4322 1
4847 1183 1
6467 5135 1
6784 848 1
9323 9577 1
621 6695 1
621 6655 1
3122 7832 1
7049 5878 1
8862 241 1
2607 8321 1
4692 946 1
4828 7288 1
1619 6488 1
8759 2545 1
8358 5796 1
4502 9479 1
1184 9479 1
7674 3485 1
2322 8133 1
1700 9632 1
6721 734 1
3627 2390 1
5628 394 1
8424 9161 1
8424 4623 1
1235 8925 1
1242 7273 1
584 5252 1
2397 8075 1
646 5168 1
646 6967 1
1680 6301 1
382 3189 1
697 5883 1
984 2246 1
3608 7624 1
7483 4391 1
1662 4490 1
4027 4157 1
5924 4374 1
4229 2027 1
2453 8330 1
4064 8890 1
5510 2540 1
5332 7428 1
1449 123 1
7569 6668 1
6187 3518 1
2802 8777 1
8548 5800 1
6885 3183 1
8603 2471 1
9403 6785 1
9185 2989 1
1691 282 1
2001 5119 1
5302 8175 1
7570 1307 1
7265 8411 1
4125 2967 1
8400 521 1
2364 7675 1
8049 858 1
7511 6799 1
3349 4221 1
2888 9634 1
5144 1687 1
1708 7397 1
2679 4881 1
5314 2858 1
1440 606 1
6212 711 1
1189 2124 1
9139 5338 1
7621 9443 1
4397 2911 1
6217 8648 1
7158 1450 1
1405 6911 1
3783 9561 1
8410 9128 1
1552 1595 1
5479 3844 1
3996 7178 1
1823 7982 1
914 654 1
8192 7497 1
8192 3447 1
2749 549 1
7225 549 1
6174 8066 1
1516 1104 1
837 2822 1
2521 4097 1
6757 644 1
5918 3622 1
522 86 1
7790 8673 1
3052 7315 1
6208 1309 1
3273 4242 1
3273 6017 1
7147 9679 1
554 1673 1
554 3213 1
6060 7760 1
2276 3128 1
6493 9280 1
8127 2403 1
8092 2047 1
4857 8475 1
1456 2419 1
6884 2707 1
5839 553 1
8647 5007 1
2728 9223 1
6427 8224 1
6010 6946 1
9380 4936 1
2554 2465 1
7429 1975 1
7299 3610 1
2346 4660 1
9428 8803 1
2543 3089 1
2617 8360 1
7084 5260 1
4373 2393 1
8946 7223 1
6319 3775 1
2114 7283 1
2644 1090 1
3101 8263 1
5419 3725 1
7381 6783 1
7987 5521 1
9104 5178 1
5913 6838 1
8804 6398 1
4324 2480 1
7443 2144 1
8394 8274 1
6231 1332 1
114 2321 1
6351 6020 1
5625 1376 1
1114 5147 1
1272 4494 1
8607 257 1
2129 1134 1
2930 2693 1
316 7235 1
8797 2798 1
8745 1746 1
2794 4503 1
7626 5603 1
4399 4210 1
9359 7436 1
509 721 1
7356 2904 1
1772 8898 1
9569 2765 1
2761 475 1
2076 4006 1
8199 3766 1
4081 7628 1
6621 4406 1
1869 5656 1
9558 2074 1
6070 8827 1
958 6724 1
3638 8871 1
1190 5066 1
6164 2572 1
6184 1325 1
8434 1245 1
6378 7598 1
8143 1117 1
7392 9521 1
5469 5617 1
702 4050 1
6588 2656 1
9528 5690 1
4533 9060 1
4255 3104 1
9345 5362 1
456 5675 1
729 6348 1
3076 3283 1
4074 5047 1
7248 193 1
6162 2650 1
7880 2650 1
2619 723 1
7065 9259 1
5241 1943 1
2901 2477 1
8476 8516 1
1078 4506 1
5593 8943 1
5075 4487 1
8145 1994 1
9552 2075 1
4095 3159 1
319 9019 1
6732 4995 1
7203 8909 1
4152 1392 1
4152 9423 1
9663 6009 1
1193 4488 1
4049 8163 1
1152 4910 1
8810 8541 1
1369 7689 1
1666 4754 1
3934 5460 1
6130 3902 1
7470 750 1
758 1510 1
3479 6582 1
6772 987 1
3997 1715 1
7930 2995 1
4250 1926 1
430 5920 1
2426 7089 1
8936 1991 1
6334 6864 1
4313 8238 1
6698 1766 1
556 6595 1
7017 4193 1
6951 5143 1
9637 4902 1
7434 8750 1
6860 3299 1
3020 1135 1
1218 6584 1
7683 5563 1
224 8120 1
5985 3933 1
5718 263 1
4976 383 1
878 8430 1
275 5387 1
275 7595 1
4743 8878 1
4545 6170 1
3383 3235 1
8557 9434 1
2370 3979 1
4805 590 1
6262 5103 1
998 7865 1
5394 4648 1
6636 4245 1
5273 7199 1
92 5494 1
552 3648 1
4571 3534 1
4982 5402 1
22 5522 1
3660 8084 1
8546 7131 1
8440 6451 1
6606 966 1
1852 1909 1
7280 345 1
9560 178 1
3786 1805 1
2505 8979 1
1096 4971 1
6404 7596 1
9317 7141 1
8046 7927 1
3935 6098 1
3387 7827 1
274 1377 1
3459 7798 1
587 277 1
2057 8615 1
2606 6180 1
8652 8249 1
2349 5128 1
2371 5994 1
9650 7768 1
3869 1485 1
6642 8751 1
4641 2645 1
7620 8939 1
5335 7362 1
3898 7320 1
6457 7954 1
3140 5532 1
6513 4217 1
4899 4104 1
7684 8077 1
9190 7830 1
4060 5619 1
7696 5011 1
3196 1936 1
416 8637 1
9473 6992 1
2147 2536 1
5633 4809 1
902 9476 1
570 6061 1
7249 9008 1
703 4612 1
5960 3834 1
2992 7592 1
1953 6682 1
2087 921 1
6675 5828 1
3680 8351 1
8755 2289 1
7562 2713 1
6120 1842 1
9513 9303 1
2532 8034 1
7080 8234 1
3022 923 1
6483 9646 1
9231 3275 1
8846 8504 1
7829 8695 1
121 2578 1
121 920 1
121 9651 1
3578 4126 1
3662 251 1
5587 13 1
6326 4811 1
7015 7127 1
7015 7579 1
6914 4244 1
7185 4230 1
7565 5257 1
5761 4304 1
2295 2804 1
8177 4119 1
5549 8179 1
6597 8015 1
1216 3754 1
6342 339 1
9554 700 1
4651 4684 1
7465 915 1
3802 4738 1
2552 6510 1
6064 8230 1
6716 4944 1
9114 4067 1
8965 6116 1
8624 538 1
6961 8223 1
318 4136 1
2963 61 1
3603 6623 1
6203 1458 1
4720 2045 1
5167 4252 1
9054 1806 1
2416 8178 1
2225 1200 1
2225 3457 1
8080 2625 1
6388 4823 1
6803 3821 1
7379 1734 1
4293 9164 1
4343 1166 1
4680 8432 1
7438 5386 1
5015 5203 1
5585 5875 1
267 8891 1
107 7098 1
6720 671 1
8355 6142 1
1771 510 1
9274 9374 1
9482 2799 1
1227 6111 1
7795 6062 1
1222 616 1
8418 1130 1
7933 8629 1
211 8524 1
7181 4004 1
442 2166 1
2551 6137 1
935 1299 1
3082 5082 1
6441 4898 1
8317 8691 1
9175 4429 1
4547 3714 1
5201 7155 1
651 4649 1
5694 3598 1
1634 2196 1
1621 3191 1
6069 9065 1
9085 8976 1
7250 6822 1
7250 3427 1
6583 7899 1
7170 3415 1
7808 7456 1
2054 213 1
4486 5807 1
3115 6325 1
6280 2964 1
6654 4241 1
4428 1584 1
5165 3403 1
8383 2591 1
7658 4544 1
2099 1867 1
2687 3530 1
6405 5720 1
8707 2677 1
7747 2875 1
7951 3905 1
3164 8165 1
1318 4271 1
3483 5304 1
1718 7535 1
8646 7607 1
8938 3734 1
3184 4101 1
6773 6314 1
6320 5287 1
3798 3612 1
3843 6848 1
4580 1164 1
5793 2735 1
8227 6039 1
7230 9497 1
5491 462 1
8617 1737 1
5228 419 1
1780 8428 1
8848 9399 1
3516 9309 1
2077 1343 1
3463 1828 1
2633 3158 1
5156 7085 1
5025 9638 1
528 7746 1
1312 2133 1
6610 2345 1
8198 766 1
5288 5364 1
505 1977 1
9578 5116 1
3899 4456 1
8037 3137 1
4211 6575 1
7716 8210 1
7208 3133 1
9514 8830 1
8758 5833 1
191 5833 1
2821 6154 1
5762 9484 1
4092 9674 1
6800 4008 1
4893 8397 1
2055 69 1
7162 4052 1
8700 5696 1
886 7177 1
5034 6237 1
2838 7950 1
2090 7293 1
2207 1024 1
5318 5912 1
4465 689 1
1620 6828 1
3510 1016 1
2600 2710 1
7091 842 1
2787 1462 1
3073 2497 1
6530 7772 1
2792 2268 1
8126 2586 1
1315 2328 1
1597 3492 1
9034 9224 1
4213 6545 1
1663 8448 1
1154 6746 1
5193 2415 1
559 2681 1
2826 1121 1
4314 2082 1
8566 5222 1
4555 819 1
4548 1259 1
2285 1612 1
4640 2091 1
8834 4024 1
4132 6248 1
2764 2101 1
6562 9414 1
8135 3421 1
5308 3854 1
5035 4742 1
