3587 4448 1
2947 3720 1
2947 4483 1
2947 7712 1
2947 7463 1
2947 7223 1
2947 2315 1
2947 5535 1
2947 3104 1
2947 6193 1
2947 6854 1
2947 3229 1
2947 1759 1
2947 1160 1
2947 6204 1
2947 6942 1
2947 4696 1
2947 6014 1
2947 7766 1
2947 6675 1
2314 1179 1
2314 1760 1
2314 1965 1
2314 7986 1
5982 3544 1
5982 3317 1
5982 282 1
5982 7196 1
5982 3409 1
5982 2808 1
5982 824 1
5982 699 1
5982 4348 1
5982 4265 1
5982 5347 1
5982 6126 1
5982 5798 1
5982 4838 1
5982 5664 1
8354 7222 1
7816 2524 1
2876 102 1
1955 5149 1
7553 5974 1
7553 4743 1
7553 5175 1
7553 79 1
7553 5901 1
7553 6467 1
7553 1684 1
7553 7434 1
2024 5625 1
2024 4076 1
2024 7461 1
2024 4352 1
2024 7931 1
2024 281 1
2024 5561 1
5023 3728 1
5023 3637 1
5023 7404 1
5023 2528 1
5023 5653 1
5023 2225 1
5023 5639 1
5023 2356 1
5023 2463 1
8327 2940 1
8327 2107 1
8327 3838 1
8327 4088 1
8327 1918 1
8327 6836 1
7022 5637 1
7022 1349 1
7022 4983 1
7022 813 1
7022 5717 1
7022 1000 1
7022 3988 1
7022 18 1
7022 7301 1
2072 1280 1
2072 8340 1
5012 3639 1
5012 6635 1
5012 2668 1
5012 7799 1
5012 389 1
5012 632 1
5012 5383 1
5012 3078 1
5012 2512 1
5012 5363 1
5012 2776 1
5012 8223 1
5012 2499 1
5012 2595 1
5012 6871 1
5012 7579 1
3580 6615 1
4332 3434 1
1377 4913 1
3855 7403 1
3855 4445 1
3855 2407 1
6980 6539 1
4961 5852 1
4961 6637 1
340 5875 1
4820 3088 1
4820 7616 1
4820 4354 1
6468 4490 1
2230 2937 1
2230 5592 1
5713 1989 1
5713 280 1
2607 3296 1
2607 509 1
2607 4944 1
2607 3674 1
1287 2745 1
1287 4772 1
7036 3103 1
7036 7797 1
2557 7729 1
5593 1796 1
5593 934 1
3467 3626 1
3467 4932 1
3467 1375 1
3467 7079 1
3467 4768 1
3467 1306 1
3467 6824 1
3467 1713 1
926 537 1
926 4733 1
926 7105 1
926 5485 1
926 7151 1
926 6069 1
926 5607 1
926 4544 1
926 7368 1
926 4608 1
926 3934 1
926 3870 1
926 4706 1
926 7602 1
1357 222 1
1357 6104 1
1357 7034 1
6513 4986 1
6513 7471 1
6513 1749 1
6513 5022 1
6513 7818 1
6513 3818 1
6513 7068 1
6513 897 1
6513 8007 1
6513 4388 1
6513 1516 1
6513 2853 1
6513 6808 1
6513 7198 1
6513 6587 1
6513 6078 1
6513 4788 1
6513 1493 1
6513 5255 1
6513 5844 1
6513 4321 1
6513 1945 1
6513 4437 1
6513 8248 1
6513 7814 1
6513 2704 1
6513 6549 1
6513 7950 1
6513 2363 1
4670 821 1
4008 3293 1
6990 4817 1
6990 5412 1
6990 5482 1
6990 1546 1
6990 3061 1
6990 4606 1
6990 7413 1
6990 3833 1
6990 7899 1
6990 693 1
8368 22 1
180 2371 1
180 5261 1
180 1099 1
180 4266 1
2044 1230 1
341 6617 1
341 436 1
341 6821 1
341 5600 1
1526 8089 1
1526 1167 1
3158 2442 1
8231 2161 1
8231 8079 1
8231 1826 1
8231 6601 1
8231 4327 1
3205 1234 1
8440 4121 1
3430 2408 1
3430 3756 1
3011 6890 1
3011 5517 1
3011 6900 1
3011 3537 1
3011 6300 1
3011 5512 1
3011 7307 1
3011 4494 1
3011 1114 1
3011 7629 1
3011 1690 1
3011 8394 1
2074 4827 1
486 2395 1
486 5963 1
486 1686 1
5216 1838 1
6588 8425 1
6588 6572 1
3978 1052 1
3978 1499 1
8477 5865 1
5076 4164 1
7048 3725 1
7048 3398 1
7048 328 1
7048 460 1
7048 3590 1
7048 2502 1
2060 2037 1
7493 1619 1
7493 25 1
7493 8031 1
3322 7953 1
413 901 1
5962 3167 1
5962 7779 1
5962 3532 1
5962 6058 1
7555 352 1
7555 7530 1
7555 163 1
7555 1789 1
7555 1986 1
7555 5186 1
7555 8315 1
7555 4507 1
7472 5878 1
6035 939 1
6035 3832 1
1319 6669 1
1319 2617 1
6093 7852 1
6093 374 1
7393 1734 1
7393 6728 1
7393 2083 1
7393 8084 1
7393 1356 1
7393 7685 1
7393 2610 1
1426 1076 1
8067 116 1
8067 7705 1
8067 4477 1
8067 6015 1
8067 6281 1
8067 1880 1
1908 5469 1
7760 3479 1
8008 1252 1
8008 6950 1
8008 2980 1
8008 4264 1
7538 5773 1
2405 5118 1
6166 5887 1
6166 1914 1
6166 4000 1
6166 7185 1
3003 6975 1
8042 7656 1
8042 3581 1
5622 1765 1
818 2311 1
818 4194 1
818 7985 1
818 4790 1
3968 2487 1
3968 2754 1
3968 5663 1
3968 7591 1
3968 1681 1
3968 2894 1
3968 7556 1
3968 3459 1
7545 7350 1
7545 1904 1
7545 7206 1
7545 6320 1
7545 6263 1
7545 782 1
7545 5206 1
7545 2962 1
7545 7346 1
5145 7484 1
4833 4209 1
6659 2125 1
3909 3571 1
3588 3882 1
2013 6247 1
426 3490 1
3103 6884 1
3103 3715 1
3103 6488 1
3103 6773 1
3103 3840 1
3103 8255 1
3103 7770 1
3103 6575 1
3103 2749 1
3103 7734 1
3103 4538 1
3103 4269 1
3103 6717 1
3103 3393 1
3103 5826 1
3103 8080 1
3103 4874 1
3103 4037 1
3103 461 1
3103 6605 1
3103 6528 1
3103 4851 1
3103 367 1
3103 5357 1
3103 1898 1
3103 2779 1
3103 2950 1
3103 3149 1
3103 207 1
4939 2219 1
4939 2350 1
290 3188 1
4739 8372 1
1187 4165 1
3197 122 1
5741 5126 1
6718 2677 1
6718 6804 1
8035 2269 1
8035 7594 1
6951 7144 1
7643 1952 1
7643 4620 1
148 4292 1
512 742 1
1304 701 1
1304 7993 1
3585 8332 1
3585 1202 1
3585 8144 1
4960 5913 1
452 2664 1
3093 7528 1
3093 8244 1
3093 8146 1
2250 6648 1
2250 7889 1
2250 6313 1
2250 4844 1
2250 5882 1
2250 4551 1
2250 2178 1
2250 577 1
2250 7055 1
2250 4112 1
360 2430 1
360 5392 1
360 7541 1
258 7361 1
7482 7334 1
4043 4736 1
4043 5562 1
4043 8249 1
7432 1949 1
7432 2255 1
7432 3404 1
7791 6523 1
7791 8059 1
7791 114 1
7126 1437 1
4763 1911 1
4763 6290 1
2018 3464 1
2018 6535 1
2224 7544 1
2224 6051 1
2224 3719 1
2224 6614 1
2224 5914 1
2224 7324 1
2224 6182 1
2224 5491 1
2224 7429 1
2224 1852 1
2224 5476 1
2224 2961 1
2224 344 1
2224 5849 1
2224 5511 1
2224 4462 1
2224 5627 1
7405 108 1
2269 3828 1
2269 7182 1
2269 7142 1
2269 3280 1
7344 1975 1
7344 54 1
7344 2001 1
1243 3951 1
1243 6922 1
1243 1872 1
1243 2587 1
6906 7017 1
6906 6933 1
1073 4895 1
7982 5146 1
1718 391 1
6755 5923 1
6755 8221 1
6755 1237 1
6755 2403 1
6755 5162 1
6755 5184 1
6755 1714 1
6755 5178 1
6755 6066 1
6755 5779 1
6755 1140 1
6755 5860 1
6755 398 1
6755 7235 1
6755 6271 1
7141 528 1
2019 1511 1
2019 949 1
2019 2642 1
2019 5035 1
2019 822 1
3654 4183 1
7691 6520 1
5928 2925 1
948 2197 1
5678 1142 1
6626 2624 1
6626 2389 1
6626 6632 1
6626 2433 1
6626 1969 1
6626 7135 1
6626 4560 1
6626 5230 1
6626 4714 1
6626 177 1
6626 4930 1
6626 6701 1
6626 6930 1
6626 7678 1
6626 5167 1
6626 1400 1
8332 3844 1
6863 2923 1
6863 5228 1
6863 5910 1
6863 5568 1
6863 7806 1
6863 5777 1
6863 4924 1
6863 1652 1
6863 1245 1
6863 7786 1
6863 4568 1
6863 7358 1
6863 6915 1
5991 5595 1
7550 8306 1
2826 2470 1
3010 1884 1
1894 1093 1
1894 7874 1
1894 1296 1
1894 2914 1
1894 198 1
6317 6200 1
6317 3911 1
6317 6774 1
6317 5805 1
2121 7673 1
970 846 1
5417 3802 1
168 7376 1
168 6029 1
168 5203 1
4083 7002 1
5570 5036 1
2364 3747 1
2468 35 1
2468 7234 1
2468 7410 1
3793 3458 1
3857 2691 1
3857 1534 1
3857 5658 1
3857 2794 1
3857 4372 1
3857 1111 1
3857 5772 1
3857 6662 1
3857 6988 1
3857 1320 1
3857 8214 1
4145 2613 1
4145 3562 1
4145 6168 1
4145 1015 1
4145 3980 1
2897 2622 1
2897 2091 1
6387 4228 1
6387 1616 1
6387 362 1
6387 5619 1
6387 8439 1
7885 6872 1
6185 707 1
6185 572 1
6185 3501 1
3894 179 1
4688 2326 1
6818 7995 1
6818 3893 1
6818 8395 1
6818 1374 1
6818 407 1
6818 6236 1
6818 7420 1
6818 3578 1
6818 4957 1
6818 86 1
6818 1583 1
7003 1538 1
3927 5573 1
7859 1653 1
7859 429 1
7859 768 1
7859 6173 1
7859 6048 1
7859 4669 1
7859 4025 1
7859 5207 1
7859 6649 1
7859 5876 1
7859 2190 1
7859 1131 1
7859 7588 1
7859 1605 1
7859 2508 1
7859 7083 1
7859 7070 1
7894 3560 1
7336 1646 1
7336 6505 1
7336 2603 1
7336 6136 1
7336 7173 1
7336 8194 1
7336 974 1
7336 42 1
7336 5973 1
7336 935 1
7336 4267 1
7336 335 1
7336 7387 1
7336 5505 1
7336 167 1
5385 7063 1
5205 7804 1
5205 525 1
5205 1504 1
48 4964 1
48 5889 1
4369 2461 1
6003 6388 1
4035 2214 1
24 7419 1
24 3151 1
24 542 1
24 778 1
24 1197 1
24 7961 1
24 2949 1
24 4305 1
24 5172 1
4663 2246 1
1956 8331 1
1956 3913 1
1956 3245 1
1956 2308 1
3872 4374 1
3872 4492 1
3872 8095 1
3177 4261 1
8246 1970 1
7561 1024 1
7561 1797 1
7561 4343 1
7561 1591 1
7561 4710 1
7561 3343 1
7561 2347 1
7561 3531 1
7561 4073 1
7561 5114 1
7561 4640 1
7561 6453 1
7561 2930 1
7561 2999 1
5623 6829 1
5623 1568 1
5623 2107 1
5623 5514 1
5623 4088 1
3340 1796 1
7558 6116 1
4723 2266 1
4723 1618 1
4723 4859 1
4723 4479 1
7007 1083 1
4380 7805 1
4380 8036 1
4380 3190 1
4380 4850 1
4380 1238 1
4380 6685 1
4380 4882 1
4380 6788 1
4380 3096 1
3779 7273 1
3779 2298 1
3779 4566 1
3779 7028 1
6306 1446 1
6306 2588 1
8130 7946 1
8130 7932 1
8130 1607 1
8130 6150 1
8130 8087 1
994 2473 1
994 875 1
2624 5939 1
2624 5468 1
507 8320 1
4487 1467 1
4487 2108 1
4487 6855 1
1851 1688 1
1851 8247 1
1851 6686 1
1851 643 1
1851 8246 1
1851 3173 1
1851 7801 1
1851 7360 1
1851 3716 1
1851 8295 1
1851 8003 1
1851 973 1
1851 5803 1
1851 4339 1
1851 4247 1
1851 3226 1
1851 5940 1
1851 1098 1
1851 1799 1
1851 229 1
1851 524 1
1851 6212 1
1851 1137 1
1851 6807 1
1851 1305 1
1851 4090 1
1851 4747 1
1851 6350 1
2511 6754 1
3976 5440 1
3976 7473 1
3976 6248 1
3976 1254 1
3976 2799 1
5654 2492 1
5654 1397 1
5654 8341 1
463 477 1
7008 7065 1
4252 795 1
4252 826 1
4252 5087 1
4252 4784 1
4252 6077 1
4252 3372 1
4252 3625 1
4252 19 1
4252 6571 1
4252 5731 1
4252 1543 1
4252 3781 1
1052 683 1
1052 5318 1
1052 3485 1
1052 3147 1
1052 786 1
1052 4338 1
1052 1172 1
4457 4213 1
4457 6162 1
4457 3435 1
4457 7186 1
4457 6852 1
4457 4689 1
4457 8012 1
2087 7659 1
2087 2684 1
2087 6176 1
2087 3827 1
2087 4994 1
5386 3684 1
5386 3 1
5386 921 1
5386 4748 1
5386 6724 1
5386 4139 1
5036 3423 1
4287 4812 1
2112 4151 1
1535 3029 1
1535 3773 1
1535 6725 1
1535 5341 1
1535 1781 1
1535 2722 1
1535 1840 1
1535 3497 1
1535 3382 1
1535 5684 1
1535 1334 1
4465 4648 1
4465 4597 1
4465 7043 1
4465 2763 1
6982 8409 1
6982 1757 1
7785 8102 1
7785 8183 1
4204 6357 1
2513 6730 1
5107 4498 1
5107 3236 1
5107 4007 1
5107 4104 1
5107 2380 1
5107 5909 1
5107 6006 1
5107 3460 1
5107 4556 1
5107 1455 1
5107 886 1
910 4707 1
960 7774 1
7123 7867 1
7123 6257 1
7123 1010 1
4257 5042 1
4257 6823 1
4257 1942 1
4257 1733 1
4257 5125 1
2049 8119 1
1248 3225 1
1248 5780 1
3923 923 1
3923 5141 1
4456 5863 1
4456 6517 1
4456 425 1
4456 2576 1
4456 832 1
1079 1598 1
1079 5298 1
1079 5534 1
4395 2948 1
4395 546 1
806 6766 1
4135 6433 1
4135 8441 1
4135 6118 1
4135 3440 1
4135 967 1
4135 2245 1
4135 1326 1
403 176 1
3414 2177 1
6785 6615 1
1154 3084 1
4468 2747 1
5905 7438 1
5905 240 1
4842 37 1
4731 8347 1
7522 8360 1
7522 3370 1
938 4348 1
2249 5540 1
2249 5695 1
2249 4234 1
2249 4621 1
2249 6401 1
2249 7447 1
2249 8211 1
2249 1289 1
2249 4555 1
2249 816 1
2249 663 1
3829 1080 1
3829 1573 1
3829 7147 1
3829 3351 1
3829 975 1
242 7169 1
3969 4546 1
1689 4074 1
1689 1620 1
1689 1214 1
1689 1566 1
1689 7696 1
6539 7750 1
6539 5953 1
6539 1332 1
6539 618 1
6539 6121 1
6539 7027 1
6539 8402 1
6539 8164 1
6539 7315 1
6539 2498 1
6539 3973 1
6258 6426 1
6258 6515 1
6258 378 1
369 7826 1
4003 5110 1
4003 28 1
4003 5259 1
4003 2233 1
4003 204 1
4003 2198 1
4003 4255 1
4003 3216 1
4003 1506 1
4003 8415 1
4003 2290 1
4003 313 1
4003 4927 1
4003 5650 1
4003 6801 1
7225 5558 1
7225 5325 1
7225 5563 1
7225 5544 1
7225 7276 1
7225 7156 1
7225 2180 1
7225 29 1
1876 2571 1
6039 3910 1
6039 5843 1
6039 7531 1
6039 6472 1
6039 8129 1
6039 7655 1
6039 2319 1
6039 6198 1
6039 4491 1
6039 1643 1
6039 4396 1
6039 5248 1
6039 2928 1
6039 5043 1
6039 2034 1
6039 5122 1
6039 1040 1
6039 1890 1
6039 3551 1
7823 1277 1
7823 6113 1
7823 6447 1
1938 6009 1
1938 4019 1
552 1297 1
552 7933 1
552 1760 1
552 5095 1
552 8184 1
552 6932 1
552 8405 1
1753 6325 1
2748 56 1
2748 6282 1
2748 6334 1
4796 4848 1
4796 7057 1
7364 6674 1
6621 1204 1
4274 3165 1
4274 6623 1
4274 4159 1
5926 5256 1
4992 3109 1
4992 4421 1
4992 7772 1
4992 1288 1
4992 5935 1
4992 1895 1
4992 2695 1
6705 6809 1
6705 2046 1
6867 3845 1
3892 8017 1
1082 5000 1
1082 2594 1
1082 1740 1
1082 1529 1
1082 1814 1
1082 1185 1
2723 7266 1
2723 4735 1
2723 6280 1
2723 1103 1
2723 2570 1
2723 5700 1
2723 3798 1
2723 5583 1
2723 3125 1
2723 120 1
2723 1395 1
2723 1008 1
2723 6998 1
2723 6812 1
2723 6723 1
8379 1763 1
8379 13 1
1793 4137 1
1793 191 1
1793 872 1
1793 5520 1
1793 7139 1
1793 6518 1
1793 4894 1
1793 767 1
6253 4737 1
6815 5982 1
6815 699 1
481 7847 1
481 1205 1
481 8451 1
481 5841 1
2937 6400 1
2937 5992 1
2937 3046 1
2937 38 1
2937 7720 1
2937 912 1
2028 8452 1
2118 1853 1
2118 6819 1
2118 4974 1
2118 5239 1
2118 7763 1
2118 5612 1
2118 5393 1
2118 6148 1
2118 7412 1
2118 635 1
2118 1390 1
2118 6031 1
2118 7937 1
2118 5116 1
2118 5245 1
2118 2267 1
2118 7054 1
2118 2631 1
2118 7019 1
2118 983 1
2118 6816 1
2118 2222 1
2118 1877 1
2118 5916 1
2118 83 1
2118 3465 1
2118 2260 1
2118 5220 1
2118 6 1
1360 5742 1
1360 5044 1
1360 2899 1
1360 2396 1
1360 3822 1
1360 4826 1
1360 2202 1
7610 8239 1
7610 6274 1
7610 666 1
7610 7385 1
7610 2017 1
7610 5232 1
7610 5995 1
7684 6419 1
7684 274 1
3577 6278 1
3577 2748 1
3577 8092 1
3577 56 1
3577 7987 1
3577 1432 1
1711 8032 1
3612 4511 1
3612 1932 1
3612 4549 1
3612 7143 1
6091 5144 1
6091 4654 1
6091 7615 1
1409 1635 1
876 3820 1
876 5293 1
876 2774 1
876 2226 1
876 1694 1
876 6201 1
257 6733 1
1007 5152 1
1007 8261 1
1007 3678 1
1007 7023 1
1007 3073 1
1446 7203 1
6133 4384 1
6133 8282 1
6133 3491 1
6133 7005 1
384 6736 1
384 5257 1
384 5354 1
384 4205 1
384 1929 1
384 2354 1
384 1491 1
384 6294 1
384 4438 1
384 2599 1
384 4011 1
384 2009 1
3008 827 1
1500 7586 1
1500 321 1
1500 2171 1
1500 7664 1
1500 6583 1
1500 5749 1
1500 6262 1
1500 5890 1
1500 6778 1
1500 6781 1
1500 7907 1
1500 2336 1
1500 5669 1
1500 3017 1
1500 6318 1
1500 3826 1
1500 1194 1
1500 1211 1
3616 5070 1
3616 2025 1
3616 421 1
1804 2111 1
1804 1463 1
1804 5263 1
423 7775 1
8305 8081 1
8305 3563 1
6525 8390 1
2663 1465 1
7469 5413 1
8145 1874 1
2442 4494 1
2442 2709 1
2442 5578 1
2442 4447 1
2442 4520 1
3283 5364 1
6742 481 1
6742 7913 1
6742 5019 1
6742 7571 1
6742 3586 1
6742 522 1
6742 1640 1
6742 3655 1
6742 5855 1
2893 4945 1
5088 6937 1
5088 5870 1
5088 4558 1
5088 6622 1
5088 928 1
5088 4832 1
5088 3494 1
5088 4093 1
5088 5976 1
5088 5964 1
5088 2589 1
5088 5999 1
5088 6203 1
6368 8280 1
7706 2241 1
7706 6885 1
7351 3689 1
7351 8077 1
7351 6864 1
7351 1736 1
7351 8185 1
7351 7080 1
7317 7212 1
1351 1547 1
298 279 1
298 1970 1
298 1053 1
298 3676 1
1820 5954 1
1820 6405 1
1820 3765 1
1820 8475 1
1820 3568 1
1820 3302 1
1820 4086 1
1820 359 1
1820 3899 1
1820 633 1
1820 7321 1
1820 7152 1
7546 8245 1
7546 1916 1
7546 5756 1
7546 3001 1
7546 2061 1
7546 4876 1
7546 4803 1
7546 433 1
7858 2179 1
4312 2012 1
1042 8157 1
6037 3779 1
6037 8460 1
6037 746 1
6037 4965 1
6037 405 1
6037 1657 1
2667 800 1
2667 1866 1
2667 1706 1
8153 7132 1
8153 7518 1
8153 5721 1
8153 6389 1
8153 743 1
8153 196 1
8153 7587 1
5941 6767 1
5941 3037 1
5941 475 1
5941 4250 1
5941 593 1
5941 8337 1
3912 7389 1
3912 7432 1
3912 6152 1
3912 1192 1
3912 4456 1
3912 7178 1
3912 3627 1
3912 1466 1
3912 6254 1
3912 7613 1
3912 212 1
3912 5778 1
3912 7711 1
3912 6169 1
3912 5129 1
3912 6753 1
3912 1940 1
3912 6138 1
3912 3224 1
3912 2585 1
3912 2503 1
3912 2299 1
3912 646 1
3912 276 1
3912 6886 1
3912 6337 1
3912 5300 1
3912 2710 1
3912 3835 1
3912 4804 1
3912 3452 1
3912 5158 1
7583 8020 1
7583 6462 1
1660 3624 1
1660 3444 1
1660 3877 1
569 4676 1
569 857 1
4202 7857 1
5881 6962 1
2563 3420 1
2563 7975 1
6376 5387 1
5066 4769 1
7565 1526 1
7565 839 1
7565 4080 1
7565 1371 1
7565 495 1
7565 5459 1
7565 5609 1
7565 2199 1
2169 5307 1
2169 3268 1
2169 1013 1
4639 7809 1
1271 3468 1
1271 7373 1
1271 4431 1
1271 476 1
1271 142 1
1271 5709 1
1271 4375 1
1271 7891 1
1271 7466 1
1271 2829 1
1271 4095 1
439 6779 1
7782 4731 1
7782 568 1
7782 5513 1
7782 7861 1
7782 7768 1
7782 5262 1
7782 6667 1
7782 3405 1
7782 7971 1
7782 5542 1
7782 5252 1
7782 6756 1
7782 6994 1
7782 4489 1
5426 8124 1
1946 7687 1
1946 2839 1
1946 1625 1
1946 7298 1
6902 1930 1
272 6332 1
272 5863 1
272 3511 1
7237 5987 1
4488 7716 1
1658 3251 1
7914 6317 1
7914 8285 1
6339 2637 1
7951 2611 1
7951 1917 1
7951 748 1
8308 7790 1
8028 366 1
7613 3022 1
302 3348 1
302 6746 1
302 6367 1
302 2869 1
302 8218 1
2981 6551 1
1041 1926 1
5398 8149 1
5398 5718 1
5398 4279 1
5398 7597 1
5398 2052 1
5398 2027 1
5398 673 1
5398 1156 1
5398 6997 1
5398 3887 1
3099 7977 1
3476 459 1
4931 6456 1
4931 4852 1
4045 3977 1
4045 1209 1
1534 64 1
1534 309 1
5856 7969 1
8352 2569 1
8352 5774 1
8352 7611 1
8352 2573 1
8352 814 1
8352 6025 1
8352 5059 1
8352 1900 1
8352 4160 1
8352 2183 1
8352 2559 1
1881 7900 1
8329 5628 1
8329 3569 1
8329 2227 1
8329 2452 1
8002 7610 1
8002 1603 1
8002 382 1
8002 2565 1
8002 5051 1
8002 7077 1
8002 3726 1
8002 3542 1
8002 7667 1
7748 190 1
2295 5106 1
2295 2620 1
5427 631 1
490 3651 1
8091 5515 1
4721 4827 1
4721 2689 1
4721 6593 1
4721 4425 1
4721 6135 1
4721 5343 1
8219 6366 1
2067 1405 1
775 155 1
775 337 1
775 3825 1
775 7789 1
775 7781 1
775 7451 1
775 6195 1
775 3502 1
775 2232 1
775 6322 1
2346 3114 1
2761 7437 1
3881 4407 1
3881 8240 1
3881 3750 1
3881 6865 1
7076 8075 1
3998 4717 1
6342 2149 1
6342 4922 1
7576 1725 1
5585 1175 1
5585 682 1
5585 2986 1
5585 1709 1
3110 1990 1
4119 4818 1
4119 8063 1
4119 3254 1
4119 6489 1
4119 1346 1
4027 5707 1
4027 7600 1
5723 4816 1
731 7040 1
731 6737 1
731 5691 1
731 4326 1
731 7935 1
731 7682 1
731 2891 1
731 8180 1
731 6894 1
731 8473 1
731 645 1
731 3313 1
731 7171 1
5017 6129 1
5017 2196 1
5017 1737 1
5017 2367 1
5017 1588 1
5017 4291 1
5017 4681 1
5017 3475 1
5017 1577 1
5017 4378 1
5017 5100 1
5017 7597 1
5017 7723 1
5017 4444 1
5017 6564 1
5017 393 1
5017 2553 1
5017 1266 1
5017 6692 1
5017 2174 1
5017 260 1
5017 6174 1
5017 4116 1
5212 4124 1
5212 7046 1
5212 4584 1
5212 5197 1
5212 6211 1
5212 1600 1
5212 5494 1
5212 7670 1
6481 3661 1
6481 8450 1
332 3171 1
332 4188 1
332 8435 1
332 6916 1
332 5187 1
332 3723 1
332 65 1
332 3543 1
332 1104 1
7812 5330 1
366 1617 1
366 137 1
366 6957 1
366 6971 1
366 1571 1
366 2843 1
366 2244 1
366 2110 1
366 5473 1
2530 8106 1
2530 1856 1
2530 810 1
2530 1428 1
2530 2035 1
2530 7396 1
2530 4345 1
2530 3094 1
2530 7936 1
2530 4364 1
1624 1773 1
1624 3735 1
3712 1955 1
3712 7545 1
3712 4460 1
3712 2441 1
3712 4191 1
3712 714 1
3712 1782 1
3712 1597 1
3712 62 1
3712 8224 1
3712 4918 1
3712 3335 1
3712 6964 1
3712 3013 1
3390 654 1
3390 4376 1
5210 5951 1
5210 590 1
7817 7029 1
7817 6276 1
5097 5361 1
5097 3005 1
5097 6595 1
5097 7566 1
5097 7908 1
5097 7955 1
5097 2963 1
3204 6055 1
3204 945 1
3204 877 1
3204 2410 1
3204 5165 1
3204 4463 1
3204 1859 1
3204 532 1
3204 235 1
3204 890 1
3204 6316 1
3204 6297 1
3204 1128 1
3204 4172 1
3204 3140 1
3204 1402 1
3204 5701 1
3204 2675 1
3204 3999 1
3204 6645 1
3204 8013 1
3204 6424 1
3204 6132 1
3204 2421 1
6978 4988 1
6978 1051 1
934 3033 1
7397 1636 1
3411 5320 1
3411 1632 1
3411 7855 1
3411 679 1
3411 3812 1
4981 7733 1
4981 838 1
4981 8467 1
7689 3107 1
6606 1162 1
109 2224 1
684 3738 1
5866 7065 1
7567 1687 1
7567 7882 1
7104 7351 1
7104 3241 1
7104 484 1
7104 3788 1
7793 4053 1
7793 2654 1
7793 3258 1
7793 4055 1
7793 1414 1
7793 932 1
7793 7125 1
1411 3333 1
1411 2984 1
1411 6060 1
5872 4592 1
5872 2659 1
5872 1124 1
5872 5091 1
5872 6054 1
7339 7651 1
7339 1151 1
7339 445 1
7339 2128 1
2592 127 1
3662 5674 1
3662 5280 1
8101 7898 1
8101 6359 1
8101 3700 1
8101 3796 1
8101 6944 1
5305 7485 1
3450 4356 1
4690 7608 1
3707 2115 1
3707 6032 1
3707 713 1
3666 2175 1
6213 6165 1
6213 5029 1
6213 4650 1
919 4557 1
919 8469 1
919 4795 1
919 7792 1
919 1973 1
919 7807 1
919 7728 1
919 6251 1
919 868 1
919 7896 1
919 3966 1
382 6139 1
382 7354 1
382 7304 1
382 6207 1
382 3891 1
382 3672 1
382 6897 1
382 342 1
3356 3930 1
8054 5789 1
8054 5703 1
3644 555 1
3644 91 1
3644 6610 1
1580 7994 1
1580 5891 1
1580 2822 1
1580 336 1
1580 2902 1
7044 7240 1
7044 6718 1
7044 8115 1
7044 5877 1
7044 357 1
7044 4653 1
7044 339 1
7044 3576 1
7044 1488 1
7044 1933 1
7044 5545 1
7044 3817 1
7044 8350 1
7044 4173 1
7044 7184 1
680 2467 1
8108 6734 1
2341 3591 1
2341 8293 1
1721 510 1
1721 3308 1
1721 1987 1
7490 5011 1
1404 6340 1
1404 7085 1
1404 4614 1
1404 2575 1
1404 5381 1
1404 162 1
1404 4904 1
1404 4871 1
1404 1968 1
6934 4995 1
6934 2468 1
6934 2170 1
6934 7443 1
6934 6508 1
6934 5286 1
6934 141 1
6934 927 1
8167 5656 1
3129 1644 1
1200 4688 1
1200 1292 1
1200 7470 1
5453 2719 1
5453 851 1
5453 5285 1
7953 7978 1
5938 4915 1
2286 5225 1
2878 1178 1
2878 1776 1
7277 2685 1
5869 1396 1
5869 7837 1
5869 7573 1
5869 412 1
5869 4243 1
5869 952 1
5869 5981 1
728 7810 1
728 6081 1
728 5629 1
728 933 1
728 4672 1
1806 7919 1
4071 5249 1
2509 26 1
388 4802 1
388 7313 1
388 8127 1
388 2335 1
388 6591 1
388 7811 1
388 835 1
388 6794 1
388 4306 1
5616 478 1
5031 891 1
5031 6828 1
5031 1055 1
5031 5306 1
5031 7769 1
5031 1901 1
3231 5242 1
8073 6196 1
8092 678 1
8092 4031 1
8092 823 1
8092 417 1
8092 5975 1
8092 7091 1
8092 5682 1
8092 7496 1
4840 7775 1
771 8265 1
2567 7513 1
6738 5078 1
2353 6643 1
5786 7553 1
5786 5032 1
5786 1651 1
5786 1145 1
5786 7962 1
5786 7253 1
5786 8113 1
5786 371 1
5786 5265 1
5786 7549 1
5786 3890 1
5786 1061 1
5786 4533 1
5786 3000 1
5786 2506 1
5786 1867 1
5786 8271 1
5786 2305 1
5786 2526 1
1419 3113 1
1419 6731 1
1419 1029 1
1419 2291 1
1419 7749 1
1419 870 1
1419 4890 1
1419 1756 1
3691 5529 1
3691 1458 1
3691 2847 1
1157 7048 1
1157 7859 1
1157 1689 1
1157 3616 1
1157 6286 1
1157 5936 1
5475 4528 1
662 976 1
1134 5270 1
5858 7381 1
5858 4418 1
5858 8414 1
5858 4474 1
5858 637 1
5858 6554 1
5675 4233 1
5379 5045 1
5379 6699 1
7347 3853 1
5988 5099 1
5988 5279 1
5988 7681 1
2688 6370 1
4371 7227 1
3751 210 1
3598 7389 1
3598 462 1
3598 5961 1
5291 8283 1
5291 6760 1
5291 5040 1
5291 4115 1
5291 4018 1
5291 6490 1
5291 1870 1
5291 4476 1
5291 6834 1
5291 3613 1
5291 8018 1
5291 2825 1
5291 6175 1
5291 6233 1
5291 6585 1
5291 5204 1
5291 951 1
5291 8043 1
3449 709 1
5745 7210 1
7903 620 1
2287 6526 1
7764 6067 1
4240 3991 1
4455 4504 1
4455 1825 1
7343 3265 1
7343 3872 1
7343 4135 1
7343 3336 1
7343 5199 1
7343 3070 1
7343 809 1
7343 812 1
7343 6911 1
7343 4029 1
7343 8041 1
7343 6687 1
7343 5241 1
629 7006 1
629 7614 1
5021 7045 1
5021 6120 1
5021 1827 1
5021 2302 1
5021 1290 1
5021 828 1
3773 7737 1
3773 2974 1
3773 6252 1
3773 5676 1
3773 2235 1
3773 1848 1
4021 3481 1
4021 1315 1
4021 1574 1
4021 1313 1
4021 7256 1
4021 3312 1
4021 3952 1
4021 1673 1
4021 5313 1
4021 2780 1
4021 3671 1
4021 3634 1
4021 3789 1
4021 2801 1
4021 5626 1
4021 8294 1
4021 6385 1
4021 7956 1
4021 2946 1
4021 3545 1
4021 2081 1
4021 3579 1
4021 5760 1
4021 3513 1
4021 1366 1
4021 4131 1
4021 1456 1
4021 4473 1
4021 8396 1
4021 3527 1
4021 5527 1
4021 1836 1
4021 7495 1
4021 4716 1
4021 4297 1
4021 4109 1
4021 3248 1
7639 805 1
7639 1548 1
7639 7637 1
7639 224 1
7639 5493 1
7639 8257 1
303 3690 1
303 2078 1
303 695 1
303 318 1
303 2361 1
303 4481 1
303 3842 1
303 151 1
303 3346 1
303 3545 1
303 1461 1
303 1655 1
303 7421 1
8442 4943 1
8442 4389 1
8442 1300 1
8442 3162 1
8442 4603 1
8442 4012 1
8442 4286 1
8442 2994 1
5827 6064 1
6145 1410 1
6652 864 1
7285 6115 1
7285 1274 1
4732 3463 1
2129 71 1
4143 8351 1
2584 2996 1
5108 2118 1
4905 7300 1
457 438 1
322 7838 1
322 2322 1
322 5687 1
322 1006 1
322 5488 1
322 5861 1
322 3067 1
322 7013 1
2433 6688 1
2433 5435 1
2433 3384 1
2433 2201 1
2433 1009 1
2433 5073 1
2433 6558 1
2433 5595 1
5582 4902 1
5582 1233 1
5523 1832 1
746 1514 1
7483 7505 1
7483 7086 1
7483 5127 1
1145 2775 1
2991 6068 1
1779 7241 1
1779 4401 1
1779 5620 1
468 6938 1
468 3772 1
4179 6244 1
4179 7564 1
4179 4616 1
4179 4589 1
4179 427 1
4179 8217 1
4179 1235 1
4179 2895 1
4179 3431 1
2802 861 1
5171 2186 1
5171 6953 1
3362 998 1
2172 8457 1
2172 3512 1
2172 3038 1
2172 3394 1
2172 1995 1
2172 8325 1
2172 8175 1
2172 6279 1
2172 2872 1
2172 6486 1
2172 113 1
2172 7731 1
2172 5299 1
2172 3794 1
2172 601 1
2172 2849 1
8221 7581 1
8221 2593 1
8221 953 1
8221 4888 1
6710 4590 1
3486 8454 1
3486 757 1
3486 1475 1
3486 4021 1
3486 1250 1
3486 4079 1
3486 4751 1
3486 4185 1
3486 2038 1
3486 1703 1
3486 955 1
3486 6369 1
3486 674 1
3486 1897 1
3486 7009 1
3486 5260 1
3486 1223 1
3486 5052 1
3486 7164 1
2696 7197 1
2696 758 1
3811 5219 1
3811 1845 1
3811 1894 1
3811 6702 1
3811 6026 1
3811 5072 1
3811 7914 1
3811 5727 1
3811 4170 1
3811 4573 1
3811 1695 1
3811 5554 1
3811 6542 1
3811 1909 1
3811 565 1
3811 2251 1
3811 2398 1
3811 325 1
3811 5959 1
3811 5970 1
3811 3570 1
3811 8279 1
3811 103 1
3811 3080 1
3811 4554 1
3811 4072 1
3811 6156 1
3811 6963 1
3811 2122 1
3811 4705 1
3811 2054 1
3811 2789 1
3811 5743 1
3811 2736 1
3811 4499 1
3811 896 1
3255 2469 1
3255 893 1
7608 796 1
7608 7121 1
7608 5537 1
7608 5142 1
7608 7265 1
7608 2134 1
7608 5631 1
7608 7642 1
7608 2330 1
7608 4985 1
7608 6373 1
7608 1102 1
2982 5003 1
2982 7688 1
2982 7532 1
2982 1045 1
6120 6153 1
6120 732 1
6120 3799 1
5251 1231 1
5251 4955 1
5251 1639 1
5321 7999 1
1695 6185 1
1695 3904 1
1695 7856 1
1695 817 1
1695 638 1
2381 5879 1
714 5431 1
714 2615 1
714 7849 1
714 2285 1
714 2818 1
714 4918 1
714 8161 1
714 4405 1
2152 3309 1
3195 7783 1
538 7624 1
708 2057 1
7127 5492 1
1215 2159 1
1503 1959 1
1503 7536 1
1503 7758 1
1503 1882 1
1724 4210 1
1724 8196 1
1724 6644 1
3922 138 1
7382 8099 1
3234 6607 1
3234 7722 1
104 3813 1
7866 609 1
7866 5715 1
7866 1735 1
7866 4429 1
7866 5596 1
5359 1817 1
5857 5215 1
8055 2655 1
8055 3923 1
8055 3115 1
8055 4505 1
8055 3127 1
8055 3204 1
8055 5348 1
8055 4604 1
8055 6245 1
8055 1808 1
8055 5902 1
8055 8474 1
8055 5657 1
8055 5028 1
8055 5735 1
8055 8310 1
8055 1524 1
8055 6094 1
8055 6180 1
8055 7991 1
8055 2628 1
8055 4046 1
8055 988 1
8055 8459 1
8055 1754 1
7497 2558 1
5256 729 1
5256 978 1
5256 2788 1
5256 5632 1
5256 904 1
1841 622 1
2329 1445 1
2329 7290 1
2329 203 1
2329 470 1
2329 2881 1
2329 5768 1
2329 6516 1
2329 6394 1
2329 1489 1
2329 317 1
2329 2032 1
2329 8125 1
2329 1791 1
2329 444 1
2329 6311 1
2329 3605 1
2329 5785 1
2329 307 1
2329 853 1
2329 3026 1
2329 2194 1
2329 1477 1
2329 8289 1
2329 3989 1
2329 1802 1
4749 3432 1
4749 5317 1
4749 1213 1
4749 124 1
4749 3321 1
243 5725 1
243 1482 1
6183 6473 1
6183 2772 1
6183 2752 1
6183 6303 1
6183 2669 1
6183 2116 1
6183 6805 1
6183 3810 1
5716 1308 1
5716 1027 1
5716 2476 1
7388 1239 1
4393 1913 1
6143 2133 1
6633 8104 1
2856 5414 1
2856 2783 1
2856 2536 1
2856 2382 1
2856 2604 1
2856 1842 1
2856 1693 1
2856 4512 1
2856 4700 1
2856 2478 1
8276 2383 1
462 6500 1
5819 1661 1
5819 3766 1
6679 1302 1
6679 2708 1
5535 4771 1
5535 4921 1
5535 6112 1
5535 7973 1
5535 58 1
5535 7521 1
4399 7546 1
5298 3969 1
5298 3734 1
5298 5788 1
5298 2972 1
5298 7158 1
5298 6393 1
5298 7738 1
5298 5737 1
5298 4546 1
5298 238 1
5298 3669 1
3354 502 1
3030 2906 1
918 4951 1
918 7634 1
918 2342 1
918 2936 1
918 3943 1
1106 6786 1
1106 4365 1
1106 324 1
1106 2634 1
1106 2707 1
1106 6482 1
1106 3754 1
568 1268 1
568 3249 1
568 251 1
568 7503 1
568 7357 1
568 123 1
8387 2481 1
1046 2454 1
1046 1331 1
2907 3907 1
8461 668 1
8461 997 1
8461 2491 1
8461 1078 1
8461 3212 1
5712 1267 1
7015 2416 1
6189 5720 1
7187 2264 1
5817 5564 1
5817 625 1
7881 2189 1
7275 4896 1
7275 3748 1
592 3240 1
592 3520 1
592 3150 1
8331 2917 1
1374 3083 1
1374 6639 1
1374 3816 1
1374 5787 1
1374 6898 1
1374 2349 1
1374 263 1
1374 5518 1
1374 8222 1
1374 7972 1
1374 5166 1
1374 2861 1
1374 4186 1
1374 8393 1
1374 3849 1
1374 3276 1
1374 3023 1
1374 3535 1
1374 5237 1
1374 2146 1
1374 2205 1
4227 5897 1
2156 536 1
2156 6856 1
4211 6267 1
4211 7168 1
4211 3718 1
7943 6299 1
2076 1311 1
2076 5812 1
2076 6987 1
2076 3097 1
2076 8155 1
1849 6164 1
3114 4525 1
3114 6949 1
3114 6642 1
3114 7264 1
3114 2092 1
3114 6374 1
3114 7825 1
3114 3483 1
3114 6552 1
3114 4891 1
7695 3618 1
44 7044 1
2068 3484 1
6651 8452 1
3790 4164 1
5403 5443 1
5403 8232 1
5403 2931 1
5403 2418 1
5403 807 1
5403 2494 1
5403 3469 1
5403 6673 1
5403 4975 1
5403 2807 1
5403 6893 1
5403 3316 1
5403 6283 1
5403 4296 1
202 2889 1
4009 6858 1
2642 4843 1
2642 3602 1
2642 3122 1
2642 3455 1
2642 3064 1
2642 2648 1
2642 6955 1
2642 670 1
2642 3878 1
1286 1170 1
2554 2943 1
3451 1216 1
419 4982 1
1726 808 1
1726 7103 1
5927 8309 1
1338 3688 1
5499 6458 1
5499 8126 1
5499 385 1
5499 3142 1
5499 1177 1
5499 9 1
5499 1312 1
5499 6747 1
5499 2640 1
5499 1004 1
5499 2059 1
3698 2155 1
3698 7780 1
3698 1295 1
3698 4454 1
3698 605 1
3698 6302 1
3698 4288 1
3698 6125 1
2075 3325 1
3634 5626 1
3634 4805 1
3090 5868 1
785 6044 1
785 4666 1
785 7721 1
785 4036 1
5937 6046 1
6162 756 1
6162 5550 1
6162 5128 1
2689 7483 1
2689 4764 1
2689 5978 1
2689 1829 1
2337 7137 1
3353 634 1
3353 308 1
1352 376 1
1352 5151 1
1352 2500 1
1352 4535 1
1352 7745 1
1352 8430 1
1352 8056 1
1352 836 1
1352 5007 1
1352 1612 1
1352 557 1
1352 8317 1
6733 7830 1
6733 7626 1
1522 2662 1
7913 2443 1
7913 94 1
7913 7520 1
7913 578 1
7913 3564 1
7913 5130 1
7913 3884 1
7913 1935 1
7913 5704 1
7913 6926 1
7079 5322 1
7079 4740 1
2270 3206 1
2270 5603 1
2270 7021 1
7699 7675 1
7699 6510 1
7699 1012 1
7699 6709 1
2273 658 1
2273 527 1
7263 6727 1
6848 5864 1
4938 1576 1
4938 3958 1
4938 3683 1
3663 2855 1
1060 3413 1
1060 2239 1
1060 2461 1
7653 2328 1
7653 3155 1
7205 2646 1
5795 3012 1
3443 2118 1
2274 7163 1
3871 6446 1
399 513 1
1544 5251 1
1544 1314 1
1544 4693 1
1544 492 1
1909 3692 1
1909 3745 1
1909 6052 1
1909 5235 1
1909 1487 1
1909 349 1
1909 2733 1
1909 856 1
1909 764 1
1909 1972 1
1909 185 1
4712 5546 1
4712 613 1
4712 7165 1
4712 4331 1
4712 4993 1
4712 7384 1
4712 6147 1
2447 7666 1
3549 8264 1
3549 1634 1
3549 4157 1
3549 894 1
3549 7096 1
3549 1702 1
3549 5719 1
3549 1063 1
3549 3686 1
3549 2844 1
3549 1119 1
4839 5437 1
4839 7218 1
4839 294 1
3383 3555 1
1854 5599 1
1854 218 1
1854 7229 1
1808 3968 1
1808 6908 1
1808 6386 1
1808 3608 1
1808 3392 1
1808 8462 1
1808 6040 1
1808 2832 1
1808 1435 1
1808 2725 1
1808 3111 1
1808 1019 1
1808 4242 1
1808 3256 1
1808 6013 1
1499 5744 1
1499 7510 1
1499 3297 1
1499 1532 1
7998 6105 1
4476 1910 1
1924 1171 1
1924 1627 1
1924 6072 1
1924 2332 1
1924 1163 1
1924 7736 1
3107 1556 1
3107 2256 1
3107 5253 1
3107 6748 1
278 5327 1
2164 738 1
2284 2862 1
2284 7411 1
2676 232 1
4987 6624 1
1976 1883 1
1976 4649 1
5430 2644 1
8086 7929 1
8086 1730 1
8086 1096 1
8086 2885 1
8086 2572 1
3048 1500 1
3048 7795 1
3048 3284 1
2565 3095 1
2565 6521 1
2565 888 1
2565 471 1
2565 2627 1
2565 1569 1
2565 3257 1
2565 6409 1
2565 6973 1
2565 4103 1
2565 8025 1
2565 3470 1
2565 1746 1
2130 5604 1
1871 5967 1
7879 962 1
8274 7129 1
5902 3186 1
5902 4229 1
5902 986 1
5902 7340 1
5902 3453 1
5902 6556 1
5902 3153 1
5902 720 1
5902 4630 1
5902 4968 1
5902 5549 1
5902 7372 1
5921 3759 1
5921 6107 1
2397 1950 1
6573 6661 1
6573 3673 1
4385 667 1
351 4032 1
3677 4609 1
619 1256 1
7609 45 1
7609 8046 1
6791 8138 1
3085 3242 1
3085 4587 1
7701 8367 1
5056 6305 1
1775 175 1
2879 4763 1
2879 7609 1
5763 4026 1
5763 2945 1
5763 6666 1
5763 1594 1
5763 3701 1
5763 2270 1
5763 3782 1
5763 184 1
5763 5557 1
5763 2300 1
5763 848 1
3660 383 1
3227 2456 1
1354 4294 1
1354 1971 1
6313 6041 1
6034 7870 1
6034 5847 1
3642 6842 1
7108 5585 1
7108 2878 1
7108 5831 1
7108 1129 1
7108 6931 1
7108 6275 1
7108 6989 1
7108 5660 1
7108 6946 1
7108 2586 1
7108 1515 1
6557 3221 1
2119 5120 1
2119 1467 1
2119 3509 1
2119 7002 1
2119 1521 1
2119 468 1
2119 6218 1
2119 3784 1
2119 3108 1
2119 3733 1
2119 1537 1
2119 615 1
2119 917 1
7318 5894 1
7318 5382 1
7318 2275 1
7318 298 1
7318 2234 1
7318 7988 1
7928 1113 1
7928 4845 1
1422 7952 1
1422 7062 1
1422 4203 1
6352 5048 1
6352 4475 1
6352 6365 1
6352 5688 1
6352 6033 1
6352 7585 1
6352 2602 1
6352 1984 1
6352 7677 1
6352 5432 1
6352 7632 1
6352 2527 1
6753 5033 1
6753 3052 1
6753 7613 1
6753 1363 1
6753 7776 1
6753 600 1
6753 2638 1
6753 4249 1
6753 1680 1
6753 3848 1
6753 6329 1
6753 3948 1
6753 1957 1
6264 4515 1
4836 5807 1
4836 5833 1
7430 582 1
7430 7875 1
7430 6694 1
7430 2482 1
7430 684 1
7430 7060 1
7430 5133 1
7430 3371 1
7430 5551 1
7430 6974 1
7430 5301 1
7430 1683 1
7430 4644 1
7430 3508 1
7430 4361 1
7430 5617 1
5035 1067 1
7992 6956 1
4166 1293 1
7937 5884 1
7937 3963 1
7937 1358 1
7937 1645 1
4197 410 1
4197 3986 1
1940 7821 1
1940 4673 1
1940 8349 1
1940 7427 1
1940 7686 1
1940 6769 1
1940 514 1
4919 5479 1
4919 6839 1
4919 2863 1
7069 6609 1
7069 2679 1
7069 3025 1
4466 4020 1
5638 2841 1
3070 5808 1
3070 1335 1
2752 1109 1
2752 3406 1
2752 1712 1
2752 2964 1
6593 7996 1
6593 2182 1
6593 4543 1
6593 8388 1
6593 4403 1
4494 1483 1
4494 5848 1
2430 4428 1
2430 6627 1
2430 4024 1
2430 7854 1
2430 6986 1
2430 3006 1
2430 2123 1
2430 5759 1
2430 3211 1
2430 6693 1
2430 5370 1
2430 3858 1
2430 4562 1
4502 2735 1
3437 6943 1
3437 4323 1
6845 6570 1
6845 6436 1
6845 7428 1
6845 571 1
7844 925 1
7844 5006 1
4283 5111 1
4283 3640 1
4283 7974 1
4283 1941 1
4283 5340 1
4283 4711 1
4283 1672 1
2252 1843 1
3004 1981 1
1314 3163 1
1314 5105 1
1314 1379 1
1314 7910 1
1314 8443 1
5683 2294 1
5683 6524 1
6811 4831 1
4091 5744 1
2538 4486 1
1033 131 1
1033 907 1
1033 1153 1
1033 5818 1
1033 2803 1
1033 5092 1
1033 3559 1
1033 5089 1
96 8470 1
96 4610 1
96 3330 1
96 7751 1
96 6391 1
96 7660 1
96 7506 1
96 5968 1
96 2203 1
96 3619 1
96 7049 1
96 8468 1
96 1611 1
96 2042 1
96 115 1
96 1523 1
5518 4861 1
5518 3792 1
5584 4310 1
5584 2126 1
5584 7035 1
5584 753 1
5584 4174 1
5584 6045 1
5584 2737 1
1597 3889 1
1597 4641 1
1597 3752 1
1597 2883 1
1597 6011 1
1597 2425 1
1597 6074 1
922 1343 1
395 3746 1
7222 6448 1
7222 2121 1
7222 830 1
7222 2551 1
7222 4712 1
7222 8086 1
7222 3014 1
7222 5679 1
7222 7767 1
7222 4152 1
7222 3102 1
5794 4787 1
5794 6495 1
5794 1415 1
5794 6695 1
5794 4819 1
5794 1195 1
3482 3174 1
685 2006 1
685 876 1
685 7183 1
4753 6589 1
800 5453 1
800 2682 1
800 6192 1
8401 3495 1
6170 787 1
6170 6428 1
6170 6239 1
1727 4664 1
1727 3652 1
1727 6235 1
1727 20 1
1727 2702 1
1727 4484 1
1727 3318 1
1727 1086 1
7422 3528 1
6729 2247 1
5961 1287 1
5961 1089 1
5961 2913 1
4853 5063 1
4853 6184 1
4853 166 1
4853 617 1
4853 5400 1
4853 6935 1
4853 1269 1
4853 2084 1
4853 5404 1
4853 6431 1
4853 1862 1
4853 2160 1
3841 6676 1
3841 2168 1
781 1466 1
6243 7405 1
1372 1389 1
1272 5280 1
555 2154 1
555 957 1
555 8181 1
555 4141 1
555 1667 1
555 3573 1
555 1391 1
555 2820 1
555 3363 1
7213 2609 1
7213 7892 1
7213 8103 1
7213 6631 1
7809 146 1
4425 5726 1
4425 1812 1
4425 498 1
5243 6680 1
2600 3905 1
1389 3924 1
1389 2404 1
1389 1951 1
1389 8253 1
1389 2002 1
111 1794 1
8250 6269 1
6410 4806 1
6410 1728 1
3036 1946 1
3906 8357 1
3906 8182 1
4783 3287 1
2033 7099 1
7324 3329 1
6246 8151 1
6246 5820 1
2388 6507 1
4270 2920 1
4270 1857 1
4270 6899 1
4270 7288 1
2693 6775 1
5574 982 1
5574 2542 1
5574 652 1
5574 4637 1
5574 3488 1
5574 1376 1
5574 1403 1
5574 2079 1
5574 2699 1
5574 4258 1
5574 80 1
553 2532 1
553 4426 1
553 2550 1
553 8193 1
553 915 1
553 1365 1
553 6255 1
553 6110 1
553 3338 1
553 4496 1
553 7872 1
553 5159 1
7568 3417 1
7568 4402 1
7568 2521 1
7568 6845 1
7568 6238 1
7568 5355 1
7568 1787 1
7568 854 1
7568 2793 1
7568 1294 1
7568 2026 1
1821 6889 1
1821 3290 1
1821 4678 1
1821 6939 1
1821 7860 1
1821 351 1
1821 72 1
1821 7500 1
1821 8412 1
1821 6333 1
1821 4379 1
1821 659 1
1821 7312 1
4686 4578 1
474 994 1
474 6710 1
8159 6149 1
4522 7320 1
4522 2495 1
4522 4886 1
4522 3702 1
4522 2323 1
4522 255 1
8061 3230 1
9 3984 1
9 1626 1
9 6454 1
9 940 1
9 6497 1
9 4001 1
9 2378 1
5533 5375 1
5533 944 1
5533 2278 1
5533 7026 1
5533 2439 1
5533 4094 1
5533 8297 1
5533 8192 1
5533 642 1
5533 2810 1
5533 7066 1
5533 6455 1
2459 7367 1
914 6485 1
2817 4594 1
2817 686 1
2817 963 1
4825 1168 1
4825 85 1
2097 259 1
2097 3776 1
2097 6279 1
2097 1075 1
2392 8284 1
2392 5872 1
2392 6983 1
2392 3106 1
2392 7093 1
2392 4703 1
2392 862 1
2392 5463 1
5362 2614 1
4693 4460 1
4693 585 1
4693 3117 1
4693 296 1
4693 6106 1
4693 8220 1
4693 233 1
4693 3471 1
4693 4057 1
4693 3962 1
4693 1729 1
4693 78 1
4693 2759 1
4693 6117 1
4693 588 1
4693 7942 1
4693 4392 1
4693 606 1
4693 4910 1
7638 55 1
7638 6324 1
7638 4313 1
7638 5716 1
7638 51 1
7638 1386 1
7638 2333 1
7638 5350 1
7638 6146 1
7638 3217 1
7638 5699 1
7638 8188 1
1937 5036 1
1937 8058 1
1937 3737 1
1937 592 1
1937 3332 1
1937 6832 1
1937 2220 1
1937 6231 1
1937 2477 1
1937 1149 1
1937 2838 1
1064 462 1
1064 1058 1
1064 5214 1
1064 1220 1
1064 4807 1
1064 1122 1
1064 1107 1
1064 3944 1
5976 7359 1
5976 6629 1
5976 201 1
5976 5569 1
5976 215 1
5976 4461 1
1159 8094 1
1159 7318 1
1159 4619 1
1159 1310 1
879 267 1
879 6380 1
879 4085 1
5049 3222 1
4068 2830 1
5998 5328 1
996 2909 1
5513 6625 1
5513 4132 1
5513 5521 1
5513 4996 1
5513 4351 1
5513 6349 1
5513 5287 1
5513 5583 1
5513 3805 1
5513 7452 1
5513 132 1
5513 6743 1
2523 5157 1
2523 1416 1
2523 1948 1
2523 5117 1
2523 1341 1
2523 545 1
2523 4854 1
2523 3016 1
2523 7605 1
7697 3019 1
6419 936 1
6419 7314 1
809 7574 1
809 3801 1
809 1282 1
1648 50 1
5051 6327 1
5051 5388 1
5051 1381 1
5051 647 1
5051 7245 1
5051 799 1
5051 8082 1
8142 4385 1
8142 4362 1
4081 1701 1
4081 6496 1
4081 8220 1
4081 7671 1
4081 5352 1
4081 1912 1
3743 7869 1
7723 7037 1
3130 1883 1
2686 2451 1
2686 1082 1
2686 384 1
2686 4492 1
2686 5507 1
2686 2310 1
2686 7542 1
2686 453 1
2686 6179 1
2686 3786 1
2686 8338 1
2686 354 1
2686 1507 1
2686 347 1
3261 3233 1
4442 3612 1
4442 3854 1
4442 2828 1
7835 6546 1
7835 1141 1
7835 8433 1
7835 145 1
7835 6395 1
7835 6999 1
7718 4605 1
4809 4309 1
4809 5903 1
4809 552 1
4809 1552 1
4809 5930 1
4809 3486 1
4809 7153 1
4809 3359 1
4809 7653 1
4809 96 1
4809 8190 1
4809 4069 1
4809 235 1
4809 2548 1
4809 7808 1
4809 3454 1
4809 7619 1
4809 739 1
4809 1786 1
4809 6499 1
4809 5138 1
4809 5588 1
4809 2421 1
1903 6713 1
3350 4516 1
200 3355 1
6363 7095 1
6277 1586 1
2518 7486 1
2518 1860 1
2518 3584 1
2518 479 1
2518 1286 1
2518 3175 1
2518 6399 1
2518 5809 1
2518 7176 1
2518 7491 1
2518 1766 1
2518 543 1
2518 3781 1
2634 2417 1
2634 5366 1
2634 558 1
2634 5837 1
2634 5312 1
2634 3439 1
1936 5814 1
1936 6469 1
5384 7878 1
5384 2479 1
3648 214 1
4879 977 1
4879 8336 1
6948 7335 1
2717 831 1
2717 319 1
2717 8200 1
2717 6532 1
2717 1229 1
2717 411 1
2717 6438 1
2717 7124 1
2717 8197 1
4105 1784 1
4409 1318 1
484 6947 1
484 3787 1
484 5917 1
484 2770 1
484 8136 1
484 4708 1
484 3754 1
6036 6217 1
7569 6158 1
7569 3996 1
7569 67 1
7569 815 1
7569 1342 1
7569 2993 1
7569 5944 1
7569 3915 1
7569 2698 1
7569 6586 1
7569 206 1
7569 6090 1
7569 5509 1
3020 4776 1
3020 1679 1
3020 5921 1
3020 5101 1
3020 8225 1
3020 2957 1
3020 2387 1
3020 4215 1
3020 4777 1
91 6331 1
3990 3758 1
3993 4214 1
3014 1353 1
3014 6258 1
3014 5185 1
3014 7379 1
3014 6199 1
3014 1478 1
3014 2147 1
3014 7535 1
3014 2090 1
3014 5915 1
3014 5571 1
3014 3412 1
3014 3324 1
3014 1329 1
3014 3867 1
6762 6358 1
6762 304 1
52 574 1
52 322 1
52 849 1
52 700 1
52 121 1
52 7082 1
52 1033 1
52 7170 1
52 2522 1
52 4691 1
52 4821 1
52 6831 1
52 4834 1
52 5085 1
52 7311 1
3553 7922 1
4111 6992 1
4510 3418 1
4510 1855 1
4510 310 1
4510 346 1
4510 1392 1
4510 946 1
4510 1152 1
4510 4651 1
4510 4099 1
4448 1340 1
4448 6798 1
4448 1998 1
4448 6849 1
2427 513 1
493 7010 1
7020 8373 1
6092 7920 1
482 7612 1
5959 2008 1
5959 1023 1
5959 1674 1
5959 7299 1
5959 2373 1
4422 4502 1
8458 5919 1
1071 3953 1
1143 4301 1
1143 7436 1
4527 3426 1
4527 2562 1
4527 3925 1
4527 7517 1
4527 2138 1
4527 5064 1
4532 2007 1
7369 390 1
7369 5850 1
4645 1795 1
4645 4182 1
581 386 1
7438 7543 1
7438 97 1
7438 1090 1
7438 7052 1
7438 5613 1
7438 3609 1
7438 4972 1
3344 570 1
3344 1257 1
1138 7456 1
3298 2836 1
3298 1800 1
3298 710 1
3298 3415 1
3656 305 1
7245 847 1
7245 2318 1
8045 2510 1
2525 2058 1
799 6057 1
799 5238 1
799 4054 1
799 3247 1
1497 7787 1
1497 6706 1
1497 3843 1
1497 3883 1
1497 3385 1
5809 4863 1
5809 7024 1
5809 3724 1
5809 2276 1
5809 1601 1
5809 3631 1
5809 2390 1
5809 7627 1
964 878 1
738 1834 1
738 5417 1
738 6190 1
738 3062 1
738 4796 1
738 7794 1
738 5373 1
738 3549 1
738 1755 1
738 1417 1
738 7502 1
738 2566 1
738 4778 1
738 2815 1
738 7640 1
738 4142 1
738 1813 1
738 6101 1
738 1954 1
3132 7366 1
3132 1536 1
4133 3187 1
4133 7747 1
4133 6896 1
4133 3422 1
4133 7868 1
4133 7214 1
4133 7490 1
4133 2567 1
4133 3506 1
4133 5867 1
4133 2472 1
4133 2422 1
4133 4346 1
4133 2678 1
4133 5410 1
4133 6901 1
4133 4912 1
4133 5531 1
4133 2720 1
4133 3456 1
4133 8006 1
4133 2541 1
4133 7698 1
4133 8312 1
4133 5500 1
4133 1278 1
4133 2813 1
4133 4797 1
4133 6127 1
2721 1423 1
2721 1528 1
5265 2865 1
5265 6892 1
5265 5218 1
5211 6721 1
8292 5450 1
8292 5202 1
8292 563 1
8292 2486 1
8292 1906 1
6936 7666 1
7271 4674 1
7271 6232 1
7271 2848 1
7271 208 1
7271 189 1
7271 1413 1
5551 3192 1
5677 2616 1
5677 1535 1
5677 4257 1
5677 2169 1
5677 6921 1
5677 150 1
5677 7058 1
5677 4430 1
5677 2055 1
5677 4373 1
5677 5344 1
5677 6859 1
5677 2852 1
5677 1127 1
5677 8286 1
5677 3492 1
5677 5714 1
5677 3597 1
5677 6083 1
943 3504 1
943 6646 1
7257 6650 1
6663 413 1
6663 8122 1
6663 3244 1
6663 562 1
6663 6478 1
6663 548 1
6663 6470 1
68 8047 1
2029 4657 1
2581 1324 1
4736 4013 1
4736 8330 1
4736 6665 1
4736 7735 1
4736 2540 1
4736 5580 1
7198 4880 1
1774 1863 1
5353 8258 1
5353 1991 1
5353 6873 1
5353 1227 1
6291 1541 1
6291 4041 1
6291 540 1
8279 567 1
8279 4680 1
8279 7284 1
8279 6501 1
8279 5722 1
1630 7053 1
1630 3429 1
103 4781 1
103 3442 1
103 2144 1
103 4704 1
4643 6224 1
4643 2242 1
4643 6163 1
4643 703 1
4643 4916 1
4643 4730 1
3780 5023 1
3780 3158 1
3780 2523 1
3780 4552 1
3780 2435 1
2871 4283 1
3419 6476 1
2905 2301 1
2905 5390 1
2905 2887 1
2905 2488 1
2905 3622 1
2905 8227 1
2905 5154 1
2905 6012 1
2905 3218 1
7077 8327 1
7077 6576 1
7077 4829 1
7077 7339 1
7077 5457 1
7077 2907 1
7077 6870 1
7077 2354 1
7077 5584 1
7077 6049 1
7077 2307 1
7077 2148 1
7077 1530 1
7077 1751 1
7077 4828 1
7077 655 1
7077 5226 1
7077 1720 1
7077 4675 1
5665 1747 1
5194 7378 1
3457 2283 1
5968 2005 1
4849 4138 1
1671 485 1
1671 607 1
1671 2100 1
1671 2217 1
744 1420 1
2237 2729 1
333 4583 1
333 8154 1
333 4290 1
333 8442 1
333 3162 1
333 7607 1
333 7455 1
333 6205 1
333 7620 1
333 6984 1
3846 2750 1
1728 2471 1
1728 6757 1
1728 3916 1
1728 3709 1
1728 559 1
1728 8313 1
1728 3388 1
1728 7441 1
1728 4122 1
1728 5229 1
4339 4725 1
4339 7815 1
4339 2257 1
4339 1385 1
4339 1136 1
4339 437 1
3941 4108 1
3941 5898 1
4047 3727 1
4254 7886 1
8389 1394 1
1220 5862 1
1220 2734 1
1220 874 1
1220 1486 1
8150 1316 1
8156 5614 1
188 4722 1
5408 6945 1
7118 7715 1
7118 2379 1
7118 6656 1
7118 7752 1
217 566 1
217 3601 1
1982 5289 1
1982 2204 1
1982 6768 1
2599 6423 1
2599 7871 1
2599 8344 1
2293 243 1
2293 8461 1
3232 6459 1
3487 3753 1
2085 5769 1
2085 6314 1
2085 5947 1
2085 7383 1
2085 1767 1
7476 958 1
7476 7258 1
7476 1228 1
7476 1578 1
7476 5054 1
7476 5547 1
7476 4382 1
7476 6273 1
7476 7927 1
7476 1307 1
7476 4497 1
7476 5233 1
5952 4984 1
5952 2683 1
5581 66 1
5581 1677 1
4491 7022 1
4491 818 1
4491 2741 1
4491 7839 1
4491 4282 1
4491 3306 1
4491 1501 1
4491 7108 1
4491 4197 1
4491 4564 1
4491 5576 1
4491 1443 1
4491 760 1
4491 5646 1
4491 8426 1
4491 6711 1
4491 4586 1
4491 442 1
4491 7406 1
924 7703 1
924 5429 1
924 2864 1
924 789 1
924 1809 1
924 8303 1
924 5050 1
924 3985 1
924 6088 1
924 2181 1
924 2068 1
924 1896 1
924 7207 1
924 6909 1
924 4509 1
924 3419 1
924 1582 1
924 3428 1
924 8100 1
924 4518 1
924 1412 1
924 1333 1
924 3314 1
924 8254 1
924 8346 1
924 7572 1
924 549 1
646 905 1
646 5250 1
646 6229 1
646 3060 1
646 5139 1
646 7193 1
1199 1261 1
1199 8000 1
1199 2574 1
1199 5358 1
1199 6430 1
1199 7595 1
1920 6237 1
1920 6108 1
8010 8057 1
2114 180 1
560 5582 1
6968 6802 1
4238 7123 1
4238 6161 1
4238 5941 1
4238 3935 1
4238 5097 1
4238 1542 1
4238 5933 1
4238 1613 1
4238 6561 1
4238 2313 1
4238 6952 1
4238 7217 1
4238 3264 1
4238 4436 1
4238 820 1
4238 6569 1
4238 3729 1
4238 6758 1
4238 8424 1
6116 4328 1
6116 7416 1
6116 3959 1
6116 1723 1
6116 4193 1
6116 1361 1
6116 6703 1
6116 4738 1
6116 1279 1
6116 6381 1
6116 7102 1
6116 2185 1
6116 7115 1
6116 3695 1
6116 7355 1
1509 629 1
1509 8068 1
1509 8394 1
6712 5411 1
5182 1974 1
5182 7707 1
5182 7547 1
5182 1665 1
5182 6010 1
2568 8171 1
8212 3238 1
8212 3057 1
8212 3461 1
8212 630 1
8212 299 1
3164 4923 1
3164 1596 1
3164 5633 1
3164 2909 1
3164 4419 1
3164 2546 1
3164 7757 1
3164 2420 1
3164 1549 1
3164 5724 1
262 3478 1
3991 1846 1
3991 5994 1
4396 7739 1
4396 112 1
4396 5495 1
4396 6825 1
4396 1352 1
4396 612 1
4396 7059 1
4396 8048 1
4396 3309 1
4396 8374 1
4396 2840 1
4396 7777 1
4396 8420 1
4396 3344 1
4396 6465 1
4396 192 1
4396 2954 1
4396 916 1
4396 2272 1
4396 4727 1
7047 1322 1
3435 4113 1
3435 5836 1
3435 1173 1
3435 4427 1
3435 2632 1
3435 3675 1
3435 3305 1
3435 4114 1
2283 4260 1
6568 8096 1
6568 6210 1
4062 6809 1
4062 7570 1
4062 431 1
4062 741 1
7440 6298 1
7440 4539 1
7440 4034 1
7440 5636 1
5800 3228 1
7732 289 1
7732 5945 1
3324 6208 1
5541 5642 1
5541 3929 1
5541 3157 1
375 6670 1
640 716 1
640 1485 1
640 1893 1
640 2210 1
640 1593 1
640 4920 1
5030 6240 1
5030 2150 1
2288 898 1
5302 2643 1
5302 6268 1
6750 7215 1
6750 6813 1
3193 6250 1
2892 4418 1
4847 1149 1
3091 1404 1
2852 225 1
2852 4618 1
2852 170 1
2852 5025 1
2852 3897 1
1539 4926 1
1539 2798 1
1539 3906 1
1539 8209 1
1539 5931 1
1539 3374 1
1539 3657 1
1539 4289 1
5169 6843 1
5169 6668 1
5169 6087 1
5169 3979 1
2077 3466 1
8371 2321 1
8371 2158 1
8371 3214 1
8371 2086 1
8371 6292 1
8371 1732 1
8371 2544 1
8371 7270 1
8371 3039 1
8371 6965 1
8371 5055 1
8371 4959 1
5777 873 1
5777 2967 1
4319 2102 1
4319 3411 1
4319 5305 1
4319 7075 1
4319 840 1
4319 5942 1
4319 283 1
4319 7741 1
6860 5268 1
7767 8163 1
7767 1474 1
7767 7967 1
7767 7499 1
3706 6451 1
6326 1444 1
6326 1505 1
1122 140 1
1122 5911 1
4814 7309 1
4814 1924 1
3136 7966 1
3136 5156 1
3136 3253 1
2630 7834 1
2630 2388 1
2630 6463 1
1293 348 1
1293 8201 1
1293 4997 1
1293 721 1
1293 7150 1
1293 5304 1
1293 5323 1
1293 6442 1
1293 472 1
2291 1503 1
2291 2535 1
2291 5010 1
2291 8060 1
2291 4925 1
2861 2493 1
2861 5739 1
2861 2753 1
5137 306 1
5137 7968 1
5137 4836 1
5137 7992 1
5137 604 1
5137 7835 1
5137 2153 1
5137 1434 1
5137 5728 1
5137 1369 1
5137 4856 1
5137 5753 1
5137 5324 1
5137 47 1
5096 3992 1
5096 75 1
5096 126 1
1912 1125 1
1912 3441 1
3542 6362 1
3542 765 1
3542 7418 1
3542 5168 1
3542 2460 1
3542 5486 1
3542 8397 1
3542 4251 1
3542 5801 1
3542 4281 1
501 7087 1
2977 1703 1
624 1903 1
624 7511 1
624 7845 1
4962 6172 1
4962 3936 1
1457 3668 1
5445 5198 1
7925 4626 1
6194 2686 1
7176 7665 1
4821 8342 1
4821 1899 1
4821 2560 1
4821 8288 1
4821 7088 1
5274 2135 1
5274 7474 1
359 3112 1
6763 7414 1
1847 7498 1
3065 7352 1
3065 2172 1
3065 6360 1
3065 236 1
3065 4357 1
3065 5182 1
3065 4794 1
3065 6628 1
1715 529 1
2236 4383 1
2236 3926 1
2236 2375 1
8120 3680 1
5693 6923 1
400 2649 1
400 5395 1
2953 8375 1
2953 1717 1
653 7282 1
6304 1243 1
6304 6714 1
6304 7565 1
6304 4075 1
6304 2621 1
3466 361 1
3466 1780 1
3466 6967 1
6582 1993 1
8310 5071 1
8310 226 1
6534 2296 1
6534 8118 1
6534 7295 1
6534 2672 1
6534 5993 1
6534 7713 1
6534 3521 1
7477 5369 1
7477 4524 1
7477 41 1
7477 3298 1
7477 2415 1
7477 5296 1
7477 4370 1
7477 8141 1
7429 5755 1
7429 3809 1
3791 130 1
3791 2564 1
3791 3869 1
4335 5418 1
4647 583 1
4647 2112 1
4647 6038 1
4647 2381 1
4647 363 1
4647 5590 1
4647 5221 1
4647 6837 1
4647 8172 1
4647 3997 1
4647 6415 1
4647 5508 1
6700 8195 1
1484 4355 1
1484 859 1
1484 841 1
1484 7133 1
1484 3377 1
1484 704 1
4872 3180 1
4872 5946 1
4872 3035 1
4872 8399 1
4872 2811 1
4872 4570 1
1388 4058 1
7667 533 1
268 7038 1
4038 6443 1
6437 7546 1
3850 5039 1
3850 4195 1
3850 1502 1
3727 456 1
3727 1176 1
3727 1284 1
3727 7297 1
3727 979 1
3727 4940 1
3727 4469 1
3727 6770 1
3727 8216 1
3727 4757 1
727 7683 1
727 1344 1
8456 7166 1
8456 961 1
1525 5730 1
5830 852 1
6059 2106 1
7224 1771 1
7224 2041 1
4684 530 1
4684 7661 1
4449 3857 1
4449 4368 1
4778 6061 1
5811 3901 1
5811 8101 1
5811 5895 1
5811 4808 1
5811 1555 1
5811 7945 1
5811 268 1
5811 947 1
5811 4697 1
5880 5937 1
5880 2187 1
404 6882 1
8333 2608 1
1964 1696 1
2401 418 1
8187 3047 1
7796 2834 1
7796 7305 1
7796 8400 1
7796 2271 1
7796 69 1
7796 2670 1
7796 2650 1
5463 724 1
5463 1887 1
8309 2053 1
8309 8298 1
2516 626 1
2516 6142 1
2516 1222 1
2516 6427 1
4705 1299 1
4705 6620 1
5738 7527 1
2054 3646 1
2054 6338 1
2054 4009 1
2054 8417 1
2054 6653 1
2054 575 1
2054 2082 1
1298 2886 1
1298 252 1
1039 5438 1
1039 3299 1
1039 3182 1
7329 4682 1
4715 4101 1
1364 6941 1
1364 6418 1
1512 1429 1
1512 5886 1
6047 5205 1
6177 3143 1
755 2814 1
755 6840 1
4965 4660 1
4965 1132 1
760 2448 1
760 1443 1
760 2409 1
760 516 1
760 8203 1
760 7984 1
760 5209 1
760 6181 1
760 6420 1
3407 6295 1
2911 2607 1
2911 4206 1
2911 2787 1
675 2590 1
6550 3556 1
6550 1923 1
7865 5577 1
7865 7494 1
7865 6600 1
2789 4936 1
5912 6782 1
5912 6707 1
5912 5062 1
5912 5644 1
5912 3347 1
5912 2833 1
5912 76 1
5912 1210 1
5912 3134 1
7183 2990 1
7183 7221 1
7183 3066 1
8135 2809 1
8135 1383 1
8135 2098 1
8135 4694 1
8135 5024 1
8135 5819 1
8135 8147 1
8135 5454 1
8135 5665 1
8135 1554 1
8135 7457 1
8135 2636 1
8135 1533 1
7254 5061 1
7254 3540 1
7254 6111 1
2928 3056 1
2928 350 1
2928 1123 1
2928 320 1
2928 182 1
2928 3416 1
2928 6230 1
2928 7843 1
2928 4263 1
2928 5150 1
2928 6838 1
2928 12 1
2928 6364 1
2928 985 1
2928 2370 1
2928 1864 1
2928 4320 1
2928 1021 1
2928 7622 1
5743 1032 1
5743 1614 1
5743 3768 1
5743 1062 1
5743 3803 1
5743 2773 1
8162 2908 1
2069 5757 1
2069 7833 1
2069 981 1
2069 8291 1
2069 148 1
2069 5859 1
2069 2591 1
2069 3593 1
2069 3708 1
2069 3148 1
2069 3399 1
2069 4270 1
2069 3081 1
2069 2905 1
2069 345 1
2069 6795 1
2069 5980 1
2069 6249 1
2069 6219 1
2069 4798 1
2069 1835 1
2069 6223 1
2069 7765 1
4559 248 1
5262 3885 1
5262 745 1
4979 3105 1
8281 7554 1
6135 5074 1
6135 3744 1
6135 2555 1
6135 5281 1
6135 451 1
7122 715 1
3732 223 1
5075 4295 1
5075 5389 1
193 1560 1
895 6425 1
380 60 1
380 2605 1
1019 5667 1
1524 4893 1
1524 8275 1
1524 4759 1
1524 6522 1
1524 4662 1
1524 6114 1
1524 2619 1
1524 725 1
1524 918 1
1524 3886 1
1524 2653 1
1524 6726 1
1524 4307 1
1524 5809 1
1524 6663 1
1524 4322 1
1524 7353 1
1524 7601 1
1524 3447 1
1524 543 1
1524 329 1
1524 1451 1
1524 2812 1
1524 2021 1
1524 2819 1
3898 6846 1
3898 3955 1
3898 5380 1
3898 379 1
3898 5016 1
3898 3610 1
3898 597 1
3898 7401 1
3898 4230 1
3898 1147 1
3898 5026 1
3898 6137 1
3898 3682 1
3898 3040 1
6071 964 1
2504 2623 1
2859 1459 1
2859 2047 1
2859 8380 1
2859 8024 1
2859 649 1
2859 2483 1
2859 1999 1
2859 7016 1
2859 4576 1
2859 3865 1
2859 989 1
2859 2109 1
2859 1447 1
2859 6343 1
2859 7098 1
6879 6683 1
6879 2874 1
6879 3837 1
8356 3109 1
8356 5059 1
8356 4392 1
7457 766 1
7457 4679 1
7457 7551 1
7457 1321 1
7457 6075 1
7457 57 1
8391 6310 1
3582 7094 1
3582 4380 1
3582 7109 1
3582 6574 1
3582 5858 1
3582 6215 1
3582 4478 1
3582 4701 1
3582 6352 1
3582 6541 1
3582 2756 1
3582 1761 1
3582 107 1
3582 8088 1
3582 6082 1
3582 6402 1
3582 3252 1
3582 7220 1
3582 330 1
3582 169 1
5266 8170 1
3159 1891 1
6286 7056 1
6286 3498 1
6286 5234 1
6286 7317 1
6286 221 1
6286 1985 1
6286 3137 1
6286 1540 1
6286 8410 1
6286 4779 1
6286 2992 1
6286 4553 1
6286 6857 1
6286 1654 1
6286 3101 1
6286 7827 1
3018 8121 1
7380 7617 1
3620 1699 1
3620 7393 1
3620 2165 1
3620 7154 1
3620 4767 1
3620 6007 1
3620 2011 1
3620 3847 1
3620 1992 1
3620 7524 1
3620 5309 1
3424 3879 1
3424 7658 1
3424 1770 1
3424 3594 1
3424 43 1
3424 5124 1
3424 7175 1
3424 8070 1
3424 6878 1
3424 331 1
3424 8370 1
3424 6616 1
5316 2626 1
2063 1824 1
6480 5472 1
6480 73 1
6480 261 1
6480 7479 1
6480 7631 1
6480 1241 1
6480 8021 1
6480 5925 1
6469 5191 1
1498 3522 1
1611 3814 1
1611 5069 1
1611 5671 1
1611 98 1
1611 5908 1
4658 776 1
4658 6761 1
4658 6027 1
6976 8173 1
6976 5038 1
7327 7563 1
3795 1408 1
3795 1401 1
3795 4051 1
3795 7699 1
3795 7844 1
3795 4719 1
3795 4087 1
3795 8287 1
3795 3024 1
3795 6880 1
3795 4451 1
3538 6095 1
3538 5654 1
3538 1520 1
3538 4220 1
3538 1028 1
3538 5041 1
3538 6363 1
3538 373 1
3538 7400 1
3538 4219 1
3538 3386 1
3538 801 1
3538 1180 1
3538 7179 1
3538 6792 1
3538 7328 1
3538 6225 1
3538 2690 1
3538 3731 1
8144 3446 1
8144 1081 1
8144 556 1
719 4744 1
719 535 1
719 4800 1
7409 5623 1
1888 1016 1
3087 2517 1
4243 4153 1
4243 2598 1
4243 1979 1
4243 87 1
4243 2393 1
4243 2762 1
4243 8300 1
4243 2890 1
4243 1983 1
4243 5666 1
4243 2665 1
4243 1174 1
4243 5190 1
4243 4147 1
69 3917 1
135 5396 1
6662 3169 1
6662 1283 1
6662 1758 1
6662 8418 1
6662 8205 1
6309 751 1
6309 2184 1
6309 3866 1
6309 8446 1
6309 3895 1
6612 234 1
6612 5525 1
6612 334 1
1203 6903 1
2034 7349 1
2034 6004 1
2034 4969 1
2034 8316 1
2034 6063 1
2034 7032 1
2034 3747 1
2034 1775 1
2034 1539 1
2034 6636 1
2034 4956 1
2034 5647 1
2034 4200 1
7633 4789 1
6212 4907 1
2428 4533 1
4242 7219 1
4242 763 1
4242 4458 1
184 2979 1
184 3603 1
184 4067 1
4561 6696 1
7296 519 1
7296 8309 1
5835 2633 1
5835 1675 1
5365 8091 1
5365 2103 1
8296 3599 1
7211 7089 1
7725 4875 1
3742 7341 1
3742 3009 1
3742 1745 1
3742 3804 1
2768 5813 1
7578 770 1
7578 6705 1
7578 6005 1
7578 5222 1
7578 6293 1
7578 5132 1
7578 803 1
5132 5247 1
5132 4567 1
199 4441 1
4864 7399 1
4652 7970 1
7594 2268 1
7594 3260 1
7594 4235 1
7594 6866 1
7594 1752 1
7594 2778 1
7594 499 1
7594 4084 1
7594 930 1
7594 4501 1
7594 5955 1
7594 5009 1
7594 1492 1
7594 2358 1
7594 1479 1
5729 3378 1
4575 1682 1
6096 7666 1
8165 1994 1
6284 8206 1
7516 3819 1
7516 7688 1
7516 2666 1
7516 4218 1
2901 6969 1
726 2402 1
3554 3852 1
3554 1567 1
7470 843 1
5343 7209 1
5343 8205 1
2927 2982 1
6536 3311 1
5467 3771 1
4299 8029 1
4299 2995 1
4299 3445 1
4262 2769 1
6270 2434 1
3304 8465 1
4019 402 1
4019 1490 1
4019 8381 1
7819 7901 1
627 1641 1
627 6592 1
627 4465 1
627 2249 1
627 2489 1
627 5567 1
627 1221 1
627 5082 1
627 8466 1
627 5292 1
627 4642 1
627 2797 1
627 8033 1
627 4658 1
627 5213 1
627 5474 1
627 579 1
627 3285 1
6180 2873 1
8243 2132 1
865 3128 1
1720 4467 1
1720 3189 1
1720 1433 1
1720 5161 1
1720 3358 1
3024 3643 1
3024 6547 1
356 6861 1
356 7672 1
356 4607 1
356 2539 1
1622 1265 1
1622 6784 1
1622 1047 1
1622 8054 1
1622 88 1
1622 880 1
1622 1206 1
1622 2411 1
5204 2732 1
8148 6663 1
5957 27 1
7726 2015 1
1290 4253 1
5244 5597 1
2187 6227 1
220 5112 1
220 3522 1
220 4316 1
220 5979 1
220 825 1
220 1046 1
220 7873 1
220 5635 1
220 5900 1
220 1828 1
4184 5115 1
4414 7101 1
95 3503 1
95 6511 1
95 1187 1
95 1956 1
95 7238 1
95 6682 1
95 2547 1
95 4690 1
95 3666 1
95 1191 1
95 8436 1
95 3785 1
95 1424 1
95 1704 1
95 2412 1
95 7938 1
95 4527 1
95 1630 1
95 2138 1
95 6739 1
95 3045 1
2292 7710 1
2385 6256 1
4276 937 1
6657 2230 1
8269 5481 1
8269 672 1
8269 7761 1
5490 2912 1
5490 5020 1
5490 966 1
5490 4317 1
5490 2485 1
7357 7278 1
8242 1810 1
8242 2228 1
8242 181 1
8242 5273 1
8242 4196 1
7106 8429 1
7106 6925 1
7106 4842 1
7106 2094 1
7106 8230 1
7106 1624 1
7106 3116 1
7106 7881 1
7106 752 1
7106 136 1
7106 8053 1
7106 428 1
7106 3769 1
7106 3863 1
7106 1602 1
7106 188 1
7106 2215 1
7106 2823 1
7106 7773 1
7106 639 1
7106 8392 1
7106 4846 1
160 7561 1
160 7149 1
3264 6102 1
3264 4742 1
3264 6384 1
3264 1495 1
3264 7263 1
3264 3041 1
3264 4459 1
3264 4687 1
3264 6732 1
3264 4782 1
3264 2870 1
3264 6296 1
3264 6991 1
3264 6895 1
3264 3791 1
3264 3181 1
3264 4411 1
3264 7784 1
3264 7906 1
3264 266 1
3264 1815 1
3264 650 1
6981 5969 1
6319 7725 1
5971 8270 1
5119 6221 1
5372 5804 1
5372 7717 1
5372 4668 1
4755 869 1
758 2464 1
8278 8062 1
8278 7575 1
8278 1249 1
8278 1557 1
8278 5892 1
8278 4762 1
8278 4178 1
8278 6375 1
8278 3900 1
8278 8444 1
4344 7107 1
4344 6128 1
4344 7526 1
4344 2973 1
4344 1225 1
4344 5875 1
4344 3856 1
4344 705 1
4344 7172 1
4344 5001 1
4344 1275 1
4344 7596 1
4344 8382 1
4344 4868 1
4344 5920 1
4344 3031 1
4344 3266 1
4344 7157 1
4344 432 1
4344 5090 1
4344 6131 1
4344 4033 1
134 32 1
134 1931 1
134 8083 1
134 4 1
134 5602 1
134 5461 1
134 7445 1
2070 8448 1
2070 7374 1
2070 6019 1
2070 5770 1
2070 2240 1
2070 7233 1
2070 2262 1
2070 2466 1
2070 3263 1
2070 5143 1
2070 5681 1
2070 165 1
2070 6559 1
2070 183 1
2070 1105 1
2070 4010 1
2070 1262 1
2070 5556 1
2070 2191 1
2070 7960 1
4627 3315 1
1455 3292 1
6446 2556 1
6446 2983 1
6446 7997 1
4394 2213 1
6062 2910 1
7880 1184 1
8006 518 1
8006 5924 1
8006 3209 1
8006 1510 1
3279 5645 1
3279 8168 1
3279 316 1
3279 3474 1
3279 6634 1
3279 5758 1
3279 3179 1
3100 3059 1
4953 4966 1
7181 919 1
769 2596 1
769 5311 1
769 3364 1
769 4440 1
769 6209 1
769 2703 1
769 676 1
769 6202 1
769 2790 1
769 1669 1
769 1892 1
6856 6924 1
6856 8455 1
6856 8266 1
6856 4416 1
6856 7267 1
6856 1017 1
6856 7292 1
6856 2701 1
496 623 1
2724 561 1
3352 598 1
174 648 1
174 6847 1
174 6966 1
174 6677 1
174 2316 1
174 3376 1
174 6307 1
174 5834 1
174 3650 1
174 6618 1
174 6514 1
174 7623 1
7081 1844 1
4146 3550 1
4146 2791 1
4146 7949 1
4146 1034 1
7167 4867 1
7167 2529 1
7167 262 1
7167 1043 1
7167 174 1
2030 1048 1
2030 722 1
1059 1198 1
1059 1480 1
2194 3760 1
2194 657 1
2194 2 1
2747 7537 1
5609 6562 1
5609 8432 1
5609 8472 1
5609 4314 1
2080 7584 1
2080 950 1
2080 696 1
2080 5346 1
2080 5240 1
2080 6597 1
2080 793 1
2080 1406 1
2080 7965 1
2080 1592 1
2080 3079 1
6930 6070 1
6930 2514 1
6930 5958 1
6930 6341 1
6930 4181 1
6930 8387 1
6930 4495 1
6930 4044 1
1649 1637 1
1649 4599 1
1649 4004 1
1649 4542 1
1649 4423 1
1649 7130 1
1649 5775 1
1649 3295 1
1649 5362 1
1649 2739 1
1649 5832 1
1649 6321 1
1649 1150 1
1649 7652 1
1649 1581 1
3436 1599 1
4659 7464 1
4659 269 1
7708 6990 1
7708 2320 1
7708 7693 1
7708 969 1
7708 1671 1
7708 5828 1
7708 2781 1
1901 6335 1
1901 4937 1
1901 6216 1
1901 2368 1
3696 2445 1
8273 8022 1
4304 4259 1
8202 7323 1
8384 5591 1
3739 8158 1
3739 6565 1
2588 7700 1
2588 3093 1
2588 5155 1
2588 8383 1
2588 5740 1
34 611 1
7918 736 1
3250 7599 1
3989 2064 1
3989 1907 1
733 644 1
7072 3424 1
7072 1084 1
4609 1960 1
4609 2095 1
2167 6124 1
4342 4332 1
4342 6589 1
4342 2101 1
4601 5434 1
4130 4482 1
1592 4330 1
5002 702 1
7216 7951 1
7216 4268 1
7216 4695 1
7216 8272 1
7216 1069 1
7216 6929 1
7216 8378 1
7216 1676 1
4075 3200 1
4075 7344 1
4075 775 1
4075 6611 1
4075 2717 1
4075 7759 1
4075 5686 1
3380 6170 1
7666 798 1
7666 6477 1
7666 6452 1
7666 7862 1
1705 5196 1
954 8076 1
7524 5575 1
7524 1350 1
7524 89 1
7524 1359 1
7524 8207 1
7524 5446 1
3971 7802 1
3971 2687 1
6676 7488 1
6676 2922 1
6676 6851 1
6676 3476 1
6676 5067 1
6676 772 1
6676 6086 1
6676 6594 1
6676 59 1
6676 2966 1
6676 6722 1
6676 6301 1
6676 3775 1
6676 1430 1
6676 5750 1
6676 8324 1
5673 6017 1
2239 3667 1
2239 1517 1
2239 7809 1
2239 1943 1
2239 5030 1
2239 8049 1
3477 8353 1
3477 4900 1
802 6647 1
1369 515 1
1369 8186 1
1369 4232 1
1369 4980 1
1369 671 1
5904 2176 1
7557 2904 1
7557 5423 1
7557 6421 1
7557 3623 1
5029 6579 1
5029 1270 1
5029 7644 1
5029 4280 1
5029 867 1
5029 2671 1
5029 4899 1
5029 5624 1
5029 4225 1
5029 6826 1
5029 5822 1
4070 2657 1
4070 6406 1
4070 6085 1
3286 424 1
3286 1460 1
3286 5697 1
3286 3425 1
3286 866 1
3286 1232 1
3286 7467 1
7948 4517 1
6414 5736 1
5528 1469 1
5122 2338 1
5122 7131 1
5122 6689 1
5122 4595 1
5122 7719 1
5122 1181 1
5122 5907 1
543 1886 1
543 959 1
543 3860 1
543 2289 1
543 440 1
543 5746 1
543 2166 1
543 1207 1
543 2952 1
543 1934 1
543 6491 1
543 2253 1
543 7831 1
543 3366 1
870 4526 1
870 6708 1
870 7887 1
870 7753 1
870 5422 1
870 4692 1
870 3971 1
870 774 1
870 8179 1
7926 1407 1
5806 1873 1
2168 6144 1
2168 3379 1
2168 2195 1
2168 508 1
2168 520 1
2168 6797 1
2168 7863 1
2168 8110 1
4239 902 1
5799 2724 1
5799 3902 1
5799 466 1
7831 1830 1
7831 6671 1
7831 5668 1
7831 8428 1
7831 3294 1
7831 1301 1
4569 5135 1
4569 1743 1
4569 7990 1
4569 4864 1
4201 5986 1
7641 312 1
5188 7492 1
4288 4837 1
2173 4014 1
6483 3628 1
6483 4052 1
6483 5536 1
6483 2932 1
6483 1925 1
6483 5829 1
6483 3131 1
6483 2896 1
7078 1115 1
1347 2359 1
1347 4774 1
4320 594 1
4320 3606 1
4856 2462 1
4856 2507 1
4856 63 1
4856 6567 1
4856 2016 1
4856 3761 1
4856 3141 1
4856 1031 1
4856 906 1
2145 553 1
1037 3533 1
7149 8449 1
7149 4100 1
7149 7001 1
7149 3836 1
7149 6783 1
7149 6103 1
7149 3335 1
7149 599 1
7149 7909 1
7119 5278 1
3275 302 1
3275 3170 1
5579 6677 1
6440 4091 1
102 5079 1
102 3480 1
102 2209 1
102 7306 1
3462 1921 1
6509 5275 1
1532 5478 1
1532 5767 1
1532 2578 1
1532 3874 1
4256 8334 1
4256 4359 1
4256 3763 1
4256 1562 1
4256 5793 1
4256 14 1
4256 3246 1
5501 7090 1
5501 273 1
5501 3172 1
5501 3270 1
1518 1007 1
3207 7828 1
3207 5145 1
3207 3588 1
3207 414 1
3207 4324 1
3207 7649 1
3207 6266 1
3207 1291 1
3207 2360 1
3207 5560 1
3207 7302 1
3207 4729 1
3207 6697 1
3207 2221 1
3207 3670 1
3207 2987 1
3207 1309 1
3207 3741 1
7306 7126 1
7306 3375 1
7306 285 1
7306 3482 1
7306 7954 1
7306 811 1
7306 23 1
7306 4452 1
7306 7239 1
1035 7846 1
6684 7782 1
1087 5685 1
2621 4003 1
2621 6820 1
2621 1143 1
2621 4134 1
2621 6403 1
2621 4665 1
2621 6474 1
8072 5215 1
3473 4106 1
3473 4799 1
1310 6777 1
1310 4302 1
1310 254 1
1310 4536 1
1310 2645 1
1310 6806 1
1310 5200 1
1310 5649 1
1310 1255 1
1310 8326 1
1310 711 1
1310 4381 1
754 2117 1
3595 8379 1
3595 5031 1
3595 303 1
3595 3281 1
3595 619 1
3595 4065 1
3595 5328 1
3595 3154 1
3595 913 1
3595 1071 1
3595 3777 1
3595 327 1
3595 999 1
3595 1022 1
3595 5436 1
3595 4129 1
3595 4367 1
216 4741 1
7523 1790 1
6474 4237 1
6474 6450 1
6474 3146 1
6474 6543 1
6474 688 1
6474 343 1
6474 6464 1
6474 3552 1
6474 1668 1
6474 3800 1
4574 6744 1
4574 2344 1
2110 2557 1
2110 8406 1
2110 4841 1
2140 2087 1
2140 3345 1
2140 5972 1
2140 6531 1
2140 5783 1
2140 7915 1
2140 5710 1
2140 5458 1
6171 1472 1
2672 5451 1
8034 7514 1
8034 792 1
8034 5027 1
8034 3881 1
8034 4412 1
8034 4756 1
8034 7285 1
8034 586 1
8034 2045 1
8034 6679 1
8034 1748 1
8034 7177 1
8034 6084 1
8034 4773 1
8034 7204 1
8034 1212 1
8034 6533 1
8034 1327 1
2449 4066 1
2449 8263 1
2449 2475 1
2449 8234 1
6000 275 1
6803 2265 1
8366 3644 1
4661 2997 1
822 6678 1
822 3823 1
822 5065 1
822 6348 1
822 3342 1
822 2324 1
822 4363 1
822 3300 1
822 5083 1
4901 2866 1
2941 6919 1
2941 664 1
2941 2113 1
2941 480 1
2343 7624 1
844 5195 1
844 4633 1
844 77 1
844 5589 1
844 3717 1
844 2010 1
844 2857 1
844 2231 1
844 2884 1
844 1447 1
844 2757 1
7356 4760 1
7356 3223 1
7356 6876 1
7356 1240 1
7356 6905 1
7356 5572 1
7356 7462 1
7356 4187 1
7356 3145 1
7356 4015 1
6602 3557 1
1040 2612 1
7148 1881 1
256 5433 1
256 4623 1
256 338 1
256 8065 1
256 3499 1
256 5802 1
256 6796 1
256 5447 1
256 4410 1
256 7697 1
256 1025 1
256 4634 1
256 2450 1
256 6563 1
256 7740 1
256 3120 1
256 2777 1
256 681 1
256 7291 1
256 2428 1
256 1303 1
256 2958 1
256 4415 1
256 446 1
256 8198 1
4890 469 1
2850 7460 1
2850 2767 1
3859 2723 1
86 3855 1
86 883 1
86 450 1
86 4358 1
86 1253 1
86 3049 1
86 4801 1
86 1193 1
86 8292 1
86 5093 1
86 627 1
86 3919 1
86 7822 1
300 6530 1
3870 6560 1
3870 4911 1
3870 8445 1
3870 5711 1
7120 2436 1
8199 1453 1
5984 6067 1
2478 8267 1
2478 3740 1
2478 2706 1
7179 554 1
105 483 1
105 3703 1
105 7431 1
105 3694 1
1149 4118 1
1149 6056 1
3123 2656 1
3123 1585 1
3123 4632 1
3123 5470 1
3123 197 1
7293 5662 1
6954 550 1
6954 3956 1
4580 7848 1
4114 7481 1
4114 1003 1
4114 1861 1
4114 392 1
4114 1716 1
4794 6907 1
4794 4039 1
4794 387 1
7155 2070 1
7155 5519 1
6739 3044 1
3543 504 1
3543 3198 1
8265 7213 1
3876 2020 1
3507 8078 1
3507 5815 1
3507 8177 1
3507 2231 1
3507 3831 1
4144 5217 1
415 2880 1
3767 4775 1
3767 6735 1
3767 5672 1
7741 1448 1
7741 3219 1
7741 2534 1
7741 5692 1
7741 1642 1
7741 4435 1
7741 2306 1
7741 5790 1
5395 2700 1
5395 343 1
1631 5406 1
7714 1927 1
7714 860 1
7714 8009 1
7714 2692 1
7714 5177 1
7714 3687 1
7714 7762 1
7714 3938 1
7714 5839 1
7714 2474 1
7714 4898 1
863 364 1
773 5987 1
6628 3704 1
4333 1978 1
3954 1731 1
3954 7744 1
4136 5164 1
4136 8404 1
1785 3722 1
1785 3497 1
1785 7189 1
1785 2334 1
1785 7014 1
991 5640 1
896 3547 1
896 580 1
896 541 1
896 5013 1
896 8208 1
896 2796 1
896 241 1
896 5455 1
896 6053 1
896 2089 1
230 286 1
230 2766 1
230 4977 1
230 100 1
230 4063 1
230 1885 1
230 5351 1
230 6457 1
230 4114 1
230 2673 1
5173 1462 1
3243 7742 1
718 4271 1
2913 8377 1
2913 889 1
2913 1579 1
2913 5608 1
2913 544 1
2913 602 1
4998 6648 1
6043 8016 1
1431 6157 1
2202 3015 1
1722 6626 1
1722 7343 1
6053 8260 1
6053 4862 1
6053 5538 1
6053 8386 1
5053 2933 1
5053 4192 1
3448 2022 1
6285 5421 1
6285 3282 1
6285 7230 1
6285 7980 1
6285 4754 1
6285 6720 1
6285 2842 1
6285 6261 1
6285 5555 1
6285 5319 1
6285 3953 1
6285 3310 1
6285 6596 1
6285 5405 1
6285 3621 1
2099 2277 1
2099 245 1
2099 3658 1
2099 6432 1
3535 4720 1
3535 551 1
3535 6830 1
3535 5594 1
3535 7423 1
1068 7255 1
4169 2947 1
8226 3541 1
8226 4946 1
8226 3119 1
8226 4565 1
8226 5315 1
8226 3367 1
8335 5386 1
8335 8329 1
8335 2845 1
8335 8027 1
4189 1115 1
6343 8328 1
5237 3320 1
5237 7964 1
5237 5694 1
5237 7442 1
1210 4745 1
1210 7850 1
1210 7904 1
1210 3659 1
1210 8114 1
169 454 1
169 3960 1
169 4976 1
169 929 1
169 6178 1
169 656 1
169 8252 1
169 7260 1
169 5610 1
169 3633 1
5950 435 1
1786 1678 1
1786 7202 1
1786 2455 1
1786 5456 1
1786 8026 1
1786 5747 1
1786 3965 1
1786 2549 1
1786 3540 1
1786 7458 1
1786 1057 1
1786 3042 1
1786 1550 1
1786 4285 1
1786 3086 1
1786 3138 1
1786 4887 1
1786 8160 1
1786 3076 1
1786 4954 1
1786 164 1
3387 213 1
4823 6959 1
4823 2647 1
4823 6810 1
6289 1595 1
5136 4167 1
5136 5533 1
6841 2384 1
398 7598 1
398 2969 1
3928 6985 1
4368 2792 1
4368 5503 1
4368 2929 1
4368 2851 1
4368 7174 1
4368 7669 1
4368 6417 1
4368 104 1
4368 1259 1
4368 5224 1
4368 2040 1
4368 4446 1
4368 4879 1
4368 5211 1
4368 7050 1
4368 6097 1
4368 1039 1
4368 3981 1
4368 7386 1
4368 4360 1
4368 6608 1
4368 909 1
4368 8323 1
4368 7628 1
4368 6030 1
1977 2742 1
2434 6917 1
2434 6814 1
2434 4761 1
2694 4300 1
3682 8363 1
4716 4180 1
4716 211 1
4716 1858 1
4716 409 1
3589 6355 1
2740 4273 1
3516 1188 1
3516 6902 1
3516 1164 1
3516 4318 1
1629 2714 1
6378 486 1
6378 3534 1
6378 4434 1
446 3166 1
446 2860 1
446 7191 1
446 723 1
446 1328 1
446 6548 1
446 2438 1
446 1604 1
446 1570 1
446 2281 1
446 584 1
446 4582 1
446 4508 1
6347 6619 1
4878 2325 1
4878 4442 1
4878 52 1
4878 4107 1
4878 2138 1
4878 1889 1
4878 3207 1
4878 2258 1
2658 762 1
2658 2530 1
2658 973 1
2658 3873 1
8093 5210 1
8093 4938 1
8093 1727 1
8093 5243 1
8093 6379 1
8093 5496 1
5592 1508 1
5592 99 1
7268 219 1
3201 4958 1
3201 572 1
473 2856 1
473 4161 1
5686 1803 1
5686 4941 1
5686 4999 1
5686 5516 1
5686 5477 1
5686 5548 1
5686 5272 1
5686 2218 1
5686 614 1
5686 727 1
5686 3536 1
5686 8463 1
5686 5448 1
5686 7363 1
5686 449 1
4329 4059 1
5264 7552 1
5264 5426 1
5264 8140 1
5264 4236 1
5264 8302 1
5264 1070 1
5264 3850 1
5264 1110 1
5264 5781 1
5264 8403 1
5264 5015 1
4625 7330 1
3053 677 1
3053 5997 1
1370 6154 1
8005 5526 1
8005 7375 1
5936 8231 1
5936 5871 1
5936 3539 1
5936 4216 1
5936 1947 1
5936 2718 1
5936 6613 1
5936 4510 1
5936 2120 1
5936 1196 1
5936 5539 1
5936 5014 1
5936 491 1
5936 5764 1
5936 300 1
5936 4136 1
5936 5853 1
7259 8176 1
7259 641 1
7259 1819 1
7259 159 1
7259 5336 1
5465 3898 1
4804 665 1
4804 74 1
4804 1182 1
4804 7283 1
4804 295 1
4804 972 1
4804 1133 1
4804 1963 1
4804 7702 1
4804 1224 1
4804 7754 1
4804 149 1
4804 4973 1
4804 2635 1
4804 7345 1
4804 7668 1
4804 7939 1
2258 1650 1
650 1584 1
209 6308 1
365 1384 1
365 1879 1
4398 348 1
2391 3089 1
4046 1248 1
4046 1818 1
4046 1336 1
3134 6392 1
1966 7793 1
1528 6764 1
1528 6751 1
1528 5762 1
1528 3063 1
1528 1345 1
1107 6655 1
1107 4646 1
1107 1933 1
1107 1805 1
1107 3262 1
1107 6475 1
1107 7195 1
2305 5794 1
2305 7798 1
1367 7468 1
1367 4350 1
1367 6020 1
1367 6771 1
1367 4563 1
1367 569 1
1367 7407 1
1367 7281 1
1367 8191 1
1367 1621 1
1367 1117 1
1367 7424 1
1367 6434 1
1367 6323 1
1367 6881 1
1367 7308 1
1367 2782 1
1367 5733 1
1670 5104 1
1278 1691 1
2858 7876 1
3508 4513 1
3508 5008 1
3508 4002 1
5409 8019 1
239 8246 1
2384 3968 1
2384 3942 1
2384 2490 1
2384 2211 1
2384 2515 1
2384 3164 1
2384 2303 1
2384 5651 1
2384 1742 1
2384 5724 1
3144 6654 1
5656 5732 1
5656 237 1
5656 1996 1
4910 788 1
1892 4810 1
1892 2882 1
1892 4728 1
4126 2496 1
2819 6460 1
2819 30 1
6719 5949 1
92 564 1
2526 8166 1
2526 7162 1
2526 3496 1
2526 2440 1
2526 5846 1
2526 4963 1
2142 719 1
1583 5081 1
1583 987 1
1583 2141 1
1583 7606 1
1583 5586 1
1583 2143 1
1583 3307 1
1583 2327 1
1583 2105 1
4391 264 1
4391 3331 1
4391 133 1
4391 270 1
7025 4179 1
7025 1878 1
7025 7118 1
7252 2314 1
7252 4433 1
1074 6599 1
4049 6018 1
4049 4417 1
7897 1398 1
5376 1418 1
5376 2261 1
5376 6073 1
5376 2331 1
5376 292 1
5376 2651 1
5376 5302 1
5376 2824 1
7957 8132 1
7098 70 1
8169 3433 1
3596 5601 1
5138 4833 1
5138 4839 1
5138 8143 1
5981 4869 1
167 3824 1
2755 6229 1
980 689 1
980 6079 1
980 7415 1
980 7949 1
980 467 1
980 8011 1
980 6407 1
980 7714 1
980 6887 1
6544 1936 1
3551 2601 1
3551 443 1
3551 3337 1
3551 6226 1
6455 8139 1
6455 4824 1
5405 3118 1
4750 1427 1
750 3271 1
4078 5416 1
4078 7391 1
4078 7100 1
4078 6345 1
4078 6961 1
4078 356 1
4078 1120 1
4596 8301 1
4596 736 1
4596 7111 1
6875 5552 1
6875 2713 1
6875 4791 1
6875 589 1
6875 4042 1
6875 5929 1
6875 7647 1
6875 7633 1
882 488 1
882 487 1
7190 3408 1
2480 1978 1
2480 5094 1
2480 1330 1
2988 6206 1
2059 4780 1
2059 2365 1
2059 5661 1
2059 5338 1
2059 3697 1
2059 7676 1
2059 3259 1
2059 4909 1
2059 956 1
5227 6080 1
4855 2746 1
4855 3176 1
4855 2369 1
4855 7573 1
4855 2206 1
6016 7559 1
1083 3949 1
1083 397 1
1083 5705 1
1083 291 1
1083 3202 1
1083 147 1
1083 8398 1
1083 4645 1
1083 6130 1
1083 3783 1
1083 5643 1
1083 4471 1
1083 4096 1
8066 4472 1
8066 5444 1
8066 4461 1
5617 3199 1
5617 5231 1
5617 6977 1
5617 8447 1
5617 884 1
5617 7319 1
5617 2136 1
5617 2376 1
8050 3730 1
3277 3583 1
4631 7663 1
4631 5425 1
3972 3615 1
3045 6664 1
965 1764 1
3757 1271 1
3757 2043 1
5896 3396 1
5896 5690 1
6928 1044 1
7934 1242 1
7934 4311 1
7934 4158 1
7934 4834 1
7934 7365 1
7934 6745 1
7934 3641 1
4881 1189 1
4881 3770 1
4881 2279 1
7390 6413 1
3888 3493 1
6134 1247 1
7744 4677 1
7744 1563 1
5588 4892 1
5588 6100 1
3079 3950 1
3079 4698 1
3079 6883 1
3079 8228 1
3079 610 1
5246 8339 1
4306 2056 1
7713 7674 1
7713 503 1
1244 2431 1
1244 7963 1
1244 6371 1
1244 6461 1
1244 5297 1
1244 6850 1
1244 1606 1
1244 447 1
1244 990 1
1244 4394 1
1244 7841 1
1244 4224 1
6631 7146 1
6631 2680 1
6631 7947 1
6631 7377 1
6631 6566 1
6631 6912 1
6631 4770 1
6631 6740 1
6631 3914 1
6768 3360 1
6768 2942 1
6768 2127 1
6768 5267 1
6768 2259 1
6768 1393 1
6768 4040 1
6768 8361 1
6768 247 1
6768 900 1
6768 6752 1
6768 1092 1
6768 3124 1
6768 7242 1
7194 4792 1
4523 3055 1
5853 2730 1
5853 2374 1
5853 3574 1
5853 8117 1
3521 3807 1
3521 3839 1
7274 4579 1
7274 5823 1
7274 8052 1
7274 573 1
7274 4245 1
7274 4752 1
7274 3058 1
616 6598 1
616 8278 1
6874 662 1
6874 7820 1
6874 4655 1
3239 8233 1
8128 4947 1
8128 5018 1
8128 4699 1
8128 6584 1
8128 10 1
8128 5797 1
8128 871 1
8128 3410 1
8128 1091 1
8128 4750 1
8128 6920 1
6776 8071 1
6776 7636 1
6776 6853 1
6776 2031 1
6776 81 1
6776 2875 1
6776 4889 1
6776 368 1
6776 2505 1
1183 2681 1
1183 5766 1
2426 2254 1
1564 7216 1
1564 102 1
5782 7402 1
4948 4202 1
4948 4514 1
2312 1772 1
2421 2208 1
2947 3381 1
2947 7000 1
2947 2918 1
2947 7650 1
5982 3054 1
5982 288 1
7266 4347 1
5023 7604 1
8327 3834 1
8327 5810 1
7022 301 1
5012 21 1
5012 2394 1
5012 4624 1
5012 505 1
5503 4530 1
1731 6330 1
3467 7117 1
6513 2583 1
6990 2400 1
3430 4092 1
3011 4272 1
3011 2660 1
3011 5282 1
7048 1561 1
7493 4404 1
7555 7092 1
7555 734 1
7555 5102 1
7555 157 1
7393 6398 1
8067 1348 1
3003 690 1
3003 8311 1
3003 4030 1
3003 2537 1
3003 1919 1
3003 5131 1
3003 3319 1
3003 4048 1
3003 7916 1
3003 1030 1
3003 7525 1
3003 7113 1
3003 1 1
3003 7041 1
3003 8438 1
3968 8343 1
3968 892 1
3103 5407 1
3103 2446 1
3103 1449 1
3103 4628 1
3103 6076 1
7474 2192 1
7474 6970 1
1304 6140 1
1304 6765 1
1304 6641 1
3093 144 1
2224 7724 1
2224 7180 1
2224 7690 1
7405 3500 1
2269 984 1
2269 2978 1
2269 5784 1
2269 8321 1
2269 7883 1
6755 2926 1
6626 4903 1
1230 1666 1
1230 2785 1
4688 2400 1
7336 6817 1
1923 6411 1
7561 4967 1
7561 1558 1
7561 506 1
1710 7067 1
1710 8319 1
1710 2457 1
1710 7272 1
1710 4991 1
1710 4765 1
6346 4325 1
4933 2051 1
1851 5284 1
1851 5192 1
1851 8131 1
1851 5308 1
1851 2003 1
1851 6698 1
1851 8030 1
1052 7033 1
1052 3278 1
1052 2597 1
1052 4709 1
4456 5524 1
4456 3401 1
2249 5553 1
2249 3566 1
2249 5163 1
2249 4934 1
2249 759 1
6539 5621 1
6539 6404 1
6539 3665 1
6436 1190 1
4003 2309 1
4003 2280 1
4003 3699 1
6039 3215 1
6039 11 1
6039 5057 1
6039 833 1
6039 2705 1
6039 370 1
6039 1473 1
6039 6487 1
6039 5751 1
6039 7450 1
4992 7923 1
4992 6228 1
4992 5449 1
1082 1246 1
2723 6449 1
2723 5559 1
2723 6159 1
2723 4050 1
2723 5180 1
2723 1439 1
2723 3395 1
2723 5906 1
2937 587 1
2937 3964 1
2118 4571 1
2118 7548 1
2118 1325 1
2118 6995 1
1500 1807 1
1500 5367 1
1804 3710 1
5088 6527 1
5088 6630 1
5088 1519 1
1820 1097 1
1820 4413 1
2667 4208 1
569 1719 1
2169 7840 1
7782 1575 1
7782 636 1
7782 7398 1
8105 7692 1
1946 3161 1
8352 39 1
8352 3183 1
8352 5532 1
2067 1494 1
2067 661 1
2067 3203 1
2067 687 1
775 740 1
775 8407 1
775 4883 1
5017 5948 1
5017 6640 1
5017 6790 1
5017 7262 1
5017 628 1
5510 5123 1
5212 2806 1
5212 2406 1
332 2751 1
332 6220 1
332 6312 1
366 17 1
366 5329 1
3712 790 1
3712 7004 1
3712 3098 1
5210 6160 1
7817 293 1
5097 2248 1
3204 6844 1
3204 1382 1
3204 2533 1
3204 5378 1
3204 4785 1
3204 5893 1
3204 3982 1
3204 1744 1
3204 5530 1
3204 3636 1
5872 3397 1
5872 531 1
5872 8174 1
5305 3995 1
919 8322 1
7044 1139 1
7490 7236 1
5453 1762 1
5453 323 1
5453 6141 1
5869 5283 1
5869 36 1
5031 1700 1
5031 7501 1
5786 3027 1
1419 6891 1
5858 2764 1
5858 4602 1
3598 8365 1
5291 194 1
5291 7475 1
5291 4793 1
5291 5885 1
3773 5314 1
4021 5258 1
4021 4298 1
4021 1953 1
4021 3681 1
4021 2357 1
4021 8236 1
7639 4656 1
7639 4949 1
303 2163 1
303 1355 1
303 2934 1
8442 406 1
8442 2944 1
8442 8215 1
8442 1088 1
8442 117 1
4191 7577 1
322 7877 1
2433 4581 1
4179 4989 1
5171 5506 1
2172 4860 1
3811 6877 1
3811 694 1
3811 7560 1
3811 7983 1
3458 7603 1
3458 3647 1
5705 3774 1
7608 1049 1
7608 8085 1
7608 2579 1
3234 2837 1
7001 7231 1
7001 717 1
7001 4341 1
8055 7074 1
8055 651 1
8055 5652 1
8055 7018 1
2329 3940 1
2329 5134 1
5535 5098 1
5298 2429 1
8461 1387 1
3744 1094 1
1219 3558 1
1219 4950 1
1219 2520 1
1219 3135 1
1219 7188 1
3114 7888 1
3114 7208 1
3114 2339 1
3114 4906 1
5403 5201 1
5403 7395 1
5499 7917 1
5499 7478 1
3698 6715 1
1352 8098 1
1352 2223 1
1352 3806 1
1352 6234 1
1352 7976 1
1352 8044 1
1352 8427 1
7913 1100 1
7913 7979 1
7913 837 1
7913 5648 1
7913 4978 1
2270 2352 1
7114 7582 1
1909 3607 1
3549 7778 1
3549 5086 1
3549 158 1
1808 5754 1
1808 2465 1
1808 1565 1
1808 5176 1
1924 5424 1
8086 5611 1
2565 3523 1
2565 908 1
8132 7444 1
619 5524 1
619 6328 1
1775 7250 1
7108 7630 1
7108 8051 1
2119 1276 1
2119 6537 1
2119 5121 1
2119 6479 1
2119 5734 1
2119 2989 1
2119 1121 1
2119 441 1
6753 2956 1
6753 2372 1
2752 6822 1
2752 4246 1
2752 6191 1
2752 2399 1
362 4622 1
5683 7694 1
1597 3945 1
7222 7930 1
5794 4990 1
5054 4702 1
6170 3830 1
6170 6603 1
1727 3068 1
1727 8385 1
5961 1020 1
4425 228 1
4425 6759 1
5243 8364 1
5243 8307 1
2107 1615 1
204 5037 1
204 3156 1
204 730 1
204 5441 1
5574 3194 1
5574 7704 1
5574 6214 1
5574 1628 1
1821 2048 1
1821 5932 1
1821 2432 1
9 6493 1
4825 1553 1
4825 539 1
2392 3389 1
2392 5254 1
2392 49 1
4693 7004 1
4693 6888 1
4693 5046 1
4693 3400 1
4693 3438 1
4693 186 1
4693 1496 1
1937 5618 1
7985 1161 1
7985 7454 1
7985 5371 1
5513 6159 1
5513 7322 1
5513 4125 1
5513 2868 1
5513 5605 1
5513 6868 1
2523 7061 1
809 187 1
5051 4758 1
5051 3139 1
7723 6287 1
2518 4168 1
2518 7851 1
1936 992 1
2717 5442 1
2717 4400 1
484 3152 1
484 7433 1
3020 2758 1
3020 5153 1
3014 1468 1
3014 7589 1
5990 3957 1
5990 5484 1
4510 6122 1
4510 7051 1
4448 2282 1
3298 2760 1
738 1831 1
738 5460 1
738 7924 1
738 297 1
738 4611 1
4133 4470 1
8292 4970 1
8292 3427 1
7271 4171 1
7271 5113 1
5677 6578 1
6663 1036 1
6663 7592 1
6663 7836 1
2664 1958 1
2664 4547 1
5353 547 1
103 5269 1
103 6918 1
5968 885 1
333 6396 1
333 3007 1
333 7333 1
4339 4277 1
4339 5702 1
4339 2414 1
4339 5284 1
4339 3530 1
8156 7800 1
2599 3721 1
2085 691 1
7476 2062 1
7476 3864 1
7476 3002 1
7476 5480 1
7476 6502 1
4491 5420 1
924 5816 1
924 5522 1
924 7342 1
1199 887 1
4238 2786 1
4238 6604 1
6116 6512 1
6116 7824 1
6116 1108 1
6116 5655 1
6116 7941 1
6116 3617 1
3164 7348 1
3164 4155 1
4396 7590 1
4396 8112 1
4396 8423 1
4396 4453 1
4396 7 1
5302 3632 1
1539 7453 1
5169 394 1
5169 4064 1
4319 3051 1
2291 8359 1
5137 1263 1
5137 7746 1
5137 1788 1
5137 5821 1
5096 5332 1
4962 3638 1
4821 5497 1
5274 1399 1
3466 4353 1
3791 4386 1
5486 3711 1
1208 2137 1
1208 4140 1
3727 7905 1
727 1421 1
5463 2484 1
8309 737 1
2516 4231 1
4705 1337 1
2054 4148 1
2054 2582 1
2054 2805 1
1285 61 1
1285 6416 1
1285 2888 1
1285 2965 1
1285 511 1
4965 8251 1
760 2036 1
2789 3077 1
2789 971 1
2789 6869 1
5912 2968 1
8135 2577 1
8135 3341 1
1766 5452 1
1766 4537 1
2928 4873 1
2928 1692 1
2928 7286 1
5743 3403 1
3578 4198 1
2069 5989 1
2069 128 1
2069 2998 1
6135 7756 1
1524 4917 1
1524 7836 1
1524 749 1
1524 4935 1
3898 8259 1
3898 968 1
3898 4424 1
3898 2501 1
3898 2519 1
3898 5983 1
2859 1118 1
2859 6681 1
2859 3191 1
7457 1610 1
3582 4223 1
6286 2351 1
6286 2193 1
6286 8256 1
6286 2212 1
6286 3946 1
3620 941 1
3620 6259 1
3424 7593 1
6480 3524 1
3795 3288 1
3538 381 1
719 4006 1
4243 178 1
4243 4550 1
4243 6242 1
4243 6555 1
4243 7331 1
2034 4724 1
2034 7338 1
2034 8453 1
2034 6638 1
3742 2606 1
3742 1339 1
7594 6001 1
7594 2413 1
7594 3815 1
5514 5606 1
1425 31 1
4019 3572 1
4019 3273 1
627 3546 1
356 7618 1
5204 920 1
220 4154 1
95 6672 1
95 5765 1
7106 171 1
7106 1697 1
3264 899 1
3264 4390 1
758 2531 1
758 5208 1
8278 2795 1
4344 3908 1
4344 4315 1
4344 4060 1
4344 3983 1
134 110 1
769 3600 1
769 3032 1
769 1685 1
769 4150 1
6856 7294 1
6856 1014 1
2080 7654 1
1649 1436 1
2588 7864 1
2588 1997 1
2588 372 1
7072 5543 1
7072 4572 1
7072 7337 1
1592 7465 1
7216 1066 1
4075 4822 1
7666 5680 1
7524 5934 1
6676 5977 1
2239 4207 1
7557 6024 1
7557 576 1
543 7325 1
543 2924 1
543 2804 1
543 156 1
2168 7248 1
4288 2317 1
4856 1865 1
7149 3323 1
4256 2903 1
3207 5698 1
3207 7439 1
3207 3082 1
3207 3933 1
4568 3808 1
7306 422 1
2621 4123 1
1310 4519 1
3595 5641 1
8378 595 1
8034 3339 1
8034 3604 1
8034 7459 1
822 911 1
822 3714 1
822 8408 1
822 5193 1
844 1708 1
844 794 1
844 1922 1
844 5487 1
844 4577 1
844 3267 1
844 5179 1
844 195 1
844 6397 1
256 3178 1
256 3043 1
86 4636 1
86 2784 1
3870 7921 1
3870 1741 1
105 8229 1
1149 5084 1
3543 6312 1
3543 3685 1
3543 7362 1
3876 5615 1
3507 6590 1
7714 5077 1
230 3861 1
230 2151 1
2913 3937 1
2913 6089 1
6285 6716 1
6285 2639 1
6285 1470 1
8345 3074 1
8345 4885 1
8345 5294 1
8345 249 1
6343 8069 1
169 4588 1
1786 8001 1
1786 5397 1
1786 5996 1
5136 603 1
4368 3301 1
4368 2193 1
4368 5845 1
2434 8416 1
2434 7645 1
3516 8040 1
3516 8037 1
3516 1659 1
3516 1135 1
3516 3970 1
4878 834 1
4878 6996 1
4878 6904 1
4878 5502 1
4878 4005 1
5686 2976 1
5686 4877 1
5264 5334 1
5936 1527 1
4804 6412 1
1367 265 1
1367 5888 1
2384 6958 1
2384 3235 1
2526 4082 1
5376 173 1
5376 3664 1
5376 8318 1
5376 1783 1
7098 1264 1
980 161 1
4078 7192 1
4078 7911 1
4881 6435 1
4306 2956 1
1244 4540 1
6631 1664 1
6768 3054 1
6768 5236 1
4500 8004 1
5109 8015 1
4098 2157 1
4190 2329 1
5471 2765 1
7803 2119 1
8355 1792 1
4865 3707 1
4340 8055 1
5761 4506 1
1559 608 1
1915 3630 1
7371 4133 1
489 3862 1
2297 4234 1
1054 5342 1
2715 7578 1
3575 6755 1
5966 5706 1
6023 4962 1
2039 6361 1
6002 1988 1
4813 4334 1
7813 3289 1
4432 3357 1
3518 2069 1
8109 8097 1
2066 5403 1
2066 3698 1
2846 7657 1
4942 7573 1
4612 4835 1
2340 8067 1
2340 5107 1
2340 388 1
2340 1823 1
2340 2771 1
3126 6124 1
8434 1798 1
2200 769 1
5333 8221 1
995 4718 1
1218 271 1
6383 1251 1
3947 2826 1
4175 2518 1
2618 3620 1
2919 926 1
6408 4074 1
4336 6123 1
4349 6993 1
7679 5271 1
7679 5490 1
784 6346 1
784 4858 1
784 8237 1
784 4881 1
4308 2024 1
4638 7369 1
4638 4872 1
4638 3275 1
4638 4574 1
1072 3467 1
5489 455 1
3391 7523 1
5223 4825 1
5771 2543 1
5771 7638 1
5771 4319 1
5771 882 1
7515 1244 1
7011 4916 1
2835 7310 1
6972 5021 1
1572 4252 1
4866 6042 1
6167 850 1
8476 924 1
8476 7106 1
7140 2970 1
5181 6368 1
5181 6741 1
5181 6197 1
5181 2104 1
5181 6979 1
5181 942 1
5401 1793 1
8134 4457 1
8134 4591 1
6187 7417 1
8123 6354 1
819 6410 1
660 4117 1
3629 5060 1
3755 3011 1
2423 6934 1
7249 1011 1
6222 4833 1
3274 4992 1
2959 2867 1
2959 4078 1
1868 5696 1
2960 3742 1
1801 1804 1
3160 4529 1
1038 3291 1
5183 5189 1
7289 5012 1
2831 8019 1
7042 8376 1
7042 692 1
7042 4081 1
7042 3034 1
7042 7788 1
7042 3286 1
7030 7493 1
4244 1018 1
4244 7347 1
7755 4043 1
7755 4671 1
7755 1199 1
7755 7958 1
7755 6309 1
7755 3387 1
8421 7426 1
2827 1285 1
6913 1285 1
534 6008 1
154 5574 1
7200 420 1
3548 1961 1
6504 1208 1
3168 7226 1
4397 3365 1
6441 1077 1
5288 4077 1
1869 7271 1
2955 1622 1
5415 4119 1
5415 2085 1
3213 5569 1
8422 7511 1
7316 5276 1
7316 4870 1
33 8345 1
8064 7422 1
3705 3538 1
6466 6506 1
1837 5399 1
3349 7167 1
797 4110 1
7280 1226 1
3565 5598 1
3327 1085 1
7136 5634 1
3611 5683 1
3611 5873 1
4531 5899 1
5439 1589 1
3510 8352 1
3961 1711 1
3961 8153 1
7902 4059 1
4366 5353 1
4120 6503 1
3880 3816 1
6835 7662 1
6835 7771 1
6835 6612 1
5838 3921 1
7507 3567 1
244 2067 1
5854 938 1
5854 6480 1
3514 1980 1
7084 2559 1
5356 731 1
5356 4685 1
5356 3582 1
5356 1649 1
7279 3021 1
1545 2124 1
1545 3595 1
8437 404 1
7192 4217 1
2716 5499 1
7853 4238 1
7853 2080 1
8204 5096 1
7201 5212 1
931 5148 1
2348 7580 1
1707 6311 1
1928 50 1
5985 5137 1
6799 1126 1
5335 5171 1
6538 5912 1
5792 4559 1
8014 6776 1
7112 2238 1
6691 3918 1
5269 1623 1
1656 596 1
4713 6749 1
4102 4929 1
3994 2141 1
118 272 1
315 326 1
205 1923 1
5326 5303 1
6439 7557 1
1186 2898 1
6099 7068 1
2921 6519 1
4028 7199 1
3472 3185 1
7012 6577 1
4097 7522 1
4097 3764 1
4097 6940 1
4097 4149 1
4097 8128 1
1513 7394 1
253 5205 1
2000 4933 1
2000 5638 1
2000 7732 1
6494 7336 1
3987 7072 1
779 5961 1
4248 6573 1
3269 1378 1
3269 7247 1
5004 5368 1
1768 95 1
6780 1508 1
8238 2014 1
7138 8090 1
4908 6862 1
8262 1870 1
1452 1065 1
2641 3598 1
8213 2928 1
3133 1219 1
4420 3713 1
497 3713 1
1258 6378 1
1260 7476 1
4377 1158 1
1144 4766 1
4128 5337 1
7303 8369 1
4585 332 1
7730 3932 1
4857 4635 1
6265 4344 1
358 3368 1
358 5034 1
5566 791 1
3821 6253 1
8348 1005 1
1739 3975 1
408 4855 1
1323 7261 1
7648 5896 1
5670 6742 1
1750 494 1
3592 6513 1
3303 2816 1
783 6351 1
8038 5824 1
172 3505 1
3529 4617 1
4221 434 1
4163 2939 1
4163 8456 1
4443 7680 1
8411 1419 1
8411 8226 1
1850 2073 1
698 2019 1
3679 1580 1
2744 5874 1
3896 2097 1
3196 5677 1
3196 2050 1
4830 1647 1
3762 1236 1
4480 2140 1
4952 5786 1
1662 1710 1
1148 7145 1
3645 4493 1
2697 5264 1
5295 4682 1
7981 5377 1
1362 8034 1
1116 3234 1
4022 3778 1
500 7225 1
3075 1821 1
2229 599 1
2975 7534 1
7269 4897 1
1201 4629 1
2071 5776 1
3736 2728 1
621 2207 1
7243 5428 1
7370 4615 1
2711 2561 1
3210 6285 1
458 8442 1
8023 8442 1
2731 8442 1
1155 7552 1
143 5504 1
6390 5391 1
6498 4256 1
2497 377 1
5345 4406 1
106 5708 1
735 3020 1
5659 2263 1
521 3871 1
1769 7529 1
6789 1273 1
5965 3903 1
8152 220 1
3526 591 1
6288 7643 1
4127 845 1
7487 1785 1
125 5360 1
1638 6581 1
401 1539 1
3939 6119 1
7940 2065 1
7480 227 1
3402 7709 1
1169 4749 1
2625 5990 1
119 6667 1
250 8291 1
6186 7743 1
7512 706 1
8419 4667 1
2444 2859 1
2437 3811 1
6155 1967 1
5331 3279 1
4884 4786 1
6492 4786 1
2419 3003 1
4016 2780 1
5068 2188 1
2652 4726 1
3868 4439 1
6772 105 1
2424 4275 1
5956 7989 1
7508 4613 1
6800 3430 1
8299 4056 1
8235 8290 1
7134 6050 1
7116 2265 1
1002 3092 1
231 3596 1
4023 3069 1
1698 3797 1
1380 7071 1
7489 8371 1
4450 1587 1
6151 3693 1
2900 6660 1
2386 3208 1
8464 2480 1
5483 3795 1
8111 3795 1
4226 2392 1
7895 8241 1
5277 1425 1
7533 1450 1
416 2712 1
697 1590 1
153 1820 1
842 2667 1
3517 3519 1
5290 7959 1
6272 311 1
464 8130 1
4914 829 1
7635 1851 1
1816 5310 1
4734 5136 1
3072 7809 1
1317 1026 1
3328 7555 1
7446 654 1
881 6109 1
7031 3326 1
2854 5088 1
2854 2545 1
2854 139 1
2854 5274 1
2854 2941 1
5851 5960 1
5394 2004 1
3967 6372 1
8116 5869 1
53 7519 1
777 6910 1
1902 5304 1
7625 1442 1
761 736 1
7110 7039 1
6960 3712 1
5918 1598 1
1438 6039 1
1609 1551 1
5883 6793 1
7244 1165 1
2800 5376 1
3361 5758 1
3561 7081 1
355 7356 1
6787 8333 1
3421 1464 1
3334 526 1
4278 747 1
6021 8178 1
5170 2088 1
2377 1481 1
3369 6553 1
1608 6827 1
5103 7509 1
2935 4162 1
5047 353 1
780 2775 1
8074 7016 1
2629 2106 1
7408 7539 1
4598 6927 1
6540 448 1
4928 4176 1
4503 1411 1
6471 3739 1
1738 1811 1
2674 4337 1
2216 90 1
5840 1905 1
1875 4545 1
2971 980 1
8 137 1
314 1937 1
4815 1663 1
3920 7890 1
6672 4593 1
4089 5339 1
5498 7274 1
277 7797 1
7435 5374 1
7160 3489 1
287 2345 1
3635 3184 1
4017 4274 1
7425 7448 1
2162 4834 1
4971 7128 1
1056 5825 1
4293 6096 1
3931 5349 1
6241 2458 1
5748 5763 1
8277 2743 1
804 3305 1
5689 4683 1
6914 3515 1
1281 7159 1
246 2131 1
6580 5510 1
3875 6445 1
2738 2139 1
2362 6091 1
430 4716 1
5402 5174 1
7332 6344 1
5796 3198 1
6065 8431 1
8314 5291 1
4548 6875 1
129 4387 1
6704 2915 1
2580 1001 1
5466 6529 1
8413 7817 1
903 817 1
2304 4746 1
2552 1939 1
1778 6658 1
5464 8210 1
7832 1531 1
993 6429 1
2877 7944 1
4284 5398 1
1777 2093 1
5922 4145 1
1962 7639 1
1962 6484 1
1962 7918 1
3649 230 1
5160 7865 1
6098 7477 1
2821 333 1
7073 3050 1
3071 6166 1
4212 6690 1
1166 3089 1
2243 1261 1
7287 4541 1
2023 5462 1
4241 3216 1
4303 2366 1
5080 2916 1
8362 1368 1
7504 5017 1
1440 1112 1
1440 4464 1
5005 7064 1
6028 6037 1
5565 134 1
4811 5169 1
5147 4061 1
5791 844 1
7621 4534 1
46 7706 1
2938 5842 1
6315 3850 1
2951 256 1
4521 152 1
2985 5752 1
7449 858 1
4156 1633 1
3851 4062 1
4177 7141 1
5058 7326 1
5140 8156 1
6353 3507 1
6382 7912 1
1050 4853 1
8358 5630 1
7646 2726 1
1944 7569 1
3373 6336 1
3220 1095 1
4485 7884 1
7228 3876 1
712 1631 1
7161 2033 1
4408 465 1
8471 7259 1
669 6863 1
1471 7232 1
7562 1106 1
396 3614 1
6188 1367 1
1373 6422 1
3525 1217 1
6545 728 1
1454 1234 1
3237 2096 1
93 284 1
8189 7097 1
3653 8304 1
101 8135 1
1441 6019 1
40 84 1
7829 2889 1
6356 2020 1
4600 8107 1
1476 7666 1
5419 8268 1
3749 7251 1
5943 2355 1
15 1146 1
3121 2661 1
523 1822 1
8133 7540 1
6444 6833 1
4222 7246 1
7727 2516 1
5587 4214 1
6260 3516 1
1101 4878 1
8039 4199 1
8137 8105 1
7893 2741 1
5 7392 1
7842 2453 1
6377 2461 1
2727 517 1
3028 6022 1
3272 5859 1
82 3974 1
1839 1130 1
1833 16 1
855 4569 1
