816 1388 1
4348 3266 1
4348 6818 1
4348 6972 1
1981 1477 1
5165 2911 1
5165 4902 1
1971 866 1
4005 1330 1
2153 4194 1
6182 7213 1
3444 919 1
5912 1723 1
5912 691 1
5912 7051 1
5912 5274 1
3282 5705 1
4305 4639 1
4305 2141 1
3269 2645 1
1167 978 1
1167 653 1
1167 5004 1
1167 4370 1
1167 5645 1
1167 7260 1
1167 7135 1
5238 7082 1
6074 2986 1
6074 918 1
6074 5640 1
6074 4826 1
6074 541 1
6074 5222 1
6074 1129 1
6074 522 1
6074 6675 1
4259 5212 1
4259 344 1
4259 5095 1
4259 1159 1
4259 4153 1
4259 5068 1
4259 4860 1
4259 5765 1
3345 3058 1
1231 5017 1
1562 3 1
2916 2070 1
6129 801 1
5599 322 1
5599 3403 1
3707 5521 1
3707 1020 1
3707 3566 1
3707 6178 1
3707 1453 1
3707 3932 1
3707 3577 1
3707 2011 1
3707 6081 1
3335 38 1
4855 791 1
4855 3205 1
4855 4560 1
4855 2932 1
4855 4184 1
4855 1504 1
4855 495 1
4855 796 1
4855 4673 1
4855 883 1
4855 5606 1
4855 2502 1
4855 4393 1
4855 189 1
4855 6746 1
4450 2412 1
4450 5707 1
706 4063 1
706 3131 1
16 484 1
16 28 1
16 6630 1
16 3930 1
16 6255 1
16 3987 1
16 981 1
3982 2857 1
4686 6142 1
4686 4763 1
4686 1917 1
20 4078 1
20 1835 1
3454 5693 1
645 4665 1
645 4478 1
645 7291 1
645 1894 1
645 5441 1
645 1145 1
645 3761 1
645 1200 1
645 3461 1
645 596 1
645 4178 1
645 1005 1
645 3738 1
645 4782 1
645 4030 1
645 2248 1
645 555 1
645 3289 1
645 360 1
645 5044 1
645 5897 1
645 884 1
645 2835 1
645 198 1
645 3659 1
645 6000 1
645 3034 1
645 7140 1
645 6555 1
645 4691 1
645 4443 1
645 1003 1
645 1264 1
645 1763 1
645 4638 1
645 1286 1
645 2905 1
645 7064 1
645 4122 1
645 789 1
645 1258 1
645 5038 1
645 4923 1
645 1640 1
645 1979 1
4020 4838 1
1224 1587 1
1224 5687 1
1224 3516 1
1224 4932 1
1433 5428 1
1433 6533 1
1433 5204 1
1433 5773 1
1433 6751 1
1433 2837 1
7269 2392 1
7269 4793 1
7269 2337 1
7269 2807 1
7269 5649 1
5139 6485 1
5139 1784 1
5139 7089 1
5139 6462 1
6206 4056 1
6206 1045 1
6206 5003 1
5627 6922 1
5627 1942 1
2216 2974 1
2216 6263 1
2216 3850 1
2216 5572 1
2216 828 1
4830 615 1
4830 5152 1
4830 4677 1
4830 735 1
4830 2988 1
4830 749 1
4780 371 1
4780 7298 1
779 2266 1
557 5309 1
116 3378 1
75 2104 1
6183 6982 1
3017 3104 1
6609 216 1
6609 7305 1
6609 50 1
6925 4922 1
4526 2239 1
6946 674 1
6946 3232 1
6946 5769 1
6946 4808 1
6946 5568 1
6946 4879 1
6946 6651 1
6946 4356 1
6946 467 1
6946 604 1
6946 1241 1
6946 2680 1
6946 1950 1
6946 4759 1
6946 6723 1
6946 7053 1
6946 6789 1
1936 5869 1
7241 4 1
7241 6383 1
7241 3405 1
7241 3259 1
7241 7065 1
7241 4251 1
6136 2585 1
6870 7072 1
2591 761 1
2591 1840 1
2852 6492 1
2852 414 1
2852 1812 1
2852 5373 1
2852 92 1
2852 7080 1
2852 6959 1
2852 6888 1
2852 2550 1
2852 6460 1
2852 2783 1
2852 4311 1
2852 4522 1
2852 982 1
2852 2703 1
2852 6303 1
2852 3608 1
2852 5509 1
2852 3263 1
2852 3400 1
2852 2049 1
2852 5967 1
2852 2758 1
2852 1382 1
2852 2021 1
6547 1681 1
3416 1292 1
5628 5303 1
5628 4077 1
5628 5842 1
5628 1628 1
5628 2647 1
5628 6057 1
5628 4188 1
4665 1141 1
1198 6312 1
1198 2116 1
1198 924 1
1198 4394 1
1198 5501 1
3262 3163 1
4036 3332 1
4036 5630 1
4036 1660 1
4036 6841 1
4036 7312 1
4036 4501 1
4019 3740 1
6615 678 1
6615 1863 1
6615 1059 1
6615 2058 1
6615 1298 1
6615 1895 1
6615 5884 1
6615 5075 1
6615 2190 1
6615 2297 1
6615 5268 1
5285 77 1
6934 7311 1
4736 4970 1
2652 7032 1
6532 5002 1
3545 4718 1
1496 2746 1
1496 5327 1
1496 793 1
1496 1343 1
1496 3078 1
1214 2526 1
7069 3465 1
7069 1271 1
7069 3303 1
7069 2437 1
7069 3340 1
4607 146 1
4774 66 1
5208 3057 1
6966 6628 1
6966 5456 1
6966 3020 1
6966 1427 1
6966 3051 1
6966 1323 1
6966 7274 1
6966 4816 1
6966 5178 1
6966 5801 1
6966 3647 1
4824 5322 1
4824 4166 1
4824 2005 1
4824 5648 1
4824 5565 1
4824 627 1
4824 1609 1
4824 186 1
4824 2823 1
4824 523 1
4824 382 1
4824 3520 1
4824 2685 1
4824 841 1
4824 5574 1
5431 6656 1
2610 6728 1
5780 2037 1
5780 5454 1
5780 4551 1
5780 5843 1
5780 6390 1
5300 4619 1
4758 4583 1
2465 4117 1
5925 2112 1
5925 5336 1
5925 6310 1
5925 1471 1
5925 2115 1
5925 7026 1
5925 2466 1
4240 4054 1
4240 6372 1
4240 2483 1
4240 1722 1
307 1765 1
1769 5107 1
2025 4730 1
2025 4118 1
6539 6852 1
6539 1113 1
138 7131 1
138 3819 1
138 5950 1
5406 5502 1
5406 781 1
5406 5149 1
5406 4248 1
5406 5085 1
5406 6782 1
73 6228 1
73 6936 1
73 5404 1
1091 586 1
1091 6923 1
400 587 1
400 5928 1
6817 3653 1
6817 4419 1
7195 302 1
7195 5973 1
7195 6605 1
544 1022 1
7253 5735 1
6474 1316 1
6474 4536 1
6474 6861 1
6474 3665 1
6474 3217 1
6474 711 1
6474 6920 1
6474 2950 1
6474 6957 1
6474 690 1
6474 3281 1
6474 7159 1
6474 5396 1
6474 5140 1
6474 6377 1
6474 2382 1
6474 6077 1
6474 3166 1
6474 5667 1
6474 94 1
6474 5387 1
6474 622 1
6474 1356 1
6474 916 1
6474 945 1
6474 6558 1
3897 6427 1
347 6395 1
3703 5961 1
3703 5871 1
3703 1383 1
6315 1518 1
2635 6202 1
674 6275 1
5612 7187 1
4679 215 1
4679 2210 1
4724 1385 1
4724 1203 1
505 6134 1
505 3401 1
505 6225 1
505 4786 1
505 6249 1
505 3138 1
505 1500 1
505 6300 1
505 1853 1
505 6451 1
505 3417 1
505 5579 1
505 4317 1
5132 3973 1
4840 1118 1
4840 320 1
4840 752 1
4840 6448 1
4840 6516 1
4840 132 1
4840 247 1
4840 2903 1
4840 2929 1
4840 6005 1
811 1146 1
811 4107 1
811 2914 1
811 4010 1
811 1934 1
811 4553 1
811 378 1
811 5389 1
811 1884 1
811 6684 1
811 5682 1
811 3908 1
7318 3903 1
7318 4959 1
6276 299 1
6276 3233 1
6276 588 1
6095 5628 1
6095 4682 1
4149 7003 1
4149 5219 1
2163 6323 1
2163 2523 1
2163 2361 1
2163 1836 1
2163 2473 1
2163 7177 1
2163 2564 1
2163 4282 1
2163 42 1
3813 2495 1
3813 2843 1
3813 743 1
3813 2419 1
2272 6729 1
4124 5153 1
1925 6047 1
1925 2677 1
1925 2868 1
1925 3073 1
3941 4284 1
3941 4990 1
3941 2945 1
3941 1912 1
3941 1998 1
3941 2763 1
3941 7279 1
3941 6054 1
3941 3199 1
1817 5293 1
468 2003 1
1390 5073 1
2282 5701 1
3309 397 1
603 3208 1
6623 1079 1
6623 6093 1
6623 6456 1
1291 437 1
5690 471 1
340 3700 1
5521 3117 1
5521 613 1
5521 4211 1
5521 2605 1
5521 3932 1
5521 5955 1
5521 4322 1
3358 6565 1
3358 5226 1
3358 1440 1
3358 6277 1
3358 4167 1
3358 4676 1
3358 3140 1
3358 6606 1
3358 3153 1
3358 6024 1
3358 7172 1
3641 1193 1
2306 907 1
2306 1132 1
2306 12 1
2306 1013 1
2740 7329 1
36 2129 1
36 770 1
36 3347 1
36 3023 1
36 5410 1
36 2952 1
36 288 1
36 2570 1
36 2684 1
36 6445 1
36 4263 1
36 5102 1
36 4475 1
36 5342 1
36 3885 1
36 1381 1
36 6749 1
36 7277 1
36 783 1
36 3244 1
36 2900 1
36 439 1
36 858 1
36 4707 1
36 4200 1
3843 6204 1
2427 5832 1
980 2305 1
3548 3258 1
3494 769 1
3115 6617 1
1830 4806 1
5659 6091 1
5659 3214 1
3238 5089 1
3238 6832 1
3238 5088 1
2055 3989 1
7229 5605 1
7229 6160 1
6548 7199 1
6548 1034 1
6548 4982 1
6548 2991 1
6548 1289 1
6548 1677 1
6548 2132 1
6548 4839 1
6548 3753 1
6548 5261 1
6548 1818 1
6548 5482 1
6548 3704 1
6548 4901 1
6548 17 1
6548 2715 1
6548 5480 1
430 6364 1
430 7210 1
430 117 1
430 309 1
430 2207 1
430 660 1
430 4398 1
430 1498 1
430 6378 1
6094 134 1
6094 3291 1
6094 6241 1
6094 4842 1
6094 328 1
6094 7257 1
2037 7338 1
9 6341 1
2814 384 1
4018 6826 1
3332 4963 1
3332 1807 1
3332 6087 1
3332 2640 1
3332 2839 1
3332 1369 1
3332 1606 1
3332 1593 1
3332 5271 1
3332 49 1
3332 4163 1
7124 1015 1
7124 2844 1
2681 4064 1
2681 1437 1
2681 6413 1
3867 614 1
5108 3939 1
7152 6589 1
2217 1949 1
1411 2191 1
5805 2245 1
1761 5976 1
1761 3223 1
1761 490 1
1761 3965 1
1761 1662 1
1761 6655 1
1761 4474 1
1761 5948 1
1761 2497 1
5457 1302 1
2077 3155 1
3696 2769 1
1824 3575 1
4984 29 1
6078 3157 1
4543 5005 1
4543 2705 1
4543 109 1
4543 1195 1
6600 1870 1
2774 1487 1
2774 1603 1
918 6551 1
918 1097 1
918 191 1
918 3299 1
918 3466 1
918 2026 1
918 5490 1
771 5964 1
771 6685 1
5365 3341 1
5365 836 1
5365 232 1
5365 7007 1
5365 6937 1
5365 5799 1
5365 2372 1
5365 1930 1
3333 6613 1
758 1126 1
758 168 1
758 655 1
758 6344 1
758 4100 1
758 967 1
758 5253 1
758 2318 1
758 6018 1
758 3081 1
2348 3935 1
4886 368 1
4886 2595 1
4886 2325 1
4886 2114 1
4886 1116 1
4886 2349 1
4886 5838 1
4886 4939 1
4886 4625 1
4886 6319 1
4886 5531 1
4886 2353 1
573 6956 1
6499 1780 1
1665 117 1
1665 4561 1
1665 3981 1
1665 642 1
1639 3811 1
5924 6404 1
5924 7345 1
5924 1173 1
6716 403 1
669 1416 1
6594 6129 1
4825 3565 1
6948 6802 1
5411 1906 1
5411 568 1
5411 6639 1
4121 4849 1
4121 4296 1
4121 3912 1
4121 5678 1
4121 4490 1
4121 5230 1
4121 3409 1
4121 3268 1
4121 6855 1
4121 6423 1
4121 2631 1
4121 3896 1
4121 1495 1
3392 3272 1
3913 3225 1
3421 6825 1
3421 5922 1
3421 7310 1
3421 228 1
3421 2009 1
3421 2358 1
3421 5474 1
3421 4636 1
3421 4273 1
3421 3770 1
3421 1090 1
4154 3699 1
4276 763 1
4276 5911 1
54 5242 1
54 5926 1
54 564 1
3291 926 1
3291 1327 1
3291 6208 1
3291 2872 1
3291 825 1
6174 2501 1
7099 4619 1
7099 3636 1
7099 213 1
7099 2350 1
6719 2731 1
6719 6121 1
2406 5560 1
5640 1123 1
2793 4009 1
2793 580 1
2793 270 1
2793 3378 1
1285 2266 1
1285 5419 1
1285 610 1
1285 3326 1
1285 22 1
3450 1885 1
6125 5361 1
1876 5738 1
5539 6574 1
5539 6109 1
5539 5732 1
5539 2713 1
5539 2915 1
5539 2351 1
5539 1288 1
5539 4719 1
5539 5622 1
457 1477 1
4507 1702 1
2415 3148 1
2707 3723 1
5353 5071 1
5353 4473 1
2285 1965 1
3338 5177 1
488 18 1
3711 1482 1
3711 2504 1
3711 908 1
6396 5137 1
6396 5290 1
6396 595 1
6396 1178 1
6396 5789 1
6396 4517 1
6396 7049 1
7131 4150 1
7131 864 1
7131 1990 1
7131 4264 1
7131 4503 1
7131 5277 1
7131 1346 1
7131 4660 1
7131 5188 1
7131 2122 1
7131 5368 1
7131 5416 1
7131 5540 1
7131 1694 1
7131 366 1
7131 6431 1
7131 1770 1
7131 3923 1
7131 1538 1
7131 227 1
7131 3649 1
7131 3382 1
3690 2729 1
1762 6038 1
5129 6926 1
5129 6345 1
5129 401 1
5129 2985 1
5129 4515 1
5129 4421 1
5129 4913 1
5129 3150 1
5129 5122 1
5129 6033 1
5129 957 1
5129 4656 1
5129 6061 1
5129 2757 1
5129 808 1
5129 5438 1
7042 2825 1
7042 2098 1
7042 4697 1
7042 479 1
7042 4406 1
7042 3664 1
7042 6493 1
7042 2332 1
7042 3832 1
7042 7179 1
7042 1964 1
7042 1958 1
7042 1721 1
7042 3840 1
7042 143 1
7042 6918 1
3249 3585 1
3631 6438 1
6941 6737 1
670 5821 1
670 5244 1
670 1393 1
670 64 1
670 6387 1
670 3083 1
670 6465 1
670 4986 1
670 1399 1
670 5787 1
670 249 1
2234 1743 1
3097 829 1
1502 175 1
3266 6609 1
3266 2890 1
3266 2334 1
3266 582 1
3266 4158 1
3266 5662 1
3266 1410 1
3266 831 1
5929 5165 1
5929 2608 1
5929 7287 1
5929 585 1
5929 2408 1
5929 2378 1
7332 682 1
7332 1800 1
1828 4873 1
4848 3282 1
4848 1257 1
4848 4283 1
4848 4799 1
4848 5442 1
4848 1619 1
4848 1130 1
4848 2027 1
4848 4574 1
4848 5035 1
4848 6709 1
4848 4854 1
4848 5854 1
4848 1337 1
4848 6648 1
2847 1049 1
3184 2139 1
3826 2180 1
4682 1358 1
4682 860 1
4682 6447 1
4682 5679 1
4682 3863 1
4682 452 1
4682 205 1
4682 427 1
4682 3804 1
4682 5651 1
4682 7236 1
3543 5383 1
3543 415 1
3543 4623 1
3543 5858 1
3543 6607 1
3543 3944 1
3543 2978 1
3543 5475 1
3543 7192 1
6671 6527 1
3048 5409 1
3048 2363 1
3048 2105 1
3048 6458 1
3048 7023 1
3048 45 1
3048 3425 1
3048 6921 1
3048 5952 1
3048 5420 1
3048 7119 1
3048 2883 1
3048 1204 1
3048 6603 1
407 1955 1
407 6809 1
407 2051 1
3418 1920 1
4906 1720 1
6035 5888 1
1225 2301 1
1225 2720 1
1225 293 1
4500 7321 1
5586 1852 1
4298 1929 1
4298 2594 1
4298 1464 1
4298 5225 1
1729 3084 1
2980 6348 1
7075 6342 1
7060 3493 1
7060 1452 1
7060 1577 1
7060 4731 1
3569 996 1
3569 5432 1
5315 3477 1
5315 3766 1
5315 1 1
5315 6625 1
5315 4496 1
5315 2249 1
5315 1886 1
5315 4295 1
5315 3174 1
5315 4800 1
5315 3296 1
5315 6185 1
5315 1932 1
5315 7173 1
5315 7205 1
78 5399 1
2821 5133 1
5872 6561 1
5872 3054 1
5872 3128 1
3748 602 1
2036 6349 1
4366 5333 1
2464 1940 1
2464 4644 1
2464 4053 1
2464 7349 1
2464 6740 1
2464 734 1
2464 3278 1
2464 3320 1
2464 1209 1
2464 3024 1
2464 890 1
2464 5515 1
6407 3175 1
1143 5173 1
1143 656 1
1143 3502 1
1143 3374 1
1143 387 1
1143 5172 1
1143 5006 1
1143 6501 1
1143 2103 1
1143 4108 1
1143 5395 1
1143 1304 1
1143 2749 1
1143 5532 1
1143 3584 1
1143 1613 1
5980 6537 1
5980 3241 1
5980 5994 1
3285 2937 1
5796 2171 1
3726 3434 1
3726 6187 1
3726 3606 1
3726 1888 1
3726 1727 1
3726 3178 1
3726 6993 1
3726 3149 1
4611 3411 1
4611 7244 1
4611 5607 1
4611 533 1
4611 4811 1
4611 7006 1
395 4669 1
395 837 1
395 7280 1
395 617 1
395 6075 1
6336 5202 1
4812 6939 1
4812 1010 1
4812 5332 1
4812 5281 1
820 5095 1
820 1159 1
820 6090 1
3109 1661 1
3109 5330 1
3109 4471 1
3109 3067 1
4133 5151 1
2489 5562 1
5771 4014 1
2383 6916 1
569 6627 1
569 4205 1
3597 7113 1
5021 3598 1
178 1329 1
2130 451 1
2130 4417 1
2130 3201 1
2030 5702 1
7148 3695 1
712 4458 1
712 3357 1
5701 5758 1
61 5047 1
61 6764 1
2384 2083 1
2384 1787 1
2384 55 1
2384 6783 1
5642 1111 1
4128 1165 1
4885 2813 1
6293 169 1
6293 5665 1
6293 3129 1
6293 5722 1
6293 5167 1
6293 5688 1
6293 3329 1
6293 7111 1
6293 1360 1
6293 4516 1
6293 6786 1
6293 4807 1
6293 7175 1
6293 6610 1
2898 6683 1
4669 7115 1
4669 3210 1
4669 5316 1
4669 3154 1
4669 1243 1
4669 3949 1
4669 2149 1
4669 3858 1
3851 4591 1
2644 2565 1
1219 2253 1
4395 453 1
6313 384 1
2796 1490 1
2796 2354 1
2796 5695 1
2796 5906 1
2796 2625 1
2796 4914 1
2972 2976 1
164 2676 1
4061 1982 1
899 4867 1
684 3726 1
867 88 1
6046 6838 1
4101 2759 1
4101 2031 1
4101 4223 1
4101 6163 1
4101 5100 1
4101 432 1
4101 2355 1
4101 4608 1
4101 3360 1
2505 6161 1
2505 4351 1
2505 1902 1
2505 6088 1
2505 3185 1
4430 5250 1
2166 4003 1
5567 2255 1
4067 1408 1
4067 3967 1
4011 6681 1
6928 6591 1
6928 1341 1
6928 357 1
6928 1448 1
6928 2185 1
6928 6734 1
6928 4336 1
6928 6148 1
6928 3202 1
6928 3018 1
6928 161 1
6928 6640 1
3817 7004 1
766 7221 1
6819 5580 1
3009 5273 1
3009 1761 1
3009 2020 1
3009 1865 1
3009 2434 1
3009 2099 1
2693 1457 1
5632 1253 1
1515 5793 1
6045 4203 1
2181 5905 1
4215 4612 1
4215 2230 1
1472 2152 1
2451 2620 1
2451 6531 1
2451 7117 1
2451 151 1
2451 6688 1
2451 6902 1
2451 5670 1
2451 6906 1
2451 2303 1
2451 5098 1
2451 566 1
2451 5039 1
3733 4523 1
3733 1303 1
3733 41 1
3733 165 1
3733 944 1
3733 6980 1
3733 2446 1
5476 5394 1
5476 1849 1
5476 5946 1
5476 4220 1
5179 3994 1
5179 1176 1
5179 6850 1
5179 5390 1
5179 1563 1
5179 200 1
5179 7035 1
5179 3435 1
5179 6795 1
5179 2414 1
5179 3556 1
2063 6512 1
48 4545 1
6418 2448 1
2435 1506 1
4903 5034 1
4445 3839 1
5718 4604 1
1447 2572 1
976 5180 1
976 3743 1
976 599 1
157 3293 1
157 6542 1
157 6614 1
157 4737 1
157 4663 1
1135 7114 1
3117 2356 1
4476 4466 1
3164 280 1
3164 1435 1
3164 3887 1
7264 3910 1
731 6786 1
3825 6200 1
6590 6738 1
92 5433 1
92 4735 1
92 6484 1
4473 4775 1
3859 4120 1
1149 6503 1
339 4062 1
1617 1196 1
5853 6739 1
5853 7079 1
5853 2261 1
5145 3004 1
5145 2571 1
5597 6570 1
5597 2961 1
2750 3853 1
2750 6942 1
6069 6098 1
6069 1652 1
6069 1485 1
6069 3596 1
6069 5979 1
6069 2964 1
6069 6563 1
6069 824 1
6069 4587 1
1202 5291 1
7054 705 1
2573 4530 1
1928 4955 1
5720 7355 1
5720 2264 1
5720 6538 1
5720 1909 1
5720 4484 1
3642 5738 1
3642 5082 1
1060 2917 1
1060 6468 1
1060 3843 1
1060 3972 1
1060 1525 1
1060 4298 1
1060 2044 1
1060 702 1
1060 6571 1
1060 6101 1
1060 1153 1
1060 2679 1
1060 1705 1
1060 6847 1
1060 5742 1
1060 6935 1
1060 6235 1
1060 2853 1
1060 4554 1
1060 3937 1
1060 2232 1
1060 6520 1
1060 3108 1
1060 1724 1
4440 6896 1
6556 1459 1
2119 3462 1
2119 3308 1
2119 703 1
2119 1509 1
6807 927 1
6002 59 1
6002 7071 1
6002 1278 1
7127 78 1
5148 4437 1
5148 7086 1
5148 4632 1
5148 5750 1
5148 6785 1
5148 5824 1
3482 3623 1
3482 7004 1
3482 7191 1
3482 3190 1
3482 4978 1
3141 767 1
3141 1749 1
3141 4193 1
3141 2093 1
3141 583 1
6193 1106 1
5217 5684 1
782 3429 1
357 6357 1
357 5337 1
4605 5210 1
461 3510 1
3121 3635 1
2708 5900 1
1448 142 1
1359 2194 1
5674 880 1
7085 632 1
7085 1229 1
7085 111 1
7085 3431 1
7085 4785 1
2699 6498 1
4546 1676 1
2512 4537 1
2512 2760 1
3986 3623 1
1016 1082 1
1016 2085 1
1016 6131 1
7034 2240 1
2109 601 1
2109 4918 1
2109 1230 1
2109 6933 1
2109 6800 1
2109 2281 1
2109 1336 1
2109 5257 1
2109 1753 1
2109 750 1
2109 3125 1
2109 6332 1
2109 4513 1
2109 15 1
2109 4595 1
677 6519 1
446 4751 1
4111 1650 1
519 5812 1
519 1365 1
4693 5617 1
4693 3457 1
4693 4738 1
4693 7037 1
4693 581 1
4693 6880 1
4693 5094 1
4693 2543 1
4693 722 1
4693 4572 1
4693 2436 1
4693 3567 1
1161 4890 1
3531 4185 1
3531 5529 1
3531 6128 1
1329 3534 1
7306 636 1
7306 3712 1
7306 4106 1
7306 746 1
7306 2533 1
7306 6026 1
7306 3945 1
7005 6465 1
6698 6865 1
5736 5358 1
1027 3250 1
613 4029 1
613 5825 1
613 3013 1
613 7066 1
613 5981 1
613 1364 1
613 4529 1
613 2968 1
613 2971 1
613 5215 1
613 6410 1
613 4252 1
613 4355 1
613 2069 1
613 6311 1
613 6616 1
613 6010 1
613 855 1
613 1374 1
613 2312 1
613 3366 1
613 1002 1
613 5845 1
613 311 1
613 2126 1
613 1788 1
613 306 1
822 962 1
3110 4156 1
2830 2287 1
2830 7099 1
2830 4332 1
2830 1208 1
2830 6882 1
2830 1461 1
2830 2646 1
2830 5654 1
3127 4025 1
3127 5935 1
5478 612 1
797 369 1
797 4190 1
797 1503 1
797 5800 1
797 425 1
441 4360 1
441 7139 1
6894 4561 1
2802 4762 1
2161 7109 1
2020 3158 1
2020 57 1
2020 5770 1
2020 268 1
2020 7019 1
2020 4300 1
2020 5943 1
2020 6028 1
2020 2133 1
5235 5459 1
5235 184 1
5235 546 1
5235 6466 1
5235 4586 1
5235 4965 1
5235 994 1
5235 3283 1
5235 4694 1
5235 5576 1
4743 3361 1
4743 5999 1
4743 3905 1
4743 6455 1
1984 5175 1
1109 3295 1
3287 2154 1
3287 664 1
5171 6107 1
5171 6682 1
3216 3209 1
3216 1651 1
3216 1326 1
3216 6494 1
4548 3459 1
4548 3079 1
4548 5367 1
4548 5700 1
4548 6967 1
4973 2845 1
4973 6188 1
1957 5636 1
1957 3798 1
1957 6211 1
1957 810 1
1957 2094 1
1957 5345 1
5971 4075 1
3120 3187 1
4565 2323 1
4565 4422 1
4565 6557 1
4565 1534 1
1206 2178 1
1206 447 1
6815 197 1
6815 2834 1
4695 2206 1
4695 6757 1
4695 6713 1
6138 5237 1
1419 4935 1
1419 3328 1
1419 6917 1
1419 4367 1
1419 2400 1
1419 1700 1
1419 5790 1
7222 3144 1
4700 5627 1
4700 6113 1
4700 5672 1
4700 2553 1
4700 5026 1
4700 3310 1
4700 212 1
6964 3789 1
6964 5847 1
6964 1184 1
6964 1610 1
6964 3561 1
6964 5118 1
6964 5199 1
6964 4653 1
6964 4472 1
6964 3011 1
6964 3667 1
6964 2549 1
6964 3891 1
5776 4836 1
5776 2650 1
5776 2041 1
5226 152 1
5226 6369 1
5226 4594 1
5226 5349 1
6885 6110 1
5578 1594 1
2255 3808 1
5608 6534 1
5608 1522 1
5608 4544 1
5608 6839 1
5608 4243 1
2726 762 1
5283 5729 1
3762 6314 1
1108 5318 1
1108 1730 1
4929 2935 1
7168 5818 1
4069 3385 1
4069 2962 1
4069 3005 1
4720 6459 1
1197 6153 1
1197 5196 1
1197 3501 1
1197 1014 1
1197 3075 1
1197 4116 1
1197 5902 1
1197 1750 1
1197 1634 1
1197 6483 1
2424 4275 1
2424 53 1
2296 623 1
1695 6084 1
1695 5893 1
1695 1855 1
1695 2374 1
4207 3120 1
4207 1206 1
4207 6446 1
4207 6328 1
4207 7161 1
4207 7188 1
4207 2214 1
5630 1454 1
5630 475 1
5630 5542 1
5630 7336 1
5630 5144 1
1475 5166 1
294 6099 1
1380 3487 1
1476 5941 1
1476 6510 1
1476 7347 1
1476 5763 1
1476 266 1
5206 4191 1
6900 7354 1
6900 2528 1
6900 5053 1
6900 1340 1
6900 6150 1
6900 4915 1
6900 5743 1
6900 1744 1
6900 139 1
6900 1768 1
6900 6391 1
6900 6433 1
6900 5975 1
6900 952 1
6475 4402 1
2589 3625 1
2589 5220 1
2589 4790 1
2589 1926 1
5744 1635 1
5339 1913 1
5164 1650 1
5164 4085 1
2775 5371 1
88 3602 1
88 2336 1
88 646 1
88 4067 1
88 6587 1
88 2095 1
88 2718 1
88 4333 1
88 5737 1
88 6770 1
88 6999 1
88 1404 1
88 6079 1
88 1395 1
88 6828 1
88 7212 1
88 3367 1
88 2747 1
88 4753 1
88 4131 1
88 1630 1
2801 3980 1
2801 4132 1
2801 1626 1
2801 4396 1
2801 846 1
3276 7187 1
3276 3489 1
2493 6743 1
2493 6186 1
2493 5972 1
2493 1607 1
2493 4907 1
2493 3452 1
2493 2979 1
2493 385 1
2493 1666 1
2493 5448 1
2493 4888 1
2493 5663 1
2493 4851 1
5234 2617 1
2744 291 1
2744 6755 1
2744 3496 1
5182 1237 1
5977 3988 1
584 2519 1
584 6060 1
584 4155 1
5546 3805 1
4808 6914 1
6320 2164 1
6320 4910 1
6320 2507 1
3384 82 1
3384 1969 1
284 6829 1
284 2577 1
284 3394 1
119 4390 1
119 2638 1
119 5625 1
119 5010 1
119 463 1
119 4256 1
119 1163 1
119 2754 1
7010 1708 1
7010 933 1
7010 3934 1
3638 3432 1
3638 5525 1
4598 2034 1
4598 6769 1
4403 6265 1
4791 2854 1
6818 500 1
6818 4948 1
6818 1160 1
6818 3779 1
6818 1458 1
6818 832 1
6818 4489 1
6818 3828 1
6818 7237 1
6818 6938 1
6818 4858 1
6818 5931 1
5467 5910 1
4603 4452 1
3847 1837 1
4425 6340 1
4425 3377 1
4425 915 1
387 391 1
387 5529 1
2002 188 1
2002 1249 1
2002 290 1
2002 7048 1
2002 723 1
2002 1881 1
4219 4983 1
6495 6059 1
794 6711 1
794 361 1
5312 917 1
5312 1436 1
5312 5592 1
5312 4399 1
5312 4035 1
5312 1428 1
5312 4819 1
5312 3297 1
5312 2401 1
5312 1236 1
5312 2373 1
5312 4508 1
5312 6914 1
5312 5435 1
5312 2310 1
5312 5526 1
5312 1826 1
5312 5351 1
5312 1847 1
5312 5914 1
5312 3275 1
5312 231 1
6350 4562 1
4760 856 1
3807 6457 1
2263 5104 1
1974 2918 1
1974 4497 1
1418 3813 1
1418 2787 1
1418 1152 1
1418 5731 1
6142 2659 1
6142 6261 1
6142 5299 1
6142 7234 1
6142 3611 1
6142 3716 1
6142 2951 1
6142 7047 1
6142 2514 1
2666 2226 1
1588 3430 1
1588 485 1
1588 5813 1
1588 5142 1
6414 3733 1
3225 3773 1
6352 4722 1
1831 940 1
7285 2108 1
5232 1838 1
2503 3371 1
7343 553 1
7343 843 1
4944 1032 1
1456 6404 1
1456 7061 1
1456 5924 1
1456 7144 1
1456 3810 1
1456 6405 1
1456 5302 1
1456 4141 1
1456 7202 1
1456 6154 1
1456 3780 1
1456 3010 1
1456 51 1
1456 4977 1
1456 4175 1
1456 651 1
1456 5472 1
1456 3724 1
1456 5575 1
1456 5708 1
1456 74 1
2562 1185 1
2562 196 1
2562 3970 1
2562 633 1
2562 4734 1
2562 2496 1
2562 1622 1
2562 6215 1
2562 4688 1
2562 562 1
2562 725 1
1823 659 1
6101 2056 1
6101 3890 1
4915 1215 1
6831 257 1
2006 6862 1
1699 6232 1
1699 2172 1
1699 6450 1
1699 2395 1
1699 2972 1
1699 245 1
1699 5134 1
1699 1970 1
1699 6212 1
1699 4425 1
1699 6576 1
1699 3554 1
1699 5792 1
1699 2329 1
1699 5753 1
1699 2955 1
1699 2984 1
1699 943 1
1699 4441 1
1699 5637 1
346 3762 1
346 6758 1
346 2869 1
346 1908 1
346 1717 1
3446 1481 1
854 2321 1
854 3455 1
854 2626 1
854 3093 1
854 4684 1
854 5425 1
854 1062 1
854 2065 1
854 3061 1
4967 4651 1
4967 2933 1
624 3880 1
624 4081 1
624 934 1
624 6401 1
1074 4987 1
1074 1140 1
6282 7346 1
6282 1478 1
6282 1797 1
6282 5754 1
4091 3065 1
2396 4717 1
274 2959 1
274 5963 1
274 6891 1
6213 3644 1
6213 1531 1
5493 7 1
3453 5566 1
3453 2567 1
3453 2008 1
3453 5423 1
3453 3794 1
3453 6582 1
3453 6553 1
3453 4493 1
3453 5014 1
3453 5974 1
2849 1132 1
2849 5136 1
2849 4600 1
1542 3547 1
3818 1550 1
4914 5369 1
3939 6817 1
3939 2494 1
3939 4887 1
3939 6105 1
3939 774 1
3939 689 1
3939 1633 1
3939 1521 1
3939 4744 1
3939 6726 1
3939 3356 1
3146 5359 1
5130 591 1
5130 3484 1
326 5774 1
326 7130 1
888 5698 1
4723 5913 1
3181 6753 1
3181 496 1
6981 26 1
6981 27 1
6981 2893 1
6981 2443 1
1637 7211 1
975 6865 1
975 1585 1
975 7268 1
975 5703 1
975 7044 1
975 4698 1
1160 5427 1
1160 3845 1
1160 3038 1
1160 6663 1
7213 3536 1
7213 865 1
7213 3721 1
7213 3527 1
7213 2377 1
7213 728 1
7213 3179 1
7213 2404 1
7213 1809 1
7213 618 1
7213 4726 1
7213 5311 1
7213 5497 1
7213 3369 1
1238 2863 1
1238 297 1
1238 966 1
1238 5491 1
1238 120 1
1238 784 1
1238 1470 1
1238 1089 1
1238 4805 1
1238 6846 1
1238 2784 1
1238 5951 1
1238 7228 1
1238 4297 1
853 739 1
7094 2279 1
7094 1301 1
7094 61 1
7094 3044 1
7094 4470 1
7094 202 1
7094 7015 1
7094 2478 1
7094 3938 1
7094 4896 1
7094 1678 1
7094 6048 1
7094 6721 1
7094 1092 1
7094 2165 1
7094 4905 1
7094 5819 1
7094 5714 1
7094 4866 1
3068 920 1
3068 5048 1
3068 2277 1
3068 72 1
5393 1972 1
5393 5725 1
5393 1171 1
2008 6203 1
4072 6011 1
1518 2175 1
1518 6149 1
1518 881 1
6342 340 1
6342 4472 1
6342 2874 1
6342 2614 1
6342 289 1
6342 5233 1
2088 3781 1
2088 1186 1
2088 4093 1
2088 821 1
3056 804 1
3056 3648 1
3056 2015 1
3056 6767 1
3056 6840 1
3056 4949 1
2060 870 1
2060 1547 1
2060 6285 1
6859 4940 1
1134 1497 1
1134 6192 1
1134 5937 1
1134 3471 1
1134 5740 1
1636 7068 1
1943 4868 1
1943 6106 1
658 6966 1
658 2064 1
6617 135 1
5498 823 1
5498 7099 1
5498 2830 1
5498 5146 1
5498 3225 1
5498 2947 1
5498 6337 1
5498 213 1
3246 2516 1
3099 5207 1
3099 6260 1
3734 6634 1
6277 847 1
6277 6947 1
6277 2665 1
6277 5001 1
6277 1008 1
3088 704 1
3088 1117 1
840 6944 1
5188 1137 1
5188 4852 1
5188 1297 1
5188 6253 1
5188 1774 1
5188 5007 1
5188 2544 1
5188 4369 1
5188 2485 1
5188 3105 1
5188 2487 1
5188 2697 1
5188 155 1
5188 2475 1
7315 6652 1
7315 2509 1
1927 3559 1
454 570 1
6693 4584 1
2957 203 1
2957 5631 1
2957 3397 1
6952 990 1
6952 5494 1
6952 5488 1
6952 3511 1
1656 519 1
1656 3769 1
3043 4709 1
7196 6774 1
7196 1573 1
7196 2741 1
7196 6421 1
7196 1442 1
3587 2327 1
4579 2911 1
3866 6240 1
3693 4274 1
3693 5646 1
6086 4531 1
7003 2578 1
7003 3515 1
7003 2405 1
7003 3593 1
7003 3706 1
7003 4925 1
7003 1583 1
7003 1293 1
7003 124 1
7003 5839 1
7003 798 1
7003 1319 1
7003 4881 1
7003 6759 1
7003 2799 1
7003 6546 1
7003 3008 1
7003 2428 1
7003 6804 1
7003 4723 1
7003 5954 1
7003 1367 1
7003 2491 1
7003 465 1
7003 71 1
7003 5045 1
7003 2244 1
7003 5083 1
7003 1664 1
7003 6480 1
7003 1441 1
7003 25 1
7003 2534 1
7003 764 1
7003 6343 1
7003 2885 1
7003 2996 1
7003 259 1
7003 1985 1
7003 2683 1
7003 5786 1
7003 1767 1
2076 4142 1
2076 3091 1
2076 4326 1
2076 4547 1
2076 6280 1
2076 6641 1
4088 1224 1
4088 4230 1
4088 7078 1
5361 716 1
5361 3563 1
5361 5676 1
5361 6864 1
5361 2003 1
5361 4968 1
5361 3492 1
5361 3571 1
5361 3812 1
5361 6289 1
5361 253 1
5361 1083 1
5361 984 1
5361 6854 1
7076 6440 1
7076 6524 1
4570 4387 1
4570 3979 1
4570 5616 1
4570 5875 1
4570 1772 1
4570 3533 1
4570 2488 1
3719 6716 1
679 2780 1
262 3956 1
262 6909 1
262 2288 1
262 6700 1
262 4588 1
262 5471 1
262 1342 1
262 3974 1
262 6912 1
4114 1109 1
4884 3330 1
4884 6776 1
671 5493 1
671 2848 1
2913 7133 1
2913 386 1
2913 3082 1
2913 2314 1
2913 5181 1
2913 5554 1
2913 695 1
2913 137 1
2913 1576 1
7141 4862 1
7141 5437 1
7141 3035 1
1667 2916 1
1667 1579 1
1667 2867 1
1667 6491 1
1667 896 1
1667 4260 1
1667 6187 1
1667 3352 1
1667 4615 1
1667 1864 1
1667 2700 1
1667 1574 1
1667 3841 1
1667 3906 1
1667 6756 1
1667 4353 1
1667 1239 1
1667 1555 1
1667 3998 1
1157 4309 1
2286 3495 1
2286 5613 1
2286 1320 1
7304 3500 1
1104 6615 1
1104 7181 1
1104 912 1
1104 4511 1
1104 4249 1
1104 3218 1
993 6742 1
993 3800 1
4988 3351 1
3424 7254 1
3424 5756 1
3424 2134 1
4153 1480 1
4153 5890 1
715 3265 1
715 7356 1
715 2018 1
715 478 1
2919 1148 1
2919 5492 1
2919 1009 1
7097 182 1
471 5584 1
471 4180 1
471 1400 1
2992 6242 1
3167 4596 1
6037 6886 1
6037 1036 1
1573 3132 1
1573 3632 1
1573 4459 1
1573 5582 1
1918 6382 1
1414 1432 1
1414 5228 1
1414 3538 1
1414 4520 1
1414 3486 1
1414 2619 1
1414 537 1
2066 6513 1
1679 4027 1
4919 4739 1
5109 3652 1
2048 1653 1
2768 2053 1
2768 4135 1
2768 909 1
2768 2596 1
2768 5794 1
2768 3702 1
2768 5296 1
2768 2084 1
2768 436 1
2768 1712 1
2768 3106 1
2768 2211 1
2768 5855 1
2768 7326 1
2768 6307 1
2768 7266 1
2768 1493 1
2768 4212 1
2768 620 1
2768 1445 1
2768 5781 1
2768 5548 1
2768 2797 1
2768 6053 1
2768 5191 1
5664 3666 1
5664 6701 1
1507 5444 1
1507 3300 1
1507 2983 1
1507 4339 1
1507 2492 1
6050 3901 1
6050 2059 1
6664 5070 1
3757 705 1
2452 498 1
2452 221 1
538 5916 1
4773 863 1
4773 4795 1
1785 4245 1
3512 3722 1
3512 7039 1
543 2989 1
543 6983 1
543 5870 1
543 100 1
543 6535 1
543 2603 1
543 5734 1
543 3955 1
2069 5996 1
2069 1564 1
2069 5917 1
2069 6058 1
2243 5995 1
2213 1798 1
729 4996 1
729 567 1
729 594 1
3488 4051 1
1511 1866 1
1541 4136 1
1541 876 1
1541 1850 1
1541 6130 1
1541 1914 1
1541 5458 1
1541 5341 1
1413 5464 1
1413 1810 1
1413 2642 1
1413 459 1
3580 897 1
2254 4835 1
904 4259 1
904 5115 1
904 2421 1
904 5506 1
2000 2788 1
4533 3578 1
5985 4329 1
5143 7187 1
5792 911 1
5792 4349 1
5792 2670 1
5792 2636 1
5792 6773 1
5792 4485 1
5792 6322 1
2982 5060 1
2826 6584 1
5593 900 1
5131 6168 1
5668 4840 1
5668 430 1
5668 4611 1
5668 7233 1
5668 2562 1
5668 1699 1
5668 7293 1
5668 4343 1
5668 3581 1
5668 4441 1
5668 6572 1
5065 5588 1
2741 4217 1
2741 277 1
5251 6339 1
4341 727 1
7295 3842 1
7295 6962 1
7295 4844 1
7295 6217 1
7295 2668 1
7024 3312 1
7024 251 1
7024 131 1
7024 6997 1
626 2216 1
626 4102 1
626 1197 1
626 1262 1
626 3621 1
626 3123 1
626 7151 1
6679 5468 1
3074 2569 1
3147 6919 1
3253 6068 1
243 6752 1
243 5184 1
243 3837 1
243 5023 1
243 6974 1
1344 6015 1
3113 726 1
2920 5344 1
4331 6191 1
7238 2462 1
4499 375 1
4499 871 1
4499 732 1
4499 5829 1
3694 1401 1
7334 4549 1
3786 1228 1
1099 7323 1
7048 1017 1
7048 6699 1
7048 3042 1
7048 6239 1
1848 5294 1
837 5577 1
837 6868 1
837 600 1
837 2458 1
837 2469 1
837 6750 1
837 2439 1
837 3754 1
837 3899 1
837 3047 1
837 1680 1
837 5581 1
837 971 1
837 2080 1
837 218 1
3363 6581 1
86 6631 1
86 95 1
1685 4494 1
2380 1232 1
2380 7276 1
785 997 1
785 6803 1
4269 3989 1
6199 1414 1
6199 5090 1
5016 284 1
1867 2146 1
1867 3062 1
1520 5699 1
1334 283 1
3507 4438 1
5849 6790 1
5995 5570 1
5995 5479 1
5995 5885 1
5995 4689 1
5995 1124 1
6380 2671 1
7294 2977 1
7294 2039 1
7294 2144 1
7294 786 1
7294 2411 1
7294 2335 1
7294 1624 1
7294 647 1
2315 5655 1
5737 6984 1
5737 7104 1
5737 4834 1
5737 5067 1
5737 2520 1
5737 1251 1
5737 4542 1
2724 402 1
778 1675 1
3208 536 1
5557 4927 1
5557 5940 1
5557 1614 1
5557 3765 1
5557 6017 1
4766 3505 1
4766 7203 1
6945 1992 1
1063 149 1
5859 3160 1
2319 4451 1
7353 1565 1
7353 4350 1
7353 1670 1
7353 7363 1
7353 6356 1
7353 3522 1
7353 1426 1
7353 3464 1
4017 281 1
4776 5266 1
4776 6067 1
4776 6152 1
4776 3290 1
4776 1205 1
4776 5764 1
970 410 1
4462 67 1
1180 3385 1
4879 6275 1
4879 93 1
4879 1267 1
4879 1450 1
202 4047 1
6790 2158 1
6790 3574 1
6790 4616 1
6790 1632 1
5633 4090 1
7163 4777 1
6805 5378 1
6805 2960 1
6805 499 1
6805 2630 1
6805 6362 1
6805 1834 1
2227 670 1
2227 2238 1
3428 4277 1
2469 2364 1
2469 1247 1
2469 3047 1
2469 442 1
3655 6252 1
3976 2661 1
3976 4268 1
3976 5421 1
3007 4086 1
7015 3902 1
7015 5269 1
6559 4633 1
5074 7194 1
1621 4685 1
1621 2902 1
6995 2767 1
6995 3135 1
7105 7339 1
3815 3916 1
5256 6055 1
1850 640 1
1850 7358 1
6775 2733 1
4140 1035 1
6457 3626 1
3091 5505 1
4953 1686 1
3037 2235 1
3037 1703 1
3037 4794 1
5159 199 1
2233 2218 1
2233 5186 1
6779 207 1
6779 7289 1
6779 4942 1
5174 4589 1
5174 7062 1
733 575 1
2360 1370 1
2360 3220 1
3827 1922 1
1544 6981 1
305 799 1
7059 3801 1
7059 1512 1
7059 3787 1
2042 4725 1
2042 2925 1
2042 4985 1
2042 392 1
2042 6220 1
2042 2753 1
2042 4196 1
383 1415 1
383 2357 1
383 3996 1
383 3162 1
6673 6971 1
6673 5953 1
1006 1754 1
6521 2521 1
6521 5852 1
5706 6103 1
5706 2555 1
246 6768 1
3776 4095 1
3549 6793 1
3549 2012 1
3549 6140 1
3549 3077 1
1795 5915 1
1795 6511 1
1795 4182 1
1795 1087 1
1795 744 1
1795 5084 1
1795 1549 1
1795 6205 1
1795 5806 1
1795 5062 1
1795 5329 1
1220 6863 1
4678 5795 1
4404 1385 1
1058 5523 1
2700 7313 1
2700 1579 1
2700 502 1
2700 5777 1
1309 1256 1
1309 5896 1
3093 19 1
477 6866 1
7045 4125 1
4031 2151 1
2167 3412 1
7011 518 1
1646 505 1
4127 95 1
2871 2201 1
417 4667 1
417 1513 1
417 2639 1
417 6198 1
417 1987 1
5064 1975 1
3405 125 1
6169 2393 1
187 5072 1
187 1141 1
187 6111 1
2145 6481 1
2145 1566 1
2145 2735 1
2145 6248 1
2145 6486 1
343 760 1
1248 4194 1
1248 44 1
1248 3975 1
1248 4254 1
1248 3687 1
1248 5886 1
1905 5569 1
3917 5696 1
3917 6270 1
3917 6403 1
6665 2712 1
298 405 1
6837 2755 1
948 4208 1
948 2160 1
5652 4467 1
1325 3543 1
1325 3180 1
1325 4239 1
1325 5877 1
1325 6042 1
1325 673 1
1325 4933 1
1325 1674 1
1325 898 1
1325 4037 1
1325 2714 1
2609 4096 1
2609 1407 1
1877 1822 1
3033 3191 1
4769 2013 1
4041 312 1
34 2804 1
437 3645 1
5938 1499 1
5938 1931 1
5938 6586 1
5938 3470 1
5938 5706 1
5938 2457 1
7250 2676 1
7250 6237 1
6338 1221 1
6910 6358 1
6910 3521 1
6910 6826 1
6910 819 1
6910 2071 1
6910 2199 1
3286 1093 1
3286 1745 1
3286 7220 1
2079 4099 1
2079 3107 1
2079 5103 1
2079 3036 1
2079 1181 1
2079 931 1
2079 4310 1
2079 2289 1
2079 1899 1
2079 2815 1
2079 5618 1
2079 4883 1
2079 1978 1
2079 965 1
2079 6968 1
2079 887 1
2079 4921 1
2079 1192 1
2079 4365 1
2079 2209 1
2079 1890 1
2079 4159 1
2079 5381 1
2079 3619 1
2079 4432 1
2079 1537 1
3727 1155 1
6105 7272 1
1947 2858 1
6004 418 1
6004 4418 1
4876 6399 1
4876 6970 1
4876 3307 1
4876 4306 1
4876 7242 1
4876 641 1
4876 1488 1
4876 5190 1
4876 2052 1
4876 5348 1
4876 4613 1
4876 3433 1
4876 1704 1
4876 693 1
4876 2927 1
4876 5647 1
4876 1933 1
1861 6360 1
532 3927 1
3215 1038 1
5332 4455 1
1435 7278 1
1435 6019 1
1435 4980 1
1435 1994 1
1435 4044 1
1435 5052 1
4326 5726 1
2575 740 1
1065 7012 1
1065 5666 1
6272 668 1
6272 686 1
35 355 1
3617 1910 1
6777 1454 1
6777 6725 1
886 1112 1
886 2266 1
4494 4325 1
4494 1114 1
4494 6689 1
4494 2284 1
4494 2936 1
4494 4954 1
4494 5239 1
4494 696 1
4494 4315 1
4494 6913 1
12 7101 1
5258 4610 1
4337 4078 1
3938 5507 1
3938 2500 1
3938 449 1
3938 961 1
3938 7243 1
3938 4092 1
3938 3764 1
3938 4865 1
3938 6238 1
3938 4870 1
3938 1078 1
3938 1980 1
1262 6761 1
1262 5833 1
1262 3298 1
1262 2298 1
1262 3346 1
1262 7169 1
1262 2895 1
4749 5573 1
597 1187 1
597 1657 1
597 7020 1
597 185 1
597 4937 1
597 634 1
5620 3228 1
1605 2892 1
1605 5090 1
1605 2607 1
1605 2922 1
1605 2269 1
1605 419 1
1605 5643 1
2425 296 1
7286 6222 1
6642 4616 1
4468 1951 1
1618 4585 1
1618 6823 1
1618 4431 1
1618 7077 1
1618 6023 1
6029 5300 1
6029 5503 1
6029 6482 1
6029 11 1
6029 4469 1
6029 6641 1
6029 2662 1
6029 4198 1
5354 4848 1
5354 2029 1
5354 5938 1
5354 5620 1
5354 1434 1
5354 4301 1
5354 6321 1
5354 1801 1
5354 921 1
2941 2803 1
3124 5054 1
5730 5779 1
3263 3926 1
3263 304 1
3263 1961 1
3263 4754 1
1254 5433 1
1254 1557 1
1254 6326 1
1254 709 1
1254 1283 1
2159 465 1
2159 6071 1
2159 4144 1
2159 4573 1
2159 6267 1
2159 2330 1
2159 6996 1
7187 4526 1
7187 3758 1
7187 381 1
7187 466 1
7187 4361 1
7187 4032 1
7187 6331 1
7187 298 1
7187 5621 1
7187 226 1
7187 4950 1
3992 757 1
3242 7148 1
3242 2460 1
3011 512 1
3566 1553 1
6148 2503 1
6148 1467 1
6148 4143 1
6148 535 1
4904 363 1
4904 1465 1
4904 4006 1
4465 358 1
4465 605 1
4465 737 1
7102 5956 1
6100 4666 1
6100 6144 1
2953 1952 1
2953 6608 1
1516 5407 1
1516 7041 1
1516 543 1
1516 2546 1
1516 4172 1
1516 5970 1
5408 935 1
5408 7042 1
5408 4746 1
5408 3183 1
5408 1989 1
5408 2188 1
5408 1413 1
5408 6236 1
5408 6536 1
5408 3497 1
5408 4065 1
5408 7360 1
5408 4528 1
5408 2399 1
5408 1693 1
5408 4817 1
5408 3472 1
5408 4861 1
5408 2251 1
5408 572 1
6092 492 1
308 5334 1
6585 248 1
3299 928 1
3299 396 1
3299 2366 1
3299 6978 1
3299 6525 1
3299 2035 1
5161 4555 1
1326 3833 1
1326 162 1
6409 527 1
7273 7327 1
3732 313 1
7090 5119 1
2447 3713 1
4237 1690 1
1168 3182 1
1168 489 1
1168 4186 1
1168 7251 1
1168 6438 1
2304 1615 1
5289 4036 1
5289 888 1
5289 5498 1
5289 2076 1
5289 6592 1
5289 6337 1
5289 3513 1
5289 2973 1
3021 2119 1
1678 2429 1
1678 2130 1
1678 1333 1
1678 4540 1
1678 1711 1
1678 2589 1
1678 1889 1
1678 4434 1
1678 6727 1
1678 2290 1
1678 6696 1
1678 426 1
1678 3379 1
1678 5887 1
5742 6577 1
316 7240 1
4281 3122 1
1276 3102 1
3686 2610 1
3686 3056 1
3686 4357 1
3686 530 1
3686 2809 1
6510 6951 1
7159 4897 1
7159 190 1
7159 5446 1
7159 2137 1
7159 4373 1
5275 7106 1
5275 2212 1
5275 7132 1
5275 1672 1
5275 516 1
6400 4550 1
2050 6540 1
3985 2368 1
4057 14 1
3220 956 1
3220 3063 1
4822 6600 1
6935 6988 1
6935 1162 1
6935 3589 1
6935 1025 1
6935 1147 1
6935 1760 1
2309 4119 1
2309 2739 1
2309 3735 1
2309 5608 1
2309 5738 1
2309 318 1
2309 2477 1
2309 3767 1
2309 4893 1
2309 6702 1
2309 6066 1
2309 3031 1
2309 264 1
1825 3014 1
2198 3257 1
5717 6763 1
5717 2886 1
5717 1874 1
5588 6760 1
5588 1069 1
5588 4103 1
5588 174 1
5588 5200 1
5588 7245 1
5588 1463 1
5588 3817 1
5588 4792 1
5588 6883 1
5588 3873 1
4074 390 1
1328 520 1
1328 5469 1
1328 2397 1
1328 7239 1
1328 2228 1
1328 5694 1
1328 4270 1
1328 1312 1
1328 6680 1
1328 1265 1
1328 3681 1
1328 5260 1
1328 6065 1
1328 998 1
1328 1473 1
1328 6196 1
1328 2001 1
1328 5894 1
1328 4105 1
1328 3327 1
1328 4026 1
2328 3553 1
3663 1355 1
963 6195 1
1253 2300 1
1253 526 1
1253 356 1
5261 3745 1
5261 3423 1
5261 3176 1
754 3968 1
708 5527 1
2727 1307 1
333 5918 1
6097 2432 1
5037 5611 1
842 6279 1
2400 1433 1
2400 2068 1
2400 7184 1
2400 1245 1
2400 167 1
1394 3697 1
1394 3672 1
972 1158 1
972 5414 1
4436 3679 1
3925 3200 1
2140 314 1
2140 4049 1
2140 6329 1
4814 1695 1
4798 6515 1
4477 5589 1
87 2299 1
5892 4728 1
5892 2669 1
5892 4043 1
5892 3790 1
5892 5049 1
1004 5171 1
3718 3156 1
667 4936 1
6581 2039 1
2329 6771 1
3618 5304 1
1818 282 1
1818 5412 1
1818 5335 1
1818 1138 1
2829 6744 1
691 2459 1
691 2557 1
691 469 1
7271 2761 1
1510 1659 1
5462 6096 1
5462 1431 1
5462 5921 1
5462 882 1
5058 2776 1
4617 6780 1
4617 948 1
4617 6219 1
4617 4233 1
4617 1854 1
7107 2566 1
7107 6890 1
7107 6264 1
7107 431 1
7107 2148 1
7107 6346 1
780 5484 1
4279 5713 1
6624 5559 1
1007 5144 1
6328 3315 1
6328 534 1
6328 5338 1
6328 6449 1
6328 4278 1
6328 1638 1
6328 848 1
6328 23 1
6328 2816 1
7308 5232 1
7308 4710 1
7308 3892 1
7308 1552 1
7308 2440 1
7308 1357 1
1223 4459 1
6915 4410 1
7154 153 1
7154 4621 1
7154 2901 1
3137 6834 1
6248 2917 1
6248 5008 1
6248 2169 1
6248 1279 1
6248 7292 1
6248 6636 1
6248 2023 1
6248 5032 1
6248 2369 1
6248 2851 1
1268 5785 1
3782 372 1
2067 1244 1
6732 4342 1
1916 4917 1
1916 3204 1
1916 5528 1
1916 6670 1
1916 2278 1
1916 1001 1
1916 3301 1
1916 3192 1
1916 2766 1
1916 3799 1
1916 3387 1
1916 2033 1
1916 4148 1
1916 6766 1
1916 2092 1
5470 4770 1
5470 5449 1
5470 4518 1
5470 3442 1
5470 2518 1
7046 3103 1
2853 6955 1
2853 2182 1
2853 5939 1
4527 719 1
4527 3793 1
4527 1290 1
4192 482 1
4192 6645 1
4192 3514 1
4192 6256 1
4192 6954 1
4192 3313 1
4192 2558 1
4192 230 1
4192 6022 1
4192 5241 1
4192 2078 1
4192 5193 1
4192 5101 1
4192 6368 1
3768 6869 1
3768 5313 1
1100 3933 1
1100 2762 1
6505 4641 1
6505 2413 1
6505 7337 1
1193 4280 1
1193 4946 1
1193 6335 1
1193 1101 1
1193 267 1
7035 469 1
621 6620 1
621 2926 1
621 4956 1
621 1064 1
621 7299 1
621 2192 1
2657 2643 1
1692 5836 1
1692 1216 1
1692 2633 1
1692 394 1
1692 1375 1
3422 3376 1
6064 4412 1
1240 1132 1
1240 1623 1
1240 5814 1
1240 7230 1
1240 3756 1
1240 6444 1
1240 2262 1
1240 5344 1
1240 6799 1
1240 5549 1
1240 730 1
1240 4657 1
1240 6189 1
3324 4987 1
3324 2667 1
2864 3740 1
2864 4019 1
2864 3427 1
2864 7170 1
2864 4266 1
2864 2231 1
7040 5369 1
7040 7215 1
7040 1275 1
7040 3919 1
7040 6522 1
7040 2490 1
7040 1701 1
7040 4038 1
7040 5878 1
2186 6151 1
1368 7309 1
1368 6068 1
1368 5595 1
1095 5364 1
1095 3990 1
1179 5797 1
1179 5163 1
1179 458 1
1179 2097 1
1179 3478 1
1179 6824 1
1179 1144 1
1179 5524 1
1179 6075 1
1179 96 1
2446 3377 1
2446 4246 1
6667 3962 1
6667 3336 1
1909 4951 1
1909 3685 1
1909 5788 1
1909 1878 1
3092 2004 1
3092 3270 1
6811 2389 1
5178 2410 1
5178 6650 1
5178 2444 1
5178 4928 1
5178 2367 1
5178 3888 1
5178 7207 1
3372 2931 1
1599 5247 1
3562 6566 1
3562 5136 1
3562 4600 1
3562 3730 1
3562 6718 1
606 6669 1
89 4721 1
5377 5603 1
3588 101 1
3588 3087 1
3288 3025 1
4076 5147 1
652 5745 1
3838 3952 1
235 901 1
5042 6141 1
5042 3368 1
5042 3046 1
5042 2956 1
5042 7030 1
5042 7361 1
5042 5105 1
5042 4126 1
5042 1311 1
5042 6884 1
5042 255 1
5042 812 1
5042 7095 1
5042 166 1
5042 4045 1
359 4520 1
2229 3274 1
2229 683 1
2229 6907 1
2229 513 1
4039 3086 1
4039 472 1
4039 2101 1
4039 5600 1
4039 208 1
4039 3795 1
4039 1993 1
4039 4364 1
4039 4577 1
4039 869 1
5087 6167 1
7108 6597 1
7108 3785 1
7108 5323 1
7108 4592 1
7108 2016 1
7108 5310 1
7108 1974 1
7108 3126 1
7108 3261 1
7108 5443 1
7108 2909 1
7108 6269 1
7108 4593 1
7108 90 1
7108 3784 1
7108 3662 1
7108 2038 1
7108 2622 1
6022 1536 1
6022 5019 1
6022 5126 1
3325 4997 1
1136 4909 1
1136 348 1
1136 1764 1
1136 7333 1
1136 724 1
1136 3186 1
1136 1486 1
1136 7341 1
1136 3710 1
1136 1741 1
3603 3656 1
814 5406 1
814 6705 1
814 3746 1
814 2062 1
814 6420 1
814 4358 1
814 1254 1
814 7088 1
1351 7093 1
1351 2737 1
1351 1843 1
547 1686 1
7100 6162 1
7100 6278 1
7029 1280 1
3306 3677 1
3306 2824 1
3390 2216 1
3390 3893 1
3390 4682 1
3390 6214 1
3390 5553 1
3390 2223 1
3390 5758 1
1775 3453 1
1775 7301 1
5504 4089 1
5504 3709 1
5504 2939 1
4344 7053 1
5511 6251 1
5305 2944 1
354 2151 1
2734 6929 1
6379 1507 1
6379 202 1
6379 859 1
6379 4527 1
1315 3829 1
1315 571 1
1315 721 1
1315 608 1
1315 3683 1
1315 2472 1
1315 4448 1
1315 6849 1
1315 5908 1
4827 1040 1
539 5121 1
895 5717 1
2506 4378 1
2506 4335 1
999 6030 1
3203 1133 1
5987 6180 1
5987 5430 1
345 7180 1
1050 2221 1
953 3755 1
953 7252 1
953 4168 1
4015 6268 1
4015 4479 1
4015 2511 1
4015 7335 1
4015 113 1
4015 5991 1
4015 4733 1
4015 317 1
4015 563 1
4015 2706 1
7056 4316 1
7056 7063 1
7056 4904 1
1372 6467 1
1260 3334 1
1260 4123 1
1260 4487 1
6308 4346 1
6308 3016 1
6308 5254 1
5160 1937 1
6085 4662 1
6085 3348 1
6085 5767 1
6085 7249 1
6085 6108 1
6085 850 1
6085 5891 1
6085 2019 1
6085 6246 1
6085 4066 1
7214 1422 1
2529 4930 1
2812 112 1
3250 3050 1
3250 755 1
3250 1374 1
3250 1687 1
3250 6715 1
3250 3964 1
3250 6796 1
3250 2539 1
3250 574 1
3250 3854 1
7188 6545 1
2477 1584 1
2477 1347 1
2477 4563 1
2477 4683 1
2477 4071 1
2477 7021 1
2477 5923 1
2477 3741 1
2477 4447 1
5527 5436 1
4668 2800 1
1924 409 1
1924 6398 1
3466 2928 1
3466 5263 1
150 2450 1
2510 3701 1
2510 6464 1
1986 1188 1
3362 5957 1
3362 3419 1
3362 4308 1
3362 487 1
3362 6417 1
3362 3655 1
3362 987 1
3362 4318 1
3362 5279 1
3362 3168 1
5221 503 1
6290 4115 1
4696 6798 1
4696 861 1
4696 4338 1
4696 1061 1
6657 524 1
6657 639 1
6657 3920 1
6657 6139 1
6657 6147 1
6657 5959 1
6657 2907 1
6657 949 1
6657 2138 1
6657 4767 1
6657 2032 1
6657 224 1
6657 2086 1
7340 4504 1
5537 261 1
2096 593 1
4187 79 1
4187 4192 1
4187 1260 1
4187 7145 1
3053 6165 1
5271 1631 1
4152 423 1
6048 3414 1
6048 8 1
6048 1055 1
6048 1529 1
6048 5874 1
6048 681 1
6997 4964 1
1389 2445 1
1389 3978 1
1389 5907 1
1389 1919 1
1389 4869 1
3085 6218 1
522 2054 1
522 3993 1
7352 5415 1
7352 6221 1
3724 3473 1
6940 7126 1
6940 3672 1
3508 3984 1
2423 5484 1
562 2022 1
562 5516 1
562 5945 1
562 388 1
562 5063 1
562 4129 1
562 954 1
2236 3669 1
4945 4324 1
5236 7069 1
5236 5365 1
5236 62 1
2379 2215 1
1335 1076 1
7033 4845 1
6422 456 1
6422 7219 1
6422 4878 1
6422 714 1
6422 3203 1
6422 1350 1
2663 6283 1
2663 3629 1
2663 171 1
2663 5205 1
2663 4058 1
2663 1663 1
2663 4424 1
2663 187 1
2663 7029 1
2663 2143 1
2663 5123 1
2663 2333 1
2663 3957 1
2663 279 1
4262 3145 1
6297 4060 1
4241 1988 1
5424 3752 1
5424 83 1
5424 7185 1
2075 1811 1
2075 3365 1
2075 6424 1
2075 6429 1
2075 367 1
2075 6618 1
4981 1451 1
6155 3963 1
885 4199 1
885 7081 1
885 2771 1
1832 3060 1
2225 5925 1
1638 2168 1
2330 6649 1
2330 3821 1
2330 4147 1
2330 2584 1
7178 5766 1
7178 2387 1
4051 2552 1
4051 4397 1
4547 4783 1
4547 2906 1
4547 4267 1
4547 1252 1
4547 2655 1
3634 751 1
3634 4912 1
3634 6115 1
3634 2311 1
4343 3867 1
4343 6442 1
4343 5744 1
4343 4764 1
4343 6014 1
4343 6690 1
172 2579 1
2399 3959 1
2399 1080 1
2399 4920 1
2399 3921 1
2399 1439 1
2399 4841 1
3680 4201 1
5830 6286 1
3936 4702 1
3936 5018 1
3936 3822 1
3936 5495 1
3936 1217 1
3936 5822 1
3936 5043 1
3936 3386 1
3936 3339 1
3936 1966 1
3936 4238 1
3936 70 1
3936 4002 1
3936 638 1
3936 4972 1
3936 3612 1
3936 1212 1
3936 1348 1
3936 5564 1
3936 2613 1
3936 5031 1
5545 3670 1
3152 3882 1
6903 6262 1
5061 3546 1
6415 4655 1
4363 5775 1
3894 6692 1
1402 2556 1
4301 2586 1
4301 958 1
4301 4291 1
4301 6299 1
4301 3639 1
4301 5135 1
2394 4941 1
7091 4415 1
7091 4961 1
7091 6385 1
7091 4643 1
7091 3658 1
7091 2530 1
7091 4383 1
7091 4388 1
6724 2845 1
4001 3825 1
160 5856 1
2408 6030 1
2408 3958 1
2408 1756 1
2408 2772 1
2408 2786 1
2408 336 1
2846 4376 1
2846 7351 1
6754 5202 1
1373 5439 1
1373 2888 1
2375 1844 1
494 6807 1
494 1957 1
494 1242 1
6062 1752 1
6062 4564 1
6062 7189 1
6062 3045 1
6062 4048 1
6062 6089 1
6062 2738 1
6062 545 1
5623 4828 1
5623 6986 1
5623 2467 1
5623 5901 1
5623 521 1
5623 4649 1
5623 3292 1
5623 4444 1
5623 3904 1
5623 4446 1
5623 1996 1
5623 661 1
5623 5716 1
5623 2110 1
5623 4463 1
5623 2183 1
6021 4679 1
7088 2499 1
1882 5214 1
2525 292 1
2525 379 1
2525 5828 1
2525 2580 1
2525 6567 1
2525 6049 1
2525 4359 1
2525 7055 1
2525 1430 1
5458 2856 1
5458 1127 1
5458 3886 1
5458 6994 1
5458 2963 1
5458 5653 1
5458 4460 1
5458 5403 1
5458 6302 1
2414 3311 1
2414 4943 1
2414 4347 1
2414 509 1
2414 4288 1
2414 321 1
3674 5751 1
4000 5966 1
902 6020 1
1446 4426 1
2317 7261 1
3823 2259 1
2822 1783 1
6923 4302 1
6923 7027 1
7062 3661 1
7062 6386 1
7062 849 1
7062 329 1
7062 2688 1
7062 5598 1
7062 5783 1
7062 7092 1
7062 531 1
7062 5784 1
7062 389 1
7062 4033 1
7062 5157 1
7062 6104 1
6052 3600 1
6052 3229 1
6052 460 1
6052 2345 1
6052 1417 1
6052 649 1
6052 3116 1
6052 2127 1
6706 6517 1
4080 434 1
4080 1519 1
4080 4642 1
4080 1349 1
4080 4504 1
4080 7303 1
4080 6016 1
1839 1992 1
6119 2191 1
6119 2376 1
6119 5919 1
85 1016 1
1072 2493 1
4321 3437 1
4621 271 1
4621 3040 1
4621 4821 1
4621 2923 1
4621 6787 1
4621 425 1
4621 5629 1
4405 1373 1
4405 4195 1
4405 6509 1
5463 3234 1
1551 1366 1
1551 5189 1
1551 3034 1
1551 7147 1
6077 5156 1
6077 2692 1
5453 2560 1
6638 4229 1
1654 6820 1
1654 889 1
4874 176 1
6901 3594 1
5610 58 1
5610 5960 1
3720 1605 1
1771 1906 1
1771 568 1
1771 3019 1
1771 6639 1
723 5710 1
7232 6858 1
4195 4716 1
4195 7324 1
4195 6316 1
4195 5715 1
4195 3504 1
4195 3248 1
4195 3399 1
4195 1671 1
4195 3775 1
3831 5817 1
2811 4894 1
2811 5761 1
5317 5673 1
4255 5993 1
5968 6317 1
4535 1102 1
1720 3610 1
1720 3012 1
1720 6063 1
1720 5110 1
1720 3188 1
1720 1582 1
1720 4177 1
1720 5898 1
1720 5591 1
6644 1669 1
6644 3443 1
6644 1569 1
6644 1330 1
3882 4113 1
3882 3684 1
3882 6611 1
3882 2876 1
3882 2587 1
3882 609 1
3882 2716 1
3882 3094 1
3882 3678 1
3882 6725 1
3882 838 1
3882 6226 1
3882 6569 1
3882 4509 1
3882 556 1
3882 7146 1
1053 4892 1
5229 4213 1
5229 5305 1
5229 4015 1
5229 3680 1
5229 2798 1
7016 1892 1
7016 7000 1
7016 2398 1
4628 5460 1
4628 2574 1
4628 2081 1
4628 181 1
4628 2864 1
4628 1401 1
4628 3607 1
5245 3650 1
5245 5882 1
5245 578 1
5245 6722 1
5245 2742 1
5245 3206 1
5245 3349 1
5245 4313 1
5245 4169 1
5245 303 1
5245 3922 1
5245 3742 1
5245 3227 1
5245 868 1
6514 300 1
4172 5556 1
4172 6801 1
4172 7248 1
4172 1608 1
4172 462 1
4172 6003 1
1401 6899 1
6123 892 1
323 5868 1
421 6435 1
7191 3171 1
7191 6848 1
7191 491 1
4624 1928 1
1881 3226 1
1881 540 1
1881 2 1
2736 6598 1
2736 3877 1
3350 1169 1
3350 795 1
3350 5602 1
365 7137 1
6210 1351 1
5764 4435 1
5764 334 1
5764 559 1
5764 4748 1
2542 2454 1
6347 925 1
3273 3408 1
3177 5604 1
7113 6821 1
7113 275 1
7113 4408 1
1286 5520 1
6056 1959 1
6056 2237 1
6056 4040 1
6056 3537 1
6056 108 1
2232 1444 1
3999 3627 1
433 5369 1
433 6710 1
433 2634 1
433 2948 1
433 2416 1
433 6226 1
433 1345 1
433 5571 1
433 7282 1
2470 2846 1
4380 5876 1
4380 1790 1
4380 3280 1
6370 238 1
915 4227 1
915 4303 1
915 1970 1
915 3479 1
915 4674 1
915 3420 1
915 4580 1
915 5731 1
915 6216 1
3581 7193 1
3581 4164 1
3581 5851 1
3581 6306 1
3581 3119 1
3581 6041 1
3581 3499 1
3581 6490 1
3581 2522 1
1122 4979 1
1122 4755 1
3814 3951 1
6494 3130 1
6494 7067 1
2990 1879 1
2990 3059 1
2990 7002 1
2990 5264 1
773 6393 1
5485 4377 1
845 1572 1
845 747 1
845 3196 1
845 1218 1
845 2441 1
845 550 1
845 3463 1
845 3824 1
845 5541 1
6127 3284 1
4299 1033 1
2894 6867 1
6641 662 1
6641 6816 1
3391 2075 1
3391 4181 1
3472 935 1
3472 5155 1
3472 1443 1
725 5025 1
725 1418 1
725 7149 1
725 3668 1
1633 2291 1
1314 3698 1
1314 4713 1
1314 6720 1
1314 4547 1
6916 2193 1
6916 3883 1
6916 6488 1
6916 4480 1
6916 6363 1
2456 2260 1
3084 4788 1
3084 1935 1
3084 4880 1
826 3029 1
4210 4328 1
4210 2187 1
1965 2582 1
1965 4829 1
1965 7246 1
1965 1420 1
1965 422 1
3221 6792 1
6794 3615 1
5778 6830 1
5778 6543 1
6529 6797 1
685 6674 1
685 7125 1
685 1991 1
685 6002 1
685 3506 1
685 6133 1
685 3609 1
685 4843 1
685 3170 1
5279 2789 1
943 349 1
943 5753 1
4323 3692 1
7000 5 1
7000 2531 1
7000 103 1
7000 4760 1
7000 2307 1
7000 56 1
7000 3213 1
7000 1808 1
5728 2320 1
1066 4052 1
1453 6473 1
1453 1274 1
1453 7227 1
1453 2220 1
1453 408 1
1453 765 1
1453 2066 1
1453 3405 1
1453 4532 1
3804 2007 1
5321 4941 1
5534 1616 1
699 4576 1
4505 477 1
1120 6496 1
1805 273 1
1805 2693 1
1805 3482 1
1805 3986 1
1805 6345 1
1805 2286 1
1805 5721 1
1805 5987 1
1805 946 1
1805 1396 1
1805 1941 1
1805 3022 1
5248 3966 1
5248 4247 1
5248 2762 1
3438 7162 1
1092 5823 1
2770 6274 1
2046 1570 1
2046 2641 1
5544 4340 1
2654 1900 1
2798 1946 1
6881 4375 1
6881 5874 1
5604 2196 1
5604 3100 1
5604 3475 1
5604 4796 1
5604 2535 1
5604 1620 1
5604 295 1
5604 5055 1
5604 2704 1
5604 3855 1
5604 2498 1
5604 5746 1
4013 1661 1
4250 5860 1
130 4626 1
1412 6080 1
5091 5840 1
6181 4693 1
1898 1460 1
1898 4964 1
1898 2195 1
1898 176 1
660 3002 1
660 214 1
660 6654 1
660 3931 1
660 1776 1
660 6729 1
660 4137 1
660 5227 1
660 4847 1
660 4173 1
7064 3485 1
7064 6875 1
7064 7357 1
7064 192 1
7064 1105 1
7064 875 1
7064 3816 1
7064 6958 1
7064 1403 1
2987 2273 1
4118 2270 1
4118 5092 1
4118 1580 1
4118 1891 1
4118 2107 1
4118 1821 1
4118 1962 1
4118 2151 1
4118 6314 1
4118 7025 1
4118 6461 1
4118 65 1
4118 5986 1
5281 3796 1
5281 1272 1
5281 5168 1
5281 1778 1
5281 7176 1
5281 6231 1
4398 117 1
3607 6157 1
3607 1735 1
3607 3630 1
3607 4974 1
3607 1505 1
3607 5314 1
3607 4859 1
3607 2850 1
2901 443 1
2901 4966 1
74 2242 1
324 241 1
324 4761 1
324 1860 1
324 6526 1
324 1421 1
324 4055 1
3330 4244 1
1350 135 1
1350 2879 1
1350 7059 1
5059 1883 1
2910 1496 1
2910 2744 1
5808 6376 1
932 1682 1
4491 30 1
4491 7241 1
1993 4151 1
7018 4957 1
7018 5117 1
5201 862 1
5201 3373 1
6159 2250 1
2840 3445 1
2840 1088 1
2840 1755 1
6836 6550 1
6836 5942 1
94 128 1
94 4420 1
94 4401 1
3198 4189 1
1023 1496 1
341 2424 1
341 2391 1
6365 5835 1
1799 6593 1
1799 5739 1
5506 6206 1
5506 2778 1
5506 2043 1
5506 5417 1
5506 834 1
5506 5671 1
5506 7122 1
5506 4197 1
5506 1353 1
5506 3846 1
5506 6779 1
5506 1968 1
5506 1324 1
5506 792 1
5506 2532 1
5506 1835 1
5506 648 1
5506 6043 1
5506 4449 1
5506 3169 1
5506 3245 1
5506 6227 1
5506 5685 1
5506 5846 1
6373 3884 1
6373 3539 1
6373 394 1
4007 2593 1
4007 6 1
4007 1048 1
4007 5183 1
4007 364 1
4007 1872 1
4007 2352 1
4007 2687 1
4007 6622 1
4007 4703 1
985 2418 1
985 5933 1
985 5097 1
2664 71 1
6849 5551 1
4837 1896 1
1377 1068 1
2803 6704 1
2803 115 1
2803 5287 1
7275 2368 1
1932 237 1
1932 3942 1
2014 6599 1
2014 3003 1
2014 1567 1
549 225 1
5355 6660 1
663 5827 1
663 2136 1
2848 6439 1
2848 2299 1
2848 4059 1
2848 6835 1
2848 677 1
2848 2691 1
2848 4993 1
2848 2174 1
2848 1963 1
2848 947 1
2848 3560 1
2848 4293 1
2848 1021 1
2848 5059 1
2848 6961 1
2848 6194 1
2848 265 1
2848 4566 1
1751 1041 1
1751 347 1
1751 1164 1
1751 3928 1
1751 1318 1
1751 4427 1
3314 1198 1
3314 7216 1
3314 2343 1
3314 548 1
3314 4332 1
3314 629 1
3314 2162 1
3314 5056 1
3314 1903 1
3314 1725 1
3314 1409 1
3314 1122 1
3314 4138 1
4541 2479 1
4541 4911 1
1948 1782 1
2559 3954 1
3714 1857 1
3714 2218 1
3714 6686 1
2165 5366 1
2165 1423 1
2165 2690 1
2165 376 1
2165 1875 1
2165 3971 1
118 4423 1
118 6051 1
3736 4614 1
577 4306 1
577 1933 1
5733 4052 1
3234 4692 1
3234 5803 1
444 2267 1
444 6298 1
444 5320 1
444 2764 1
6806 4121 1
6250 6871 1
3635 1466 1
3635 6027 1
3635 34 1
3635 7259 1
3635 4234 1
3635 5029 1
3635 3924 1
3635 6932 1
3635 377 1
3635 2649 1
3316 4224 1
2407 6158 1
2407 4659 1
5819 6402 1
5819 2860 1
5819 6223 1
5819 242 1
5819 6308 1
5819 5844 1
5819 1740 1
5819 4857 1
5819 2150 1
5819 561 1
1295 5599 1
1295 6001 1
1295 1806 1
1295 4558 1
3039 3350 1
3983 3247 1
2603 3503 1
4181 5197 1
4181 3498 1
2040 1511 1
4160 5500 1
413 2913 1
413 7328 1
1090 983 1
6691 6731 1
768 3449 1
642 4354 1
642 700 1
642 7014 1
642 4853 1
642 6293 1
642 4563 1
642 5167 1
642 1715 1
642 7111 1
642 4516 1
642 1781 1
642 2265 1
642 619 1
642 5063 1
642 2555 1
642 2629 1
642 665 1
6432 7197 1
1028 4685 1
2398 5865 1
2398 5657 1
4023 2924 1
839 6552 1
1269 6596 1
1269 81 1
1269 2600 1
1269 4371 1
7145 174 1
7145 6296 1
7145 5099 1
7145 4992 1
7145 2621 1
7145 7143 1
4112 6441 1
4083 6007 1
1246 4768 1
705 6872 1
705 7296 1
705 4704 1
705 7074 1
705 3849 1
5990 1051 1
5990 4872 1
5990 4687 1
5990 229 1
5990 738 1
2882 3415 1
2882 4714 1
2882 680 1
3797 5587 1
3797 877 1
5626 6292 1
6321 7283 1
6321 5442 1
6321 7022 1
2624 5752 1
2624 4495 1
2973 2686 1
2973 5301 1
2973 5834 1
2973 1575 1
6114 1103 1
3969 2632 1
3969 3089 1
3969 3219 1
3969 7164 1
3969 1870 1
3969 3322 1
3969 2204 1
3969 2828 1
3969 802 1
3969 5962 1
3969 2771 1
3969 3490 1
3969 4958 1
3969 5629 1
3969 6209 1
7001 4938 1
6827 3991 1
5346 2339 1
5112 2324 1
5112 6965 1
5112 7118 1
7359 3552 1
7359 2536 1
921 6450 1
921 3006 1
921 4231 1
921 4650 1
921 701 1
921 6309 1
4441 5596 1
2184 4381 1
2184 4690 1
2184 1954 1
2184 3194 1
2184 7284 1
2184 3879 1
2184 4221 1
2184 3318 1
2184 2302 1
2184 6453 1
2184 5128 1
5402 4094 1
5402 4309 1
5402 66 1
239 1354 1
1591 805 1
5422 2087 1
5422 6025 1
5422 7157 1
5422 1907 1
5422 325 1
5422 6009 1
5422 4631 1
5422 4578 1
5422 7024 1
5422 1338 1
5422 7273 1
5422 4650 1
5422 6324 1
5422 7091 1
5422 5623 1
5422 4372 1
5422 3671 1
5422 1028 1
5422 223 1
5422 2717 1
5422 350 1
3605 3236 1
5341 7058 1
5341 2831 1
1938 2422 1
4778 645 1
4778 4334 1
4778 5680 1
2733 4681 1
2733 4046 1
2733 3451 1
3168 6120 1
3168 625 1
3168 3109 1
3168 2673 1
3168 4891 1
3168 3173 1
3168 126 1
3168 3389 1
3168 7267 1
3168 435 1
3168 5279 1
3168 6748 1
588 5249 1
2538 6741 1
4138 1198 1
4138 4772 1
4138 5496 1
110 989 1
52 5997 1
3900 2654 1
4534 4327 1
4890 4456 1
4890 874 1
4890 1031 1
4004 481 1
4004 4488 1
4004 6703 1
4004 4752 1
1294 140 1
7316 4781 1
2818 630 1
5429 4274 1
5714 2113 1
5714 2292 1
4833 4524 1
4833 1397 1
2438 6812 1
748 3532 1
2246 106 1
2246 3249 1
2246 2431 1
2246 4385 1
2246 6067 1
2246 4776 1
2246 5470 1
2246 5764 1
332 4161 1
4729 1999 1
4729 272 1
4729 6381 1
4729 119 1
4729 1238 1
4729 4499 1
4729 4084 1
4729 2792 1
4729 7112 1
4729 2525 1
4729 2074 1
4729 1424 1
1042 3844 1
6544 3582 1
470 416 1
1207 1043 1
2045 4165 1
1077 6126 1
3914 4635 1
3071 968 1
382 98 1
6723 1667 1
6723 5246 1
1396 6375 1
1396 2375 1
2417 6897 1
4392 1846 1
2468 2341 1
2468 1352 1
2468 4637 1
3373 628 1
3373 6076 1
3373 3557 1
3373 1868 1
3373 6036 1
269 598 1
4664 1517 1
4664 4940 1
6366 1813 1
5846 5252 1
5846 3507 1
5846 3549 1
5846 3030 1
5846 7204 1
5741 6330 1
5741 6100 1
4898 222 1
5297 2938 1
5297 3604 1
5297 2743 1
5297 6588 1
5297 2805 1
5297 2785 1
236 6266 1
236 3775 1
236 420 1
6430 1596 1
6430 4110 1
4801 2268 1
4801 3759 1
1442 772 1
6908 2728 1
6908 244 1
2173 1766 1
2064 1814 1
2064 3544 1
2064 4386 1
2064 3239 1
2064 2637 1
2064 1121 1
2064 2958 1
2064 3143 1
2064 6612 1
2064 2329 1
2064 1692 1
2064 4464 1
2064 6373 1
4014 7308 1
4014 4661 1
4014 1122 1
3717 7136 1
6068 3294 1
6068 5040 1
6068 3015 1
1429 5659 1
6687 5384 1
2011 3595 1
2011 6122 1
2011 5681 1
4645 4079 1
5013 2484 1
3808 5113 1
2758 4803 1
2758 1024 1
2758 4882 1
2758 6979 1
4804 1175 1
3540 4824 1
4815 6167 1
1939 2998 1
1067 6233 1
1067 5397 1
1067 6677 1
1067 2402 1
1067 5028 1
1067 6626 1
6726 2656 1
6726 4876 1
6726 5141 1
6726 5347 1
6726 6887 1
6726 3808 1
362 4886 1
362 3009 1
362 4363 1
4428 2866 1
1941 4068 1
1941 5185 1
1941 3212 1
1941 3211 1
5760 4608 1
1733 6412 1
1733 951 1
1733 4228 1
1733 6132 1
833 579 1
833 5235 1
833 6426 1
833 5990 1
5481 7156 1
5790 3688 1
5790 1047 1
6170 5978 1
6359 5536 1
1724 5350 1
1724 5755 1
5983 4109 1
5888 1151 1
5888 2517 1
5888 4002 1
5888 6874 1
4569 4629 1
4569 6595 1
7031 1977 1
6436 7150 1
6436 4538 1
6436 2117 1
6436 147 1
6436 5374 1
6436 233 1
6973 5009 1
929 3525 1
4866 6845 1
4866 5802 1
4866 2024 1
4866 5169 1
6833 2258 1
2120 5194 1
2120 5561 1
2809 6930 1
2809 220 1
2809 3476 1
2809 3052 1
2809 2128 1
2809 373 1
2809 7290 1
1018 5240 1
2674 4039 1
2674 1310 1
835 4694 1
6015 903 1
6015 4648 1
6015 2590 1
6015 3355 1
6015 4416 1
6015 4498 1
6015 1827 1
6015 1211 1
6015 3960 1
6015 4889 1
6015 2293 1
1357 4003 1
1357 4581 1
1357 5223 1
6878 1044 1
6878 5585 1
6878 3197 1
6878 3725 1
6878 5022 1
6878 7319 1
6878 3586 1
6878 4146 1
6878 6397 1
6878 5873 1
6878 3114 1
1527 476 1
1527 3491 1
1527 5704 1
7110 3898 1
6992 6259 1
6992 753 1
6992 1713 1
6992 6452 1
6992 2681 1
6992 6184 1
6992 6489 1
6992 1191 1
6992 3911 1
6992 2386 1
6992 1468 1
6992 1174 1
6992 6995 1
6992 4924 1
6992 1136 1
6992 204 1
6992 4097 1
6992 2283 1
6992 1226 1
6992 2121 1
5955 6662 1
5955 2997 1
5955 4705 1
5656 158 1
2897 5012 1
5887 4525 1
5887 3469 1
1194 6479 1
1194 4284 1
1194 6284 1
1194 2623 1
1194 4833 1
6295 4539 1
210 6305 1
507 2003 1
6568 6889 1
4519 3095 1
741 3889 1
741 5274 1
741 6006 1
3991 589 1
3991 2751 1
3991 1695 1
3991 2551 1
3991 1792 1
3991 3353 1
3991 3739 1
5015 4461 1
5015 508 1
2891 1406 1
5508 3744 1
1979 5450 1
6572 5386 1
6572 6678 1
6572 309 1
6572 7120 1
6572 4024 1
6572 4261 1
6572 5488 1
6572 380 1
6572 2896 1
6572 2588 1
6572 5998 1
6325 3402 1
5331 3224 1
6074 6924 1
6074 5116 1
6074 464 1
6074 6443 1
6074 3876 1
6074 6507 1
6074 1182 1
4259 3243 1
4259 4971 1
4259 2995 1
6129 4374 1
4855 2653 1
4855 21 1
4855 99 1
4855 473 1
4855 2090 1
4855 5719 1
645 5362 1
645 5658 1
645 3317 1
1433 3222 1
6206 2365 1
5609 6171 1
5609 1683 1
4830 3001 1
4830 5272 1
6946 474 1
6946 5815 1
6946 6118 1
7241 5857 1
7241 2884 1
7241 5066 1
2852 2934 1
2852 2547 1
2852 3118 1
2852 3771 1
2852 5518 1
2852 1862 1
2852 3207 1
2852 3026 1
2852 955 1
2852 2219 1
2852 4506 1
2852 3535 1
2852 6388 1
2852 7142 1
5628 1718 1
4665 206 1
1198 6406 1
4036 24 1
6615 7198 1
6615 4871 1
6615 6179 1
6615 4289 1
7069 2205 1
7069 4073 1
7069 159 1
7069 2732 1
6966 1361 1
6966 1540 1
6966 3134 1
6966 5927 1
6966 1915 1
6966 1201 1
4824 4022 1
4824 6735 1
5925 1000 1
5925 6541 1
5925 1997 1
7253 1474 1
7253 2859 1
7253 1110 1
7253 3881 1
7253 4575 1
7253 818 1
7253 4362 1
7253 3573 1
7253 2463 1
7253 2073 1
7253 5644 1
7253 6145 1
7253 4016 1
7253 6949 1
7253 1222 1
7253 107 1
6474 6633 1
6474 4382 1
6474 1299 1
6474 2176 1
6474 3715 1
6474 1803 1
505 6201 1
505 1543 1
505 6661 1
811 6523 1
3813 193 1
3813 1548 1
1301 2672 1
1301 6416 1
5521 1479 1
5521 5418 1
6548 5483 1
6548 301 1
6548 310 1
6548 4732 1
6548 2827 1
6548 644 1
6548 3614 1
430 5124 1
430 3070 1
430 3852 1
430 3028 1
430 6602 1
430 2861 1
430 7084 1
430 5036 1
1478 5691 1
3332 1501 1
3332 4453 1
2429 5426 1
5108 5111 1
5108 894 1
5108 2889 1
5108 4082 1
5108 5282 1
4797 1213 1
4797 5904 1
4543 5810 1
6600 4630 1
5365 1533 1
5365 4409 1
758 3481 1
4886 6528 1
4121 4727 1
4121 5203 1
4121 234 1
4121 1019 1
762 756 1
762 4802 1
7099 393 1
5539 4345 1
7131 3929 1
7131 1277 1
7131 542 1
7131 2271 1
7131 5298 1
7042 3483 1
3266 5634 1
3266 5757 1
3266 3254 1
3266 2442 1
3266 4680 1
3266 1983 1
3266 3398 1
3266 6873 1
3266 5486 1
3266 5563 1
3266 3961 1
3266 5138 1
3266 2930 1
3266 5292 1
5929 4411 1
4848 4745 1
4848 2745 1
4848 2782 1
4682 3251 1
3543 3995 1
3048 3777 1
1225 2806 1
1225 5512 1
1225 3139 1
1225 1589 1
1225 4784 1
1225 688 1
1225 5709 1
4298 5936 1
4298 4134 1
5315 6851 1
5315 1075 1
5315 6374 1
5315 1154 1
5315 6190 1
5315 4675 1
5315 1332 1
2464 1532 1
2464 2615 1
1143 2545 1
1143 2618 1
1796 4214 1
3726 6560 1
3726 2177 1
3726 4756 1
3726 1581 1
4611 5723 1
4611 3467 1
4611 6502 1
4611 5749 1
4611 3633 1
4611 2993 1
4611 6653 1
4611 1233 1
4611 6877 1
4611 411 1
4611 2606 1
820 1944 1
2130 278 1
6293 3848 1
4669 1317 1
4101 5861 1
4067 7171 1
6928 5080 1
6928 6998 1
6928 657 1
3009 4999 1
1191 756 1
2451 3705 1
5476 2275 1
5476 4875 1
5476 6281 1
976 5820 1
3117 5375 1
3825 194 1
92 6604 1
1060 1571 1
1060 3448 1
1060 7348 1
1060 7297 1
1060 6271 1
1060 4571 1
1060 6034 1
6002 4671 1
6002 7225 1
2109 2102 1
2109 40 1
2109 159 1
4693 3456 1
4693 4389 1
4693 5747 1
4693 5880 1
4969 201 1
613 6717 1
613 1611 1
613 2106 1
613 5816 1
613 3601 1
613 6408 1
613 2346 1
613 5522 1
613 5057 1
2830 406 1
5235 254 1
5235 6927 1
5235 4502 1
4743 2820 1
6428 913 1
1957 4640 1
1957 3161 1
3120 2471 1
4695 5398 1
6964 39 1
6964 2513 1
5776 6112 1
3762 5319 1
1108 5000 1
1108 528 1
1475 5949 1
6900 1234 1
2589 260 1
88 7153 1
88 2316 1
88 5150 1
88 352 1
88 5969 1
88 1697 1
88 4285 1
88 6911 1
88 6969 1
88 493 1
88 1956 1
2493 1649 1
2493 4206 1
2029 5533 1
2029 4145 1
5146 6354 1
119 2200 1
6818 787 1
387 1084 1
387 173 1
387 2482 1
5312 611 1
5312 6893 1
5312 666 1
4760 2322 1
4760 4809 1
4760 2189 1
1974 4492 1
1974 5306 1
1456 922 1
1456 6207 1
2562 5650 1
1699 3066 1
1699 6411 1
1699 1921 1
1699 5328 1
854 694 1
854 872 1
854 6991 1
854 5382 1
5493 6842 1
3939 5170 1
3939 2612 1
3939 7300 1
6981 5848 1
6981 6856 1
7213 1995 1
7213 5114 1
7213 6733 1
1238 707 1
1238 7158 1
1238 7235 1
1518 47 1
1518 2202 1
1518 3426 1
1518 3076 1
1518 1284 1
6342 156 1
6342 4442 1
6920 4482 1
6617 2698 1
5498 6879 1
6277 4286 1
6277 6736 1
5188 1469 1
5188 2873 1
7315 4258 1
7196 718 1
3693 3279 1
3693 1524 1
3693 504 1
7003 1642 1
7003 1604 1
7003 5255 1
7003 46 1
5361 263 1
5361 692 1
5361 5308 1
5361 5552 1
5361 1592 1
5361 7155 1
5361 514 1
5361 3673 1
5361 3682 1
5361 1484 1
5361 1263 1
262 5934 1
262 2658 1
262 5076 1
262 483 1
262 2627 1
1667 486 1
1667 6564 1
1667 4654 1
1667 1953 1
1667 3267 1
1667 914 1
1667 448 1
2919 2403 1
471 455 1
471 936 1
471 5807 1
1414 5270 1
1414 3772 1
2768 7043 1
2768 2865 1
2768 7128 1
5868 1492 1
543 3407 1
543 7302 1
5792 337 1
5792 4995 1
181 6137 1
181 7208 1
181 4856 1
181 7174 1
626 5837 1
626 710 1
243 5768 1
243 1794 1
243 7008 1
4499 2256 1
6734 4104 1
6734 5669 1
5995 6857 1
7294 440 1
7294 4557 1
7294 2480 1
7294 4654 1
7294 6082 1
7294 5213 1
5737 1556 1
6398 5447 1
6398 6257 1
7353 1545 1
7353 2111 1
7353 6985 1
4776 2548 1
4879 5120 1
6805 5697 1
6651 5724 1
6240 4179 1
3827 438 1
4429 7166 1
4429 6497 1
4429 1405 1
4429 3364 1
4429 5513 1
4429 1054 1
4429 2118 1
2042 3872 1
2042 6304 1
2042 5451 1
2042 5661 1
2042 4204 1
2042 3528 1
2042 6905 1
2042 2795 1
2042 1560 1
1795 1901 1
1795 3620 1
2700 7057 1
2790 4622 1
2079 6072 1
2079 6143 1
6105 592 1
4876 5689 1
1435 3380 1
1435 6454 1
1435 977 1
1435 7325 1
4494 7013 1
4494 713 1
4494 7217 1
4494 6697 1
3938 5357 1
3938 3041 1
3938 5899 1
1605 3568 1
1605 4832 1
1605 2601 1
1605 6333 1
6029 4672 1
5354 2817 1
5354 6666 1
5354 1691 1
5354 2791 1
5354 807 1
5354 370 1
5354 3395 1
5354 1880 1
5354 2131 1
5354 3576 1
6783 717 1
7187 4863 1
7187 857 1
7187 6234 1
7187 33 1
7187 4962 1
7187 1923 1
4904 930 1
6100 2682 1
5408 3172 1
5408 1655 1
496 4235 1
4779 5445 1
5289 4087 1
5289 5583 1
5289 1308 1
5289 2969 1
5289 4877 1
5289 6477 1
1678 335 1
1678 4481 1
1678 2028 1
7159 979 1
6254 7160 1
6254 4647 1
6254 3159 1
6254 6044 1
3220 4658 1
3220 5192 1
3220 5473 1
3220 3613 1
3220 3096 1
6935 2426 1
6935 1726 1
6935 4947 1
6935 4253 1
6935 1376 1
6935 3404 1
5717 3948 1
5588 2723 1
1328 2695 1
1328 4582 1
1328 5286 1
1328 6632 1
1328 2241 1
1328 1897 1
2400 1107 1
1818 285 1
3550 809 1
6328 2841 1
6328 6990 1
6328 1561 1
6328 1820 1
7308 3436 1
7308 697 1
7308 2313 1
7308 4846 1
7231 2388 1
7231 4483 1
6248 1384 1
6248 252 1
1916 6676 1
1013 7223 1
4192 2252 1
4192 4810 1
4192 5909 1
4192 5324 1
4192 1270 1
4192 4400 1
4192 4765 1
4192 2222 1
1692 3943 1
4511 3871 1
1179 3410 1
852 1789 1
5178 3792 1
5178 480 1
5042 1707 1
5042 121 1
4039 7209 1
4039 1804 1
4039 1523 1
4039 5093 1
7108 3090 1
7108 1425 1
7108 1177 1
1136 937 1
3105 3101 1
1351 5343 1
7029 1859 1
3390 5920 1
4620 775 1
6379 2461 1
1315 2842 1
4015 788 1
1615 2340 1
3250 3441 1
3250 5198 1
3250 6476 1
3250 6621 1
3250 4601 1
3250 5711 1
3250 6244 1
3250 4789 1
3250 3590 1
2477 5675 1
2477 830 1
2477 631 1
5527 1096 1
6657 6977 1
6657 5024 1
2942 3558 1
2942 4242 1
6048 211 1
6997 3439 1
1389 1625 1
522 3519 1
562 7186 1
6422 3323 1
2663 2794 1
2663 1967 1
2663 4183 1
2075 5278 1
2075 5078 1
4051 1779 1
4051 4606 1
4343 2508 1
4343 5211 1
4343 1273 1
3936 2124 1
3936 3731 1
3936 2949 1
3936 4757 1
3936 5465 1
3936 3460 1
4301 1869 1
7091 2381 1
7091 3165 1
7091 5086 1
7091 4287 1
7091 6471 1
7091 1945 1
7091 3342 1
7091 6781 1
7091 6073 1
7091 1455 1
2408 4319 1
5623 1742 1
5623 1714 1
7088 5782 1
7088 3509 1
2525 1125 1
5458 6247 1
2414 4900 1
2414 2602 1
4621 1829 1
4621 2331 1
1551 5543 1
4195 1189 1
4195 4926 1
1720 5079 1
1720 1255 1
1720 736 1
1720 1266 1
3882 1056 1
3882 3252 1
3882 1856 1
3882 7206 1
3882 2155 1
3882 1170 1
3882 969 1
3882 3480 1
5229 4864 1
5229 5466 1
6178 3027 1
6178 4899 1
915 2142 1
915 776 1
3581 6031 1
3581 7165 1
3581 5050 1
3581 3950 1
3581 6351 1
6494 6844 1
845 1746 1
845 4931 1
6916 1526 1
6916 576 1
6916 2965 1
6916 5883 1
6916 3857 1
4210 3251 1
1965 5398 1
685 1392 1
685 3468 1
5279 7167 1
7000 7265 1
1453 552 1
1453 1057 1
1453 3136 1
1453 2554 1
1453 3751 1
1453 950 1
1805 5262 1
1805 1641 1
1805 5867 1
1805 3728 1
1805 6146 1
1805 5831 1
1805 6230 1
1805 5030 1
1805 37 1
1805 4850 1
1805 3997 1
5604 905 1
660 1869 1
660 3440 1
660 5692 1
660 195 1
660 13 1
660 3518 1
7064 3111 1
5281 351 1
5281 2474 1
5281 6361 1
5281 2072 1
5281 5284 1
5281 3778 1
3607 5477 1
3607 10 1
2901 2338 1
3330 2257 1
5506 3657 1
5506 3572 1
5506 4162 1
5506 1696 1
4007 4699 1
2803 4556 1
5970 4433 1
5970 5555 1
2848 800 1
2848 551 1
2848 6549 1
2848 5517 1
6853 5400 1
1751 3830 1
1751 3862 1
1751 5162 1
3314 3591 1
3314 687 1
3314 7331 1
3314 5947 1
3314 4216 1
3314 4157 1
2165 4236 1
1951 6318 1
3635 2486 1
5819 4510 1
1295 4998 1
4181 1600 1
6172 4971 1
642 4008 1
642 5535 1
642 4701 1
7145 6822 1
7145 1698 1
7145 4290 1
2973 7218 1
5346 7183 1
5346 851 1
5346 6892 1
5346 1554 1
5346 4320 1
5346 3529 1
5346 3383 1
5346 180 1
5346 1128 1
5346 4271 1
5346 4407 1
5346 4818 1
4741 5601 1
4741 3895 1
2184 2598 1
5422 6472 1
5422 1833 1
5422 1732 1
5422 942 1
3168 1590 1
3168 1858 1
3168 5041 1
4138 5614 1
617 7038 1
4890 1689 1
6967 3946 1
4833 4379 1
3195 2091 1
3195 2409 1
2438 1282 1
2438 6788 1
2438 2651 1
2438 1597 1
2438 974 1
2438 6778 1
1398 3637 1
1398 6810 1
3373 5772 1
3373 4391 1
5846 2810 1
2064 2156 1
4014 1710 1
4014 1668 1
4014 4292 1
2011 5307 1
1941 3836 1
1733 3530 1
4866 6013 1
4866 3953 1
2120 986 1
2809 7070 1
2809 31 1
6015 6469 1
6015 844 1
6015 643 1
6015 6273 1
1357 515 1
1357 450 1
6878 4257 1
6878 3343 1
6992 2344 1
6992 2966 1
6992 2999 1
6992 1748 1
7078 5401 1
7078 923 1
4322 1539 1
3991 5984 1
3991 635 1
3991 3622 1
6572 558 1
6572 3028 1
6572 6392 1
6572 3133 1
6572 5624 1
6572 5550 1
6572 4034 1
7320 7226 1
3729 1456 1
6470 434 1
7098 5759 1
2730 1733 1
7017 1313 1
5360 2355 1
3305 1751 1
5619 4547 1
1586 3788 1
6707 4457 1
2719 144 1
554 2014 1
6637 6813 1
7138 3864 1
1598 4405 1
4991 6530 1
2781 2862 1
2781 3080 1
873 4855 1
873 4830 1
873 1143 1
873 7258 1
873 6039 1
873 3069 1
873 1115 1
6487 6657 1
5879 2756 1
4130 1510 1
2899 6765 1
4952 3570 1
5863 2179 1
910 3390 1
1786 3048 1
1786 5385 1
1786 6762 1
1786 3424 1
590 6946 1
6975 5792 1
1595 5514 1
5033 6966 1
5033 658 1
6083 698 1
5051 16 1
129 5176 1
1815 5146 1
3193 4176 1
6629 3321 1
4597 2438 1
6508 4072 1
2208 5642 1
1119 2678 1
1119 1179 1
3651 5356 1
3651 1643 1
5932 3726 1
5932 4568 1
5932 4620 1
5932 4210 1
5932 324 1
2694 5804 1
2648 1777 1
5376 3947 1
1386 3541 1
1011 76 1
1449 4007 1
6245 141 1
1321 2921 1
5499 2109 1
5499 5744 1
5499 68 1
6224 2359 1
6500 5912 1
6500 6379 1
6500 3273 1
6500 7123 1
1873 758 1
4634 6799 1
501 6964 1
501 1688 1
7028 4742 1
2722 1306 1
4070 6548 1
3856 852 1
3112 2163 1
3112 36 1
3112 797 1
3112 6992 1
4352 6032 1
4352 4945 1
319 4454 1
5391 5455 1
616 3488 1
616 3151 1
4226 3579 1
964 5042 1
2224 6747 1
2224 891 1
5370 1389 1
2689 4165 1
2912 5082 1
790 2855 1
6860 412 1
4740 2042 1
7190 3747 1
6708 5315 1
6708 6900 1
6708 3936 1
6708 148 1
3447 7045 1
5944 5275 1
5288 5776 1
5288 3474 1
2721 6367 1
5011 3302 1
3592 1070 1
1287 3524 1
1085 3037 1
5594 6989 1
122 4061 1
3875 4563 1
5677 1122 1
1131 5174 1
2710 2370 1
2710 3331 1
939 2675 1
1026 6166 1
4627 2711 1
817 6384 1
4218 3280 1
4916 7294 1
4209 5002 1
1535 5379 1
1819 3237 1
4202 5547 1
4609 5850 1
5372 2852 1
5372 2064 1
3915 1335 1
1793 5929 1
5461 2663 1
6950 3072 1
1757 5695 1
3049 5408 1
973 2919 1
3555 4743 1
6808 2953 1
6808 1916 1
7103 1334 1
3458 262 1
2597 3878 1
1904 2765 1
6425 3835 1
183 959 1
5841 160 1
6943 5325 1
6943 4695 1
6943 3055 1
4618 941 1
6580 4602 1
1851 5727 1
2385 4101 1
2833 3314 1
4414 4779 1
1773 3354 1
1773 1183 1
80 327 1
80 1898 1
170 6173 1
2616 5881 1
7052 3672 1
97 2451 1
1494 4969 1
1494 3370 1
1494 6714 1
1842 7121 1
3870 1802 1
4521 675 1
4042 6554 1
1156 5889 1
1728 5046 1
6012 305 1
6291 1796 1
1871 5688 1
6643 3750 1
2527 5129 1
2527 4747 1
6635 4304 1
1709 2276 1
4307 5380 1
3255 104 1
63 5195 1
2197 3868 1
2089 3421 1
5638 6435 1
5127 407 1
5127 4741 1
1322 6878 1
5158 5615 1
2082 4028 1
3032 811 1
3032 2563 1
3783 6646 1
7247 1976 1
7247 510 1
3517 3693 1
511 2942 1
4559 1315 1
3624 6647 1
1737 5392 1
179 398 1
338 6175 1
654 2247 1
650 5791 1
5096 2294 1
1489 1483 1
6124 6325 1
163 3809 1
84 1060 1
315 1559 1
4976 4787 1
4908 6474 1
4908 1305 1
4908 1134 1
4908 626 1
4908 1295 1
6434 7124 1
5748 976 1
7129 3768 1
5077 1602 1
3640 6428 1
4960 1390 1
256 2628 1
637 893 1
1960 3414 1
1094 2878 1
3675 6521 1
1150 4565 1
7322 5989 1
5262 1475 1
3393 6805 1
330 7201 1
3834 7148 1
3834 5641 1
5558 6772 1
2779 5081 1
6176 6172 1
2970 5539 1
6601 1391 1
2904 3723 1
2836 879 1
2476 1108 1
2476 5209 1
2476 2342 1
2476 6062 1
2476 6843 1
2592 4225 1
1528 6931 1
6672 4797 1
5510 3654 1
1734 2940 1
2604 114 1
5413 7344 1
4265 6206 1
4265 5846 1
136 3344 1
6008 6952 1
5930 3806 1
6177 4682 1
5388 685 1
2147 353 1
6334 7087 1
5069 3635 1
3909 1378 1
2061 854 1
105 4516 1
6229 3225 1
6437 4708 1
5267 2481 1
742 4147 1
4975 4914 1
32 7307 1
5635 4771 1
676 1190 1
145 2433 1
5218 5346 1
3413 1887 1
2967 3940 1
428 2870 1
6668 7315 1
6394 4192 1
1893 823 1
102 2752 1
6573 2120 1
2748 4715 1
2748 43 1
7073 2660 1
6156 5476 1
1339 672 1
6730 2581 1
1673 5229 1
286 7231 1
5683 7330 1
4652 7036 1
2819 6432 1
7116 240 1
4139 5826 1
2135 1647 1
4994 66 1
4590 73 1
7009 1142 1
4272 1139 1
992 3918 1
5020 6056 1
2696 5712 1
6562 5712 1
2975 2681 1
7281 1259 1
607 2790 1
3689 3375 1
3737 1973 1
6355 1098 1
6197 424 1
6658 3749 1
6371 4050 1
5862 1716 1
6784 3388 1
5958 5027 1
4512 7270 1
1514 6518 1
2994 777 1
4750 7196 1
3240 1736 1
1758 2157 1
5519 3551 1
2537 3550 1
2390 5762 1
2390 4552 1
2524 1805 1
7256 3142 1
2100 5331 1
3542 1791 1
827 3498 1
6953 7342 1
3865 1529 1
3802 2326 1
374 1281 1
2777 1684 1
1379 6293 1
3676 2644 1
60 1166 1
2420 4441 1
3646 2378 1
5452 6506 1
6135 1225 1
5295 806 1
6904 1199 1
2274 6029 1
6578 6187 1
1081 7317 1
1629 133 1
4823 3599 1
5216 577 1
5363 1314 1
6976 3523 1
7350 5187 1
7200 4384 1
258 3526 1
6898 820 1
6987 404 1
3977 3869 1
2010 720 1
1841 4712 1
2908 5864 1
6579 3381 1
1300 2047 1
565 2453 1
6876 4069 1
3277 6960 1
5895 2877 1
5590 6619 1
2540 1747 1
1612 6396 1
1612 6928 1
3319 7224 1
2203 6125 1
1029 5312 1
3406 1648 1
3820 1328 1
1210 6695 1
1250 2576 1
4813 6046 1
1546 2541 1
6791 1172 1
3708 2838 1
127 4368 1
4934 5245 1
6117 1235 1
4021 7253 1
6243 1644 1
5352 5354 1
2515 347 1
3874 2599 1
1738 3860 1
991 3660 1
217 2079 1
1086 2464 1
2568 342 1
5982 1030 1
3616 1857 1
4831 1198 1
4831 6833 1
3643 6583 1
803 3691 1
5903 1491 1
2709 5440 1
177 7255 1
3260 845 1
6659 2881 1
1658 2048 1
2583 2773 1
1073 6773 1
6301 3304 1
4312 7353 1
399 1418 1
1331 1462 1
2371 6287 1
1362 3703 1
1601 2875 1
4486 560 1
1508 3264 1
4222 529 1
1645 1970 1
154 5154 1
2017 1071 1
3763 7108 1
6288 219 1
3235 7303 1
5686 5405 1
429 243 1
276 1627 1
2832 815 1
123 1731 1
3774 331 1
69 7060 1
250 2744 1
445 2725 1
3791 3230 1
4330 2184 1
2430 1551 1
6814 5434 1
517 1037 1
209 4232 1
6102 1261 1
7182 1795 1
1387 3803 1
2954 4820 1
4439 148 1
5660 3189 1
2880 6422 1
5988 4098 1
878 5609 1
5265 6745 1
7262 6895 1
3098 2981 1
3064 3195 1
4646 2125 1
6164 2957 1
6353 7232 1
4413 6712 1
5340 2611 1
1363 2646 1
1759 5365 1
4567 673 1
1227 960 1
5224 6116 1
2308 6258 1
1719 4956 1
3256 2280 1
3907 5866 1
5530 5125 1
2702 4706 1
91 2384 1
6504 7050 1
1039 7314 1
3628 2768 1
3861 5231 1
4599 2347 1
7096 2808 1
813 3396 1
6070 3827 1
1816 1558 1
1911 3000 1
2123 6463 1
2943 2265 1
5106 4989 1
2170 525 1
6694 6276 1
4670 3337 1
988 5243 1
6294 6567 1
7263 5557 1
4294 4170 1
1046 642 1
2449 6037 1
7362 5992 1
5487 3760 1
5965 4543 1
4171 4174 1
995 2295 1
5280 3271 1
4895 2218 1
2946 5276 1
2561 5798 1
1296 4429 1
1568 6074 1
5811 2455 1
1706 5422 1
5326 906 1
1438 6254 1
1371 4314 1
2887 1372 1
5489 6327 1
1578 6040 1
4711 6575 1
6478 506 1
2701 3056 1
1052 4012 1
745 6419 1
2057 1012 1
5538 7134 1
6389 497 1
3231 2830 1
759 3583 1
1739 2362 1
5809 6963 1
4514 5639 1
7288 3359 1
7083 4010 1
287 938 1
1845 5259 1
1530 3564 1
