49 85 1
49 113 1
100 109 1
100 135 1
100 4 1
100 42 1
100 134 1
38 24 1
76 122 1
65 118 1
104 9 1
88 90 1
131 32 1
131 58 1
98 102 1
62 55 1
139 79 1
30 126 1
95 67 1
95 108 1
35 56 1
112 10 1
80 75 1
96 74 1
119 116 1
119 66 1
119 47 1
119 77 1
119 17 1
119 27 1
84 99 1
101 82 1
101 40 1
101 81 1
144 12 1
93 71 1
137 54 1
137 22 1
137 140 1
145 26 1
1 45 1
146 34 1
72 141 1
132 43 1
53 68 1
44 6 1
138 117 1
138 119 1
69 48 1
63 41 1
23 29 1
73 2 1
36 94 1
19 107 1
60 78 1
125 147 1
87 50 1
114 20 1
46 25 1
5 86 1
7 16 1
119 11 1
137 111 1
137 143 1
57 59 1
39 91 1
64 92 1
115 129 1
33 102 1
3 100 1
136 70 1
142 18 1
142 28 1
31 137 1
110 130 1
124 49 1
97 37 1
21 128 1
15 106 1
52 83 1
133 89 1
51 123 1
103 28 1
105 8 1
120 121 1
127 14 1
13 61 1
