3459 1444 1
3459 114 1
3459 3138 1
3459 1593 1
3459 2117 1
3459 2156 1
3459 2796 1
3459 1165 1
3459 757 1
3459 1796 1
3459 1948 1
3459 4079 1
3459 59 1
3459 4285 1
3459 3514 1
3459 1353 1
3459 1464 1
3459 805 1
3459 834 1
3459 1950 1
3459 1202 1
3459 1765 1
3459 1702 1
3459 1960 1
3459 1592 1
3459 2935 1
3459 2187 1
3459 751 1
3459 838 1
3459 562 1
3459 28 1
1968 30 1
1968 2854 1
1968 565 1
4084 3581 1
1000 3982 1
1000 3620 1
1000 3862 1
1000 3299 1
1000 4248 1
1000 112 1
1000 1641 1
1319 4313 1
1319 2947 1
1319 4262 1
1319 3763 1
1319 1154 1
1319 4140 1
3741 591 1
2238 3899 1
2958 3323 1
2958 2014 1
2958 2581 1
2958 747 1
1841 754 1
1841 1303 1
3443 3752 1
146 1358 1
3869 2716 1
189 782 1
189 3481 1
189 897 1
189 4517 1
3736 3132 1
4421 1519 1
1538 1319 1
1538 2981 1
1538 4534 1
1538 1703 1
1538 4215 1
1538 231 1
1538 3683 1
1538 2047 1
1538 2597 1
1538 2288 1
1538 3346 1
1538 3638 1
1538 3794 1
1538 352 1
1538 649 1
1538 3331 1
1538 2087 1
1538 2042 1
1538 2746 1
201 3405 1
1671 2653 1
2385 516 1
3537 149 1
3537 470 1
3537 2932 1
1996 2772 1
1934 1077 1
3910 1596 1
3910 610 1
3910 1761 1
3910 3911 1
3910 3540 1
3910 2448 1
3910 2759 1
2141 2246 1
1729 1485 1
1729 3427 1
3482 964 1
4498 4030 1
4498 4236 1
4498 3448 1
359 1730 1
4445 3654 1
788 477 1
2215 1395 1
2215 4107 1
2215 3589 1
2215 3311 1
3627 2283 1
3627 3739 1
3627 3046 1
3627 3034 1
3627 3789 1
2658 3435 1
4196 2188 1
3976 4122 1
3511 1125 1
3511 3884 1
3511 4193 1
3511 2673 1
3511 4134 1
3511 1211 1
3511 1866 1
3511 3330 1
3511 2955 1
3511 2815 1
3511 4426 1
3511 74 1
3511 4075 1
3511 3092 1
3511 810 1
3969 4334 1
3969 283 1
2627 3229 1
2627 2699 1
2876 4463 1
1026 3592 1
1026 343 1
1026 614 1
1026 1608 1
1026 4497 1
1026 340 1
4385 241 1
4385 2906 1
4385 4303 1
4385 2102 1
4385 1876 1
4385 389 1
4385 3439 1
4385 4510 1
4385 2057 1
4385 1541 1
4385 129 1
4385 974 1
4385 4041 1
4385 624 1
1238 4499 1
406 1737 1
406 3957 1
406 24 1
406 597 1
406 1957 1
406 2561 1
1889 2242 1
1889 1573 1
1889 2118 1
1059 3193 1
1059 4307 1
1059 1706 1
1059 1597 1
1059 2626 1
1059 4305 1
1059 534 1
1059 1880 1
1059 727 1
1059 1151 1
1059 2838 1
87 379 1
87 1344 1
4053 1261 1
4366 215 1
4366 3578 1
1121 1369 1
4108 4017 1
3950 729 1
3950 3704 1
3950 1178 1
3950 4038 1
3950 3388 1
3950 4136 1
3950 2368 1
3950 49 1
3950 2837 1
3950 307 1
3950 1877 1
3950 115 1
2255 4155 1
2255 2733 1
1082 95 1
1082 353 1
1082 3377 1
1082 1113 1
1082 1404 1
1082 1853 1
1082 1170 1
1082 1828 1
1082 1591 1
3181 1139 1
313 2589 1
313 1480 1
313 2588 1
313 2580 1
3107 1802 1
4316 1629 1
3738 2513 1
3738 917 1
2695 4485 1
3059 4462 1
4204 2333 1
4204 1198 1
4204 762 1
4204 1704 1
4204 2514 1
4204 490 1
4204 4123 1
4204 4000 1
4204 1757 1
4204 1976 1
4204 1060 1
4204 1655 1
4204 2016 1
2144 1754 1
1933 2012 1
1933 1836 1
1933 3974 1
1933 3886 1
1933 3925 1
1933 3721 1
1137 735 1
1137 3130 1
1137 3349 1
510 1368 1
510 4156 1
510 2169 1
510 2387 1
510 356 1
510 1661 1
510 3035 1
510 4220 1
510 2502 1
510 3602 1
510 2617 1
510 4010 1
510 723 1
510 1052 1
510 4289 1
510 4496 1
510 2240 1
510 221 1
510 3731 1
510 2820 1
510 2908 1
510 219 1
510 2919 1
652 835 1
2703 1778 1
703 3901 1
703 65 1
703 1735 1
703 1846 1
703 2214 1
1493 2393 1
353 3632 1
353 2163 1
353 3628 1
353 2091 1
353 1872 1
353 1275 1
353 3122 1
353 4118 1
353 3780 1
353 1977 1
353 1964 1
353 1297 1
353 827 1
353 401 1
353 531 1
353 1484 1
353 3253 1
1703 1889 1
1703 181 1
1703 2100 1
1703 2243 1
1703 3847 1
1703 494 1
1703 1887 1
1703 1091 1
1703 557 1
1703 3206 1
1703 1605 1
1703 4479 1
1703 1656 1
1703 2812 1
1703 4277 1
1703 1015 1
1703 3233 1
1703 2709 1
1703 3671 1
1703 1940 1
1703 511 1
1703 1441 1
1703 3131 1
1703 3404 1
1703 3406 1
1703 2289 1
1703 4501 1
1703 4542 1
1703 1149 1
1703 1016 1
1703 168 1
1703 1981 1
1703 533 1
3276 3128 1
3276 2447 1
3276 1329 1
3276 3057 1
3276 3036 1
3276 937 1
3276 446 1
3276 732 1
3276 4535 1
3276 188 1
3276 2005 1
3276 220 1
3276 2629 1
3276 1041 1
3276 1074 1
3276 3926 1
3651 2285 1
3651 3510 1
3651 3251 1
3651 2112 1
3651 2328 1
3651 986 1
88 208 1
1204 3625 1
1204 3726 1
1204 362 1
1204 3641 1
1204 3473 1
1204 3389 1
2754 3429 1
2076 724 1
3993 3605 1
3993 2572 1
3993 2480 1
3993 4281 1
2834 3839 1
2957 3246 1
2957 4500 1
2957 795 1
2957 2902 1
2957 2874 1
2957 4011 1
2957 692 1
447 87 1
1383 2813 1
3418 192 1
2674 894 1
2674 1520 1
2674 3565 1
1782 1783 1
4013 4192 1
4516 2638 1
2510 1769 1
2586 583 1
2586 1711 1
813 2134 1
813 2419 1
813 4273 1
813 2797 1
813 661 1
813 1448 1
813 1500 1
813 1177 1
813 1310 1
813 2058 1
813 4070 1
813 4419 1
813 1131 1
813 2582 1
813 2782 1
813 2846 1
813 1190 1
813 584 1
813 2472 1
693 1214 1
3117 3204 1
667 2765 1
667 242 1
667 1036 1
667 351 1
1848 1392 1
2504 4296 1
3914 1406 1
3914 4124 1
823 799 1
823 2204 1
3989 2807 1
3989 1291 1
3771 2957 1
3771 320 1
1292 3566 1
1292 3371 1
1292 150 1
1292 4386 1
1292 1179 1
1292 3751 1
1142 1152 1
3016 1553 1
3016 3590 1
1747 2624 1
804 1455 1
804 1144 1
804 1994 1
804 1220 1
804 2318 1
804 871 1
804 4247 1
804 2778 1
804 3781 1
804 2618 1
804 837 1
804 736 1
804 3604 1
804 3301 1
436 961 1
436 1787 1
2358 395 1
2487 1075 1
2487 3386 1
2487 1062 1
2487 2527 1
2487 2461 1
1744 2752 1
4317 2359 1
1596 2839 1
1596 4290 1
1596 3798 1
1596 2573 1
1596 2090 1
1596 2209 1
1596 4233 1
1596 2523 1
1596 2799 1
1596 1278 1
1596 828 1
853 469 1
2686 1428 1
2686 1830 1
2686 663 1
2686 2879 1
2686 1700 1
2686 1657 1
2686 676 1
2686 69 1
2590 344 1
2590 134 1
2590 2825 1
460 3619 1
2024 1601 1
4146 2145 1
2612 4373 1
2612 113 1
2612 1609 1
2612 17 1
2612 387 1
2612 82 1
2612 1587 1
2612 2398 1
4047 870 1
3745 2726 1
3745 3553 1
3745 1640 1
3745 1805 1
3745 3992 1
2339 2038 1
2521 3723 1
2521 2449 1
2521 812 1
1949 2959 1
753 1382 1
753 4478 1
753 2197 1
753 2630 1
753 3376 1
1320 1419 1
4167 2183 1
1256 2756 1
2104 2909 1
4162 203 1
4547 1503 1
4547 2362 1
4547 1792 1
4547 266 1
4547 1112 1
4547 916 1
4547 202 1
4547 3559 1
4547 2894 1
1305 3786 1
626 2207 1
561 3927 1
561 1479 1
561 2030 1
561 730 1
561 410 1
561 3080 1
561 689 1
561 1020 1
561 3916 1
561 403 1
561 1431 1
561 3846 1
561 3143 1
1111 1999 1
1458 464 1
1458 135 1
1458 1035 1
1458 3103 1
1458 224 1
1458 3369 1
1458 3381 1
1458 4150 1
1458 1408 1
1458 1710 1
1458 1192 1
1458 2987 1
1458 3030 1
1458 541 1
1458 3411 1
1458 1871 1
1458 2366 1
1458 4511 1
1458 1984 1
2194 3517 1
2194 1268 1
2194 173 1
944 2568 1
944 3606 1
940 1858 1
4172 2161 1
1176 933 1
2428 3792 1
2332 698 1
2332 1145 1
2332 1436 1
2332 3430 1
2332 820 1
2332 2961 1
2332 1387 1
2332 2396 1
2332 1958 1
2332 1244 1
2332 2651 1
2332 2205 1
2332 1475 1
2332 1731 1
2332 589 1
2332 665 1
2388 3117 1
2388 3469 1
2388 3335 1
2388 3312 1
2388 1440 1
2388 2178 1
2388 3998 1
725 2457 1
725 1542 1
725 2427 1
725 4160 1
725 4390 1
725 2934 1
725 2701 1
725 3029 1
3579 3569 1
3548 2241 1
3873 3443 1
3873 3365 1
3873 1215 1
3873 2096 1
1951 4477 1
1951 3380 1
2305 633 1
2050 3289 1
2050 1543 1
2050 2940 1
2050 358 1
2050 2199 1
2050 4321 1
2050 2771 1
2050 2164 1
2050 789 1
2050 1907 1
2050 4440 1
2050 3370 1
2050 618 1
2050 3980 1
2050 1859 1
2050 2354 1
2050 2746 1
2050 3410 1
627 4192 1
994 2157 1
994 4391 1
994 4470 1
3209 3727 1
1570 187 1
252 734 1
252 658 1
252 2663 1
252 442 1
252 4050 1
3860 3658 1
3860 2177 1
3860 3245 1
3860 2255 1
3860 2907 1
3860 3983 1
3860 2562 1
3860 4202 1
3860 436 1
3860 1904 1
3860 1758 1
3860 3670 1
3860 3254 1
3860 3188 1
3860 4229 1
3860 2375 1
3860 2604 1
3860 1725 1
3860 1813 1
3860 437 1
3860 3255 1
3860 2871 1
3860 4299 1
3860 4019 1
3860 1816 1
3860 1857 1
3860 1311 1
3860 1313 1
3860 797 1
3860 566 1
3860 4121 1
3860 3952 1
3860 2377 1
3860 3343 1
3860 978 1
3860 798 1
3860 339 1
3860 277 1
3860 1410 1
3860 1338 1
3860 1018 1
3860 1226 1
3860 586 1
3860 3795 1
3860 2753 1
3860 3394 1
3860 1068 1
3860 1400 1
3860 4414 1
3860 1742 1
3860 1646 1
3860 4451 1
3860 2154 1
3860 1287 1
3860 3710 1
3860 1980 1
3860 1186 1
3860 2861 1
3860 1881 1
1888 4379 1
2505 3603 1
1377 3167 1
1377 3006 1
1377 3690 1
1377 432 1
1377 3501 1
1377 3240 1
1377 1544 1
1377 125 1
1377 1721 1
1377 2849 1
1377 2661 1
1086 3164 1
1086 2048 1
3056 2060 1
4004 4355 1
4004 3031 1
4256 216 1
4256 4082 1
803 3483 1
2717 382 1
998 1191 1
877 3441 1
1794 1494 1
48 1968 1
4175 1626 1
1834 4092 1
2740 1928 1
3707 2524 1
161 1389 1
4177 2686 1
579 4389 1
579 2982 1
3851 1672 1
2708 2565 1
231 2951 1
231 2535 1
231 1353 1
231 4552 1
231 1345 1
231 2935 1
1307 1071 1
1106 4282 1
1106 4104 1
1106 2165 1
1106 2092 1
1106 2346 1
1106 4141 1
1106 3095 1
1106 3503 1
1106 2688 1
1106 27 1
1106 902 1
1019 635 1
4383 3971 1
4383 2445 1
2927 547 1
1864 3308 1
545 3929 1
4270 941 1
4537 2687 1
3505 3917 1
555 4099 1
555 2108 1
555 3543 1
555 3440 1
555 4551 1
2279 194 1
3688 2621 1
1560 2043 1
1560 3395 1
1560 3796 1
1139 1228 1
1139 128 1
1139 282 1
1139 2545 1
1139 716 1
2218 930 1
2760 634 1
1849 3806 1
1670 2948 1
2757 3986 1
967 391 1
2329 4315 1
1545 3496 1
407 3088 1
2534 2070 1
1842 4354 1
1842 3675 1
1842 3580 1
1842 3304 1
1842 2335 1
1842 2843 1
1842 335 1
4538 2943 1
4538 1627 1
4538 2619 1
4538 2899 1
4538 2925 1
4538 3221 1
4538 1900 1
4538 4308 1
4538 3361 1
325 3048 1
325 3516 1
325 284 1
325 4032 1
3749 2462 1
322 3166 1
2276 4325 1
2276 2345 1
3369 4150 1
3369 1408 1
3369 1710 1
3369 3411 1
3369 1871 1
3369 4511 1
1780 2963 1
1009 4046 1
2128 1654 1
2960 3493 1
795 3665 1
795 453 1
795 1024 1
795 2727 1
605 66 1
605 4525 1
605 3922 1
605 29 1
605 2675 1
605 3382 1
605 2376 1
3302 3061 1
1489 2337 1
1489 3649 1
1489 4339 1
1489 1354 1
1489 1127 1
1489 2450 1
2702 2392 1
2702 2031 1
3767 3719 1
2059 945 1
2059 1453 1
3663 209 1
1716 921 1
2741 3642 1
1528 4545 1
1528 2966 1
1528 3587 1
1528 2912 1
1528 1812 1
1528 3190 1
1528 3116 1
1528 1810 1
1528 267 1
1528 3863 1
1528 4527 1
3380 3588 1
3380 3215 1
3380 3563 1
212 1539 1
303 3219 1
303 2713 1
303 801 1
303 2129 1
303 1823 1
303 3396 1
303 325 1
303 4541 1
303 1583 1
303 3432 1
303 3945 1
303 3623 1
303 133 1
303 3358 1
303 3009 1
303 435 1
303 2127 1
303 2560 1
303 3724 1
303 2094 1
303 722 1
303 3344 1
3600 1571 1
3600 4318 1
3600 2402 1
4151 1630 1
4151 3373 1
4151 3594 1
4151 3574 1
4151 2754 1
4151 4237 1
4151 501 1
4151 457 1
4151 8 1
4151 4087 1
4151 2956 1
4151 3244 1
4151 3277 1
4151 2143 1
4151 3754 1
4151 4154 1
4151 1790 1
3820 2238 1
3820 4498 1
3820 2033 1
3820 3242 1
3820 40 1
3820 1445 1
3820 4007 1
420 338 1
4148 2936 1
4148 2809 1
4148 4396 1
4148 4469 1
4148 1580 1
4148 2622 1
4148 73 1
4148 3639 1
4148 2578 1
4148 4098 1
4148 3456 1
4148 2862 1
4148 771 1
4148 3185 1
3988 3436 1
1498 2485 1
1498 2020 1
1498 2844 1
1498 4076 1
1498 1393 1
1498 2768 1
1498 1217 1
1498 1184 1
1498 3026 1
1498 3123 1
1498 2646 1
1498 2669 1
3337 3532 1
3337 1317 1
2130 3133 1
3348 1658 1
3348 116 1
3348 2657 1
2325 697 1
741 1414 1
843 3808 1
4541 3699 1
3838 388 1
3838 1356 1
3838 4067 1
3838 3979 1
3838 2917 1
3838 1628 1
63 4382 1
654 1054 1
1421 1865 1
1421 3465 1
1421 2719 1
1401 4044 1
1401 4286 1
1193 2065 1
1193 1579 1
1162 703 1
1148 2451 1
3353 2944 1
3353 443 1
1733 1665 1
3457 901 1
144 809 1
1465 678 1
1465 1153 1
1465 3455 1
1465 1879 1
185 1243 1
185 733 1
185 1923 1
185 3922 1
185 1820 1
185 2380 1
185 3861 1
32 1359 1
32 4100 1
4163 4344 1
3655 2690 1
3655 433 1
1378 617 1
4125 488 1
3819 3464 1
2790 920 1
3693 1574 1
3778 1061 1
3778 3502 1
3778 3582 1
3778 2704 1
3778 1277 1
3778 721 1
3778 3045 1
3778 1340 1
3778 1635 1
3778 2499 1
2109 2319 1
558 3656 1
558 3892 1
558 329 1
558 2556 1
558 3210 1
558 4230 1
558 1616 1
1245 3684 1
1662 2989 1
1662 2456 1
1239 2773 1
1239 3270 1
1239 2186 1
1239 677 1
1239 290 1
1239 2866 1
1239 4062 1
1239 934 1
1239 2974 1
1239 3015 1
1239 3065 1
1239 1446 1
1239 2734 1
1239 830 1
3274 4078 1
1923 3000 1
1923 1578 1
1923 117 1
872 148 1
872 2691 1
2668 375 1
644 1869 1
3918 4492 1
3918 1653 1
1255 1911 1
1255 4436 1
1255 4126 1
2858 2039 1
749 4539 1
749 4371 1
749 3554 1
749 3995 1
749 3140 1
749 300 1
749 1772 1
3177 2220 1
4406 294 1
2302 3341 1
67 2483 1
67 1366 1
67 2639 1
67 1047 1
67 274 1
4068 476 1
3182 2609 1
903 349 1
903 4144 1
1187 2508 1
1380 3191 1
1380 1348 1
1380 2606 1
4071 1795 1
3436 170 1
2426 4460 1
2259 3288 1
2259 2309 1
1327 4238 1
548 1473 1
2732 1012 1
2017 1973 1
2017 3300 1
2017 3799 1
4461 417 1
1777 1933 1
1777 2512 1
1777 1088 1
1777 4547 1
1777 1678 1
1777 612 1
1777 4176 1
1777 444 1
1777 3850 1
1777 175 1
1777 200 1
1777 3522 1
1777 4127 1
1777 2610 1
261 1693 1
922 3033 1
922 2910 1
922 2422 1
922 2867 1
4002 804 1
892 279 1
2803 2636 1
894 136 1
894 706 1
894 2222 1
1427 1714 1
1462 1316 1
1462 2436 1
1462 3703 1
3250 4359 1
3250 2347 1
3250 1069 1
370 1607 1
3653 3957 1
3653 2061 1
700 371 1
700 3800 1
2928 2068 1
4536 2191 1
2826 4515 1
2826 3027 1
2826 1106 1
2826 1777 1
2826 514 1
2826 3990 1
4455 167 1
1223 1549 1
1021 2027 1
2324 2452 1
2324 2256 1
2324 764 1
2324 3011 1
3698 3169 1
3698 4185 1
3698 4503 1
3698 3900 1
3698 4142 1
3698 79 1
3698 535 1
1919 169 1
1847 3318 1
499 4340 1
2999 984 1
3878 2002 1
4521 4493 1
2616 1773 1
3648 3099 1
3762 3390 1
434 1384 1
434 15 1
3591 4190 1
3591 4051 1
3234 3146 1
3234 4365 1
3234 4209 1
3966 790 1
1643 863 1
1748 770 1
1748 877 1
1748 700 1
1748 914 1
1748 2642 1
1748 560 1
1748 52 1
1748 392 1
1748 2808 1
1748 2705 1
1748 2945 1
1748 3476 1
1748 2257 1
777 3533 1
505 1465 1
3105 4009 1
3105 1839 1
4090 3105 1
2441 162 1
958 3523 1
958 257 1
958 364 1
958 147 1
958 1194 1
958 475 1
958 1637 1
958 222 1
958 2737 1
635 3378 1
2781 1983 1
2781 884 1
2160 2453 1
2160 2877 1
2160 711 1
2160 2788 1
2023 750 1
3825 1023 1
2750 3225 1
2552 3423 1
791 556 1
985 3218 1
985 598 1
985 3492 1
3506 2728 1
3383 3934 1
2920 171 1
4464 3247 1
4464 3864 1
4464 2229 1
4464 4101 1
4464 1188 1
4464 4069 1
4464 4518 1
3929 595 1
1689 755 1
2168 567 1
2168 1471 1
2168 3692 1
2168 3635 1
2168 628 1
2168 4073 1
2168 3595 1
2168 2417 1
2168 1309 1
328 3284 1
2950 1774 1
1081 3766 1
1081 2327 1
3702 3840 1
4513 227 1
767 3022 1
2911 4401 1
2911 2823 1
2911 471 1
2911 4425 1
2911 233 1
2911 1666 1
2911 4397 1
2911 2293 1
2911 3935 1
2911 416 1
2911 3407 1
1476 1509 1
883 3453 1
883 1246 1
883 1673 1
4487 1320 1
4487 2052 1
4487 1063 1
4487 4457 1
2216 4283 1
4194 2802 1
1687 1263 1
4320 743 1
2371 372 1
3340 4269 1
85 4024 1
85 2219 1
3176 3969 1
3176 3757 1
3176 451 1
3176 3651 1
3176 544 1
3176 2579 1
3176 2715 1
3176 852 1
3176 1530 1
3176 2018 1
3176 3248 1
3176 2804 1
3176 258 1
3176 463 1
3176 3500 1
3176 3887 1
3176 929 1
3176 381 1
3176 3542 1
4133 1089 1
4133 891 1
2583 685 1
2583 580 1
3773 4370 1
2029 696 1
1117 1212 1
1281 3624 1
2319 3962 1
2319 2863 1
2319 1321 1
498 3667 1
498 1563 1
498 4434 1
498 2001 1
498 740 1
498 448 1
1045 4382 1
966 2437 1
966 4151 1
966 1920 1
1513 946 1
1513 1729 1
1513 4205 1
1513 3812 1
1513 2455 1
1513 1511 1
1513 308 1
1513 477 1
1513 2744 1
1513 1079 1
1513 1363 1
2785 2116 1
2468 4374 1
3199 1675 1
3199 1910 1
4293 1642 1
4293 655 1
4293 2055 1
4293 1564 1
4293 2475 1
306 3232 1
306 350 1
1776 1 1
1776 4504 1
4161 3374 1
2850 3696 1
213 1391 1
3571 3067 1
1993 1483 1
1993 1429 1
1993 3184 1
1993 2868 1
1993 2710 1
1993 210 1
3053 2576 1
3690 3150 1
3690 3624 1
3690 4266 1
3690 3874 1
3690 90 1
3690 1961 1
3690 383 1
2423 3262 1
2581 2998 1
2581 4554 1
2581 3759 1
2581 324 1
3810 3100 1
56 4239 1
56 1873 1
56 669 1
56 656 1
56 273 1
56 2603 1
4332 1775 1
4328 1652 1
4328 2053 1
3891 4103 1
3891 2992 1
3891 4410 1
226 2611 1
226 3443 1
226 4153 1
226 3463 1
226 4314 1
226 667 1
226 2590 1
226 3079 1
226 3873 1
226 3037 1
226 538 1
226 3951 1
226 2110 1
226 1411 1
226 4422 1
226 3077 1
226 2113 1
226 4529 1
226 3020 1
226 4128 1
226 4025 1
226 1031 1
226 3630 1
226 1209 1
226 1917 1
226 2248 1
226 2860 1
226 2148 1
226 1797 1
226 3664 1
226 4123 1
226 4494 1
226 3257 1
226 1767 1
226 1118 1
226 841 1
226 4115 1
226 818 1
2762 427 1
1532 825 1
4014 1128 1
1876 2404 1
1876 80 1
638 2270 1
638 3507 1
3904 2188 1
3816 2273 1
1070 2323 1
1070 2201 1
1070 428 1
1070 3250 1
1070 2993 1
2474 2003 1
621 2640 1
1991 3778 1
176 2869 1
3855 1997 1
3855 247 1
3855 386 1
3855 2520 1
3855 2286 1
3855 2801 1
3855 836 1
3855 2139 1
3855 4411 1
3855 2032 1
3959 2325 1
2569 1680 1
2569 3697 1
331 3362 1
3853 1546 1
1240 1323 1
1240 1744 1
1240 4530 1
1240 421 1
1240 2827 1
1240 2494 1
1240 611 1
1362 2679 1
1562 4465 1
3070 2284 1
3070 2304 1
3070 643 1
2859 4392 1
3402 576 1
603 1251 1
603 4083 1
603 1837 1
46 2923 1
46 3222 1
783 3994 1
783 2409 1
783 3987 1
783 738 1
783 3324 1
783 3182 1
783 3558 1
783 4183 1
783 2681 1
1417 758 1
2551 4023 1
2317 4458 1
794 3002 1
794 874 1
59 3400 1
236 2172 1
3841 179 1
3130 3941 1
797 3040 1
797 1123 1
410 75 1
410 919 1
410 1785 1
410 1979 1
1055 3954 1
1336 1878 1
1336 699 1
2631 2174 1
572 1067 1
3569 3524 1
3569 1227 1
3569 2875 1
3569 862 1
3569 3905 1
3569 2779 1
3569 977 1
3569 1556 1
3569 35 1
3569 970 1
3569 989 1
310 4399 1
839 3243 1
839 1667 1
1629 1337 1
1629 2334 1
3375 3958 1
4121 4265 1
4121 2814 1
4121 814 1
4121 1159 1
2180 596 1
2180 3366 1
2180 3659 1
2180 184 1
2180 3414 1
2180 1409 1
2180 497 1
2180 3264 1
2180 249 1
2180 3148 1
2180 1620 1
2180 1679 1
2692 1807 1
1076 1282 1
991 1903 1
895 995 1
1607 4111 1
1607 4168 1
521 1328 1
3425 2326 1
1732 1525 1
1732 778 1
1732 4052 1
1473 2195 1
1473 2546 1
1473 3087 1
1473 47 1
1473 925 1
1473 2249 1
1473 1955 1
1473 195 1
1473 2290 1
1473 3733 1
1473 4048 1
1473 2706 1
1473 3434 1
1473 22 1
1473 2212 1
1473 3101 1
1473 4213 1
1473 3740 1
1885 2828 1
4188 4057 1
4231 375 1
3235 1147 1
3450 259 1
1463 4492 1
2004 779 1
76 2282 1
3607 321 1
3607 2643 1
3607 3938 1
2111 2247 1
3431 4198 1
3431 165 1
3431 848 1
3431 2678 1
3431 237 1
2015 3049 1
885 3664 1
373 4008 1
3334 287 1
3334 749 1
3334 1241 1
3334 2682 1
3334 4037 1
3334 2211 1
1274 1351 1
2057 4275 1
1818 1057 1
1818 42 1
1818 940 1
1818 1858 1
1818 2276 1
1818 3705 1
1818 3286 1
1818 2920 1
1818 2563 1
1818 1231 1
1818 1135 1
1818 950 1
1818 2438 1
1818 3978 1
1818 3437 1
1818 546 1
1818 4387 1
1818 2296 1
1818 2996 1
1818 2421 1
1818 4512 1
1818 3645 1
1818 3712 1
1818 500 1
315 411 1
315 1696 1
2939 4026 1
2939 2670 1
2939 2476 1
2939 4058 1
2939 4077 1
2939 1415 1
2939 3512 1
2939 1727 1
2939 3236 1
2939 987 1
2939 2460 1
2034 1259 1
3024 1644 1
3024 2620 1
3024 957 1
3024 1092 1
3024 701 1
3024 3717 1
3024 4094 1
3024 3700 1
3024 4219 1
2193 1809 1
2193 3091 1
2193 271 1
2315 2856 1
3391 268 1
362 1935 1
362 4157 1
362 2072 1
362 2903 1
362 3397 1
650 1845 1
3390 1759 1
3390 2845 1
3390 3660 1
657 716 1
832 908 1
1486 4055 1
1486 3804 1
1486 4284 1
1486 4061 1
1486 3315 1
1486 4423 1
3982 91 1
3982 323 1
3982 953 1
2763 3564 1
418 800 1
418 1066 1
418 2216 1
418 4227 1
418 3908 1
418 952 1
13 110 1
689 2131 1
2736 1114 1
2736 2738 1
2736 1843 1
2677 2388 1
2677 4066 1
1722 3771 1
1722 4352 1
100 865 1
2286 3170 1
3888 3821 1
3888 3650 1
3888 301 1
891 314 1
3033 3568 1
3051 817 1
3051 3981 1
3051 2394 1
3051 532 1
3051 2729 1
3501 2608 1
3501 3611 1
3501 4085 1
3501 206 1
3501 1824 1
3501 98 1
3501 1167 1
3501 2179 1
2946 744 1
3155 1456 1
3155 3907 1
3933 1252 1
191 3124 1
191 3504 1
2596 1357 1
2596 3268 1
2937 3573 1
3453 2692 1
3453 4404 1
3453 292 1
3453 4466 1
3453 1840 1
3453 1588 1
3453 515 1
3453 2769 1
1457 1027 1
2659 1221 1
1352 2190 1
2671 1271 1
2671 2253 1
2671 2880 1
2671 380 1
2671 4333 1
2671 1664 1
2671 3708 1
2424 3676 1
2424 558 1
2424 2017 1
2424 3379 1
2424 2684 1
2424 1568 1
12 3576 1
3526 2310 1
1264 1458 1
1264 1377 1
1264 1213 1
3136 1467 1
3136 3769 1
3136 3622 1
3136 2878 1
3136 4127 1
1753 1389 1
2684 529 1
2684 4129 1
2684 4435 1
2684 1365 1
2684 1102 1
2684 2851 1
2684 2356 1
2684 1385 1
2684 2791 1
2684 1740 1
2684 878 1
3489 2555 1
3489 3165 1
3489 577 1
3489 1631 1
3489 3129 1
3489 2370 1
3489 530 1
3787 1346 1
2378 2260 1
194 1058 1
194 1854 1
194 1659 1
194 2010 1
194 354 1
194 3156 1
194 3852 1
1141 750 1
4197 2742 1
4197 3894 1
4197 2040 1
4197 4186 1
1539 2696 1
1539 620 1
1539 483 1
1539 1894 1
1539 2605 1
3742 909 1
879 792 1
873 70 1
2748 11 1
2748 675 1
2416 1850 1
1929 3718 1
2739 3854 1
975 1905 1
759 1437 1
2495 1921 1
3830 672 1
1113 4405 1
1113 2062 1
369 866 1
369 3842 1
369 3541 1
369 521 1
369 4081 1
2344 3939 1
1952 431 1
3325 1537 1
3325 3174 1
3325 2115 1
3325 2132 1
3325 4420 1
3325 3488 1
3325 927 1
2408 935 1
31 1495 1
3354 1938 1
3354 1195 1
3354 3275 1
939 108 1
1496 2185 1
2271 2486 1
2271 197 1
2591 1267 1
2591 2680 1
1624 438 1
528 4006 1
528 1143 1
2842 3845 1
2842 1614 1
2842 2008 1
4304 1236 1
4304 1676 1
2013 3141 1
4244 1072 1
863 4345 1
863 166 1
3755 1712 1
3755 3393 1
3755 2056 1
3755 570 1
3755 1523 1
3755 1533 1
3755 918 1
3755 4443 1
3755 3273 1
3755 1133 1
3755 1527 1
3755 972 1
3755 1896 1
3755 3614 1
3258 1164 1
1936 4022 1
1750 996 1
1750 3309 1
1568 3585 1
1568 20 1
1568 1222 1
2099 1447 1
350 3367 1
350 605 1
350 3401 1
350 2111 1
350 2939 1
350 537 1
350 156 1
350 2735 1
350 3252 1
350 3942 1
350 2488 1
350 365 1
350 2964 1
350 4323 1
350 4481 1
350 1124 1
2575 2263 1
1174 1335 1
1442 3991 1
1442 1668 1
1442 4267 1
1900 808 1
2011 366 1
1817 651 1
1817 3403 1
1817 1512 1
1817 3200 1
1817 889 1
1817 21 1
1817 2133 1
1439 1204 1
1439 883 1
1439 1993 1
1439 1078 1
1439 2731 1
1439 3867 1
1439 3114 1
1439 2667 1
1439 4523 1
1439 4454 1
2977 2792 1
2173 3753 1
2173 3415 1
2173 4309 1
1445 2390 1
1445 1293 1
1521 3633 1
3477 3276 1
3477 3834 1
3477 1882 1
3477 1937 1
3477 1341 1
1717 2373 1
4263 2477 1
2401 4448 1
609 1416 1
609 3005 1
404 1697 1
2962 660 1
3293 3032 1
3889 1599 1
905 632 1
4136 3313 1
4136 2553 1
4136 4182 1
4136 1762 1
4136 398 1
4136 3747 1
4136 3021 1
4136 2897 1
4241 1736 1
3094 2997 1
2250 4287 1
1522 198 1
587 2332 1
587 3584 1
311 3801 1
509 3278 1
1510 2891 1
341 2200 1
1246 2138 1
1246 1540 1
1246 3856 1
1246 3567 1
1246 2997 1
1246 3509 1
1246 1477 1
1246 1196 1
1246 4429 1
1246 836 1
1246 2120 1
1246 4119 1
1246 4271 1
1246 3551 1
4295 186 1
560 4291 1
484 2921 1
3223 3118 1
3223 3953 1
3223 508 1
1219 4211 1
1219 3896 1
1219 1424 1
1219 1433 1
3290 1380 1
4253 4097 1
2681 2511 1
2681 1825 1
2681 2870 1
2681 1398 1
2681 496 1
2681 3324 1
2681 4348 1
2681 2543 1
2681 2439 1
2681 4393 1
2681 1360 1
2681 1412 1
3187 3144 1
3187 2491 1
3187 642 1
3187 1037 1
2805 4035 1
316 3577 1
316 2591 1
316 120 1
316 384 1
1189 774 1
2640 503 1
2640 2650 1
1409 3447 1
1409 3062 1
1409 737 1
1409 1972 1
1409 3608 1
1409 472 1
1409 159 1
1409 4502 1
1409 3082 1
1409 3936 1
1409 4300 1
1409 3843 1
1901 1339 1
4415 2707 1
4178 1126 1
2369 3519 1
198 3038 1
198 1166 1
198 2853 1
96 1905 1
3356 2660 1
3857 3999 1
3857 1502 1
92 214 1
92 269 1
92 1690 1
92 1756 1
92 973 1
92 2264 1
92 959 1
2989 564 1
4301 4483 1
4301 886 1
4301 1247 1
2120 512 1
2120 3295 1
2120 6 1
2120 1497 1
2120 319 1
2120 2125 1
2120 229 1
2120 3178 1
3835 2970 1
3835 4377 1
1018 2083 1
1018 2386 1
1018 2574 1
4380 2325 1
1135 3548 1
1135 2440 1
1135 1945 1
1135 4491 1
1135 1829 1
1135 739 1
1135 2872 1
1135 1695 1
4268 679 1
4268 3890 1
4268 1487 1
3338 1185 1
2000 3175 1
2000 3924 1
648 3575 1
2711 2537 1
2711 2614 1
2711 4528 1
2711 694 1
2711 3631 1
2711 4096 1
2711 3967 1
2711 3310 1
2711 93 1
2711 2787 1
2711 1168 1
2711 45 1
3824 143 1
3824 2208 1
3316 2467 1
3461 4505 1
3788 2594 1
3788 2321 1
3788 36 1
3788 4514 1
3788 2082 1
3788 3689 1
3788 3329 1
3788 1014 1
3788 4234 1
1099 4034 1
1099 2119 1
3058 1216 1
415 4139 1
3898 342 1
4450 3384 1
2855 2913 1
807 3050 1
1798 3296 1
707 3520 1
707 4324 1
3785 252 1
4312 2291 1
4190 1705 1
4190 3004 1
4190 473 1
245 336 1
245 3744 1
245 796 1
245 1001 1
245 674 1
245 3860 1
245 2806 1
245 2206 1
245 1883 1
245 1096 1
245 1982 1
245 4427 1
245 4452 1
245 2071 1
245 1742 1
245 1197 1
245 1939 1
245 2049 1
245 3678 1
245 2873 1
245 3012 1
2340 2146 1
61 1554 1
2311 4474 1
2311 4039 1
2311 1183 1
2311 1726 1
653 2965 1
4349 2949 1
4349 2493 1
4349 4442 1
3454 228 1
1404 1701 1
2127 4428 1
2127 2881 1
3203 3438 1
3157 2830 1
465 3686 1
4272 456 1
631 2683 1
631 3865 1
3743 1407 1
1793 3102 1
2623 3474 1
4066 2587 1
2420 360 1
2420 2829 1
2420 858 1
332 3445 1
574 3211 1
467 4353 1
413 3973 1
413 1386 1
413 4326 1
413 2722 1
3216 2725 1
1861 4378 1
1861 4488 1
1861 1372 1
1569 1892 1
1569 406 1
1569 1782 1
1569 2487 1
1569 67 1
1569 190 1
1569 2465 1
1569 1361 1
1569 3325 1
1569 2623 1
1569 1595 1
1569 4292 1
1569 971 1
563 697 1
2975 3802 1
2975 842 1
2975 3848 1
2975 1232 1
1622 2766 1
2644 3833 1
2644 1941 1
3963 1422 1
3963 4102 1
3963 2865 1
3963 1584 1
3963 3260 1
3963 1044 1
3963 4195 1
559 4012 1
3809 4378 1
3809 1861 1
1481 2558 1
1985 1120 1
3349 3130 1
3349 3093 1
3349 3083 1
3349 3061 1
3008 1122 1
4179 4550 1
3364 1270 1
3364 252 1
3364 2181 1
3680 2969 1
3680 2755 1
3680 1838 1
1229 2774 1
208 582 1
208 193 1
208 3070 1
208 2316 1
208 3919 1
208 775 1
208 910 1
208 2272 1
208 3161 1
208 893 1
208 2652 1
49 1799 1
132 2593 1
132 2227 1
132 2044 1
3946 911 1
3294 743 1
2098 856 1
4292 4508 1
3257 2890 1
3257 1946 1
3257 2105 1
1908 4384 1
1694 588 1
1694 2151 1
540 1292 1
540 2528 1
540 109 1
540 3135 1
540 1349 1
540 327 1
2183 1505 1
2183 3197 1
2183 1157 1
2183 3815 1
2183 1534 1
2183 4112 1
2183 138 1
2183 1388 1
2149 693 1
1288 3629 1
1288 3171 1
1288 4453 1
1248 4447 1
1248 2567 1
1161 1225 1
1161 419 1
1161 2063 1
1161 3073 1
1161 1692 1
1161 942 1
1161 3527 1
1087 4335 1
709 3775 1
4021 1302 1
1294 3409 1
4360 1694 1
3937 2641 1
4452 3870 1
1660 3755 1
137 2341 1
137 2656 1
3859 2481 1
2793 2836 1
4116 2025 1
3691 1738 1
1468 954 1
3823 1082 1
3823 353 1
3823 1199 1
3823 3820 1
3823 3838 1
3823 3932 1
3823 2785 1
3823 56 1
3823 3024 1
3823 2671 1
3823 3735 1
3823 1817 1
3823 1399 1
3823 2904 1
3823 1559 1
3823 768 1
3823 1002 1
3823 1619 1
3823 1169 1
3823 3086 1
3823 695 1
1514 3467 1
1507 2584 1
1507 3695 1
1507 2303 1
1856 3549 1
1426 608 1
3437 2882 1
3437 4279 1
3437 3350 1
129 4130 1
129 542 1
129 1752 1
129 4356 1
4 3932 1
1028 745 1
1028 992 1
345 1951 1
345 3339 1
345 1452 1
345 2607 1
345 2482 1
345 466 1
345 3168 1
345 1600 1
345 1084 1
345 3470 1
345 2783 1
345 568 1
4124 1370 1
4124 2079 1
4124 4327 1
4372 4406 1
4372 3829 1
4372 1047 1
4372 1755 1
4506 3677 1
1375 1333 1
573 3351 1
4369 1760 1
409 46 1
1405 1334 1
4352 4042 1
2119 426 1
2119 2848 1
2119 3673 1
1529 1959 1
2559 1030 1
3871 3498 1
3871 776 1
2084 904 1
625 760 1
2515 2297 1
2454 2498 1
2454 1566 1
2454 461 1
2454 1696 1
2454 2975 1
2454 2410 1
2454 2351 1
3634 2433 1
3634 1569 1
3634 2990 1
3634 1806 1
1867 1491 1
1723 3413 1
1723 708 1
246 1285 1
246 2529 1
2764 3536 1
68 1260 1
307 3968 1
307 278 1
307 907 1
307 2306 1
307 3001 1
307 3788 1
307 960 1
867 1443 1
2268 1142 1
2268 1254 1
2268 4072 1
2268 2967 1
2268 452 1
4051 1649 1
632 601 1
632 2244 1
632 4060 1
632 1547 1
632 480 1
632 487 1
632 2383 1
632 1895 1
632 1469 1
632 2613 1
2852 3491 1
230 1988 1
2904 923 1
2904 536 1
2904 377 1
2904 3460 1
2904 1371 1
2904 2275 1
2904 2435 1
2904 10 1
2904 4298 1
2904 3679 1
196 3348 1
1331 3261 1
1559 4217 1
1559 527 1
1559 1943 1
1559 1150 1
3052 1707 1
2270 492 1
2270 4449 1
2270 4509 1
2270 1998 1
2270 3201 1
2270 33 1
2270 1684 1
2270 3709 1
2270 1633 1
1548 951 1
3606 2978 1
3606 3433 1
2456 2645 1
2456 3497 1
2456 3420 1
2456 2685 1
2456 3268 1
1673 3997 1
1673 3811 1
1673 2968 1
2930 3068 1
2816 1517 1
4553 89 1
4553 772 1
868 3598 1
992 81 1
992 1314 1
992 1800 1
992 4367 1
992 2817 1
992 3776 1
992 16 1
992 3906 1
992 2343 1
992 3359 1
3252 569 1
3549 1295 1
3549 4184 1
2258 1171 1
164 2655 1
1345 3909 1
1345 1768 1
1345 3314 1
1345 2069 1
1345 238 1
1345 3805 1
1345 2595 1
1345 1956 1
1345 1786 1
1345 1902 1
1345 3646 1
1674 3112 1
1674 107 1
1276 4251 1
3518 4513 1
2071 980 1
1230 1621 1
3114 1423 1
3114 4293 1
3114 2551 1
3114 3187 1
906 2544 1
906 3108 1
906 385 1
906 2088 1
906 3970 1
906 142 1
906 2991 1
906 3398 1
3042 2521 1
1721 2614 1
1721 1393 1
1721 853 1
1721 3877 1
1721 575 1
1721 3425 1
1721 1686 1
1721 2724 1
1721 3681 1
1721 1524 1
1721 3017 1
1721 2064 1
1721 2661 1
1168 4191 1
1168 2914 1
1168 2021 1
1168 2833 1
1168 1438 1
1168 1708 1
1168 3472 1
1168 86 1
1168 4342 1
2705 1163 1
2705 4169 1
1779 924 1
2430 4092 1
2430 963 1
326 1006 1
326 746 1
326 4432 1
326 4532 1
326 3104 1
326 840 1
326 481 1
443 900 1
443 4540 1
443 590 1
443 1255 1
443 761 1
443 3216 1
443 2170 1
768 1499 1
768 2761 1
768 2294 1
768 1770 1
768 3921 1
768 1947 1
768 2525 1
218 333 1
772 2469 1
772 243 1
772 4164 1
772 71 1
772 1010 1
772 1301 1
772 153 1
772 2009 1
772 199 1
772 2971 1
772 3163 1
1129 684 1
3949 4049 1
3879 3106 1
3879 275 1
3879 2312 1
3879 1272 1
3879 2689 1
3879 32 1
3879 53 1
3879 121 1
3879 3051 1
3879 4486 1
3879 2723 1
3879 408 1
3879 3477 1
3879 765 1
3879 1651 1
3879 2470 1
3879 4226 1
3879 3479 1
3879 2233 1
1420 1283 1
3652 1550 1
3652 422 1
3652 4260 1
3652 1932 1
3652 2093 1
3652 3495 1
3652 2634 1
3652 639 1
3652 4158 1
3652 2615 1
3652 205 1
3652 955 1
4430 2274 1
4430 2024 1
4430 2066 1
4430 1969 1
4430 2569 1
4430 3928 1
4430 1734 1
4430 4255 1
4430 3784 1
1558 1325 1
1558 969 1
1558 1430 1
861 3194 1
4368 811 1
1927 4214 1
2883 2022 1
3387 4059 1
4106 4341 1
929 3096 1
929 3442 1
929 1158 1
929 118 1
3530 2860 1
3530 3060 1
414 2533 1
4165 1156 1
4165 3 1
4165 3827 1
3392 224 1
2929 1933 1
2929 1678 1
2929 993 1
2929 444 1
2929 1590 1
4018 3468 1
4018 2632 1
4018 1182 1
4018 3195 1
4018 3263 1
4018 1449 1
1805 3627 1
1805 450 1
1805 1515 1
1805 1379 1
1805 1639 1
1805 623 1
1805 752 1
1805 2885 1
1805 2539 1
1805 3538 1
1677 189 1
3716 3596 1
3342 637 1
3342 2269 1
7 823 1
4507 4148 1
3434 1851 1
1115 1603 1
920 3866 1
920 1864 1
920 78 1
920 449 1
920 334 1
920 3607 1
920 1205 1
920 4361 1
920 3115 1
1159 1874 1
3179 4027 1
3159 4049 1
3996 3768 1
1063 211 1
1063 2592 1
1063 4146 1
1063 994 1
1063 4232 1
1063 191 1
1063 2411 1
1063 645 1
1063 1235 1
3844 474 1
3259 25 1
1877 41 1
1877 4181 1
1877 2648 1
600 715 1
4003 833 1
3151 498 1
3416 549 1
2019 3345 1
2019 3879 1
1431 1914 1
1615 3984 1
99 3720 1
99 4246 1
99 1102 1
2952 4302 1
2350 926 1
3125 1789 1
681 2637 1
613 4407 1
778 111 1
2363 3238 1
3256 3985 1
3111 3013 1
3111 1011 1
1090 928 1
1090 1965 1
3488 295 1
1079 1623 1
445 4306 1
445 4145 1
445 3385 1
445 1210 1
445 104 1
445 163 1
445 1663 1
445 1931 1
445 4093 1
445 2047 1
445 4131 1
445 1974 1
445 4028 1
445 1698 1
445 619 1
445 2516 1
445 2173 1
445 999 1
445 141 1
445 981 1
445 60 1
445 3008 1
445 1724 1
445 352 1
445 2788 1
445 1831 1
445 1064 1
445 1870 1
848 2770 1
848 2121 1
848 4210 1
848 1987 1
848 3347 1
848 3661 1
848 2664 1
848 2777 1
848 550 1
848 378 1
2196 412 1
130 3586 1
4394 581 1
4394 1233 1
4394 947 1
2094 4351 1
2832 3539 1
2832 183 1
4447 3682 1
4447 2379 1
4447 3615 1
4447 662 1
4447 2261 1
4447 3668 1
4447 3449 1
1050 4246 1
3097 2905 1
3097 2800 1
952 519 1
952 1715 1
952 297 1
952 1989 1
1832 1681 1
424 3836 1
1745 1893 1
3458 2223 1
1869 1470 1
1869 3074 1
1869 4548 1
1869 668 1
1869 680 1
1869 1040 1
1869 3772 1
1869 912 1
1869 1043 1
1869 551 1
1869 816 1
1869 819 1
1869 2342 1
1869 688 1
554 304 1
1330 3266 1
1213 3226 1
1213 3241 1
1213 687 1
1213 2869 1
1213 4170 1
1213 3230 1
1213 826 1
1213 2162 1
1213 1560 1
1213 1572 1
1213 2554 1
1213 176 1
1213 3888 1
1213 1906 1
1213 3428 1
1213 831 1
1213 3796 1
1213 468 1
2699 2061 1
2699 3478 1
2699 2538 1
2699 3297 1
2699 686 1
2699 2718 1
4395 2983 1
4395 363 1
4395 160 1
19 374 1
1134 3790 1
1134 869 1
2500 4274 1
2500 3777 1
180 3537 1
180 3897 1
180 2429 1
180 3610 1
180 4549 1
180 2324 1
180 958 1
180 1160 1
180 3368 1
180 3052 1
180 824 1
180 2517 1
2922 2277 1
3747 4005 1
3747 1403 1
3747 780 1
3747 4258 1
3747 571 1
3747 1355 1
4147 634 1
1610 997 1
1610 3817 1
2795 2234 1
4074 1818 1
3305 3929 1
3734 616 1
2389 714 1
3043 2840 1
3043 4319 1
3043 1326 1
3043 119 1
3043 2299 1
3043 2137 1
3508 441 1
1868 62 1
3694 3279 1
3147 3153 1
2610 4424 1
3066 670 1
1909 1718 1
1909 105 1
971 2598 1
971 3192 1
971 1343 1
971 1617 1
971 3139 1
971 1930 1
3054 2425 1
3098 253 1
3098 3029 1
3098 2228 1
1844 3466 1
1844 1827 1
1844 2041 1
1844 244 1
1844 2884 1
1844 756 1
1844 506 1
1170 2547 1
1170 34 1
1056 1992 1
1490 2478 1
3725 1835 1
2360 962 1
844 1577 1
3189 3205 1
4280 3939 1
4512 288 1
4512 502 1
4512 513 1
4512 1306 1
4512 3326 1
4512 286 1
4512 55 1
4512 1699 1
4512 2089 1
4512 1110 1
2267 2384 1
2759 4222 1
2759 106 1
2759 2399 1
3722 3609 1
3931 1396 1
2217 2463 1
1720 1606 1
3880 1682 1
2330 458 1
2330 1582 1
2330 1581 1
2330 3875 1
2585 1003 1
3173 3893 1
204 2122 1
204 1922 1
3728 3644 1
3728 2067 1
3728 1492 1
3728 4029 1
3728 2747 1
3728 3947 1
3728 3618 1
3728 2203 1
3728 1803 1
3728 784 1
270 3729 1
4399 3480 1
4399 659 1
4399 2301 1
4399 2357 1
4399 3285 1
4399 3069 1
4399 728 1
4399 1116 1
4399 976 1
3849 1598 1
3849 3265 1
3849 1489 1
3849 4241 1
3849 3043 1
3849 101 1
1004 899 1
3449 2857 1
3449 3220 1
876 4467 1
769 204 1
1169 1647 1
1169 276 1
1169 2175 1
1169 1508 1
1169 3228 1
1169 859 1
1169 1249 1
1169 4444 1
1169 2123 1
1169 2974 1
1169 3774 1
1169 2391 1
1169 1450 1
1169 2985 1
1169 131 1
1169 2418 1
1169 710 1
1169 4297 1
122 2107 1
122 18 1
122 3956 1
122 3637 1
4149 3085 1
1902 3494 1
2567 524 1
2567 1638 1
2567 1975 1
2567 520 1
1594 2844 1
302 3876 1
2519 1312 1
2519 3084 1
1186 2541 1
1186 1942 1
1186 1504 1
177 3943 1
3303 2665 1
3303 3831 1
3028 281 1
4457 2818 1
4457 369 1
4457 1206 1
4457 3160 1
4457 4240 1
210 3119 1
3086 2251 1
3086 145 1
3086 2045 1
3086 604 1
4346 670 1
2734 2035 1
2734 1273 1
2734 3964 1
2734 3291 1
2734 1612 1
2734 1811 1
2734 982 1
2734 3764 1
2734 683 1
2734 439 1
3923 1526 1
965 2268 1
593 94 1
280 1607 1
2446 2280 1
4294 4498 1
695 845 1
695 4173 1
695 478 1
695 3715 1
695 3597 1
695 2822 1
695 2265 1
695 1279 1
695 4331 1
4240 3154 1
216 4206 1
372 155 1
372 4235 1
372 3485 1
372 2672 1
372 2338 1
372 50 1
372 4388 1
372 3758 1
372 793 1
372 2666 1
372 2231 1
372 1454 1
372 2530 1
372 860 1
372 2176 1
4249 3837 1
272 1081 1
327 455 1
327 2434 1
327 872 1
327 1005 1
327 454 1
327 1506 1
327 2152 1
327 182 1
327 4381 1
327 4357 1
327 152 1
327 2101 1
327 3306 1
327 4152 1
327 4472 1
327 4347 1
3782 2931 1
4257 2702 1
3408 615 1
3408 3993 1
3408 539 1
3408 4245 1
3408 2381 1
3408 1466 1
3408 357 1
3408 988 1
3408 3025 1
3408 3280 1
3408 3360 1
3408 4471 1
3408 3761 1
3408 3643 1
3408 3593 1
3408 3486 1
3408 2953 1
3408 3041 1
3408 2916 1
3408 1103 1
3408 1925 1
3408 4020 1
3408 3134 1
3408 4223 1
3408 636 1
3408 3965 1
3408 3902 1
3408 397 1
3408 3014 1
3408 396 1
1891 4224 1
864 2073 1
2784 3319 1
3076 1001 1
1870 4398 1
3550 3227 1
3550 4310 1
3550 3107 1
3550 3196 1
3550 3320 1
3550 2895 1
3550 2403 1
3550 1332 1
3550 2599 1
3550 1852 1
3550 399 1
3550 123 1
3550 1636 1
3550 1884 1
3550 3859 1
3550 2697 1
3550 4138 1
3550 3018 1
3550 3713 1
3424 4212 1
3424 77 1
4189 2182 1
4189 4433 1
2959 3912 1
2959 4018 1
3202 3760 1
4091 2080 1
1048 1289 1
1591 139 1
2503 2225 1
2503 1586 1
2184 2542 1
2184 4063 1
2007 578 1
2007 1732 1
2007 3528 1
522 1862 1
3843 4456 1
2348 1086 1
811 393 1
936 2432 1
936 2 1
2564 3807 1
2564 4102 1
2564 1258 1
2564 2382 1
2564 58 1
1576 296 1
830 2712 1
830 3960 1
830 2743 1
830 2442 1
2310 3529 1
2310 2097 1
2310 1804 1
64 855 1
822 4228 1
3528 2958 1
3528 3511 1
3528 1026 1
3528 2413 1
3528 2717 1
3528 4376 1
3528 3756 1
3528 3601 1
3528 821 1
3528 2548 1
3528 3298 1
3528 2331 1
3528 97 1
3528 2448 1
3528 3490 1
3528 906 1
3528 2896 1
3528 1280 1
1806 3142 1
3882 682 1
1022 704 1
1022 2444 1
1022 3352 1
1022 1771 1
1022 1109 1
1022 3728 1
2155 3327 1
2915 1119 1
2915 3421 1
2915 3513 1
2915 3991 1
2915 1059 1
2915 1833 1
2915 1390 1
2915 725 1
2915 491 1
2915 174 1
2915 1706 1
2915 750 1
2915 4464 1
2915 162 1
2915 786 1
2915 1402 1
2915 3501 1
2915 3933 1
2915 1442 1
2915 3544 1
2915 1763 1
2915 433 1
2915 1886 1
2531 3891 1
690 1315 1
101 2235 1
101 2720 1
101 2894 1
3817 2458 1
2053 2918 1
2053 2314 1
4336 702 1
115 2135 1
115 122 1
115 151 1
1585 158 1
2295 3078 1
2295 1461 1
2295 640 1
2295 4201 1
2295 4550 1
3459 3560 1
3459 2693 1
3459 2171 1
3459 4533 1
3459 2625 1
3459 1912 1
1000 1746 1
1000 486 1
1000 2352 1
1538 4526 1
1538 1007 1
1538 606 1
3627 2694 1
3511 3336 1
3511 1104 1
406 2252 1
1059 4105 1
1059 4520 1
3226 3267 1
4099 2226 1
3950 2028 1
3950 346 1
3950 3813 1
3950 3452 1
1082 4417 1
4204 3137 1
451 1472 1
451 815 1
451 1962 1
451 1808 1
451 4343 1
510 2103 1
510 2166 1
510 1008 1
510 1531 1
510 1180 1
353 1130 1
353 2886 1
353 2081 1
353 2405 1
1703 1347 1
1703 3662 1
1703 1262 1
1703 2106 1
1703 504 1
1703 913 1
3276 1350 1
3276 2239 1
3276 3626 1
3651 1739 1
3651 57 1
813 1613 1
3771 3462 1
1292 1100 1
1292 3322 1
804 3612 1
804 4412 1
2487 1618 1
2487 875 1
2487 1017 1
2487 4489 1
2487 4089 1
2686 3475 1
2686 361 1
2686 1175 1
2590 1207 1
2590 248 1
2612 2507 1
561 607 1
1458 3818 1
1458 1080 1
1458 4524 1
1458 1488 1
1458 1025 1
1458 4117 1
2332 2821 1
2332 4221 1
2332 2536 1
2332 4413 1
2332 1413 1
2332 3711 1
2050 2577 1
2050 763 1
2050 1555 1
252 3872 1
252 1296 1
252 1860 1
252 3881 1
3860 489 1
3860 1342 1
3860 3883 1
3860 2986 1
3860 2236 1
3860 1237 1
3860 673 1
3860 3207 1
3860 3487 1
3860 347 1
3860 2979 1
3860 890 1
3860 2245 1
3860 3355 1
3860 2900 1
3860 3552 1
3860 4473 1
3860 3895 1
3860 4054 1
1377 1518 1
231 2730 1
1139 3955 1
1139 14 1
1139 124 1
1139 552 1
1842 1146 1
4538 4311 1
4538 3972 1
4538 3039 1
4538 4113 1
795 3363 1
795 664 1
795 3562 1
795 2262 1
605 1551 1
605 896 1
1489 367 1
1528 2266 1
1528 3701 1
303 4475 1
303 2786 1
4151 1265 1
3820 3412 1
3820 1013 1
4148 1083 1
4148 719 1
4148 713 1
4148 585 1
4148 3072 1
4148 646 1
1498 3249 1
1498 1038 1
1498 1105 1
1498 1602 1
1498 3534 1
1498 3572 1
1498 2364 1
1498 1915 1
3838 3237 1
3838 3075 1
3838 507 1
3838 3109 1
3838 3019 1
1401 1459 1
2414 3332 1
1465 4250 1
1465 3292 1
1465 2864 1
1465 3657 1
1465 4174 1
32 3055 1
558 234 1
558 102 1
558 1269 1
1923 3822 1
1923 3145 1
872 3555 1
3932 4264 1
3932 4431 1
3981 1791 1
3981 2892 1
4406 2506 1
67 3944 1
67 854 1
3436 4109 1
1777 2353 1
1777 1098 1
1777 1751 1
3698 1535 1
434 2893 1
434 254 1
1748 3198 1
1748 2600 1
958 3419 1
4464 3071 1
4464 3915 1
4464 2054 1
4464 2501 1
4464 1266 1
2168 3317 1
2168 1051 1
2168 4254 1
2168 543 1
2911 305 1
2911 1053 1
2911 1648 1
2911 3214 1
883 2570 1
883 2077 1
883 4490 1
883 2085 1
3176 256 1
3176 430 1
3176 3180 1
3176 2767 1
3176 806 1
3176 3186 1
3176 882 1
3176 1913 1
3176 3570 1
2319 3417 1
2319 4031 1
2319 1200 1
498 2365 1
1513 2336 1
1993 2973 1
3690 1743 1
2581 1970 1
56 3357 1
226 317 1
226 3444 1
226 3451 1
226 2662 1
226 3149 1
4514 2847 1
3855 140 1
3855 2566 1
783 1963 1
783 2198 1
783 2367 1
783 1208 1
783 4137 1
3020 1138 1
1242 3007 1
3130 2810 1
410 4216 1
2180 2406 1
1607 3797 1
1732 2819 1
1473 2230 1
1473 157 1
1473 3239 1
1473 4187 1
1473 3546 1
1473 4400 1
1473 4064 1
1473 717 1
1473 44 1
1473 1094 1
1473 2714 1
1473 1155 1
1473 1308 1
1473 1575 1
3630 3120 1
3334 3748 1
3334 2479 1
1818 2492 1
1818 2954 1
1818 4441 1
1818 1373 1
1818 400 1
1818 2976 1
1818 3269 1
2939 3750 1
2939 2901 1
2939 2988 1
1486 2898 1
3501 479 1
3501 299 1
2671 3158 1
4059 1781 1
2684 3803 1
2684 2540 1
2684 3714 1
2684 3328 1
2684 3975 1
2684 172 1
2684 2942 1
2684 2210 1
2684 2571 1
2684 2628 1
2684 3023 1
194 330 1
194 1688 1
1539 1728 1
1539 2984 1
369 1250 1
3325 1954 1
3325 3003 1
3755 3940 1
3755 1691 1
3755 4403 1
1568 3737 1
350 2789 1
350 3183 1
350 3672 1
350 3613 1
350 4015 1
350 291 1
1817 3832 1
1817 4208 1
1817 1073 1
1817 881 1
1439 3281 1
1445 2775 1
2681 3208 1
2640 705 1
2640 3271 1
1409 2307 1
1409 4338 1
198 4180 1
198 1863 1
198 846 1
198 3647 1
2120 1788 1
2120 264 1
2120 3621 1
2711 2464 1
2711 4056 1
2711 4358 1
2711 847 1
2711 553 1
3788 3556 1
245 983 1
245 2835 1
245 766 1
515 4088 1
515 72 1
2127 4001 1
2127 1604 1
2420 3616 1
2420 4337 1
2420 3826 1
1569 712 1
1569 3666 1
2975 2046 1
2975 517 1
2975 4416 1
3963 3044 1
1399 368 1
3349 251 1
3008 425 1
3008 4446 1
3008 4556 1
3008 3307 1
132 622 1
132 850 1
132 943 1
2183 1634 1
2183 3617 1
1494 2237 1
2454 1299 1
2454 3321 1
2454 405 1
632 4225 1
2904 2298 1
2904 4402 1
2904 2633 1
2904 4362 1
2904 1516 1
2904 1822 1
2904 1645 1
3606 293 1
3606 2431 1
2456 217 1
992 915 1
992 2150 1
3114 1561 1
1721 1397 1
1721 1300 1
1721 2601 1
1721 2938 1
1721 225 1
1168 1713 1
1168 3669 1
1168 518 1
2705 2522 1
326 691 1
326 4080 1
3879 493 1
3879 898 1
3879 2557 1
3879 355 1
3879 2887 1
3879 2308 1
3879 726 1
3879 647 1
3879 3920 1
3879 440 1
3879 3636 1
3879 3535 1
3879 3770 1
3879 523 1
3879 4495 1
929 3372 1
4018 2026 1
4018 4375 1
920 265 1
1063 2006 1
99 1425 1
99 1552 1
445 1181 1
445 2147 1
445 2142 1
848 4033 1
848 2676 1
848 4110 1
2459 255 1
4447 4203 1
952 1107 1
1869 4439 1
1869 2509 1
1213 3685 1
1213 2374 1
1213 3121 1
2699 3913 1
2699 3793 1
180 2758 1
180 1898 1
3098 1374 1
3098 3791 1
3728 3814 1
3728 318 1
3728 3047 1
3728 851 1
3728 1460 1
4399 1719 1
3849 459 1
3849 1971 1
3849 641 1
3152 2972 1
3152 2549 1
3152 3333 1
1169 376 1
1169 948 1
2567 1565 1
3086 1298 1
151 4166 1
372 1567 1
327 3779 1
327 207 1
327 4276 1
3408 3283 1
3408 3172 1
3408 2051 1
3408 2647 1
3408 4363 1
3408 4437 1
3550 127 1
3550 1897 1
3550 3640 1
3550 2124 1
3550 2471 1
2959 781 1
285 3828 1
3882 2078 1
1022 348 1
2915 2213 1
2915 3282 1
2915 4171 1
2915 126 1
4482 1538 1
4482 239 1
1709 598 1
3126 4218 1
1065 3948 1
1065 1513 1
2496 4538 1
223 2095 1
223 3910 1
223 3963 1
2466 2489 1
3224 3213 1
4207 745 1
1253 2811 1
2933 510 1
2933 4364 1
2278 2420 1
4200 1748 1
4200 783 1
1924 809 1
4132 1085 1
2798 2158 1
1683 3698 1
1683 4165 1
4546 2193 1
4476 337 1
1029 3471 1
4065 2361 1
3525 1239 1
2254 4086 1
4543 26 1
4120 3171 1
2313 2380 1
3885 4036 1
1039 2911 1
3868 2532 1
3231 1221 1
298 1890 1
298 990 1
462 2459 1
3162 4350 1
3317 1304 1
3317 3674 1
2780 2395 1
2780 524 1
2780 1638 1
1093 2167 1
880 3508 1
1381 1376 1
2114 2189 1
1741 1766 1
4330 93 1
1286 3545 1
1963 4385 1
1963 3521 1
1963 413 1
1963 576 1
3515 3891 1
2526 1685 1
54 445 1
495 3399 1
495 132 1
495 4114 1
2635 2888 1
232 3855 1
232 773 1
1136 4394 1
3426 3052 1
1032 2270 1
256 561 1
1953 956 1
3961 949 1
3089 4247 1
4259 1815 1
429 4322 1
2550 3063 1
1290 3459 1
1290 2050 1
1290 4418 1
1875 715 1
718 1486 1
718 2454 1
968 3622 1
525 2484 1
485 3606 1
3531 3765 1
1899 2281 1
1916 748 1
2349 1952 1
37 3550 1
3746 2194 1
2292 2295 1
38 4462 1
2202 325 1
602 3882 1
2889 4329 1
4288 1842 1
2721 3353 1
2721 2826 1
2721 3136 1
1589 813 1
2941 4095 1
1995 2966 1
2224 1242 1
3583 4016 1
2086 224 1
1926 3098 1
1042 4243 1
3977 2612 1
2698 849 1
2841 2160 1
1821 2994 1
1394 2547 1
3198 1632 1
3198 1532 1
4252 857 1
932 1478 1
1801 1482 1
1801 2497 1
1801 1049 1
1218 3431 1
3212 2074 1
3272 2473 1
2776 3547 1
1966 1528 1
1966 2736 1
3783 1033 1
3783 180 1
3858 2455 1
3858 477 1
3858 1363 1
1132 262 1
312 9 1
1201 1291 1
1173 2915 1
3287 4035 1
5 2140 1
4408 3808 1
1650 43 1
1284 2711 1
2400 4278 1
2372 1625 1
2602 418 1
3090 2168 1
2126 3499 1
2407 630 1
2153 1224 1
3730 2661 1
802 2136 1
4480 1841 1
83 2926 1
3599 2654 1
4409 1095 1
1434 423 1
4043 1435 1
2355 4049 1
671 3849 1
154 954 1
309 313 1
1474 434 1
2320 2412 1
1826 1000 1
4135 2180 1
4135 345 1
3706 931 1
1172 666 1
3081 4261 1
1918 3992 1
2980 1034 1
2232 92 1
2995 823 1
3903 2322 1
785 1101 1
4438 3652 1
2518 2975 1
3127 245 1
829 3453 1
1784 260 1
742 2221 1
4045 4159 1
1097 2794 1
599 240 1
3561 3380 1
1203 3380 1
3010 2751 1
289 1257 1
84 2643 1
263 4040 1
235 1986 1
2036 2844 1
2649 3408 1
4531 226 1
3930 1855 1
178 938 1
2192 720 1
2192 3342 1
1364 4522 1
3064 2287 1
1611 3557 1
4484 1536 1
3484 51 1
2415 1409 1
4143 4124 1
4459 4204 1
787 3887 1
1367 326 1
103 2745 1
482 3501 1
1318 594 1
2443 99 1
1814 3217 1
3446 2414 1
1322 3234 1
1108 3405 1
2824 402 1
4544 979 1
2831 394 1
1669 1498 1
4199 629 1
1967 1212 1
526 3176 1
1557 4498 1
2749 4256 1
1432 1377 1
1140 4430 1
1978 1260 1
1418 887 1
1324 303 1
3732 285 1
250 3152 1
4242 3687 1
1451 2215 1
2159 888 1
1046 3130 1
39 3334 1
2397 390 1
2300 592 1
4519 4555 1
4519 1501 1
2490 1401 1
3110 2700 1
23 839 1
1234 1907 1
1990 4246 1
1944 1161 1
1819 1161 1
2037 1749 1
1764 4468 1
2075 2920 1
3113 3422 1
2924 731 1
