255 259 1
7 9 1
124 128 1
241 154 1
8 24 1
88 203 1
88 188 1
88 12 1
88 117 1
4 98 1
41 224 1
46 6 1
106 112 1
106 83 1
106 168 1
84 239 1
84 54 1
230 48 1
35 59 1
126 218 1
145 116 1
103 186 1
18 99 1
232 130 1
83 250 1
83 132 1
90 191 1
187 146 1
223 77 1
180 135 1
57 93 1
57 204 1
57 176 1
57 231 1
57 53 1
57 260 1
57 225 1
57 125 1
193 27 1
74 254 1
118 208 1
118 226 1
118 110 1
167 127 1
14 141 1
219 136 1
76 261 1
22 94 1
3 246 1
3 15 1
3 49 1
3 153 1
3 95 1
16 207 1
171 214 1
176 242 1
176 248 1
176 244 1
79 82 1
144 162 1
155 119 1
151 96 1
259 31 1
26 172 1
213 202 1
70 163 1
70 151 1
70 199 1
245 20 1
240 252 1
178 206 1
192 60 1
34 57 1
169 91 1
63 257 1
62 71 1
188 189 1
188 183 1
188 109 1
188 78 1
238 262 1
212 81 1
105 236 1
134 239 1
134 54 1
99 209 1
99 143 1
99 2 1
39 67 1
72 215 1
38 194 1
32 152 1
256 68 1
177 23 1
128 85 1
128 161 1
128 166 1
128 200 1
128 148 1
217 243 1
182 53 1
50 160 1
86 156 1
55 115 1
13 28 1
44 216 1
44 164 1
56 5 1
140 221 1
136 131 1
136 37 1
184 66 1
100 111 1
205 150 1
104 258 1
236 210 1
47 155 1
157 25 1
211 80 1
57 113 1
57 33 1
57 247 1
57 234 1
3 147 1
155 129 1
155 97 1
151 159 1
188 263 1
99 251 1
99 173 1
99 227 1
27 1 1
128 51 1
136 228 1
236 69 1
236 149 1
236 87 1
137 118 1
197 102 1
36 52 1
237 29 1
11 10 1
30 81 1
107 60 1
108 165 1
174 158 1
101 40 1
75 58 1
195 8 1
233 92 1
198 17 1
43 17 1
73 170 1
185 138 1
201 196 1
64 144 1
65 133 1
123 190 1
179 42 1
229 114 1
249 139 1
175 235 1
89 120 1
220 45 1
121 181 1
19 142 1
222 122 1
253 3 1
21 61 1
