2224 1686 1
1354 532 1
3714 2179 1
2727 558 1
2727 3354 1
2727 1634 1
2727 1 1
2586 3252 1
2586 1323 1
2989 778 1
2456 3316 1
3515 629 1
2228 3389 1
278 2163 1
278 2246 1
278 231 1
278 1288 1
278 1039 1
278 1400 1
278 443 1
278 243 1
278 2395 1
278 3622 1
278 896 1
278 1199 1
2907 2486 1
3604 1225 1
735 596 1
735 235 1
735 1349 1
735 3447 1
1787 2543 1
1787 3158 1
1742 3615 1
1742 1211 1
544 146 1
544 959 1
544 391 1
544 1986 1
544 1261 1
544 3038 1
544 1654 1
544 1871 1
544 3057 1
544 1395 1
544 106 1
544 2122 1
544 991 1
22 3005 1
22 29 1
3186 433 1
936 404 1
936 1345 1
936 2200 1
936 3533 1
936 951 1
1774 3479 1
1342 2255 1
296 2123 1
2737 3643 1
3014 2034 1
3514 2417 1
3514 2393 1
992 2158 1
992 833 1
3374 660 1
3386 1779 1
596 1235 1
1002 2187 1
3401 3463 1
2169 751 1
666 345 1
2392 517 1
1691 284 1
1691 3102 1
1691 3623 1
1691 1722 1
1691 424 1
1691 3651 1
3220 1622 1
3220 1795 1
3220 667 1
3220 3581 1
3220 2598 1
3220 1672 1
3220 2828 1
2138 2087 1
94 1041 1
94 1964 1
1535 933 1
997 46 1
2089 3231 1
2511 1277 1
1696 1486 1
1171 1234 1
725 879 1
1296 2949 1
1296 3659 1
1296 3179 1
1296 3699 1
1296 2214 1
1296 2039 1
1296 709 1
1296 3047 1
1296 3301 1
988 3370 1
3022 1750 1
795 2217 1
3380 1108 1
3380 3586 1
3380 2093 1
3380 762 1
2066 729 1
2577 649 1
3304 3313 1
3304 1897 1
1198 2867 1
1198 1193 1
3644 987 1
3644 3642 1
3644 151 1
3644 3031 1
3644 750 1
3644 1446 1
3644 3551 1
3644 748 1
2390 2853 1
414 99 1
2843 3349 1
2843 2859 1
2843 3081 1
2843 2913 1
2843 1251 1
2843 1294 1
2843 1135 1
2746 852 1
2445 2192 1
2445 1885 1
135 2691 1
135 3075 1
135 1164 1
135 1923 1
135 54 1
135 3020 1
135 469 1
135 382 1
135 1992 1
135 3716 1
135 1165 1
135 65 1
280 2754 1
175 1360 1
175 3045 1
1212 3345 1
1437 1262 1
1518 222 1
1738 2745 1
1738 291 1
1738 2061 1
1738 1631 1
2534 3434 1
3099 2416 1
2358 540 1
1055 540 1
1183 283 1
2238 165 1
2934 225 1
2673 1627 1
2673 2137 1
1134 255 1
733 2607 1
314 1760 1
1775 2860 1
1073 152 1
3297 2935 1
3297 2099 1
3297 1404 1
3297 3166 1
3563 141 1
3266 2926 1
3266 446 1
3266 2147 1
3266 3258 1
3266 2054 1
3266 3490 1
3266 2687 1
3266 1430 1
108 2696 1
108 355 1
768 2767 1
768 2867 1
768 1193 1
208 356 1
3608 47 1
3155 3502 1
2738 2980 1
3213 3410 1
1488 2328 1
1488 392 1
1488 1194 1
1488 2129 1
1488 299 1
1488 2955 1
1488 3727 1
1488 2159 1
1488 655 1
1488 1595 1
1488 3696 1
1488 2595 1
1488 3150 1
1488 1831 1
1488 1125 1
1488 2837 1
1488 803 1
1081 1647 1
2339 703 1
2747 38 1
1068 3082 1
1759 834 1
930 2741 1
1815 1228 1
1815 421 1
1815 451 1
918 3385 1
918 1403 1
1886 3688 1
1886 3097 1
3163 1572 1
1088 2024 1
570 1500 1
631 352 1
3108 1571 1
3108 929 1
3108 74 1
1123 2490 1
877 2052 1
2379 3479 1
2756 1529 1
2756 3298 1
2756 387 1
2756 1851 1
2756 563 1
2756 3414 1
2756 455 1
2756 2932 1
3595 3449 1
3595 1172 1
3595 3279 1
2770 1203 1
2051 1641 1
2051 2885 1
2051 1640 1
2051 2180 1
3136 3694 1
3136 887 1
3136 2665 1
1511 848 1
661 2180 1
324 3726 1
324 2172 1
324 1121 1
324 1801 1
324 107 1
324 1012 1
324 1021 1
324 1166 1
324 2035 1
324 52 1
324 2667 1
324 2816 1
324 2007 1
962 431 1
2923 3002 1
123 3130 1
3206 2419 1
3177 3566 1
1764 3432 1
1442 2874 1
2985 388 1
206 3251 1
2483 823 1
2483 2064 1
2483 72 1
2483 2536 1
2483 689 1
2483 698 1
2483 435 1
2483 53 1
2483 2346 1
2483 2156 1
2483 1015 1
2483 758 1
1650 2974 1
1411 3705 1
919 553 1
919 2208 1
919 2855 1
919 1858 1
265 2141 1
265 1898 1
265 1350 1
2549 1433 1
1936 2194 1
1252 340 1
1252 3058 1
1252 2119 1
1252 1788 1
1252 2191 1
1252 3202 1
1252 1725 1
2252 3224 1
1664 1612 1
1664 1146 1
1177 1139 1
1177 3253 1
1177 1949 1
2731 857 1
2981 2836 1
2981 1167 1
3118 69 1
3118 320 1
3118 3524 1
3118 2520 1
3118 2952 1
3118 2772 1
3118 2639 1
336 1292 1
605 172 1
3114 628 1
2888 2004 1
3411 1899 1
855 2399 1
3427 2045 1
1705 1606 1
799 994 1
2496 1895 1
212 3591 1
212 1859 1
212 2143 1
212 2988 1
212 609 1
212 203 1
212 1610 1
212 319 1
212 2331 1
212 958 1
212 1473 1
212 1434 1
212 2275 1
383 2803 1
2315 1336 1
3404 2484 1
3562 3462 1
2694 2532 1
2694 3193 1
2694 1491 1
2694 2636 1
2694 1976 1
1195 964 1
2383 1157 1
3342 3614 1
3587 1098 1
1868 1490 1
740 1418 1
740 661 1
740 1512 1
740 1802 1
740 253 1
740 379 1
740 282 1
740 447 1
740 2262 1
740 63 1
740 1850 1
740 2815 1
740 800 1
1038 118 1
1405 2789 1
362 1024 1
858 2368 1
1164 3565 1
1164 2659 1
1164 2130 1
1164 2016 1
1164 3109 1
1164 2420 1
1804 3570 1
2221 127 1
1149 2856 1
1149 1232 1
153 2932 1
217 945 1
217 3357 1
217 3069 1
217 1564 1
217 2972 1
217 1875 1
323 1096 1
638 1914 1
3330 2059 1
2258 399 1
1390 1436 1
68 184 1
68 2924 1
68 1431 1
45 2921 1
439 3552 1
530 827 1
530 1636 1
1499 2173 1
1499 657 1
1499 3328 1
1499 811 1
1499 824 1
1499 268 1
2265 2709 1
2265 1744 1
2265 2125 1
2265 1962 1
2265 1550 1
2265 1492 1
62 1311 1
1616 2822 1
3525 2966 1
3525 2319 1
3525 1286 1
3525 3568 1
3525 1487 1
3525 3700 1
3525 525 1
3525 3443 1
3525 793 1
3525 679 1
3525 1819 1
3525 2970 1
3525 3719 1
3525 1625 1
3525 2461 1
3525 1589 1
3525 3061 1
3525 1007 1
3525 3605 1
3525 1584 1
3525 3684 1
3525 923 1
3525 3721 1
1682 2377 1
1240 687 1
2075 3474 1
2075 2922 1
2075 3296 1
3559 318 1
3559 2313 1
577 2018 1
577 2850 1
577 2857 1
577 2080 1
577 2817 1
577 2765 1
577 1845 1
577 3087 1
577 601 1
577 1237 1
577 3352 1
577 3689 1
577 724 1
577 2798 1
2530 2526 1
1844 1933 1
1844 2380 1
3433 2823 1
3433 1382 1
3433 2524 1
3433 1896 1
1494 2726 1
1494 1104 1
1494 2152 1
1494 1511 1
1494 2583 1
1494 1828 1
1494 840 1
1494 1733 1
1494 1665 1
1494 592 1
1494 1514 1
1494 1184 1
1494 906 1
1494 2181 1
1494 2990 1
1494 2171 1
1494 1150 1
1494 3541 1
794 1515 1
794 1837 1
3343 2003 1
3343 683 1
1726 417 1
475 2008 1
475 1607 1
2215 3248 1
2215 242 1
2215 1974 1
3701 2361 1
2500 1252 1
3396 2491 1
496 2846 1
496 448 1
496 1207 1
3218 2312 1
1189 244 1
1189 598 1
1555 1945 1
838 3441 1
838 1977 1
838 3314 1
838 2409 1
838 1982 1
838 2310 1
2232 3210 1
3324 2697 1
1921 1611 1
898 457 1
2454 2508 1
1444 3575 1
287 782 1
287 1556 1
3723 2271 1
3723 1090 1
3455 18 1
400 674 1
400 3657 1
400 1617 1
400 1857 1
400 659 1
1521 1009 1
1521 2401 1
925 292 1
925 634 1
925 3458 1
925 350 1
119 822 1
1900 3549 1
3046 1583 1
3387 914 1
1025 2723 1
1115 999 1
1802 2140 1
1802 309 1
1802 2471 1
1802 2350 1
1802 3718 1
1802 1484 1
1802 821 1
1802 1175 1
1802 256 1
1802 2645 1
2939 1488 1
2939 2680 1
2939 737 1
3509 1954 1
569 1449 1
569 2408 1
81 1549 1
647 476 1
133 536 1
220 1821 1
1158 3649 1
963 3379 1
963 2890 1
963 2685 1
963 1692 1
2421 2116 1
1389 3715 1
390 1052 1
2909 1808 1
637 749 1
637 1402 1
1349 654 1
1349 515 1
1349 1373 1
1349 2997 1
1349 3205 1
1349 3423 1
1349 1882 1
1349 2304 1
1349 3335 1
1349 1624 1
2854 2827 1
668 2891 1
668 3195 1
668 2430 1
276 2384 1
1432 2778 1
772 1517 1
1310 2369 1
541 556 1
1711 2610 1
478 2131 1
2681 1731 1
2681 3176 1
2042 1519 1
754 3636 1
2100 1450 1
3344 3402 1
3344 2625 1
2657 2848 1
2078 3238 1
2078 871 1
2078 3232 1
2078 2501 1
2078 463 1
708 140 1
1497 1799 1
2824 2302 1
2464 308 1
1657 1734 1
88 2135 1
1136 2868 1
2629 2607 1
550 1969 1
3673 3323 1
2617 1761 1
1746 2674 1
1047 2756 1
3692 3091 1
3692 3420 1
1097 1855 1
843 2344 1
3416 2575 1
3416 1258 1
3416 717 1
3416 2742 1
3360 2497 1
3360 3450 1
3360 1707 1
2783 236 1
690 2424 1
690 1017 1
1619 1396 1
1619 2979 1
1619 2649 1
1619 2053 1
3167 2624 1
2616 2460 1
1290 1335 1
1290 44 1
1290 2728 1
3189 3597 1
3189 2594 1
3189 2911 1
470 2786 1
470 2775 1
470 1628 1
216 741 1
216 403 1
216 3457 1
2097 1739 1
134 562 1
134 1670 1
134 2347 1
134 402 1
134 136 1
134 2121 1
134 1352 1
134 2308 1
134 706 1
134 2655 1
3302 361 1
3302 1531 1
194 1947 1
1653 1887 1
1653 3648 1
3162 1406 1
3162 2548 1
3294 3603 1
3294 3281 1
924 3347 1
1010 61 1
831 3498 1
831 3337 1
2038 479 1
2038 3249 1
3143 413 1
3139 2499 1
2652 283 1
1733 2931 1
1733 779 1
1271 851 1
1776 1144 1
179 2964 1
1904 60 1
973 875 1
1259 1894 1
3081 1154 1
3081 2523 1
3081 386 1
3081 3149 1
3081 3582 1
3081 2144 1
3081 2120 1
3081 59 1
3081 1689 1
3081 2982 1
3081 2387 1
3081 1084 1
3081 1735 1
3081 1638 1
3081 2910 1
3081 2641 1
3081 1756 1
3653 648 1
3653 1305 1
1648 170 1
3197 2951 1
835 1790 1
835 2044 1
835 1210 1
835 1476 1
610 1351 1
3226 3029 1
2048 831 1
1862 3419 1
2353 2558 1
2353 2150 1
2353 3717 1
2353 1467 1
1091 96 1
1523 389 1
3214 297 1
253 699 1
253 3131 1
253 2359 1
253 2597 1
1263 1723 1
1282 1058 1
2808 2173 1
2808 3437 1
582 623 1
3327 188 1
3327 2925 1
2446 3004 1
1716 637 1
163 1117 1
760 2582 1
760 212 1
760 577 1
760 2139 1
760 2631 1
3187 2795 1
2189 650 1
2873 1181 1
2873 642 1
2873 3592 1
2873 978 1
2873 57 1
856 2459 1
1745 1957 1
3675 2947 1
3675 1912 1
3675 1990 1
3062 1447 1
3062 1829 1
670 246 1
670 1145 1
3520 498 1
2531 3146 1
2231 1334 1
2231 511 1
2231 1563 1
2231 853 1
3545 1241 1
3545 2587 1
842 1655 1
842 1540 1
804 3254 1
804 1620 1
804 3693 1
804 1822 1
804 2437 1
804 876 1
804 2810 1
804 2620 1
804 519 1
804 2879 1
804 48 1
804 1474 1
804 3070 1
804 2814 1
804 2314 1
2699 2363 1
3476 572 1
349 1220 1
349 2487 1
349 917 1
1242 233 1
1242 3665 1
1242 2183 1
1242 1011 1
3489 1712 1
2460 3677 1
3322 2084 1
3322 90 1
3322 1571 1
3322 888 1
3322 74 1
3018 548 1
3018 1876 1
2199 2917 1
2323 1464 1
2323 726 1
2323 3320 1
2323 2580 1
2323 104 1
2323 3497 1
2323 2544 1
2323 965 1
2323 3306 1
1100 3042 1
1635 200 1
3456 3547 1
2609 2041 1
117 423 1
117 125 1
117 2415 1
117 79 1
117 3015 1
2083 713 1
2961 290 1
2451 911 1
1984 3422 1
1984 3101 1
1984 812 1
1984 1805 1
1984 109 1
1984 2735 1
1984 828 1
1721 2633 1
508 3024 1
583 1693 1
3724 1300 1
70 3383 1
70 1656 1
70 3287 1
70 1820 1
70 2801 1
70 765 1
70 10 1
70 1053 1
70 2505 1
70 3390 1
70 2105 1
70 2901 1
70 2418 1
70 3388 1
70 1295 1
70 2198 1
70 1805 1
70 561 1
70 3679 1
70 84 1
70 3154 1
70 1732 1
70 182 1
70 2585 1
70 1993 1
70 1639 1
70 1806 1
70 3270 1
193 1482 1
2621 3050 1
2621 2651 1
2682 1347 1
895 3718 1
895 2329 1
895 1196 1
260 3008 1
260 1700 1
260 2098 1
260 3703 1
2069 3215 1
2106 298 1
2106 452 1
1910 3634 1
1910 3196 1
1910 2279 1
322 493 1
322 316 1
322 3713 1
322 3164 1
322 2670 1
466 826 1
2455 1094 1
602 3207 1
379 1697 1
379 960 1
1566 412 1
938 2548 1
901 1565 1
3426 2157 1
993 148 1
2273 1253 1
1407 3071 1
325 1086 1
1119 36 1
1119 1522 1
1119 3147 1
952 3244 1
939 2933 1
251 329 1
1339 2796 1
1339 3564 1
1339 349 1
1339 162 1
1339 3033 1
2897 1542 1
2897 640 1
2897 1789 1
2897 3272 1
2897 3090 1
2897 3084 1
1694 2323 1
219 3374 1
219 1141 1
219 660 1
3539 3132 1
259 3263 1
564 1796 1
564 3706 1
564 1647 1
2076 3122 1
2028 335 1
2028 2432 1
1585 2360 1
1585 2352 1
1585 3023 1
1173 500 1
1173 921 1
1173 521 1
1451 197 1
3096 192 1
3491 2448 1
3375 2030 1
1074 1980 1
1275 1679 1
1275 2638 1
2839 3573 1
2839 783 1
3560 269 1
2056 1191 1
2056 2283 1
955 2402 1
2188 1095 1
1061 2554 1
1770 1093 1
1770 2936 1
1770 271 1
1319 3644 1
1319 2965 1
1319 2851 1
1319 1783 1
1319 1524 1
1319 3424 1
1319 215 1
2340 1483 1
2340 1782 1
2340 3025 1
77 2365 1
77 2096 1
77 1421 1
77 181 1
77 1480 1
77 1238 1
77 3439 1
77 2858 1
3719 533 1
3369 613 1
3369 1383 1
3369 1401 1
3369 3701 1
3369 3085 1
3369 932 1
3369 2977 1
3369 1818 1
3369 1318 1
3369 1729 1
3369 3093 1
3369 3536 1
3369 1736 1
3369 1380 1
3369 3083 1
767 34 1
2930 741 1
2930 1618 1
2930 639 1
2930 2324 1
785 1162 1
2521 1596 1
1448 922 1
1448 1771 1
1448 3332 1
1448 195 1
1448 2068 1
1448 1994 1
1448 744 1
1448 1410 1
1891 2998 1
116 1865 1
1374 499 1
489 2818 1
3460 110 1
3467 2902 1
3467 240 1
2744 1239 1
675 768 1
675 3692 1
675 1378 1
675 1304 1
675 894 1
675 1690 1
675 2943 1
3353 2236 1
3353 2821 1
3353 1705 1
3353 597 1
3353 494 1
1495 2553 1
1495 1971 1
1495 3273 1
2485 2809 1
3661 1955 1
2711 1840 1
1174 2525 1
731 641 1
2676 503 1
3104 2624 1
3104 3283 1
1661 1059 1
141 458 1
141 1970 1
3009 2782 1
3009 2153 1
2812 303 1
607 3339 1
1854 2920 1
1854 3525 1
1854 28 1
1854 501 1
1854 2642 1
1854 1792 1
1854 121 1
1854 3577 1
1854 1507 1
1854 2797 1
1557 2349 1
1872 979 1
1872 71 1
1872 3203 1
1872 2578 1
1872 2527 1
1872 772 1
1872 113 1
1872 1662 1
1872 1835 1
1872 2104 1
1872 1952 1
1872 2849 1
1872 1348 1
2913 1331 1
2913 3039 1
2913 3141 1
2913 3116 1
2913 3112 1
2630 2422 1
1043 3124 1
2357 776 1
1408 1270 1
696 16 1
384 2713 1
384 1291 1
17 2779 1
579 85 1
98 2260 1
1597 784 1
1597 1803 1
353 3007 1
353 3319 1
418 2079 1
974 954 1
3610 3356 1
2222 688 1
2222 813 1
3038 2729 1
3038 2937 1
3038 102 1
3038 3171 1
2085 3140 1
2085 3211 1
2 1066 1
1994 453 1
1994 1601 1
3142 2261 1
1701 510 1
1708 2413 1
1708 137 1
1708 2444 1
1708 2825 1
1708 43 1
2403 1151 1
3182 935 1
3182 1577 1
1864 464 1
2788 787 1
3431 2569 1
3431 1513 1
3280 76 1
3280 1609 1
3280 1709 1
3280 2895 1
3280 878 1
3280 1568 1
3280 3315 1
1221 2703 1
1132 245 1
20 1255 1
1063 1693 1
2509 2876 1
409 1206 1
409 907 1
1684 727 1
3219 3523 1
2303 759 1
2425 953 1
2425 2987 1
2425 3145 1
2425 3363 1
2425 285 1
2425 770 1
2425 1630 1
2425 2887 1
2425 1532 1
2425 1569 1
2425 1520 1
2425 1658 1
2425 2805 1
2698 3395 1
3510 931 1
3510 3526 1
3510 3229 1
3510 2177 1
3510 1752 1
3510 3635 1
3510 91 1
3510 1528 1
3510 359 1
3510 3609 1
3510 2948 1
3510 2287 1
3510 3010 1
815 138 1
2901 2880 1
1836 889 1
1082 1143 1
2567 1192 1
2567 671 1
2567 3199 1
2567 1000 1
2567 13 1
2567 3546 1
2405 1201 1
3191 512 1
566 3267 1
566 124 1
55 3220 1
55 362 1
55 3138 1
55 1576 1
2372 3106 1
3216 480 1
3216 723 1
1541 2714 1
1755 1472 1
1603 3444 1
3534 3288 1
1580 1995 1
1558 1893 1
1425 545 1
2457 3137 1
2457 2266 1
2457 1469 1
2457 2507 1
2457 1600 1
2457 2712 1
2457 2869 1
2457 1116 1
3276 2563 1
3454 3660 1
2722 943 1
2722 1133 1
129 3261 1
1213 3260 1
2991 3632 1
1987 3133 1
2427 1065 1
2427 7 1
2470 2700 1
2470 2975 1
125 3188 1
125 2608 1
125 1543 1
125 300 1
1594 1425 1
3184 2412 1
1027 1503 1
1027 531 1
2592 1029 1
2592 913 1
2592 2813 1
2592 1297 1
2592 3698 1
2592 611 1
2592 35 1
80 2040 1
158 580 1
2516 3236 1
2516 2493 1
2516 1293 1
354 805 1
2519 1359 1
2465 780 1
3165 2385 1
3165 2488 1
1042 2127 1
2263 766 1
2263 323 1
2263 1096 1
2263 1777 1
2263 2865 1
2263 2429 1
2263 2548 1
513 1930 1
2784 1109 1
2784 2321 1
3255 1827 1
3553 1642 1
3553 3344 1
3553 196 1
205 3550 1
1720 3725 1
432 643 1
342 3265 1
587 2184 1
587 89 1
1816 226 1
3544 247 1
30 680 1
2762 1989 1
2762 1298 1
2762 3627 1
2804 3529 1
2804 1152 1
2804 2650 1
2804 2808 1
2804 3417 1
2804 1814 1
2804 3661 1
2804 3333 1
2804 2306 1
2804 210 1
2804 2447 1
588 3412 1
588 2753 1
588 1377 1
588 2992 1
1295 2671 1
2086 3459 1
2986 796 1
1032 1841 1
1032 2375 1
1032 3579 1
1032 2864 1
1032 2333 1
2751 2793 1
2811 2364 1
2811 2267 1
3351 3118 1
3351 420 1
1409 899 1
1409 2593 1
1409 2046 1
595 3405 1
595 111 1
595 156 1
595 2584 1
595 286 1
595 905 1
595 1555 1
595 3584 1
595 3647 1
595 950 1
595 1598 1
595 2218 1
595 11 1
595 1666 1
595 1364 1
595 3078 1
595 2307 1
595 103 1
595 1728 1
3000 624 1
3000 3016 1
514 3153 1
469 1637 1
469 1560 1
469 2604 1
469 3243 1
469 2439 1
2362 3637 1
2362 2834 1
2362 2388 1
2362 2688 1
2362 1333 1
2362 1981 1
2362 2206 1
2362 2457 1
2362 1477 1
2362 1762 1
1468 1214 1
1468 289 1
1468 2666 1
880 3658 1
523 1075 1
523 1412 1
1307 2960 1
1307 3190 1
1307 593 1
1307 725 1
1307 3228 1
1307 2927 1
1307 2205 1
1307 3056 1
1307 986 1
1307 2592 1
1307 462 1
1307 2752 1
1307 295 1
1307 2233 1
1307 1475 1
1307 40 1
1307 786 1
2406 2769 1
2406 281 1
2406 1327 1
2406 1551 1
2406 3511 1
2406 2436 1
2406 1302 1
3160 327 1
3234 395 1
1021 2940 1
3398 2063 1
3398 2449 1
3398 738 1
2019 2481 1
984 2229 1
2555 3271 1
2555 1205 1
2555 646 1
196 956 1
196 3376 1
196 3026 1
3671 497 1
3671 1757 1
3671 537 1
1062 270 1
1062 1562 1
1062 2877 1
1062 2755 1
1062 2844 1
704 516 1
3424 2606 1
3424 926 1
3424 2618 1
3424 2382 1
3424 1308 1
3424 1938 1
3424 1168 1
3424 859 1
3424 2298 1
3475 2126 1
3480 473 1
599 3111 1
2091 2058 1
2091 3371 1
2091 3556 1
2091 374 1
1147 1613 1
549 3662 1
2441 32 1
1387 1508 1
1160 2294 1
2117 3280 1
2117 3080 1
3527 283 1
2790 806 1
3150 2023 1
114 1050 1
985 179 1
985 1643 1
985 2572 1
985 2512 1
985 2781 1
985 2748 1
3119 3685 1
3119 2174 1
3119 504 1
3119 3492 1
3119 2832 1
1979 3321 1
229 1931 1
1256 707 1
1256 2051 1
1256 1623 1
1256 2043 1
2759 2256 1
19 1243 1
797 337 1
1712 2373 1
1712 557 1
1712 3072 1
1712 2897 1
1712 257 1
1712 1773 1
1712 3702 1
1712 1440 1
2334 47 1
2760 2326 1
3508 1085 1
3508 529 1
3508 590 1
3508 3227 1
3508 1883 1
3277 3278 1
263 3683 1
86 3708 1
1856 1843 1
1298 2462 1
1298 3036 1
863 1911 1
1926 147 1
3400 128 1
3400 3006 1
3400 3242 1
3400 39 1
3400 2327 1
3400 1384 1
3400 2658 1
3400 612 1
3400 524 1
440 2794 1
2492 3222 1
3309 766 1
1368 3054 1
468 2514 1
1532 3241 1
1532 850 1
1532 971 1
1267 154 1
2882 1080 1
2882 1853 1
2882 1463 1
2882 363 1
2882 2423 1
2882 2938 1
2882 1574 1
2882 2109 1
1317 1371 1
238 1385 1
3300 995 1
3300 3418 1
2124 2562 1
1554 2963 1
3615 2588 1
3615 73 1
3615 1489 1
3615 3638 1
3615 1991 1
3615 2581 1
1129 1751 1
1413 132 1
1888 3506 1
1888 1387 1
1888 2905 1
1888 1719 1
91 92 1
91 900 1
91 860 1
91 710 1
91 1022 1
91 2466 1
91 3678 1
67 1036 1
574 2661 1
1356 2513 1
422 2599 1
422 721 1
422 2842 1
422 1159 1
1706 600 1
1834 2993 1
1834 719 1
1304 1148 1
1939 2612 1
1939 2195 1
1939 3074 1
906 1003 1
906 2596 1
906 425 1
906 75 1
906 3134 1
373 272 1
373 2182 1
373 1393 1
373 277 1
373 543 1
373 3493 1
373 2065 1
373 534 1
373 3448 1
2719 3151 1
3619 2694 1
3619 1905 1
3561 829 1
3067 3425 1
3067 371 1
502 1215 1
122 1748 1
122 1273 1
122 1951 1
122 1579 1
122 1284 1
2185 866 1
2185 1465 1
2185 2305 1
2185 3453 1
2185 1793 1
2185 3094 1
2185 3540 1
2185 460 1
980 408 1
528 64 1
2662 567 1
1026 1780 1
2114 228 1
2114 3201 1
2114 2564 1
2114 3285 1
2114 547 1
575 565 1
1831 3654 1
1831 1860 1
658 1681 1
658 2716 1
658 491 1
658 56 1
2605 430 1
2489 2799 1
143 1786 1
3428 2831 1
3428 1103 1
2533 8 1
199 1040 1
976 2565 1
186 3365 1
492 2196 1
2914 1503 1
894 2142 1
894 3578 1
1278 301 1
2602 756 1
2763 3247 1
1112 1713 1
2611 1942 1
2073 2866 1
2482 311 1
2482 2341 1
2482 1379 1
2482 615 1
2482 669 1
2482 1414 1
3580 2243 1
201 3408 1
3110 1753 1
1714 330 1
1714 585 1
112 190 1
2009 2407 1
3468 1749 1
3092 1185 1
3092 2082 1
2701 4 1
2701 1328 1
2701 2230 1
2701 2033 1
526 2389 1
526 360 1
526 2107 1
526 2410 1
526 2654 1
526 1265 1
526 2668 1
1654 3392 1
2005 691 1
3378 3245 1
3378 1832 1
3378 1285 1
3378 3293 1
3378 1525 1
2237 892 1
3128 2270 1
2433 2819 1
2295 1632 1
1526 3240 1
702 3119 1
2128 2241 1
1037 1072 1
209 559 1
209 3095 1
2535 1659 1
2535 3709 1
1161 1927 1
1161 3019 1
1161 1710 1
1161 207 1
3663 2426 1
3663 1244 1
788 3035 1
788 652 1
788 445 1
788 1823 1
788 746 1
788 3172 1
788 886 1
788 2164 1
788 1452 1
788 426 1
788 1188 1
788 1321 1
788 1391 1
788 3183 1
788 2027 1
788 187 1
788 3331 1
788 2679 1
589 1874 1
1283 1060 1
1283 1120 1
495 1369 1
1137 1264 1
3641 3594 1
2204 368 1
279 177 1
279 2376 1
2999 2971 1
145 49 1
145 3718 1
145 3486 1
145 1996 1
1929 2263 1
3464 2619 1
393 241 1
105 2276 1
3729 2777 1
3729 1758 1
191 3452 1
191 221 1
191 3125 1
191 1089 1
191 3307 1
191 819 1
191 1678 1
448 619 1
448 1959 1
448 380 1
2435 2678 1
3355 94 1
1590 1246 1
1590 1772 1
1590 2800 1
1590 743 1
1590 2978 1
1590 3513 1
1743 261 1
434 769 1
434 3073 1
434 2477 1
434 2286 1
434 1533 1
680 720 1
1223 1872 1
12 714 1
1812 1131 1
506 2240 1
1903 1471 1
1903 3664 1
1903 3377 1
2467 3538 1
736 273 1
874 1830 1
3121 486 1
1747 2038 1
1747 449 1
1747 3361 1
1312 3310 1
1312 2566 1
2791 633 1
3030 2899 1
1247 3681 1
2201 663 1
2773 3477 1
2146 1332 1
1069 1703 1
3275 2077 1
2942 2573 1
3394 890 1
1122 1357 1
1122 1094 1
1122 1838 1
1122 977 1
1231 1049 1
1231 2113 1
2764 58 1
1126 1030 1
1239 2996 1
2090 2154 1
2090 167 1
3156 3521 1
3156 2734 1
3496 348 1
331 2892 1
3572 3691 1
1311 3126 1
1311 2168 1
947 347 1
1978 2707 1
1001 3032 1
1001 3397 1
2108 3728 1
2881 343 1
1280 2458 1
1280 3192 1
1280 3185 1
1280 2371 1
1651 552 1
305 2802 1
305 2296 1
1204 1611 1
1204 3011 1
1204 1605 1
1204 2216 1
1204 2202 1
1204 2629 1
1204 3532 1
1204 664 1
1204 3505 1
1204 3488 1
1204 2780 1
1204 3256 1
1204 3077 1
1204 846 1
1204 1544 1
1204 3518 1
1204 3517 1
1204 2257 1
1204 1534 1
376 2511 1
376 1567 1
376 3585 1
376 1155 1
376 473 1
376 2370 1
376 115 1
376 3135 1
376 1274 1
376 1355 1
376 2826 1
376 366 1
1576 101 1
1576 982 1
1983 2473 1
1983 3100 1
1983 3338 1
1142 2475 1
377 2743 1
377 1908 1
2660 761 1
3250 1191 1
14 2348 1
2148 1839 1
897 1869 1
2594 1219 1
2594 3650 1
2594 214 1
2594 2590 1
2594 3548 1
2594 2281 1
2594 2235 1
509 2127 1
465 3264 1
2132 444 1
715 2556 1
1608 1784 1
2301 2915 1
2301 333 1
966 1105 1
21 230 1
1675 1730 1
1675 130 1
1675 3471 1
1675 624 1
1675 3016 1
1675 3470 1
454 171 1
2052 2761 1
2052 2900 1
2052 2165 1
3325 155 1
538 267 1
538 2539 1
1056 3682 1
3292 2229 1
1493 808 1
1493 2546 1
1299 3068 1
1299 2274 1
1299 2622 1
1299 2247 1
1299 258 1
1299 2640 1
2540 3403 1
2568 3652 1
2568 948 1
2541 1614 1
705 883 1
705 3027 1
26 1769 1
3621 1454 1
3044 2847 1
2015 436 1
2015 351 1
996 3499 1
1375 66 1
394 817 1
394 2161 1
394 1439 1
1798 3437 1
1724 2954 1
1724 3034 1
1724 396 1
79 3576 1
79 3108 1
79 2918 1
79 2941 1
79 3639 1
79 916 1
79 814 1
79 1453 1
79 1316 1
79 3322 1
79 3329 1
79 3482 1
79 1005 1
79 264 1
79 1708 1
79 3606 1
79 1673 1
79 825 1
79 728 1
79 3580 1
79 1303 1
79 3409 1
79 459 1
79 2870 1
79 618 1
79 3500 1
79 487 1
79 608 1
869 854 1
1289 2545 1
1289 949 1
1289 2354 1
1289 1365 1
904 1363 1
904 3115 1
807 227 1
2758 2031 1
2758 3438 1
1466 2268 1
1008 1591 1
1949 2404 1
1949 1547 1
1949 1578 1
1949 3472 1
1949 3048 1
1949 1903 1
1949 1925 1
2397 3590 1
385 2739 1
2537 1426 1
2537 338 1
2537 1768 1
2537 3063 1
2537 791 1
2537 836 1
2537 3268 1
2537 972 1
2537 3720 1
2537 3469 1
2537 2470 1
2537 1810 1
2537 339 1
2537 757 1
2537 1675 1
2537 2398 1
2537 2151 1
2537 3239 1
2537 2176 1
2537 2342 1
2537 1934 1
2537 573 1
2537 554 1
2537 1754 1
2537 3507 1
1415 2730 1
2946 2081 1
1200 3204 1
250 3617 1
250 2209 1
3113 3286 1
2614 908 1
2614 3646 1
3624 1202 1
1321 873 1
1321 437 1
1321 3569 1
1321 1960 1
1321 1325 1
1321 2337 1
416 332 1
416 2677 1
416 1455 1
416 2646 1
416 3655 1
1899 3269 1
1899 23 1
1899 1777 1
2944 82 1
2944 2136 1
2944 2472 1
2944 2635 1
2088 3473 1
1710 11 1
1710 2330 1
1485 2704 1
2994 2175 1
2994 1130 1
2994 157 1
2994 747 1
2994 2969 1
2994 2689 1
2994 2322 1
2994 2623 1
2994 2149 1
2994 2234 1
2994 3088 1
2994 2967 1
2994 1138 1
313 2736 1
313 397 1
1916 3153 1
1916 1054 1
3725 2092 1
3725 398 1
3725 3028 1
2601 2011 1
2601 1527 1
1581 2293 1
204 3299 1
3183 2155 1
3183 841 1
3183 2628 1
3183 2785 1
3183 1034 1
942 1322 1
763 1370 1
662 1062 1
1394 1877 1
927 2133 1
927 2020 1
1443 970 1
1264 1873 1
2010 1730 1
2010 1499 1
2010 1763 1
2010 2567 1
2010 1077 1
2010 3161 1
2010 1538 1
1163 915 1
1325 672 1
1325 1717 1
1325 211 1
2792 1299 1
3340 2690 1
3340 1496 1
1329 1588 1
93 2840 1
2579 3237 1
2579 2400 1
3686 149 1
1988 644 1
753 100 1
722 2995 1
722 1268 1
722 891 1
375 1353 1
375 1367 1
1687 2886 1
1687 3643 1
2346 2219 1
3148 2559 1
3148 2077 1
3312 1766 1
3312 962 1
3312 1272 1
3312 1018 1
3312 429 1
3312 1438 1
3312 1545 1
3312 682 1
3312 191 1
3312 3607 1
3312 1014 1
3312 2912 1
723 2528 1
723 164 1
723 2070 1
723 1781 1
723 1292 1
723 9 1
5 3628 1
485 2029 1
481 1552 1
630 2248 1
2442 159 1
3519 274 1
168 2573 1
518 3495 1
839 904 1
3616 1226 1
1644 3391 1
2968 893 1
1663 1590 1
2342 1313 1
2342 3504 1
2342 1398 1
2342 1999 1
2342 2478 1
1956 3178 1
1956 1023 1
1956 798 1
3633 1918 1
1208 139 1
78 2542 1
1215 2871 1
1215 2225 1
1215 2510 1
1215 2160 1
1215 1186 1
1215 1892 1
1537 3209 1
937 1254 1
2581 2494 1
882 1385 1
2060 712 1
3080 2221 1
3080 2428 1
2374 3666 1
2374 304 1
2374 3711 1
3326 248 1
3043 173 1
2950 372 1
3676 236 1
3001 684 1
3001 450 1
2912 2226 1
2912 3317 1
2912 535 1
3017 1366 1
1950 1111 1
1950 1071 1
1950 3106 1
1950 1878 1
3512 1815 1
3512 740 1
3512 42 1
2872 2078 1
2872 1798 1
2872 1427 1
1222 2551 1
1222 1245 1
615 1101 1
1667 3168 1
1667 2701 1
1013 189 1
2186 3476 1
2026 33 1
2026 3593 1
2026 1044 1
150 1416 1
2550 3173 1
1536 571 1
653 1553 1
653 1470 1
653 3704 1
653 3433 1
653 3318 1
653 1290 1
653 2503 1
653 2239 1
653 1674 1
653 1854 1
653 2425 1
653 2091 1
653 1593 1
653 677 1
653 1028 1
653 3484 1
653 334 1
653 3611 1
653 2672 1
653 1510 1
653 2309 1
2264 1106 1
2845 1777 1
2928 171 1
910 3059 1
1972 369 1
2014 591 1
1257 1218 1
1257 41 1
1257 2277 1
169 2725 1
3716 676 1
3716 581 1
3716 2953 1
3716 3399 1
3716 1230 1
3716 1702 1
3716 3368 1
3716 902 1
3716 365 1
1419 3230 1
1419 2473 1
3640 3259 1
3076 635 1
3076 1087 1
3105 2506 1
3430 3103 1
3430 2768 1
2431 1602 1
467 1917 1
752 3596 1
3530 1182 1
3530 849 1
3530 3200 1
3530 2983 1
3530 2325 1
1826 3554 1
1826 792 1
1826 2771 1
1767 95 1
884 3670 1
884 2317 1
884 2705 1
1961 1520 1
604 3601 1
604 3421 1
604 2708 1
604 3468 1
604 2893 1
1865 2862 1
1865 394 1
1865 584 1
983 2502 1
1376 3064 1
625 2835 1
1907 3089 1
252 315 1
2538 2875 1
1076 2072 1
1306 1842 1
3051 3381 1
2674 2244 1
2674 1269 1
2674 3235 1
2674 1481 1
2674 2476 1
2674 3494 1
2674 1633 1
2674 3346 1
2674 701 1
2674 3107 1
2674 781 1
2674 576 1
2674 3531 1
2674 1341 1
2674 1190 1
2674 1224 1
2674 50 1
2674 1458 1
2674 1178 1
2674 1249 1
2674 3372 1
968 2702 1
2863 2951 1
2863 1107 1
2863 2118 1
1033 183 1
809 24 1
861 1582 1
861 2787 1
998 2320 1
1456 249 1
2453 955 1
2453 218 1
1847 142 1
2683 692 1
2683 1586 1
2683 1599 1
2683 2049 1
2162 2138 1
2162 94 1
2162 2480 1
2162 1833 1
2162 3127 1
2162 2904 1
2162 542 1
2162 384 1
2162 1660 1
2162 1468 1
2162 2117 1
2162 985 1
2162 3312 1
2162 2062 1
2162 868 1
1044 1478 1
2245 3466 1
3598 3589 1
1941 2956 1
1941 326 1
2115 3667 1
461 1604 1
3117 732 1
3198 1114 1
786 405 1
786 2036 1
786 2293 1
786 3217 1
786 2962 1
786 1740 1
786 1998 1
786 3483 1
786 643 1
786 3049 1
786 1737 1
786 1358 1
786 2961 1
786 3366 1
786 3221 1
786 1973 1
786 2166 1
786 1668 1
786 3129 1
786 2316 1
786 3557 1
786 344 1
786 2002 1
786 3600 1
2025 1919 1
2829 1695 1
2829 2153 1
2829 27 1
3373 1559 1
1699 411 1
1997 2253 1
711 2468 1
2067 482 1
2318 1320 1
1754 3152 1
1754 2547 1
1754 944 1
1754 3474 1
1754 3710 1
1754 3123 1
2411 1326 1
1741 893 1
2894 3687 1
2894 2291 1
2094 2994 1
2740 1587 1
341 568 1
234 694 1
3406 990 1
3406 555 1
3406 3364 1
1078 2570 1
2672 967 1
2300 2957 1
2655 3367 1
2655 288 1
2655 185 1
2655 3567 1
2655 1965 1
1940 223 1
1940 198 1
1940 1479 1
1940 2896 1
3613 2366 1
1128 2574 1
1128 1169 1
1128 920 1
1607 810 1
1607 2515 1
1607 2973 1
1607 1629 1
1607 614 1
1607 789 1
1607 2733 1
1607 1004 1
3246 2259 1
1975 3060 1
1975 3012 1
1975 903 1
864 3456 1
2227 2112 1
1207 1301 1
1207 2776 1
2280 1561 1
2280 2517 1
2280 2074 1
302 1079 1
302 97 1
3358 1902 1
2816 1676 1
2816 3712 1
2816 3690 1
2463 1337 1
2463 764 1
734 755 1
734 1890 1
734 1685 1
1510 2724 1
2112 1287 1
2112 2684 1
2112 1626 1
2112 2908 1
2112 1807 1
2112 1866 1
2112 176 1
2112 310 1
2112 681 1
2112 406 1
2112 3169 1
2112 1946 1
2112 2626 1
3722 940 1
3722 2289 1
3291 2806 1
2648 2452 1
2911 2600 1
2911 881 1
2911 1236 1
2343 1250 1
2355 1330 1
1064 3429 1
1064 3175 1
3599 1417 1
2591 2563 1
2750 3266 1
2750 802 1
2750 2474 1
2750 1575 1
2495 1649 1
2495 3274 1
2495 885 1
2495 2916 1
1516 801 1
25 1423 1
868 2037 1
868 2193 1
364 3120 1
3625 1216 1
2309 3086 1
1861 1170 1
1861 594 1
1861 606 1
1861 2627 1
1861 3194 1
1680 401 1
2145 3305 1
3037 2971 1
1848 1966 1
3451 2955 1
718 1046 1
352 1067 1
312 2603 1
1727 1794 1
2896 1501 1
2386 427 1
2766 617 1
1348 3362 1
65 51 1
65 1621 1
65 2686 1
65 2284 1
65 546 1
65 2367 1
65 2820 1
166 180 1
166 1502 1
166 603 1
1045 2561 1
2000 2207 1
586 2883 1
586 1509 1
586 1209 1
586 3053 1
586 957 1
586 3629 1
586 2185 1
586 830 1
586 3542 1
586 2644 1
586 483 1
586 2055 1
586 2115 1
586 3382 1
586 3522 1
586 2356 1
586 456 1
490 2653 1
490 1683 1
490 3040 1
2782 2695 1
2782 3066 1
2782 1386 1
2782 3626 1
3220 1424 1
3220 3170 1
3644 442 1
3266 2715 1
2756 3707 1
2756 1881 1
324 3478 1
1252 1785 1
3118 120 1
740 471 1
740 1953 1
741 2299 1
1499 2833 1
1499 2647 1
2458 2906 1
577 3181 1
3433 306 1
3433 1462 1
1494 862 1
1494 1498 1
1494 3144 1
1494 1397 1
1494 2006 1
1555 2013 1
1802 909 1
1802 3282 1
1802 1809 1
1802 3583 1
1802 1048 1
2939 484 1
2939 2101 1
1349 3535 1
1349 3348 1
1349 2643 1
3344 419 1
2078 2288 1
2078 867 1
134 2022 1
134 1704 1
134 415 1
2038 632 1
2038 3311 1
3081 3680 1
3081 2282 1
3081 1229 1
3081 367 1
2808 213 1
2808 1420 1
804 2504 1
804 1070 1
804 620 1
804 1092 1
804 2103 1
1592 678 1
1592 1811 1
1592 3487 1
1592 3208 1
1592 2391 1
1592 2095 1
1592 2292 1
1592 941 1
1592 161 1
1592 1645 1
1592 3481 1
1592 3485 1
1592 3334 1
1592 2552 1
1592 1361 1
1592 2012 1
2323 2170 1
1984 1846 1
70 695 1
70 2720 1
2897 1867 1
1319 1338 1
1319 1016 1
3369 266 1
3369 381 1
3524 1019 1
3661 2958 1
1872 1922 1
1872 2285 1
2913 3669 1
2913 730 1
1708 2757 1
3280 1909 1
3280 2919 1
3280 816 1
3280 131 1
2425 2479 1
2425 2336 1
2425 3407 1
2457 3413 1
301 1671 1
301 3359 1
301 505 1
301 1279 1
301 2434 1
2263 472 1
2804 232 1
595 1791 1
595 2976 1
595 3180 1
1307 2571 1
1307 1392 1
1062 1346 1
1062 1266 1
1062 3537 1
3150 3384 1
3119 3308 1
3119 2560 1
3119 2223 1
1712 1309 1
1712 2250 1
422 1920 1
422 2861 1
422 293 1
422 3341 1
422 3695 1
422 3055 1
422 1906 1
422 370 1
422 1381 1
422 2242 1
422 1652 1
422 1944 1
422 1718 1
422 202 1
1678 2071 1
1678 1824 1
1678 507 1
373 3674 1
2185 2254 1
526 1057 1
788 317 1
788 1778 1
1204 1928 1
1204 254 1
1204 2032 1
376 2632 1
1576 2443 1
1983 1388 1
2594 1315 1
2594 1422 1
2594 3465 1
1299 1179 1
1299 2717 1
1798 1127 1
1798 934 1
79 818 1
79 224 1
79 3612 1
79 1459 1
79 1102 1
1949 2110 1
1949 790 1
2537 2197 1
2537 2634 1
2537 428 1
3444 3350 1
3444 2615 1
568 1570 1
2994 2057 1
2994 3588 1
2994 2889 1
2994 2721 1
2346 2381 1
2346 2190 1
723 3393 1
2674 144 1
2674 1849 1
2674 2693 1
2674 3631 1
2674 15 1
2674 178 1
2674 1765 1
2674 407 1
706 3289 1
706 2903 1
2162 3571 1
2162 294 1
2162 3336 1
2162 2878 1
2162 2210 1
737 1698 1
737 275 1
786 2134 1
786 2929 1
786 820 1
786 1314 1
786 1372 1
786 621 1
786 1852 1
1754 700 1
1754 2749 1
1754 1110 1
2894 3440 1
2894 3461 1
2655 1880 1
1207 1113 1
1083 847 1
1083 2335 1
1083 3 1
65 1281 1
1817 1800 1
2669 3615 1
870 3012 1
474 3157 1
1035 328 1
1813 2894 1
1573 3295 1
2111 387 1
239 1646 1
1615 2001 1
1677 3697 1
2852 1870 1
2852 771 1
1948 3303 1
686 2939 1
160 716 1
160 410 1
1967 3672 1
2774 1340 1
3528 438 1
1958 3656 1
1958 373 1
1937 324 1
2884 1494 1
2884 1307 1
2884 2482 1
2884 788 1
1932 1385 1
656 2162 1
1153 376 1
2959 2898 1
616 1156 1
844 1984 1
2732 694 1
2290 675 1
773 321 1
2414 2522 1
961 578 1
1461 946 1
3021 1222 1
522 693 1
865 833 1
2498 636 1
2498 1409 1
2498 2537 1
2469 70 1
1913 1186 1
1669 1688 1
981 2185 1
551 685 1
551 586 1
1187 2517 1
1797 1083 1
3435 1968 1
1863 2848 1
3079 2613 1
3415 1204 1
3555 2440 1
928 680 1
2167 653 1
2984 1373 1
969 1915 1
697 2385 1
1006 1428 1
742 2637 1
6 441 1
3290 2428 1
2338 804 1
872 1950 1
1504 2694 1
1504 2529 1
2332 2804 1
3174 134 1
2438 174 1
3052 3618 1
1441 31 1
622 1255 1
2178 488 1
2021 2297 1
2396 2663 1
1051 235 1
3257 2709 1
1963 2017 1
1176 1933 1
346 1118 1
2945 2220 1
126 2213 1
626 1242 1
1548 1505 1
1548 1983 1
1548 1879 1
1227 2692 1
1248 595 1
3225 3098 1
3013 2518 1
3574 1506 1
378 3065 1
2710 3223 1
357 929 1
262 3212 1
1825 3620 1
1460 2656 1
3284 3645 1
527 975 1
1435 3003 1
1324 2838 1
2102 1140 1
1546 1067 1
1985 117 1
3543 2483 1
477 3369 1
989 1592 1
1889 1222 1
665 2576 1
87 1445 1
2203 520 1
1901 1344 1
237 2675 1
2450 1260 1
1943 3630 1
3668 1319 1
539 515 1
1362 1343 1
3262 2278 1
2269 372 1
845 1099 1
3558 1233 1
2345 3677 1
2841 3436 1
1276 1197 1
1429 2417 1
912 526 1
2378 2394 1
560 2730 1
2664 2351 1
3516 745 1
37 1031 1
3041 2513 1
1539 2807 1
739 1924 1
2047 3442 1
1935 1020 1
837 83 1
307 260 1
3445 1457 1
832 651 1
1884 358 1
645 1180 1
1217 774 1
3446 1124 1
3233 1399 1
3501 447 1
2050 654 1
2212 2830 1
1715 2589 1
2557 2877 1
3159 2718 1
775 1530 1
3602 2251 1
777 2272 1
2211 1619 1
2249 3503 1
2311 3095 1
2706 673 1
627 1623 1
