2079 1807 1
1513 1874 1
1429 1913 1
1429 1134 1
1429 1161 1
1429 2105 1
1429 491 1
1429 2234 1
1477 434 1
2190 93 1
1589 596 1
1589 35 1
2060 2205 1
1226 1606 1
471 1758 1
1377 700 1
1597 2110 1
2381 150 1
2188 1792 1
2188 1291 1
2188 467 1
2188 200 1
2188 2177 1
2188 551 1
2188 221 1
2188 2317 1
1674 1680 1
1854 1816 1
1854 2080 1
1854 910 1
1368 747 1
1358 2289 1
1617 2146 1
1617 2048 1
1617 2184 1
1617 1076 1
1461 442 1
796 908 1
1625 418 1
1625 1827 1
1625 1103 1
713 1745 1
713 1198 1
713 546 1
713 307 1
713 2072 1
713 1666 1
1328 2058 1
1328 33 1
1328 1510 1
1328 2160 1
1328 336 1
2223 2098 1
2223 168 1
2223 1576 1
772 273 1
772 1986 1
772 1077 1
772 1408 1
772 1374 1
772 814 1
772 47 1
772 1366 1
772 29 1
772 2351 1
772 5 1
772 1149 1
772 36 1
772 1419 1
772 1189 1
772 1456 1
772 2092 1
772 1583 1
772 1711 1
772 799 1
1442 1506 1
1442 363 1
2058 469 1
2058 1738 1
2058 1104 1
2058 109 1
2058 1176 1
2058 644 1
2187 721 1
316 602 1
316 1892 1
316 386 1
316 2144 1
2219 694 1
1870 106 1
613 692 1
613 2086 1
613 416 1
613 1107 1
1427 614 1
2175 1882 1
2175 185 1
298 81 1
256 570 1
256 852 1
256 357 1
256 907 1
256 160 1
256 562 1
256 933 1
256 951 1
256 1135 1
245 1305 1
468 2379 1
1468 1537 1
1468 2350 1
1468 1974 1
1468 1397 1
1468 1072 1
1468 680 1
1468 1137 1
975 721 1
975 2010 1
774 1229 1
774 1089 1
774 174 1
774 1588 1
774 1730 1
320 978 1
320 43 1
320 447 1
320 1596 1
320 1463 1
1179 867 1
1179 103 1
1179 594 1
957 390 1
1059 91 1
1661 1345 1
399 1827 1
1177 1908 1
1347 564 1
1326 1746 1
1326 175 1
1174 1513 1
537 1847 1
537 1045 1
537 1611 1
537 2165 1
53 1897 1
2139 2198 1
2139 1784 1
2139 1360 1
2139 1722 1
2139 1693 1
2139 1684 1
775 554 1
1815 41 1
899 333 1
1293 1499 1
1293 1327 1
793 1425 1
793 1279 1
793 1370 1
793 2156 1
793 1044 1
793 2155 1
793 1388 1
793 431 1
793 2338 1
327 2018 1
1283 1226 1
1283 253 1
1283 1114 1
1283 917 1
1283 1762 1
1283 1013 1
1303 970 1
1303 1350 1
1303 407 1
321 25 1
641 1030 1
1446 1385 1
1446 2368 1
1446 890 1
1446 885 1
1446 2309 1
1446 262 1
969 147 1
813 1337 1
813 1275 1
813 989 1
813 2082 1
813 744 1
813 943 1
813 1095 1
813 292 1
1333 1695 1
1659 1630 1
1659 1352 1
1659 868 1
1659 913 1
1659 1333 1
1659 628 1
1659 1836 1
1659 176 1
2154 135 1
93 959 1
1475 1927 1
270 1577 1
814 452 1
814 1473 1
814 988 1
814 1561 1
1280 2194 1
1280 324 1
136 1511 1
136 1073 1
136 2014 1
136 477 1
136 897 1
136 523 1
136 2211 1
136 1632 1
136 1484 1
136 2108 1
136 1652 1
136 2067 1
136 1338 1
136 1365 1
1923 486 1
1923 2277 1
1923 119 1
950 780 1
1664 341 1
1664 597 1
1664 481 1
1664 1750 1
1664 191 1
2305 2002 1
2305 214 1
2305 2369 1
2305 2124 1
2305 1262 1
2305 714 1
2368 194 1
2368 764 1
2368 1635 1
2368 1307 1
2368 335 1
2077 1120 1
1761 946 1
1983 1316 1
571 100 1
571 203 1
571 636 1
571 1372 1
1655 2171 1
1655 1748 1
2273 1623 1
1252 195 1
1578 436 1
2119 1957 1
825 1824 1
825 620 1
825 2345 1
825 1669 1
2296 1610 1
427 2262 1
1064 1052 1
284 762 1
284 925 1
284 2047 1
284 264 1
284 400 1
284 1222 1
284 2341 1
1524 296 1
42 895 1
42 1287 1
42 984 1
1670 238 1
1670 541 1
1670 1935 1
1663 963 1
1663 1972 1
914 599 1
1500 1783 1
1500 900 1
1500 1504 1
1500 1086 1
1500 1007 1
1500 343 1
1500 1982 1
1500 2220 1
820 791 1
1301 1837 1
1301 1640 1
2363 430 1
2349 1670 1
2349 1200 1
2349 851 1
1485 1121 1
1485 1218 1
1485 2353 1
1485 1775 1
138 2255 1
675 266 1
675 1774 1
1720 921 1
1720 2252 1
1720 1097 1
1720 1282 1
1720 280 1
1720 137 1
1720 1959 1
784 2036 1
784 2145 1
1414 99 1
1414 1346 1
1414 2360 1
1414 2106 1
1414 1100 1
1414 1562 1
1414 265 1
297 512 1
297 529 1
297 1802 1
297 122 1
297 126 1
297 815 1
297 170 1
297 1949 1
297 393 1
297 763 1
2207 1215 1
982 558 1
982 450 1
982 1858 1
982 1239 1
982 565 1
982 76 1
1356 1710 1
2056 1540 1
2056 1147 1
2056 1992 1
2056 1162 1
2056 1130 1
2056 1929 1
1091 794 1
804 1834 1
1987 658 1
1987 1779 1
782 939 1
782 1313 1
1016 1451 1
1016 1574 1
1016 660 1
1613 575 1
1613 56 1
1613 1308 1
1613 261 1
1613 1212 1
1613 172 1
1613 1872 1
1613 404 1
1114 1373 1
1769 1443 1
1136 1966 1
114 2206 1
114 1411 1
2143 2041 1
1250 1378 1
1250 1909 1
1250 183 1
29 1228 1
29 27 1
29 2227 1
29 652 1
29 371 1
29 2210 1
29 1399 1
29 2195 1
29 1099 1
29 1591 1
29 1741 1
60 383 1
134 777 1
542 1214 1
439 211 1
240 1707 1
240 1770 1
530 63 1
530 180 1
530 22 1
530 931 1
530 2128 1
530 1793 1
2115 2299 1
2115 1254 1
2115 189 1
247 681 1
2033 857 1
1296 222 1
2258 1405 1
2258 1014 1
2258 1723 1
2258 1697 1
2258 494 1
2258 1689 1
2258 1888 1
2258 54 1
2258 850 1
2258 1123 1
2258 2052 1
2258 702 1
2258 871 1
2258 1281 1
2258 1765 1
2258 311 1
2258 663 1
2258 414 1
2258 2215 1
2258 1380 1
2258 294 1
2258 1609 1
2258 1904 1
2329 58 1
2329 1266 1
2329 535 1
2329 2089 1
432 976 1
2267 2225 1
2267 120 1
880 384 1
955 1421 1
955 698 1
955 1875 1
955 2126 1
955 1132 1
955 1146 1
955 129 1
955 1010 1
955 986 1
955 2 1
955 1915 1
955 1557 1
955 1566 1
955 725 1
955 2354 1
955 182 1
955 1165 1
955 2377 1
955 656 1
955 429 1
955 941 1
955 1274 1
955 2335 1
955 1163 1
1496 1381 1
1219 1831 1
1219 2310 1
2304 76 1
1206 1604 1
1206 974 1
1278 674 1
1278 364 1
1278 1497 1
1278 75 1
1278 69 1
1278 1895 1
1768 1191 1
1768 1918 1
1768 1315 1
1768 116 1
1768 1466 1
1768 1801 1
2002 1812 1
2002 1514 1
2002 807 1
2002 1245 1
2002 1592 1
1975 1739 1
1975 1825 1
1975 605 1
220 347 1
220 1594 1
220 841 1
875 2275 1
1945 1547 1
173 561 1
173 1155 1
598 1905 1
598 360 1
598 454 1
598 391 1
598 1885 1
598 2221 1
598 2244 1
598 1969 1
1256 606 1
1256 755 1
1256 753 1
1256 566 1
1256 507 1
1256 905 1
1256 1321 1
1445 1485 1
1532 387 1
1807 2348 1
654 891 1
654 528 1
654 837 1
1781 1101 1
716 141 1
1944 1038 1
1735 1800 1
1735 1184 1
1735 1304 1
1735 2245 1
1735 1928 1
448 1241 1
448 2226 1
448 2294 1
1273 2161 1
758 798 1
758 686 1
758 968 1
1180 497 1
1180 142 1
1180 1989 1
1180 1563 1
1180 456 1
1796 2078 1
1501 592 1
1501 1595 1
1501 534 1
1501 2107 1
1501 95 1
522 1022 1
1732 1101 1
1424 107 1
1424 149 1
1424 289 1
1424 361 1
874 1794 1
358 718 1
358 1593 1
358 64 1
168 1027 1
168 1776 1
1576 492 1
1576 98 1
1576 44 1
1576 787 1
1576 960 1
1426 1584 1
696 131 1
696 1389 1
2152 510 1
2152 2116 1
2152 795 1
2152 236 1
2152 926 1
655 2045 1
150 722 1
150 2376 1
150 924 1
150 1054 1
1748 2097 1
246 766 1
2121 435 1
2121 240 1
2121 1074 1
2121 948 1
2121 231 1
1585 1569 1
1585 2238 1
1585 1420 1
2295 2085 1
777 2196 1
777 1567 1
777 1615 1
1100 1368 1
1100 825 1
1100 1342 1
1100 1113 1
1100 455 1
1100 302 1
2271 1658 1
2271 1509 1
2271 1391 1
2271 462 1
2271 1521 1
2271 1565 1
2271 1587 1
2271 1727 1
267 3 1
786 1612 1
945 415 1
1233 479 1
1480 196 1
1480 1276 1
1480 1409 1
1480 630 1
1480 1880 1
1480 1987 1
1480 164 1
1480 1999 1
1480 148 1
1480 1483 1
1480 587 1
1480 1265 1
1133 2205 1
1133 1115 1
1171 306 1
1171 1678 1
1171 1879 1
1171 1017 1
408 1280 1
408 358 1
731 613 1
731 2329 1
731 955 1
731 1277 1
731 711 1
731 1845 1
139 465 1
139 733 1
139 502 1
139 676 1
139 373 1
139 881 1
1417 1994 1
2080 899 1
2080 1726 1
2080 2034 1
923 1309 1
993 730 1
993 1393 1
993 1700 1
993 672 1
993 2320 1
1642 26 1
1642 664 1
1898 1282 1
1154 2019 1
807 999 1
1322 84 1
1322 132 1
1249 1829 1
1249 2212 1
1249 1270 1
1249 983 1
2214 2361 1
2214 243 1
2214 1465 1
1533 834 1
1400 1757 1
788 241 1
1920 213 1
1920 704 1
1920 248 1
1920 709 1
1920 1183 1
1920 257 1
1920 832 1
111 110 1
111 961 1
111 2281 1
1660 2051 1
276 501 1
276 212 1
276 1599 1
276 1828 1
276 544 1
276 342 1
325 1066 1
325 557 1
325 2284 1
325 645 1
325 197 1
325 1821 1
325 1235 1
325 1332 1
325 1742 1
46 409 1
46 1237 1
46 1645 1
902 2163 1
902 1556 1
902 2137 1
1096 282 1
1096 1082 1
1096 940 1
869 167 1
619 1138 1
619 1797 1
865 2373 1
865 2150 1
865 1361 1
865 55 1
865 1522 1
2086 548 1
2086 1715 1
2086 1386 1
2086 1676 1
1526 920 1
1186 114 1
642 1990 1
2239 718 1
2239 2370 1
2239 732 1
2239 1965 1
2239 79 1
2239 1634 1
2239 1899 1
2239 625 1
590 1677 1
1568 1921 1
2025 1401 1
17 2224 1
1474 1706 1
1005 966 1
350 1664 1
2236 2290 1
2236 1761 1
2236 1148 1
2236 235 1
1092 2178 1
152 909 1
588 1612 1
314 977 1
1683 1341 1
1683 1181 1
1683 374 1
1683 87 1
964 1544 1
1407 1257 1
1407 1795 1
1407 1686 1
1407 92 1
534 457 1
534 1296 1
534 2267 1
534 1508 1
534 71 1
534 1564 1
534 1662 1
534 991 1
534 1653 1
1009 1097 1
2328 2103 1
1113 171 1
131 2193 1
131 1690 1
131 770 1
131 1650 1
131 344 1
131 710 1
2306 1724 1
2298 903 1
2298 2017 1
1435 65 1
1435 697 1
18 2011 1
160 1387 1
160 322 1
160 589 1
160 1426 1
160 445 1
160 499 1
160 826 1
160 707 1
160 1826 1
160 1646 1
160 2346 1
160 124 1
160 368 1
160 1713 1
2186 1427 1
2186 232 1
1159 1067 1
1088 2371 1
882 127 1
882 1197 1
882 2132 1
882 838 1
882 877 1
882 1673 1
882 621 1
882 1418 1
882 903 1
882 1220 1
882 1428 1
882 70 1
882 388 1
882 638 1
882 1633 1
699 2313 1
699 2263 1
1525 1737 1
1525 1977 1
1886 1217 1
1886 179 1
1886 573 1
1886 1108 1
1886 1404 1
1886 1871 1
717 1188 1
998 2096 1
998 2130 1
998 130 1
998 1887 1
998 1464 1
998 1435 1
998 972 1
998 854 1
998 1519 1
998 1838 1
981 1432 1
1926 2179 1
1926 2170 1
1926 1667 1
1926 330 1
1926 1230 1
1926 846 1
1926 2216 1
1926 1930 1
1926 466 1
1926 2276 1
1926 394 1
1926 2250 1
74 2038 1
1755 1896 1
2293 719 1
1603 284 1
1603 896 1
1603 758 1
1603 720 1
1603 2063 1
1603 1551 1
1603 1111 1
85 6 1
1985 389 1
1985 2366 1
1985 1994 1
1985 356 1
1985 2133 1
1985 701 1
1985 577 1
1890 1083 1
2095 1207 1
32 112 1
876 1760 1
876 1024 1
128 1129 1
128 1213 1
670 1449 1
1156 1435 1
938 629 1
905 177 1
905 224 1
2379 712 1
2379 2204 1
2379 1810 1
2379 1359 1
2379 339 1
2379 201 1
990 858 1
990 1223 1
990 1119 1
990 401 1
990 2152 1
990 601 1
990 2259 1
990 2336 1
560 1122 1
1680 475 1
1680 657 1
1680 187 1
1680 2112 1
1680 2056 1
1680 1168 1
1680 2300 1
1680 115 1
1680 2372 1
1680 2069 1
1680 1907 1
1680 1041 1
2383 781 1
2383 609 1
1292 331 1
567 669 1
711 423 1
711 359 1
711 225 1
1371 2148 1
1344 843 1
1650 1515 1
1650 1552 1
1650 410 1
1650 2322 1
1650 1062 1
1650 2201 1
1650 2140 1
1433 42 1
1433 1952 1
444 971 1
1786 441 1
1519 1923 1
1519 1329 1
1519 2246 1
1519 734 1
1519 1884 1
1519 1685 1
1519 547 1
1519 543 1
1519 873 1
1519 2270 1
1519 2288 1
2075 329 1
2075 2314 1
2075 863 1
1988 1129 1
1988 169 1
1988 1213 1
1988 128 1
1988 1034 1
295 1618 1
295 474 1
295 1094 1
295 1331 1
295 2189 1
295 424 1
295 1093 1
2197 954 1
2197 138 1
2122 251 1
816 1442 1
754 811 1
754 853 1
754 1643 1
754 1037 1
1520 949 1
2031 801 1
2031 143 1
2031 1056 1
2031 28 1
518 317 1
518 1264 1
441 1978 1
441 581 1
1628 338 1
690 323 1
856 944 1
856 525 1
856 1086 1
856 611 1
856 1029 1
856 552 1
856 1422 1
856 1848 1
1078 237 1
932 1190 1
932 283 1
932 1859 1
932 46 1
1947 1548 1
1274 682 1
1274 88 1
1274 823 1
1274 1971 1
1274 429 1
1274 1860 1
1274 1777 1
1274 1813 1
1274 568 1
1274 1211 1
724 2254 1
724 2066 1
724 2065 1
233 2000 1
233 2218 1
828 1322 1
300 1917 1
354 889 1
354 992 1
616 1079 1
1081 700 1
31 2070 1
31 252 1
31 118 1
31 1362 1
31 23 1
31 303 1
31 1047 1
31 259 1
31 2153 1
487 1150 1
487 1925 1
487 685 1
487 1118 1
1049 691 1
1956 2174 1
2009 487 1
422 1335 1
422 1166 1
422 695 1
422 2334 1
740 806 1
740 517 1
740 956 1
740 1058 1
740 1806 1
740 751 1
740 1980 1
740 123 1
740 2382 1
740 1894 1
740 438 1
822 848 1
822 574 1
1639 288 1
715 684 1
715 615 1
715 1681 1
1221 1317 1
1221 768 1
1845 649 1
1845 1752 1
1845 1629 1
1845 550 1
1845 2143 1
1845 2209 1
1845 559 1
1845 610 1
1845 275 1
1845 1876 1
1845 767 1
1845 263 1
1845 268 1
1845 1581 1
1845 1809 1
1845 2303 1
1845 2006 1
1845 2286 1
1845 192 1
934 555 1
934 269 1
934 659 1
934 1269 1
934 193 1
934 2117 1
934 1339 1
934 1955 1
934 61 1
2292 2233 1
1891 513 1
1472 2382 1
1042 1549 1
1042 1243 1
1042 1175 1
1042 911 1
1042 1349 1
1042 1869 1
1042 2169 1
1042 1867 1
1042 1050 1
125 2231 1
125 1459 1
125 1290 1
125 855 1
125 1804 1
125 1253 1
1389 1427 1
1389 901 1
1389 1873 1
1389 1015 1
1389 1976 1
1389 68 1
1389 15 1
2365 48 1
1272 1922 1
1272 789 1
1272 518 1
232 1224 1
232 1185 1
1382 1790 1
1382 872 1
1382 1209 1
842 1060 1
1160 608 1
1160 537 1
1160 1436 1
1160 2046 1
1160 1011 1
1160 1822 1
1160 181 1
1160 1766 1
215 1430 1
215 1171 1
215 1879 1
215 591 1
906 1964 1
906 2352 1
906 1644 1
906 2021 1
2280 887 1
2251 783 1
1043 1042 1
2261 226 1
2261 626 1
2261 1856 1
2261 2207 1
2261 2330 1
2261 1657 1
2261 1837 1
2261 549 1
2261 315 1
2261 1031 1
2261 1605 1
2261 473 1
2261 994 1
2261 1743 1
2261 919 1
2261 397 1
2261 1729 1
2057 2001 1
2057 1390 1
1142 1406 1
1164 2136 1
1164 62 1
1164 1744 1
2347 2240 1
2068 2005 1
2068 94 1
2068 706 1
2068 2168 1
2068 1098 1
2068 2016 1
2068 1434 1
2068 230 1
2068 472 1
2068 1840 1
2068 1717 1
2068 1979 1
2068 1694 1
2068 31 1
2068 1396 1
2068 1153 1
2068 1000 1
1021 2113 1
1021 1573 1
1021 1910 1
1003 715 1
35 1310 1
35 1172 1
35 1403 1
1788 2229 1
2287 188 1
2362 1733 1
1677 490 1
1677 2047 1
1677 891 1
1677 1883 1
1677 2202 1
1677 528 1
1677 2087 1
1677 1598 1
1677 1960 1
1677 405 1
1677 987 1
1677 1721 1
1592 500 1
1592 849 1
1592 190 1
693 316 1
693 754 1
693 1272 1
1070 274 1
1151 2172 1
1151 163 1
1151 104 1
1151 382 1
1849 864 1
1849 166 1
1849 967 1
1849 1998 1
1849 1861 1
1849 1531 1
1849 1517 1
1372 1536 1
1372 229 1
1372 650 1
1372 2134 1
1372 285 1
1372 66 1
1372 670 1
1372 1271 1
476 353 1
2268 2307 1
623 1772 1
1705 1731 1
2321 1295 1
569 1881 1
569 1911 1
569 1963 1
569 254 1
569 1491 1
569 1919 1
569 1068 1
2065 545 1
524 165 1
1835 1116 1
1835 153 1
1835 1539 1
1835 508 1
647 1608 1
108 1862 1
108 271 1
108 1941 1
108 643 1
108 556 1
108 18 1
108 2109 1
108 2157 1
108 1866 1
108 912 1
1832 1105 1
167 332 1
167 1942 1
2129 77 1
2129 1501 1
2129 1920 1
883 1933 1
883 308 1
883 1324 1
883 234 1
883 865 1
883 2040 1
1482 1877 1
135 928 1
135 1527 1
135 1647 1
135 2032 1
135 1300 1
76 1085 1
76 1196 1
76 372 1
76 2131 1
76 1943 1
76 1471 1
76 648 1
76 1289 1
76 818 1
76 2104 1
76 1437 1
1178 509 1
1193 756 1
1193 1020 1
1782 929 1
1441 2205 1
1441 1087 1
1441 62 1
208 1492 1
208 935 1
208 1051 1
208 1984 1
208 1156 1
208 727 1
208 1046 1
208 433 1
208 822 1
208 569 1
208 728 1
577 1889 1
688 1906 1
688 593 1
881 752 1
1158 1839 1
1970 563 1
461 2042 1
461 1284 1
461 367 1
461 1675 1
461 2323 1
461 1728 1
461 2302 1
461 1541 1
461 836 1
461 1144 1
2180 281 1
2180 483 1
2180 1601 1
2180 2062 1
2180 1231 1
2180 2088 1
2180 1176 1
2180 708 1
2180 312 1
1297 662 1
1297 39 1
2099 2265 1
1375 1261 1
1375 527 1
1375 2325 1
1375 893 1
1375 1771 1
1375 1469 1
1375 24 1
1375 1493 1
1375 1139 1
2308 511 1
953 916 1
2138 2030 1
2138 198 1
2138 2283 1
2138 1560 1
1513 802 1
1513 249 1
1854 4 1
1625 1903 1
713 980 1
772 2159 1
772 218 1
772 258 1
772 1454 1
772 765 1
772 78 1
1442 1131 1
1442 797 1
1442 1516 1
1442 2035 1
2058 1244 1
2058 1503 1
2058 378 1
2058 1109 1
316 1841 1
316 340 1
316 2091 1
2290 749 1
256 1996 1
320 144 1
1326 835 1
899 1040 1
1293 156 1
1283 952 1
969 1314 1
969 2120 1
813 1545 1
813 1763 1
814 1423 1
426 1481 1
426 1842 1
426 1931 1
136 824 1
1923 1205 1
1923 2039 1
1923 1367 1
1923 1814 1
1664 538 1
1664 2327 1
2256 495 1
2368 1714 1
2368 2054 1
328 937 1
328 1624 1
328 1376 1
266 918 1
266 155 1
1125 1242 1
284 293 1
284 771 1
284 1502 1
284 421 1
284 2053 1
42 2044 1
248 1355 1
248 1035 1
1500 2026 1
1500 1012 1
1500 2315 1
1500 805 1
1343 1857 1
1343 862 1
1343 2237 1
2001 1167 1
2349 1319 1
675 1227 1
675 80 1
675 2260 1
1414 464 1
1414 8 1
1414 892 1
1414 2191 1
1414 1948 1
1414 584 1
1414 1688 1
297 1900 1
297 1665 1
2207 790 1
982 723 1
2056 1818 1
2056 583 1
1853 844 1
1613 2380 1
1613 1216 1
1613 1348 1
1613 493 1
1114 1488 1
1114 419 1
1114 1182 1
1114 1351 1
1250 759 1
530 145 1
530 406 1
530 705 1
530 16 1
2329 1648 1
1535 1607 1
1535 1546 1
955 1523 1
955 1993 1
955 673 1
955 1852 1
955 1572 1
955 2147 1
955 488 1
955 210 1
955 1709 1
1496 1075 1
1278 1478 1
2002 870 1
2002 1489 1
2002 1512 1
2002 38 1
2002 1844 1
1975 526 1
1975 503 1
173 617 1
1807 2029 1
1807 1036 1
1807 2102 1
654 1379 1
1944 624 1
1944 2111 1
1735 829 1
448 1550 1
1180 746 1
1501 1457 1
1424 2257 1
1424 417 1
2152 833 1
2152 1530 1
2152 840 1
2152 792 1
1748 1320 1
2121 96 1
2121 1112 1
2271 2228 1
2271 1194 1
2271 2253 1
2271 1649 1
334 1152 1
334 651 1
1171 1579 1
1171 2331 1
731 582 1
2080 1311 1
788 1785 1
1920 1590 1
325 1912 1
325 34 1
325 1299 1
46 839 1
1074 2342 1
1074 2135 1
2086 89 1
1479 1323 1
2236 1914 1
1683 979 1
1683 1734 1
1683 1395 1
1683 1416 1
1456 1529 1
131 1712 1
131 997 1
1435 2291 1
18 1756 1
18 2118 1
18 351 1
18 480 1
160 633 1
1088 2114 1
1088 2100 1
882 737 1
699 1953 1
1525 878 1
1525 1602 1
1525 345 1
998 10 1
998 2375 1
998 337 1
1926 819 1
1926 219 1
1926 2162 1
1926 2166 1
1926 1946 1
1926 1476 1
1603 1991 1
1985 1 1
1985 773 1
32 2247 1
905 202 1
905 451 1
920 2053 1
920 1402 1
920 760 1
920 1641 1
920 1392 1
2379 1415 1
2379 2012 1
2379 576 1
2379 161 1
990 1413 1
990 2332 1
1680 1701 1
1573 1210 1
1650 1995 1
1650 2081 1
1650 485 1
1650 446 1
1650 19 1
1519 1398 1
295 2241 1
295 515 1
295 2285 1
754 2093 1
754 1452 1
856 227 1
724 2123 1
233 600 1
1081 741 1
1049 1740 1
1049 1932 1
1049 1671 1
422 1672 1
422 504 1
422 1453 1
740 402 1
715 2318 1
1845 812 1
1845 396 1
1845 930 1
1845 2264 1
1845 1357 1
1845 533 1
1845 51 1
934 484 1
934 1439 1
934 1555 1
934 2164 1
1891 449 1
1891 1798 1
1042 440 1
1042 1255 1
1042 604 1
1042 653 1
1160 1843 1
906 1448 1
2261 59 1
2261 1626 1
2261 1195 1
2261 962 1
2261 218 1
2261 1518 1
2261 748 1
1164 1486 1
1164 86 1
1164 678 1
1164 847 1
1164 1173 1
1164 1656 1
1164 2173 1
1164 2158 1
2068 1938 1
2068 2269 1
2068 83 1
35 2319 1
35 922 1
1592 1259 1
1592 1878 1
304 1559 1
1151 1187 1
1849 2037 1
1372 665 1
1372 146 1
1372 2007 1
569 1846 1
569 133 1
569 301 1
1835 2181 1
108 1950 1
108 380 1
108 829 1
2378 398 1
883 290 1
135 1084 1
135 1868 1
1193 411 1
208 157 1
208 808 1
2180 661 1
2180 844 1
750 2358 1
1375 1719 1
2138 2278 1
1065 982 1
687 1375 1
1126 2379 1
1126 1160 1
20 1479 1
1936 1340 1
1893 1304 1
1170 1343 1
1071 2292 1
646 256 1
646 1720 1
646 1180 1
121 580 1
67 1283 1
216 102 1
1961 2101 1
2343 2248 1
459 1835 1
2020 48 1
1090 713 1
1090 1326 1
1238 1767 1
845 1039 1
536 883 1
2059 1749 1
458 1106 1
12 1972 1
1157 1864 1
1600 1249 1
1458 1926 1
830 139 1
1851 724 1
2242 731 1
2242 208 1
683 1256 1
779 2180 1
745 1091 1
553 1500 1
553 856 1
1682 284 1
1444 1703 1
453 1854 1
453 2349 1
453 1613 1
453 1789 1
453 1985 1
453 990 1
453 125 1
2217 1558 1
355 1151 1
151 2328 1
1803 1328 1
1490 2022 1
1462 1525 1
1754 879 1
1369 328 1
1369 2364 1
1622 321 1
915 772 1
1330 1234 1
618 2208 1
1702 1268 1
958 860 1
2316 2149 1
936 90 1
379 2098 1
1636 1603 1
1636 1078 1
255 502 1
965 761 1
859 1544 1
2359 1554 1
1048 1625 1
13 1886 1
1958 530 1
1494 2190 1
385 278 1
1651 677 1
1698 1477 1
1679 319 1
2356 11 1
667 817 1
1169 2238 1
239 2142 1
572 750 1
1691 876 1
420 2071 1
1124 788 1
1124 934 1
631 1201 1
1631 437 1
1637 743 1
810 2139 1
2272 791 1
1294 470 1
1498 1811 1
250 326 1
1467 220 1
412 478 1
1553 1543 1
375 1092 1
1620 91 1
809 2138 1
1912 660 1
2064 52 1
2064 1951 1
1025 482 1
861 320 1
861 97 1
861 43 1
861 2074 1
2049 1303 1
1285 827 1
519 2239 1
277 1288 1
184 1615 1
395 1534 1
1586 578 1
514 2271 1
2061 1916 1
2232 981 1
2340 1787 1
532 1297 1
1204 2368 1
286 699 1
443 401 1
1140 2188 1
1764 1049 1
1438 1865 1
1199 276 1
2050 1127 1
2050 938 1
1028 1659 1
1028 998 1
1028 422 1
348 365 1
894 813 1
894 1407 1
217 1117 1
742 2366 1
1450 2121 1
299 1820 1
1934 2002 1
1192 291 1
1018 1617 1
1817 304 1
178 1178 1
627 1394 1
2339 1446 1
632 215 1
1570 297 1
1570 1849 1
21 675 1
1773 1302 1
735 774 1
735 2258 1
1143 295 1
1747 2094 1
1248 1833 1
1248 233 1
223 1542 1
223 1580 1
2374 2182 1
2230 740 1
738 1016 1
1080 2068 1
460 2236 1
2015 1354 1
973 778 1
1334 60 1
140 1683 1
996 366 1
1780 1480 1
1006 1424 1
2301 2151 1
2301 882 1
1962 729 1
1507 520 1
376 313 1
1026 1193 1
305 1345 1
1298 2003 1
2344 906 1
1627 1535 1
2013 2378 1
639 426 1
1823 1853 1
1716 2084 1
2235 1431 1
49 1286 1
1053 668 1
634 2023 1
634 2261 1
101 969 1
310 1461 1
1939 689 1
2141 1225 1
1236 1414 1
2311 1901 1
671 1125 1
1202 612 1
1902 334 1
1263 1837 1
1487 1009 1
821 1221 1
2076 654 1
1008 1687 1
2004 108 1
803 1128 1
1940 2312 1
1505 1247 1
2203 1870 1
7 136 1
1061 57 1
2167 2326 1
2008 884 1
318 260 1
1440 898 1
1654 1735 1
117 1751 1
1232 53 1
1410 585 1
736 793 1
287 679 1
2183 866 1
2266 785 1
413 1293 1
2297 1496 1
1057 1621 1
1718 985 1
186 2305 1
370 72 1
2324 1023 1
1614 2282 1
1032 2090 1
579 73 1
1575 739 1
1002 1725 1
498 2031 1
1981 111 1
1571 1203 1
9 1145 1
1004 173 1
1805 1696 1
105 1353 1
428 448 1
37 427 1
113 1753 1
595 598 1
1495 1081 1
1267 1260 1
1055 1088 1
425 1759 1
947 603 1
1033 944 1
346 1412 1
14 2055 1
1967 640 1
377 158 1
154 1429 1
349 1278 1
2176 309 1
927 1251 1
496 1768 1
1069 1638 1
1063 622 1
2222 1363 1
2043 1791 1
1937 1336 1
1924 1306 1
1997 1312 1
1778 1819 1
540 32 1
2274 1891 1
1855 776 1
1460 207 1
831 2355 1
1863 2333 1
516 159 1
800 1640 1
1447 1219 1
244 902 1
1850 2243 1
50 524 1
1383 461 1
2028 1164 1
1704 1179 1
1325 888 1
362 1250 1
521 904 1
2200 784 1
1538 1258 1
45 642 1
1455 369 1
1528 825 1
586 2194 1
279 2024 1
1619 1208 1
703 40 1
2027 2192 1
2083 2279 1
2073 1110 1
1692 1384 1
206 352 1
505 1578 1
2337 1808 1
635 2057 1
531 463 1
607 2127 1
205 1944 1
392 1616 1
995 942 1
1246 381 1
1019 666 1
272 199 1
1668 637 1
769 993 1
30 1954 1
1240 1470 1
1318 1677 1
2213 1364 1
1141 2125 1
489 2125 1
1973 325 1
1699 228 1
1001 1582 1
1708 162 1
757 506 1
1968 1372 1
242 539 1
403 1799 1
209 1975 1
204 2249 1
2367 1736 1
2357 886 1
1830 82 1
1102 439 1
2185 923 1
2199 726 1
