1384 1802 1
2952 1272 1
2410 2188 1
2410 2781 1
1475 705 1
1277 930 1
1277 2129 1
1277 197 1
1277 2795 1
3449 2109 1
686 3061 1
3134 179 1
3134 2750 1
3134 765 1
2130 2982 1
2791 875 1
2791 2844 1
2791 1922 1
2791 768 1
2791 447 1
178 2178 1
368 1878 1
368 2822 1
368 1670 1
368 3183 1
368 2234 1
368 1200 1
368 1967 1
368 606 1
29 3103 1
29 1683 1
29 484 1
29 1865 1
29 3089 1
29 1027 1
29 2761 1
2376 1702 1
2376 2100 1
2395 3241 1
2395 1034 1
2395 3149 1
2395 1653 1
2395 3425 1
2395 245 1
2395 796 1
2395 497 1
2395 1299 1
2395 2954 1
2395 16 1
2395 161 1
2395 790 1
99 1812 1
99 2462 1
99 3208 1
99 2419 1
1825 749 1
1656 789 1
1123 1822 1
1123 1874 1
1123 3237 1
1123 1124 1
1123 1057 1
1123 135 1
1123 1772 1
1292 3054 1
3153 1134 1
714 1446 1
313 1611 1
313 74 1
2137 1900 1
944 3329 1
944 2418 1
944 1174 1
944 2135 1
944 2516 1
944 427 1
2349 1701 1
2349 1605 1
2349 3339 1
2349 725 1
2349 509 1
2349 330 1
2349 1444 1
2349 2540 1
2349 1864 1
2349 532 1
2349 2510 1
2349 2997 1
1141 2116 1
2568 1007 1
1851 2678 1
1533 817 1
3051 951 1
3051 2514 1
2033 1065 1
500 479 1
1983 3291 1
747 252 1
747 1936 1
1796 1559 1
1796 1487 1
1796 2596 1
1796 1608 1
1796 2228 1
1796 2697 1
2259 2925 1
1479 660 1
2051 1748 1
2051 1956 1
102 1753 1
2224 3084 1
2264 552 1
400 2483 1
400 1709 1
400 1645 1
400 3373 1
400 297 1
400 2706 1
400 411 1
400 1060 1
400 1244 1
400 1082 1
400 223 1
157 665 1
157 1938 1
157 254 1
157 2650 1
157 272 1
1837 3394 1
2896 2308 1
3168 394 1
2021 3107 1
2021 3330 1
2021 1637 1
2021 2618 1
2021 2181 1
2021 2413 1
1238 2665 1
2438 1930 1
1997 3355 1
1997 3075 1
1997 2430 1
1997 221 1
1274 3379 1
773 835 1
1953 1309 1
1953 938 1
1953 1453 1
1953 3230 1
236 3067 1
236 389 1
236 1828 1
641 1374 1
641 392 1
641 538 1
641 3108 1
641 2777 1
641 2063 1
641 1840 1
641 1945 1
1484 505 1
1484 3064 1
1484 2779 1
812 2591 1
812 831 1
812 1096 1
812 889 1
812 1415 1
812 1234 1
2445 1991 1
1621 1150 1
1621 222 1
2221 813 1
2221 3323 1
2221 2366 1
1291 910 1
1045 442 1
1045 2811 1
419 1568 1
419 863 1
419 2155 1
3374 1485 1
3374 1223 1
838 1135 1
838 2597 1
838 2622 1
838 2294 1
838 524 1
838 3313 1
2820 2202 1
2891 236 1
2891 17 1
2891 1938 1
2707 1176 1
56 2712 1
1893 2786 1
320 2302 1
320 435 1
320 911 1
3210 1793 1
3210 1025 1
3210 927 1
3210 882 1
3210 1125 1
3210 2930 1
3210 2731 1
3210 624 1
3210 1198 1
1055 2476 1
2040 2059 1
307 2791 1
307 1164 1
1592 1320 1
1592 506 1
1592 2548 1
728 2877 1
2521 1913 1
2766 2820 1
1564 2138 1
1564 1210 1
242 2273 1
242 577 1
2530 3404 1
2530 1024 1
3170 366 1
3170 575 1
3170 2102 1
3170 959 1
3197 3143 1
3197 3462 1
2771 862 1
880 3195 1
880 1613 1
1890 549 1
1030 2427 1
1030 1243 1
1030 1236 1
425 2454 1
425 2489 1
425 3312 1
425 3444 1
425 1980 1
425 1925 1
425 689 1
425 598 1
425 2456 1
425 1242 1
425 1222 1
425 804 1
425 764 1
425 3007 1
425 3304 1
786 3148 1
786 570 1
786 2658 1
786 1142 1
786 2902 1
786 780 1
786 824 1
786 1148 1
786 2884 1
1013 2965 1
72 2451 1
72 82 1
72 1445 1
72 1312 1
72 603 1
463 2410 1
463 1947 1
399 2937 1
399 601 1
399 2477 1
399 311 1
399 3403 1
1527 763 1
1527 762 1
1527 2204 1
3305 2139 1
3202 1676 1
3202 2802 1
3001 1582 1
3001 2793 1
955 2222 1
565 1380 1
565 2537 1
565 1018 1
565 724 1
565 133 1
861 362 1
3177 800 1
2980 1015 1
1867 296 1
3159 2839 1
3159 2184 1
3159 1171 1
3159 1385 1
3159 2931 1
3159 1136 1
3159 3116 1
3159 2334 1
2849 249 1
2849 1541 1
2849 1689 1
2849 2054 1
2849 2081 1
2849 299 1
2849 2444 1
2849 902 1
2849 3034 1
2849 906 1
1485 1239 1
1485 1903 1
2865 590 1
2865 282 1
1883 519 1
482 353 1
482 1369 1
482 1446 1
2472 459 1
2472 557 1
2472 1293 1
3044 339 1
2317 2466 1
2317 3271 1
2317 2142 1
800 1098 1
3035 3090 1
1578 838 1
3292 151 1
3292 2934 1
2408 2352 1
1246 1631 1
1246 1972 1
1246 2895 1
1246 840 1
563 1181 1
563 871 1
2637 2268 1
3060 1830 1
3113 2 1
187 2069 1
3145 2352 1
1950 2162 1
2214 205 1
31 1004 1
31 2634 1
31 30 1
31 1213 1
31 1789 1
31 1814 1
31 1560 1
31 2889 1
1165 2492 1
1165 2729 1
1165 3304 1
860 2617 1
1768 123 1
1768 1110 1
1995 1895 1
3077 752 1
3077 2412 1
3077 152 1
2663 552 1
2663 2856 1
2663 1099 1
2663 492 1
2663 1026 1
2663 947 1
2663 2149 1
2663 1086 1
2663 1447 1
456 3257 1
515 1668 1
2969 832 1
2969 2614 1
2969 2365 1
827 388 1
827 1766 1
827 3138 1
827 1510 1
3122 1439 1
3122 3140 1
3122 3135 1
3122 1547 1
3122 2860 1
452 1546 1
2482 143 1
2552 3327 1
2552 3147 1
2606 803 1
2606 2368 1
2606 3092 1
2606 3100 1
2606 1266 1
1925 513 1
1925 1046 1
1925 1961 1
1925 2693 1
1925 1616 1
1925 1711 1
1925 1904 1
3205 1430 1
1478 2814 1
1769 1350 1
1361 463 1
1361 2446 1
1361 1978 1
3297 1317 1
3297 1338 1
2342 1513 1
2342 514 1
2342 3031 1
2342 2428 1
2342 1528 1
2342 1120 1
2342 130 1
2342 1070 1
2342 2459 1
2342 2320 1
1805 3024 1
1805 1076 1
1805 1666 1
1805 1845 1
579 1713 1
579 1678 1
298 399 1
298 1425 1
298 1787 1
298 2702 1
298 1630 1
298 1523 1
298 281 1
298 2998 1
298 1740 1
298 1965 1
693 494 1
693 3396 1
693 1646 1
693 363 1
693 2195 1
693 983 1
693 3254 1
888 1601 1
1670 2323 1
1670 2822 1
2541 2241 1
2541 124 1
2409 3039 1
1271 3392 1
1271 3220 1
2727 3018 1
1718 488 1
1718 1841 1
1555 126 1
1083 1770 1
1083 1561 1
1083 2904 1
1083 782 1
1486 565 1
1486 2541 1
1486 874 1
1486 2600 1
1486 3020 1
1486 2287 1
1486 352 1
1486 839 1
1486 650 1
1486 771 1
3451 2275 1
3451 2242 1
3451 3299 1
3451 2571 1
364 1935 1
364 1519 1
364 1278 1
364 2272 1
364 63 1
364 1897 1
364 1756 1
279 797 1
279 745 1
279 2929 1
279 2436 1
279 2038 1
279 1067 1
279 2551 1
279 3162 1
279 2518 1
2431 1826 1
2431 1620 1
2431 711 1
3281 2343 1
2417 2780 1
1532 2763 1
1066 2390 1
1066 728 1
1066 274 1
1066 1177 1
1066 156 1
1066 3002 1
1066 1162 1
1362 104 1
1818 3041 1
1818 1488 1
1818 3324 1
1818 3296 1
1818 2362 1
1818 921 1
1818 453 1
655 2871 1
655 887 1
655 302 1
3222 1343 1
3180 1270 1
2617 3266 1
2617 206 1
2617 3123 1
2617 351 1
2617 175 1
1970 2787 1
1970 1052 1
1970 167 1
1970 2853 1
1970 3006 1
1970 1548 1
1970 3372 1
1970 3443 1
1970 2509 1
202 3453 1
2936 3074 1
1209 888 1
3064 430 1
3064 920 1
3064 2635 1
3064 1654 1
3064 2877 1
3064 2252 1
1433 2857 1
1263 2628 1
2209 2767 1
2209 3156 1
2209 54 1
2209 217 1
742 1363 1
742 1485 1
742 814 1
742 977 1
742 1603 1
1543 2249 1
1543 3227 1
2515 1600 1
1428 1590 1
1428 3256 1
1428 2882 1
1428 3275 1
1428 1129 1
1428 1085 1
1428 20 1
1428 2455 1
1428 1658 1
1428 470 1
1428 2003 1
1428 333 1
2962 3118 1
2293 2981 1
915 1939 1
915 1744 1
915 3259 1
915 980 1
915 3331 1
915 1333 1
915 1349 1
915 2012 1
1337 2474 1
1337 3445 1
691 3311 1
691 3378 1
691 3339 1
691 1545 1
691 2151 1
691 2623 1
691 3322 1
691 2829 1
691 91 1
691 612 1
691 3032 1
691 1474 1
519 890 1
519 2825 1
519 798 1
519 2553 1
519 2198 1
519 1989 1
519 172 1
519 3460 1
519 2584 1
519 1401 1
519 1108 1
519 1629 1
1646 2559 1
1646 2984 1
1646 2909 1
1646 1281 1
1646 3293 1
1646 1906 1
1646 1795 1
1646 666 1
1646 2187 1
1646 737 1
1646 1827 1
1646 1381 1
1646 2036 1
1646 547 1
2631 1168 1
1681 367 1
1681 3382 1
1681 1974 1
1681 1596 1
1681 1943 1
1681 1850 1
1681 55 1
1681 589 1
2683 3097 1
2625 1751 1
683 2714 1
1008 2061 1
1715 1566 1
1638 2569 1
1638 843 1
1237 1308 1
1237 3096 1
1237 3099 1
1237 960 1
1237 240 1
1237 2330 1
1237 404 1
67 244 1
1716 2565 1
2014 3340 1
2014 1662 1
3121 2256 1
2635 148 1
1655 632 1
1655 2840 1
1655 638 1
1655 3164 1
1655 733 1
1655 2513 1
1655 3126 1
1655 2800 1
1958 1804 1
1958 2280 1
17 1996 1
17 998 1
17 442 1
192 3417 1
2757 1028 1
541 2085 1
2273 2563 1
2871 1834 1
2871 1154 1
2871 895 1
2871 84 1
2871 21 1
2871 285 1
2871 1006 1
3397 31 1
3397 1932 1
3397 259 1
3397 3047 1
3397 276 1
3397 811 1
3371 1966 1
3371 2065 1
2262 2415 1
2262 1248 1
2262 312 1
213 2439 1
1888 451 1
1888 3272 1
1888 409 1
1982 1155 1
2799 1544 1
2799 2552 1
2799 2417 1
2799 2798 1
2799 218 1
2798 2733 1
2798 3115 1
2798 2966 1
2798 2468 1
2798 3243 1
2798 1355 1
2798 1282 1
2798 1093 1
2106 369 1
3246 2157 1
3246 999 1
3246 250 1
2993 776 1
2758 1705 1
2758 2301 1
2758 3157 1
1454 451 1
1938 3194 1
1938 2018 1
1938 2029 1
1938 2161 1
2531 48 1
1908 1031 1
1908 948 1
1908 164 1
1908 2000 1
1908 439 1
1908 2861 1
2942 3441 1
1801 2581 1
2562 2131 1
2562 1077 1
76 108 1
2337 531 1
3307 1609 1
3307 1700 1
3307 1515 1
3307 2485 1
3307 3459 1
3307 128 1
3307 2118 1
3307 604 1
3307 1375 1
3307 2025 1
3307 1791 1
3307 1614 1
3307 904 1
3307 382 1
3307 1279 1
3307 1694 1
3307 265 1
1499 2358 1
2124 2956 1
940 3432 1
2974 1463 1
2974 2625 1
2974 2728 1
2974 2095 1
2974 727 1
2974 1981 1
2974 1562 1
2974 3012 1
1707 935 1
1707 1909 1
1707 531 1
504 1079 1
504 1257 1
1811 3134 1
1386 205 1
1386 2612 1
1386 1682 1
1386 653 1
1386 1251 1
1386 1061 1
1692 3420 1
1692 1037 1
3212 2589 1
908 3280 1
908 214 1
783 197 1
1326 2405 1
2529 2177 1
2529 2479 1
2987 709 1
2838 2028 1
2838 2322 1
2838 1799 1
2838 1339 1
2838 516 1
2838 1203 1
2838 2963 1
2838 537 1
2838 2296 1
2838 2913 1
2838 1359 1
2838 2692 1
2838 1833 1
2838 309 1
2838 1010 1
1487 2108 1
1487 1509 1
1487 1159 1
1487 2742 1
1487 2506 1
1487 1934 1
618 2069 1
618 1158 1
874 1169 1
874 1931 1
874 116 1
874 2315 1
874 582 1
874 1835 1
874 2522 1
3389 2008 1
3389 2511 1
3389 2005 1
3389 1147 1
3211 334 1
2303 684 1
3235 293 1
3457 2975 1
149 876 1
149 3242 1
149 1185 1
149 2013 1
149 873 1
149 954 1
689 2015 1
3078 2988 1
3045 1839 1
3045 1328 1
3045 1074 1
3045 836 1
1016 36 1
24 3210 1
24 3201 1
24 3122 1
24 1958 1
24 2630 1
24 2458 1
24 1455 1
24 1331 1
24 2367 1
24 2074 1
24 2735 1
2501 2281 1
2501 522 1
758 277 1
758 2638 1
758 2124 1
758 1481 1
758 502 1
758 2644 1
1119 2626 1
1803 412 1
1803 1809 1
3461 2369 1
3461 1784 1
3461 2643 1
506 1595 1
506 2912 1
506 3101 1
506 3354 1
506 1392 1
506 1584 1
1373 984 1
2721 3390 1
3442 1461 1
3442 7 1
3442 1517 1
3442 1294 1
3442 3005 1
3442 2288 1
3442 3166 1
3442 2640 1
3442 2043 1
3442 375 1
3442 622 1
1536 2099 1
3086 1580 1
3086 2481 1
3086 1437 1
2363 1220 1
59 560 1
59 2031 1
1114 1752 1
129 1172 1
2957 2090 1
2957 2406 1
2277 1576 1
2277 370 1
3053 3170 1
3053 799 1
3053 464 1
3053 1190 1
3053 2421 1
3053 2071 1
3383 2210 1
2165 1549 1
753 1814 1
1661 956 1
1661 2206 1
1661 3400 1
1661 3366 1
14 3363 1
14 2960 1
14 1112 1
14 2052 1
14 2572 1
14 1325 1
14 336 1
14 2229 1
766 970 1
1377 944 1
1377 691 1
2424 1718 1
2424 118 1
2424 215 1
2424 2560 1
2424 41 1
2424 3264 1
2424 2873 1
3052 1456 1
2570 3430 1
3345 3076 1
2708 2212 1
2708 1218 1
3083 3247 1
2540 698 1
2540 1300 1
2026 80 1
2548 10 1
1866 1275 1
1287 2659 1
1836 533 1
393 2616 1
393 1844 1
393 3276 1
393 263 1
1032 2374 1
269 3046 1
1741 987 1
1741 2495 1
1741 544 1
1741 602 1
1741 1170 1
1741 2660 1
1741 1139 1
1741 1405 1
1741 2179 1
1741 2072 1
1741 2119 1
1741 968 1
1741 1672 1
1741 2785 1
1741 669 1
1741 2375 1
1741 2297 1
1741 228 1
1741 2254 1
392 3120 1
392 2475 1
392 2654 1
356 2883 1
2461 2734 1
952 2699 1
1915 3260 1
538 320 1
538 421 1
538 3131 1
538 2467 1
538 1001 1
538 1494 1
538 1 1
538 1843 1
538 540 1
538 1800 1
2189 342 1
436 2639 1
436 566 1
436 3057 1
436 976 1
436 1419 1
436 1975 1
436 1557 1
436 2921 1
436 572 1
436 2075 1
1992 1972 1
965 2621 1
965 1771 1
965 1259 1
965 1334 1
965 2790 1
965 3185 1
3021 1489 1
3021 2946 1
2875 2394 1
45 1657 1
1757 1153 1
176 131 1
176 3335 1
3351 1336 1
3351 936 1
3351 2364 1
3351 2200 1
3351 736 1
3351 546 1
3351 2190 1
3351 3098 1
3351 79 1
3351 1056 1
2167 6 1
3025 1238 1
3025 1457 1
3025 3022 1
3025 2935 1
3025 866 1
3025 2505 1
3025 134 1
3025 1367 1
3025 1347 1
678 2685 1
3178 1890 1
3178 1691 1
3178 656 1
3178 256 1
1791 3273 1
1791 2819 1
2159 823 1
814 323 1
814 2546 1
814 111 1
814 3458 1
814 3255 1
3019 2493 1
1492 2983 1
1492 32 1
2675 1750 1
2675 2176 1
2675 117 1
2675 593 1
2675 65 1
2841 25 1
2841 418 1
2086 653 1
1289 1997 1
770 193 1
770 1048 1
770 2753 1
770 346 1
770 2273 1
770 2745 1
770 2113 1
770 2156 1
770 2773 1
770 1269 1
770 1284 1
2908 2662 1
302 1850 1
302 932 1
278 3011 1
2312 3265 1
2312 2346 1
2312 2598 1
2312 2055 1
3302 291 1
3302 56 1
3302 468 1
3302 3104 1
3302 664 1
3302 1798 1
3302 849 1
3302 3015 1
2327 1273 1
2327 744 1
2327 3142 1
1156 1296 1
582 376 1
582 2269 1
582 2987 1
582 2676 1
582 716 1
582 1973 1
1018 2689 1
1018 726 1
1018 1749 1
1018 2192 1
1018 1297 1
1018 625 1
1871 2605 1
1871 3003 1
2906 1267 1
2152 3398 1
2199 2705 1
2199 642 1
1971 139 1
1971 2900 1
1971 3051 1
1971 788 1
1971 2127 1
1971 3308 1
1971 845 1
1971 287 1
1971 2737 1
1971 657 1
1971 754 1
1971 1807 1
1971 594 1
1971 3209 1
1971 639 1
1971 3229 1
1971 1776 1
1971 2922 1
1971 1434 1
1971 1303 1
1971 1143 1
1971 3056 1
1971 517 1
1971 2132 1
1971 1406 1
1971 3317 1
1971 77 1
2456 2563 1
2456 2759 1
2456 2220 1
2456 1669 1
2456 2169 1
2456 2435 1
2456 567 1
1884 384 1
1884 597 1
3277 1558 1
1020 94 1
1020 329 1
1020 3387 1
1020 1758 1
1020 1397 1
1020 2738 1
2773 2220 1
2773 346 1
2773 1669 1
2773 2894 1
2356 1741 1
1346 1908 1
1346 808 1
1498 371 1
1975 583 1
1975 360 1
1975 2333 1
1975 377 1
1975 3309 1
1975 1094 1
2718 2020 1
2347 2794 1
1696 1910 1
1696 3339 1
3174 2431 1
3174 1000 1
1099 1372 1
897 434 1
2650 2538 1
2650 914 1
2487 1021 1
387 520 1
1918 1575 1
1918 1635 1
1918 2215 1
1918 1872 1
1918 1550 1
1918 559 1
1918 1305 1
1918 3364 1
1918 508 1
1918 3062 1
1918 354 1
343 1168 1
343 1732 1
343 2472 1
343 2185 1
343 2864 1
343 1204 1
343 1852 1
343 775 1
912 136 1
912 720 1
912 2710 1
912 945 1
912 2588 1
912 3207 1
912 2739 1
912 2265 1
912 1571 1
912 1313 1
912 2056 1
912 2105 1
912 1627 1
912 176 1
912 3318 1
912 2990 1
912 3190 1
912 417 1
912 1187 1
912 2316 1
912 701 1
912 2397 1
912 2216 1
912 2041 1
912 3117 1
912 1245 1
912 194 1
912 1231 1
912 2920 1
912 165 1
912 208 1
912 1412 1
912 2182 1
912 518 1
1358 267 1
919 337 1
919 821 1
919 3288 1
1573 400 1
1573 2940 1
1573 436 1
1573 112 1
1573 1469 1
1261 1157 1
341 748 1
341 1109 1
341 1875 1
341 2037 1
341 989 1
341 2114 1
341 3426 1
341 2392 1
341 2887 1
341 759 1
89 878 1
89 939 1
89 1407 1
457 679 1
599 2110 1
599 2958 1
599 1087 1
831 702 1
831 2027 1
831 535 1
831 3358 1
831 1602 1
831 257 1
831 568 1
831 58 1
498 715 1
498 2994 1
3261 2007 1
1886 1152 1
3401 2386 1
420 2480 1
3387 1435 1
984 2533 1
776 103 1
776 1390 1
776 294 1
1322 3169 1
1643 1468 1
2837 1633 1
1247 1893 1
1247 2874 1
1247 2370 1
1247 721 1
1247 850 1
995 106 1
995 364 1
3287 315 1
3287 1821 1
3287 3315 1
621 2772 1
621 1012 1
621 971 1
621 2470 1
621 1103 1
621 1977 1
621 898 1
621 3136 1
621 1940 1
621 883 1
621 3070 1
621 3337 1
512 2384 1
930 2048 1
930 2782 1
930 2595 1
930 1794 1
930 2498 1
930 2398 1
930 2795 1
466 2367 1
1400 2613 1
1400 1180 1
1400 22 1
2170 1240 1
2170 2211 1
2170 2079 1
2170 109 1
2170 712 1
2170 372 1
2170 1395 1
2170 81 1
2170 385 1
2170 2400 1
2170 961 1
2170 3300 1
2170 1832 1
2170 3027 1
2170 1933 1
2170 1382 1
2170 328 1
2897 3223 1
2999 1043 1
1144 992 1
2700 2719 1
2700 1128 1
2700 2163 1
1276 3384 1
993 2704 1
2796 3270 1
2422 49 1
2842 1567 1
46 1114 1
46 2813 1
46 2448 1
2213 1117 1
761 438 1
1408 607 1
3189 802 1
1241 1030 1
2164 2809 1
2164 569 1
2244 2740 1
2244 483 1
2244 2826 1
2244 953 1
760 1202 1
760 1547 1
760 870 1
1391 1332 1
1391 3454 1
1391 2931 1
1391 1581 1
1391 719 1
2925 1368 1
2925 853 1
2925 3114 1
2925 2746 1
2925 304 1
2925 1323 1
2925 2991 1
2925 338 1
2232 1918 1
881 2411 1
3332 2563 1
485 643 1
2582 3165 1
2582 2499 1
2582 2325 1
896 23 1
215 2893 1
215 2967 1
215 1720 1
215 365 1
215 1160 1
215 1783 1
215 801 1
215 2827 1
215 3286 1
215 1229 1
259 1122 1
259 2149 1
634 2679 1
634 1410 1
634 2377 1
634 33 1
634 2858 1
634 2815 1
634 707 1
634 18 1
634 3079 1
809 2165 1
809 3351 1
615 428 1
615 1500 1
615 1192 1
615 3456 1
3395 2128 1
3395 1855 1
3395 1199 1
3395 1418 1
3395 1499 1
3395 1745 1
3395 1569 1
3395 2230 1
3395 2238 1
3395 1857 1
3395 670 1
3395 1520 1
1371 3200 1
2505 2545 1
828 2442 1
828 462 1
828 101 1
471 869 1
588 1197 1
2412 2261 1
2412 2340 1
2412 2092 1
2449 2700 1
2449 2788 1
1521 2395 1
1351 203 1
1442 2240 1
1542 3088 1
2941 645 1
1957 1066 1
1957 1396 1
1957 2549 1
2652 2088 1
2494 2566 1
2300 1397 1
818 355 1
969 3282 1
3435 341 1
1026 1038 1
3014 1386 1
3014 908 1
3014 3287 1
3014 1873 1
3014 2057 1
826 261 1
1455 247 1
3296 2694 1
3296 2907 1
3296 3186 1
3296 2949 1
2095 1149 1
1448 2104 1
1394 1352 1
2463 1188 1
2463 1652 1
2463 2632 1
2463 1383 1
3003 1715 1
3003 310 1
1622 1598 1
1622 1697 1
1622 3262 1
550 2976 1
724 1166 1
2191 1040 1
2191 1618 1
1225 2255 1
182 2359 1
1096 1319 1
1096 2783 1
1096 2910 1
1096 2022 1
3350 1589 1
3350 1747 1
431 2716 1
1258 3352 1
734 1564 1
734 916 1
734 1053 1
734 2117 1
734 2905 1
734 1298 1
734 292 1
850 2911 1
661 1612 1
2903 189 1
272 571 1
272 1504 1
272 9 1
272 3320 1
272 1049 1
272 1876 1
272 998 1
272 2416 1
403 1443 1
1651 2713 1
710 1335 1
710 2585 1
710 3009 1
710 1615 1
710 1130 1
710 3381 1
710 2741 1
710 3016 1
710 1948 1
710 305 1
710 2146 1
710 2742 1
710 196 1
710 2226 1
710 651 1
710 1964 1
710 2329 1
710 378 1
710 1501 1
710 867 1
710 2744 1
1857 1137 1
1219 1250 1
1579 72 1
1579 1496 1
2743 2879 1
1327 2497 1
3385 2049 1
3385 2901 1
3385 68 1
3385 2953 1
3385 3215 1
3385 2898 1
246 3158 1
246 2378 1
246 3110 1
246 2016 1
246 145 1
246 426 1
246 473 1
2308 3119 1
2308 207 1
2308 1516 1
2930 561 1
68 2101 1
68 997 1
1639 425 1
1639 2969 1
1639 279 1
1639 2166 1
1639 1411 1
1639 3427 1
1639 2752 1
1639 2250 1
127 3379 1
2307 1023 1
755 965 1
1250 3306 1
1250 1497 1
1250 2502 1
1250 3298 1
1250 3407 1
1250 331 1
1250 1508 1
1250 407 1
1250 3290 1
1880 1029 1
1880 1565 1
1665 3321 1
1665 1868 1
551 1792 1
2599 2407 1
2599 1227 1
821 659 1
821 2218 1
821 1433 1
821 2857 1
821 2453 1
821 729 1
821 1727 1
2446 150 1
794 422 1
794 3328 1
794 1762 1
794 3360 1
794 1524 1
815 3314 1
815 985 1
815 903 1
815 2687 1
815 3058 1
586 558 1
586 2604 1
586 786 1
586 564 1
586 2878 1
586 1216 1
586 1205 1
586 3081 1
586 160 1
586 527 1
586 2695 1
586 2892 1
586 481 1
586 1307 1
586 1774 1
586 1505 1
204 2663 1
994 678 1
994 2009 1
774 1011 1
1748 381 1
1748 1763 1
229 1929 1
2938 3043 1
2938 99 1
2938 1273 1
2938 2914 1
2938 3437 1
2938 396 1
2938 2682 1
2938 812 1
2938 307 1
2938 3202 1
2938 2964 1
2938 423 1
2938 3421 1
2938 397 1
2938 1905 1
2938 909 1
2938 1206 1
2938 3073 1
2938 2762 1
2938 2936 1
2938 3440 1
2938 2962 1
2938 2313 1
2938 3033 1
2938 1888 1
2938 934 1
2938 241 1
2938 2150 1
2938 59 1
2938 401 1
2938 1661 1
2938 1901 1
2938 791 1
2938 1264 1
2938 2327 1
2938 1819 1
2938 1039 1
2938 2084 1
2938 2670 1
2938 100 1
2938 2868 1
2938 2311 1
2938 3066 1
2938 1400 1
2938 2419 1
2938 1092 1
2938 3146 1
2938 815 1
2938 2001 1
2938 3 1
2938 3334 1
2938 2379 1
2938 2248 1
2938 1211 1
2938 115 1
2938 619 1
2938 2271 1
2938 2532 1
2938 2651 1
2938 767 1
2938 1265 1
2938 891 1
2938 2031 1
2938 153 1
2938 2371 1
2938 580 1
2938 490 1
2938 3091 1
3283 1796 1
3283 1681 1
3283 1487 1
3283 1318 1
3283 345 1
3283 2583 1
3283 2881 1
3283 3217 1
326 239 1
326 2291 1
1217 805 1
1217 897 1
2854 1193 1
2193 2205 1
1436 1000 1
1525 2209 1
3 477 1
3 3033 1
3 2432 1
3 1460 1
3 1941 1
3 2352 1
3 2278 1
3027 1675 1
3027 2824 1
3027 1760 1
2098 2145 1
2098 420 1
2096 201 1
13 377 1
1301 425 1
3334 600 1
3334 2943 1
3334 408 1
3334 1165 1
3334 3359 1
3334 2985 1
3334 1868 1
3334 2947 1
3334 2747 1
3334 792 1
3334 3424 1
3334 2143 1
3334 2488 1
3334 1133 1
3334 1354 1
3334 1665 1
3334 244 1
3334 1887 1
3334 237 1
3334 1102 1
3334 2627 1
3334 2512 1
3380 949 1
3380 374 1
2101 3172 1
2101 146 1
1537 2655 1
152 380 1
152 2610 1
152 273 1
152 633 1
152 2595 1
152 2690 1
152 1020 1
152 2304 1
152 3387 1
152 534 1
152 455 1
152 2732 1
152 2388 1
152 1671 1
152 2726 1
3412 1529 1
123 414 1
1984 1330 1
342 344 1
2560 3059 1
2560 2525 1
2945 2715 1
35 3045 1
2380 1417 1
2380 2863 1
2380 177 1
2380 2645 1
2380 2608 1
1389 521 1
1462 1036 1
2129 3319 1
2129 1178 1
1981 3434 1
1981 314 1
324 734 1
902 3144 1
902 3059 1
1952 1813 1
501 2482 1
501 1962 1
501 1075 1
501 1068 1
64 2972 1
64 1730 1
64 735 1
64 2236 1
64 1719 1
64 3278 1
64 1138 1
943 2336 1
2248 1069 1
174 1997 1
174 697 1
174 2387 1
174 2805 1
174 2590 1
174 2700 1
174 1534 1
1647 1990 1
1647 19 1
1207 2656 1
3018 44 1
3018 1449 1
3018 142 1
3018 1577 1
3018 3095 1
3018 3289 1
3018 1809 1
2125 1520 1
2125 2889 1
3388 3405 1
3388 1664 1
3388 202 1
3388 1426 1
3388 1920 1
3388 1416 1
3388 255 1
3388 316 1
3388 2097 1
3388 2620 1
132 2201 1
3049 1628 1
3049 339 1
3049 1104 1
3049 3248 1
3049 1655 1
3049 1739 1
3049 2285 1
3049 857 1
3049 3068 1
3049 280 1
1366 157 1
1366 1543 1
1366 458 1
1366 2312 1
1366 3320 1
1366 272 1
1366 469 1
1366 872 1
2091 685 1
1088 69 1
1088 2237 1
1088 1492 1
1088 2050 1
1088 1215 1
212 3341 1
43 2298 1
43 190 1
2754 3368 1
922 2380 1
1976 915 1
863 2924 1
863 652 1
863 2784 1
863 3365 1
863 3375 1
863 3326 1
863 437 1
863 2420 1
863 3152 1
2629 3004 1
62 931 1
1736 1482 1
738 554 1
3080 1659 1
3080 402 1
631 2504 1
383 2354 1
197 178 1
197 323 1
197 40 1
197 2970 1
197 290 1
197 2886 1
197 1471 1
197 3436 1
197 673 1
197 1912 1
3047 542 1
3047 3176 1
1413 2606 1
1413 75 1
1413 3127 1
1413 1823 1
3000 3141 1
2586 413 1
1599 3191 1
1599 667 1
2696 1097 1
2225 1115 1
2601 1810 1
98 1686 1
3034 2823 1
3034 979 1
3034 3438 1
3236 2170 1
1262 2089 1
4 3267 1
2736 2161 1
1255 2349 1
448 1540 1
1506 2014 1
2266 2243 1
2266 1290 1
2433 626 1
2433 3176 1
2120 1660 1
312 675 1
2429 925 1
2429 322 1
2429 3270 1
2429 608 1
2429 3408 1
2429 1824 1
1829 2123 1
1553 2076 1
839 1047 1
839 1785 1
839 1937 1
839 1831 1
839 1310 1
839 846 1
839 2528 1
839 1583 1
839 2602 1
839 1295 1
839 2171 1
839 2959 1
839 3362 1
839 1113 1
839 996 1
839 966 1
2748 3150 1
2748 449 1
2748 3161 1
2748 3448 1
2748 1071 1
2558 2438 1
2558 576 1
2558 138 1
2448 885 1
3124 3060 1
1402 1431 1
1402 3333 1
2050 3228 1
2050 1588 1
2050 2186 1
2050 1022 1
2691 2305 1
2691 3389 1
1591 784 1
113 238 1
3360 722 1
3360 3284 1
1458 3159 1
1458 1622 1
2339 3316 1
3257 2180 1
3257 3455 1
1214 3253 1
289 2207 1
289 2490 1
289 2350 1
289 147 1
289 3342 1
289 816 1
1331 1953 1
1331 1746 1
1331 2717 1
1331 3028 1
1331 3111 1
1364 3279 1
2651 2926 1
2651 903 1
2651 680 1
2651 125 1
2651 1722 1
1231 1797 1
1231 1329 1
1231 1095 1
1231 199 1
1131 3093 1
1131 3294 1
1131 1353 1
1131 1926 1
1131 2677 1
1131 993 1
1131 2704 1
1131 640 1
1131 1924 1
1131 3203 1
1660 1685 1
224 1321 1
2811 2094 1
2811 2111 1
2811 2923 1
3342 894 1
3342 2080 1
3342 88 1
3342 1853 1
3181 607 1
2239 86 1
1314 450 1
1314 3388 1
1314 2053 1
624 1080 1
370 2817 1
370 2187 1
370 2680 1
166 2221 1
166 3128 1
2338 2283 1
822 149 1
822 1846 1
2250 1925 1
2250 2423 1
2250 661 1
2250 3347 1
2250 1597 1
1640 2903 1
1848 963 1
825 907 1
825 1889 1
1480 1324 1
1480 87 1
1480 1898 1
1480 676 1
1480 2646 1
1480 2801 1
1480 609 1
1480 2440 1
1480 95 1
2348 668 1
2348 2260 1
2348 1902 1
2348 2615 1
889 1994 1
889 34 1
889 2491 1
889 2121 1
133 1877 1
133 180 1
2887 2915 1
2887 253 1
3344 2765 1
2795 2381 1
2795 555 1
833 2749 1
859 2523 1
859 751 1
1717 3026 1
93 3409 1
2671 3428 1
2671 1208 1
2671 1366 1
2671 2725 1
2671 3356 1
2671 1182 1
2671 347 1
851 2394 1
1383 1370 1
1383 2973 1
1383 3139 1
1383 610 1
424 1624 1
444 1232 1
2862 1316 1
2862 1777 1
1172 2846 1
1172 1221 1
1172 1586 1
3217 2058 1
3217 2331 1
3217 1033 1
3217 1673 1
543 830 1
2998 1161 1
2310 827 1
1014 357 1
1014 343 1
2830 2443 1
2830 1532 1
2830 3414 1
2830 886 1
2830 1119 1
2830 2517 1
2830 283 1
2830 2841 1
2830 1585 1
2830 3353 1
2830 491 1
2830 2385 1
2830 2760 1
2830 3002 1
2830 3413 1
2830 495 1
2830 2017 1
1490 856 1
1809 2539 1
1809 1151 1
1809 785 1
1809 2789 1
1809 474 1
1809 973 1
650 1893 1
650 1044 1
650 583 1
650 2807 1
650 3301 1
650 1606 1
650 3083 1
650 1091 1
650 681 1
650 913 1
650 1404 1
650 318 1
650 2519 1
650 3055 1
650 2527 1
650 2287 1
650 2042 1
650 2077 1
650 2147 1
650 3357 1
1562 1511 1
1562 1230 1
1562 3233 1
2174 1664 1
227 2730 1
781 2561 1
1415 1712 1
1399 3369 1
1399 627 1
465 2964 1
465 1131 1
3157 29 1
3157 2082 1
3157 2986 1
3157 2247 1
1302 2557 1
1302 3151 1
1302 2996 1
1228 3221 1
2278 1576 1
2278 3391 1
2278 3377 1
2698 1698 1
2698 3131 1
2698 2847 1
2698 628 1
2698 395 1
2698 2112 1
2698 3239 1
2698 2584 1
2698 1477 1
3046 588 1
3046 11 1
3046 1556 1
2977 107 1
2297 1224 1
460 3023 1
536 2610 1
536 3387 1
1914 2579 1
1914 1767 1
3288 3415 1
3288 3348 1
3288 2833 1
3288 623 1
3288 865 1
3288 918 1
1215 2148 1
1215 2928 1
1215 1121 1
1215 981 1
1215 2507 1
1215 2711 1
1215 1881 1
1998 446 1
1998 2306 1
1998 893 1
580 2852 1
1894 739 1
2183 1703 1
2183 2989 1
2183 1907 1
2183 2233 1
170 1019 1
140 1715 1
36 2401 1
36 699 1
36 1100 1
36 1217 1
36 2754 1
268 1677 1
268 2140 1
2788 1860 1
2788 3416 1
121 1946 1
121 2314 1
121 2951 1
121 1856 1
121 548 1
121 682 1
2898 2341 1
1969 1693 1
1969 90 1
3206 1914 1
2270 493 1
1234 875 1
1234 899 1
1234 119 1
1234 3105 1
1234 1916 1
1530 1376 1
2780 405 1
2780 1917 1
2780 1942 1
2780 390 1
2917 2869 1
1534 478 1
1534 1560 1
1534 1280 1
2673 1728 1
2992 2344 1
2992 2391 1
772 2562 1
772 828 1
2282 1126 1
1593 3361 1
1593 1189 1
1593 440 1
1593 2580 1
1593 163 1
1593 1854 1
1593 1726 1
1593 3367 1
1593 1341 1
1593 3244 1
1593 1699 1
1593 834 1
1593 233 1
1674 2808 1
496 1805 1
496 64 1
2933 1921 1
2603 2372 1
2603 2707 1
2603 3263 1
2603 766 1
2512 325 1
3422 1786 1
3422 83 1
3134 1754 1
368 158 1
368 708 1
2395 2286 1
2395 741 1
2395 2196 1
2395 1398 1
2395 3418 1
2395 2478 1
2395 1105 1
99 2010 1
99 2866 1
99 3238 1
2349 1563 1
400 379 1
400 1450 1
400 1175 1
400 200 1
400 2060 1
157 1531 1
157 1684 1
157 3429 1
3168 50 1
3168 1587 1
2021 3198 1
2438 877 1
2438 756 1
2438 1518 1
1997 1118 1
1953 317 1
236 1963 1
641 476 1
641 2253 1
641 1393 1
2221 2885 1
838 1062 1
838 3029 1
838 1649 1
3210 1466 1
3210 1315 1
3210 1378 1
3210 3204 1
3210 37 1
3210 592 1
3210 2978 1
2965 3187 1
242 1507 1
1030 3216 1
1855 2066 1
1855 777 1
425 2024 1
425 1538 1
425 1196 1
425 2154 1
425 211 1
425 1733 1
786 2321 1
786 1191 1
72 1706 1
72 1078 1
72 2816 1
72 964 1
463 1145 1
463 1233 1
463 1360 1
399 1340 1
565 2573 1
565 1988 1
565 819 1
565 1493 1
565 2661 1
3159 288 1
3159 2235 1
3159 3042 1
3159 990 1
3159 2217 1
3159 416 1
3159 1409 1
2849 191 1
2849 3419 1
2849 26 1
2849 2647 1
800 3285 1
1165 3085 1
1165 2197 1
2663 2764 1
2663 3411 1
2663 3450 1
2663 2542 1
2663 308 1
827 2295 1
3122 2724 1
3122 1304 1
3122 1311 1
3122 1365 1
2606 2292 1
1925 958 1
3037 1050 1
3037 454 1
3037 1551 1
2342 1226 1
2342 2555 1
2342 3224 1
2342 443 1
2342 3160 1
2342 2274 1
2342 3163 1
2342 3376 1
2342 1636 1
1805 946 1
693 3109 1
693 1570 1
693 1773 1
693 2831 1
693 61 1
1670 2115 1
1083 2971 1
1083 2821 1
1083 1815 1
1083 2653 1
1486 2019 1
1486 892 1
1486 2684 1
1486 1106 1
1486 2950 1
1486 2686 1
364 168 1
364 433 1
1691 740 1
279 1409 1
279 1999 1
279 1451 1
279 2835 1
279 1512 1
279 1604 1
279 3133 1
279 122 1
2166 2437 1
1066 489 1
1066 884 1
1066 1081 1
1066 2107 1
1066 52 1
1066 2764 1
1066 1780 1
1970 2768 1
1970 415 1
1970 1641 1
1209 1838 1
1209 2669 1
3064 1735 1
3064 2500 1
915 620 1
915 1356 1
2212 1432 1
691 1283 1
691 658 1
519 2968 1
519 225 1
519 1765 1
519 3402 1
519 2023 1
1646 1623 1
1681 3193 1
2683 926 1
2683 1116 1
2683 141 1
2683 717 1
2683 1041 1
2683 184 1
2683 2393 1
2683 1554 1
1655 340 1
1655 230 1
1655 2257 1
1655 2872 1
2273 2068 1
2273 2382 1
2871 3274 1
3397 97 1
3397 114 1
1908 1729 1
1908 854 1
1816 746 1
3307 361 1
3307 3343 1
3307 70 1
3307 3226 1
2974 2574 1
2838 3106 1
2838 562 1
874 3349 1
874 635 1
24 53 1
24 962 1
24 545 1
24 3245 1
24 1423 1
24 700 1
24 982 1
24 2414 1
24 358 1
758 2382 1
758 1464 1
758 879 1
506 2503 1
506 1632 1
506 1743 1
3442 2168 1
14 144 1
2424 703 1
2424 510 1
656 2457 1
2548 2133 1
393 553 1
1741 1634 1
1741 1344 1
1741 15 1
1741 2778 1
1741 3094 1
1741 924 1
436 2619 1
3351 674 1
3351 3452 1
3351 855 1
3351 2592 1
3025 978 1
3025 793 1
3025 2083 1
3025 585 1
678 1896 1
1492 2709 1
1492 3065 1
1492 2403 1
1492 1288 1
770 2769 1
511 3218 1
3302 1928 1
3302 78 1
582 2774 1
1871 2030 1
1871 386 1
1871 3192 1
1871 647 1
1971 1899 1
1971 270 1
1971 1721 1
1971 2550 1
1971 2932 1
1971 2672 1
1971 243 1
1971 2851 1
1971 3446 1
1971 3130 1
2456 8 1
1020 1761 1
1020 1403 1
1020 489 1
1020 1690 1
2773 2554 1
1918 1919 1
343 198 1
1042 3225 1
1042 2335 1
912 1194 1
912 2034 1
912 2536 1
912 2002 1
2630 928 1
341 1688 1
341 1911 1
341 2722 1
341 472 1
831 284 1
831 2641 1
831 1111 1
3387 373 1
930 1734 1
2700 1790 1
2700 220 1
1488 900 1
2925 2664 1
2925 258 1
2925 2832 1
2925 2073 1
2925 3072 1
215 596 1
215 1249 1
634 1427 1
634 2357 1
634 3196 1
634 2723 1
615 905 1
615 778 1
615 3214 1
1407 2607 1
1407 51 1
1407 2979 1
3014 1357 1
3296 2843 1
3296 1146 1
3296 1863 1
3296 1954 1
2463 868 1
2463 1710 1
2463 1051 1
2463 750 1
2463 2030 1
2463 154 1
2463 3423 1
2463 216 1
2463 319 1
734 3167 1
734 1923 1
734 1195 1
734 2276 1
734 1849 1
661 186 1
661 3182 1
661 2720 1
661 2556 1
2903 1472 1
2903 2770 1
2903 941 1
272 1201 1
710 578 1
710 209 1
710 2441 1
710 301 1
710 1073 1
710 646 1
710 1424 1
710 2508 1
710 1695 1
710 2279 1
371 1985 1
3385 2944 1
246 2434 1
246 2624 1
246 1764 1
1639 92 1
1639 2484 1
1639 2437 1
1639 1483 1
1639 1869 1
1639 12 1
821 2078 1
2446 3188 1
815 429 1
586 3087 1
1748 2576 1
1748 829 1
2938 1063 1
2938 2208 1
2938 2425 1
2938 1140 1
2938 3173 1
2938 1859 1
2938 696 1
2938 2806 1
2938 3252 1
2938 3050 1
2938 275 1
2938 1132 1
2938 2447 1
2938 57 1
2938 251 1
2938 1503 1
2938 704 1
2938 2870 1
2938 2160 1
2938 611 1
2938 644 1
3283 1650 1
3 950 1
3334 288 1
3334 2402 1
3334 1107 1
3334 2032 1
3334 1619 1
3334 795 1
2101 349 1
152 1690 1
152 461 1
152 398 1
123 2087 1
2129 2024 1
3069 1467 1
324 162 1
64 1403 1
3018 3325 1
3018 2450 1
3049 1035 1
3049 2361 1
2754 2396 1
863 2880 1
863 2948 1
197 475 1
197 2633 1
197 1535 1
197 2011 1
197 852 1
197 694 1
1599 1089 1
1599 1388 1
1599 1680 1
1599 3310 1
1599 262 1
66 636 1
66 3249 1
1610 173 1
2429 1183 1
2429 3102 1
2429 3447 1
839 2804 1
839 1539 1
839 1184 1
839 1379 1
2050 837 1
2050 159 1
2691 1723 1
2691 1625 1
595 1495 1
595 2373 1
595 27 1
1231 1179 1
1131 1552 1
3342 3268 1
3342 613 1
3342 3406 1
1314 2543 1
2250 2776 1
1480 3030 1
1480 348 1
1480 486 1
1480 2899 1
1480 28 1
1480 2173 1
3231 3171 1
3231 71 1
3231 96 1
3231 1421 1
933 1572 1
933 2263 1
933 2383 1
933 654 1
933 2534 1
933 723 1
933 303 1
933 1755 1
933 2047 1
933 937 1
933 2755 1
933 3232 1
933 2324 1
933 2526 1
933 2577 1
933 185 1
933 1927 1
933 3154 1
933 3433 1
933 1059 1
933 848 1
933 2918 1
933 1951 1
933 2855 1
933 2848 1
933 1724 1
933 1440 1
933 2520 1
933 2134 1
933 556 1
933 1260 1
933 2867 1
933 432 1
933 3129 1
933 3040 1
933 1414 1
933 810 1
933 260 1
933 3213 1
933 1955 1
933 1891 1
933 155 1
2671 662 1
2862 672 1
2862 591 1
2862 1960 1
2862 581 1
3217 2004 1
2830 3269 1
2830 1491 1
2830 1514 1
2830 2544 1
650 957 1
650 1084 1
650 406 1
1415 663 1
1415 3017 1
2155 1731 1
3046 3082 1
3046 842 1
3046 42 1
3046 1101 1
3046 3184 1
3046 1778 1
3046 2194 1
3046 1781 1
3046 2578 1
3288 2078 1
3288 1420 1
1215 1870 1
1215 1806 1
1215 991 1
1215 972 1
1215 321 1
36 3219 1
121 2469 1
121 718 1
1234 807 1
1234 523 1
2780 2299 1
1725 183 1
1725 3010 1
1534 1090 1
1534 769 1
1593 3295 1
1593 1387 1
1593 1167 1
1593 295 1
2318 1473 1
3038 235 1
60 3428 1
2067 1237 1
350 3049 1
2360 2348 1
988 655 1
988 410 1
195 2698 1
3175 621 1
1737 901 1
2667 3283 1
584 2836 1
327 844 1
525 641 1
525 2701 1
525 1441 1
525 3331 1
3346 157 1
2575 738 1
1882 3168 1
2564 1642 1
2636 105 1
188 2486 1
188 3234 1
226 3395 1
1738 573 1
1163 2463 1
2834 2974 1
1470 1362 1
1003 2567 1
2006 1448 1
1476 1017 1
2328 2342 1
2219 337 1
2703 779 1
1252 2172 1
986 1428 1
234 1209 1
1502 3125 1
1465 3036 1
2496 3170 1
2876 3069 1
1968 2175 1
1782 847 1
1345 693 1
1808 888 1
73 2791 1
1892 511 1
335 2642 1
2751 3387 1
1268 2688 1
169 1862 1
300 2558 1
2389 1527 1
2251 1607 1
677 3231 1
677 1725 1
713 1858 1
137 1977 1
171 1520 1
1173 3439 1
1779 1697 1
1594 1599 1
2227 1342 1
2939 266 1
2939 923 1
2039 2823 1
616 2830 1
820 2969 1
1679 1314 1
286 2070 1
3199 1123 1
1253 2995 1
2859 2671 1
3386 2818 1
1667 1480 1
967 1522 1
2888 912 1
3132 1254 1
85 1708 1
617 2399 1
1979 2021 1
1348 2964 1
441 2594 1
391 3397 1
391 710 1
1306 499 1
2246 2838 1
1212 1593 1
637 3389 1
1842 1626 1
2231 3048 1
2426 2803 1
2122 3137 1
445 2845 1
1644 501 1
1879 1971 1
1949 1959 1
1256 2691 1
1285 563 1
181 2862 1
480 758 1
3336 1526 1
1847 14 1
2153 1286 1
2153 2045 1
2158 1871 1
248 1913 1
3155 1399 1
730 242 1
3431 2258 1
2756 2775 1
2351 495 1
1072 2404 1
731 2919 1
1429 1638 1
2126 770 1
2681 2938 1
688 1816 1
688 3014 1
264 529 1
507 467 1
1820 1486 1
2611 3001 1
1452 1970 1
39 2648 1
2044 629 1
2035 2424 1
1002 2077 1
1986 2183 1
2046 2657 1
1861 2547 1
3008 2582 1
1817 393 1
2144 2675 1
975 232 1
359 614 1
2792 732 1
3303 1576 1
2471 368 1
3338 2062 1
662 469 1
2916 899 1
2452 1987 1
1054 757 1
120 1481 1
1663 1938 1
2326 3261 1
2284 231 1
706 1235 1
942 1993 1
3013 252 1
2674 2289 1
47 3393 1
3250 2810 1
3410 246 1
3410 1639 1
1617 3307 1
2353 320 1
3251 66 1
1127 671 1
630 595 1
2345 586 1
587 306 1
858 1610 1
2649 2043 1
2245 574 1
3179 3442 1
1422 1944 1
2890 2166 1
2890 24 1
3063 3025 1
2437 3037 1
1742 2683 1
1186 1396 1
1009 219 1
2609 1459 1
2797 864 1
605 752 1
2465 634 1
210 697 1
210 2590 1
332 2267 1
2961 110 1
2812 690 1
3399 1234 1
38 2955 1
743 2223 1
5 3344 1
787 212 1
487 1788 1
2850 3240 1
2332 2460 1
271 2738 1
528 1687 1
1648 933 1
2309 2524 1
1005 2141 1
2828 2668 1
1885 3258 1
530 1042 1
806 2240 1
3370 2535 1
1574 3256 1
2464 3257 1
917 615 1
1058 2593 1
974 298 1
649 121 1
695 2760 1
2290 687 1
2136 2927 1
929 969 1
3071 2355 1
3112 2064 1
539 2849 1
1775 1083 1
526 1759 1
2319 1704 1
692 324 1
2587 841 1
1064 1168 1
2103 2203 1
1438 2429 1
2666 1907 1
1714 503 1
2093 2473 1
648 2374 1
