1760 400 1
1712 833 1
1558 652 1
1234 520 1
1234 1599 1
1234 879 1
881 715 1
881 933 1
881 1546 1
881 575 1
881 698 1
881 393 1
1699 747 1
732 708 1
1056 461 1
1417 804 1
1417 1483 1
1417 1348 1
1417 506 1
1417 1774 1
1417 1228 1
1417 284 1
1417 918 1
1417 1729 1
931 658 1
931 1063 1
931 53 1
931 1255 1
931 741 1
931 1013 1
931 44 1
257 1210 1
1137 1216 1
368 1647 1
1629 145 1
995 34 1
740 751 1
1762 1121 1
848 1619 1
1265 823 1
1265 1645 1
500 608 1
665 275 1
474 1088 1
474 1079 1
474 1431 1
1057 75 1
105 1817 1
661 778 1
124 543 1
1148 743 1
1355 1268 1
1355 200 1
1355 480 1
1355 1742 1
1355 839 1
1355 528 1
1355 597 1
1355 1087 1
610 310 1
1288 865 1
786 1555 1
1322 303 1
117 1443 1
1287 10 1
242 1823 1
875 13 1
1821 45 1
511 377 1
1713 76 1
739 1015 1
1549 448 1
1185 213 1
909 624 1
790 1257 1
1150 468 1
1564 704 1
1564 1530 1
1303 1460 1
1520 491 1
1520 1011 1
1520 1617 1
1520 1352 1
1520 1409 1
1520 1366 1
1520 651 1
1520 1481 1
1520 411 1
1520 948 1
415 892 1
415 1783 1
415 1408 1
1035 719 1
365 934 1
365 1472 1
1720 1323 1
1720 1465 1
247 932 1
1484 1672 1
1484 1290 1
1812 1031 1
659 1027 1
1044 1651 1
1176 379 1
687 1020 1
687 763 1
1710 1496 1
703 1691 1
805 438 1
1651 489 1
1651 1033 1
1651 226 1
1651 1256 1
1668 1693 1
1668 837 1
570 1285 1
744 1132 1
308 1133 1
269 383 1
1679 385 1
1679 1307 1
1679 1321 1
696 384 1
749 1444 1
749 1139 1
749 1657 1
1626 974 1
1324 1512 1
437 29 1
72 1613 1
72 1213 1
1116 684 1
1579 1162 1
1542 483 1
1339 192 1
1289 1093 1
299 545 1
860 1615 1
1193 1273 1
15 1748 1
872 187 1
872 1755 1
1117 267 1
1117 1807 1
1117 1700 1
1214 1354 1
1214 1681 1
1214 855 1
1214 1037 1
267 1404 1
179 836 1
798 1244 1
1021 782 1
699 519 1
139 1015 1
590 467 1
590 292 1
1633 138 1
1633 660 1
1633 508 1
1633 204 1
1757 622 1
520 456 1
520 153 1
520 1386 1
520 1047 1
520 17 1
520 258 1
520 363 1
1552 1278 1
342 202 1
998 1669 1
998 333 1
998 175 1
998 1283 1
998 347 1
998 405 1
998 1119 1
998 1199 1
998 1030 1
998 1517 1
998 921 1
998 1261 1
998 1192 1
998 442 1
998 169 1
998 517 1
998 1641 1
998 816 1
998 1793 1
998 787 1
998 1706 1
998 1489 1
998 1073 1
998 1158 1
571 1539 1
1466 1166 1
1772 669 1
1772 1516 1
1357 1328 1
616 720 1
861 388 1
861 1553 1
1304 1423 1
1612 109 1
1612 1167 1
1612 1495 1
1390 997 1
1390 449 1
300 62 1
300 142 1
300 1153 1
300 817 1
300 1156 1
300 23 1
300 581 1
300 212 1
913 1502 1
27 1159 1
605 916 1
973 38 1
973 1533 1
513 1149 1
1471 1491 1
1471 629 1
1471 185 1
1471 197 1
475 85 1
1826 1388 1
900 1406 1
900 337 1
900 1598 1
1470 754 1
833 1376 1
535 931 1
535 1564 1
535 1117 1
535 186 1
1835 546 1
1835 707 1
1835 554 1
1835 432 1
1835 1101 1
1835 1100 1
1835 1008 1
1835 1566 1
1835 1585 1
1835 1080 1
1835 1249 1
1835 794 1
1835 1497 1
1835 1281 1
1835 1751 1
1835 1813 1
1835 1607 1
1731 981 1
320 1356 1
923 700 1
186 1670 1
186 1025 1
186 3 1
186 191 1
186 1526 1
484 967 1
484 628 1
133 236 1
133 1160 1
294 1314 1
294 256 1
560 1309 1
1345 1663 1
1345 1194 1
1345 984 1
1345 240 1
231 155 1
987 1189 1
987 428 1
647 1419 1
1238 1810 1
63 77 1
63 170 1
473 1676 1
11 129 1
129 1060 1
129 1741 1
129 653 1
1519 828 1
1519 326 1
1519 348 1
1519 1690 1
1374 445 1
1374 168 1
1374 1816 1
1374 1392 1
1374 1050 1
1374 1595 1
1237 131 1
1237 1824 1
993 1023 1
723 1514 1
670 248 1
864 149 1
526 1735 1
1588 1796 1
80 1830 1
1118 764 1
1118 1608 1
934 536 1
934 1322 1
934 1038 1
934 755 1
934 58 1
934 1329 1
934 1169 1
934 425 1
934 1053 1
934 1689 1
934 1270 1
934 710 1
934 1637 1
934 573 1
934 94 1
934 713 1
934 767 1
934 1675 1
65 426 1
65 1596 1
65 1758 1
65 391 1
65 663 1
65 880 1
65 695 1
65 1054 1
65 874 1
1660 1574 1
408 1320 1
408 1577 1
1041 56 1
24 99 1
112 1605 1
112 1799 1
112 157 1
414 584 1
414 1182 1
996 915 1
134 738 1
1781 1218 1
1781 1426 1
1781 14 1
1781 452 1
1781 198 1
1781 399 1
1781 902 1
1781 1652 1
1781 868 1
1634 621 1
304 1184 1
1302 1187 1
958 1695 1
812 1110 1
137 57 1
1361 1499 1
1450 1067 1
1450 1096 1
1450 276 1
1450 108 1
1450 1065 1
1450 1211 1
1450 748 1
1450 1319 1
1450 20 1
1450 328 1
1450 509 1
1450 1215 1
1385 1262 1
98 800 1
98 926 1
901 685 1
1046 481 1
690 1818 1
930 400 1
930 540 1
888 88 1
888 306 1
888 1126 1
888 801 1
888 1091 1
888 1459 1
888 811 1
888 1378 1
888 846 1
1611 1271 1
1644 1335 1
1644 1612 1
1644 847 1
1644 1573 1
1644 223 1
1644 1506 1
203 751 1
862 227 1
1661 619 1
734 334 1
734 1094 1
734 332 1
734 1049 1
734 1673 1
734 539 1
734 513 1
734 1203 1
734 912 1
734 641 1
734 1224 1
734 463 1
734 140 1
734 1114 1
734 1522 1
734 1513 1
734 727 1
734 1395 1
734 285 1
734 1151 1
734 39 1
734 1716 1
734 47 1
734 567 1
734 1217 1
734 904 1
734 1316 1
734 992 1
734 1405 1
1828 1786 1
326 1246 1
326 1330 1
326 349 1
326 18 1
326 1766 1
326 783 1
326 1292 1
326 318 1
326 1631 1
326 589 1
326 49 1
326 1560 1
631 1155 1
1205 1214 1
1656 742 1
378 1798 1
854 1382 1
371 1220 1
371 810 1
371 686 1
371 824 1
371 1709 1
371 401 1
371 785 1
371 161 1
371 499 1
942 36 1
205 118 1
1546 1733 1
1546 757 1
1546 55 1
1546 1744 1
1546 1833 1
1546 73 1
1546 1705 1
1546 1071 1
1546 429 1
1546 1815 1
1546 1061 1
1546 620 1
985 514 1
1209 286 1
1523 441 1
1638 228 1
1462 1454 1
192 1433 1
192 1485 1
192 209 1
192 83 1
192 642 1
192 1344 1
192 956 1
192 1165 1
905 1108 1
905 1469 1
448 1375 1
1072 569 1
1128 1504 1
1128 503 1
1128 1743 1
1128 669 1
1128 1202 1
1128 122 1
1128 1358 1
1128 1105 1
210 416 1
1711 571 1
637 217 1
1380 602 1
254 1726 1
1313 1368 1
773 1422 1
773 43 1
683 999 1
779 87 1
779 604 1
779 1779 1
1721 1561 1
1721 1671 1
827 95 1
827 856 1
827 1045 1
827 281 1
827 1538 1
827 1492 1
827 533 1
827 352 1
1305 625 1
1305 288 1
244 1349 1
927 1137 1
1147 86 1
1147 949 1
1015 1379 1
1015 1801 1
1015 470 1
255 1175 1
255 887 1
279 779 1
1438 1677 1
1122 590 1
1122 33 1
1122 331 1
1122 1083 1
4 598 1
28 756 1
841 1272 1
1142 1263 1
1142 178 1
355 1725 1
894 1299 1
894 278 1
682 587 1
682 899 1
682 676 1
682 549 1
682 264 1
682 574 1
1472 579 1
1472 788 1
1472 822 1
1472 1052 1
1472 224 1
1472 907 1
1472 102 1
1472 950 1
1472 8 1
1472 234 1
1472 443 1
61 1475 1
776 1477 1
239 1066 1
781 433 1
180 525 1
180 1007 1
180 272 1
75 220 1
75 89 1
75 1276 1
104 1059 1
435 265 1
435 1653 1
435 60 1
435 1362 1
435 1410 1
435 148 1
978 1014 1
1402 718 1
575 1490 1
575 531 1
575 633 1
575 1000 1
575 380 1
575 259 1
575 1351 1
575 1723 1
575 502 1
575 1111 1
575 1097 1
1432 48 1
1811 1374 1
1811 1545 1
264 59 1
264 1658 1
264 1581 1
264 1036 1
264 1363 1
264 1737 1
1331 1752 1
1221 1682 1
1424 350 1
1024 1146 1
711 639 1
64 1632 1
64 1123 1
1282 1107 1
1282 1144 1
1282 1 1
1282 314 1
1282 252 1
1282 1639 1
1282 63 1
1282 709 1
1282 1648 1
1282 1694 1
1282 1364 1
1282 1346 1
1282 989 1
1282 775 1
1282 1494 1
1282 877 1
1282 1534 1
1282 1074 1
1282 42 1
32 289 1
1513 672 1
1513 1085 1
1513 769 1
412 819 1
844 1200 1
844 1407 1
297 1635 1
199 1223 1
1545 891 1
1545 518 1
1545 1418 1
1545 346 1
1545 162 1
1545 1325 1
1545 504 1
1545 1640 1
1545 130 1
1062 1768 1
78 758 1
78 1098 1
78 561 1
78 1082 1
78 697 1
78 84 1
78 273 1
976 813 1
853 666 1
322 1532 1
736 420 1
1002 218 1
752 701 1
429 527 1
429 97 1
551 986 1
33 678 1
33 1740 1
33 166 1
33 1662 1
33 492 1
33 1296 1
33 845 1
33 1413 1
33 1188 1
33 1603 1
33 336 1
1031 961 1
1031 1719 1
1152 859 1
476 982 1
1004 1558 1
312 1212 1
315 943 1
144 268 1
144 1306 1
114 959 1
1508 360 1
1161 1551 1
1161 311 1
1161 1312 1
1161 1531 1
1161 206 1
1161 6 1
1161 171 1
1161 922 1
1161 1208 1
1161 103 1
1161 1204 1
1161 1343 1
1161 1106 1
510 735 1
510 372 1
510 607 1
510 667 1
510 843 1
510 648 1
219 287 1
1420 1403 1
1755 160 1
316 1140 1
1516 319 1
377 1548 1
377 1759 1
377 430 1
377 487 1
1236 180 1
1019 1233 1
1019 143 1
1019 67 1
1019 1429 1
164 1190 1
1369 1721 1
1550 917 1
1550 889 1
1698 135 1
1125 1293 1
177 632 1
485 1482 1
485 270 1
1307 501 1
348 789 1
348 606 1
348 1179 1
348 953 1
348 1569 1
348 1097 1
348 1666 1
348 1601 1
122 852 1
122 760 1
122 591 1
122 261 1
122 1342 1
122 680 1
122 25 1
122 1089 1
122 1294 1
122 1019 1
122 493 1
122 1680 1
493 1258 1
465 1161 1
1425 693 1
1425 120 1
1425 737 1
477 1536 1
477 1427 1
498 1434 1
498 1730 1
498 1722 1
498 421 1
498 938 1
1195 1591 1
1273 1476 1
1273 1777 1
1273 150 1
1746 579 1
1746 593 1
1746 553 1
1746 423 1
1746 126 1
1746 1032 1
1746 1414 1
1746 876 1
1746 250 1
1278 1326 1
1278 540 1
1278 1547 1
1310 636 1
71 317 1
1411 1113 1
1439 983 1
1439 516 1
1439 1415 1
1095 834 1
1327 1201 1
1497 1295 1
214 181 1
214 1834 1
214 702 1
214 1503 1
1501 1373 1
1501 580 1
1501 196 1
1501 1590 1
1501 799 1
1501 370 1
1501 457 1
1501 1383 1
1501 460 1
944 1580 1
1219 1604 1
1026 74 1
1606 703 1
19 427 1
19 471 1
19 634 1
19 1529 1
19 115 1
19 335 1
19 1058 1
19 766 1
19 599 1
19 90 1
19 954 1
19 869 1
19 929 1
19 2 1
19 603 1
19 309 1
19 266 1
389 910 1
898 1445 1
691 585 1
691 1232 1
691 111 1
691 1005 1
691 243 1
691 1500 1
691 1010 1
691 1487 1
691 394 1
691 490 1
691 1727 1
936 1455 1
1295 919 1
436 1017 1
439 373 1
1257 1702 1
1257 1654 1
1257 1616 1
1257 409 1
1257 1674 1
1257 1732 1
1257 712 1
1257 1042 1
1257 251 1
639 362 1
639 1115 1
1457 1754 1
1509 1222 1
26 1324 1
952 939 1
70 1784 1
70 1297 1
70 1453 1
70 542 1
70 1225 1
70 1527 1
70 1795 1
70 888 1
70 371 1
70 1578 1
70 81 1
70 623 1
70 78 1
70 1398 1
70 1310 1
70 1642 1
70 795 1
1359 893 1
564 374 1
564 121 1
564 1478 1
564 1086 1
564 356 1
564 440 1
564 644 1
1016 979 1
1016 381 1
1016 1022 1
1016 31 1
949 237 1
949 1332 1
949 1780 1
1685 455 1
1254 681 1
980 1177 1
980 609 1
980 417 1
980 424 1
980 844 1
980 627 1
980 1683 1
980 613 1
980 1620 1
802 998 1
353 1609 1
1178 1078 1
1178 5 1
1178 1825 1
1178 1251 1
1178 1269 1
1178 924 1
1178 1051 1
1178 110 1
1178 375 1
1178 1540 1
1178 521 1
1178 963 1
1178 566 1
1178 1785 1
1667 379 1
966 229 1
1371 753 1
1012 1520 1
1110 496 1
1110 1181 1
461 241 1
461 1048 1
461 635 1
1172 1247 1
1447 1069 1
1642 1322 1
1642 867 1
1642 706 1
1642 547 1
1642 1646 1
1642 1464 1
1642 600 1
1642 1090 1
1642 1397 1
838 435 1
1136 1701 1
1136 159 1
172 1389 1
795 1678 1
795 82 1
557 1170 1
761 1029 1
1479 1521 1
584 970 1
903 1814 1
903 323 1
1129 277 1
988 1808 1
1568 791 1
1800 469 1
1715 1016 1
1092 818 1
202 612 1
202 733 1
202 253 1
202 1767 1
1197 522 1
1350 1528 1
643 1791 1
1070 70 1
721 1688 1
1704 1353 1
260 1757 1
479 1474 1
479 1775 1
1794 402 1
550 127 1
694 1571 1
1647 1544 1
1103 914 1
1103 1776 1
1103 1077 1
1103 559 1
1338 376 1
1338 69 1
1338 221 1
1338 908 1
1338 313 1
1338 515 1
233 906 1
1827 360 1
1567 1647 1
592 1130 1
1280 1724 1
1280 792 1
886 1488 1
1075 1259 1
1075 871 1
1075 990 1
1075 884 1
1075 866 1
1075 194 1
1403 975 1
1403 340 1
1403 1191 1
1403 225 1
1403 746 1
1403 895 1
1608 780 1
1608 537 1
1608 1734 1
1608 1112 1
1608 163 1
1608 167 1
1608 262 1
1608 820 1
1608 688 1
1608 714 1
1608 576 1
1608 1467 1
1608 1279 1
915 301 1
915 920 1
915 119 1
915 512 1
915 1602 1
915 1511 1
915 532 1
915 1446 1
915 529 1
915 969 1
915 246 1
915 1586 1
1367 1624 1
534 1260 1
964 911 1
964 1787 1
668 293 1
668 638 1
1707 925 1
1486 883 1
1182 1198 1
1182 147 1
1182 128 1
1182 397 1
1182 329 1
1182 1771 1
54 1345 1
1615 280 1
965 873 1
825 283 1
1505 35 1
1290 1387 1
1290 1623 1
1290 968 1
1290 367 1
1290 937 1
1290 1039 1
1290 404 1
1290 1831 1
1290 1456 1
1290 972 1
1290 296 1
1290 656 1
1076 151 1
188 1040 1
188 274 1
230 1819 1
1610 392 1
1610 1753 1
611 222 1
611 586 1
611 1792 1
611 30 1
611 1556 1
611 1141 1
611 772 1
611 555 1
1353 434 1
1353 941 1
1353 324 1
1353 1231 1
519 116 1
519 940 1
519 614 1
213 330 1
213 100 1
213 343 1
213 1412 1
213 649 1
213 1461 1
1829 827 1
896 1537 1
821 215 1
767 141 1
263 1570 1
263 1103 1
1157 101 1
1157 298 1
770 1142 1
770 1291 1
770 1384 1
770 1442 1
1515 530 1
1417 1449 1
931 422 1
1265 731 1
703 1790 1
703 1043 1
703 1764 1
703 971 1
703 840 1
1651 453 1
1651 1804 1
507 327 1
1504 307 1
1214 123 1
520 1510 1
520 1621 1
520 106 1
998 1686 1
917 1275 1
1612 1109 1
300 563 1
300 1756 1
300 1809 1
973 46 1
900 725 1
1835 991 1
1835 1174 1
1835 572 1
1835 977 1
186 646 1
186 541 1
186 1127 1
186 1738 1
129 558 1
129 1298 1
129 341 1
934 406 1
934 1264 1
65 295 1
548 1341 1
1450 1788 1
1450 1769 1
1450 1582 1
1450 1468 1
888 1554 1
888 1625 1
888 808 1
888 1557 1
888 1131 1
888 1664 1
1644 152 1
1644 1250 1
734 1124 1
734 1440 1
734 797 1
371 717 1
371 1333 1
371 951 1
1546 1337 1
1546 1507 1
1546 165 1
1546 1451 1
192 1400 1
779 1717 1
779 354 1
779 51 1
779 1589 1
244 446 1
1015 1806 1
1015 79 1
1015 1421 1
894 768 1
1472 946 1
1472 9 1
1472 1770 1
1472 344 1
1472 1416 1
1472 93 1
435 1186 1
435 1377 1
435 1535 1
575 1394 1
575 1437 1
575 793 1
575 290 1
264 1436 1
264 830 1
64 271 1
1282 1708 1
1282 1572 1
1282 382 1
78 325 1
78 745 1
684 494 1
1161 395 1
1516 1131 1
1516 1235 1
994 302 1
122 345 1
122 37 1
122 444 1
122 1649 1
122 495 1
122 689 1
122 885 1
122 1365 1
1746 1728 1
1746 359 1
1746 361 1
889 216 1
1327 1207 1
1327 1643 1
1501 321 1
19 568 1
19 716 1
19 1627 1
19 679 1
691 1206 1
1257 640 1
1257 366 1
952 1692 1
70 190 1
70 113 1
70 807 1
70 1575 1
70 955 1
564 1559 1
949 1600 1
1178 1252 1
1178 158 1
1178 654 1
1178 1650 1
1178 1773 1
1178 156 1
1178 595 1
1371 174 1
1110 1340 1
1110 935 1
1642 1239 1
1642 1196 1
584 803 1
202 664 1
1075 897 1
1075 677 1
1403 858 1
1608 1242 1
1608 66 1
1608 1665 1
1608 211 1
1608 1311 1
915 583 1
1615 1391 1
1290 849 1
1290 1655 1
1290 1761 1
1290 136 1
1290 249 1
1290 851 1
1290 577 1
611 814 1
611 1703 1
213 1498 1
213 305 1
213 1430 1
523 1417 1
193 1765 1
1628 759 1
1138 364 1
7 1075 1
505 1390 1
505 1835 1
183 1009 1
183 282 1
386 750 1
728 1749 1
728 734 1
728 1619 1
728 832 1
728 850 1
662 12 1
562 71 1
1068 691 1
1718 890 1
1636 1587 1
1636 1644 1
1318 947 1
1576 854 1
1576 673 1
1576 1763 1
1241 1565 1
1317 1565 1
1064 1282 1
291 1471 1
338 236 1
189 300 1
1163 952 1
1399 1745 1
1243 1763 1
351 1541 1
1448 825 1
497 111 1
1347 1480 1
92 1782 1
809 1450 1
1171 244 1
235 1006 1
765 724 1
1435 1789 1
1134 1099 1
176 749 1
630 749 1
594 16 1
1452 960 1
618 40 1
831 385 1
390 1720 1
450 730 1
1805 96 1
413 888 1
1120 994 1
1562 743 1
1308 1253 1
418 1018 1
857 626 1
1164 1003 1
544 1372 1
1230 145 1
182 973 1
882 498 1
1822 1028 1
1102 19 1
957 1735 1
1183 578 1
451 21 1
1274 1781 1
650 402 1
806 488 1
1622 705 1
1154 870 1
1525 588 1
1820 692 1
1336 829 1
1301 52 1
1696 980 1
403 777 1
184 863 1
1747 1684 1
1778 410 1
201 655 1
339 1401 1
722 134 1
173 1493 1
1248 154 1
1739 1381 1
146 774 1
22 1334 1
1267 1614 1
1168 564 1
601 1327 1
462 1286 1
1135 1370 1
729 459 1
387 1714 1
195 1178 1
431 1423 1
1687 556 1
1227 548 1
878 1226 1
1180 1278 1
1597 675 1
466 357 1
762 407 1
1145 507 1
1396 1630 1
132 1630 1
232 1746 1
674 596 1
1277 835 1
962 64 1
396 1229 1
478 65 1
1803 611 1
1802 74 1
645 1594 1
41 34 1
1315 1473 1
524 1441 1
454 1240 1
464 1371 1
464 1610 1
842 1393 1
1524 1563 1
1034 1265 1
1593 1428 1
1518 894 1
1084 188 1
1584 617 1
369 458 1
1001 1736 1
945 771 1
1143 510 1
447 1266 1
538 552 1
472 582 1
1583 214 1
125 796 1
1697 726 1
1458 238 1
1055 949 1
1463 584 1
1797 68 1
671 1355 1
398 107 1
1543 1245 1
1618 784 1
826 1592 1
1300 815 1
1081 928 1
1104 1832 1
486 474 1
657 1501 1
1284 207 1
1659 565 1
245 900 1
1750 50 1
91 1324 1
1360 909 1
482 358 1
208 1173 1
615 419 1
