3138 1695 1
3138 829 1
3138 2342 1
3138 1555 1
3138 351 1
3138 2178 1
3138 157 1
3138 1369 1
3138 2542 1
3138 992 1
3138 3076 1
2917 2948 1
510 1090 1
620 2069 1
401 1572 1
2742 704 1
2742 1900 1
3 608 1
3 1949 1
3 2854 1
3 2254 1
3 1420 1
3 2902 1
3 678 1
972 1942 1
170 1683 1
697 2538 1
2268 515 1
936 1048 1
936 1566 1
936 2319 1
936 2949 1
936 217 1
936 707 1
2809 68 1
541 930 1
1553 2722 1
1925 2138 1
1031 603 1
1031 2616 1
1031 331 1
1031 275 1
1584 621 1
2617 1083 1
2404 181 1
511 980 1
1731 607 1
1731 2312 1
1731 555 1
2021 2975 1
1405 2379 1
2620 3133 1
1716 2864 1
3027 1631 1
2648 2597 1
2317 874 1
2317 2339 1
2317 13 1
1432 2625 1
1432 1070 1
457 1008 1
457 57 1
457 42 1
457 770 1
457 79 1
457 2184 1
457 3090 1
2095 2900 1
2095 698 1
2095 2950 1
2095 463 1
2095 2989 1
2095 2338 1
2095 1764 1
2095 668 1
2095 2160 1
2095 2558 1
2878 1822 1
2697 1551 1
1530 479 1
1991 1767 1
1244 1229 1
832 3006 1
832 2195 1
355 1139 1
996 689 1
996 1828 1
2838 3088 1
552 2321 1
552 1213 1
552 677 1
552 2819 1
2258 2635 1
1157 2882 1
380 838 1
380 1279 1
2259 1006 1
1431 1846 1
1431 679 1
1431 705 1
1178 1029 1
1178 432 1
1671 2639 1
1671 1198 1
968 686 1
968 2683 1
968 2754 1
968 1956 1
2799 1670 1
2799 2537 1
2799 1092 1
2241 582 1
1295 1160 1
2278 1112 1
2278 220 1
2278 887 1
2278 2744 1
2278 845 1
2278 35 1
2278 2247 1
2278 1286 1
2278 2375 1
2278 1842 1
2278 322 1
2278 210 1
2278 14 1
2278 2179 1
2278 1660 1
2621 1025 1
3117 2777 1
2361 139 1
2361 2901 1
2361 1717 1
2361 1363 1
2361 1426 1
2361 1037 1
2361 758 1
2361 183 1
2361 2787 1
2361 3113 1
2361 2524 1
2413 967 1
1089 2751 1
481 2235 1
2840 2610 1
1027 2445 1
667 1647 1
1401 313 1
2481 2078 1
540 2655 1
1354 2984 1
1322 340 1
1322 1799 1
171 2128 1
386 2045 1
2264 1195 1
2373 2927 1
989 813 1
464 2932 1
1579 1759 1
2513 827 1
2432 730 1
1203 2489 1
2134 1431 1
2134 1787 1
2774 44 1
2774 1166 1
2774 2065 1
2442 510 1
2442 799 1
2442 2388 1
2442 908 1
2442 1988 1
2442 1786 1
2442 346 1
2442 2725 1
2442 241 1
2442 3074 1
2442 126 1
2442 2684 1
2442 454 1
2442 731 1
871 931 1
871 2663 1
421 174 1
545 1857 1
1978 2327 1
1737 2190 1
618 1206 1
618 447 1
618 3085 1
618 483 1
618 12 1
794 2390 1
3114 1168 1
2263 718 1
2263 1951 1
2263 347 1
284 2202 1
1654 124 1
279 1996 1
279 1085 1
1982 116 1
2106 2119 1
2506 529 1
2209 1098 1
2209 131 1
2209 2251 1
1105 2859 1
1105 2534 1
1105 1519 1
1105 2 1
1105 2790 1
1105 2024 1
1105 1617 1
1105 120 1
1399 1736 1
1979 1775 1
1979 2108 1
1979 1127 1
1979 1170 1
1979 407 1
1979 2484 1
1979 860 1
1979 111 1
1979 2599 1
2322 405 1
2322 1804 1
2322 3077 1
961 1078 1
2452 1247 1
2709 3141 1
1590 937 1
1590 266 1
1590 2689 1
1590 771 1
1590 2340 1
1590 2300 1
2418 2478 1
1538 2666 1
2372 2818 1
1954 2212 1
2589 3128 1
2589 2996 1
1814 1768 1
2228 1545 1
2228 1770 1
2228 378 1
2228 2156 1
2182 824 1
1729 2831 1
1729 521 1
1729 415 1
1729 1556 1
1729 943 1
1729 1993 1
1729 441 1
1729 669 1
2759 2605 1
2759 466 1
2759 2618 1
2759 1207 1
2759 2446 1
2759 1145 1
2759 2977 1
2759 2335 1
2759 240 1
2759 418 1
2759 2417 1
2759 431 1
2759 2043 1
2759 2201 1
2759 2167 1
2759 93 1
430 397 1
2561 1350 1
1920 2640 1
1491 2198 1
1791 1249 1
2630 1242 1
104 2745 1
865 2812 1
822 630 1
822 1026 1
1880 1574 1
1880 2888 1
1880 235 1
1880 1816 1
1880 1109 1
2737 2163 1
489 2572 1
946 1240 1
861 1774 1
861 720 1
861 1649 1
1386 3132 1
1513 1587 1
1471 1875 1
1471 2400 1
1471 2633 1
1471 1792 1
2504 2799 1
2504 882 1
2504 1864 1
2504 2117 1
2504 1823 1
2504 439 1
2504 1733 1
2395 1639 1
2395 2137 1
2395 350 1
2395 323 1
2395 2285 1
2395 1365 1
2395 740 1
2395 3049 1
2395 847 1
2395 400 1
222 858 1
381 888 1
602 701 1
602 1046 1
602 2049 1
602 596 1
602 2439 1
602 999 1
602 2217 1
1960 2903 1
3075 2749 1
3075 2667 1
1478 1872 1
532 1148 1
2643 121 1
2643 502 1
2643 3110 1
2643 412 1
2643 884 1
1015 1020 1
830 1609 1
2973 1497 1
2973 354 1
753 807 1
1237 1395 1
1022 46 1
1094 2889 1
1094 805 1
456 1385 1
2139 177 1
237 1590 1
237 1964 1
451 2029 1
451 1325 1
451 2947 1
97 2030 1
2501 1548 1
691 2951 1
1246 1947 1
810 3036 1
810 2921 1
2131 2186 1
806 1146 1
806 2748 1
806 887 1
806 260 1
806 949 1
806 877 1
806 1443 1
806 1659 1
682 2728 1
682 2479 1
682 1980 1
1642 118 1
2174 2013 1
2795 987 1
2795 1898 1
2795 1042 1
2795 730 1
2795 1347 1
2795 3100 1
2795 1316 1
2795 1226 1
991 609 1
1680 236 1
1740 2293 1
1189 953 1
2388 389 1
2388 747 1
2388 1389 1
2388 394 1
2388 3084 1
2388 1674 1
2388 2107 1
2388 1811 1
2388 2283 1
2055 1153 1
591 2037 1
591 1339 1
591 336 1
591 1179 1
591 1358 1
591 2515 1
591 3115 1
591 1250 1
591 2680 1
591 1644 1
3023 2607 1
1587 1966 1
1587 2398 1
1587 223 1
1587 164 1
393 1405 1
1871 2860 1
908 685 1
908 267 1
908 977 1
908 33 1
908 2189 1
908 2708 1
908 3105 1
908 2473 1
908 1270 1
924 2637 1
1800 2981 1
2031 2044 1
3024 1795 1
3024 2623 1
3024 886 1
2557 1714 1
2664 2619 1
2664 2407 1
2664 2671 1
2664 1843 1
2664 1448 1
2664 1114 1
2664 1611 1
2032 2525 1
2085 337 1
2085 2076 1
429 2092 1
1693 2746 1
2981 1912 1
2981 2460 1
2981 2933 1
2981 1932 1
2981 1607 1
2981 2673 1
985 838 1
985 247 1
985 574 1
2448 2455 1
2448 1938 1
2448 974 1
2448 762 1
1569 2986 1
144 1704 1
1684 520 1
911 1014 1
2861 2915 1
2060 1870 1
990 3126 1
990 2509 1
990 2228 1
990 390 1
990 2019 1
990 1094 1
990 1192 1
990 3031 1
990 2664 1
990 592 1
990 1845 1
990 1293 1
990 966 1
990 2109 1
990 2112 1
990 263 1
990 82 1
990 1488 1
990 3127 1
990 571 1
990 834 1
990 1874 1
990 1984 1
990 2690 1
990 1218 1
990 1196 1
990 1122 1
990 1620 1
990 617 1
1821 550 1
1821 1861 1
1821 438 1
1821 1719 1
1821 699 1
1821 516 1
1821 957 1
1821 1187 1
1821 2536 1
1821 99 1
1821 374 1
1821 1747 1
1558 590 1
1558 179 1
1558 1970 1
1558 408 1
1558 599 1
1558 788 1
1558 2377 1
1202 2699 1
1202 1320 1
1162 2848 1
680 2770 1
680 849 1
680 613 1
680 1235 1
680 1560 1
680 2274 1
2433 551 1
2433 1185 1
2433 649 1
2433 472 1
2433 2255 1
2402 895 1
921 2333 1
779 2791 1
372 421 1
314 1708 1
314 1485 1
314 919 1
314 878 1
2923 280 1
1482 1058 1
2706 2003 1
2422 1449 1
2422 2351 1
1903 618 1
1903 2159 1
1903 1630 1
3130 3057 1
1165 149 1
1068 542 1
1158 1971 1
2651 2682 1
2651 2449 1
2651 112 1
2651 2022 1
1848 295 1
689 2173 1
689 1758 1
689 1697 1
689 1103 1
689 605 1
689 2415 1
689 1568 1
689 1643 1
689 281 1
689 598 1
689 2214 1
689 2316 1
689 2074 1
689 1164 1
383 3053 1
1093 2792 1
1093 2674 1
1093 2562 1
1093 1425 1
1700 1317 1
188 1543 1
87 1934 1
87 1410 1
87 3134 1
249 1855 1
274 2865 1
274 2466 1
274 2522 1
274 1481 1
274 3089 1
274 1123 1
274 1194 1
1397 2040 1
1397 2420 1
1397 3087 1
443 601 1
443 902 1
443 1435 1
443 897 1
443 42 1
443 166 1
443 180 1
443 1200 1
2788 2225 1
1284 2730 1
1284 1783 1
1284 87 1
1284 1489 1
1284 23 1
1284 1683 1
1284 2719 1
1284 1896 1
1284 1894 1
1284 1063 1
1284 462 1
1284 3039 1
1284 2944 1
1284 1981 1
1284 979 1
1284 2447 1
1284 1750 1
2171 200 1
2171 789 1
2171 2895 1
2171 2011 1
2171 2693 1
485 810 1
2612 1328 1
3079 1309 1
23 2590 1
23 178 1
1054 1824 1
1054 2642 1
1054 1668 1
1451 2715 1
1451 2346 1
1451 473 1
1451 2249 1
1451 2207 1
1451 3040 1
1451 1155 1
1451 1003 1
1451 2219 1
1682 1144 1
2585 535 1
1378 2851 1
2472 1211 1
1883 665 1
172 1967 1
172 1080 1
2056 27 1
2056 563 1
2056 1261 1
2056 1188 1
2056 2016 1
2056 1605 1
2056 2020 1
2056 2352 1
2056 687 1
2056 133 1
2056 1703 1
2056 317 1
2056 584 1
2056 1018 1
2056 2701 1
2056 1540 1
382 2052 1
2741 3101 1
2741 1636 1
2741 2964 1
2741 1081 1
2741 3024 1
2741 2651 1
2741 3093 1
2741 3108 1
2741 1847 1
2741 2001 1
2741 1691 1
2741 3140 1
2741 1373 1
2741 353 1
2474 808 1
2474 899 1
2474 1828 1
2474 1230 1
2081 2581 1
2591 2185 1
774 573 1
674 916 1
674 2177 1
674 2101 1
674 764 1
674 935 1
674 2726 1
674 1706 1
674 998 1
674 1618 1
674 1532 1
674 333 1
674 85 1
674 9 1
674 2059 1
674 2898 1
674 2265 1
674 776 1
674 2961 1
2609 1493 1
1698 1172 1
1698 2946 1
2970 754 1
1570 2493 1
1570 1473 1
2565 767 1
360 1391 1
11 2094 1
879 1337 1
3052 2290 1
3052 1957 1
3052 1438 1
3052 209 1
3052 846 1
3052 2494 1
46 616 1
46 1553 1
46 2732 1
46 148 1
46 795 1
46 2038 1
46 443 1
46 264 1
46 1738 1
46 1055 1
46 2329 1
46 1987 1
1965 2554 1
1724 622 1
3129 1238 1
2064 127 1
1264 2563 1
1442 2800 1
1769 1955 1
1769 1355 1
1769 2240 1
1769 1326 1
1769 2389 1
1769 343 1
1769 1744 1
1769 2646 1
1769 229 1
1769 1011 1
1769 1424 1
1769 2761 1
1239 2867 1
1895 2154 1
1344 2675 1
2545 1156 1
2545 1702 1
2545 2419 1
2545 2752 1
2545 1730 1
2545 1221 1
2545 393 1
2545 1282 1
2545 493 1
2545 1272 1
2545 1678 1
2545 1952 1
2545 1769 1
2545 2601 1
2545 1867 1
2545 1802 1
2545 433 1
2545 1923 1
2545 658 1
2545 320 1
2545 2766 1
804 279 1
543 2580 1
2967 1771 1
2967 113 1
1603 627 1
1161 85 1
132 2015 1
132 1091 1
132 1116 1
132 2997 1
132 2036 1
132 2054 1
2910 781 1
2910 1351 1
2910 2125 1
1915 2804 1
1915 666 1
1915 939 1
1915 1167 1
2915 1626 1
2915 1035 1
2915 413 1
2915 299 1
2915 387 1
2915 300 1
2915 1154 1
1921 1421 1
845 1416 1
845 2368 1
845 2143 1
845 1396 1
845 1766 1
845 2954 1
845 2824 1
845 1019 1
845 2291 1
845 1273 1
845 982 1
845 1287 1
845 2323 1
845 2911 1
585 8 1
585 427 1
817 914 1
2928 1805 1
189 2516 1
1140 558 1
1856 2842 1
1856 2161 1
1856 2102 1
997 1066 1
2391 403 1
2051 3102 1
35 708 1
35 2893 1
35 426 1
35 1005 1
35 660 1
2519 606 1
534 134 1
534 284 1
534 2531 1
534 1570 1
534 2121 1
785 3119 1
2194 1312 1
2325 1692 1
514 457 1
536 645 1
2813 2196 1
501 141 1
2532 2456 1
894 1508 1
1715 1892 1
1632 1974 1
2115 1031 1
809 1889 1
334 936 1
334 716 1
334 348 1
263 2686 1
1234 2775 1
16 1062 1
1638 1663 1
1638 461 1
1481 1854 1
1481 1393 1
1481 1777 1
1481 2982 1
1481 1784 1
2224 1726 1
53 2847 1
477 2592 1
271 1038 1
271 1387 1
271 2464 1
271 458 1
1173 2815 1
1173 2227 1
1877 2945 1
1877 1137 1
538 1095 1
606 1561 1
606 1353 1
606 2363 1
619 2427 1
757 2233 1
1327 2295 1
1327 2886 1
659 3069 1
539 325 1
973 2966 1
128 2450 1
128 2587 1
1635 1754 1
315 2045 1
2403 845 1
2403 2191 1
1436 826 1
2218 1950 1
2218 2263 1
2218 1926 1
2218 692 1
2218 2296 1
2218 1204 1
2218 3094 1
2218 2971 1
2218 1467 1
2218 2879 1
2218 657 1
2218 2603 1
2218 2146 1
2218 1248 1
2218 863 1
2218 866 1
2218 1331 1
1450 474 1
2582 72 1
503 610 1
409 2485 1
1600 3135 1
3111 2287 1
793 1444 1
699 2614 1
1040 1084 1
1150 1627 1
258 855 1
546 1550 1
1060 634 1
2896 1732 1
954 294 1
356 3041 1
1909 1688 1
230 2938 1
230 423 1
775 2345 1
1433 129 1
2916 194 1
648 1171 1
741 1222 1
741 248 1
741 831 1
312 1431 1
25 2176 1
25 2066 1
25 706 1
1057 750 1
751 995 1
751 674 1
751 379 1
751 252 1
751 1655 1
1825 1468 1
2023 142 1
2676 81 1
675 565 1
938 1075 1
938 633 1
428 100 1
1514 1619 1
1514 1406 1
1514 2553 1
1514 906 1
1514 562 1
1514 442 1
1359 2252 1
335 486 1
1809 2632 1
1904 544 1
1904 2789 1
1904 2050 1
1904 105 1
1904 2644 1
1904 2703 1
1904 664 1
1904 2266 1
651 2061 1
905 143 1
905 3011 1
1986 1578 1
1368 523 1
74 1806 1
880 1878 1
714 3131 1
2771 1665 1
2414 2470 1
2491 512 1
2100 1818 1
2100 314 1
2100 2830 1
2100 1459 1
2100 531 1
2100 2486 1
2100 1612 1
1851 639 1
2993 2584 1
1686 2125 1
376 2361 1
1798 446 1
1760 190 1
1760 818 1
1604 1231 1
252 2853 1
2220 43 1
77 518 1
77 4 1
922 1251 1
922 305 1
2821 1151 1
2821 2972 1
2821 631 1
2821 2577 1
2821 2678 1
2821 2805 1
2821 942 1
2821 206 1
2821 2436 1
2821 951 1
2821 2604 1
2821 2192 1
2821 898 1
2821 2843 1
2821 2246 1
2821 688 1
2821 361 1
2821 147 1
2821 2656 1
2821 1227 1
2821 3050 1
2821 231 1
2821 2914 1
1786 1831 1
1786 1390 1
1786 391 1
1786 2909 1
1786 768 1
1786 777 1
1786 2935 1
1786 769 1
1786 2093 1
1786 2426 1
1669 2694 1
1669 1321 1
3072 676 1
2339 2006 1
982 2341 1
982 309 1
982 2994 1
982 434 1
982 2508 1
244 1125 1
244 469 1
244 2823 1
244 796 1
244 2943 1
244 1477 1
244 1059 1
244 883 1
1918 3047 1
1918 1232 1
2512 2239 1
800 1302 1
5 1599 1
2725 3067 1
2725 505 1
2725 1893 1
2725 1028 1
2725 1478 1
2725 64 1
2725 1853 1
2725 791 1
2725 475 1
2725 920 1
2725 1413 1
2725 274 1
2725 2374 1
2725 2555 1
2725 80 1
2725 1429 1
2725 2180 1
2725 2014 1
2725 1300 1
2725 588 1
2725 3104 1
2725 2386 1
2725 643 1
2725 1529 1
2725 811 1
2725 2271 1
875 1624 1
2292 2711 1
1069 2210 1
2243 748 1
2243 2238 1
2243 60 1
2243 507 1
362 2659 1
348 595 1
348 1208 1
1564 1592 1
2010 1056 1
637 2406 1
1523 2956 1
1115 1667 1
1115 162 1
1115 2820 1
1115 1348 1
1115 1193 1
1115 918 1
1115 2008 1
1115 2702 1
1115 1407 1
2231 205 1
993 1233 1
2520 1915 1
1902 1197 1
156 670 1
3070 2833 1
3070 73 1
3070 801 1
94 2658 1
2963 36 1
2937 641 1
1299 1728 1
1299 2827 1
1299 273 1
1299 2733 1
1299 1474 1
1506 1323 1
1506 1862 1
1506 848 1
1506 186 1
1506 239 1
1506 285 1
1506 1656 1
1506 1102 1
1506 2308 1
1506 3080 1
1506 2543 1
1506 75 1
1506 568 1
1506 318 1
1506 1495 1
1506 1997 1
1506 3063 1
1506 2764 1
1506 1722 1
1506 889 1
1506 1469 1
453 1826 1
2004 103 1
2004 482 1
2004 495 1
302 623 1
302 2837 1
2731 2661 1
2392 109 1
269 572 1
2907 1344 1
1710 2291 1
2343 54 1
2793 2250 1
2365 197 1
2710 2422 1
2710 1905 1
2710 964 1
2710 1676 1
2710 802 1
3021 1515 1
1694 2876 1
2739 1910 1
2429 1199 1
2429 876 1
2601 1182 1
1119 2099 1
1119 549 1
368 51 1
2444 2894 1
2784 2880 1
2549 117 1
325 948 1
325 2511 1
325 2503 1
325 1462 1
325 365 1
325 1452 1
325 32 1
325 1546 1
325 2205 1
325 1043 1
325 1959 1
325 3096 1
224 830 1
224 1337 1
224 2086 1
2723 2056 1
1585 2877 1
2198 2778 1
2198 3086 1
2001 1067 1
2001 841 1
2001 1840 1
2760 2566 1
2932 1832 1
554 663 1
135 2597 1
1276 2041 1
749 856 1
404 1859 1
1228 1681 1
1228 2409 1
1228 780 1
1228 2461 1
2657 2969 1
2103 2870 1
930 2883 1
1681 450 1
1681 2931 1
1681 2213 1
925 1007 1
925 2063 1
925 1817 1
925 650 1
363 2357 1
2344 1998 1
2344 2499 1
2344 828 1
2344 2282 1
2344 2568 1
2344 151 1
2344 1779 1
2344 3019 1
2344 2197 1
2344 2965 1
1867 1601 1
1867 1023 1
392 2601 1
947 1039 1
947 1876 1
947 419 1
947 2855 1
947 1807 1
840 1045 1
690 958 1
2200 2087 1
3028 3002 1
3028 1885 1
3028 259 1
3028 2471 1
3028 983 1
1753 1120 1
2482 2129 1
1844 1275 1
2936 501 1
101 786 1
101 779 1
101 1492 1
101 787 1
101 2652 1
1974 1475 1
3009 2546 1
1544 3037 1
1776 1820 1
2518 2232 1
2518 69 1
2518 717 1
2518 2211 1
2518 1542 1
2518 1723 1
2518 1036 1
1383 2757 1
1849 2326 1
245 468 1
2660 2381 1
2660 2443 1
2660 709 1
2660 1392 1
2660 2721 1
2660 2356 1
2660 307 1
2660 1615 1
2660 1571 1
1417 311 1
1906 1936 1
3033 934 1
3033 2082 1
3033 2334 1
3033 2039 1
2495 2067 1
2495 1696 1
2633 110 1
2299 3028 1
2299 3035 1
681 2154 1
2235 932 1
1077 2279 1
575 738 1
2983 836 1
2983 289 1
2983 2380 1
2983 293 1
2983 221 1
1850 19 1
1992 696 1
1691 1662 1
2409 2653 1
2409 1699 1
803 1463 1
950 417 1
624 308 1
2204 754 1
1725 1138 1
1746 168 1
1049 1869 1
1049 2199 1
1049 581 1
1757 3112 1
215 1296 1
215 872 1
2126 2573 1
2126 1509 1
2126 2497 1
2126 2598 1
2126 2608 1
2126 195 1
2126 1159 1
2126 564 1
2126 3029 1
2126 3065 1
2126 798 1
2126 1256 1
2126 2144 1
2126 297 1
2126 923 1
2126 1050 1
3040 316 1
229 2570 1
229 2920 1
229 2047 1
229 352 1
229 2267 1
388 2575 1
472 2147 1
949 2544 1
949 2872 1
276 1969 1
2713 2130 1
2713 218 1
2596 2874 1
1266 2042 1
424 1461 1
1945 357 1
1931 1168 1
1345 2301 1
1345 2866 1
1345 1142 1
1345 2165 1
1345 18 1
1345 1016 1
1345 715 1
1345 662 1
1345 2337 1
1345 2589 1
1345 3012 1
1345 1677 1
1345 656 1
1345 262 1
1345 3025 1
1345 2862 1
1345 132 1
1345 2070 1
1345 2669 1
1345 3106 1
1345 1324 1
1345 825 1
1345 1483 1
1345 193 1
1345 837 1
1345 251 1
1345 1833 1
1345 2302 1
1345 580 1
1345 2378 1
1345 364 1
1345 2873 1
1345 560 1
1345 629 1
1345 1414 1
1345 2940 1
1345 1074 1
1345 2929 1
1345 1047 1
1345 1813 1
1345 3066 1
1345 1104 1
1345 2236 1
1345 2979 1
1345 445 1
1345 2727 1
1345 2763 1
201 1755 1
2193 890 1
2193 638 1
2193 1687 1
859 1721 1
859 735 1
859 1245 1
1743 1258 1
2801 1958 1
895 2273 1
895 2578 1
895 684 1
895 1614 1
895 3103 1
895 78 1
895 108 1
561 873 1
1224 1882 1
1224 2517 1
1842 1215 1
1842 2698 1
657 3034 1
657 303 1
657 1690 1
657 84 1
657 465 1
657 1524 1
657 533 1
1217 2629 1
3140 2645 1
2289 204 1
119 2322 1
2315 1223 1
38 853 1
1403 373 1
1539 1739 1
1466 2465 1
59 2248 1
1329 1289 1
1646 1593 1
322 349 1
322 2467 1
322 2735 1
322 2181 1
322 3052 1
322 635 1
322 611 1
322 925 1
322 2399 1
322 3005 1
322 344 1
322 1311 1
322 3055 1
322 2091 1
322 70 1
780 2084 1
780 2668 1
780 2309 1
3054 2654 1
3054 722 1
3054 2412 1
3054 2440 1
3054 2518 1
3054 449 1
2548 1283 1
2548 330 1
707 1494 1
2887 933 1
2887 1671 1
2887 1908 1
2887 2747 1
2887 991 1
2887 2171 1
2887 2310 1
2887 1088 1
2887 2564 1
2887 2615 1
2887 435 1
2887 859 1
2887 1741 1
2887 1430 1
1650 700 1
877 234 1
877 2226 1
877 2755 1
877 2720 1
877 1917 1
877 2331 1
877 2662 1
37 425 1
893 1878 1
1219 1751 1
1219 2364 1
1219 3118 1
1219 1985 1
1219 1995 1
1219 2359 1
1219 792 1
1219 976 1
1219 566 1
1219 2785 1
1219 406 1
1219 1516 1
1219 2397 1
241 1567 1
241 106 1
1658 814 1
1658 1372 1
1658 2647 1
737 49 1
1675 1013 1
1675 2744 1
2834 1147 1
192 2230 1
192 2476 1
192 2904 1
192 2998 1
192 3097 1
2360 1533 1
1884 926 1
508 1009 1
508 283 1
508 2468 1
508 496 1
508 338 1
508 2535 1
508 1375 1
508 1709 1
1707 3125 1
2075 1503 1
2075 2275 1
2075 909 1
2075 287 1
1096 891 1
1977 2227 1
470 903 1
470 2393 1
470 2990 1
2116 2835 1
2807 711 1
396 602 1
2348 61 1
1404 158 1
1265 202 1
2849 232 1
1745 1143 1
653 3100 1
3083 1944 1
857 1253 1
2327 416 1
2327 1973 1
2327 478 1
2327 2729 1
2327 2991 1
2327 26 1
2327 321 1
2327 1837 1
2327 504 1
2327 1827 1
1122 257 1
671 2767 1
1834 422 1
1834 1748 1
1834 1379 1
1834 6 1
1834 2132 1
1834 1975 1
1834 21 1
1834 498 1
1834 729 1
1834 1720 1
1834 52 1
1834 2705 1
1834 3091 1
1834 652 1
1834 945 1
1834 10 1
2206 759 1
2206 1499 1
2206 3001 1
2477 2017 1
1679 1349 1
1679 2634 1
1679 721 1
1679 2396 1
1679 2774 1
1679 3045 1
1679 1536 1
1679 115 1
1679 345 1
1679 1574 1
1679 1101 1
1679 2600 1
1679 1865 1
1679 2082 1
1679 2576 1
1679 969 1
1679 1141 1
1679 467 1
2692 2164 1
2692 1522 1
2459 2270 1
2459 2088 1
2459 941 1
2459 2548 1
2459 1082 1
2768 261 1
2293 1852 1
2293 1914 1
2293 2071 1
2293 587 1
2293 600 1
187 1781 1
1117 1181 1
1520 503 1
319 3004 1
319 2483 1
319 3110 1
319 1773 1
319 1939 1
319 913 1
319 2881 1
319 2559 1
319 1881 1
2523 2922 1
2523 2383 1
2523 576 1
2523 1456 1
2523 2527 1
2523 1594 1
2523 978 1
2523 986 1
2523 2505 1
2523 41 1
2523 1241 1
2523 1128 1
2523 859 1
2523 2110 1
2523 1598 1
2523 1640 1
2523 1505 1
2523 556 1
313 384 1
313 2304 1
313 703 1
313 1121 1
313 577 1
313 547 1
313 694 1
313 1305 1
313 1411 1
2421 2691 1
2905 815 1
2959 1304 1
2959 1063 1
1381 86 1
1381 270 1
1381 2025 1
1381 2845 1
366 2064 1
366 2126 1
1752 282 1
1935 29 1
158 3136 1
3022 2222 1
723 724 1
2724 1313 1
661 763 1
250 1628 1
250 1257 1
1838 2741 1
1838 2075 1
506 1169 1
506 2700 1
506 1472 1
506 3107 1
506 2057 1
1033 1445 1
1290 2253 1
742 1333 1
1425 2111 1
1425 963 1
1425 672 1
1186 1455 1
1186 719 1
1620 981 1
1620 2756 1
286 184 1
286 2350 1
1065 2003 1
1065 1237 1
1065 612 1
1065 1135 1
1065 3139 1
1065 1547 1
2384 2229 1
2469 1863 1
1718 1962 1
1565 725 1
1565 2437 1
1565 324 1
1565 1794 1
1565 1073 1
1565 2382 1
1565 207 1
1565 431 1
1565 3068 1
1565 114 1
1565 152 1
1565 2367 1
1422 1890 1
459 1002 1
2408 2779 1
2408 1994 1
2408 1053 1
2408 2918 1
2408 2688 1
2408 2552 1
2408 1675 1
2408 1186 1
2571 228 1
3032 2821 1
2453 2514 1
1107 2077 1
238 1297 1
238 1633 1
2999 2208 1
2999 1946 1
2999 2048 1
2999 1460 1
2999 984 1
377 2142 1
125 1689 1
1464 917 1
1512 1810 1
1606 2995 1
2221 579 1
452 1534 1
2320 90 1
2320 1498 1
2320 7 1
2320 1916 1
2320 647 1
1210 2660 1
2376 896 1
2758 1412 1
1613 509 1
1457 1277 1
1111 1184 1
1072 58 1
673 960 1
673 2410 1
673 1963 1
2195 3095 1
1557 1002 1
1659 497 1
2773 436 1
2540 2138 1
1655 868 1
1655 1004 1
1655 339 1
1655 2332 1
1655 2884 1
1655 2009 1
1655 654 1
1655 146 1
1655 2808 1
1655 1340 1
2869 2314 1
2869 2769 1
2869 175 1
2869 1629 1
2869 302 1
3010 1461 1
2328 1549 1
191 1255 1
1332 1180 1
1332 1734 1
1226 1260 1
1226 1836 1
1226 1623 1
1226 1860 1
1226 2978 1
1226 1527 1
761 2677 1
1782 1212 1
1782 765 1
884 150 1
884 1334 1
526 2507 1
2985 198 1
2828 1303 1
2500 2685 1
2113 2955 1
1051 2355 1
1051 2526 1
1051 2183 1
1051 348 1
1529 304 1
1529 2857 1
1529 34 1
1529 3042 1
1529 2953 1
1529 253 1
1529 2750 1
811 2802 1
1761 2280 1
1761 2462 1
437 870 1
1712 1616 1
1712 2187 1
1712 1409 1
1591 1061 1
2124 2815 1
2271 1132 1
2271 819 1
2271 1131 1
2271 2606 1
2271 213 1
2271 1236 1
2457 1887 1
2457 1086 1
2457 522 1
2457 1106 1
2457 1427 1
1956 1531 1
892 2104 1
574 3071 1
574 1891 1
574 2276 1
574 1342 1
574 2145 1
574 755 1
574 2772 1
574 2305 1
1801 402 1
2547 326 1
965 2168 1
2890 279 1
2227 2244 1
2227 2687 1
2227 1047 1
2227 2588 1
1010 1281 1
2385 1394 1
3138 2839 1
2423 1314 1
1142 246 1
936 2810 1
1031 2912 1
457 2158 1
457 2140 1
457 1382 1
457 375 1
1178 1661 1
1178 2738 1
1671 2796 1
1671 1653 1
2799 476 1
2278 1152 1
2278 2269 1
2278 2502 1
2278 1024 1
882 1586 1
882 1174 1
882 1437 1
882 820 1
1875 2313 1
1875 2960 1
2442 864 1
2442 2306 1
2442 227 1
871 1398 1
871 746 1
871 971 1
2263 2974 1
2263 1901 1
279 732 1
279 988 1
1979 1370 1
2322 710 1
2322 3137 1
888 1812 1
2712 2058 1
2228 1479 1
2228 500 1
2228 1502 1
2228 444 1
2228 2369 1
1729 62 1
2759 272 1
2759 385 1
2759 851 1
2759 2919 1
2759 15 1
2759 491 1
167 2852 1
2395 578 1
2395 2626 1
2395 2832 1
2395 2850 1
2395 1645 1
381 1785 1
602 524 1
602 1778 1
1022 3122 1
1022 2594 1
1022 1113 1
1022 2007 1
2174 1559 1
704 455 1
591 91 1
393 625 1
33 2924 1
3024 910 1
2664 970 1
3059 3124 1
990 291 1
990 1254 1
990 1563 1
990 480 1
990 2825 1
990 2072 1
990 2018 1
990 98 1
990 1487 1
990 2122 1
990 2856 1
990 1602 1
990 862 1
1821 1130 1
1821 342 1
680 3044 1
680 2105 1
689 683 1
443 2089 1
443 772 1
2788 1133 1
1284 2649 1
1284 1175 1
1284 2762 1
1284 3015 1
2171 517 1
2171 1637 1
23 1507 1
23 327 1
23 2458 1
2056 1243 1
2741 726 1
2741 548 1
2741 1099 1
2741 1415 1
2741 940 1
2474 2215 1
674 1176 1
674 766 1
674 1017 1
674 233 1
674 2583 1
1076 2875 1
1076 2123 1
1076 1749 1
1570 537 1
1570 92 1
46 254 1
46 2434 1
1769 959 1
2545 487 1
2545 2430 1
2545 2574 1
2915 1641 1
845 2175 1
845 1278 1
845 513 1
585 3061 1
2053 1252 1
501 96 1
501 1858 1
501 2277 1
501 553 1
501 2958 1
501 1318 1
1136 301 1
2218 3020 1
2218 2438 1
25 3143 1
941 1780 1
1904 1742 1
1904 1651 1
547 2622 1
547 2679 1
547 88 1
2100 484 1
2100 2098 1
2100 1032 1
2100 39 1
2100 2026 1
1786 2012 1
1786 2288 1
982 2347 1
982 1225 1
982 1803 1
2725 2906 1
2725 2521 1
2725 2272 1
2725 2394 1
2725 2079 1
1299 2237 1
1299 2149 1
1299 2794 1
1506 1087 1
1506 1673 1
1506 2942 1
1506 1501 1
2004 2073 1
2710 2816 1
1674 1034 1
1674 2487 1
2601 176 1
2601 713 1
1453 570 1
1896 2286 1
325 1727 1
325 369 1
325 2695 1
930 900 1
930 2734 1
925 256 1
2344 2925 1
2660 1735 1
1049 842 1
1049 1765 1
1049 734 1
1049 2028 1
1049 2891 1
2126 2136 1
2126 1948 1
229 1434 1
2858 203 1
2858 530 1
2858 71 1
2858 2281 1
2858 1911 1
2858 597 1
472 2294 1
1345 66 1
1345 440 1
1345 2560 1
1345 756 1
1345 448 1
1345 3007 1
2193 1374 1
1403 1343 1
322 583 1
322 962 1
3054 1306 1
3054 2968 1
2887 1625 1
2887 3026 1
877 1517 1
877 2441 1
192 1924 1
192 2424 1
192 3003 1
192 1263 1
192 2090 1
508 614 1
508 1989 1
470 3062 1
470 2262 1
470 1400 1
1834 1968 1
1834 1190 1
1679 140 1
1679 1535 1
1679 1361 1
1679 2223 1
1679 2297 1
1679 2463 1
1679 3073 1
319 2261 1
2523 833 1
1163 3018 1
1163 494 1
1163 488 1
1163 2624 1
1163 1280 1
2944 173 1
250 693 1
250 2976 1
1838 994 1
1186 1418 1
1620 2550 1
1565 1291 1
1565 2665 1
2405 1595 1
2405 733 1
2405 163 1
3082 1839 1
1655 367 1
1226 1634 1
1226 2510 1
371 2988 1
371 1972 1
437 778 1
437 727 1
1712 1418 1
1712 885 1
1712 242 1
1712 95 1
2457 2005 1
1956 216 1
2227 2962 1
2227 1500 1
2227 2868 1
1271 1076 1
2401 55 1
160 2664 1
159 569 1
1470 1403 1
2046 1362 1
1315 28 1
3058 2442 1
2595 591 1
1789 1922 1
812 3017 1
1648 1565 1
1648 1782 1
2670 1384 1
2541 3056 1
268 3056 1
30 1073 1
2908 1346 1
1953 2330 1
182 1575 1
1108 2053 1
1108 1760 1
1108 1669 1
728 1299 1
492 2193 1
1285 2712 1
1440 1191 1
1423 3142 1
2298 2753 1
1335 319 1
48 2344 1
48 947 1
1209 1136 1
2528 2506 1
2358 1001 1
2913 1163 1
2611 1834 1
2120 296 1
3120 567 1
2431 975 1
2431 63 1
1756 2786 1
208 3051 1
1830 2000 1
915 1178 1
2871 2174 1
255 655 1
2172 3060 1
2714 2788 1
2714 2408 1
1041 608 1
1220 1246 1
3046 2474 1
1873 1631 1
1577 559 1
2141 1231 1
471 3048 1
1762 680 1
1762 543 1
1762 2887 1
2780 534 1
154 1994 1
2846 3008 1
2062 1521 1
3016 1558 1
2716 3138 1
1376 844 1
278 258 1
2636 3009 1
306 593 1
137 472 1
2806 1933 1
702 2148 1
122 1294 1
2370 2564 1
1581 839 1
2169 955 1
2169 2841 1
1815 1897 1
2488 1216 1
1573 250 1
288 1129 1
153 1134 1
1525 2545 1
2863 1582 1
1941 2115 1
199 636 1
2885 1000 1
1621 1937 1
1841 22 1
2127 2650 1
2257 1319 1
2743 42 1
1044 1177 1
2324 1904 1
1308 1292 1
2992 1504 1
743 1835 1
2569 2162 1
2783 950 1
773 2915 1
2533 243 1
211 25 1
3099 1381 1
45 2027 1
2150 1298 1
219 72 1
2260 1713 1
2260 192 1
615 1879 1
1267 1798 1
1201 2004 1
420 1819 1
2245 2551 1
3014 65 1
1510 2523 1
20 1657 1
1888 2423 1
1888 138 1
2631 1729 1
17 1961 1
2586 2999 1
2336 1446 1
2416 439 1
265 2457 1
277 2579 1
1100 1829 1
1100 2097 1
410 83 1
1336 2100 1
1866 1506 1
2822 565 1
499 2618 1
40 2817 1
1711 2387 1
2188 2403 1
1597 47 1
2717 2155 1
1928 2095 1
2492 279 1
784 2154 1
3043 1183 1
1366 3070 1
2475 2118 1
2475 1021 1
328 2556 1
2080 123 1
24 3064 1
1940 3078 1
290 1691 1
2152 2448 1
1913 2311 1
1454 2811 1
2593 1451 1
2593 1666 1
2707 2638 1
752 2181 1
1796 1838 1
2930 586 1
2776 1588 1
310 508 1
1012 1380 1
1868 1458 1
1552 642 1
1118 128 1
2216 927 1
2216 1537 1
1377 2740 1
1907 1490 1
225 2980 1
525 2814 1
628 324 1
628 1554 1
2957 371 1
2354 3123 1
212 1356 1
332 1115 1
1360 1364 1
1976 557 1
2151 585 1
852 2206 1
1 1274 1
136 2899 1
1352 1990 1
2613 646 1
1701 869 1
1205 89 1
528 2983 1
398 1338 1
3013 816 1
67 329 1
2366 101 1
2451 1518 1
744 990 1
744 2869 1
1330 1405 1
1402 2995 1
594 1105 1
2411 56 1
2530 1219 1
2362 1439 1
1268 1523 1
1149 169 1
1367 845 1
2033 196 1
226 2897 1
835 2083 1
712 2203 1
1919 736 1
2480 3038 1
739 2858 1
2797 2798 1
1788 3033 1
1465 1790 1
2234 3054 1
1797 1453 1
2133 3116 1
2939 1712 1
3092 381 1
1763 956 1
185 244 1
1310 1345 1
3081 298 1
760 414 1
1288 161 1
1608 2534 1
1541 2153 1
2941 1979 1
2641 2926 1
2782 1071 1
2987 107 1
929 1476 1
1943 1856 1
1269 2539 1
1526 2256 1
2034 2218 1
395 2284 1
1999 2135 1
632 2627 1
632 2428 1
1259 1030 1
1307 754 1
1447 1672 1
2349 1301 1
640 470 1
1562 2433 1
901 2759 1
1052 1983 1
2844 1886 1
50 1944 1
2371 1880 1
2490 783 1
358 399 1
2435 1930 1
165 341 1
102 130 1
2602 3030 1
1079 722 1
3121 2425 1
952 1357 1
2681 2704 1
1793 155 1
1341 2829 1
2892 2454 1
2303 1441 1
2803 2278 1
370 589 1
2166 3088 1
1899 3109 1
411 904 1
2567 2628 1
626 437 1
1486 1065 1
944 2307 1
1685 3059 1
460 2718 1
2242 2736 1
745 31 1
359 1124 1
2068 1622 1
1097 1064 1
292 854 1
1214 1511 1
2765 871 1
821 145 1
867 2395 1
2696 214 1
1705 1579 1
2318 490 1
1371 1049 1
790 519 1
2781 2498 1
2035 912 1
2529 2826 1
1929 552 1
1583 1496 1
1589 2934 1
1408 167 1
1419 1927 1
823 1596 1
1126 1576 1
1610 1284 1
1652 695 1
604 2952 1
2496 527 1
1428 2882 1
3000 2096 1
907 337 1
1262 1772 1
2353 3082 1
2114 1110 1
1388 3098 1
2170 782 1
644 928 1
1528 1480 1
850 1664 1
1808 843 1
1484 1514 1
2836 2710 1
2002 2672 1
1580 1327 1
797 881 1
76 1679 1
2157 3047 1
