2741 67 1
2741 1058 1
2741 1492 1
654 2817 1
654 1584 1
654 1583 1
654 145 1
2189 754 1
2189 2518 1
1229 650 1
1229 2531 1
1229 3237 1
1229 1090 1
1229 2306 1
1229 2878 1
1229 603 1
1229 3258 1
1229 1080 1
577 2674 1
577 2563 1
577 290 1
577 3188 1
3449 2928 1
2051 1548 1
633 920 1
352 2244 1
2999 1557 1
2924 1722 1
134 2221 1
134 1606 1
134 2525 1
134 1771 1
134 2050 1
134 1103 1
134 2443 1
134 198 1
134 1621 1
2339 1481 1
2339 1255 1
2339 2876 1
2339 2799 1
2339 675 1
2339 9 1
2339 3217 1
2339 2843 1
2339 747 1
2339 3026 1
2339 422 1
1417 1768 1
1379 3025 1
1379 447 1
1379 1736 1
2849 523 1
2861 1691 1
2623 82 1
2623 95 1
2623 2187 1
2623 2320 1
2623 2274 1
2623 642 1
2623 1837 1
2623 1573 1
1309 3450 1
3043 2955 1
3043 1259 1
528 1537 1
617 2142 1
617 1514 1
617 208 1
617 3325 1
617 1364 1
617 1815 1
1393 2418 1
2313 2561 1
1416 877 1
1416 1616 1
1416 2500 1
1416 2637 1
1416 1455 1
1416 1884 1
1416 114 1
1416 2219 1
1416 2325 1
1416 12 1
1412 2159 1
3313 33 1
3313 3131 1
3313 890 1
3313 84 1
3313 116 1
3313 277 1
711 729 1
310 2218 1
1311 742 1
1311 2859 1
2577 1922 1
2577 2926 1
2577 1270 1
2886 53 1
85 2287 1
85 3375 1
85 730 1
85 2375 1
85 737 1
85 1175 1
840 3442 1
840 44 1
840 3277 1
840 1251 1
840 3174 1
840 508 1
840 2152 1
840 118 1
3270 2338 1
1055 2719 1
1055 2373 1
2362 330 1
588 1201 1
2974 512 1
13 662 1
1143 949 1
827 2707 1
205 2506 1
1947 1496 1
1624 2975 1
1624 838 1
1367 1570 1
1367 425 1
1367 2672 1
3027 1442 1
3027 924 1
3027 854 1
3027 1302 1
3027 1059 1
3027 128 1
3003 846 1
112 515 1
112 3173 1
112 1140 1
112 334 1
112 2095 1
1898 1083 1
3322 1242 1
1011 3012 1
2209 2818 1
2209 3318 1
2209 2444 1
2209 4 1
2209 1861 1
2209 1835 1
2209 1601 1
2209 1528 1
2209 995 1
2209 235 1
2554 3198 1
2554 550 1
880 2963 1
880 218 1
880 857 1
880 2263 1
880 2698 1
880 1330 1
880 1572 1
880 97 1
880 1707 1
880 2355 1
880 1646 1
880 2562 1
2855 3370 1
1629 2871 1
37 19 1
843 2753 1
843 926 1
843 1128 1
843 1612 1
843 3214 1
266 634 1
22 1168 1
1066 3404 1
1066 374 1
1066 1721 1
1066 2925 1
1066 1029 1
1066 3455 1
1066 89 1
3330 2175 1
1045 2134 1
1045 2034 1
1045 3245 1
1045 2229 1
1045 2957 1
2489 1688 1
2681 2729 1
3142 1475 1
3142 860 1
3142 1857 1
2417 1134 1
1847 3095 1
1847 3165 1
1847 1789 1
1847 262 1
1847 3166 1
1847 529 1
1847 201 1
1847 2756 1
1847 426 1
2328 894 1
1904 3340 1
259 2962 1
3403 3276 1
2187 1532 1
2378 1475 1
3422 1808 1
2243 813 1
2610 232 1
1829 187 1
1829 225 1
1829 130 1
1829 3155 1
1829 1502 1
1829 3119 1
1829 2880 1
1829 3151 1
1829 2564 1
1829 2940 1
1829 1946 1
1829 2162 1
1423 3283 1
1423 3032 1
1423 3235 1
1423 640 1
1423 2334 1
1423 479 1
1423 1022 1
1423 3362 1
1423 3136 1
1423 1413 1
1423 2871 1
1423 3162 1
1423 885 1
1423 1468 1
1423 3346 1
1423 1064 1
1971 2412 1
1971 1327 1
1971 1803 1
1258 660 1
2827 1345 1
181 2905 1
181 1454 1
181 2064 1
181 2710 1
181 1758 1
181 3207 1
2794 433 1
2666 1202 1
2666 1143 1
2666 1176 1
2666 2130 1
2666 303 1
2666 202 1
2666 1027 1
2666 2547 1
2666 2082 1
2666 2976 1
2666 789 1
2666 3365 1
2666 1494 1
2666 30 1
2666 1277 1
2666 834 1
2666 1956 1
2666 2075 1
2666 2523 1
2666 2815 1
2666 1908 1
2666 1373 1
2666 2550 1
2666 369 1
2666 2555 1
2666 3293 1
2666 1322 1
2013 1162 1
2013 1640 1
2013 748 1
2847 2156 1
2847 1141 1
2847 3231 1
2847 3042 1
2847 2358 1
2847 2150 1
2847 324 1
2847 1148 1
2847 680 1
985 3111 1
1812 957 1
2695 1096 1
284 3272 1
1776 1389 1
80 2734 1
973 2253 1
2169 3106 1
2169 1126 1
2169 1592 1
1791 2591 1
1791 2838 1
572 3275 1
572 935 1
572 2537 1
841 2948 1
1772 3187 1
3044 8 1
3294 404 1
3294 652 1
3294 3045 1
3294 222 1
3294 495 1
3294 2335 1
3294 1757 1
3294 1358 1
3294 2790 1
3294 1177 1
3294 947 1
3294 3014 1
3294 3016 1
3294 655 1
3294 268 1
3294 945 1
3294 115 1
3294 133 1
3294 1785 1
3294 240 1
3294 2640 1
3294 1430 1
3294 569 1
3294 1153 1
3294 1912 1
3294 3271 1
3294 2039 1
3294 2352 1
3294 1741 1
3294 1094 1
3294 1976 1
744 2217 1
1979 2943 1
1979 2479 1
1979 3410 1
1979 989 1
1979 1954 1
3145 960 1
3145 745 1
3145 2978 1
3298 1526 1
383 2136 1
1990 2060 1
321 1894 1
2797 56 1
1376 768 1
443 3302 1
443 1478 1
443 2678 1
443 3158 1
443 453 1
443 1471 1
443 2460 1
443 250 1
443 1482 1
119 55 1
1031 2717 1
1031 261 1
1031 2384 1
1031 455 1
1031 1183 1
1031 865 1
1031 1911 1
1031 3169 1
1031 1459 1
1031 1193 1
1862 1749 1
1862 195 1
1862 204 1
1862 1294 1
1862 895 1
1862 1271 1
1862 917 1
1862 2192 1
1862 2508 1
345 2780 1
2865 589 1
2865 2087 1
2865 231 1
2865 2826 1
2865 1390 1
2865 2055 1
2115 3352 1
264 2971 1
1708 1076 1
1708 934 1
1708 234 1
1708 3383 1
1708 3203 1
1708 2017 1
1708 1510 1
1708 688 1
1708 325 1
1708 682 1
1708 2129 1
3097 2145 1
815 1030 1
815 1109 1
815 987 1
3107 2139 1
1091 3418 1
3227 132 1
1848 2556 1
1848 3039 1
1848 1243 1
1213 1930 1
1213 2614 1
1213 274 1
1213 2480 1
2091 2736 1
547 3429 1
1047 1879 1
2852 986 1
610 2766 1
155 112 1
3006 1380 1
3006 483 1
3006 2829 1
1013 1763 1
1013 1297 1
2273 1597 1
2273 951 1
501 2300 1
491 1161 1
1151 3256 1
1151 2446 1
1151 150 1
1151 486 1
1151 2696 1
2335 2266 1
2335 216 1
2335 707 1
2335 3264 1
3189 3400 1
1239 2340 1
1239 402 1
1239 2830 1
1603 1505 1
1603 624 1
1603 3021 1
817 1971 1
817 2264 1
817 478 1
817 47 1
817 579 1
817 802 1
817 307 1
2374 3228 1
3064 2187 1
3064 1918 1
3064 2439 1
3064 2512 1
3064 1732 1
3064 2068 1
3064 357 1
3064 93 1
3064 188 1
3064 946 1
3064 3347 1
2906 2471 1
2906 2472 1
2906 689 1
2906 3425 1
2906 1687 1
2906 1579 1
2906 933 1
2906 871 1
2906 1818 1
2906 1746 1
2434 2620 1
2434 809 1
2434 590 1
3114 1747 1
3114 2196 1
1126 2700 1
1126 1338 1
1126 2188 1
1126 335 1
2750 585 1
2750 1842 1
2889 2429 1
2889 2567 1
2889 1709 1
2889 2738 1
2889 586 1
2889 1797 1
275 43 1
2810 955 1
2810 1125 1
435 1062 1
435 2759 1
435 296 1
1869 1272 1
1869 148 1
480 664 1
480 228 1
480 2226 1
480 1432 1
480 704 1
480 506 1
480 1095 1
480 3190 1
480 3259 1
480 1406 1
1035 875 1
970 336 1
970 3 1
2904 1206 1
2439 976 1
2439 1067 1
3007 2146 1
771 1577 1
771 3371 1
771 1289 1
771 690 1
771 2184 1
771 886 1
771 1630 1
771 532 1
771 2322 1
771 2204 1
771 3104 1
771 2085 1
1879 1521 1
1879 420 1
1879 1273 1
1879 1070 1
1879 2628 1
1879 2776 1
1879 839 1
774 791 1
774 863 1
2655 751 1
2655 2029 1
2655 812 1
2655 1515 1
2655 1666 1
2655 855 1
2655 505 1
2405 2369 1
2442 1777 1
1462 2638 1
2608 2641 1
2608 2000 1
965 2685 1
478 77 1
478 69 1
478 2712 1
478 2998 1
478 2227 1
478 1303 1
478 2330 1
478 315 1
478 179 1
478 796 1
478 2116 1
478 2866 1
478 2120 1
478 236 1
478 2612 1
478 3447 1
645 2769 1
645 3434 1
154 1244 1
1483 3379 1
1483 858 1
1483 459 1
1750 322 1
391 2303 1
391 1254 1
391 1077 1
391 2163 1
2403 678 1
2403 2920 1
2403 2324 1
2403 2148 1
2403 594 1
2403 1764 1
2403 943 1
2403 1796 1
2403 2804 1
2403 3205 1
2403 1188 1
1558 516 1
1558 2236 1
1558 2291 1
1558 3123 1
1558 2056 1
1558 735 1
1558 2825 1
1585 632 1
1593 2648 1
2172 700 1
2993 1681 1
2993 1701 1
309 2762 1
1490 697 1
1490 320 1
2763 3248 1
2763 694 1
2783 893 1
2181 3087 1
2954 1988 1
575 3341 1
575 3451 1
44 1669 1
44 1424 1
44 1546 1
44 1560 1
44 1263 1
44 2409 1
2883 2079 1
2304 1716 1
2304 701 1
2304 3385 1
2304 2251 1
1710 2956 1
356 51 1
356 1804 1
356 2990 1
356 1905 1
356 2385 1
356 3334 1
356 1024 1
356 2629 1
356 2659 1
1167 524 1
1167 3281 1
2274 2389 1
2778 66 1
2778 1450 1
2778 1078 1
2778 2726 1
2778 2605 1
2778 766 1
1968 1848 1
1014 606 1
1014 1019 1
1014 2309 1
1014 609 1
1014 2842 1
1014 3299 1
1854 1769 1
1854 1644 1
1854 1608 1
1854 1192 1
1854 2258 1
1854 131 1
1854 23 1
1854 1403 1
1854 927 1
2822 2113 1
552 229 1
552 2798 1
3349 397 1
2269 1793 1
1655 2073 1
1655 1846 1
1655 376 1
1655 2834 1
1655 1223 1
1655 1036 1
1655 1748 1
1655 1370 1
1655 1997 1
1655 3053 1
1655 2037 1
2474 3170 1
2474 98 1
2474 1938 1
2474 818 1
2422 3307 1
2422 1680 1
2422 1811 1
2422 3373 1
2422 3171 1
2422 1996 1
2422 2664 1
2422 2933 1
2422 2301 1
2422 1511 1
2422 1728 1
2422 141 1
2422 2402 1
473 2015 1
473 1100 1
2392 1228 1
2392 1607 1
2392 3310 1
2503 1829 1
2503 225 1
2503 2153 1
2503 3000 1
2503 835 1
2503 1665 1
2503 1586 1
2503 1186 1
2503 661 1
2503 1981 1
2503 1720 1
2503 1301 1
2503 3411 1
2503 1958 1
2503 423 1
2503 1698 1
2503 753 1
2503 870 1
2503 2346 1
2121 1463 1
2424 2232 1
2002 3132 1
2002 338 1
2002 288 1
2002 3110 1
2002 2100 1
2002 269 1
1831 561 1
1827 869 1
3037 1553 1
1060 2343 1
1060 1178 1
1060 2161 1
1060 237 1
1060 2497 1
1060 263 1
1060 2157 1
3277 3317 1
3277 559 1
3277 366 1
3277 786 1
2207 510 1
1251 1120 1
1251 2751 1
2336 2907 1
2570 3439 1
2570 1985 1
2570 784 1
2570 2394 1
2570 3101 1
2570 2314 1
2570 1461 1
626 3225 1
626 992 1
626 3038 1
626 2246 1
626 412 1
626 954 1
626 1160 1
626 2814 1
3102 380 1
739 1730 1
941 3058 1
1054 578 1
1054 1942 1
1456 2509 1
2542 1159 1
2542 450 1
1475 3339 1
1475 627 1
1475 2913 1
1475 2899 1
1475 1146 1
928 2356 1
1387 2576 1
1387 2875 1
1387 3178 1
173 1685 1
173 1115 1
173 246 1
1657 2953 1
2123 337 1
904 2740 1
1312 1743 1
1312 872 1
1312 2008 1
1312 3052 1
1312 929 1
1312 1821 1
736 430 1
954 2447 1
954 2951 1
18 2881 1
1519 1498 1
2482 1323 1
2482 1026 1
3159 2757 1
90 3128 1
90 2979 1
90 2308 1
90 1157 1
415 3376 1
415 1561 1
2712 822 1
2712 1602 1
2712 2307 1
2712 3172 1
2712 1545 1
2712 526 1
2712 3181 1
2712 1778 1
2712 3031 1
2712 267 1
2712 3249 1
795 2851 1
2382 2341 1
2382 1348 1
2382 944 1
2382 192 1
2382 3024 1
2382 2617 1
2382 2225 1
2382 1310 1
2382 1939 1
2382 1589 1
3282 2331 1
298 283 1
1438 1508 1
2970 1031 1
258 2197 1
282 344 1
2592 1 1
1891 1395 1
1808 20 1
1808 1352 1
1808 2701 1
1808 1931 1
1808 2052 1
1808 1676 1
1808 676 1
1808 2631 1
1808 2742 1
1808 1751 1
1808 3079 1
608 2670 1
1253 1497 1
211 329 1
1169 2114 1
2284 106 1
2284 3199 1
2284 562 1
2284 2178 1
2284 1974 1
1194 2858 1
3121 3108 1
3121 2891 1
3121 758 1
3025 100 1
3025 1075 1
3025 3147 1
3025 2803 1
3025 691 1
2811 1055 1
2811 181 1
2811 443 1
2811 1858 1
2811 851 1
2811 3065 1
2811 544 1
2811 3143 1
2811 3267 1
2811 1882 1
2811 3251 1
2811 1173 1
2811 1673 1
2811 21 1
2811 1645 1
280 1038 1
1212 410 1
3305 362 1
1541 2098 1
1541 2697 1
1541 1578 1
1541 1336 1
1541 120 1
1541 172 1
1360 628 1
1360 3204 1
1360 3244 1
1360 3263 1
1360 1473 1
1360 1170 1
1360 968 1
1360 2844 1
1360 3326 1
2445 3054 1
521 740 1
1119 1362 1
1233 3433 1
1233 2370 1
1233 733 1
1965 921 1
1965 1486 1
1965 1218 1
1718 3220 1
2111 994 1
2111 1632 1
2111 1647 1
2366 967 1
2366 2254 1
2366 3291 1
2366 2593 1
2366 81 1
2366 1248 1
2366 1129 1
2366 346 1
2366 2820 1
2081 741 1
1448 1790 1
1448 2304 1
1448 278 1
149 3399 1
316 2819 1
316 2173 1
316 2812 1
316 2633 1
316 3407 1
316 1278 1
1799 1232 1
2711 582 1
3122 472 1
518 2247 1
1108 520 1
1108 3105 1
1108 1713 1
1108 2888 1
1586 1670 1
2293 1611 1
649 2463 1
591 2016 1
591 1290 1
591 2574 1
1852 3279 1
1852 1886 1
1852 2279 1
1852 1480 1
1852 3067 1
1852 2043 1
1852 3419 1
1852 2624 1
1852 2026 1
1852 988 1
1852 2174 1
1852 492 1
1852 2280 1
1852 1324 1
1761 1798 1
1761 2209 1
1761 1288 1
1761 2778 1
1761 1312 1
1761 2771 1
1761 2777 1
1761 2565 1
717 2288 1
2064 3324 1
3381 1447 1
3381 2732 1
3381 621 1
936 722 1
936 2426 1
956 896 1
956 5 1
956 2856 1
956 1081 1
956 52 1
956 1932 1
765 2835 1
1901 1527 1
1901 1695 1
288 983 1
288 3401 1
288 1594 1
288 2575 1
1684 1766 1
1464 2127 1
1464 2977 1
1464 2616 1
2682 814 1
3127 436 1
3127 493 1
853 1652 1
853 220 1
853 2063 1
853 3094 1
853 2932 1
853 2496 1
2761 1017 1
2761 2281 1
2761 3001 1
2761 1088 1
2761 365 1
2761 2603 1
2761 3328 1
2761 2044 1
2761 1724 1
2761 304 1
1186 981 1
1186 3035 1
1186 38 1
1186 2237 1
1186 2164 1
1186 252 1
1186 2440 1
1186 2061 1
1186 291 1
3335 2513 1
427 500 1
427 3437 1
427 1984 1
427 1149 1
2654 189 1
2654 418 1
2654 2379 1
2654 1191 1
2654 1940 1
2654 958 1
2654 819 1
431 343 1
2846 930 1
2846 2495 1
937 1915 1
1902 548 1
1902 1756 1
1902 1849 1
1902 3011 1
1902 1040 1
1902 619 1
1902 757 1
1902 1074 1
1902 1032 1
1902 824 1
1902 445 1
1902 3358 1
1902 770 1
1902 2524 1
1902 2210 1
1987 800 1
3261 2350 1
3261 1383 1
3261 599 1
1402 258 1
475 3056 1
1123 752 1
360 2586 1
360 1631 1
360 1171 1
360 2665 1
360 2241 1
360 1281 1
360 2632 1
360 3420 1
360 2566 1
360 2952 1
360 1399 1
360 1672 1
360 470 1
360 3453 1
360 1315 1
360 1477 1
360 1568 1
360 102 1
360 363 1
360 2317 1
360 914 1
360 117 1
360 474 1
658 327 1
1658 1179 1
1658 15 1
1139 373 1
1139 162 1
1139 2791 1
1139 1574 1
1139 1927 1
1139 3342 1
1139 2984 1
1139 845 1
1139 2028 1
1139 1053 1
1598 629 1
1484 1966 1
1540 3167 1
1545 3260 1
1545 1875 1
1545 2522 1
1545 969 1
1545 3363 1
1446 878 1
2900 1224 1
2900 2840 1
2900 2578 1
2900 1619 1
413 190 1
413 2660 1
413 2294 1
413 1354 1
413 2041 1
413 1533 1
413 1214 1
1731 2930 1
1731 3230 1
1731 1667 1
496 2498 1
903 2569 1
903 3138 1
2931 3441 1
2931 764 1
2931 3000 1
2931 1874 1
2931 3416 1
2931 964 1
2931 385 1
2931 1428 1
2599 2268 1
2383 1962 1
2383 772 1
2383 1147 1
2383 1483 1
2383 2220 1
2383 2211 1
2383 2568 1
2383 157 1
2383 1127 1
2383 2069 1
1118 773 1
1187 948 1
1828 3396 1
1828 3247 1
1828 2939 1
1025 3010 1
1740 2071 1
3013 2723 1
2487 2571 1
2487 787 1
2487 1559 1
2487 2596 1
2487 1365 1
2487 911 1
2487 2911 1
1383 421 1
1383 1704 1
386 1788 1
1723 1933 1
1723 1576 1
1723 2143 1
1723 2436 1
1723 2128 1
1723 2216 1
1723 1604 1
1418 1826 1
1418 897 1
1418 616 1
944 2027 1
944 1056 1
944 3140 1
944 3284 1
2481 1907 1
2481 3115 1
329 92 1
329 2805 1
1840 1739 1
3174 654 1
3174 630 1
3174 2105 1
3174 2200 1
3174 1046 1
3174 2329 1
3174 2821 1
3174 2689 1
3174 2964 1
3174 2514 1
3174 620 1
3174 3125 1
3174 3316 1
3174 2045 1
3174 1488 1
3174 1436 1
3174 762 1
3174 1760 1
3174 1135 1
3174 340 1
3174 17 1
1851 2897 1
1969 2305 1
1969 1439 1
1969 592 1
2745 2860 1
3143 1217 1
3143 1042 1
3143 1900 1
3143 2713 1
3143 1150 1
3143 94 1
3143 1489 1
2626 2398 1
2841 1237 1
2141 2411 1
2457 2950 1
2457 715 1
2457 2349 1
2457 2558 1
2457 3397 1
2457 763 1
2457 1240 1
2457 1957 1
2457 3398 1
2214 1847 1
1110 2386 1
3175 87 1
3175 3408 1
2296 2456 1
2477 2421 1
1792 464 1
2088 1072 1
2916 206 1
2916 2526 1
2916 2773 1
2702 337 1
463 3015 1
2093 2680 1
2058 3297 1
972 2741 1
972 1419 1
1697 2290 1
1697 2154 1
1697 3285 1
1697 2006 1
347 2761 1
2552 1562 1
2552 2721 1
2552 1779 1
3019 1979 1
2726 828 1
2726 1845 1
2726 248 1
1656 2295 1
1656 2205 1
1656 244 1
185 1980 1
1377 2111 1
1552 180 1
2981 1737 1
1719 2048 1
1719 3103 1
1719 2864 1
1719 1021 1
1719 2250 1
1719 905 1
1719 1506 1
1719 1195 1
1719 1061 1
1719 1458 1
1719 2265 1
1719 2249 1
1301 2750 1
2083 797 1
2371 85 1
2371 462 1
2371 2416 1
2233 1714 1
323 517 1
323 912 1
1313 2607 1
1668 2892 1
1000 1690 1
2089 499 1
910 1453 1
910 703 1
3251 3017 1
167 1107 1
2684 3273 1
2926 3069 1
2926 1783 1
2926 3082 1
2926 657 1
2926 226 1
2926 2467 1
2926 534 1
2926 1699 1
392 887 1
2625 1404 1
3340 600 1
3340 2808 1
3340 1337 1
3340 86 1
3340 381 1
716 1066 1
716 382 1
716 1914 1
716 1869 1
716 437 1
716 541 1
716 1977 1
716 804 1
716 2050 1
716 1720 1
716 143 1
716 2413 1
716 3098 1
716 3211 1
716 3257 1
716 625 1
716 285 1
716 961 1
716 2108 1
367 2588 1
81 1264 1
81 2909 1
81 1663 1
81 1392 1
1613 2319 1
1613 679 1
832 1599 1
2323 27 1
2323 738 1
2323 727 1
2323 2848 1
2851 1978 1
2851 2297 1
2851 1360 1
2851 3350 1
2851 2222 1
2851 2935 1
2851 1587 1
3150 1725 1
2944 468 1
2944 32 1
2944 907 1
2944 1625 1
2944 2318 1
2944 1671 1
2944 1227 1
2944 2656 1
2944 2510 1
2944 1164 1
601 2049 1
2720 1531 1
2390 2642 1
2390 1269 1
457 451 1
457 2921 1
2154 1479 1
2154 666 1
2752 1087 1
2038 83 1
2621 3005 1
2621 121 1
2621 780 1
2621 1249 1
2621 2076 1
2621 710 1
2621 2377 1
2621 962 1
339 2199 1
339 1469 1
339 122 1
339 1753 1
2928 3262 1
2928 3394 1
2928 3002 1
2928 314 1
2928 3312 1
2928 756 1
2928 332 1
1354 1862 1
1354 883 1
1354 427 1
1354 2831 1
1354 2533 1
1354 2285 1
1354 2476 1
1354 1661 1
1354 393 1
1354 3241 1
1354 2277 1
1354 2801 1
1354 3046 1
1354 1385 1
1354 2179 1
1538 695 1
2183 159 1
3024 2879 1
3024 1923 1
3024 1786 1
3024 2065 1
3024 1351 1
3024 889 1
3024 765 1
3024 3382 1
3024 2594 1
3024 1744 1
3024 2673 1
3024 1411 1
3024 91 1
2330 1405 1
2363 173 1
2582 3072 1
14 473 1
14 950 1
14 2383 1
14 1916 1
14 1366 1
14 2929 1
1230 2122 1
1230 1924 1
1230 1113 1
1085 1530 1
2270 2084 1
2270 2774 1
2270 1346 1
2270 2147 1
2270 641 1
2270 1944 1
2270 3269 1
3186 1114 1
3376 2119 1
3376 1658 1
3376 3415 1
2165 1888 1
1425 1465 1
1425 1556 1
1425 2499 1
1425 866 1
1425 1174 1
1425 2432 1
1425 1998 1
1425 2589 1
1425 2062 1
3028 1536 1
3028 2867 1
3028 3081 1
1607 2228 1
1607 3223 1
1607 2117 1
1607 2021 1
1607 1476 1
1607 3357 1
1607 3224 1
1607 1065 1
1607 3310 1
1607 1079 1
1607 669 1
1983 2806 1
3276 1774 1
3276 184 1
39 123 1
1396 22 1
1396 3374 1
1396 3066 1
1396 209 1
1396 2779 1
1396 3183 1
1396 1513 1
3012 2193 1
3012 2988 1
3012 241 1
3012 3289 1
2789 429 1
1715 3435 1
1715 2271 1
3136 1926 1
487 2387 1
327 3075 1
624 2430 1
147 2391 1
160 200 1
668 1674 1
3265 2259 1
3265 1397 1
3265 643 1
3265 708 1
3265 1554 1
3265 2198 1
1378 698 1
3196 856 1
2634 318 1
1491 2532 1
2890 3100 1
1878 587 1
1878 2459 1
1878 2983 1
1878 2405 1
1878 2172 1
1878 2714 1
1878 2619 1
424 1339 1
2515 3141 1
2515 3033 1
2515 3448 1
2515 1755 1
2515 1268 1
2515 1381 1
2515 251 1
3191 692 1
3191 2131 1
3191 2342 1
3191 3050 1
3191 2230 1
3191 1220 1
3191 1953 1
3191 2893 1
3191 793 1
3191 398 1
3191 1226 1
3191 2539 1
2090 316 1
2090 535 1
65 2022 1
1839 1863 1
358 2260 1
2793 1427 1
1645 449 1
1645 2884 1
1645 2344 1
1645 1729 1
1645 873 1
1645 638 1
1645 922 1
1645 1279 1
1645 476 1
1645 2132 1
1645 434 1
1645 1053 1
1645 659 1
2423 435 1
99 2597 1
99 3300 1
99 1418 1
99 712 1
99 2419 1
1548 1400 1
1548 836 1
1548 502 1
1548 1643 1
1548 1738 1
1548 2158 1
1548 2669 1
1548 2833 1
1548 1200 1
1548 3239 1
2862 3176 1
113 982 1
113 3129 1
113 807 1
113 2473 1
113 1836 1
2611 1274 1
2611 1443 1
2611 623 1
2611 1398 1
2611 2997 1
2225 985 1
2225 2546 1
2225 197 1
2225 2381 1
2225 1106 1
2225 1569 1
663 460 1
1015 1203 1
2600 902 1
3213 2019 1
3250 124 1
1023 2809 1
2746 2035 1
508 2434 1
508 1233 1
508 1760 1
508 1135 1
508 2706 1
1620 1705 1
860 1881 1
860 1116 1
860 3314 1
860 1805 1
860 2252 1
860 1935 1
860 481 1
860 3157 1
860 271 1
860 1715 1
860 3076 1
860 1633 1
396 1558 1
749 249 1
749 1293 1
749 1830 1
749 2138 1
749 530 1
3148 3195 1
1503 3452 1
1503 1043 1
1752 2167 1
1752 3421 1
1752 3083 1
1152 3321 1
1152 823 1
279 1033 1
279 2739 1
279 2966 1
279 2863 1
279 1198 1
279 1975 1
125 1237 1
125 1810 1
125 3006 1
125 2270 1
1007 1101 1
1007 1493 1
2490 2987 1
2490 574 1
2490 891 1
2490 2272 1
2490 1433 1
3117 2390 1
674 979 1
2255 1325 1
2155 565 1
3360 531 1
2097 3047 1
2097 1765 1
2097 2025 1
2097 1999 1
2097 1542 1
2097 956 1
2097 1464 1
2097 910 1
2097 169 1
2097 2944 1
2097 65 1
2097 1960 1
411 3057 1
2511 3364 1
2511 2256 1
2511 864 1
1936 2194 1
684 3232 1
1235 1182 1
1235 1520 1
1284 677 1
1284 1001 1
1284 3432 1
1284 1555 1
1284 497 1
816 522 1
816 1332 1
816 1257 1
816 1187 1
816 1222 1
816 3301 1
816 153 1
2420 3040 1
2420 1992 1
2420 815 1
850 464 1
158 3392 1
3417 45 1
71 3252 1
2464 1564 1
2464 36 1
2464 3111 1
2464 2967 1
2464 3070 1
2464 441 1
2464 2915 1
2464 831 1
2345 1172 1
2345 1208 1
829 963 1
2588 2982 1
2588 26 1
2588 2709 1
1207 2989 1
1207 801 1
1207 1522 1
1207 191 1
1207 2474 1
1207 1563 1
1207 3253 1
1207 1993 1
1207 2215 1
1207 2770 1
1207 580 1
1207 1007 1
1207 6 1
1207 2992 1
1207 2679 1
2722 2393 1
79 2789 1
79 2212 1
740 1241 1
740 2703 1
740 1382 1
170 1350 1
1964 2509 1
1347 1229 1
1347 2752 1
1347 647 1
3020 1871 1
3020 718 1
1362 2590 1
1362 639 1
1362 2009 1
1362 3030 1
1362 2239 1
1362 270 1
1362 2201 1
1362 485 1
1362 2534 1
1362 788 1
1362 706 1
3073 1420 1
1470 2781 1
1825 1408 1
685 2316 1
503 3242 1
503 438 1
503 484 1
503 2310 1
503 370 1
503 3303 1
503 1925 1
1744 3446 1
2152 2170 1
406 306 1
1316 2057 1
1316 1341 1
1316 2772 1
1316 1349 1
1316 1204 1
1316 163 1
1316 2653 1
1316 2649 1
1316 810 1
1316 3134 1
1316 1238 1
1316 2283 1
1533 1892 1
1533 1599 1
1533 3367 1
1533 996 1
1533 1711 1
1533 2960 1
1533 959 1
1533 1154 1
1533 1706 1
1214 1286 1
1214 2364 1
1214 2501 1
1837 1326 1
3118 242 1
3118 2125 1
3118 3064 1
3118 1662 1
3118 247 1
3118 2365 1
847 3206 1
2468 2635 1
1864 1766 1
2572 2080 1
2730 476 1
2730 3221 1
2730 576 1
2730 1037 1
2730 1068 1
2730 2070 1
2815 440 1
2565 2144 1
2565 1638 1
2565 2580 1
2565 906 1
2565 2470 1
2565 2072 1
2565 1291 1
2565 2647 1
2565 1485 1
2565 101 1
2565 2149 1
1683 313 1
3427 1283 1
2704 683 1
931 2784 1
792 45 1
2933 882 1
2933 349 1
2933 2854 1
2933 3395 1
2933 16 1
2933 2399 1
2933 2454 1
1967 868 1
1967 2248 1
1967 488 1
1967 1512 1
769 1521 1
1008 588 1
1773 1166 1
1773 1622 1
2902 990 1
2902 2180 1
2902 405 1
2902 2927 1
2902 2941 1
2902 2311 1
830 3380 1
2234 3080 1
3353 726 1
74 3116 1
3021 2965 1
1726 1199 1
1726 2676 1
1726 442 1
1726 2438 1
1726 605 1
1726 1163 1
1726 1883 1
1726 387 1
1384 2418 1
1137 2023 1
3192 670 1
3372 2483 1
2545 341 1
2545 1298 1
2545 1437 1
563 301 1
867 775 1
1209 1069 1
55 593 1
55 3164 1
55 3444 1
55 254 1
471 1093 1
471 1565 1
1135 915 1
1135 991 1
1135 41 1
469 3308 1
469 997 1
469 2031 1
3079 2462 1
3079 2451 1
3079 3196 1
3079 1782 1
1430 3286 1
1430 782 1
1430 2636 1
377 1020 1
377 2519 1
2400 3137 1
3356 2836 1
3356 720 1
3356 56 1
551 1189 1
551 2337 1
551 1686 1
551 978 1
551 3423 1
551 3405 1
2557 798 1
239 1060 1
2997 2046 1
2997 1429 1
2997 1961 1
3177 412 1
3177 3265 1
3177 1873 1
3177 1409 1
1315 1333 1
1315 2687 1
1315 3084 1
1315 1142 1
1315 820 1
1315 2543 1
1315 105 1
2795 1111 1
665 3139 1
2396 146 1
2396 1451 1
3287 1066 1
3287 2222 1
3287 2553 1
3287 358 1
3287 74 1
3287 974 1
2133 1328 1
2133 1823 1
2901 1355 1
118 2959 1
118 2326 1
118 3036 1
1361 2223 1
1361 2991 1
1361 1104 1
1361 1614 1
1361 238 1
417 1487 1
417 2688 1
417 2994 1
417 1664 1
417 219 1
417 573 1
417 601 1
417 3243 1
1534 2009 1
2958 1439 1
1345 2516 1
1345 31 1
1345 1246 1
1345 1692 1
2839 3043 1
2839 1917 1
50 2548 1
3234 1834 1
1659 779 1
3320 3388 1
1499 2781 1
28 1422 1
1256 1948 1
728 952 1
2651 3351 1
2680 409 1
2680 1196 1
2680 1215 1
2680 2787 1
2680 2540 1
2680 3124 1
2680 2870 1
2680 1306 1
2680 3130 1
2680 3292 1
2680 3359 1
1044 898 1
1795 977 1
1795 1144 1
1795 1841 1
1795 2968 1
1795 3378 1
1795 3071 1
3068 129 1
212 2410 1
193 3175 1
3008 1115 1
3211 862 1
3211 2914 1
3211 1225 1
394 3051 1
394 2042 1
596 213 1
555 1852 1
2613 2465 1
2613 3384 1
2613 3295 1
2613 2 1
2613 1615 1
2613 3208 1
2613 719 1
2613 564 1
3096 3438 1
527 1902 1
2652 2852 1
2652 356 1
2652 2474 1
2652 1155 1
2652 2900 1
2652 3113 1
2652 1566 1
2652 2694 1
2652 3255 1
2652 1122 1
2652 3160 1
2652 1180 1
24 2865 1
1637 1181 1
416 2922 1
803 353 1
916 196 1
3004 1735 1
3004 3200 1
3004 842 1
646 1296 1
767 1628 1
767 2782 1
767 1167 1
767 3240 1
767 1994 1
767 2609 1
767 3354 1
767 524 1
767 2490 1
767 551 1
2040 210 1
3198 2315 1
3198 1941 1
3198 2691 1
1495 137 1
233 1440 1
2618 2520 1
286 2850 1
286 2889 1
286 3127 1
286 2106 1
1775 2361 1
1728 1010 1
625 1441 1
625 3085 1
625 1145 1
625 489 1
625 1820 1
625 2621 1
625 2238 1
625 3060 1
625 2796 1
625 482 1
625 2747 1
651 34 1
1 78 1
1 214 1
1 1234 1
1 217 1
299 2949 1
299 1139 1
299 2166 1
299 1726 1
299 1571 1
3336 1995 1
1535 375 1
946 2395 1
946 2585 1
946 3428 1
946 176 1
946 2240 1
805 2677 1
3041 2934 1
1700 256 1
1292 1431 1
384 2699 1
384 2573 1
384 1541 1
384 607 1
384 1388 1
384 731 1
384 1301 1
384 1316 1
384 1434 1
384 753 1
384 540 1
255 2675 1
255 2995 1
255 1641 1
255 1516 1
255 203 1
2942 1943 1
1210 2604 1
2938 2228 1
2938 183 1
2938 2208 1
2938 353 1
2938 1955 1
2938 723 1
2938 1972 1
2938 2832 1
2938 2094 1
2938 1906 1
2938 1742 1
2938 2493 1
2938 1949 1
2938 1287 1
2938 72 1
1939 566 1
1939 1086 1
2727 1708 1
2727 2654 1
1887 3412 1
1887 2919 1
1887 1117 1
3078 2137 1
1960 653 1
1960 595 1
1960 3414 1
1960 136 1
1960 351 1
1960 938 1
1960 1124 1
1960 1806 1
1960 833 1
1960 3168 1
1960 1794 1
1960 892 1
1960 2898 1
1960 598 1
1960 3049 1
1960 3413 1
1813 790 1
2206 2171 1
60 1539 1
1619 1356 1
1619 2059 1
1619 293 1
1619 1529 1
3454 2351 1
3454 2528 1
3454 3268 1
3454 2437 1
2945 556 1
1308 705 1
1308 781 1
1308 2487 1
1308 2124 1
1308 88 1
1308 1410 1
1308 776 1
1308 2853 1
1308 553 1
1308 3315 1
2433 361 1
2433 2847 1
2433 311 1
2433 2286 1
2433 90 1
2433 1071 1
2433 1867 1
2433 3381 1
2433 777 1
2433 2661 1
2433 1822 1
2433 2126 1
2433 2425 1
2433 46 1
2433 1039 1
2433 2613 1
2433 2001 1
2433 3454 1
3072 2448 1
3072 2012 1
3072 848 1
3072 3179 1
419 1048 1
1653 843 1
2478 1730 1
1809 1853 1
1809 740 1
1727 54 1
1737 3055 1
1737 142 1
1737 560 1
2010 1197 1
224 2667 1
1444 1235 1
1679 614 1
1409 1073 1
1409 1928 1
1409 1991 1
1409 3201 1
1409 2077 1
221 1260 1
221 998 1
407 507 1
407 113 1
407 2299 1
2449 1651 1
1627 545 1
389 1203 1
1219 2458 1
1219 2018 1
1219 3393 1
1219 1872 1
1219 2802 1
1219 1018 1
1219 3366 1
1219 1913 1
1219 230 1
2663 3348 1
2663 29 1
2663 533 1
2663 1097 1
635 827 1
635 215 1
635 3306 1
635 583 1
635 1870 1
635 2874 1
635 452 1
635 881 1
604 1304 1
631 1650 1
1205 2690 1
1205 953 1
1205 1885 1
1205 2109 1
1205 2972 1
1205 1762 1
1205 471 1
1205 1466 1
1205 794 1
1205 3209 1
292 2606 1
292 1919 1
292 109 1
800 2645 1
800 724 1
800 3022 1
800 1132 1
800 1285 1
800 3210 1
800 2103 1
800 681 1
800 1929 1
800 2733 1
800 490 1
2067 3202 1
223 844 1
1229 2845 1
577 1909 1
134 3368 1
2339 2321 1
2339 2662 1
2623 1865 1
3040 925 1
1416 1321 1
1416 1843 1
1416 1156 1
3313 2657 1
2577 2869 1
840 70 1
840 1314 1
840 2643 1
2393 62 1
3027 1525 1
3027 1004 1
880 2737 1
880 2985 1
880 2140 1
880 3154 1
880 3386 1
3038 1252 1
843 355 1
843 359 1
1066 1452 1
1066 1951 1
1847 1426 1
1847 1092 1
1847 2630 1
2641 2754 1
1423 1754 1
1423 504 1
1423 2107 1
1423 2112 1
2666 2455 1
2666 260 1
2666 746 1
2666 428 1
2666 1445 1
2666 656 1
2666 1702 1
2666 2475 1
2666 174 1
2666 1524 1
2666 2182 1
2666 1986 1
985 2289 1
210 3443 1
210 1335 1
210 799 1
210 2404 1
3294 3344 1
3294 2177 1
3294 1344 1
3294 2135 1
3294 2353 1
3294 811 1
1031 165 1
1031 2332 1
581 1819 1
581 2785 1
815 1421 1
1013 3048 1
2335 144 1
817 104 1
2105 1319 1
2906 1660 1
1084 2581 1
2750 1677 1
771 2692 1
1879 408 1
478 3343 1
478 1636 1
478 388 1
478 1472 1
2403 1130 1
2403 3402 1
2403 1307 1
2403 2541 1
2403 3304 1
1558 3456 1
1747 63 1
356 2275 1
1167 1547 1
2274 399 1
1854 287 1
1811 925 1
1811 446 1
1811 3126 1
2975 2160 1
2975 759 1
2975 2003 1
552 2622 1
1655 913 1
2422 1185 1
473 3197 1
473 1401 1
2503 3327 1
2503 1733 1
2503 403 1
2503 400 1
2503 57 1
1131 2792 1
1060 1817 1
1060 48 1
626 1138 1
1387 2401 1
1387 1921 1
1387 3112 1
173 536 1
954 2086 1
90 3156 1
2382 525 1
1808 1860 1
1808 1689 1
3025 2469 1
3025 2918 1
2811 1950 1
2811 2453 1
2811 164 1
2811 1082 1
1541 2755 1
1360 2427 1
1233 612 1
2111 2937 1
2366 3288 1
2366 2937 1
2366 1609 1
2366 2435 1
2366 1363 1
2366 1265 1
405 1623 1
1108 2715 1
1761 1934 1
1761 2491 1
1464 103 1
1464 2347 1
2761 2359 1
1186 1368 1
427 709 1
2654 76 1
1902 1006 1
360 2544 1
360 1359 1
360 3180 1
360 107 1
360 3319 1
360 1626 1
360 73 1
1139 971 1
2931 3146 1
2383 3018 1
2383 2887 1
3174 2980 1
3174 331 1
3174 3290 1
129 879 1
3143 2494 1
2457 1745 1
2457 140 1
2457 2668 1
2457 2415 1
3175 567 1
2552 3266 1
2552 859 1
2552 2517 1
2552 1386 1
2552 2894 1
1719 2292 1
1050 3331 1
1050 2213 1
1050 2327 1
1050 2828 1
1050 1507 1
910 3133 1
2926 2030 1
716 1649 1
716 1591 1
2944 1523 1
2944 3406 1
849 3309 1
849 3061 1
849 1357 1
849 3161 1
849 1509 1
849 3409 1
849 2725 1
849 3182 1
2621 1893 1
2621 1588 1
2621 2743 1
2621 3296 1
2621 999 1
507 1807 1
1354 761 1
1354 1855 1
917 265 1
3024 1261 1
3024 2014 1
3024 1787 1
3024 3387 1
699 3280 1
699 3193 1
699 2917 1
2270 2579 1
3376 3034 1
1425 760 1
1425 1712 1
1425 3216 1
1425 2357 1
1425 538 1
1425 2936 1
1425 2235 1
1425 59 1
1425 755 1
1425 1414 1
1425 2885 1
3012 1266 1
3265 1211 1
3191 3254 1
3191 1970 1
3191 2877 1
1645 3091 1
1548 194 1
113 1231 1
113 1717 1
2611 2484 1
2746 1654 1
1284 2644 1
1284 2895 1
816 932 1
816 1549 1
1695 3274 1
2464 1317 1
2464 1600 1
2464 364 1
2588 1838 1
1207 3440 1
740 2800 1
1362 458 1
1362 2261 1
42 884 1
2075 2549 1
1316 3149 1
1316 2007 1
713 3389 1
2730 300 1
2730 1102 1
2565 2488 1
2933 1501 1
3179 2397 1
3179 1158 1
3179 371 1
1726 2896 1
3144 3329 1
680 2004 1
55 1267 1
55 1770 1
551 2505 1
2997 399 1
2997 1041 1
1345 3338 1
1345 312 1
2680 3063 1
2680 1262 1
2613 35 1
2613 1767 1
2652 3332 1
2652 3390 1
2652 1305 1
2652 543 1
3198 11 1
3198 2406 1
3198 2191 1
1 1543 1
946 2024 1
946 3431 1
384 2718 1
255 1678 1
255 3229 1
255 1299 1
255 477 1
255 2615 1
3163 1098 1
2938 984 1
2001 1121 1
1619 1889 1
2945 156 1
2945 2020 1
2945 1391 1
2945 1801 1
2945 378 1
1308 2735 1
1308 519 1
1308 611 1
2535 1733 1
2535 1590 1
1409 900 1
1409 2278 1
1409 1880 1
1409 644 1
1409 2414 1
1409 2813 1
1409 1634 1
1409 3222 1
1219 1275 1
2663 2054 1
635 980 1
635 1009 1
800 1318 1
800 1371 1
800 401 1
800 2912 1
800 1910 1
800 806 1
800 1963 1
800 305 1
2705 825 1
2312 1415 1
2312 2746 1
58 2623 1
3377 2202 1
1896 1108 1
245 1457 1
2583 1340 1
2683 1013 1
3219 3206 1
139 1500 1
511 2408 1
2731 1841 1
1245 108 1
135 1219 1
1639 1780 1
1034 2151 1
3099 714 1
3099 3114 1
3099 319 1
3099 461 1
1435 255 1
2231 523 1
539 880 1
379 1903 1
1517 1642 1
2203 2403 1
350 1876 1
444 2775 1
1449 213 1
3088 2284 1
1859 774 1
1859 1866 1
171 2973 1
2708 2392 1
1694 2195 1
3424 597 1
826 2382 1
3135 2296 1
64 1396 1
696 2354 1
899 1184 1
899 832 1
899 2245 1
899 2730 1
874 2101 1
372 2242 1
2716 2368 1
975 1105 1
1595 2666 1
1276 936 1
571 771 1
1675 2472 1
1675 253 1
1605 134 1
2032 3391 1
2946 1423 1
3323 1028 1
584 2786 1
1002 2611 1
513 1216 1
558 1629 1
558 2655 1
2066 1239 1
186 1409 1
1850 3118 1
2262 1379 1
2595 2822 1
3089 3027 1
1063 2446 1
3361 1895 1
1016 821 1
96 626 1
2551 214 1
177 542 1
456 3152 1
166 840 1
1467 2577 1
3023 299 1
1551 1878 1
75 509 1
3309 3086 1
1950 432 1
7 1394 1
342 1334 1
1295 635 1
1099 613 1
2559 3294 1
808 413 1
328 2264 1
3218 1131 1
2033 1342 1
1331 888 1
852 323 1
966 2906 1
557 2372 1
1300 648 1
1089 2663 1
111 3163 1
2693 1205 1
1899 673 1
1407 3093 1
1550 2868 1
2168 3109 1
1474 2986 1
1003 918 1
1696 577 1
1247 1973 1
454 3233 1
2102 785 1
919 1635 1
2441 2882 1
49 716 1
901 2552 1
151 2185 1
2388 395 1
3062 1887 1
2671 2118 1
2190 1581 1
1460 360 1
3355 2270 1
3153 622 1
1369 2047 1
1575 2521 1
876 448 1
2466 3175 1
390 2464 1
2764 2931 1
671 3313 1
2903 3215 1
281 294 1
368 1343 1
2450 119 1
1057 2969 1
3445 439 1
672 2536 1
2560 2761 1
546 1084 1
546 3436 1
161 2036 1
199 637 1
2485 1213 1
2947 849 1
3345 993 1
2527 1982 1
734 1416 1
1856 3278 1
1945 3074 1
615 1288 1
2333 3333 1
2788 2433 1
3369 667 1
207 2515 1
3185 1697 1
602 2923 1
1580 1719 1
1133 2601 1
1610 2837 1
1814 3009 1
1703 2348 1
3430 2914 1
3236 1372 1
1165 767 1
466 1112 1
2584 2823 1
326 68 1
2646 2078 1
2627 1308 1
570 110 1
2492 2768 1
2748 552 1
693 581 1
25 1795 1
2376 1374 1
1618 1800 1
1877 1967 1
2658 2816 1
778 2186 1
861 1734 1
2765 1353 1
514 649 1
1682 2961 1
2908 3311 1
127 1952 1
2276 2504 1
1989 2457 1
2760 138 1
276 2396 1
2650 2298 1
175 391 1
302 480 1
2686 152 1
2267 3059 1
257 289 1
2598 2839 1
725 3287 1
10 1761 1
1012 2728 1
2530 1361 1
1544 1425 1
1693 1136 1
1617 2204 1
2538 2758 1
2744 3191 1
1781 2428 1
1648 2002 1
1282 2390 1
1816 2639 1
2224 717 1
2224 732 1
2224 2507 1
1049 1045 1
295 467 1
2910 1050 1
2857 2005 1
1518 1833 1
2749 42 1
3029 354 1
3077 2339 1
1759 1832 1
2092 1723 1
2461 465 1
2407 2380 1
2807 2431 1
2529 3194 1
783 2652 1
243 3212 1
2724 2535 1
2096 904 1
2452 2074 1
178 3226 1
272 1148 1
2302 1920 1
1320 2110 1
3120 817 1
40 699 1
940 1784 1
182 3144 1
3090 1190 1
126 2811 1
1824 1890 1
1596 1655 1
1005 3426 1
687 2938 1
494 2273 1
2257 568 1
2282 909 1
2587 3087 1
317 308 1
618 61 1
554 292 1
2996 837 1
2486 2176 1
2104 1051 1
333 1387 1
2099 816 1
1236 2602 1
1844 99 1
939 1250 1
537 1207 1
923 353 1
1052 713 1
1802 2366 1
2011 414 1
498 2872 1
1375 1284 1
2053 1868 1
750 3238 1
2824 348 1
3337 908 1
1897 2422 1
721 384 1
743 1504 1
1280 1854 1
3184 2945 1
3246 1752 1
636 2572 1
227 1772 1
942 2482 1
2502 1329 1
686 1582 1
3092 2345 1
549 1221 1
297 2360 1
702 2873 1
273 853 1
2767 2883 1
2367 1959 1
1567 1937 1
168 2503 1
