114 252 1
1386 1368 1
1258 1611 1
1042 1479 1
1042 1160 1
1042 713 1
1042 923 1
1042 1218 1
1042 1582 1
1042 1332 1
1042 278 1
1075 1373 1
183 398 1
612 887 1
985 1280 1
513 620 1
297 624 1
297 1577 1
297 536 1
297 1420 1
297 1423 1
297 200 1
297 170 1
297 684 1
297 1163 1
297 1321 1
297 261 1
297 1190 1
297 1009 1
297 176 1
297 1019 1
297 547 1
297 1325 1
297 204 1
708 847 1
815 345 1
815 202 1
1360 1201 1
1433 236 1
1433 1137 1
1277 1214 1
1277 618 1
1277 1133 1
1277 1293 1
1277 1555 1
1277 690 1
1277 1088 1
1277 1388 1
1277 369 1
1277 1202 1
1277 1509 1
1277 279 1
1277 1027 1
1277 256 1
1277 242 1
1277 4 1
1277 1497 1
1526 1025 1
1526 1478 1
1521 579 1
1574 1390 1
1574 434 1
1574 438 1
1574 1232 1
1574 864 1
1574 1424 1
1574 1156 1
1574 1576 1
1574 662 1
1519 646 1
1519 872 1
373 1268 1
373 154 1
373 595 1
1484 692 1
305 865 1
305 1048 1
305 375 1
305 869 1
305 1260 1
305 482 1
305 1610 1
305 924 1
305 1328 1
305 1475 1
305 1142 1
225 866 1
225 56 1
225 285 1
225 81 1
225 881 1
225 1442 1
350 1618 1
408 613 1
636 259 1
636 1544 1
1400 1161 1
241 1022 1
961 1197 1
483 553 1
483 1168 1
483 408 1
483 1209 1
483 580 1
483 403 1
483 1028 1
483 1145 1
483 744 1
483 1183 1
483 435 1
483 731 1
483 1164 1
483 167 1
483 1583 1
483 1524 1
483 697 1
483 61 1
483 1417 1
483 400 1
483 559 1
483 488 1
244 867 1
1089 99 1
925 80 1
925 1294 1
925 1354 1
925 57 1
925 1591 1
925 266 1
925 563 1
925 1593 1
925 227 1
925 1216 1
925 623 1
925 933 1
326 429 1
1501 405 1
416 380 1
1082 158 1
1082 1543 1
583 992 1
1063 1362 1
1522 1282 1
1522 1300 1
1522 1113 1
1522 239 1
1522 1463 1
1421 413 1
823 727 1
1307 173 1
452 41 1
452 144 1
452 678 1
452 681 1
452 27 1
452 63 1
452 1015 1
610 1107 1
121 368 1
121 1329 1
121 1059 1
121 885 1
121 1363 1
124 1346 1
312 483 1
312 555 1
312 228 1
312 577 1
312 433 1
1482 1357 1
1271 15 1
96 812 1
96 1616 1
96 676 1
1134 55 1
1617 503 1
692 1283 1
692 1301 1
692 172 1
692 208 1
692 1191 1
1085 942 1
941 389 1
1407 888 1
1407 1262 1
992 160 1
865 987 1
479 362 1
479 1141 1
479 1404 1
479 283 1
479 402 1
479 314 1
479 1527 1
479 307 1
1356 1158 1
30 47 1
790 1608 1
790 424 1
790 917 1
790 1561 1
1196 233 1
78 421 1
1298 1486 1
1298 898 1
1298 374 1
1298 1139 1
1298 990 1
1298 1224 1
1298 1584 1
1298 530 1
1298 1152 1
669 351 1
316 523 1
1061 523 1
555 1395 1
555 1601 1
1310 880 1
1536 1166 1
1536 641 1
1536 762 1
69 1379 1
69 1245 1
69 1602 1
148 640 1
148 393 1
1416 1041 1
1416 913 1
512 1490 1
512 938 1
512 1461 1
512 663 1
512 565 1
1084 1135 1
1084 1002 1
1084 439 1
1084 611 1
1084 545 1
1084 593 1
1084 264 1
1084 658 1
1084 738 1
1084 1366 1
1084 1192 1
1084 957 1
1084 1021 1
1084 441 1
1084 626 1
1084 1469 1
1084 1347 1
1084 725 1
1084 1596 1
1084 1278 1
1084 745 1
1084 544 1
1084 1149 1
1084 1119 1
1084 329 1
1084 998 1
1084 639 1
1084 500 1
1084 467 1
210 1619 1
210 363 1
578 446 1
578 528 1
578 294 1
578 5 1
793 1545 1
302 157 1
1428 1564 1
1000 36 1
1000 1279 1
367 92 1
367 337 1
1044 1263 1
1044 707 1
1044 543 1
1044 201 1
1044 969 1
1044 786 1
752 120 1
1176 217 1
1259 1144 1
1215 450 1
575 1474 1
768 1213 1
768 926 1
768 739 1
768 33 1
768 386 1
858 1309 1
858 665 1
703 425 1
189 1295 1
189 1091 1
189 826 1
189 1563 1
189 24 1
607 837 1
734 484 1
1194 946 1
1194 1104 1
1194 288 1
1194 850 1
1194 301 1
1194 585 1
1194 606 1
1194 1492 1
1151 1571 1
1112 1429 1
1364 477 1
455 26 1
455 197 1
455 399 1
1455 1559 1
1397 21 1
276 1611 1
571 549 1
224 1033 1
1473 1101 1
876 974 1
876 1306 1
617 832 1
617 1244 1
617 1038 1
617 152 1
617 949 1
617 903 1
1125 1513 1
1132 908 1
1129 1092 1
944 466 1
1326 781 1
1326 499 1
1326 824 1
1326 240 1
1326 682 1
1549 1207 1
1136 524 1
268 1578 1
1270 573 1
64 1535 1
36 1198 1
1495 1383 1
1495 178 1
1495 1256 1
126 1117 1
126 1266 1
719 1345 1
270 1148 1
698 1384 1
698 1076 1
635 633 1
635 900 1
635 406 1
635 1387 1
635 163 1
635 83 1
635 1560 1
635 935 1
635 1382 1
635 327 1
635 1515 1
635 915 1
635 892 1
635 1102 1
635 1448 1
635 1312 1
635 90 1
635 1558 1
635 366 1
635 1205 1
635 672 1
635 1053 1
635 807 1
635 1394 1
635 754 1
635 1012 1
635 289 1
635 457 1
635 973 1
635 976 1
635 1118 1
635 594 1
635 1013 1
635 921 1
1163 764 1
1163 1426 1
1163 383 1
1163 1016 1
1163 590 1
1163 430 1
1163 169 1
1162 759 1
625 292 1
1185 19 1
1185 1 1
1185 1343 1
1450 736 1
1450 1242 1
1450 493 1
1450 685 1
631 475 1
631 991 1
631 861 1
631 174 1
631 666 1
631 567 1
631 1432 1
631 185 1
631 999 1
631 1370 1
1308 267 1
1284 1292 1
1402 1398 1
1381 796 1
643 1338 1
643 996 1
1217 912 1
1217 1310 1
1217 1034 1
1217 740 1
1217 1187 1
1217 670 1
1217 315 1
1217 758 1
1217 965 1
1217 20 1
1189 1316 1
336 1573 1
389 237 1
389 1155 1
389 1250 1
821 106 1
396 783 1
396 107 1
396 148 1
396 1620 1
396 1233 1
396 1234 1
396 196 1
396 474 1
396 729 1
396 232 1
396 929 1
396 1121 1
396 79 1
396 995 1
396 1024 1
396 1552 1
396 939 1
396 899 1
1273 1470 1
1184 1050 1
1187 1022 1
1187 758 1
634 1219 1
1531 519 1
1333 906 1
1175 582 1
458 629 1
317 432 1
330 66 1
308 305 1
688 962 1
222 462 1
222 164 1
222 1540 1
222 574 1
157 829 1
157 527 1
157 442 1
1499 136 1
1499 763 1
1499 777 1
1499 806 1
1499 562 1
1499 318 1
1499 1098 1
1499 515 1
1499 221 1
1499 651 1
1499 667 1
1499 1434 1
1499 733 1
813 1107 1
1520 151 1
198 561 1
1458 181 1
1460 751 1
656 716 1
909 1288 1
909 77 1
564 311 1
796 1106 1
796 179 1
796 525 1
796 1171 1
975 1257 1
975 748 1
975 231 1
755 1532 1
569 677 1
1037 165 1
1037 894 1
1037 469 1
1037 133 1
1037 110 1
1037 884 1
993 498 1
1391 645 1
1391 1477 1
1391 1507 1
1508 95 1
1508 40 1
1219 281 1
1219 101 1
1219 1124 1
1219 809 1
1219 190 1
1219 1128 1
1219 263 1
1219 1418 1
376 1081 1
376 1565 1
670 1167 1
670 701 1
670 782 1
670 1551 1
670 94 1
1569 1493 1
1569 616 1
1569 220 1
1569 1511 1
1569 822 1
1569 609 1
1569 1449 1
1569 1023 1
1569 1414 1
1569 1180 1
1223 497 1
952 854 1
142 1451 1
711 529 1
1604 1114 1
1604 709 1
1204 504 1
1204 699 1
1204 359 1
1204 306 1
1204 1047 1
1619 67 1
1619 557 1
1411 211 1
1369 1116 1
1369 874 1
1369 1165 1
1369 1392 1
1369 988 1
1369 257 1
842 568 1
842 720 1
842 1322 1
842 249 1
842 1120 1
842 932 1
842 409 1
1010 1324 1
50 274 1
50 125 1
922 566 1
922 1196 1
922 480 1
922 522 1
766 182 1
920 209 1
687 586 1
1197 728 1
1197 192 1
186 1375 1
1039 1498 1
1039 1533 1
1039 1235 1
1039 42 1
1039 473 1
1039 1057 1
272 273 1
1077 282 1
1336 510 1
1538 1103 1
1538 459 1
1538 502 1
166 372 1
166 141 1
166 304 1
166 1243 1
774 526 1
774 1178 1
366 798 1
366 1514 1
366 8 1
366 333 1
1225 1487 1
226 1314 1
226 134 1
120 1590 1
120 340 1
120 657 1
120 1111 1
120 360 1
1459 245 1
1148 331 1
1148 904 1
1148 171 1
1408 168 1
79 128 1
135 82 1
494 1130 1
494 390 1
1110 284 1
1367 1240 1
1367 841 1
1367 771 1
1367 1228 1
1367 44 1
1385 1345 1
1398 1073 1
891 546 1
123 332 1
123 601 1
799 1476 1
1311 319 1
910 113 1
910 653 1
910 591 1
910 85 1
910 1525 1
910 784 1
910 451 1
516 153 1
516 870 1
1553 517 1
159 1115 1
159 1550 1
649 391 1
1226 1210 1
46 415 1
1361 505 1
1005 265 1
1005 838 1
1005 269 1
1005 1411 1
1005 2 1
260 199 1
260 630 1
1202 893 1
341 1359 1
353 1083 1
353 1406 1
353 1365 1
353 835 1
353 356 1
353 518 1
353 686 1
353 129 1
353 219 1
353 187 1
353 1172 1
353 1548 1
353 827 1
353 1281 1
955 3 1
955 765 1
955 776 1
955 638 1
955 1499 1
955 1186 1
955 819 1
955 347 1
955 147 1
45 930 1
45 768 1
440 836 1
509 268 1
947 9 1
947 615 1
947 109 1
947 275 1
1220 1450 1
1062 448 1
382 983 1
1431 1095 1
1431 964 1
1431 723 1
1431 1198 1
1431 53 1
1431 897 1
1431 481 1
1431 1249 1
1431 1109 1
1431 248 1
1431 631 1
1431 358 1
1431 1188 1
1431 1065 1
1431 1585 1
1431 825 1
1431 119 1
1431 927 1
1431 43 1
1431 117 1
1431 1093 1
1431 1358 1
1431 321 1
1431 1077 1
1431 1046 1
1431 1067 1
1431 628 1
1431 1598 1
1431 1291 1
1431 51 1
1431 773 1
1431 298 1
1431 14 1
1431 989 1
1431 253 1
1431 355 1
1431 322 1
223 613 1
1203 1353 1
1203 397 1
672 732 1
672 342 1
672 1287 1
672 394 1
672 1319 1
672 437 1
672 492 1
672 947 1
672 702 1
672 1313 1
672 1070 1
672 945 1
1053 338 1
1053 1396 1
1053 404 1
1053 29 1
1053 680 1
115 886 1
911 1621 1
911 520 1
911 722 1
911 584 1
1126 258 1
1126 160 1
334 596 1
883 654 1
883 1586 1
883 648 1
883 1275 1
883 643 1
883 842 1
883 737 1
883 73 1
883 797 1
883 1566 1
883 18 1
674 578 1
1410 1352 1
12 966 1
521 1422 1
1437 7 1
1437 96 1
1437 1004 1
1437 1018 1
1437 1074 1
1437 501 1
1437 216 1
1437 214 1
1278 1464 1
1278 984 1
60 86 1
206 47 1
206 1100 1
206 901 1
364 1510 1
364 65 1
364 787 1
364 1153 1
364 1320 1
364 1520 1
364 419 1
364 48 1
364 1512 1
570 412 1
570 452 1
570 1607 1
570 756 1
570 1264 1
570 1241 1
570 1323 1
570 166 1
570 68 1
570 1055 1
570 456 1
1313 1174 1
1313 693 1
1313 779 1
1313 1302 1
1452 1020 1
1012 948 1
538 1355 1
831 54 1
831 647 1
936 1339 1
712 792 1
712 1599 1
712 1570 1
712 997 1
712 1372 1
712 155 1
1415 254 1
62 1052 1
143 52 1
1261 1579 1
1603 1369 1
1603 1051 1
445 1481 1
296 1143 1
1274 1376 1
465 950 1
741 868 1
741 818 1
741 660 1
289 98 1
289 1503 1
289 1040 1
289 788 1
289 1181 1
289 843 1
289 664 1
289 506 1
837 1386 1
837 234 1
837 1286 1
837 878 1
837 1317 1
837 1222 1
837 1462 1
837 108 1
837 844 1
837 1612 1
837 139 1
1179 1285 1
1179 1371 1
1179 659 1
1179 364 1
691 859 1
1147 111 1
1147 1351 1
1147 354 1
76 1547 1
76 548 1
76 1251 1
76 1594 1
76 760 1
76 58 1
76 1305 1
76 743 1
76 205 1
76 161 1
76 370 1
76 1071 1
76 418 1
1330 396 1
431 1457 1
431 1078 1
431 800 1
431 644 1
431 730 1
431 1147 1
162 896 1
162 856 1
162 17 1
162 675 1
162 1105 1
162 1043 1
162 1471 1
162 1436 1
162 377 1
1296 1340 1
726 1265 1
533 1349 1
533 1377 1
1328 145 1
1328 1327 1
1328 156 1
1328 1445 1
1328 1614 1
1328 385 1
423 512 1
423 1146 1
423 1348 1
1566 410 1
937 857 1
937 943 1
973 704 1
973 1523 1
238 679 1
1475 180 1
1475 576 1
1475 1335 1
1099 378 1
1239 461 1
1303 875 1
146 1562 1
35 977 1
35 902 1
35 420 1
35 968 1
35 468 1
35 581 1
1017 449 1
1017 489 1
401 1221 1
1530 877 1
1530 1127 1
1122 235 1
1557 215 1
463 1412 1
463 287 1
463 1438 1
463 986 1
463 1211 1
463 706 1
463 572 1
212 531 1
1446 1069 1
1427 635 1
1427 1217 1
1427 831 1
303 689 1
1315 735 1
1605 1060 1
1605 168 1
1422 592 1
1422 411 1
1422 970 1
671 1014 1
671 16 1
794 104 1
75 1290 1
75 1177 1
472 656 1
472 1337 1
1265 761 1
1409 1108 1
1409 1086 1
1409 599 1
1409 23 1
1409 320 1
1409 339 1
1409 37 1
1409 1508 1
1409 1500 1
1409 365 1
1409 598 1
1409 661 1
637 229 1
181 1494 1
181 982 1
181 1208 1
204 387 1
1011 225 1
1011 367 1
1011 130 1
1011 486 1
1011 496 1
97 845 1
849 297 1
496 422 1
496 1304 1
496 1491 1
496 1397 1
496 1587 1
496 1006 1
496 323 1
496 1003 1
496 780 1
496 443 1
496 131 1
496 801 1
496 1439 1
673 324 1
673 879 1
673 1472 1
673 1154 1
882 34 1
137 967 1
582 655 1
582 696 1
582 1588 1
582 299 1
582 122 1
582 1396 1
582 863 1
582 1248 1
582 384 1
582 293 1
582 115 1
582 1043 1
582 1468 1
582 1611 1
582 1442 1
582 1609 1
343 1400 1
343 608 1
1230 1042 1
1442 587 1
1442 1554 1
602 1518 1
757 1441 1
757 1255 1
963 1252 1
1238 1033 1
297 149 1
297 478 1
1277 650 1
1277 918 1
1277 830 1
305 277 1
305 1413 1
225 1580 1
1400 715 1
1400 541 1
1522 1539 1
1522 1036 1
1522 556 1
1522 11 1
452 310 1
3 280 1
3 840 1
121 250 1
121 388 1
479 721 1
790 255 1
1298 1568 1
1298 309 1
555 349 1
1084 1435 1
1084 1425 1
1084 817 1
1084 84 1
1084 490 1
1084 118 1
613 1575 1
367 951 1
1044 1489 1
1044 184 1
228 619 1
228 747 1
228 444 1
228 177 1
1362 1504 1
1362 953 1
1194 1430 1
617 70 1
617 1269 1
635 195 1
625 550 1
1185 271 1
1450 907 1
631 1056 1
631 1254 1
1217 1615 1
389 914 1
396 1485 1
396 537 1
396 71 1
396 1318 1
396 1032 1
887 1231 1
1192 814 1
1192 1237 1
1499 1344 1
198 604 1
1312 895 1
1391 1087 1
1391 1572 1
376 1066 1
332 978 1
1204 750 1
1369 603 1
1369 379 1
1369 802 1
842 352 1
842 960 1
842 1072 1
842 1342 1
120 87 1
120 848 1
120 1405 1
1148 436 1
644 91 1
644 621 1
644 6 1
353 1502 1
353 1173 1
353 855 1
353 905 1
353 873 1
353 22 1
353 1440 1
1299 1465 1
1292 833 1
1292 112 1
1292 361 1
1292 916 1
1292 1056 1
1431 1029 1
1431 325 1
1431 1193 1
1431 769 1
1431 767 1
1431 28 1
672 956 1
672 1581 1
1126 1541 1
730 454 1
883 39 1
883 846 1
883 1350 1
883 1542 1
883 426 1
1437 1045 1
364 59 1
1313 428 1
1313 132 1
1313 453 1
1313 551 1
831 511 1
712 328 1
712 1253 1
289 605 1
76 700 1
76 828 1
76 1447 1
162 371 1
162 1443 1
162 1517 1
162 614 1
162 539 1
162 622 1
162 1227 1
162 1466 1
1115 290 1
463 775 1
965 1613 1
1409 1150 1
181 940 1
181 1169 1
181 207 1
1281 1097 1
1281 871 1
496 714 1
496 262 1
496 1001 1
496 13 1
673 1008 1
582 1480 1
582 890 1
582 1341 1
447 1537 1
851 116 1
851 344 1
772 350 1
540 1289 1
1138 1528 1
560 718 1
1567 597 1
471 1391 1
471 1409 1
1600 558 1
88 925 1
1597 1428 1
407 883 1
1182 1096 1
1592 980 1
414 508 1
1467 1398 1
1595 778 1
600 1277 1
427 790 1
1229 862 1
1206 1393 1
348 1126 1
1049 742 1
710 642 1
460 193 1
105 31 1
1159 1298 1
1378 1331 1
1546 992 1
487 1236 1
1054 251 1
507 1200 1
1496 589 1
1374 1431 1
535 102 1
535 188 1
213 959 1
1401 1505 1
632 753 1
954 1170 1
1276 417 1
1334 975 1
286 38 1
1454 852 1
627 100 1
834 395 1
230 76 1
346 1556 1
1079 552 1
789 1204 1
127 198 1
534 795 1
246 588 1
683 717 1
1529 542 1
1195 1437 1
668 463 1
300 183 1
931 1569 1
1483 919 1
816 1058 1
1506 491 1
1506 1326 1
1506 958 1
1031 376 1
1380 1005 1
335 810 1
1444 291 1
1094 1140 1
485 625 1
652 140 1
1247 353 1
1453 1246 1
313 1068 1
1272 1389 1
972 981 1
979 162 1
194 617 1
820 1123 1
803 636 1
218 93 1
785 724 1
1035 934 1
295 367 1
1199 1060 1
860 1044 1
1030 1080 1
1488 35 1
10 464 1
994 1522 1
1456 1589 1
191 1064 1
532 1419 1
72 1273 1
495 1084 1
138 694 1
138 910 1
1403 1194 1
1267 578 1
1157 74 1
476 357 1
49 1533 1
243 804 1
805 554 1
808 1534 1
247 1299 1
514 673 1
928 839 1
392 791 1
103 646 1
89 479 1
705 706 1
770 889 1
1026 381 1
1131 121 1
1090 1185 1
1399 150 1
695 1538 1
175 1516 1
1212 811 1
853 1313 1
746 971 1
1606 32 1
203 1297 1
1007 25 1
749 470 1
