215 45 1
211 100 1
272 80 1
79 282 1
246 12 1
71 3 1
206 85 1
206 17 1
206 165 1
206 112 1
206 221 1
206 154 1
206 268 1
206 10 1
206 120 1
206 133 1
206 132 1
206 195 1
206 81 1
75 278 1
75 22 1
18 42 1
18 199 1
233 130 1
4 253 1
222 125 1
279 294 1
283 254 1
196 156 1
196 191 1
166 28 1
166 269 1
287 60 1
289 227 1
200 291 1
155 172 1
87 206 1
19 77 1
175 277 1
54 3 1
119 111 1
64 164 1
69 121 1
93 72 1
226 43 1
36 147 1
259 202 1
160 149 1
234 219 1
184 223 1
168 188 1
142 101 1
224 129 1
213 38 1
267 280 1
186 187 1
186 26 1
44 5 1
44 201 1
44 159 1
44 194 1
44 35 1
44 251 1
73 110 1
232 105 1
257 23 1
13 146 1
183 122 1
66 173 1
102 243 1
74 61 1
228 127 1
247 137 1
113 114 1
288 29 1
90 264 1
83 123 1
6 92 1
124 270 1
124 248 1
124 229 1
37 245 1
115 34 1
167 20 1
249 235 1
177 173 1
274 266 1
197 40 1
151 261 1
150 176 1
216 103 1
1 49 1
32 65 1
191 134 1
24 284 1
67 107 1
59 169 1
143 217 1
143 238 1
181 124 1
241 46 1
47 256 1
108 56 1
109 186 1
131 91 1
260 95 1
198 21 1
162 220 1
293 230 1
265 84 1
128 106 1
128 30 1
128 170 1
244 209 1
275 62 1
138 290 1
117 94 1
117 210 1
117 185 1
63 252 1
231 208 1
231 128 1
68 276 1
15 235 1
2 126 1
157 42 1
89 7 1
190 78 1
206 135 1
206 82 1
186 271 1
191 192 1
128 39 1
123 33 1
123 178 1
123 281 1
43 27 1
43 258 1
239 273 1
58 225 1
236 50 1
218 203 1
218 166 1
218 101 1
86 44 1
86 25 1
152 214 1
158 51 1
158 136 1
98 16 1
76 288 1
174 11 1
179 139 1
263 262 1
88 193 1
140 285 1
99 48 1
104 161 1
153 171 1
57 52 1
250 118 1
189 116 1
141 255 1
31 180 1
163 9 1
53 207 1
70 292 1
148 43 1
96 97 1
41 242 1
295 55 1
14 123 1
237 204 1
240 286 1
144 212 1
145 8 1
205 182 1
