3727 7183 1
3318 5302 1
3318 7566 1
5706 1070 1
5706 7079 1
5706 4274 1
5706 2184 1
5706 8916 1
5706 8704 1
5706 7270 1
5706 1647 1
5706 626 1
5706 5157 1
5706 5235 1
5706 9313 1
5706 9101 1
5706 2668 1
5706 3744 1
5706 1153 1
5706 5132 1
5706 7727 1
2589 2167 1
7811 643 1
4323 8726 1
8902 3338 1
2895 8764 1
2895 7190 1
2895 1957 1
2895 5592 1
3881 8953 1
4368 5616 1
4368 2188 1
4368 4913 1
4368 7616 1
4368 3189 1
4368 3979 1
8179 4750 1
8179 1296 1
8179 1005 1
9441 7963 1
3547 4261 1
1670 8118 1
7470 506 1
7470 7097 1
7470 1107 1
5755 6703 1
6228 758 1
9455 7247 1
1836 9004 1
475 7873 1
8026 4517 1
9017 5420 1
9422 879 1
4250 8315 1
6234 7284 1
8483 9529 1
8483 4296 1
8483 1133 1
8483 9264 1
8483 6727 1
8483 8555 1
7303 5996 1
2751 7413 1
2751 2797 1
8953 6978 1
8953 9127 1
456 7621 1
456 4016 1
456 4952 1
456 8121 1
456 4619 1
456 1000 1
2918 3708 1
5730 1696 1
8730 4025 1
8730 7363 1
8730 6377 1
8730 8168 1
8730 4723 1
8730 5764 1
5652 5676 1
3603 2061 1
7313 370 1
6430 3866 1
6430 1806 1
6430 7355 1
6430 1759 1
6430 7793 1
6430 5540 1
4904 2850 1
7714 599 1
7714 4978 1
7714 3684 1
3994 4700 1
3994 3419 1
8054 8000 1
8054 4125 1
2858 8738 1
6058 6679 1
3901 1433 1
2691 3471 1
6522 6402 1
6522 7001 1
6522 3487 1
6522 9365 1
6522 1690 1
6522 8843 1
6522 9535 1
6522 7585 1
6522 2476 1
6522 1952 1
6522 6189 1
6522 1947 1
6522 4658 1
6522 6826 1
6522 1574 1
6522 8278 1
6522 5261 1
6522 750 1
8024 6190 1
8024 868 1
3613 1580 1
8806 4298 1
4072 6721 1
4072 7623 1
870 428 1
870 4003 1
870 1060 1
7348 8261 1
8358 2718 1
8358 9616 1
8358 6271 1
8358 9547 1
7090 7766 1
198 1244 1
288 8619 1
5555 6571 1
1364 2220 1
1364 5964 1
1364 1339 1
1364 8516 1
1364 1767 1
1364 4924 1
1364 8466 1
1364 1250 1
1364 3467 1
1364 766 1
1364 6989 1
1364 1185 1
1364 7065 1
1364 3800 1
1364 6958 1
2906 5033 1
1440 8276 1
3006 6209 1
3006 4777 1
3006 8803 1
3006 4329 1
3006 6215 1
3006 3834 1
3006 8456 1
3006 1425 1
3006 7784 1
3006 8445 1
6240 1796 1
269 8198 1
7086 9623 1
768 6327 1
5778 6686 1
3964 6405 1
3964 482 1
7300 9434 1
7300 4128 1
7300 5960 1
7300 5696 1
7300 2623 1
3330 5891 1
2981 5142 1
2981 6475 1
2981 7057 1
2981 7222 1
4579 212 1
4579 1531 1
4579 5864 1
4579 5249 1
4579 3514 1
4579 4455 1
4579 5277 1
4579 7612 1
4579 9380 1
4579 4868 1
4579 7517 1
4579 8620 1
4579 7290 1
4579 8928 1
4579 7404 1
7575 8489 1
7575 1388 1
7575 5377 1
7575 737 1
7575 2807 1
5628 1685 1
6303 8469 1
3395 3428 1
3395 3830 1
5712 8130 1
5712 9536 1
7343 2909 1
9075 823 1
2525 4238 1
1788 4902 1
1788 6979 1
8979 9494 1
9545 3395 1
1320 5890 1
1320 6188 1
1320 8901 1
1320 5548 1
1320 3703 1
1320 6278 1
1320 135 1
969 3531 1
6878 629 1
6120 4826 1
6120 4171 1
7216 2502 1
5307 6662 1
6907 7671 1
8186 8952 1
1965 3593 1
9082 7288 1
9082 6982 1
9082 1277 1
9082 5817 1
9082 2235 1
9082 8596 1
9082 3251 1
9082 5599 1
9082 690 1
8721 7989 1
8721 5647 1
9453 5327 1
311 4520 1
7871 193 1
7871 81 1
7871 8542 1
6235 8286 1
2068 3728 1
2068 8115 1
4087 7062 1
4087 6137 1
4087 1488 1
4087 5072 1
4087 3204 1
8557 2000 1
8557 2843 1
8557 5781 1
8557 7530 1
8557 9303 1
8557 7991 1
8557 6647 1
8557 3176 1
8557 9002 1
8557 639 1
8557 6761 1
8557 2792 1
7001 6550 1
7001 8774 1
7001 6854 1
7001 6093 1
7001 8307 1
7001 6100 1
7001 4795 1
7001 2781 1
7001 1697 1
7001 144 1
7001 8845 1
7001 1662 1
7001 5019 1
7001 6194 1
7001 8390 1
7001 5761 1
7001 2467 1
7001 2771 1
7001 8746 1
7001 6329 1
7001 1365 1
7001 7179 1
7001 4101 1
7001 5183 1
7001 1787 1
7001 4303 1
7001 145 1
7001 2331 1
7001 594 1
7001 4375 1
7001 4452 1
7001 7846 1
8519 403 1
240 1148 1
240 5936 1
240 191 1
240 1804 1
240 5053 1
240 5544 1
240 5667 1
240 4942 1
9486 27 1
4487 6409 1
7519 5938 1
7519 1257 1
7519 3747 1
7519 5645 1
7519 526 1
7519 435 1
7519 7443 1
7519 5303 1
7519 5630 1
7519 7460 1
7519 8136 1
7519 1609 1
7519 1521 1
7519 7028 1
7519 5671 1
7519 7646 1
7519 2227 1
4928 4429 1
7550 1579 1
3451 7934 1
3451 856 1
5859 2290 1
5859 3823 1
7084 6737 1
3223 3240 1
2739 9255 1
2739 683 1
2739 6109 1
2739 876 1
452 8067 1
452 3733 1
9250 1581 1
9250 9328 1
9250 7697 1
9250 573 1
9250 4609 1
9250 2353 1
9250 9481 1
9250 7606 1
9250 7360 1
5759 2562 1
9178 3507 1
5446 6097 1
2551 9012 1
7532 4719 1
7132 7748 1
7132 7193 1
7132 5189 1
2287 5092 1
2287 9624 1
2287 6922 1
9327 8884 1
5775 1801 1
5299 6322 1
5299 3779 1
5299 1377 1
5299 1278 1
5299 4941 1
5299 8820 1
5299 5059 1
5299 4282 1
5299 9170 1
5299 2003 1
9468 9000 1
9468 9203 1
9468 6895 1
5899 9355 1
560 1768 1
560 8762 1
560 3284 1
560 9003 1
560 6367 1
2568 2016 1
4030 4666 1
8061 5476 1
8061 7268 1
513 2900 1
513 5017 1
513 7114 1
8815 1186 1
4845 2690 1
2088 1990 1
2088 8564 1
3861 765 1
2315 671 1
6646 1010 1
1481 5030 1
5792 9214 1
5792 6319 1
5792 4179 1
5792 3359 1
5792 1959 1
5792 8042 1
5792 8007 1
2944 4964 1
2944 7545 1
451 5686 1
451 369 1
279 1245 1
279 2148 1
8678 6500 1
6197 7438 1
8463 8970 1
8463 7418 1
5109 9415 1
3546 5844 1
3186 3847 1
3186 8471 1
3416 5179 1
3416 3464 1
3416 1570 1
3416 3190 1
3416 3082 1
3416 8228 1
3416 7080 1
3416 8030 1
4008 7876 1
4008 2836 1
4008 4007 1
4008 1505 1
4008 2107 1
7346 1832 1
2585 8647 1
4690 2195 1
4965 4447 1
4965 8660 1
4965 6688 1
4965 6464 1
4965 3341 1
4965 7637 1
4965 1733 1
4965 9173 1
4965 4667 1
4965 1100 1
4965 523 1
4965 9200 1
4965 8163 1
4965 2597 1
4965 6391 1
4965 1146 1
4965 4442 1
4965 6506 1
4965 5322 1
4965 9289 1
4965 6459 1
4965 6130 1
4965 8985 1
4965 6880 1
4965 2451 1
1458 6351 1
1458 3948 1
1458 128 1
1458 4620 1
1458 7815 1
4606 5766 1
9192 6750 1
8801 7081 1
8830 4937 1
7943 3477 1
1816 136 1
373 9406 1
5178 8348 1
5868 3246 1
3982 4322 1
2354 6817 1
3088 202 1
3069 4196 1
9600 7641 1
9600 6542 1
29 1805 1
29 5310 1
29 5454 1
29 5993 1
29 1525 1
29 1464 1
29 8874 1
29 4281 1
29 946 1
29 6462 1
2956 1949 1
5876 7699 1
5876 2224 1
5946 5364 1
5564 2081 1
8492 5614 1
8492 8159 1
5076 7094 1
2323 3861 1
2323 8603 1
2323 2907 1
2323 1595 1
2323 4496 1
2323 1449 1
2323 713 1
2323 1386 1
2323 2226 1
2323 2732 1
2323 8626 1
2323 7361 1
2323 7861 1
2323 4300 1
2323 275 1
2323 985 1
2323 6618 1
2323 4337 1
3938 7354 1
7183 5515 1
7183 1397 1
7183 2841 1
7183 7397 1
7183 6024 1
7183 5820 1
7183 7625 1
7183 2347 1
7183 6734 1
7183 2758 1
7183 6290 1
7183 5223 1
7183 7106 1
7183 5650 1
7183 5323 1
7441 7674 1
5441 7447 1
5441 6252 1
327 41 1
7167 1478 1
1986 5906 1
1986 4269 1
5266 7983 1
5266 3801 1
5266 8576 1
5266 1144 1
5266 2609 1
5266 5610 1
5266 4591 1
5266 3812 1
1871 7997 1
1871 6340 1
1871 3408 1
1871 2086 1
2248 6192 1
2248 124 1
2248 6152 1
2248 7632 1
1760 1452 1
8910 8012 1
4325 5111 1
4325 3757 1
4325 6079 1
4325 9473 1
4325 5836 1
4325 2194 1
4325 2078 1
4325 7835 1
4325 1288 1
4325 1308 1
2109 233 1
50 1155 1
8948 7829 1
3058 2709 1
8612 8421 1
8612 7635 1
7433 6704 1
6777 7906 1
6777 7277 1
6619 6527 1
6619 1862 1
6619 5535 1
6619 6134 1
6619 1743 1
6619 3060 1
6619 7716 1
6619 5625 1
6619 3386 1
6619 1223 1
6619 7796 1
6619 4290 1
6619 2340 1
6619 2325 1
6619 6196 1
6619 380 1
6619 4555 1
6619 3933 1
6619 918 1
2552 6361 1
2159 575 1
7652 4184 1
3097 2068 1
1737 5860 1
1737 2098 1
1737 7852 1
1737 2475 1
1737 8292 1
1737 2257 1
2519 5097 1
7449 877 1
496 6875 1
1982 3084 1
1982 7228 1
6281 8453 1
6726 7833 1
8392 3058 1
8392 5511 1
8392 5234 1
8392 3685 1
4503 1748 1
4503 4681 1
4503 7813 1
7940 5779 1
96 548 1
8126 9164 1
8126 6028 1
8126 9095 1
8126 8290 1
3693 5204 1
3693 4164 1
3693 472 1
3693 2383 1
7932 1649 1
4369 59 1
6697 3201 1
6697 1067 1
745 2961 1
5091 4946 1
5091 5333 1
5091 6230 1
2558 5841 1
3503 1884 1
8388 5078 1
6347 432 1
1830 9504 1
1830 1695 1
1830 8396 1
1830 49 1
1830 4982 1
1830 652 1
1830 7082 1
1830 6227 1
1830 8221 1
1830 8444 1
1830 5554 1
1830 7993 1
1830 3720 1
1830 4831 1
1830 3819 1
6803 7527 1
6037 1689 1
6037 6537 1
6037 7680 1
5537 6057 1
889 7817 1
3504 9544 1
3504 2694 1
7600 6592 1
7600 964 1
7600 9138 1
1122 5104 1
5246 1924 1
5246 6061 1
382 6180 1
382 705 1
382 4446 1
382 7684 1
382 957 1
382 5165 1
382 4732 1
382 220 1
2838 8690 1
4539 5701 1
9426 3400 1
4603 4388 1
4603 4711 1
4603 6512 1
4603 7157 1
4603 2385 1
4563 2268 1
4563 1909 1
4563 3473 1
4563 8027 1
4563 7930 1
4563 3010 1
1403 6336 1
1403 8039 1
2286 9451 1
2286 4644 1
2286 8004 1
2286 2539 1
2286 2091 1
4749 4310 1
4749 783 1
4749 5536 1
4749 7305 1
8811 7707 1
2677 5835 1
2677 5124 1
2677 4817 1
2677 9339 1
2677 5442 1
2677 2875 1
2677 1317 1
2677 1847 1
2677 6072 1
2677 4443 1
2677 1045 1
9026 2576 1
9026 2925 1
6156 2660 1
8818 7408 1
9461 9121 1
8532 3427 1
1974 4661 1
1974 6641 1
1974 6302 1
1974 6289 1
1974 6262 1
1974 6532 1
1974 4533 1
1974 3981 1
1974 2341 1
1974 7101 1
1974 2996 1
1974 561 1
1974 3667 1
1974 8951 1
1974 2180 1
1974 8615 1
1974 1814 1
1974 3488 1
1974 6485 1
3344 535 1
8598 8709 1
8598 5762 1
6406 4270 1
3777 9215 1
8305 5894 1
3108 9195 1
3108 1987 1
3108 4407 1
4971 8055 1
5009 3730 1
4998 5580 1
4998 6657 1
732 8650 1
2202 4832 1
7091 8863 1
6721 1839 1
6721 8038 1
6721 4108 1
6721 9152 1
3845 3317 1
3845 1336 1
3845 147 1
3845 4659 1
3845 7444 1
3845 9373 1
3845 1011 1
3845 1674 1
3845 3090 1
3845 2644 1
3845 4662 1
3845 7828 1
8091 7056 1
7027 2514 1
4279 2515 1
7368 6946 1
7368 5917 1
7368 933 1
7368 9100 1
7368 4188 1
7368 6021 1
3929 2985 1
3929 9009 1
4301 4350 1
1224 6950 1
4286 7492 1
7720 8365 1
7720 2522 1
7720 7074 1
7720 9601 1
7720 8246 1
7720 5459 1
7720 5598 1
7720 3 1
7720 1904 1
7720 1545 1
7720 2638 1
8853 9278 1
6295 1502 1
6295 6754 1
6295 7986 1
6295 6530 1
6295 4682 1
6295 6438 1
6295 134 1
6295 8854 1
6295 8960 1
6295 5726 1
6295 2628 1
8683 4989 1
3814 700 1
7547 1138 1
5847 146 1
2555 5360 1
2555 1284 1
2555 6589 1
2555 4540 1
2555 7499 1
2555 7394 1
2555 4899 1
8531 1205 1
6357 903 1
5131 1117 1
5131 4465 1
5131 2679 1
5131 8301 1
5131 4225 1
5131 4883 1
5131 2988 1
5131 4415 1
5131 4355 1
5131 2802 1
5131 7125 1
5131 8829 1
5131 469 1
5131 1691 1
5131 3489 1
5043 6177 1
2729 6579 1
3420 7504 1
3420 5511 1
3420 944 1
3420 6389 1
3420 4326 1
3420 8116 1
6112 821 1
2001 9106 1
2001 1154 1
2001 499 1
4077 1885 1
4077 4954 1
8160 8590 1
5393 2714 1
5393 3528 1
5393 8644 1
5393 5995 1
5393 4228 1
5393 1784 1
5393 8362 1
5393 6468 1
5393 3549 1
5393 7471 1
5393 8842 1
4117 7579 1
9342 63 1
9342 2212 1
9342 2366 1
9342 6144 1
1810 1016 1
4207 3028 1
4207 8856 1
17 2154 1
8094 2084 1
9263 241 1
7622 8100 1
7622 3594 1
5636 4008 1
5636 1539 1
5636 8663 1
5636 8965 1
5636 2603 1
5636 2746 1
5636 2602 1
5636 6598 1
5636 9016 1
5636 8210 1
5636 5122 1
6996 7009 1
3595 7071 1
1248 190 1
2313 1321 1
9361 2402 1
6876 4956 1
6876 5279 1
6876 7194 1
147 8447 1
7378 5199 1
7378 1446 1
7378 6756 1
6705 5833 1
7227 6038 1
7227 5576 1
7227 4818 1
4538 8657 1
4538 5401 1
6586 2782 1
6586 514 1
1524 9314 1
2225 8941 1
1339 2445 1
1339 7221 1
1339 5986 1
1339 5399 1
1339 2834 1
1339 2387 1
7658 4862 1
7658 9356 1
7658 4234 1
7658 3867 1
7658 1852 1
7658 898 1
7658 569 1
7658 3944 1
7658 6224 1
1314 2646 1
1314 1858 1
1314 1675 1
1314 371 1
5003 7539 1
1715 3913 1
385 6401 1
9308 2605 1
3323 6969 1
3323 1283 1
3323 7002 1
2432 7160 1
1963 2584 1
2231 8062 1
7032 8729 1
7032 6862 1
7032 2819 1
7032 4687 1
7032 4683 1
7032 7773 1
7032 7809 1
7032 2459 1
7032 4884 1
7032 2777 1
7032 2155 1
7032 8457 1
7032 3575 1
7032 6450 1
7032 5000 1
7032 2727 1
7032 2971 1
423 9435 1
9188 8484 1
4114 5048 1
4114 831 1
4114 2462 1
4114 8983 1
4114 4222 1
4114 1109 1
4114 7529 1
4114 1021 1
4114 5660 1
4114 6397 1
9573 2712 1
8495 6258 1
8495 5503 1
7490 4855 1
7490 8940 1
7490 6047 1
7490 6940 1
7490 767 1
7490 874 1
7490 6616 1
7490 1002 1
7490 6577 1
7490 8936 1
7490 5389 1
3224 5901 1
490 841 1
2032 3960 1
1194 8866 1
7202 8782 1
1558 764 1
2367 5900 1
3153 4640 1
353 3326 1
353 7326 1
539 8907 1
539 2685 1
7420 9401 1
7420 813 1
7420 5702 1
7420 787 1
7420 1789 1
7420 349 1
7420 98 1
7420 359 1
7420 7602 1
278 1568 1
8413 2051 1
8413 160 1
8413 4822 1
3243 3745 1
7693 2362 1
7693 5707 1
7693 2333 1
7693 4815 1
2240 7337 1
2240 1970 1
2240 2263 1
2240 866 1
2240 6778 1
2240 6981 1
2240 8631 1
2240 1330 1
2240 4599 1
2240 4596 1
2240 3475 1
2240 4081 1
2240 6525 1
2240 7847 1
6795 1352 1
6795 7504 1
6795 2659 1
6795 1620 1
3014 7515 1
4725 2837 1
1143 9051 1
9286 9542 1
8720 7663 1
7812 8740 1
7812 1859 1
7812 1268 1
7812 5293 1
7812 2076 1
7812 2172 1
7812 3535 1
7812 9210 1
2980 2632 1
1476 564 1
7130 2716 1
7130 4098 1
7130 8428 1
6630 3923 1
5137 2042 1
1313 6259 1
1313 6883 1
1313 7330 1
1313 6441 1
1659 4042 1
1659 4192 1
1659 9479 1
1659 474 1
1659 164 1
1659 384 1
1659 1642 1
1659 5590 1
2856 7423 1
2856 1399 1
2856 38 1
2856 3545 1
2856 9056 1
2679 8112 1
2679 3975 1
2679 4361 1
2679 9105 1
2679 5212 1
7910 796 1
7910 6127 1
7910 5518 1
7910 5694 1
7910 69 1
7910 7888 1
7910 7569 1
7910 7803 1
4909 2186 1
8693 1262 1
8693 1809 1
8693 4099 1
8693 1254 1
8693 1431 1
8693 4936 1
8693 541 1
8693 8089 1
8693 7972 1
8693 3559 1
8693 3591 1
8693 3893 1
8693 3241 1
8693 9136 1
8693 5874 1
8693 3578 1
8693 7701 1
8693 9018 1
8693 1596 1
8693 5848 1
8693 4402 1
8852 8529 1
572 3526 1
4331 9004 1
1497 4590 1
1497 6552 1
1497 8493 1
5294 3490 1
5294 5733 1
2859 5081 1
1652 3349 1
1652 6048 1
7475 4945 1
7475 570 1
4890 4730 1
5508 5443 1
121 6644 1
6888 9089 1
6888 8238 1
6888 2163 1
4242 4839 1
4242 3987 1
4242 1597 1
4242 7330 1
3087 3218 1
7170 234 1
6708 552 1
3165 530 1
3165 1042 1
3165 6870 1
3165 6748 1
3165 4802 1
3165 1928 1
3165 1172 1
3165 1850 1
4430 7400 1
1034 1127 1
6470 4260 1
5392 796 1
6961 7565 1
6961 406 1
2092 3852 1
2092 7926 1
6214 3009 1
6214 8534 1
6214 105 1
8817 9560 1
2048 2854 1
4082 4558 1
9204 7542 1
9204 2198 1
9068 107 1
8744 2984 1
2518 3360 1
2518 7581 1
2518 5062 1
2518 2210 1
2518 8389 1
2518 3846 1
2518 9358 1
2518 4143 1
8614 5880 1
1919 2283 1
5238 7571 1
5238 8318 1
5238 4867 1
5238 8857 1
5238 848 1
5238 8923 1
5238 4505 1
5238 1879 1
5238 5252 1
2652 1936 1
2652 111 1
2652 3611 1
9442 7328 1
7570 631 1
1307 6791 1
1989 6625 1
5164 9513 1
5164 8594 1
1992 8779 1
6204 6191 1
6204 5093 1
1498 410 1
1498 5556 1
2203 9237 1
2203 4821 1
967 5896 1
967 6612 1
967 8157 1
945 9471 1
945 3226 1
945 1893 1
945 3498 1
945 6005 1
945 7491 1
945 2891 1
945 8227 1
945 8461 1
945 7601 1
945 4249 1
945 8195 1
945 5601 1
945 8625 1
945 3902 1
945 5185 1
945 7836 1
945 8482 1
945 4858 1
945 1797 1
945 6853 1
945 3624 1
945 3670 1
945 211 1
945 6309 1
945 1293 1
945 7372 1
945 1483 1
945 2147 1
4436 1229 1
290 6879 1
290 4581 1
9287 1347 1
7531 5828 1
7531 8306 1
7531 7151 1
7531 4981 1
7531 5882 1
7531 12 1
7531 5198 1
7531 8876 1
7531 6096 1
2701 2884 1
5055 5937 1
7279 73 1
4422 2336 1
7105 2296 1
7105 9590 1
2344 1477 1
5559 5969 1
6022 3128 1
4522 4606 1
800 8502 1
5751 8896 1
813 562 1
2954 5259 1
2954 1676 1
2954 2189 1
2954 7878 1
2954 3280 1
324 4230 1
5533 8733 1
3677 3452 1
9458 5739 1
997 2371 1
2940 2056 1
296 7668 1
296 4502 1
296 1183 1
296 857 1
6128 7109 1
5681 9578 1
4015 3872 1
3425 5546 1
3425 1136 1
3425 5695 1
3425 4040 1
3425 7705 1
3425 4675 1
3425 9622 1
3425 346 1
3425 1170 1
3425 4289 1
3425 2427 1
3543 7063 1
3543 7670 1
3543 1215 1
3543 2932 1
3543 1473 1
919 7543 1
919 181 1
919 3289 1
9020 9565 1
9020 8005 1
5837 8113 1
5837 5347 1
5837 9163 1
5837 8297 1
5837 6419 1
5837 7834 1
5837 3525 1
8610 7257 1
2574 9295 1
2465 3898 1
839 9464 1
839 8014 1
839 5879 1
839 2540 1
839 956 1
839 2307 1
839 1626 1
839 2085 1
839 3404 1
839 1566 1
839 3887 1
839 3892 1
839 6449 1
839 6184 1
839 1988 1
839 1738 1
839 392 1
4100 1586 1
4100 2030 1
9439 7186 1
4777 2406 1
4777 2106 1
4777 4760 1
4777 725 1
4777 3205 1
7052 1785 1
3297 9141 1
8203 7961 1
8203 3739 1
8203 3344 1
8203 6517 1
8203 3483 1
8203 5799 1
8203 3150 1
8203 577 1
8203 9146 1
2455 4124 1
2455 3112 1
2455 2399 1
2455 5527 1
2455 5382 1
2455 1370 1
2455 4957 1
2455 5869 1
2455 3664 1
2455 1327 1
2455 1756 1
2455 331 1
2455 746 1
2455 1683 1
2455 1917 1
2455 3041 1
2455 678 1
1217 3989 1
2885 5827 1
2885 8215 1
2885 3690 1
2885 1428 1
2885 276 1
2885 2867 1
2885 6710 1
2885 2420 1
2885 6348 1
2885 7967 1
2885 6001 1
8823 4933 1
4543 3815 1
1209 8357 1
5255 296 1
5255 2320 1
5255 2614 1
5255 5496 1
5255 2201 1
8933 8418 1
9582 4853 1
4194 353 1
4194 8053 1
4194 8587 1
4194 5187 1
8239 6388 1
1999 4755 1
1999 323 1
1104 9448 1
8866 6526 1
8866 4266 1
8866 1085 1
8866 9301 1
8866 2743 1
8866 7824 1
6555 9202 1
6555 247 1
6555 374 1
6555 5435 1
6555 9179 1
6555 6959 1
9492 5 1
3972 3170 1
7609 4373 1
7609 3838 1
7609 3520 1
9087 5040 1
8649 4485 1
8649 4958 1
8649 3627 1
4239 9548 1
4239 5151 1
4239 3605 1
4239 7294 1
4239 6898 1
4239 8081 1
8523 4518 1
8523 1118 1
531 3131 1
531 356 1
531 174 1
531 1925 1
531 1655 1
531 620 1
531 5135 1
531 8765 1
531 5391 1
531 7295 1
531 1035 1
531 7129 1
531 2165 1
345 943 1
345 1177 1
970 907 1
970 7223 1
291 6709 1
291 7948 1
291 6728 1
291 7357 1
291 1048 1
9299 1710 1
9299 2731 1
9299 778 1
9299 6331 1
9299 6682 1
9299 9193 1
9299 5525 1
9299 628 1
9299 4524 1
9299 6479 1
9299 1716 1
106 635 1
7138 6753 1
7973 3822 1
761 2286 1
7700 2927 1
7700 930 1
7730 8538 1
4736 9305 1
4120 7533 1
520 1762 1
1150 8078 1
6040 7395 1
6262 4457 1
2973 413 1
4148 1246 1
2320 6928 1
2320 8197 1
8992 3729 1
8992 7094 1
8992 6467 1
2945 7036 1
2945 454 1
2945 2518 1
2945 7654 1
2945 4305 1
2945 2418 1
2945 8275 1
2945 1190 1
2945 3269 1
2945 1234 1
9218 2950 1
9218 3723 1
660 966 1
660 4999 1
660 1616 1
660 9150 1
660 645 1
660 4208 1
660 7676 1
2208 118 1
2208 7210 1
2208 3145 1
2208 3501 1
2208 2528 1
2208 784 1
2208 3029 1
2208 3598 1
2208 3328 1
2208 6877 1
2208 4871 1
2208 2074 1
2208 414 1
2208 8937 1
8750 5477 1
8750 5296 1
8750 1915 1
8750 3268 1
8750 1086 1
1898 6843 1
185 418 1
5664 4654 1
3914 6313 1
8793 5567 1
8793 8543 1
8793 6443 1
3211 1770 1
3211 2243 1
3211 7913 1
3211 1031 1
5421 1022 1
9048 1815 1
5126 4597 1
7428 333 1
7428 5286 1
7428 7909 1
7428 8235 1
7428 4963 1
7428 5329 1
7428 2656 1
4256 5924 1
6288 7083 1
1279 8211 1
2219 5829 1
8864 9348 1
8864 2881 1
8864 294 1
8864 2812 1
8864 3783 1
8864 6007 1
8864 9414 1
6185 5376 1
6185 706 1
6185 8501 1
6185 4805 1
6185 8049 1
6185 8331 1
6185 440 1
6185 8900 1
401 7868 1
401 7885 1
401 2357 1
2198 7085 1
2198 1232 1
2198 1500 1
2198 13 1
2198 4872 1
2198 525 1
4790 5289 1
4790 9340 1
4790 2786 1
4790 1134 1
4790 2182 1
2430 7019 1
8476 834 1
6970 6036 1
6970 385 1
6970 6349 1
6970 40 1
6970 591 1
6970 1119 1
6970 4580 1
6970 9049 1
6970 8258 1
6970 2437 1
6970 4787 1
6970 8252 1
6970 7981 1
6913 4394 1
621 3717 1
3348 3062 1
7689 9184 1
2965 8241 1
2965 3324 1
9038 4265 1
3600 631 1
1479 9499 1
1479 3620 1
1479 5526 1
1479 2811 1
1479 613 1
1479 837 1
1479 2136 1
1479 4134 1
1479 5665 1
1479 3342 1
1479 5133 1
1479 6652 1
1343 2748 1
1343 5290 1
1343 1632 1
1343 3680 1
1343 3987 1
1343 1807 1
1343 1597 1
1343 9145 1
1343 6844 1
367 4180 1
367 7098 1
367 2572 1
367 2378 1
367 6673 1
367 7825 1
367 8455 1
367 8099 1
367 315 1
367 3958 1
367 7987 1
367 248 1
367 5805 1
367 172 1
367 8520 1
367 6963 1
367 1742 1
1843 2228 1
1843 250 1
1843 7153 1
1843 6975 1
1843 2776 1
7610 7522 1
7610 7429 1
3634 2751 1
3634 5489 1
3634 6214 1
3634 7723 1
3634 6379 1
3634 1693 1
4677 5557 1
6455 7808 1
6808 7924 1
3098 6298 1
1721 3138 1
2634 2999 1
2634 2680 1
2676 2987 1
7477 8753 1
7477 2121 1
1350 2524 1
1350 5784 1
8560 2308 1
6847 8926 1
5978 2569 1
8320 8664 1
3632 1810 1
7009 1149 1
7009 2144 1
7009 929 1
7009 738 1
7009 4157 1
7009 2629 1
7009 6667 1
1726 8233 1
4136 5465 1
3604 8083 1
8682 6856 1
1618 1723 1
7099 2280 1
6122 7107 1
6122 3694 1
1054 5409 1
2728 3089 1
2728 926 1
2728 4600 1
2728 8758 1
2728 4592 1
2728 815 1
2728 1018 1
1669 1073 1
1669 4574 1
1669 3760 1
1669 2490 1
1669 6155 1
8120 4668 1
8821 5003 1
5170 8545 1
4043 2222 1
1274 3976 1
2212 2901 1
2212 6677 1
2212 9410 1
2212 5851 1
2212 2036 1
6310 3486 1
2057 4307 1
3110 4159 1
9246 5779 1
5965 5378 1
4477 7927 1
1984 4819 1
5948 5753 1
3287 3506 1
4236 1781 1
5046 695 1
2757 1014 1
1009 2787 1
5341 5308 1
8253 2369 1
8253 1017 1
8253 4090 1
8253 8883 1
8253 6186 1
8253 3004 1
8253 7821 1
8253 5060 1
8253 509 1
8253 6576 1
8253 4827 1
825 5271 1
2007 8984 1
627 5721 1
4293 3199 1
4293 2272 1
4293 6497 1
689 7556 1
5748 9031 1
2022 223 1
3766 5939 1
8439 908 1
6206 7921 1
3660 1945 1
6117 5750 1
6323 2254 1
6323 4722 1
8188 1405 1
8188 6063 1
9157 8046 1
1792 9511 1
9212 6787 1
1096 8974 1
1096 8180 1
1096 3749 1
4317 430 1
756 8742 1
756 9251 1
756 9063 1
8961 6088 1
2496 5338 1
2496 7980 1
2496 8375 1
2496 3180 1
2496 851 1
2496 3478 1
2496 835 1
5637 8205 1
5637 9570 1
5637 8191 1
4875 347 1
5417 8064 1
5417 8535 1
2736 3617 1
4506 6104 1
3759 1494 1
3759 864 1
4510 519 1
5418 6260 1
5418 7822 1
5418 3292 1
3592 2337 1
3592 5615 1
8715 204 1
3339 1276 1
3339 3376 1
3339 5976 1
2692 8063 1
6740 1516 1
3652 3370 1
4262 2826 1
4262 5469 1
6048 4054 1
6048 7506 1
6048 7744 1
6048 4451 1
6048 6751 1
6048 6740 1
6048 7116 1
6048 3910 1
6048 2277 1
6048 1636 1
6048 2824 1
6048 4793 1
6048 7018 1
6048 3334 1
6048 8068 1
6048 391 1
6048 4674 1
2566 127 1
1112 1326 1
1112 5646 1
1112 6707 1
1112 1979 1
1112 1319 1
1112 7096 1
7708 8801 1
7708 4226 1
3482 4642 1
2695 2060 1
6465 4061 1
6465 488 1
6465 2345 1
6465 7112 1
6465 5094 1
6465 8540 1
6465 7314 1
6465 9371 1
6465 2415 1
6465 8599 1
6465 3437 1
6465 6980 1
6465 5110 1
6465 2917 1
6465 1175 1
6514 4253 1
7041 3966 1
7010 6763 1
5366 1373 1
5366 6420 1
5366 7947 1
3335 7226 1
8563 9133 1
4045 3829 1
2564 2939 1
2564 7937 1
2564 1184 1
2564 8259 1
2564 4940 1
2564 3644 1
7643 3337 1
9387 8899 1
4521 3160 1
4521 1520 1
4521 4626 1
1375 7633 1
5952 8010 1
5952 909 1
5952 6554 1
5952 5195 1
5952 7977 1
5952 8373 1
5952 3998 1
8955 2738 1
8955 5731 1
8955 6687 1
8955 316 1
8913 1537 1
8913 5581 1
6150 5285 1
4680 5816 1
4680 7023 1
4680 1803 1
6885 8023 1
5606 167 1
5606 5213 1
5606 3886 1
5346 536 1
5334 3965 1
5729 6984 1
5729 6890 1
6553 9469 1
1042 4781 1
1042 4813 1
1042 5639 1
1042 3123 1
1042 5007 1
1042 3612 1
2251 8435 1
1506 7988 1
1506 95 1
1506 6205 1
7364 7249 1
707 312 1
1821 2361 1
1821 6035 1
1821 4806 1
1821 4172 1
1821 716 1
1821 3748 1
1821 4578 1
1821 2764 1
1821 3984 1
1821 8108 1
1821 5075 1
1821 7890 1
1821 1950 1
1821 8404 1
1821 9417 1
4785 7776 1
7377 8352 1
9534 260 1
9534 5318 1
7752 1378 1
7752 3162 1
7752 6276 1
9088 6087 1
4330 1630 1
4917 2026 1
4917 2164 1
8469 2472 1
8469 8875 1
8469 6661 1
8469 7682 1
6862 9129 1
6862 7248 1
6862 3140 1
6862 1025 1
6862 5486 1
6862 2920 1
6862 1974 1
6862 6565 1
6862 2664 1
6862 2682 1
6862 9046 1
6862 9518 1
6862 196 1
6862 3424 1
6862 7862 1
6862 6681 1
6862 9593 1
6862 8472 1
6862 899 1
6862 8154 1
6862 1538 1
6862 6477 1
6862 1997 1
589 2440 1
589 2133 1
589 8769 1
589 9267 1
589 1197 1
589 7146 1
589 878 1
589 4362 1
589 8321 1
589 6282 1
589 6386 1
589 8477 1
589 3874 1
589 8460 1
4737 5188 1
7883 6529 1
5004 361 1
5004 7844 1
6125 2669 1
487 4482 1
3919 7712 1
3919 6812 1
3919 6690 1
3919 3358 1
3919 4028 1
3919 1303 1
3919 4383 1
3919 6483 1
3919 6418 1
3919 3736 1
3919 836 1
3919 4994 1
3919 6429 1
8981 2020 1
8981 9595 1
261 7470 1
2300 2384 1
3483 6724 1
3483 2874 1
491 298 1
1905 1124 1
3737 80 1
2570 3235 1
2570 850 1
2570 442 1
2570 2726 1
2570 7287 1
4280 7588 1
9617 7177 1
1128 7879 1
1128 2470 1
1128 1627 1
1128 3237 1
1128 8051 1
1128 3121 1
4492 8542 1
8601 7204 1
8601 1249 1
8270 4372 1
3308 4560 1
3588 332 1
3588 4584 1
1818 5945 1
7918 5593 1
1658 5626 1
2411 595 1
2411 5846 1
2411 3581 1
2411 7617 1
493 8688 1
9454 4395 1
1402 811 1
1402 5705 1
4440 8366 1
1782 3628 1
272 3663 1
272 9166 1
7623 6146 1
6133 9480 1
6133 8208 1
4784 4489 1
4784 7238 1
4784 8350 1
4784 251 1
6831 5926 1
7314 6473 1
7314 9064 1
7314 186 1
7314 4410 1
4678 9159 1
5653 6170 1
4985 5197 1
9328 4676 1
9328 3502 1
1849 7245 1
8725 4807 1
2263 9262 1
2263 3909 1
2263 773 1
2263 3709 1
2263 2478 1
2263 2765 1
2263 4115 1
2263 2995 1
2263 4950 1
4919 9423 1
4919 2587 1
4919 4448 1
2620 1637 1
263 1641 1
4193 2251 1
4193 6624 1
4193 4168 1
1619 2504 1
1619 8524 1
1619 650 1
1619 854 1
2034 8807 1
8035 5838 1
1259 1122 1
1259 2382 1
1259 6741 1
1259 2491 1
1259 7769 1
1259 666 1
1259 1064 1
1259 426 1
1259 3562 1
1259 2067 1
1916 5407 1
5201 461 1
5201 5744 1
5201 2778 1
5201 3294 1
6960 9497 1
6960 415 1
6960 5632 1
2538 1969 1
2538 6358 1
1962 1554 1
1962 6233 1
1962 8385 1
1962 3572 1
3409 5802 1
3618 4386 1
314 1128 1
2832 1929 1
8635 4146 1
5150 797 1
5150 8283 1
5150 2217 1
5150 3222 1
5150 3392 1
5150 5101 1
5150 4766 1
5150 1340 1
5150 7587 1
3152 1736 1
6701 598 1
6701 2943 1
6701 466 1
6701 7768 1
6701 6210 1
6701 1556 1
6701 3843 1
6701 7181 1
6701 1687 1
7798 5884 1
7798 4824 1
7798 5758 1
4119 6369 1
2019 2615 1
2770 6903 1
6257 5560 1
6097 1612 1
6097 8791 1
5249 8248 1
4697 4009 1
4697 6062 1
4697 2055 1
4697 2487 1
4697 4091 1
4697 2433 1
540 2464 1
540 3775 1
540 2496 1
540 9053 1
540 334 1
540 8677 1
540 8795 1
540 3537 1
540 1357 1
540 708 1
540 6440 1
540 4018 1
540 3564 1
540 5648 1
540 7647 1
36 326 1
36 6602 1
7671 4145 1
792 8087 1
792 4211 1
792 8566 1
792 6696 1
9586 6733 1
9586 3242 1
9586 6050 1
9586 5232 1
9586 4285 1
9586 6098 1
9586 6650 1
9586 342 1
9586 3421 1
9586 6181 1
9586 7375 1
9586 4494 1
9586 2592 1
4347 6373 1
4347 4389 1
4347 7090 1
4347 5787 1
4347 3309 1
4347 9554 1
4347 1159 1
7321 2904 1
7321 373 1
7321 7420 1
7321 8411 1
7321 3050 1
7321 8995 1
7321 8697 1
7321 6935 1
7321 8617 1
7321 3228 1
7321 7854 1
7321 4288 1
7321 5718 1
7321 2244 1
7321 4915 1
7321 2278 1
5370 5724 1
7614 3188 1
6263 7474 1
1908 7720 1
5120 6726 1
5120 8126 1
5120 6406 1
5120 9153 1
5120 3592 1
5120 8082 1
5120 302 1
5120 3584 1
2731 4368 1
2731 8302 1
2731 6909 1
2731 3431 1
2731 2977 1
2731 2902 1
2731 5023 1
2731 845 1
2731 1191 1
2731 8255 1
2731 8176 1
2731 5909 1
2731 8393 1
2731 8963 1
4078 2554 1
4078 6031 1
4078 1719 1
4078 1591 1
8174 6177 1
6261 8698 1
6261 861 1
6261 5115 1
6261 8243 1
6261 5342 1
7582 467 1
53 3109 1
53 9288 1
53 4417 1
53 7660 1
53 235 1
53 1783 1
53 9488 1
53 6873 1
53 693 1
53 1300 1
53 9302 1
53 2542 1
53 8634 1
3101 7692 1
4693 4882 1
4693 8309 1
4693 7008 1
4693 801 1
4693 1623 1
4693 4796 1
4693 9270 1
344 7785 1
7594 8505 1
4616 7696 1
4616 2441 1
4616 566 1
4616 3573 1
4616 9244 1
4616 8792 1
4616 9010 1
4616 2803 1
4616 6017 1
4616 5128 1
4616 2894 1
4616 3891 1
4616 8662 1
3008 8119 1
4748 3621 1
1418 2419 1
4509 1015 1
6059 4349 1
2606 5620 1
6991 6390 1
962 3355 1
962 4071 1
962 1460 1
962 1445 1
5582 6636 1
6707 5139 1
6707 463 1
6325 3653 1
6325 227 1
937 630 1
937 2501 1
937 9013 1
937 3505 1
937 2801 1
937 838 1
937 3086 1
937 3047 1
4694 7590 1
4694 8877 1
3271 3402 1
2418 5190 1
2418 4180 1
2418 7992 1
2418 1323 1
2418 5429 1
2418 1427 1
2418 4776 1
2418 6976 1
2418 843 1
2418 5180 1
2418 7220 1
7521 3463 1
2614 6447 1
6486 524 1
6486 4057 1
6486 6905 1
6486 7016 1
6486 9584 1
6486 6160 1
9510 1160 1
2138 6029 1
2138 4938 1
3883 4419 1
2160 3724 1
217 5691 1
6107 2624 1
7856 7381 1
1501 2274 1
6284 4901 1
4634 8059 1
8637 2710 1
8637 2612 1
4577 6163 1
6341 6971 1
6341 4044 1
6341 4874 1
3885 5999 1
5175 2129 1
2174 4720 1
9236 9211 1
1644 5509 1
1644 6663 1
1644 5457 1
1990 5461 1
1990 3524 1
1990 7971 1
5404 8036 1
6659 6954 1
6245 959 1
6700 1242 1
9130 2483 1
5735 6018 1
2649 1846 1
5084 2108 1
3650 9344 1
3143 3862 1
470 6207 1
470 8249 1
470 3125 1
1145 3629 1
8551 938 1
8551 7546 1
7152 6239 1
9253 303 1
5216 7814 1
5325 9107 1
8082 3103 1
8082 1522 1
8082 9247 1
8082 7901 1
8082 5287 1
8082 1901 1
8082 8653 1
8082 1380 1
8082 4653 1
8082 3458 1
8082 7403 1
8082 699 1
8082 2986 1
8082 7667 1
8082 6195 1
8082 5892 1
8082 2346 1
8082 5697 1
8082 6560 1
8082 2332 1
8082 2234 1
8082 377 1
8082 1975 1
8082 9362 1
8082 1211 1
8082 8643 1
8082 437 1
8082 7728 1
8082 2630 1
8082 1106 1
8082 88 1
8082 9583 1
9215 5488 1
9215 2168 1
9215 4324 1
9215 4761 1
7945 3848 1
591 5531 1
591 6827 1
591 8125 1
591 4585 1
591 9509 1
591 4215 1
591 5406 1
591 5773 1
3855 3532 1
3412 4765 1
6338 1639 1
6338 8152 1
6338 7209 1
1646 7721 1
1646 8530 1
1646 9183 1
1646 4426 1
1646 6566 1
8605 3181 1
1322 8114 1
1322 3438 1
1322 8494 1
1322 7258 1
1527 4865 1
3924 4284 1
9196 1281 1
8968 2715 1
4820 9026 1
2928 3177 1
2928 3339 1
2422 7584 1
2422 6318 1
2422 9476 1
2422 6456 1
2422 7020 1
2422 5886 1
2422 9330 1
2422 2556 1
2422 7461 1
2422 4786 1
1065 8123 1
1065 9505 1
7816 2049 1
170 3461 1
3582 9315 1
1302 9592 1
1302 3831 1
1302 1088 1
1302 5262 1
2533 3606 1
7200 241 1
1515 399 1
1515 1199 1
1515 3078 1
1515 1610 1
1515 378 1
1515 3602 1
1515 7761 1
1515 1967 1
1515 3725 1
2773 7532 1
2773 9040 1
2773 500 1
8245 7618 1
4495 1877 1
4095 9555 1
2209 5045 1
3356 6301 1
232 6832 1
232 5298 1
232 7058 1
232 9045 1
232 5813 1
911 1524 1
3586 1819 1
3586 4425 1
3586 6917 1
3586 9559 1
3586 9285 1
3586 9281 1
3586 7514 1
3586 5152 1
3586 7462 1
3586 4001 1
3586 3996 1
3586 6304 1
3586 4189 1
3586 3479 1
3586 2017 1
3586 6567 1
5765 1482 1
3471 2206 1
3471 2413 1
2622 4078 1
6624 2001 1
6624 9551 1
6624 112 1
6624 330 1
6624 1935 1
6624 7501 1
6624 3266 1
6624 1562 1
6624 155 1
6624 6536 1
1937 484 1
8473 4318 1
8473 2586 1
8775 3446 1
8775 4656 1
2476 2748 1
2476 5504 1
2476 2779 1
2476 4839 1
2476 5578 1
2476 5998 1
2476 1313 1
2476 3758 1
2476 9391 1
2476 2059 1
2476 8602 1
2476 1865 1
2476 6392 1
2476 3987 1
2476 8370 1
2476 3889 1
2476 6805 1
2476 1597 1
2476 6883 1
2476 7330 1
2476 637 1
2476 4161 1
2476 1972 1
2476 6016 1
2476 2311 1
2476 3107 1
2476 5146 1
2476 1834 1
2476 6844 1
2476 4432 1
2476 2176 1
2476 7135 1
2476 8417 1
2476 1400 1
9489 3743 1
9489 906 1
9489 4885 1
9489 7925 1
9489 8691 1
9489 2839 1
6866 2855 1
6866 4959 1
6866 1749 1
6866 4022 1
6866 4632 1
6866 7523 1
6866 4320 1
6866 2008 1
6866 2868 1
6866 5077 1
6866 2275 1
9076 3533 1
6953 7838 1
6953 5675 1
6953 6821 1
6953 3786 1
6953 2951 1
6953 3859 1
6953 2145 1
6953 6654 1
6953 2114 1
6953 4472 1
6953 3468 1
6953 2745 1
6953 632 1
6953 7456 1
6953 913 1
6953 1994 1
6953 4557 1
6953 268 1
6953 3788 1
6953 7966 1
8367 131 1
8367 6966 1
8367 3484 1
6972 8107 1
6972 2205 1
6972 3301 1
2489 4534 1
2352 1504 1
2205 5471 1
2205 396 1
2205 8844 1
2205 625 1
2205 6939 1
2205 3784 1
2205 9403 1
7655 2625 1
7655 1411 1
445 2827 1
5571 7013 1
102 1509 1
6572 9561 1
3255 2643 1
3255 2389 1
3255 6575 1
3255 4703 1
3255 1688 1
3255 7965 1
6454 9350 1
6454 2479 1
483 152 1
7336 7480 1
7336 8364 1
7336 2870 1
5034 5928 1
3273 1366 1
8414 3044 1
8414 651 1
4688 1873 1
4688 5416 1
7067 3166 1
7067 5106 1
7280 6916 1
8162 756 1
3054 9307 1
1842 3310 1
1842 3918 1
1842 636 1
1842 7262 1
1842 6691 1
7184 7032 1
334 2140 1
334 1447 1
4999 7725 1
4999 7949 1
4999 7217 1
4999 9041 1
6252 7265 1
6252 9219 1
6252 6280 1
6148 8015 1
85 7738 1
85 9309 1
85 438 1
1512 3983 1
5678 7609 1
5678 8727 1
5678 655 1
7218 5855 1
1773 7978 1
1773 604 1
1773 724 1
866 9449 1
866 1763 1
866 3224 1
866 9319 1
866 5424 1
866 8090 1
866 7672 1
866 4701 1
866 9156 1
866 2606 1
866 3735 1
866 2460 1
866 1711 1
866 1615 1
866 4466 1
866 9033 1
866 6783 1
866 5723 1
866 7818 1
866 5734 1
866 4685 1
866 7273 1
866 2466 1
743 6799 1
5780 1061 1
6170 2835 1
6170 1084 1
6170 9523 1
6170 4778 1
6170 6333 1
8182 3990 1
8182 6523 1
8182 8767 1
5797 3247 1
3832 817 1
8760 6555 1
8760 3373 1
8760 4809 1
8760 2681 1
8760 5927 1
8760 1590 1
299 3767 1
1412 697 1
1412 4525 1
1412 1135 1
6054 9450 1
6144 1098 1
6144 1706 1
6144 8718 1
6144 7669 1
6144 7995 1
6144 798 1
6144 8559 1
6144 7548 1
6144 6793 1
6144 21 1
6144 789 1
2179 4392 1
9175 7131 1
9175 5908 1
9175 5253 1
9175 8234 1
9175 3283 1
9175 9191 1
9175 3765 1
9175 5583 1
9518 5231 1
9518 9104 1
9518 2588 1
9518 8424 1
9518 91 1
9518 2849 1
9518 4607 1
3079 3352 1
3079 2293 1
8580 8361 1
9340 1374 1
9340 660 1
9340 1658 1
9340 9257 1
9340 5979 1
963 8177 1
3417 1707 1
216 9036 1
2063 1003 1
2063 4371 1
6603 9228 1
6603 6339 1
2150 5134 1
7088 1786 1
7715 6743 1
8733 8521 1
3532 7352 1
3532 5243 1
3532 4660 1
3532 3288 1
3532 2062 1
2185 3285 1
2185 8699 1
8926 8997 1
8926 1490 1
4169 4209 1
5136 538 1
5136 617 1
2916 8781 1
1973 4336 1
28 6961 1
28 6095 1
5619 3192 1
5619 8216 1
5619 8573 1
3859 6145 1
6142 3156 1
6142 4073 1
6142 1511 1
6142 6010 1
6142 5130 1
6142 3833 1
1004 4292 1
4326 354 1
6232 7805 1
5447 2120 1
700 7592 1
700 5834 1
700 4033 1
700 1171 1
700 8407 1
700 4026 1
700 4977 1
700 1214 1
5058 790 1
3252 5371 1
3252 4991 1
3252 7762 1
3252 3683 1
3252 4513 1
3252 8604 1
3252 9333 1
3252 4201 1
3252 2898 1
7405 7578 1
8304 7426 1
8304 7148 1
1882 734 1
1882 5102 1
4856 5425 1
6799 8922 1
6799 4278 1
6799 6627 1
6799 1557 1
751 1207 1
1325 9320 1
6805 8611 1
7345 5934 1
7345 123 1
7345 8570 1
7345 2324 1
7345 685 1
7345 2044 1
7345 4849 1
7345 7651 1
7345 2485 1
1196 3555 1
1779 5393 1
1779 3380 1
1779 1825 1
1779 9615 1
1779 313 1
1779 3261 1
1779 2621 1
1779 6478 1
1779 3305 1
1779 8229 1
1779 3945 1
1779 7046 1
1779 25 1
1779 7425 1
188 5849 1
6069 6458 1
466 4152 1
8885 9324 1
8885 3306 1
8885 7837 1
8885 6893 1
8885 6796 1
8885 8546 1
9474 4418 1
6332 806 1
6332 2871 1
6332 2544 1
6332 721 1
6332 3499 1
6332 5181 1
6332 9140 1
6332 4316 1
9490 7557 1
925 2116 1
925 5396 1
925 1126 1
925 2666 1
925 9201 1
925 4535 1
925 2488 1
925 6151 1
925 6099 1
925 5270 1
925 3816 1
925 3296 1
925 3030 1
925 8360 1
925 9239 1
925 679 1
925 434 1
8805 8098 1
8946 8128 1
532 1494 1
532 9272 1
532 4550 1
532 8415 1
4195 1798 1
3073 2266 1
6563 1712 1
1605 2545 1
1036 441 1
2621 1772 1
2621 9180 1
1013 9017 1
1013 1202 1
1013 449 1
1013 7463 1
1013 4399 1
1013 8541 1
1013 4693 1
1013 2295 1
1013 205 1
1013 3810 1
1013 3969 1
1013 8224 1
1013 7161 1
1013 4816 1
5974 4347 1
6359 3184 1
3936 2395 1
113 7315 1
8405 1575 1
4715 9545 1
4715 3558 1
4715 2379 1
4715 8413 1
4715 6412 1
4715 1486 1
4715 3134 1
4715 8 1
4715 5767 1
4715 3941 1
4715 5915 1
4715 7771 1
4715 1406 1
4715 2187 1
4715 8735 1
4715 2069 1
4715 910 1
4715 3596 1
9526 6586 1
9526 2276 1
4080 2886 1
4080 7489 1
5981 7631 1
4096 6030 1
901 382 1
901 3230 1
901 4657 1
901 6314 1
901 5324 1
901 6332 1
901 6824 1
901 5997 1
901 6203 1
901 7180 1
901 3444 1
901 7802 1
684 42 1
977 3850 1
5041 2820 1
3537 2394 1
3537 4903 1
7478 2866 1
7478 9604 1
7801 5220 1
8533 883 1
4053 8147 1
4053 8155 1
4053 4245 1
3815 6999 1
4271 8913 1
852 8996 1
3869 7191 1
4135 3043 1
265 6632 1
265 335 1
265 4483 1
265 4383 1
265 2737 1
3940 4673 1
2261 6942 1
5898 1368 1
5898 6128 1
5898 317 1
5898 7928 1
5898 1896 1
5898 3232 1
5898 389 1
5898 2077 1
5898 4470 1
5898 252 1
5898 2314 1
5898 6672 1
5253 8433 1
5253 1030 1
5253 6675 1
8025 4825 1
6706 116 1
7298 8487 1
4079 4919 1
458 5815 1
6654 3195 1
6654 1058 1
6654 214 1
6654 7436 1
6654 8236 1
6654 3508 1
9508 2342 1
9508 3108 1
9508 8674 1
9508 6077 1
9508 6352 1
9508 5481 1
9508 2740 1
9508 8621 1
9508 9574 1
9508 6042 1
9508 7104 1
9508 7520 1
6013 6736 1
3868 1897 1
5506 7382 1
1178 132 1
1178 1299 1
1178 5737 1
1178 5736 1
3682 9230 1
3682 2845 1
3682 8464 1
3682 2846 1
3682 5617 1
3682 8581 1
9428 6368 1
3571 6461 1
3571 7272 1
2786 989 1
2786 9392 1
2786 5932 1
2786 7236 1
2786 533 1
2786 1040 1
2786 710 1
2786 7293 1
2786 3375 1
623 7652 1
623 1417 1
623 267 1
623 3896 1
623 3374 1
623 89 1
623 9282 1
623 590 1
623 974 1
623 3013 1
623 9389 1
623 2334 1
623 1075 1
623 1063 1
1752 4441 1
1752 5240 1
1752 5228 1
1752 7998 1
3244 90 1
1056 6886 1
1056 9238 1
5869 4896 1
5869 6071 1
5869 5024 1
5869 6135 1
3371 2788 1
3371 115 1
3963 5534 1
3963 8908 1
3963 6811 1
3963 6491 1
3963 2035 1
3963 3343 1
3963 4130 1
3963 8728 1
3963 3169 1
3963 1946 1
3963 2149 1
3963 2328 1
3963 37 1
3963 1240 1
3963 1416 1
3963 2959 1
3963 6588 1
3963 9325 1
3963 3799 1
3963 9404 1
3963 3070 1
3963 2804 1
1038 5260 1
1038 9077 1
1038 7553 1
1038 7549 1
1038 3991 1
1038 4390 1
1038 8574 1
1038 7358 1
1038 3476 1
1038 2747 1
1038 8835 1
1038 5672 1
1038 7239 1
1038 8486 1
1038 7256 1
6712 3365 1
2456 1878 1
2456 1541 1
2456 8681 1
6810 4005 1
7538 1561 1
7538 3448 1
103 6718 1
7051 6513 1
364 2693 1
2986 3782 1
2986 192 1
2986 4002 1
2986 6175 1
2986 2974 1
2986 2327 1
2986 7851 1
2986 300 1
2986 8142 1
4174 3142 1
9444 8310 1
9444 9208 1
12 3907 1
4598 3518 1
4598 5832 1
8288 3315 1
8319 1182 1
8319 2789 1
8319 1800 1
2607 1536 1
6684 4731 1
3117 8959 1
4210 4881 1
4210 4842 1
3655 1515 1
4911 3751 1
2941 9065 1
2941 1462 1
4384 1356 1
4384 3648 1
4384 8606 1
4384 5516 1
4384 5238 1
4384 6781 1
4384 2930 1
4384 5282 1
4384 362 1
4384 4360 1
4384 54 1
4384 97 1
4384 42 1
4384 4181 1
4384 3654 1
4384 2134 1
4384 8828 1
5770 5052 1
7430 187 1
1853 1162 1
4734 7019 1
3552 328 1
9224 5852 1
6745 5940 1
5158 5148 1
5158 7917 1
5158 3091 1
5158 2573 1
5158 9589 1
6222 8964 1
181 9283 1
2653 67 1
2653 5566 1
2 5609 1
2 704 1
2 6346 1
2 2021 1
2 2896 1
2 9143 1
6099 5865 1
5319 8870 1
5319 4220 1
1393 6381 1
5931 7564 1
5931 6027 1
5931 6948 1
5931 3434 1
5931 6136 1
5931 3354 1
5931 5618 1
5931 6312 1
5931 6604 1
5931 6842 1
5931 3993 1
2505 7045 1
808 7235 1
2645 9115 1
2645 7379 1
2645 5473 1
2645 2137 1
2645 5715 1
2645 2696 1
2645 7004 1
1236 244 1
3151 6006 1
8141 7324 1
1550 2153 1
7979 8793 1
7979 8188 1
9493 29 1
9493 282 1
9493 8448 1
9493 580 1
2735 5438 1
1152 4589 1
9546 2667 1
9546 1766 1
9546 7863 1
677 84 1
3184 5385 1
3184 2865 1
3184 376 1
3184 8156 1
3184 5643 1
3184 5824 1
3184 5340 1
3184 7127 1
4614 2992 1
4614 4733 1
4614 8649 1
4614 4736 1
4614 1606 1
4614 8873 1
4614 1309 1
4614 8213 1
4614 1294 1
4614 4023 1
5604 8578 1
3542 1576 1
9335 5840 1
8204 3872 1
3426 9245 1
6283 9408 1
6380 486 1
7283 1684 1
6137 9501 1
6137 8340 1
6137 890 1
6137 8571 1
6137 207 1
6137 2273 1
6094 6884 1
1952 6321 1
1952 846 1
1952 3154 1
1952 8734 1
7944 5194 1
7944 8808 1
7944 800 1
7944 1099 1
7944 3715 1
7944 9275 1
7944 1180 1
7944 2173 1
7944 4772 1
156 6591 1
5219 1019 1
5219 7778 1
5219 5242 1
5219 5251 1
5219 39 1
5219 6845 1
5219 774 1
5219 1301 1
2171 2721 1
2171 455 1
2171 6609 1
2171 48 1
2171 8462 1
2171 2754 1
2171 9569 1
8561 9318 1
6639 4341 1
8824 104 1
8824 8528 1
7234 7406 1
7234 3071 1
5992 7919 1
5992 1704 1
6404 1053 1
6611 4395 1
8467 8171 1
3074 904 1
3074 6139 1
3074 2148 1
9274 7603 1
9274 5929 1
9274 7920 1
9274 8592 1
3065 2190 1
9174 9549 1
5415 2193 1
5415 2527 1
4671 5402 1
4671 9491 1
4671 61 1
4671 4469 1
4671 8613 1
4671 1120 1
4671 7185 1
4671 7933 1
4671 60 1
4671 5804 1
4671 2610 1
4671 4727 1
4671 4272 1
4671 3837 1
4671 1895 1
3958 1854 1
8151 1248 1
8049 6544 1
8049 1831 1
8049 5373 1
8049 4769 1
8049 7780 1
5372 3951 1
3316 5211 1
3316 9596 1
9083 5073 1
9083 6208 1
9083 1218 1
1439 3587 1
3527 2233 1
5689 2678 1
2045 4306 1
2045 3194 1
2045 1912 1
2045 5234 1
2045 6806 1
2045 9588 1
2045 4837 1
2045 8962 1
2045 2031 1
2045 9284 1
2045 4020 1
5612 611 1
8199 5085 1
4502 2687 1
4502 4774 1
4502 857 1
4502 2428 1
5933 3080 1
3018 1315 1
5545 8831 1
297 6623 1
297 749 1
297 4144 1
297 5687 1
297 824 1
297 2442 1
297 8355 1
297 338 1
2407 6970 1
2407 4808 1
2407 1271 1
5339 9233 1
7266 8296 1
249 4930 1
4463 9032 1
4463 5095 1
4463 3055 1
4463 5577 1
4463 7661 1
4463 4460 1
4463 2842 1
1755 4836 1
2114 3470 1
2114 1342 1
2114 468 1
2114 137 1
2114 1324 1
8942 7261 1
8942 7591 1
8942 3761 1
3382 6973 1
7459 7962 1
5017 6296 1
8416 72 1
1287 7775 1
1287 6944 1
1287 417 1
1287 9083 1
1287 6247 1
1287 5771 1
1287 8187 1
1287 3769 1
1287 1029 1
1287 9558 1
1287 7709 1
1287 5353 1
521 4183 1
7255 1628 1
4801 8950 1
4103 301 1
4103 894 1
5680 543 1
3367 6305 1
3826 7598 1
3293 7575 1
3293 1475 1
3293 7113 1
3293 2594 1
3293 7422 1
3293 7892 1
3293 3580 1
3293 4709 1
3293 2791 1
3293 7188 1
3293 2979 1
3293 2111 1
3668 8295 1
8017 3529 1
3061 6960 1
9110 6294 1
9061 6265 1
9061 4075 1
9061 6269 1
5674 7247 1
5674 8303 1
9113 422 1
9113 826 1
9113 6937 1
9113 4927 1
9113 3346 1
2125 8500 1
4623 3075 1
4623 4762 1
4623 1692 1
4623 4342 1
4623 3213 1
4623 1943 1
4623 8977 1
4623 2511 1
3751 5941 1
3751 568 1
3751 8339 1
3751 669 1
494 6040 1
494 5748 1
494 8491 1
494 9274 1
494 7985 1
494 239 1
494 8425 1
494 4339 1
494 1093 1
7020 9248 1
7020 1971 1
7020 3935 1
7020 4752 1
7020 3274 1
7020 1437 1
7020 7656 1
7020 119 1
7020 5877 1
4 582 1
4 7487 1
4 2002 1
4 2882 1
4 4612 1
502 4176 1
390 53 1
6987 1210 1
2752 5432 1
6129 3884 1
1861 7196 1
5160 4150 1
7845 2279 1
7845 2510 1
3849 5968 1
1793 1589 1
4498 3631 1
4498 7597 1
4498 6773 1
2480 2711 1
3951 3589 1
3951 6435 1
3951 6835 1
3951 9378 1
3951 3068 1
3951 7250 1
3951 9008 1
7860 7142 1
7860 5450 1
3430 5117 1
3430 240 1
3430 3711 1
3430 6630 1
3430 9243 1
3430 3919 1
3430 7211 1
3430 265 1
3430 4587 1
3430 7294 1
3430 6064 1
3430 3164 1
3430 2360 1
3430 7310 1
3430 3361 1
5316 1902 1
8587 7233 1
8587 5970 1
9427 6366 1
7662 4140 1
7662 593 1
7662 8475 1
407 7657 1
8816 7779 1
8816 2753 1
1604 8182 1
2215 7208 1
8273 3658 1
8273 9621 1
6804 2267 1
3390 9317 1
2443 3579 1
4992 2657 1
4992 283 1
4992 1052 1
5492 8209 1
5492 2697 1
6189 7319 1
1920 6267 1
1920 7215 1
476 2924 1
4051 7902 1
55 8093 1
4387 7567 1
7464 4615 1
1142 2448 1
6864 5046 1
6767 1866 1
471 3435 1
8106 971 1
8106 8787 1
8106 1112 1
8106 8372 1
8106 8367 1
8106 4109 1
8106 7954 1
8106 3378 1
691 6628 1
1750 2052 1
8449 5823 1
4488 7198 1
366 624 1
366 1746 1
597 5247 1
597 9044 1
86 2876 1
1097 8846 1
258 5203 1
258 5562 1
6935 8938 1
6935 2096 1
6935 780 1
6935 5138 1
3248 6956 1
3248 7165 1
664 1434 1
664 8034 1
664 1932 1
4837 6637 1
4837 6546 1
4837 2105 1
4837 5943 1
4837 6825 1
4837 6670 1
4837 393 1
4837 6124 1
4837 6384 1
6764 8097 1
8927 6174 1
4438 7244 1
4438 5254 1
4438 4404 1
4438 4751 1
4438 9306 1
4438 692 1
1594 2430 1
4275 6871 1
4275 8539 1
8607 4530 1
8607 942 1
8607 3797 1
8607 1089 1
8607 7353 1
8607 4514 1
8607 3181 1
7497 5013 1
7497 551 1
7497 8050 1
7497 74 1
7497 218 1
7497 2933 1
7497 6507 1
7497 984 1
7497 6524 1
7157 5789 1
5187 3469 1
9066 175 1
9134 5491 1
7864 6431 1
3877 3149 1
5701 8096 1
5701 7380 1
5701 6054 1
5701 7409 1
5701 5127 1
5701 814 1
5701 4052 1
5701 3206 1
6986 5699 1
6986 2248 1
6986 464 1
6986 4955 1
6986 3085 1
6986 8942 1
6986 5492 1
6986 4575 1
6986 4453 1
6986 923 1
6986 4742 1
6986 7066 1
9096 1668 1
6968 7758 1
6968 4860 1
1495 1660 1
3035 3905 1
1360 7832 1
1360 2958 1
3976 2934 1
3976 2011 1
9207 284 1
5171 3278 1
1667 9353 1
1802 1424 1
6448 7189 1
5482 1661 1
5482 462 1
5482 3100 1
5482 5415 1
5482 6396 1
5482 6241 1
5482 5214 1
5496 357 1
5496 6398 1
5496 5397 1
5496 585 1
5496 1181 1
5496 8232 1
8057 3293 1
8057 5051 1
302 8679 1
302 7939 1
302 6342 1
5413 996 1
5413 7823 1
5413 8161 1
5413 1840 1
5413 1560 1
5413 2264 1
9341 744 1
5272 6423 1
100 4893 1
6157 6111 1
3155 6266 1
9516 4529 1
9516 8137 1
9516 5800 1
9516 3949 1
9516 5064 1
9516 6911 1
9516 9216 1
9516 4743 1
9516 3676 1
9516 7605 1
9516 9531 1
9516 948 1
9516 6538 1
6600 2699 1
8941 8882 1
8941 2400 1
1286 4021 1
5971 8019 1
5971 3307 1
5971 2590 1
5971 3270 1
5971 3114 1
5668 4277 1
5668 9187 1
5668 5453 1
9470 3127 1
1140 1198 1
7751 8847 1
8552 6938 1
3934 8441 1
3934 7975 1
3934 1006 1
7558 642 1
3247 1991 1
2821 1349 1
3856 7731 1
7742 6486 1
7742 7047 1
7679 988 1
7589 2942 1
6363 3647 1
6363 2238 1
1173 7411 1
7024 6149 1
7024 3183 1
7024 3239 1
7024 1526 1
7024 6066 1
7024 8336 1
7024 1823 1
7024 5267 1
3663 1547 1
3663 1408 1
2654 5768 1
2654 3712 1
2654 3719 1
5300 9090 1
5300 2750 1
5300 820 1
8988 9364 1
3396 3813 1
4248 3630 1
6487 1273 1
6487 1410 1
6487 6830 1
6487 5320 1
6487 6607 1
2006 8194 1
4247 1156 1
4247 7427 1
4247 1080 1
3999 8260 1
5622 4439 1
7931 6671 1
3312 3698 1
3312 4735 1
5795 6699 1
5483 4258 1
1066 8189 1
2254 7583 1
5643 1703 1
915 1643 1
1258 8244 1
5445 5381 1
5445 2146 1
5445 3363 1
5445 363 1
4471 5014 1
4471 5086 1
4471 6107 1
4471 7842 1
4471 1911 1
3022 4012 1
7286 730 1
2549 954 1
7893 2840 1
7893 8980 1
7893 394 1
7893 3768 1
7893 9058 1
7893 2814 1
7893 8293 1
7893 168 1
7893 3687 1
3048 3281 1
1617 4638 1
1617 3880 1
3219 555 1
5229 2703 1
3118 1450 1
1523 4246 1
4238 3407 1
4238 3519 1
4238 3136 1
4238 8384 1
4238 6894 1
4238 936 1
4238 4650 1
9485 1977 1
2194 1968 1
2194 8893 1
2194 306 1
2194 5856 1
2194 7941 1
2194 8588 1
2194 7877 1
2194 1857 1
2194 4528 1
2194 4627 1
9581 365 1
1532 8536 1
2975 5315 1
2437 3057 1
6977 2756 1
6977 7458 1
6977 9277 1
6977 8183 1
6977 6606 1
6977 343 1
6977 2960 1
6977 8498 1
94 3099 1
1699 5910 1
4735 9503 1
2658 8047 1
7786 6860 1
3272 8414 1
3272 7644 1
9332 222 1
3320 3954 1
4338 2424 1
8585 9110 1
8780 9242 1
8780 5654 1
810 2833 1
810 8532 1
810 8284 1
810 3688 1
810 8796 1
810 9137 1
9233 5225 1
9233 6891 1
9233 4633 1
7192 5994 1
2204 4113 1
7544 1844 1
4423 3113 1
6782 2957 1
2983 1489 1
8378 1867 1
9004 78 1
9004 6299 1
9004 6674 1
9004 1534 1
3119 8976 1
849 1886 1
849 7069 1
849 179 1
849 1607 1
849 372 1
849 3551 1
849 5207 1
849 6887 1
849 2595 1
849 8431 1
849 7402 1
849 9194 1
5431 3161 1
3236 1435 1
6116 6559 1
6116 2935 1
4812 9550 1
6328 702 1
4121 8496 1
4121 320 1
4121 9539 1
4121 5283 1
4121 4424 1
4121 400 1
4121 7445 1
4121 287 1
4121 5588 1
8648 8429 1
2635 875 1
6008 8684 1
6008 1722 1
5746 3657 1
5746 9294 1
5746 7516 1
5746 1617 1
5746 6504 1
5746 351 1
5746 6039 1
5746 2769 1
1942 4035 1
1942 4639 1
1942 726 1
1942 82 1
2688 5698 1
8917 1888 1
8919 4779 1
2426 8272 1
9184 8692 1
9184 2734 1
9184 6372 1
9184 2767 1
9184 1709 1
9184 1753 1
9184 4478 1
5644 8376 1
5644 7994 1
5644 2938 1
5644 623 1
5644 7751 1
5644 3193 1
544 4212 1
1899 5551 1
8456 3569 1
8456 2453 1
8456 325 1
8456 7039 1
8456 2127 1
9234 5312 1
9234 102 1
9234 9599 1
9234 5368 1
9234 8279 1
9234 3544 1
9234 3455 1
7985 4579 1
7985 4334 1
7985 8773 1
7985 1773 1
7985 7619 1
7985 9114 1
7985 9500 1
7985 4939 1
7985 2952 1
7985 4783 1
7985 3185 1
7985 4979 1
7985 4126 1
2936 6168 1
7324 1179 1
5105 3932 1
5708 3496 1
1081 5530 1
4386 1788 1
4386 7031 1
4386 5608 1
4386 540 1
4386 610 1
4386 8575 1
4386 4712 1
4386 3615 1
4386 2784 1
4386 8504 1
4386 6861 1
8275 7281 1
8275 6378 1
8275 6326 1
2563 1889 1
5348 7693 1
6580 8399 1
5151 4006 1
5151 5056 1
5151 5692 1
5151 8045 1
590 4254 1
590 4217 1
2077 8819 1
2077 1843 1
2077 6421 1
2077 2082 1
2077 1072 1
2077 44 1
2077 3492 1
2077 2831 1
2077 4586 1
2077 8583 1
2077 3789 1
1472 2725 1
1472 1132 1
2266 4142 1
2266 3258 1
2266 501 1
2266 3466 1
7619 7383 1
7619 2559 1
7619 2768 1
7619 5200 1
7619 4926 1
1666 7470 1
6105 1169 1
5103 6900 1
5103 549 1
5103 4917 1
5103 192 1
5103 1863 1
5103 3614 1
5103 565 1
5103 3248 1
5103 1765 1
5103 4886 1
5103 662 1
5103 2390 1
289 2954 1
8655 2260 1
9359 2872 1
7011 3921 1
575 9260 1
644 3377 1
9382 2967 1
9382 7322 1
2613 2869 1
1995 6291 1
5213 2529 1
5213 8499 1
4470 5812 1
9114 2203 1
9114 3472 1
9114 6277 1
9114 8101 1
9114 6002 1
9114 8509 1
9114 8379 1
9114 4097 1
9114 5068 1
3332 3925 1
3332 8879 1
5462 9059 1
1827 1390 1
1827 1354 1
3303 8178 1
3303 8557 1
3303 2569 1
3303 5201 1
3303 833 1
3303 7025 1
3303 4532 1
3303 6338 1
3303 4643 1
3303 5745 1
3303 6448 1
3303 1167 1
3303 1629 1
3303 3686 1
3303 1294 1
3303 4244 1
3303 7754 1
3303 3494 1
3303 7512 1
3303 5394 1
3303 6744 1
9177 8553 1
9177 9111 1
9177 1008 1
8876 8124 1
8876 1187 1
3001 8624 1
3001 7331 1
3001 9142 1
3001 1225 1
9553 7187 1
4396 8265 1
1406 5649 1
1406 8134 1
1406 550 1
2713 8826 1
2713 4905 1
2713 2962 1
2713 5184 1
2713 1725 1
2713 7853 1
2713 5658 1
2713 4864 1
2713 7431 1
666 6590 1
666 1219 1
666 1944 1
5301 5400 1
5301 1608 1
3127 2284 1
3127 5740 1
3127 6992 1
2745 1621 1
2745 6253 1
2745 4834 1
2745 2139 1
2745 6945 1
2745 7982 1
2745 2700 1
2745 4186 1
2745 7799 1
2745 8478 1
2745 5538 1
4092 3253 1
4092 2561 1
4092 9346 1
2733 6867 1
2733 8944 1
2733 4462 1
2733 486 1
2733 7325 1
6315 8868 1
4943 2038 1
7982 7334 1
7982 8623 1
7982 3019 1
7982 8645 1
5311 698 1
5627 5497 1
8661 4276 1
4405 4559 1
4405 5589 1
6770 6564 1
3605 6407 1
3605 1645 1
3605 8772 1
3605 5881 1
3605 8632 1
3605 9197 1
3605 8454 1
3605 6451 1
3605 7561 1
3605 8609 1
3605 1121 1
3605 6193 1
3605 7494 1
3605 8225 1
3605 961 1
3605 5321 1
3605 5384 1
3605 280 1
3605 3325 1
3605 6237 1
3605 5365 1
3605 4993 1
746 950 1
577 649 1
577 4059 1
577 253 1
577 51 1
577 4398 1
9482 4686 1
9482 8069 1
9482 3691 1
9482 8667 1
9482 5118 1
9482 6528 1
9482 4190 1
9482 4376 1
5273 4629 1
5273 718 1
5273 5484 1
5273 226 1
5029 2229 1
8396 9527 1
8172 9568 1
6628 993 1
4836 1305 1
4836 7955 1
4836 757 1
4836 2025 1
4836 2497 1
4738 1678 1
6967 4544 1
6967 1438 1
6967 1419 1
6967 9082 1
6967 6471 1
6967 8380 1
6967 3197 1
6967 7147 1
6967 884 1
6967 7321 1
6967 8760 1
6967 6931 1
6967 5158 1
6967 3065 1
6967 3005 1
6967 8017 1
6967 2948 1
6967 7497 1
6967 5413 1
6967 5071 1
6967 322 1
6967 7713 1
6967 709 1
6967 1068 1
292 2949 1
3755 1141 1
2031 2218 1
2031 8797 1
2031 9587 1
2031 4311 1
2031 271 1
2031 3713 1
2031 6457 1
2031 5208 1
2031 882 1
7451 3135 1
5448 2093 1
5448 9379 1
2029 937 1
2494 8833 1
5806 8839 1
309 6838 1
740 5982 1
8947 1598 1
8947 8598 1
8947 6101 1
8947 6480 1
8947 895 1
8947 9528 1
8947 2663 1
8947 6481 1
8947 7469 1
8947 7599 1
8947 1263 1
8947 5558 1
2619 7741 1
2619 5919 1
2619 9254 1
2288 4287 1
446 6067 1
9284 477 1
2784 7811 1
2784 9321 1
2784 5161 1
2784 279 1
2784 6851 1
2784 5636 1
2784 6076 1
2784 125 1
2784 531 1
2784 7737 1
2784 1727 1
2784 2969 1
2784 5582 1
2784 7182 1
2784 9042 1
2784 4715 1
2784 3371 1
2784 3963 1
2784 5931 1
2784 4717 1
2784 9110 1
2784 1543 1
2784 849 1
2784 154 1
2784 4049 1
2784 3178 1
2784 6926 1
2784 3457 1
2784 9266 1
2784 1404 1
2784 6680 1
2784 9572 1
2784 219 1
2784 9217 1
2784 293 1
7673 3388 1
8746 4788 1
8746 2503 1
8746 529 1
8746 5916 1
8746 4889 1
8746 4724 1
8746 2425 1
6474 4975 1
5501 1757 1
3387 5980 1
3387 8747 1
6533 2289 1
2790 3445 1
2790 8858 1
2790 8986 1
2790 285 1
2790 4841 1
2790 7342 1
8739 6819 1
1981 4204 1
6884 3534 1
6884 2581 1
2017 8636 1
2299 8452 1
1436 858 1
4718 9609 1
4718 7792 1
4718 6394 1
4718 8240 1
4718 3890 1
6065 9280 1
8266 6445 1
8266 8862 1
7048 8838 1
4949 2898 1
6344 228 1
9007 6850 1
9317 5542 1
9317 3871 1
3228 6427 1
3228 201 1
3228 1212 1
3228 2301 1
3228 2557 1
3228 584 1
3228 3818 1
3228 4105 1
3228 7848 1
3228 7611 1
3228 736 1
3228 3081 1
6710 8209 1
4327 4692 1
4069 1993 1
4069 7378 1
4069 1222 1
4069 8438 1
4069 4319 1
533 2330 1
1294 9085 1
1294 6561 1
1294 6653 1
1892 8680 1
1892 5987 1
7498 955 1
7498 2493 1
7498 5426 1
7498 2239 1
7498 792 1
7498 2937 1
7498 5619 1
7498 4934 1
7498 2596 1
7498 6868 1
7498 2650 1
7498 958 1
7498 9052 1
7498 8799 1
1775 1028 1
1005 2890 1
1005 1372 1
1005 7005 1
1005 2862 1
1005 7628 1
1005 4480 1
1548 8144 1
1548 2755 1
1548 2794 1
4708 8008 1
8267 5221 1
8267 8133 1
9430 387 1
8904 3015 1
759 3817 1
759 1654 1
5903 6669 1
992 4445 1
4770 3042 1
4770 7169 1
4770 1533 1
4770 6436 1
4770 719 1
4770 6965 1
2955 8262 1
4076 4206 1
4695 1467 1
3467 9014 1
3467 2593 1
3467 2741 1
3467 9067 1
5350 2760 1
5018 8458 1
4394 7613 1
9310 1359 1
1739 4138 1
1739 7304 1
1739 1420 1
1739 673 1
1739 3961 1
3036 7012 1
4876 2486 1
4102 7095 1
6988 4473 1
6988 7133 1
6988 85 1
6988 4467 1
4187 6816 1
4187 2618 1
4187 77 1
4187 4218 1
4187 6465 1
4187 8794 1
4187 2343 1
4187 4847 1
4187 2431 1
4187 358 1
4187 6806 1
4187 791 1
4187 2288 1
4187 4728 1
4187 2672 1
4187 321 1
4187 3776 1
9405 3740 1
6818 8468 1
880 5143 1
880 3541 1
880 2213 1
880 2815 1
880 7706 1
880 4663 1
880 6454 1
880 1469 1
880 597 1
880 8386 1
880 1530 1
880 3685 1
880 891 1
880 4129 1
5731 1890 1
4453 3340 1
4453 658 1
4453 3879 1
4453 9543 1
1875 2329 1
1875 2553 1
1875 1542 1
1875 2535 1
1875 6610 1
1875 1496 1
1875 9537 1
1875 8095 1
5414 3806 1
6329 4536 1
6329 9366 1
6329 3710 1
7675 8111 1
7207 6573 1
7207 6403 1
7207 5379 1
7207 5119 1
7207 4878 1
7207 8167 1
7207 3122 1
7207 2454 1
7207 5031 1
7207 5857 1
7207 2444 1
7207 3854 1
7207 3928 1
7207 2438 1
8658 3249 1
2115 7984 1
2115 5403 1
2115 6334 1
2115 4571 1
2115 6052 1
2115 3364 1
2115 5655 1
2115 2730 1
2115 30 1
2115 4408 1
2115 6382 1
2115 6362 1
2115 8825 1
5502 4205 1
6055 1363 1
1451 2947 1
1451 2641 1
5573 7350 1
2670 478 1
7341 9252 1
7341 6923 1
7341 4351 1
6949 6932 1
3763 1329 1
4161 4358 1
4161 3260 1
4161 3174 1
4161 6172 1
7064 9186 1
3565 5475 1
2495 6204 1
2495 8890 1
2495 2637 1
5717 4094 1
1510 1506 1
1510 9012 1
8856 6608 1
8856 8299 1
8856 3697 1
8856 3753 1
8856 9256 1
8856 9610 1
8856 7060 1
3237 7432 1
3237 6515 1
3237 4630 1
3237 3835 1
3237 1298 1
3237 4976 1
3237 5524 1
3237 7855 1
3237 7159 1
3282 5760 1
3282 2918 1
3282 1656 1
3282 7398 1
3282 5690 1
3282 4767 1
3282 5317 1
3282 5861 1
3282 8326 1
3282 3139 1
4745 1364 1
4745 4370 1
4745 4413 1
4745 6822 1
7199 2929 1
6722 6562 1
6722 8009 1
6722 2966 1
6722 4164 1
6722 7263 1
6722 3327 1
6722 1730 1
5292 6218 1
5292 760 1
5292 5682 1
5292 2010 1
5292 2483 1
9331 6011 1
2952 5791 1
2952 1230 1
2952 5693 1
2952 3521 1
1335 5264 1
4843 4420 1
7421 3023 1
4887 4067 1
8457 6250 1
8457 2171 1
8457 8567 1
8457 3897 1
8457 972 1
8457 6286 1
8457 3290 1
8457 1047 1
8457 9185 1
8457 5532 1
8457 7528 1
3485 4486 1
9300 4431 1
1540 3007 1
8909 2619 1
8909 1602 1
4416 2381 1
3836 4608 1
8322 4498 1
5074 2761 1
5074 7488 1
5737 4739 1
1027 8056 1
1027 8363 1
1027 1876 1
2873 1429 1
5388 6768 1
7517 7747 1
7517 9198 1
7517 1546 1
7517 1413 1
7517 6613 1
7517 5811 1
2498 7243 1
6547 8054 1
1602 6413 1
1602 7437 1
1602 5035 1
1602 4170 1
1602 5478 1
1602 8921 1
1602 5026 1
1602 6771 1
1602 7448 1
1602 2508 1
1602 777 1
1602 5169 1
1602 2162 1
1602 6521 1
5883 9162 1
2530 2207 1
6285 4665 1
5186 3579 1
7794 952 1
7794 7974 1
7794 4479 1
7794 9034 1
7794 9580 1
1994 9591 1
1994 8713 1
1994 7525 1
1994 4428 1
1994 4925 1
1994 2611 1
1994 9213 1
1994 979 1
1994 8911 1
3793 859 1
2744 4356 1
3765 411 1
6202 8334 1
1252 7509 1
1454 7110 1
7000 6549 1
79 4118 1
79 3692 1
4083 1872 1
7332 5145 1
7332 3158 1
7332 203 1
7332 1147 1
7332 9562 1
7332 3811 1
7332 4490 1
7332 341 1
7332 52 1
7332 153 1
3031 6113 1
7096 8011 1
7316 6694 1
1488 7424 1
1488 1071 1
1488 2170 1
1488 8013 1
1488 7642 1
1488 3440 1
1488 4910 1
1488 5436 1
1488 2796 1
1488 7149 1
1488 3900 1
4596 1507 1
4596 5727 1
4596 3791 1
7276 5401 1
5756 8328 1
5862 8395 1
5862 968 1
3707 1758 1
3707 3742 1
3707 4900 1
3707 7251 1
3707 262 1
9093 4601 1
6502 7849 1
6848 532 1
8311 5369 1
9220 646 1
7457 5793 1
8564 3870 1
8564 3159 1
8564 7898 1
2582 1953 1
274 8892 1
274 7329 1
3460 8206 1
3460 2169 1
8594 8969 1
8594 8600 1
8594 9360 1
8594 2857 1
8594 2028 1
8594 6446 1
931 7390 1
5629 5801 1
2860 5927 1
2860 6474 1
1379 3635 1
1379 8756 1
7410 1479 1
7562 5069 1
7562 2429 1
7562 1717 1
7562 771 1
7562 2647 1
7562 6760 1
7562 5794 1
7562 9205 1
7562 1927 1
7562 1499 1
7562 4789 1
7562 395 1
7562 4523 1
7562 6387 1
7562 8346 1
7562 7367 1
7562 2348 1
7562 1078 1
7854 793 1
7854 3172 1
7854 2435 1
7854 5922 1
7854 3839 1
7854 465 1
608 4253 1
231 1549 1
68 7124 1
8193 7227 1
8193 402 1
8193 8761 1
8193 770 1
8874 9386 1
8274 5390 1
8274 6417 1
1246 3540 1
1241 8028 1
1241 2578 1
1241 1255 1
1241 6000 1
3911 7510 1
3911 5343 1
3911 7475 1
3911 8750 1
3911 4060 1
3911 5370 1
3911 717 1
3911 1646 1
3911 1939 1
3911 3385 1
3911 4463 1
3911 3312 1
3911 818 1
3911 5825 1
3911 8714 1
3911 484 1
3911 4552 1
3911 1996 1
6282 6849 1
6282 4444 1
6282 381 1
6434 9176 1
3656 2113 1
3656 5193 1
4662 118 1
4662 4641 1
4662 8618 1
4662 2689 1
4662 6103 1
4662 7435 1
1024 2517 1
776 8666 1
3792 6762 1
3792 2089 1
2187 9112 1
2187 1552 1
2187 2230 1
985 2032 1
985 2640 1
985 6488 1
985 2541 1
985 8527 1
3379 7302 1
151 4295 1
151 6920 1
151 8422 1
151 2994 1
151 2054 1
151 3912 1
151 934 1
151 7035 1
151 1101 1
151 8153 1
151 8450 1
151 4759 1
151 7309 1
151 4047 1
151 8840 1
151 1265 1
151 9322 1
151 5205 1
151 1328 1
9521 1260 1
7483 5241 1
1677 3033 1
1041 5219 1
1041 5112 1
130 2298 1
6287 2759 1
6287 9460 1
7376 7515 1
6469 7574 1
661 5921 1
6203 8397 1
6203 4859 1
6203 4213 1
6203 8652 1
6203 2103 1
6203 6676 1
3059 9337 1
5374 7734 1
5374 2080 1
5374 5958 1
5374 3397 1
5374 419 1
5374 3652 1
5374 8841 1
5374 9108 1
5374 960 1
5374 1247 1
4056 3171 1
4056 9575 1
4056 9514 1
4056 8656 1
2463 6693 1
2338 9343 1
2245 3865 1
7890 4165 1
7890 6081 1
7890 7296 1
4160 6985 1
7648 3863 1
4721 9516 1
1518 5283 1
8247 654 1
5182 7872 1
7713 4027 1
7713 7781 1
7713 4064 1
7713 8319 1
7713 8180 1
7713 6859 1
7713 794 1
2173 3583 1
2173 9372 1
2173 4299 1
2173 722 1
2173 7534 1
8975 7958 1
6017 8673 1
6017 2892 1
9245 4450 1
9245 7446 1
9245 2199 1
9245 4224 1
965 4055 1
1285 9102 1
9367 7327 1
9367 4526 1
9367 6159 1
9367 5954 1
9367 7653 1
9367 2946 1
3706 3927 1
3706 1790 1
4139 8855 1
4139 8343 1
8084 1395 1
3752 6330 1
709 5942 1
709 7634 1
709 5543 1
709 5156 1
709 786 1
709 5959 1
5893 3762 1
5893 2211 1
5893 4262 1
5893 6353 1
7513 4029 1
1751 7365 1
6014 5344 1
4037 3304 1
4037 2177 1
1588 921 1
1588 3187 1
1588 3405 1
4332 747 1
15 8104 1
15 1125 1
15 2115 1
905 9419 1
2178 3557 1
2178 273 1
2178 3433 1
3115 611 1
8479 9087 1
9438 5708 1
5718 150 1
5718 427 1
5718 4481 1
5718 8972 1
5718 46 1
5718 862 1
5718 762 1
5718 1451 1
5718 2064 1
5718 5449 1
5718 7122 1
5718 9125 1
5718 65 1
6164 1251 1
3494 1353 1
3494 2774 1
3494 5910 1
3494 7957 1
3494 1870 1
5575 4611 1
5575 5500 1
5575 7896 1
5575 5947 1
5575 5463 1
5575 686 1
3475 4197 1
3475 7976 1
3475 8577 1
3475 3331 1
3475 4173 1
3475 3389 1
3475 6582 1
3475 1083 1
3475 4823 1
3475 9128 1
3475 3576 1
3475 6784 1
3475 1958 1
3475 5047 1
3475 5036 1
3475 9268 1
2655 1310 1
2655 2317 1
2655 7259 1
2655 3609 1
2655 9258 1
2655 9402 1
8335 867 1
3670 6758 1
3670 4312 1
3670 6198 1
3670 7442 1
3670 236 1
3670 893 1
3670 4906 1
3670 1828 1
3670 9149 1
3670 7212 1
3670 3637 1
5394 1593 1
2033 4003 1
3671 8245 1
4281 5641 1
257 5661 1
4421 9483 1
5875 1732 1
5875 7162 1
1432 5410 1
2373 6701 1
6898 7269 1
6898 986 1
6898 4894 1
444 9466 1
6254 7490 1
2828 5647 1
138 2123 1
138 6 1
138 6161 1
7698 8026 1
7698 7123 1
6732 4603 1
6732 6158 1
6732 6476 1
6732 8733 1
6732 1517 1
6732 1892 1
6732 2806 1
6732 8513 1
6732 9585 1
3599 9161 1
3599 5222 1
3599 1942 1
3599 1601 1
3599 7399 1
2100 4605 1
2536 5065 1
912 143 1
9436 6947 1
7369 5266 1
7369 1821 1
7369 171 1
7369 355 1
7369 8106 1
7369 6800 1
7369 1114 1
7369 5355 1
7369 6859 1
7369 4374 1
7518 5227 1
2309 7594 1
5682 6974 1
5682 508 1
5682 5357 1
5682 5067 1
5682 8630 1
5682 2151 1
5682 1813 1
5682 7134 1
5682 8173 1
5682 1233 1
5682 5688 1
5682 5288 1
5682 6350 1
316 5786 1
316 35 1
316 9297 1
316 1906 1
1308 8612 1
1308 3809 1
1308 9023 1
1308 4782 1
1308 1713 1
1308 7078 1
1308 9507 1
1308 5229 1
1308 1931 1
1308 7366 1
3495 1266 1
2675 1577 1
2912 5265 1
9334 8419 1
7344 4967 1
7344 855 1
7344 7049 1
1387 6860 1
6108 7300 1
6108 1559 1
6108 2449 1
6108 6904 1
6108 3094 1
6108 7053 1
6108 4397 1
6108 8325 1
6108 3111 1
6108 3216 1
6108 8641 1
6108 607 1
6108 9169 1
6108 3234 1
978 1092 1
978 7950 1
978 3790 1
978 2631 1
978 2785 1
978 2991 1
978 5925 1
978 6270 1
978 8814 1
978 615 1
978 3074 1
978 4275 1
978 5215 1
978 1383 1
978 5822 1
978 1573 1
978 8703 1
978 7479 1
978 5485 1
978 5100 1
978 6242 1
3269 9069 1
3269 7171 1
3269 7493 1
6053 2013 1
6053 4582 1
229 8170 1
519 7100 1
8149 1192 1
6049 3157 1
6049 3026 1
6049 6765 1
6049 2509 1
6049 4784 1
6049 3661 1
6049 207 1
6049 4219 1
2393 8788 1
1208 1333 1
1208 1640 1
1208 6126 1
1208 4149 1
1208 5803 1
1208 2825 1
920 9072 1
920 5561 1
920 5226 1
920 7552 1
7365 6747 1
4391 1535 1
7999 8219 1
7999 1529 1
7999 5309 1
7999 6993 1
7999 1599 1
7999 5159 1
7677 2071 1
4062 9229 1
4062 6631 1
4062 619 1
4062 886 1
4062 194 1
4062 1625 1
7054 2421 1
7054 605 1
7054 4923 1
6089 1046 1
6089 4032 1
6089 8584 1
6089 5398 1
4017 1320 1
1021 1421 1
1021 3225 1
3362 9144 1
3362 8329 1
1637 5638 1
8402 5962 1
8402 7650 1
8402 9463 1
8402 6593 1
8402 7777 1
647 7800 1
647 2321 1
647 9440 1
8800 1503 1
8237 6244 1
3864 3384 1
7810 3137 1
7810 3705 1
2010 3462 1
2010 1346 1
2010 4401 1
2010 7787 1
2010 8070 1
2010 4089 1
2010 3804 1
2010 6955 1
2010 7229 1
2010 7264 1
2010 9037 1
2010 7905 1
2380 5790 1
4497 3257 1
4497 1513 1
4497 6785 1
4497 5016 1
4497 5961 1
4497 754 1
4497 7620 1
1367 7702 1
6339 5499 1
8656 7176 1
8656 1282 1
1698 2374 1
8278 8465 1
8278 6739 1
5345 6482 1
8140 5725 1
8140 4167 1
8140 5642 1
8140 7301 1
907 8387 1
907 6519 1
2182 5411 1
2182 2550 1
2182 1978 1
2182 3607 1
2182 8440 1
2182 735 1
2182 6772 1
2182 7306 1
2182 2237 1
6915 8271 1
5466 5923 1
1650 4987 1
1650 5239 1
3974 8207 1
2915 2436 1
6034 4804 1
5662 5983 1
3574 5354 1
1657 8572 1
1657 507 1
1657 3175 1
1657 2968 1
1657 844 1
4156 5042 1
4156 4588 1
6792 200 1
6792 7059 1
1701 9057 1
7826 2099 1
380 4464 1
380 66 1
380 3020 1
380 9395 1
380 9354 1
380 1457 1
8783 7551 1
4554 99 1
3410 8967 1
8672 7292 1
1062 5301 1
1062 4014 1
4595 3298 1
872 4431 1
1894 1510 1
6165 4892 1
2893 4694 1
2893 5167 1
2129 1331 1
2129 8041 1
2129 8492 1
2129 4797 1
2129 8102 1
2129 1700 1
2129 9618 1
2129 5774 1
2129 1227 1
2129 6983 1
2129 5782 1
2129 2863 1
2129 2963 1
2129 6930 1
2129 5785 1
2129 6640 1
2129 991 1
2129 9597 1
2129 3827 1
2129 8410 1
2129 5335 1
2129 612 1
2129 2009 1
2129 1795 1
2129 1941 1
2129 9265 1
259 739 1
3898 6495 1
3898 3911 1
3898 6236 1
8280 2359 1
6941 2702 1
6941 8992 1
6941 8080 1
6941 6692 1
6941 5361 1
6941 7225 1
6941 9070 1
6941 7912 1
6941 4679 1
6941 2908 1
6941 6910 1
6941 8263 1
4808 4382 1
4808 1588 1
4808 8316 1
4219 6176 1
4219 4010 1
4219 3220 1
4219 741 1
4219 4830 1
4219 8881 1
4219 6428 1
2888 6316 1
2888 1686 1
2888 1563 1
2888 9399 1
2888 3669 1
2888 4039 1
2888 5447 1
2888 9172 1
2888 5742 1
2888 5482 1
2888 1391 1
2888 7899 1
2888 1252 1
2888 9005 1
2888 1269 1
2888 6776 1
2888 3480 1
2888 4151 1
2888 277 1
7407 1243 1
7407 5818 1
7407 2818 1
7407 9154 1
7717 9482 1
6539 8710 1
6539 7401 1
6539 8886 1
4412 3599 1
4412 5940 1
7482 5704 1
7482 3002 1
7482 5711 1
5920 3411 1
5920 5362 1
5359 2903 1
2181 7749 1
6964 2521 1
5491 7970 1
5491 5437 1
5491 8569 1
5491 8611 1
5491 7070 1
5491 7968 1
5491 4960 1
3203 4791 1
9572 7075 1
9572 8061 1
9572 8131 1
9572 3952 1
9572 3970 1
9572 3662 1
6162 8308 1
6614 1682 1
6614 1103 1
6614 8991 1
2842 4012 1
2079 3253 1
2079 3196 1
2079 8732 1
2079 3756 1
2079 1369 1
2079 7224 1
2737 7840 1
2737 6574 1
6635 696 1
5101 2386 1
5101 3383 1
5101 3673 1
5101 633 1
5101 5819 1
5101 114 1
5101 8929 1
5101 6399 1
5101 5714 1
5101 2041 1
5101 7371 1
9519 7760 1
8891 2012 1
6327 9345 1
6327 9225 1
180 3734 1
6852 4515 1
6852 4409 1
6852 5182 1
6852 4604 1
4400 6723 1
8029 8757 1
1491 7173 1
7089 7559 1
8003 5858 1
8003 6043 1
8003 9369 1
8003 2070 1
988 8377 1
988 6234 1
988 5027 1
988 510 1
988 6275 1
988 4232 1
988 5949 1
988 3732 1
988 9094 1
988 7875 1
988 614 1
988 7168 1
988 3238 1
8127 2099 1
9522 3277 1
3852 6789 1
3852 1820 1
3852 5973 1
3852 5230 1
3852 3202 1
1293 4567 1
4851 8033 1
4851 2762 1
1514 8510 1
4679 7205 1
4679 3369 1
4679 176 1
4679 2698 1
4679 8593 1
4679 4123 1
1983 3586 1
1983 109 1
1983 8871 1
1983 4508 1
987 3077 1
5057 2895 1
5057 1780 1
5057 6752 1
5057 5387 1
5057 2548 1
5057 1466 1
5146 7503 1
7765 3754 1
101 3915 1
101 2461 1
1205 8291 1
1205 2921 1
7356 4919 1
7954 1295 1
9612 6633 1
4994 443 1
1869 563 1
1068 902 1
1068 340 1
1068 7687 1
1068 804 1
1068 7535 1
1068 1528 1
1068 6977 1
1068 5273 1
1068 1027 1
1068 7627 1
1068 4568 1
1068 2823 1
7262 7240 1
7262 4112 1
7262 9397 1
7262 1312 1
6714 151 1
4742 3321 1
4742 1587 1
4742 5257 1
4742 339 1
4742 1724 1
4742 3590 1
4742 7710 1
4742 3439 1
4742 7946 1
4742 4553 1
4742 9563 1
4742 9118 1
4742 8212 1
4742 2376 1
4742 2158 1
4742 9329 1
2258 4393 1
7842 3422 1
3808 5674 1
3353 8349 1
7290 2783 1
7290 7615 1
7290 6472 1
7290 7914 1
731 7649 1
6317 4635 1
6317 1974 1
6317 9048 1
6317 3634 1
6317 4474 1
1864 9109 1
1864 8557 1
1864 3595 1
1864 6888 1
1864 2549 1
1864 6628 1
1864 8324 1
2905 5217 1
2567 6074 1
2567 830 1
2567 5985 1
2567 2897 1
2567 8924 1
2567 7867 1
9135 3805 1
5814 8223 1
5814 2864 1
5814 4456 1
5814 2405 1
5814 1663 1
5814 9541 1
3908 7907 1
3414 5021 1
6797 6300 1
8052 1302 1
2883 2766 1
6634 1582 1
1578 1341 1
7724 6520 1
8382 6967 1
7311 368 1
4198 6656 1
4198 5988 1
4198 5783 1
4198 8257 1
4198 2246 1
1337 4705 1
227 8706 1
227 4969 1
2357 2858 1
2357 8915 1
2357 3922 1
2357 9530 1
2357 578 1
2357 8711 1
2357 5468 1
1754 819 1
4568 6855 1
4568 3259 1
6924 3950 1
6924 3126 1
6015 8164 1
4504 8982 1
9409 24 1
3675 1985 1
3675 8003 1
9604 3497 1
1954 4344 1
1954 2166 1
1954 3509 1
1954 8798 1
6730 5579 1
6730 2780 1
6730 7626 1
6774 7788 1
1422 8079 1
9480 7086 1
9480 3560 1
9480 8388 1
9480 6295 1
9480 2856 1
9480 7428 1
9480 4111 1
9480 7752 1
9480 4031 1
9480 2401 1
9480 4053 1
9480 4500 1
9480 998 1
9480 8058 1
9480 2292 1
3481 8752 1
4354 527 1
1572 6857 1
4983 4333 1
3806 4541 1
3806 5572 1
2755 703 1
2755 4850 1
2755 7830 1
2755 723 1
2755 4291 1
2755 5395 1
2755 9261 1
2755 5966 1
2755 5082 1
2755 6251 1
2141 7804 1
7175 5163 1
1135 9139 1
1135 9298 1
1135 2247 1
1135 264 1
5623 2043 1
5623 592 1
9054 871 1
6509 976 1
1271 5850 1
1271 6460 1
1271 2604 1
1271 58 1
1271 5444 1
1271 2392 1
1271 7531 1
1271 2532 1
1271 5326 1
1271 9071 1
1271 3878 1
1271 7629 1
1271 5977 1
1271 4704 1
1271 4357 1
1271 26 1
1271 8480 1
1271 2391 1
1271 4501 1
1271 2285 1
1271 9438 1
1271 8582 1
1271 5553 1
1271 9222 1
1271 687 1
1271 7568 1
1271 7959 1
1271 93 1
1271 1569 1
9258 7481 1
9258 2065 1
922 246 1
922 5521 1
922 2112 1
6479 1565 1
6479 5666 1
6479 3619 1
6479 4427 1
6479 3570 1
6479 6746 1
982 1216 1
9351 8048 1
1348 6498 1
1348 9467 1
8129 5299 1
4353 2471 1
8918 542 1
414 388 1
414 8920 1
414 2547 1
414 5248 1
414 3168 1
414 352 1
414 2015 1
414 7318 1
414 4763 1
414 8930 1
5570 8031 1
1204 8072 1
1204 5897 1
1204 9619 1
4880 5613 1
139 31 1
1272 4240 1
770 2844 1
770 8629 1
770 3548 1
770 3515 1
770 1829 1
770 4995 1
770 1316 1
770 3465 1
3977 2200 1
3977 4583 1
3977 6437 1
3977 6531 1
3977 6023 1
3977 4565 1
3977 8565 1
3977 7869 1
3977 3640 1
3977 4321 1
3977 8251 1
3977 8906 1
3977 7936 1
3977 4617 1
3977 7467 1
3977 8687 1
2808 7857 1
8905 7091 1
8905 364 1
4857 4844 1
4857 9091 1
4857 9123 1
8347 7468 1
7576 2816 1
7328 7711 1
8354 4348 1
8354 1771 1
3401 1177 1
3401 8914 1
6221 1739 1
4014 1442 1
4014 574 1
4014 7416 1
4014 2720 1
4014 4918 1
4014 6595 1
4014 5871 1
4014 7916 1
4014 5807 1
4014 3441 1
4014 7388 1
4014 2090 1
4014 528 1
4014 600 1
4014 4391 1
4014 6173 1
4014 4613 1
4014 8330 1
5984 5661 1
3442 8511 1
1264 2439 1
4508 3539 1
6060 1458 1
6080 368 1
764 2686 1
764 2452 1
764 8443 1
764 1880 1
764 7729 1
5037 1776 1
3794 479 1
4685 5595 1
4685 326 1
4685 7797 1
4685 6892 1
4685 4294 1
4685 6343 1
4685 473 1
4685 7502 1
1037 2014 1
8400 9384 1
7524 647 1
2717 8836 1
3231 769 1
3622 1622 1
7143 586 1
7143 2252 1
6626 4340 1
3642 807 1
3642 1747 1
3642 6599 1
3642 729 1
3642 4379 1
3642 3780 1
3642 8749 1
3642 6424 1
3642 1583 1
3642 2972 1
3642 980 1
775 1441 1
7865 1679 1
7865 7756 1
6593 7904 1
6593 9189 1
2899 5080 1
4931 2242 1
1290 1544 1
1290 7665 1
1290 7536 1
1290 1168 1
1584 1998 1
1584 6757 1
2176 1735 1
2176 5006 1
2176 4548 1
2176 3873 1
2176 4773 1
2600 7889 1
2600 5640 1
6237 5479 1
6237 8591 1
665 8707 1
1672 8628 1
5635 2368 1
8022 4493 1
1363 2795 1
1363 8701 1
1363 587 1
2520 237 1
4339 5263 1
4339 3333 1
4339 4309 1
4339 8353 1
4339 7267 1
4339 2152 1
4339 1362 1
4339 1635 1
4339 1523 1
4339 6629 1
4339 429 1
4339 5328 1
4339 6439 1
4339 3413 1
6902 6370 1
5692 1306 1
5692 1129 1
5692 2719 1
5692 3300 1
5692 5275 1
5692 4746 1
5692 2363 1
1891 1414 1
1891 3943 1
3891 8403 1
4564 6131 1
4564 3510 1
4564 2117 1
4564 6711 1
8958 3798 1
8958 7092 1
8958 5168 1
6685 213 1
6685 6697 1
6685 1694 1
6685 8719 1
6685 9615 1
6685 2580 1
6685 9396 1
6685 1779 1
6685 480 1
6685 4273 1
6685 5490 1
6685 3939 1
6685 3714 1
6685 727 1
6685 6516 1
6685 4636 1
6685 3721 1
6685 6587 1
6685 7586 1
6685 4106 1
6685 7719 1
6685 5237 1
2331 5634 1
2331 6360 1
2331 5369 1
2506 8358 1
2506 3046 1
2506 967 1
2506 2208 1
2506 5591 1
2506 1195 1
2506 1841 1
2506 4794 1
2506 8156 1
2506 5953 1
2506 2216 1
2506 4651 1
2506 601 1
1538 2775 1
1538 571 1
1538 5669 1
1538 3787 1
1538 8671 1
1538 3319 1
5314 7254 1
5314 6649 1
5314 2677 1
5314 553 1
5314 8827 1
5314 6840 1
5314 9113 1
5314 7589 1
5314 5495 1
5314 8327 1
5314 5428 1
5314 4699 1
440 2616 1
440 4176 1
440 2027 1
440 5050 1
440 4838 1
3807 8537 1
5990 6121 1
5464 6555 1
5464 5596 1
5464 8751 1
5464 6540 1
3256 4065 1
8180 8789 1
8180 5137 1
8180 8638 1
8180 4961 1
8180 397 1
8180 2546 1
8180 5281 1
9552 1304 1
7108 7887 1
1347 8642 1
1347 7850 1
1347 4335 1
1347 1824 1
1347 2447 1
1347 4549 1
1347 503 1
1347 6219 1
1347 1385 1
1347 2990 1
1347 4624 1
1347 6182 1
1347 1903 1
1347 7121 1
1347 3351 1
1347 927 1
1347 9117 1
1347 5147 1
1347 9532 1
1347 9363 1
1347 7068 1
1347 947 1
1347 1761 1
1347 9445 1
1624 7278 1
9620 3731 1
9457 5914 1
6927 1664 1
1093 8139 1
1093 8092 1
1093 7206 1
1093 9383 1
1093 6731 1
1093 1164 1
1093 1348 1
8700 6213 1
1392 3643 1
1392 1059 1
8230 4237 1
8230 1396 1
8230 9472 1
4722 3318 1
4722 670 1
4722 177 1
4722 7743 1
4722 3347 1
4722 5659 1
4722 7040 1
4722 4166 1
4722 8043 1
4722 4948 1
4722 5192 1
4722 8356 1
4722 4747 1
4722 7139 1
4722 663 1
4722 7417 1
4722 4343 1
4722 156 1
4722 297 1
4722 3971 1
4722 6986 1
4722 5439 1
4722 2119 1
4722 7299 1
4722 7562 1
4722 1241 1
4722 3649 1
4722 1657 1
4722 4895 1
4722 3701 1
4722 7150 1
4722 7414 1
4722 6416 1
1590 9011 1
1590 9190 1
1590 6033 1
1590 7740 1
1590 9443 1
9381 8222 1
9381 4645 1
7291 4378 1
1740 3512 1
1740 863 1
1740 1680 1
1740 3672 1
6718 1964 1
6718 951 1
6718 498 1
1960 6154 1
7093 404 1
3092 7722 1
3092 675 1
3092 2422 1
3092 3828 1
3092 9571 1
3092 5114 1
3092 6178 1
3092 6643 1
8900 7231 1
481 7508 1
481 1273 1
481 3491 1
481 2223 1
481 6220 1
481 9231 1
481 3645 1
481 7158 1
1980 3000 1
8459 9218 1
5703 8282 1
3016 8748 1
7156 3244 1
4979 5507 1
4979 994 1
4979 5611 1
4979 4088 1
4979 2861 1
4979 5895 1
4979 1900 1
4979 6698 1
4979 2006 1
4979 3313 1
4979 7163 1
4979 3623 1
4979 3707 1
4979 9024 1
4979 3968 1
9259 7 1
5456 6231 1
6490 1956 1
8731 5174 1
425 2023 1
2271 7819 1
2271 4897 1
2271 158 1
2271 657 1
4283 4740 1
2104 8200 1
2104 3750 1
2104 7999 1
2104 2537 1
2823 1794 1
6025 6243 1
6025 8993 1
1216 3141 1
379 756 1
5700 2998 1
5700 4649 1
7006 2772 1
8928 4297 1
8928 4920 1
8928 4670 1
8928 5330 1
6337 9232 1
6337 6212 1
6337 2365 1
6337 4542 1
6337 7915 1
6337 1374 1
6337 4563 1
6337 779 1
6337 3420 1
6337 4293 1
6337 6683 1
6337 4569 1
6337 2019 1
6337 5754 1
6337 4177 1
6337 6998 1
6337 9462 1
6337 3229 1
6337 8668 1
6337 5679 1
6337 545 1
6337 5808 1
6337 3851 1
6337 16 1
6337 4251 1
6337 4203 1
6337 6508 1
7033 3820 1
7033 2662 1
7033 2922 1
7033 4216 1
117 5049 1
8016 4854 1
5951 6820 1
5951 563 1
5951 2156 1
5951 4314 1
5951 694 1
5951 9073 1
5951 2050 1
5951 6166 1
5951 1463 1
8834 995 1
8834 7232 1
8834 4744 1
8834 6678 1
7414 2810 1
3120 8887 1
3120 3017 1
9357 8289 1
8066 2306 1
8066 7164 1
8066 5842 1
4408 7757 1
4408 6201 1
4408 2388 1
4408 2351 1
4458 6823 1
5558 2673 1
668 588 1
2158 7790 1
2158 8544 1
8145 1448 1
8145 1868 1
8145 4257 1
8145 5121 1
8145 8809 1
8145 5519 1
8145 6814 1
8145 5747 1
8145 8071 1
8145 5585 1
1354 9603 1
1354 3372 1
1354 142 1
1354 304 1
230 7271 1
8957 8483 1
2671 135 1
2671 5613 1
173 5975 1
173 3699 1
1456 8214 1
4827 2674 1
4827 6455 1
4827 5349 1
4827 3034 1
4827 9446 1
4827 4652 1
4827 8945 1
4827 4406 1
4827 8669 1
4827 4354 1
4827 1069 1
4827 6179 1
4827 8616 1
4231 7891 1
4231 1139 1
4231 3221 1
4231 4110 1
4084 5278 1
206 6897 1
1519 6786 1
8766 8103 1
8766 210 1
3785 8515 1
744 9291 1
744 5720 1
9176 1564 1
9176 3039 1
9176 4468 1
9176 9116 1
9176 7339 1
9176 2978 1
9176 9607 1
2512 2241 1
940 782 1
7630 2555 1
4449 7275 1
4449 6834 1
1039 7874 1
3314 4965 1
3314 3449 1
2066 6570 1
6092 5676 1
7678 6620 1
6376 7323 1
3167 8507 1
781 8085 1
4754 5010 1
4754 8694 1
4754 8897 1
4754 5821 1
4754 4345 1
4754 2294 1
4754 5434 1
7604 4598 1
22 3198 1
22 1611 1
4552 7172 1
4552 3577 1
7956 7537 1
8417 4116 1
8417 5605 1
8417 6020 1
8417 14 1
8417 2798 1
8417 9456 1
8417 1837 1
8417 9240 1
8417 5888 1
8417 8032 1
8417 8888 1
6657 4241 1
6657 5911 1
6657 2355 1
6657 9594 1
7709 8912 1
7709 6605 1
7709 6167 1
4669 7142 1
4669 7859 1
3968 4153 1
3968 8323 1
3968 8109 1
3968 6585 1
3968 8517 1
3968 2457 1
3968 7746 1
3968 2598 1
3968 9382 1
3968 7048 1
3968 7911 1
3968 8437 1
3968 2626 1
3968 3774 1
2851 1673 1
2851 5274 1
2851 9573 1
2851 8989 1
2851 6638 1
2851 9181 1
2851 2282 1
2851 8432 1
2851 258 1
2851 3522 1
2851 4943 1
2851 4069 1
2851 1875 1
2851 3447 1
2851 4729 1
2851 2601 1
2851 2102 1
2851 8776 1
2851 1681 1
6183 4561 1
6070 4560 1
2575 616 1
2575 4411 1
2575 6169 1
2705 8639 1
1043 3209 1
4434 4255 1
5796 6084 1
6859 904 1
6859 7495 1
3716 1049 1
6749 1174 1
1822 2350 1
4516 3481 1
4507 3513 1
4507 1951 1
4944 5663 1
820 3011 1
820 3072 1
820 832 1
820 892 1
820 4785 1
820 8018 1
820 5831 1
820 8110 1
820 9459 1
820 5709 1
820 3771 1
820 6003 1
820 4527 1
820 7638 1
820 7203 1
820 7681 1
5930 4912 1
6382 2335 1
6382 4637 1
6382 3704 1
6382 4547 1
6382 6045 1
7990 8105 1
8232 2589 1
8232 1228 1
8232 641 1
8232 7960 1
8232 7666 1
8232 6484 1
8232 5008 1
8232 3571 1
8232 9444 1
8232 459 1
8232 8880 1
8232 4947 1
3741 348 1
3741 5250 1
3741 8754 1
3741 5565 1
4374 7452 1
4374 8281 1
4374 1033 1
4374 9605 1
4374 3899 1
4374 4990 1
4374 881 1
4374 2877 1
6779 6501 1
5514 5107 1
5514 4768 1
5684 1389 1
1444 457 1
6822 8745 1
6822 8810 1
6822 3415 1
7140 1270 1
6273 1423 1
2292 1603 1
2292 195 1
2292 4302 1
2292 914 1
2292 638 1
2292 4876 1
2292 8987 1
1484 6581 1
2253 7519 1
2253 8369 1
1075 8300 1
1075 9086 1
1075 5872 1
8825 3429 1
8825 4499 1
8825 5367 1
8825 6715 1
5798 763 1
5798 7137 1
3056 8586 1
3161 5244 1
3161 6106 1
3161 6082 1
3161 3076 1
3161 1592 1
3161 1165 1
3161 2916 1
3161 8973 1
3161 8966 1
3161 8434 1
3161 6543 1
3161 7903 1
3161 5494 1
7029 6815 1
9119 4454 1
3135 5356 1
3135 2310 1
3135 1913 1
3135 2543 1
7077 6545 1
6205 8785 1
6205 9608 1
6205 1076 1
6205 3144 1
7351 5012 1
4364 6374 1
5196 7498 1
5440 6229 1
5440 581 1
3584 9160 1
3584 1055 1
225 6839 1
225 5470 1
3700 1791 1
8547 6364 1
4853 5474 1
6918 9148 1
3403 928 1
3403 7895 1
6672 6583 1
6672 6292 1
6672 4966 1
6672 383 1
6672 4625 1
6672 653 1
583 1465 1
583 1361 1
583 5419 1
8394 714 1
3930 6078 1
9126 8514 1
4200 7455 1
4200 2101 1
4200 7736 1
4200 4980 1
6508 57 1
6508 7763 1
6508 8165 1
6508 1332 1
6508 305 1
4381 3212 1
4381 1367 1
4842 2087 1
4842 3130 1
4842 6833 1
4842 3037 1
1130 2004 1
794 7195 1
794 1728 1
794 1842 1
794 3931 1
794 4096 1
794 6863 1
794 270 1
794 3695 1
794 5032 1
794 6691 1
8860 2073 1
8401 7246 1
1094 7540 1
34 6565 1
2259 4814 1
2259 8999 1
2259 1926 1
2259 5028 1
6664 3888 1
1115 5294 1
1115 4594 1
1115 8816 1
1115 9359 1
1115 3129 1
5541 6408 1
8344 888 1
8344 5603 1
656 5624 1
2128 8867 1
7764 6136 1
8508 7600 1
3204 3626 1
3204 9368 1
3204 887 1
3204 1344 1
3204 795 1
3204 9060 1
3204 8978 1
3204 5332 1
3204 1731 1
3204 576 1
3204 8201 1
3204 949 1
3204 5717 1
3204 6425 1
3204 32 1
3204 4198 1
3204 8314 1
3204 4716 1
3204 6596 1
3204 3567 1
3081 2482 1
1020 827 1
4316 6720 1
8045 3104 1
8045 4531 1
8045 788 1
8045 4252 1
3391 5452 1
3391 9614 1
3391 6505 1
3391 2004 1
3391 5795 1
3391 120 1
3391 1614 1
3391 7340 1
2304 8900 1
293 1057 1
293 5155 1
293 1102 1
293 4771 1
2809 5378 1
7119 1407 1
4846 6658 1
243 8712 1
2466 8562 1
2466 4908 1
2466 5788 1
2466 8812 1
2466 360 1
711 3038 1
711 6510 1
7607 2982 1
7607 1665 1
7607 5098 1
6442 8359 1
1001 9012 1
5749 1239 1
5451 3095 1
2704 5291 1
4950 5510 1
4950 7118 1
4950 2281 1
1549 1918 1
1549 6223 1
1549 4610 1
1549 4491 1
1549 648 1
1549 1334 1
1549 6085 1
1549 5140 1
1549 4799 1
1549 6249 1
1261 9196 1
7223 7038 1
7223 6869 1
1993 2124 1
5706 5741 1
5706 5422 1
5706 6660 1
2895 1826 1
6511 3875 1
8483 2072 1
8483 5517 1
2751 3953 1
2751 5218 1
456 6889 1
8730 8931 1
6522 9151 1
4072 8849 1
8358 8932 1
1364 4175 1
1364 5732 1
1364 8998 1
1364 5763 1
3006 8181 1
7086 1238 1
4579 3985 1
4579 4664 1
4579 7767 1
4579 4086 1
4579 148 1
4579 2813 1
4579 2302 1
8595 9347 1
670 6901 1
9082 6433 1
9082 6725 1
1598 9606 1
8557 7753 1
8557 5408 1
8557 4866 1
8557 5552 1
8557 4684 1
8557 5224 1
8557 420 1
8557 7042 1
8557 9296 1
7001 7391 1
7001 7034 1
7001 2372 1
7001 8622 1
7001 70 1
7001 7745 1
7001 4019 1
7001 161 1
7519 5738 1
7519 8371 1
7519 1933 1
7519 1741 1
7519 3773 1
5859 5569 1
560 5269 1
4956 1718 1
3861 3988 1
5792 515 1
4965 674 1
4965 2375 1
4965 3200 1
29 3903 1
29 2236 1
29 3844 1
2323 3746 1
2323 6056 1
7183 785 1
7183 8675 1
7183 3563 1
2248 5656 1
2248 4484 1
8878 7897 1
8878 141 1
8878 7806 1
4325 2322 1
4325 7014 1
6619 6422 1
1737 3357 1
1737 829 1
1737 7858 1
1737 1213 1
3693 4068 1
3693 8374 1
2094 8192 1
2094 3947 1
2094 4546 1
2094 2039 1
6037 7636 1
6037 3646 1
4563 7526 1
4563 5913 1
4563 1338 1
4563 4873 1
4563 8768 1
1974 4970 1
6406 5602 1
2202 9035 1
2202 9407 1
2202 1808 1
2202 9625 1
7091 1474 1
7091 1585 1
3845 6914 1
3845 4986 1
3845 1007 1
3845 4131 1
3845 4461 1
3845 433 1
7720 9540 1
6295 7640 1
2555 517 1
2555 2651 1
5131 1961 1
3420 5405 1
6742 5918 1
6742 3722 1
6742 9080 1
6742 2507 1
6742 1381 1
6742 122 1
6742 9147 1
6742 8954 1
6742 9025 1
5636 802 1
5636 2800 1
7227 5854 1
1524 1551 1
7032 8716 1
7032 7496 1
7032 6090 1
4114 5713 1
7490 8264 1
7490 6997 1
7420 5306 1
7420 6655 1
7420 5963 1
7420 6115 1
7420 6068 1
7420 9099 1
7420 1110 1
7420 3926 1
7420 2414 1
2240 5743 1
2240 2913 1
6823 2326 1
7812 4034 1
2276 5472 1
4805 2661 1
2679 3450 1
8693 5337 1
8693 7807 1
8693 8777 1
8693 7870 1
8693 9092 1
8693 3208 1
8693 6551 1
8693 7555 1
8693 4013 1
8693 7659 1
8693 9223 1
8693 1220 1
8693 7733 1
8693 7466 1
2518 8143 1
5238 6217 1
8104 6901 1
7531 7141 1
5837 8956 1
2465 6226 1
2465 9290 1
2465 8646 1
839 3500 1
839 6119 1
4100 133 1
4777 8497 1
2885 9182 1
2885 1930 1
2885 8420 1
2885 3233 1
8866 5025 1
6555 7770 1
4239 7772 1
4239 6225 1
531 5574 1
531 7690 1
531 3423 1
8793 2250 1
9048 7938 1
9048 7015 1
9048 603 1
8864 5108 1
8864 602 1
6970 6246 1
1479 8158 1
1343 6414 1
367 505 1
367 1811 1
367 4972 1
6455 8859 1
7009 1461 1
1669 9158 1
1669 511 1
2212 9388 1
8253 6584 1
4293 6780 1
4293 9293 1
3408 256 1
8188 7688 1
756 8074 1
3339 4036 1
3339 932 1
7748 8122 1
7748 9312 1
6048 5089 1
6465 1966 1
3658 405 1
3658 7783 1
5366 2110 1
5677 5209 1
5952 5621 1
8913 1455 1
2719 1633 1
1042 8423 1
1042 5090 1
1042 7686 1
9534 1848 1
9088 8148 1
9088 2579 1
9088 8850 1
9088 7964 1
9088 6492 1
9088 9165 1
9088 2474 1
9088 7596 1
6862 1237 1
6862 6548 1
6862 398 1
6862 8548 1
589 497 1
2416 2742 1
3483 9292 1
1128 5054 1
1128 9394 1
1402 4063 1
1003 7572 1
6484 9416 1
6701 3904 1
2772 8506 1
9586 9524 1
9586 6141 1
9586 2723 1
9586 7827 1
4347 6444 1
4347 197 1
4347 2805 1
7321 516 1
7321 3957 1
7321 8345 1
2731 6665 1
1889 2931 1
6261 5772 1
6261 1774 1
53 424 1
53 7155 1
53 7126 1
53 4093 1
4693 9209 1
4693 7969 1
4616 6463 1
4616 489 1
6707 7759 1
4694 1291 1
4694 4775 1
5044 1923 1
6486 4519 1
6936 5284 1
1990 6371 1
8315 4377 1
8315 733 1
9215 8813 1
591 2122 1
1646 7282 1
4820 6335 1
2534 2018 1
2534 9433 1
2422 485 1
2422 9 1
1515 6494 1
2773 2412 1
2773 4133 1
2773 1026 1
2773 5889 1
2773 4907 1
2773 5125 1
232 5547 1
232 5022 1
3586 7050 1
6624 3702 1
6624 2403 1
6624 9168 1
2476 5757 1
2476 3726 1
2476 3132 1
2476 2377 1
6866 5853 1
6866 3781 1
6866 2852 1
6866 4038 1
6866 23 1
6866 3207 1
6866 1012 1
6953 9475 1
6953 6921 1
6953 9078 1
6953 7260 1
7336 999 1
866 4996 1
8182 6140 1
8760 5955 1
8760 5088 1
6144 2312 1
6144 5258 1
9175 3105 1
6142 2997 1
6142 1166 1
700 8426 1
700 6933 1
6799 609 1
7345 7484 1
7345 3597 1
1779 4648 1
1779 3025 1
1779 6642 1
1779 3955 1
1779 7312 1
925 9577 1
925 2919 1
925 159 1
1013 6293 1
1013 4916 1
1013 1398 1
1013 9235 1
4715 3215 1
4715 1082 1
4715 6426 1
4715 1351 1
901 10 1
901 3906 1
901 8670 1
3537 2005 1
5898 7144 1
5898 9515 1
5898 537 1
3571 199 1
2786 5039 1
623 1161 1
623 5153 1
623 1860 1
623 6651 1
3963 1555 1
3963 8196 1
6810 3096 1
2986 9001 1
2986 6395 1
2986 9437 1
2986 3394 1
4384 1355 1
8241 5505 1
2 7935 1
5931 5944 1
5931 9081 1
2645 4888 1
2645 8971 1
2645 1702 1
2645 4891 1
3184 7718 1
3184 4182 1
3184 4363 1
4614 6807 1
4614 6881 1
4614 5460 1
4614 75 1
6137 7128 1
7944 4435 1
7944 4058 1
3074 1744 1
3065 5719 1
4671 7213 1
297 4631 1
297 1409 1
2114 2118 1
1287 4988 1
3293 7349 1
3293 2142 1
3293 4833 1
3293 8021 1
3293 720 1
3293 5563 1
9061 7297 1
9061 5172 1
494 8759 1
494 1976 1
7020 8651 1
7020 2853 1
7020 4593 1
8587 7866 1
1132 622 1
5492 1077 1
5492 896 1
8106 9326 1
8106 8659 1
8106 8848 1
258 8526 1
4438 9390 1
5764 4004 1
5764 9122 1
7497 7347 1
7497 8002 1
4314 182 1
3976 2976 1
3865 2423 1
1947 5633 1
5496 4618 1
5496 5176 1
8057 83 1
7225 416 1
9466 3770 1
8941 295 1
5971 4974 1
7751 7320 1
6529 2249 1
7024 4935 1
3312 3182 1
3312 5830 1
3312 4914 1
3312 853 1
1617 8597 1
4238 409 1
4238 5427 1
2194 2847 1
2194 7795 1
5463 2318 1
5463 8784 1
1625 62 1
810 1 1
849 87 1
849 2889 1
849 2499 1
849 7884 1
849 5297 1
849 7839 1
849 3146 1
849 4829 1
7844 8256 1
4121 6858 1
9184 8088 1
8456 11 1
7985 408 1
7985 7174 1
7985 7683 1
2077 2135 1
2266 6153 1
2266 2305 1
3303 7439 1
3303 1201 1
3303 7333 1
2713 6802 1
2713 3796 1
2713 8790 1
2713 8446 1
666 6601 1
2745 2404 1
2733 2708 1
7982 9050 1
3605 5099 1
3605 4162 1
4836 3842 1
6967 8736 1
6967 7317 1
6967 1095 1
6967 8903 1
2619 3250 1
2784 9452 1
2784 224 1
2784 2157 1
2784 4756 1
2784 4475 1
2784 3689 1
2784 8770 1
2784 7841 1
2784 5480 1
2784 9566 1
2784 4691 1
2784 1231 1
2790 2364 1
6884 7473 1
6710 5529 1
4069 7476 1
4069 8627 1
1881 1090 1
1739 9015 1
4187 1567 1
4187 3610 1
4187 1914 1
880 92 1
880 3696 1
7675 6102 1
7675 7285 1
7675 9495 1
7675 7886 1
7675 4562 1
2115 1023 1
2115 4085 1
2115 640 1
2115 3102 1
2115 2879 1
2115 5657 1
3282 5144 1
6722 5584 1
6722 1200 1
6722 6934 1
8457 447 1
6826 873 1
7114 6729 1
7517 2196 1
7517 7951 1
1602 4852 1
1602 4512 1
1602 7691 1
1602 5336 1
1602 1111 1
1602 4780 1
5747 4132 1
5747 6400 1
5747 6279 1
5747 8474 1
5747 336 1
5747 752 1
1488 9411 1
7854 1833 1
1246 9221 1
3911 5594 1
6282 6118 1
151 9611 1
151 7732 1
151 3772 1
3973 4898 1
6203 4757 1
6203 8708 1
6203 8202 1
6203 1280 1
7648 9376 1
7713 8786 1
6017 3436 1
6017 5351 1
6017 9336 1
6017 715 1
153 2450 1
15 6578 1
15 4973 1
15 2684 1
15 9006 1
15 4066 1
15 7639 1
15 6051 1
15 5087 1
15 319 1
15 2143 1
15 9613 1
15 2469 1
15 5904 1
15 1459 1
15 6009 1
15 1318 1
15 3406 1
15 9021 1
15 935 1
15 6083 1
15 1955 1
15 4713 1
15 5001 1
15 842 1
15 5905 1
15 3659 1
15 5233 1
5718 8044 1
7386 110 1
3494 33 1
3475 4800 1
3475 6324 1
3475 8743 1
3670 4828 1
3670 1193 1
3670 2417 1
3670 5885 1
316 1671 1
316 1401 1
1308 1508 1
1308 7952 1
1308 2964 1
978 492 1
978 19 1
978 3049 1
3269 4758 1
6049 8763 1
6049 3040 1
7999 742 1
6089 5236 1
4497 4551 1
4497 4459 1
8278 1571 1
8140 6790 1
8871 6899 1
1657 2396 1
1657 8894 1
2129 3678 1
2129 9022 1
3898 5280 1
3898 3959 1
6941 9557 1
6941 5313 1
6941 4346 1
2888 5722 1
2888 238 1
2888 6383 1
2888 7214 1
2888 5950 1
2073 8895 1
5101 5363 1
5101 7072 1
5101 245 1
5101 7923 1
6327 672 1
5593 9120 1
988 4414 1
988 2477 1
988 4710 1
1293 3106 1
4766 9421 1
1983 2356 1
5146 3021 1
1205 6908 1
7954 169 1
1869 2473 1
4742 816 1
7290 64 1
7290 2887 1
4198 9487 1
4198 1157 1
2357 5430 1
2357 8518 1
6015 8568 1
6015 634 1
6015 4984 1
6015 4810 1
6015 1470 1
6015 3051 1
6015 3191 1
6015 2565 1
6015 9398 1
6015 567 1
6015 990 1
6015 5907 1
6015 8185 1
6015 6452 1
6015 8001 1
6015 7472 1
9480 7942 1
9480 2923 1
3806 5887 1
1271 606 1
922 504 1
6479 6297 1
414 4365 1
414 6123 1
414 3053 1
414 8549 1
770 3217 1
3977 6143 1
3977 6307 1
3977 7703 1
3977 3764 1
7328 9199 1
4014 6622 1
4014 6568 1
4014 6032 1
2850 6466 1
2176 9498 1
1723 5549 1
1723 208 1
1723 9206 1
1723 8802 1
1723 1189 1
1723 5202 1
1723 659 1
1723 8218 1
1723 5710 1
1723 3937 1
1723 7505 1
1723 4511 1
1723 9567 1
1723 1729 1
1723 8470 1
1723 5670 1
1723 6621 1
1723 7507 1
1723 6393 1
1723 5878 1
1723 5522 1
1723 8006 1
1723 3876 1
1723 7026 1
1723 4259 1
1723 9496 1
1723 4646 1
1723 71 1
1723 6668 1
1723 2297 1
1723 5383 1
1723 8755 1
1723 6557 1
1723 3795 1
1723 3882 1
1723 6432 1
1723 3803 1
1723 1137 1
1723 8408 1
1723 2409 1
1723 7241 1
1723 3163 1
1723 5173 1
6237 5295 1
6237 9171 1
4339 9001 1
4339 5149 1
5692 7560 1
6685 4352 1
6685 2500 1
6685 3311 1
6685 3665 1
6685 5550 1
2506 9352 1
440 9478 1
1347 4046 1
1347 6238 1
1347 7922 1
1347 9432 1
1093 1910 1
8230 8934 1
8230 9047 1
4722 2255 1
4722 7115 1
4722 7900 1
4722 5776 1
4722 3651 1
4722 281 1
4722 5070 1
4722 7953 1
4722 1044 1
4722 4158 1
4722 3336 1
1590 8436 1
1734 5141 1
1734 9316 1
1734 9028 1
1734 897 1
1734 5528 1
1734 6716 1
4979 184 1
4979 5304 1
4979 1777 1
4979 5015 1
4979 2648 1
4979 189 1
2271 6410 1
6337 1297 1
5951 4572 1
5951 8949 1
5951 1600 1
5951 4235 1
8145 6355 1
6384 6962 1
4827 1613 1
4827 1311 1
4827 8381 1
4231 518 1
4754 8737 1
4754 6046 1
8417 6171 1
3968 7201 1
3968 7021 1
3968 3995 1
2851 9079 1
2851 3024 1
6382 4545 1
8232 3227 1
8232 3399 1
8232 8771 1
277 5386 1
277 7929 1
6822 4263 1
2292 6306 1
3161 3124 1
3161 1256 1
3584 2484 1
3403 7007 1
3403 6411 1
3403 2370 1
3403 3279 1
6672 8939 1
6508 9271 1
4842 2319 1
794 9447 1
794 7664 1
794 3345 1
2259 3003 1
3391 5870 1
2466 939 1
1549 8391 1
1549 2763 1
1549 1856 1
5191 1940 1
5191 1345 1
6735 4628 1
2446 2 1
2446 7453 1
9425 4107 1
4655 1226 1
6274 1626 1
2481 4421 1
8759 9424 1
8759 3845 1
8759 2733 1
8759 2888 1
6617 3550 1
5523 4663 1
7359 1253 1
1289 4385 1
4163 1028 1
5843 3350 1
5843 7252 1
5843 6075 1
4264 4319 1
1708 5902 1
2878 1292 1
2878 8145 1
2878 47 1
9279 4714 1
8277 9494 1
4221 6019 1
5826 8269 1
6086 4835 1
3821 4621 1
6187 6702 1
3276 6925 1
3179 3133 1
3179 3416 1
3179 453 1
3179 329 1
3179 8942 1
3179 4121 1
3179 5103 1
3179 9382 1
3179 8402 1
4863 3857 1
6759 4147 1
4178 2171 1
375 7658 1
6415 9249 1
6255 1087 1
2316 7482 1
1485 6648 1
1485 2936 1
7831 5091 1
6311 7114 1
7237 4200 1
1050 207 1
1206 8337 1
7739 8285 1
2132 3093 1
554 4697 1
3556 4614 1
4672 3738 1
5989 7102 1
3633 2126 1
4861 2408 1
5020 772 1
5020 1745 1
8412 2434 1
6365 9019 1
822 9061 1
5412 6272 1
8242 2534 1
8406 7253 1
7073 3616 1
1468 1402 1
3286 3778 1
3443 7373 1
7735 8354 1
1221 7415 1
6943 5898 1
7393 2465 1
5673 2728 1
8935 3997 1
4328 8832 1
4243 5366 1
4243 925 1
4243 4671 1
4243 810 1
5154 5810 1
5991 3956 1
8117 3425 1
3561 2492 1
3561 8665 1
2053 2829 1
2053 880 1
6717 8073 1
6717 1343 1
5210 3052 1
9349 6941 1
3980 1714 1
5487 2458 1
5358 2262 1
953 1631 1
2793 9381 1
1176 8057 1
7880 4072 1
7880 3067 1
7880 8022 1
254 7117 1
7511 2265 1
4313 8730 1
3393 6337 1
3920 8427 1
3148 1830 1
3148 6953 1
3148 7345 1
3148 4187 1
3148 5314 1
840 7595 1
3045 579 1
8689 3142 1
2799 4603 1
7820 8135 1
9400 5066 1
9400 8676 1
9400 589 1
9400 1013 1
6534 2645 1
5873 8551 1
5873 1638 1
2131 6399 1
7593 9098 1
7593 2175 1
7554 1275 1
5866 215 1
9420 3585 1
755 1358 1
5867 547 1
6801 7230 1
5305 1123 1
1769 7881 1
9525 6836 1
4122 1648 1
6345 3303 1
9062 7610 1
5375 5455 1
6248 5399 1
7396 2339 1
2571 5859 1
2970 739 1
8166 2822 1
3147 4842 1
6929 5971 1
4154 3693 1
2599 2560 1
3493 7022 1
3824 4576 1
3523 682 1
1235 2083 1
5096 1467 1
6695 2161 1
3064 5814 1
6138 3299 1
6755 945 1
4753 3967 1
1887 7012 1
5967 9439 1
8077 1892 1
5123 532 1
4929 9304 1
9084 9586 1
7385 9039 1
2642 9392 1
3566 7910 1
7694 7392 1
6320 3323 1
7387 4798 1
2911 9367 1
8633 6730 1
5935 5685 1
1430 7131 1
9338 6628 1
2953 9255 1
2953 876 1
8589 9428 1
9311 2416 1
8040 3946 1
8342 6058 1
8342 7154 1
6995 6518 1
4689 3435 1
3063 4932 1
6091 712 1
5079 6049 1
1163 7234 1
5268 922 1
9447 6030 1
9447 4953 1
7335 367 1
3860 9534 1
860 1203 1
6865 6794 1
4869 494 1
3825 8488 1
2636 4048 1
8175 2583 1
8490 1287 1
1487 2313 1
9506 5131 1
8865 4367 1
6872 6619 1
8695 8578 1
1108 4749 1
1108 8864 1
1108 7274 1
1108 4623 1
1108 7207 1
1108 1740 1
9276 5957 1
688 18 1
1934 8351 1
3214 9055 1
3214 7336 1
2468 2256 1
2075 7908 1
8837 3012 1
3263 9579 1
900 3255 1
2707 522 1
166 4792 1
1778 3977 1
2989 1471 1
3942 5809 1
3453 3092 1
7486 3210 1
8294 5683 1
8294 4840 1
6264 849 1
1415 3083 1
8550 3297 1
6114 3297 1
8778 6489 1
8525 8693 1
7242 9546 1
7242 2271 1
6268 4438 1
4573 4702 1
6541 6122 1
6541 583 1
2037 4024 1
157 8943 1
8724 2885 1
7996 4777 1
1651 546 1
701 3006 1
2097 6076 1
5651 6742 1
8579 6511 1
6356 5586 1
6026 6037 1
8287 8481 1
9385 847 1
8503 5728 1
4698 5728 1
8409 5952 1
4476 2567 1
129 6041 1
1032 8232 1
6809 3069 1
8822 5752 1
4315 7219 1
9273 1891 1
6615 3881 1
6769 7178 1
7789 8438 1
6493 5755 1
1188 6142 1
2040 386 1
2040 4879 1
2040 978 1
2926 3218 1
6211 229 1
6535 4433 1
5002 3165 1
3032 3706 1
337 5862 1
6569 3438 1
8250 4497 1
4437 4622 1
7389 583 1
5116 9124 1
6896 1208 1
4848 1921 1
8556 232 1
1874 2232 1
681 1855 1
4011 7120 1
9576 5118 1
9269 4366 1
9241 1907 1
8231 1680 1
350 1117 1
209 6089 1
209 4754 1
8226 4325 1
6354 4803 1
8485 7450 1
6990 8419 1
9029 6988 1
6788 7893 1
6828 436 1
3366 5166 1
4380 4114 1
2270 9234 1
618 4962 1
8994 1619 1
6957 3639 1
5568 4957 1
7043 8869 1
4050 8869 1
8430 828 1
8312 1480 1
3992 4566 1
3295 6766 1
1091 8037 1
8332 8702 1
7774 4193 1
6199 1669 1
4877 290 1
5256 1384 1
5256 2722 1
7111 6256 1
9167 4386 1
3291 6015 1
1567 8313 1
9602 2112 1
7017 2773 1
8442 5972 1
7370 286 1
3116 3666 1
2516 901 1
7577 1764 1
4185 5539 1
6558 6685 1
5600 7465 1
7454 2993 1
983 4279 1
8190 5845 1
2848 266 1
4191 4471 1
307 4696 1
6689 3916 1
9375 9564 1
20 9131 1
2221 6732 1
43 8180 1
4647 560 1
7573 8861 1
9132 2655 1
8065 2506 1
8925 2094 1
7541 5038 1
6874 2214 1
556 844 1
9377 308 1
126 9027 1
1845 1081 1
680 5005 1
680 8705 1
3962 7843 1
5061 1493 1
6841 7601 1
799 450 1
1938 5798 1
9517 3216 1
165 2513 1
6503 9465 1
2291 4268 1
2914 7812 1
2591 1329 1
408 8230 1
2183 255 1
5863 2079 1
9412 3381 1
1074 7024 1
1376 2001 1
1079 6936 1
6012 2046 1
9484 7544 1
2665 1838 1
3262 8722 1
4000 8741 1
8138 3973 1
8522 1131 1
5839 3543 1
534 1259 1
7624 1314 1
9226 5869 1
7791 367 1
5912 6385 1
5912 45 1
7695 2880 1
5597 1999 1
8146 3601 1
9155 6738 1
3679 2570 1
310 5380 1
8872 225 1
9512 2207 1
3398 249 1
8020 7829 1
4304 1720 1
8368 3642 1
2526 4502 1
2817 8169 1
9502 5951 1
3267 5512 1
2024 9107 1
3368 3516 1
8132 7810 1
6496 4100 1
1443 9103 1
6829 2617 1
149 3265 1
7061 5458 1
6597 1634 1
557 1267 1
3536 9533 1
2639 6866 1
8341 8184 1
3681 162 1
5352 7330 1
3554 558 1
728 2706 1
7882 2045 1
9431 671 1
973 4820 1
3636 4439 1
9477 7289 1
8268 9323 1
9413 5150 1
6713 7226 1
869 4141 1
3568 8686 1
1553 1948 1
1851 7037 1
8338 1949 1
3625 8392 1
8717 7136 1
9393 4227 1
1976 2323 1
1976 5837 1
3895 140 1
7563 9508 1
9556 8055 1
4070 2130 1
4570 4041 1
7434 7750 1
2608 6810 1
8685 5587 1
2830 5331 1
8150 2095 1
6882 9489 1
5206 2627 1
3456 3553 1
3840 8495 1
6110 183 1
4229 1869 1
1158 6261 1
917 3841 1
1453 5706 1
8512 1653 1
3254 1105 1
3718 2240 1
865 2827 1
8558 916 1
7145 3275 1
3173 854 1
941 8725 1
4155 6522 1
975 8140 1
8333 1492 1
9030 5677 1
2192 3088 1
439 1290 1
8220 7608 1
8696 7308 1
5011 1871 1
5063 5513 1
3894 883 1
981 2531 1
4726 5084 1
4951 242 1
8076 6556 1
4127 2969 1
8254 5168 1
3538 4231 1
7685 596 1
3264 3986 1
9227 9074 1
4997 2259 1
4214 4384 1
2683 6113 1
6645 1008 1
5769 1151 1
9598 5716 1
3432 753 1
9418 9538 1
3978 4267 1
7412 1734 1
3245 3674 1
4602 3853 1
4137 4092 1
1382 4922 1
8554 4715 1
5129 163 1
2312 6798 1
3917 7440 1
8851 9088 1
5162 9088 1
76 6216 1
4308 5044 1
5777 5276 1
2398 2851 1
8217 2202 1
5245 3767 1
9429 5003 1
5956 6044 1
6775 7500 1
1812 2790 1
7704 3302 1
5113 5792 1
7384 7003 1
6906 5433 1
7782 3322 1
3474 8992 1
8889 2749 1
4870 448 1
5467 221 1
512 4370 1
7894 3282 1
8086 2713 1
56 1813 1
3454 8188 1
3418 6308 1
6499 8398 1
924 9043 1
4556 1038 1
2197 839 1
6846 4857 1
5607 583 1
7055 5445 1
8060 4881 1
1116 8947 1
7645 605 1
4741 8598 1
2633 9595 1
7030 3252 1
6951 2549 1
2191 8451 1
8075 1817 1
9097 4968 1
676 1737 1
2577 4181 1
6994 2910 1
318 6200 1
460 5821 1
748 412 1
5498 4616 1
7087 2120 1
6073 7374 1
4233 1881 1
803 4202 1
3517 3459 1
7755 7648 1
3858 3641 1
6912 673 1
7103 2820 1
8383 9299 1
7044 6813 1
3027 7944 1
805 2269 1
5177 5746 1
8654 5493 1
2047 2471 1
1799 6108 1
7485 3608 1
7580 3511 1
4359 7699 1
6132 8595 1
3638 7338 1
1705 6594 1
8723 8234 1
1394 4104 1
6375 7708 1
2724 7076 1
6453 667 1
108 4992 1
3802 1767 1
6666 4239 1
1426 1051 1
8298 3391 1
2397 8253 1
8990 5415 1
8804 3530 1
9374 7407 1
8317 7386 1
2410 759 1
3066 5181 1
8640 9175 1
4921 5423 1
4199 495 1
4706 7197 1
1835 8456 1
4811 6722 1
6147 5801 1
809 2523 1
4764 4223 1
6719 7419 1
8898 812 1
6004 431 1
559 459 1
2303 2058 1
9370 3329 1
7726 1883 1
4074 6952 1
5631 7362 1
5083 178 1
6919 1113 1
421 6888 1
9520 5520 1
7307 2358 1
8608 2455 1
4403 5900 1
2349 1922 1
4537 1983 1
7166 4240 1
885 1785 1
6837 1371 1
4707 456 1
