517 599 1
1514 2064 1
522 1206 1
522 542 1
1091 96 1
901 1754 1
1332 1356 1
448 1509 1
1246 1437 1
1246 1917 1
642 593 1
642 2066 1
1850 345 1
1850 968 1
377 2028 1
857 178 1
857 1976 1
519 799 1
688 206 1
1926 201 1
1926 574 1
1926 1998 1
473 412 1
829 1439 1
858 1911 1
1786 1973 1
1786 1624 1
1786 1599 1
1786 815 1
1786 437 1
1786 1391 1
1786 787 1
1786 2045 1
1786 421 1
1786 2200 1
1786 1207 1
1786 1248 1
1633 376 1
1633 1791 1
701 255 1
1238 2135 1
1238 274 1
1238 1549 1
1238 384 1
1238 1149 1
1238 1797 1
1238 181 1
1238 549 1
1238 1960 1
1238 1398 1
1238 1665 1
1238 1383 1
1238 1101 1
1238 1564 1
140 204 1
140 2003 1
140 928 1
140 408 1
140 658 1
140 2068 1
140 1988 1
140 1762 1
140 107 1
140 673 1
140 2155 1
140 1745 1
140 1721 1
140 934 1
116 253 1
1834 1913 1
1001 283 1
1001 1335 1
1687 1795 1
1687 825 1
1687 1742 1
1687 880 1
1687 941 1
1687 2112 1
1687 2187 1
1687 1471 1
1687 2058 1
1687 2087 1
1687 1553 1
1687 102 1
1687 553 1
1687 1221 1
1687 1628 1
1687 1612 1
927 1580 1
927 161 1
927 1346 1
2084 1650 1
773 191 1
773 1498 1
773 2140 1
1110 4 1
1592 361 1
1592 2027 1
46 510 1
1765 894 1
1765 1223 1
2020 958 1
2020 1353 1
2020 403 1
2020 1520 1
485 643 1
2163 2005 1
2163 242 1
2163 2184 1
2163 151 1
2163 1281 1
150 1926 1
150 1331 1
150 1740 1
150 1524 1
150 938 1
150 357 1
150 1668 1
150 2100 1
150 1063 1
150 1842 1
150 883 1
150 205 1
150 1096 1
150 1552 1
150 476 1
150 1929 1
150 1517 1
1707 2166 1
1363 984 1
1954 1519 1
589 1635 1
1845 839 1
505 339 1
447 1704 1
1656 36 1
2192 1691 1
653 840 1
653 1846 1
582 2093 1
582 42 1
364 653 1
364 1924 1
435 2176 1
1956 1701 1
2171 1019 1
2171 951 1
2171 1423 1
1880 2051 1
909 1106 1
1049 173 1
1719 1829 1
1905 2183 1
1905 1775 1
1905 1619 1
1905 978 1
1905 2098 1
1905 686 1
1905 2071 1
1905 1088 1
1905 832 1
1905 109 1
1905 1263 1
1905 415 1
1905 913 1
1905 806 1
1905 71 1
1905 1991 1
1905 409 1
1905 585 1
1905 1447 1
1905 1224 1
1905 1716 1
1905 1586 1
1905 6 1
1905 1441 1
1905 321 1
1905 555 1
1905 1892 1
1905 1674 1
1905 1864 1
1905 1488 1
1905 596 1
1905 818 1
1905 159 1
1905 1203 1
1905 584 1
1905 1325 1
1905 1985 1
1905 2017 1
1905 630 1
1905 1982 1
1905 1857 1
1905 1438 1
1905 186 1
2153 639 1
2153 1135 1
2153 1715 1
2153 1708 1
2153 1906 1
2153 696 1
2153 449 1
2153 882 1
2153 231 1
2153 1285 1
417 1141 1
1919 1413 1
1919 1830 1
1919 535 1
1919 2125 1
1919 699 1
1919 1138 1
1919 2152 1
1919 1362 1
1919 930 1
1919 1140 1
1919 891 1
1919 1295 1
1919 1265 1
1919 626 1
1919 130 1
1919 1820 1
1919 446 1
1755 306 1
1755 966 1
1755 761 1
1125 1808 1
1742 489 1
1742 232 1
1245 496 1
1443 1943 1
1443 124 1
1443 1843 1
1374 1688 1
1425 1026 1
657 2075 1
539 1755 1
2169 1058 1
2169 2074 1
720 568 1
720 34 1
216 561 1
216 113 1
216 1815 1
216 1726 1
216 1075 1
29 1451 1
29 973 1
29 1927 1
29 2118 1
29 1185 1
29 433 1
29 902 1
29 2023 1
29 267 1
29 184 1
29 1234 1
29 1180 1
29 2189 1
29 989 1
29 1881 1
29 1041 1
29 1918 1
528 1095 1
528 862 1
528 622 1
528 1169 1
528 2085 1
528 48 1
528 145 1
528 2036 1
528 1863 1
528 2196 1
1430 478 1
1430 393 1
1430 418 1
1430 2122 1
1430 1114 1
1430 1710 1
1430 192 1
1430 1812 1
1430 712 1
1430 2013 1
1430 1681 1
1430 672 1
676 243 1
132 959 1
2177 1456 1
1590 344 1
1899 454 1
2080 1631 1
2188 537 1
1548 711 1
896 2130 1
2073 512 1
2176 1816 1
274 1637 1
185 1119 1
61 468 1
61 852 1
61 480 1
1098 1777 1
1889 278 1
1426 1995 1
1426 405 1
1426 1979 1
1426 1955 1
1426 1516 1
1426 747 1
1426 2154 1
1426 1594 1
1426 2190 1
944 126 1
487 716 1
1163 732 1
562 1568 1
562 1477 1
562 802 1
562 1078 1
1539 1383 1
1566 851 1
1566 844 1
1566 1065 1
109 244 1
109 370 1
109 1551 1
109 1296 1
109 1692 1
1445 646 1
1445 586 1
1405 251 1
868 1923 1
2109 1155 1
2109 101 1
1496 1190 1
1496 774 1
1496 93 1
1496 1908 1
1496 816 1
1890 792 1
1890 35 1
1890 590 1
1890 903 1
1890 2054 1
1965 32 1
1738 2039 1
118 1778 1
118 2086 1
679 957 1
213 2119 1
396 864 1
1235 1057 1
1235 2161 1
1235 1479 1
1235 1958 1
1235 1468 1
1235 1055 1
1235 1847 1
228 1270 1
1837 956 1
540 1866 1
1306 1746 1
919 1164 1
358 1156 1
390 1854 1
1682 1587 1
1682 342 1
1682 1379 1
1682 1807 1
678 805 1
678 1912 1
678 1192 1
678 895 1
678 1102 1
678 614 1
1725 897 1
952 897 1
750 310 1
730 1066 1
1184 1604 1
513 707 1
1571 377 1
1571 795 1
1571 1420 1
1806 237 1
668 992 1
668 741 1
1261 430 1
920 2111 1
920 1087 1
1307 218 1
500 1744 1
235 282 1
1894 948 1
1894 1537 1
1894 932 1
1894 649 1
2173 328 1
2173 2096 1
2173 1779 1
2173 790 1
2173 947 1
2173 295 1
898 1212 1
898 1660 1
898 575 1
898 2114 1
1106 997 1
1106 908 1
1106 490 1
1106 2070 1
1839 12 1
1839 443 1
1839 809 1
1839 399 1
1079 334 1
853 1615 1
853 115 1
853 1046 1
853 1667 1
860 669 1
1871 319 1
1419 1957 1
1111 1606 1
1111 1392 1
1111 1293 1
1111 455 1
1111 2083 1
1111 1666 1
1111 1475 1
1111 910 1
1111 632 1
1111 1951 1
1111 1939 1
1111 285 1
1111 1014 1
1111 1652 1
292 995 1
292 2137 1
292 49 1
660 1219 1
660 753 1
660 1122 1
660 843 1
660 2088 1
660 1411 1
660 1429 1
660 1352 1
660 960 1
660 224 1
1371 1786 1
1371 1905 1
1371 2123 1
1371 2095 1
1371 74 1
1137 2000 1
1343 1790 1
415 1980 1
415 945 1
1312 1026 1
833 1022 1
1649 1609 1
1649 798 1
1649 1448 1
1649 41 1
76 169 1
76 905 1
76 507 1
76 219 1
76 1421 1
76 1020 1
76 2105 1
254 98 1
936 2198 1
1162 674 1
1162 1633 1
1350 853 1
1350 566 1
2050 1709 1
2050 1401 1
2050 1220 1
2050 1195 1
2050 1634 1
2050 316 1
2050 1487 1
262 479 1
1868 311 1
1868 576 1
1868 1179 1
1868 1453 1
1868 1527 1
1868 1002 1
350 759 1
350 682 1
1526 985 1
269 1396 1
269 836 1
1966 831 1
814 602 1
814 246 1
814 1324 1
814 1989 1
814 842 1
814 174 1
814 1833 1
814 1922 1
814 1242 1
814 1761 1
814 770 1
814 1062 1
879 582 1
879 1365 1
879 562 1
879 1585 1
879 1574 1
879 1200 1
879 2090 1
879 294 1
879 234 1
879 690 1
879 1316 1
879 153 1
879 1685 1
879 713 1
879 742 1
879 532 1
879 1123 1
879 1336 1
879 359 1
879 1038 1
1464 380 1
425 394 1
1751 791 1
724 1308 1
724 1050 1
724 1739 1
1670 729 1
874 1461 1
874 60 1
874 1671 1
59 1264 1
1124 2094 1
1357 270 1
1357 1538 1
871 332 1
1403 1858 1
1403 2133 1
1403 1513 1
1799 1003 1
1932 1497 1
225 1007 1
1067 2202 1
526 2158 1
526 1588 1
92 691 1
1728 1118 1
703 899 1
378 1868 1
2095 1175 1
2081 841 1
258 1968 1
258 1457 1
258 1687 1
258 1151 1
258 1359 1
258 462 1
258 363 1
258 1108 1
258 2077 1
258 1819 1
258 1835 1
258 273 1
258 312 1
258 227 1
258 1749 1
258 1428 1
258 486 1
258 536 1
258 2057 1
258 943 1
258 182 1
258 1990 1
258 827 1
258 1659 1
258 122 1
258 2139 1
258 290 1
258 2097 1
258 214 1
258 1756 1
258 1888 1
258 693 1
258 1636 1
258 335 1
258 616 1
258 445 1
258 1317 1
1673 171 1
1673 1972 1
1673 2136 1
1384 1737 1
1384 373 1
1384 119 1
687 1086 1
999 2153 1
999 1483 1
1043 1664 1
1043 1031 1
458 1677 1
2124 1887 1
2124 1489 1
409 1885 1
338 1032 1
4 1109 1
4 1579 1
4 117 1
4 438 1
4 563 1
4 285 1
4 1999 1
4 923 1
4 1319 1
4 723 1
4 1147 1
52 343 1
52 1989 1
52 1369 1
52 108 1
52 180 1
52 904 1
52 654 1
52 1753 1
52 2191 1
1076 1132 1
1097 1216 1
1097 383 1
1097 1290 1
1758 1512 1
1758 272 1
2103 279 1
1629 1177 1
823 1340 1
823 900 1
238 1937 1
459 1581 1
659 974 1
1675 677 1
1482 167 1
99 1765 1
175 1877 1
175 893 1
175 397 1
175 808 1
175 1648 1
175 709 1
175 1262 1
175 2034 1
175 865 1
175 1711 1
175 1292 1
175 1870 1
175 1397 1
175 1603 1
175 1783 1
175 179 1
1952 1645 1
1260 497 1
125 627 1
125 1930 1
125 2049 1
125 924 1
125 1928 1
125 338 1
125 717 1
125 775 1
125 1276 1
125 804 1
125 1034 1
125 766 1
125 2055 1
125 722 1
125 2041 1
125 1505 1
472 1303 1
472 1717 1
846 2009 1
1766 1357 1
389 406 1
820 75 1
1165 1143 1
491 1090 1
2026 63 1
1211 1404 1
2137 1330 1
2137 14 1
2137 859 1
2137 180 1
2137 1128 1
1362 503 1
2063 980 1
2063 1824 1
2063 955 1
2063 385 1
305 121 1
305 1387 1
1823 1828 1
1823 2170 1
1823 1496 1
1823 40 1
1823 915 1
1823 661 1
1993 129 1
1904 1657 1
2029 1878 1
40 494 1
40 597 1
40 978 1
40 1254 1
40 1934 1
40 51 1
40 617 1
40 533 1
40 1975 1
40 419 1
40 1445 1
40 789 1
40 961 1
40 1093 1
40 1414 1
40 1970 1
40 1054 1
40 1358 1
40 401 1
40 1099 1
40 1940 1
40 2121 1
40 217 1
40 1044 1
40 1680 1
40 869 1
40 1622 1
40 2162 1
40 1373 1
40 465 1
40 800 1
612 969 1
1196 1302 1
1196 926 1
764 1163 1
1720 257 1
1825 118 1
1825 27 1
198 58 1
594 1345 1
594 1831 1
520 1481 1
520 1150 1
556 1127 1
556 2128 1
2111 647 1
1073 889 1
2067 1657 1
872 994 1
1504 2053 1
1504 2 1
1814 488 1
315 778 1
315 635 1
1800 2181 1
1800 2148 1
1800 861 1
1800 247 1
1800 464 1
1800 460 1
1800 719 1
1800 713 1
1800 1410 1
1800 1230 1
1800 1355 1
1800 1060 1
1800 263 1
1697 2142 1
946 623 1
340 1255 1
557 1837 1
1630 1236 1
1630 1856 1
1029 1037 1
2031 1167 1
155 61 1
155 662 1
155 79 1
155 1053 1
155 2014 1
155 621 1
155 493 1
155 845 1
155 483 1
155 1550 1
155 2048 1
155 1186 1
155 441 1
155 514 1
155 967 1
155 38 1
155 1686 1
155 1535 1
155 931 1
1085 416 1
1085 37 1
1777 2113 1
1777 95 1
1777 1703 1
1777 524 1
1777 554 1
1777 341 1
1777 67 1
1777 1023 1
1777 2197 1
399 633 1
1231 1380 1
153 1682 1
153 128 1
153 1449 1
153 1283 1
153 607 1
153 591 1
1417 56 1
78 1933 1
1061 2174 1
2076 1838 1
1763 1202 1
1763 1658 1
1642 837 1
1642 97 1
1642 1729 1
1642 613 1
1642 2126 1
1642 1693 1
848 414 1
848 1558 1
299 860 1
1074 587 1
579 2050 1
1506 1947 1
892 250 1
1849 1541 1
1643 1935 1
550 875 1
1780 330 1
547 367 1
2172 1567 1
1069 810 1
217 867 1
217 1827 1
217 1385 1
897 444 1
897 768 1
897 2164 1
897 103 1
897 1569 1
897 1021 1
897 1736 1
897 527 1
929 286 1
195 120 1
137 2143 1
440 2038 1
440 751 1
603 1967 1
604 1036 1
604 141 1
604 1907 1
604 8 1
604 400 1
1732 838 1
414 720 1
414 698 1
414 1485 1
2022 1840 1
1698 157 1
1698 1089 1
1698 1873 1
1698 592 1
1698 771 1
1698 1209 1
1698 1226 1
1698 1772 1
1698 2030 1
1698 767 1
1759 157 1
1759 779 1
1759 351 1
565 664 1
1080 884 1
1080 25 1
2129 588 1
2129 395 1
1925 43 1
760 1732 1
2036 922 1
1696 1432 1
1696 1016 1
2021 942 1
1239 57 1
1488 2179 1
1488 86 1
1488 670 1
1488 625 1
1829 1557 1
1829 13 1
1829 147 1
1829 1572 1
1829 2089 1
1829 429 1
1829 73 1
1829 208 1
1376 1782 1
18 1493 1
801 1673 1
801 322 1
801 962 1
713 146 1
713 1491 1
713 2157 1
713 1577 1
713 757 1
713 1399 1
713 432 1
742 1501 1
742 1613 1
742 1826 1
742 466 1
742 268 1
737 194 1
1427 1015 1
2143 1344 1
2143 2046 1
1152 728 1
1902 648 1
1902 66 1
1902 1969 1
1902 610 1
2007 1446 1
608 665 1
1197 242 1
7 918 1
754 201 1
1542 2108 1
1550 87 1
1550 567 1
1550 1803 1
1550 369 1
1550 324 1
911 1232 1
1071 1333 1
1071 746 1
1071 9 1
1071 355 1
1071 338 1
1071 1092 1
1071 652 1
1071 477 1
1071 427 1
1616 813 1
1382 440 1
2159 156 1
138 1793 1
138 1945 1
138 1133 1
138 580 1
138 1422 1
138 917 1
138 2043 1
138 1064 1
138 877 1
138 1152 1
138 2175 1
138 69 1
138 1561 1
138 1507 1
138 1214 1
138 1961 1
138 379 1
1366 1950 1
1760 1875 1
1760 998 1
1760 481 1
1760 700 1
1760 175 1
1760 472 1
1760 1393 1
1760 939 1
1760 387 1
1760 763 1
2127 1902 1
1818 2001 1
2194 811 1
1309 1727 1
1186 631 1
1186 1731 1
1186 1503 1
1186 1817 1
1186 781 1
1186 819 1
1490 1525 1
1490 1672 1
1490 733 1
1490 1257 1
1490 578 1
1490 1722 1
1490 1266 1
1490 2180 1
1490 640 1
1490 1403 1
1490 1942 1
1490 203 1
1490 1596 1
1490 684 1
1490 1341 1
1490 368 1
1490 230 1
1490 375 1
1490 2018 1
1490 1080 1
1490 1696 1
1490 1455 1
1490 53 1
1490 559 1
1490 1368 1
1490 2138 1
1490 1229 1
1490 1787 1
1490 780 1
1490 1576 1
1490 906 1
1490 735 1
352 457 1
962 656 1
962 320 1
962 1473 1
1120 111 1
1757 2025 1
434 2040 1
587 266 1
587 1743 1
463 307 1
463 736 1
463 240 1
463 2147 1
463 215 1
463 452 1
463 2146 1
463 1638 1
463 314 1
463 1522 1
463 356 1
463 152 1
463 1113 1
463 1250 1
463 993 1
463 256 1
463 1375 1
463 2144 1
463 2056 1
1187 406 1
849 1381 1
1495 1915 1
23 522 1
23 1291 1
23 975 1
23 1191 1
23 1 1
23 382 1
474 846 1
1047 1395 1
45 1227 1
1228 188 1
1009 534 1
1240 1158 1
1259 611 1
1383 979 1
1383 1040 1
107 543 1
107 1081 1
392 2078 1
392 1813 1
392 1364 1
392 1592 1
392 2020 1
392 1610 1
392 1171 1
392 29 1
392 131 1
392 2115 1
392 1566 1
392 1890 1
392 885 1
392 1582 1
392 1559 1
392 1111 1
392 292 1
392 660 1
392 381 1
392 874 1
392 1723 1
392 50 1
392 807 1
392 743 1
392 878 1
392 1528 1
392 1959 1
392 971 1
392 530 1
392 426 1
392 1627 1
392 439 1
392 114 1
392 988 1
392 1821 1
392 104 1
392 210 1
392 546 1
392 1882 1
392 1626 1
392 886 1
392 197 1
392 1480 1
392 1476 1
1583 847 1
339 239 1
2064 54 1
2064 953 1
2064 2002 1
2064 560 1
2064 241 1
2064 112 1
694 1796 1
694 695 1
1126 1426 1
86 1946 1
86 139 1
1774 1269 1
1774 164 1
1774 1258 1
1774 223 1
601 1532 1
1558 284 1
1558 470 1
1558 47 1
1558 634 1
1558 702 1
1558 1554 1
1558 1278 1
479 776 1
479 236 1
479 1241 1
479 681 1
479 1963 1
479 1289 1
479 1137 1
479 1460 1
479 1860 1
479 558 1
479 1314 1
479 1759 1
479 1071 1
479 2032 1
479 1157 1
479 352 1
479 981 1
479 1773 1
479 1936 1
479 2024 1
504 1003 1
1844 866 1
1844 1048 1
1785 615 1
1836 2072 1
1882 1914 1
1882 154 1
1882 451 1
1882 411 1
1882 964 1
1882 1938 1
1882 362 1
301 784 1
2193 794 1
2193 821 1
1987 1633 1
1987 1337 1
1518 738 1
68 475 1
951 1070 1
951 1792 1
1011 813 1
1012 1145 1
1012 456 1
1626 1188 1
1626 1361 1
1626 2178 1
1544 2019 1
1229 1898 1
1552 1442 1
1552 854 1
1552 1146 1
1552 516 1
1552 1872 1
1552 888 1
1552 457 1
1705 1874 1
1705 422 1
1705 678 1
1705 1494 1
1705 329 1
1705 199 1
1705 1543 1
1705 340 1
1705 600 1
1705 2099 1
1705 1910 1
1705 2035 1
81 624 1
1459 1515 1
1388 983 1
1388 1508 1
1388 160 1
1388 347 1
1388 2199 1
1640 91 1
1173 1974 1
1173 17 1
1173 1028 1
1173 1260 1
1173 55 1
1173 327 1
1173 1859 1
2185 1531 1
1712 2149 1
499 1996 1
1883 1964 1
467 777 1
1005 1406 1
1005 646 1
211 1282 1
1039 1408 1
782 752 1
782 1294 1
782 1166 1
782 82 1
1663 950 1
972 1400 1
972 354 1
972 1298 1
972 1781 1
972 506 1
972 287 1
972 1901 1
972 1388 1
972 1575 1
745 1244 1
475 1347 1
475 196 1
475 259 1
475 1605 1
475 873 1
2037 1131 1
693 265 1
693 1160 1
693 1253 1
134 1533 1
134 1706 1
134 1758 1
134 226 1
134 1573 1
1412 1121 1
1625 2117 1
190 1941 1
1280 24 1
1529 671 1
1529 1463 1
1529 187 1
1529 977 1
1529 2201 1
1529 88 1
1529 298 1
1529 163 1
1529 469 1
1529 636 1
831 1105 1
831 1536 1
831 1895 1
831 1584 1
1734 1839 1
2075 907 1
2075 1378 1
1336 772 1
1336 1470 1
1336 1017 1
1336 1204 1
1336 1848 1
1336 1018 1
1336 2106 1
1336 2079 1
1336 72 1
1336 2182 1
2008 744 1
1271 1698 1
1636 1545 1
1636 1287 1
1636 1136 1
1636 1467 1
2141 1225 1
1484 371 1
313 1486 1
1519 1170 1
1519 965 1
1772 325 1
1772 1770 1
1772 2203 1
1772 803 1
1772 1621 1
1772 1320 1
1772 1010 1
1772 2116 1
2062 264 1
683 706 1
2042 1384 1
1048 404 1
1048 545 1
1154 13 1
1154 407 1
1154 727 1
780 1555 1
780 374 1
780 1311 1
780 1277 1
780 1222 1
780 1465 1
780 2156 1
780 583 1
780 2063 1
780 594 1
780 2151 1
780 1653 1
780 1440 1
780 976 1
2004 1321 1
1499 1752 1
302 1178 1
1573 1194 1
1573 691 1
1373 1589 1
1373 1632 1
1373 1607 1
714 692 1
1983 1909 1
1983 291 1
1983 1252 1
1983 2010 1
1983 420 1
1983 1024 1
1983 1221 1
1983 705 1
915 1884 1
915 277 1
915 570 1
915 150 1
915 515 1
915 765 1
915 482 1
915 1256 1
915 1042 1
915 148 1
915 1733 1
915 1919 1
915 1052 1
915 1235 1
915 1683 1
915 1318 1
915 1132 1
915 1662 1
915 1045 1
915 135 1
915 697 1
915 1851 1
915 1952 1
915 133 1
915 749 1
915 925 1
915 2006 1
915 1327 1
915 2107 1
915 1272 1
915 1822 1
915 168 1
915 391 1
915 7 1
915 916 1
915 1142 1
915 734 1
915 1267 1
915 1747 1
915 731 1
915 1663 1
915 190 1
915 289 1
915 2059 1
915 1881 1
915 725 1
915 509 1
748 2134 1
569 1472 1
2167 1562 1
1997 1249 1
1784 1182 1
1784 1210 1
1784 1129 1
1784 398 1
1784 544 1
1977 1748 1
1977 1083 1
1977 1027 1
1977 501 1
1977 629 1
1977 1862 1
1977 1450 1
1977 1702 1
1961 990 1
1690 1349 1
11 1274 1
1916 1602 1
1654 280 1
1139 1478 1
1409 1300 1
1409 1006 1
1409 1286 1
1409 755 1
1409 1644 1
1409 293 1
1409 3 1
1409 1431 1
1409 158 1
1409 740 1
1944 912 1
366 637 1
366 1377 1
366 1896 1
564 123 1
564 2169 1
564 1600 1
564 2132 1
1547 238 1
1438 1695 1
1438 1176 1
1556 890 1
2035 495 1
2035 2163 1
2035 428 1
2035 1077 1
2035 986 1
2035 1299 1
2035 2173 1
2035 1339 1
2035 1279 1
2035 963 1
2035 220 1
2035 423 1
2035 453 1
2035 1418 1
2035 1763 1
2035 824 1
2035 64 1
2035 996 1
2035 193 1
2035 1698 1
2035 2044 1
2035 620 1
2035 1620 1
2035 1372 1
982 498 1
725 248 1
1326 77 1
1480 523 1
985 170 1
985 1534 1
786 1646 1
1948 5 1
281 595 1
281 1641 1
1317 739 1
1317 83 1
1317 1978 1
1317 2047 1
1317 1570 1
1865 296 1
1786 31 1
1786 1051 1
140 1342 1
140 954 1
1687 62 1
1687 718 1
1687 710 1
1765 645 1
1765 1992 1
1765 1810 1
1619 1103 1
2098 1134 1
1905 249 1
1905 573 1
1905 70 1
1905 1351 1
1905 33 1
1905 1424 1
1905 538 1
1905 1886 1
1905 850 1
1905 1614 1
1905 1436 1
1905 581 1
1905 2131 1
1905 1984 1
1905 388 1
1905 28 1
1905 2033 1
1905 914 1
2153 2102 1
2153 1510 1
1919 1233 1
1919 618 1
1919 1647 1
1919 471 1
1919 386 1
1919 1452 1
1919 424 1
1919 1338 1
1919 788 1
29 1328 1
29 1676 1
29 650 1
29 1511 1
528 870 1
528 1869 1
1236 2015 1
121 1855 1
1426 2160 1
1426 1852 1
1426 769 1
1268 2195 1
1268 1161 1
1268 1971 1
562 511 1
1496 1172 1
1496 1205 1
1235 1893 1
678 1523 1
678 970 1
1106 1611 1
1839 1669 1
860 1115 1
860 276 1
1111 1181 1
1111 1082 1
1111 202 1
1111 360 1
1111 275 1
660 1174 1
660 1474 1
660 855 1
660 1193 1
660 1811 1
76 492 1
1481 1251 1
2050 1986 1
1868 85 1
879 1390 1
724 1213 1
1618 1771 1
1403 609 1
1403 1867 1
1597 1304 1
258 1679 1
258 1068 1
258 1661 1
258 304 1
258 162 1
963 271 1
4 521 1
238 921 1
175 1351 1
125 308 1
125 413 1
40 1502 1
40 1104 1
40 1735 1
40 1595 1
40 1804 1
40 207 1
40 935 1
40 1025 1
40 1394 1
40 1492 1
40 1094 1
1255 2150 1
160 1389 1
1800 1981 1
1800 1593 1
1800 65 1
1800 1651 1
155 62 1
155 346 1
155 1367 1
1777 1181 1
1777 619 1
1777 1841 1
1777 450 1
1777 260 1
1642 1059 1
1642 1903 1
440 297 1
122 655 1
2036 410 1
322 348 1
1550 353 1
1071 1802 1
1071 834 1
1490 2165 1
1490 372 1
1490 876 1
1490 726 1
1490 365 1
1490 606 1
1490 22 1
463 1714 1
463 1678 1
463 828 1
107 1004 1
392 1072 1
392 1794 1
392 1876 1
392 531 1
2064 1897 1
1558 1301 1
479 177 1
479 1444 1
479 822 1
1191 1243 1
1552 212 1
1705 675 1
1663 1861 1
1529 552 1
831 685 1
1336 288 1
1336 1247 1
1336 756 1
1336 638 1
1336 1962 1
1336 1689 1
1336 1920 1
1636 551 1
1772 1218 1
1249 1730 1
780 1030 1
780 1189 1
780 2168 1
780 1801 1
708 1953 1
915 144 1
915 1776 1
915 598 1
915 785 1
915 541 1
915 349 1
915 44 1
915 881 1
915 826 1
915 1454 1
1977 1217 1
1977 1056 1
1857 796 1
1438 80 1
2035 571 1
2035 2061 1
1746 667 1
337 336 1
337 1977 1
518 392 1
721 1991 1
721 1639 1
721 630 1
856 1005 1
2060 708 1
2060 758 1
949 1310 1
2011 258 1
2011 1490 1
715 1601 1
1035 155 1
1305 463 1
1407 1268 1
84 15 1
110 2016 1
2101 628 1
136 1377 1
1724 1642 1
20 76 1
2120 1026 1
1116 1694 1
1116 1529 1
1949 835 1
1949 1469 1
10 742 1
1434 817 1
484 436 1
461 94 1
317 814 1
149 651 1
987 1788 1
1033 1518 1
2165 1462 1
2165 1700 1
2165 1879 1
2165 245 1
2165 89 1
2165 1983 1
1598 333 1
1322 1798 1
1100 142 1
1315 1800 1
1530 1435 1
2110 143 1
261 605 1
200 1019 1
1655 1618 1
105 1921 1
402 172 1
1699 1617 1
1334 879 1
1853 1565 1
323 1370 1
1273 1183 1
666 1078 1
1805 548 1
1591 43 1
1284 502 1
221 216 1
1348 1521 1
641 1705 1
303 1373 1
30 1237 1
2052 890 1
176 377 1
1832 1994 1
318 1430 1
318 898 1
1354 326 1
644 19 1
793 991 1
309 767 1
229 897 1
663 577 1
21 1433 1
762 1415 1
442 1623 1
166 789 1
797 1597 1
1329 39 1
1360 812 1
2145 1608 1
1107 508 1
1084 528 1
1000 1008 1
1159 183 1
1713 1900 1
2069 1361 1
1789 1718 1
2186 689 1
1684 1500 1
1741 724 1
1144 2044 1
1153 1112 1
1297 189 1
431 760 1
1560 830 1
16 940 1
209 1132 1
2065 1386 1
2012 1740 1
1563 140 1
1130 1768 1
2104 1966 1
165 1238 1
937 804 1
1013 300 1
1402 572 1
2091 525 1
1275 1891 1
1208 1199 1
704 1769 1
529 783 1
1323 859 1
1809 222 1
127 125 1
1416 100 1
106 1767 1
1750 1215 1
1201 26 1
252 1371 1
1313 2181 1
1313 2082 1
863 2092 1
887 1128 1
933 2 1
1578 1546 1
1458 680 1
90 1337 1
1288 1829 1
1168 1148 1
1117 233 1
1198 1818 1
1466 1165 1
1931 1540 1
331 1764 1
