6973 3100 1
3455 1369 1
3455 7880 1
3455 834 1
7989 770 1
7989 1478 1
7989 7220 1
7989 1801 1
7989 7768 1
7214 3985 1
7214 1837 1
7214 431 1
7214 6705 1
7214 5509 1
7214 8487 1
7619 8340 1
6669 8113 1
4358 6377 1
3667 6402 1
3804 3986 1
4210 294 1
3235 1062 1
3235 7660 1
3235 4236 1
3235 6974 1
3235 2762 1
3235 2957 1
3235 6867 1
3235 1091 1
3235 5303 1
3235 2522 1
8414 285 1
8414 4898 1
8414 2391 1
8414 8222 1
2176 7797 1
2176 957 1
2176 7103 1
2176 7319 1
2176 346 1
2176 8386 1
2176 1983 1
2176 5820 1
4658 6113 1
4658 2389 1
4658 5190 1
4658 6944 1
4658 2683 1
4065 8319 1
475 7273 1
475 7257 1
475 4179 1
475 2002 1
475 7599 1
475 2938 1
475 1218 1
475 7415 1
475 5992 1
475 928 1
475 5047 1
475 704 1
475 6534 1
475 6361 1
475 3679 1
475 6420 1
475 5013 1
3992 3391 1
3408 6302 1
6746 5003 1
3629 8051 1
3629 8497 1
3629 6050 1
448 760 1
448 3131 1
448 1989 1
448 6651 1
448 719 1
448 7052 1
448 4443 1
448 4924 1
5864 5750 1
5864 4282 1
5864 1038 1
5864 5392 1
5864 184 1
5864 1076 1
1923 6546 1
6544 2282 1
6544 3906 1
6544 5580 1
6544 456 1
3664 5675 1
8280 1070 1
2405 2172 1
2405 5528 1
2405 6466 1
5518 5336 1
5988 1540 1
1808 3890 1
1808 8037 1
1808 3731 1
1808 2838 1
1808 6098 1
5513 4114 1
650 353 1
650 6853 1
650 6939 1
650 256 1
650 6335 1
650 7945 1
650 2101 1
650 4910 1
650 5557 1
650 7212 1
650 5618 1
650 1488 1
650 61 1
650 5740 1
650 3926 1
650 8042 1
650 8825 1
650 6280 1
650 518 1
650 2053 1
650 3228 1
650 700 1
650 5208 1
650 2573 1
650 6790 1
650 1146 1
650 5248 1
650 1292 1
650 7597 1
650 4528 1
650 2079 1
4550 397 1
4550 2557 1
4550 4921 1
4550 8336 1
4550 3114 1
4550 6815 1
4550 2103 1
4550 5276 1
4550 6597 1
4550 132 1
4550 3932 1
1681 1252 1
1681 7062 1
1681 2590 1
1681 8158 1
1681 1066 1
1566 1628 1
1736 7174 1
1736 5975 1
1736 5155 1
4984 6485 1
4984 1109 1
4984 4311 1
3076 3269 1
2773 6038 1
5134 2983 1
5134 6593 1
5134 1728 1
5134 7036 1
5134 6464 1
5134 5859 1
5134 214 1
5134 7055 1
5134 6902 1
2680 2480 1
2680 4570 1
2680 3379 1
2680 4068 1
2680 5267 1
2680 1733 1
2680 2876 1
2680 7604 1
2680 4869 1
2680 7225 1
2680 6945 1
2680 6043 1
2680 4344 1
2680 5615 1
2680 3620 1
2680 6820 1
2680 3288 1
2680 7376 1
2680 3241 1
2680 7034 1
2680 110 1
2680 7582 1
2680 297 1
2680 8279 1
2680 442 1
2680 1917 1
2680 1458 1
2680 6158 1
2680 1107 1
5805 897 1
5805 7617 1
6929 5128 1
6929 7475 1
6929 4670 1
6929 2845 1
6929 596 1
828 3385 1
828 2268 1
828 1957 1
828 5622 1
828 2163 1
828 4499 1
828 7133 1
828 1447 1
3958 7423 1
8382 5052 1
8779 921 1
8779 7967 1
8779 4247 1
8779 6194 1
6440 392 1
6440 5542 1
6440 6211 1
1804 3020 1
1804 727 1
821 4500 1
821 3145 1
821 3101 1
821 7638 1
821 5055 1
2994 5811 1
2994 4935 1
3589 1275 1
3589 4656 1
3589 129 1
3589 3439 1
3589 2545 1
3589 1235 1
3589 6315 1
3589 4907 1
3589 4308 1
3589 2704 1
3589 2487 1
3589 432 1
3589 1200 1
3589 3290 1
3589 5165 1
3589 8523 1
2362 1757 1
8020 1195 1
3815 3230 1
6384 5729 1
4264 5302 1
4264 85 1
4264 8123 1
1657 3164 1
1657 2866 1
1657 233 1
1657 2585 1
760 4835 1
760 1962 1
4451 2546 1
4451 3427 1
4451 7074 1
4451 3201 1
4451 3662 1
4451 3998 1
4451 2623 1
4451 496 1
4451 5189 1
4451 1187 1
4451 2462 1
5555 5659 1
5555 5533 1
5555 1292 1
5555 3935 1
4787 2696 1
4787 4671 1
4787 8781 1
4787 7578 1
2351 1644 1
167 6892 1
8705 2158 1
4568 1446 1
6265 2934 1
6265 8570 1
6265 1256 1
6265 5714 1
6265 3187 1
6265 1699 1
6265 6331 1
6265 6356 1
6265 4939 1
6265 6774 1
6265 8754 1
6265 357 1
6265 8430 1
3194 7320 1
3194 796 1
6977 517 1
4880 1125 1
4880 3370 1
4880 5870 1
4880 8303 1
4300 4107 1
4300 3532 1
7860 3917 1
3809 6431 1
3809 7574 1
3809 7994 1
3809 536 1
3809 3562 1
3427 512 1
3427 1955 1
3427 2842 1
3427 6040 1
3427 6288 1
3427 8492 1
3427 6958 1
3427 2986 1
5344 5676 1
59 8106 1
7331 4226 1
7331 1968 1
7331 3115 1
8725 3173 1
6693 4016 1
7839 992 1
4884 8521 1
4665 5431 1
4665 8817 1
4665 4085 1
4665 5205 1
4665 6332 1
8327 2580 1
3708 1630 1
3265 7458 1
3265 8239 1
3265 7114 1
3265 8182 1
3265 1846 1
3265 4812 1
3265 2 1
3265 6854 1
3265 4469 1
3265 2562 1
3265 8294 1
3265 953 1
3265 1029 1
3265 2770 1
3265 3371 1
3265 5096 1
3265 3979 1
3265 4261 1
3265 8722 1
3265 7628 1
3265 6224 1
3265 2599 1
3265 6135 1
3265 5648 1
3265 1039 1
3265 4936 1
3265 16 1
2697 7378 1
2697 6439 1
2697 2446 1
2697 3842 1
2697 658 1
2697 2646 1
2697 926 1
2697 117 1
4789 5670 1
4789 595 1
5330 2042 1
5330 8699 1
5330 3120 1
5330 1554 1
5330 2208 1
5330 1136 1
5330 2216 1
5330 3428 1
6113 1755 1
6113 4972 1
6113 933 1
6113 1367 1
6113 3486 1
6113 8499 1
6113 807 1
6113 3327 1
6113 5637 1
6113 6955 1
6113 1324 1
6113 3856 1
6113 2152 1
6113 2523 1
6113 6646 1
6113 8575 1
6113 2627 1
6113 6000 1
6113 6905 1
6113 2560 1
6113 584 1
6113 6531 1
6113 3300 1
6113 2503 1
6113 4023 1
6113 3449 1
6113 906 1
6113 6203 1
620 6375 1
620 7716 1
620 6305 1
620 940 1
620 1460 1
620 1953 1
620 667 1
620 8262 1
620 1010 1
1475 998 1
1475 1996 1
1475 7676 1
1475 8793 1
1475 3036 1
1475 8031 1
1475 5969 1
1475 1309 1
1475 1614 1
1475 6354 1
1475 5535 1
2183 6949 1
2183 6279 1
7267 4555 1
5311 3012 1
5311 2987 1
5311 5032 1
5311 4978 1
4603 4089 1
6134 3877 1
6134 867 1
6134 7086 1
6134 6616 1
6134 4858 1
6134 7823 1
7441 4421 1
7441 1970 1
5804 724 1
5804 4518 1
5804 3598 1
5804 5715 1
5804 367 1
5804 639 1
5804 5916 1
5804 2188 1
5804 4974 1
5804 2303 1
5804 8655 1
5804 2304 1
5804 3306 1
5804 3465 1
5804 5836 1
5804 65 1
5804 7445 1
5804 1079 1
5804 5412 1
4781 4041 1
1492 3901 1
6536 2313 1
6536 5599 1
6536 5283 1
6536 4807 1
6536 4757 1
6536 4307 1
6536 3186 1
6536 6411 1
6536 7462 1
6536 7935 1
6536 2438 1
6536 6629 1
6904 6195 1
1990 6441 1
1990 3999 1
1990 8491 1
1990 1261 1
1990 8197 1
1990 2054 1
8401 864 1
8401 4534 1
8401 5211 1
8401 5373 1
8401 8637 1
8401 6481 1
8401 3307 1
8401 2769 1
8401 68 1
8401 8536 1
8401 604 1
8401 445 1
8401 7434 1
8401 6797 1
8401 3394 1
8401 5150 1
8401 94 1
8401 7693 1
8401 249 1
8401 2884 1
8401 3021 1
8401 3031 1
6378 7932 1
6378 8131 1
7351 3249 1
2009 3405 1
2009 7683 1
2009 2465 1
2009 8431 1
2009 8673 1
2009 4017 1
5493 1476 1
5493 4673 1
3913 3907 1
2790 2219 1
2790 3949 1
2790 2593 1
2790 6858 1
4745 1370 1
4745 6844 1
4745 377 1
4745 3919 1
4745 71 1
4745 5001 1
4745 2871 1
6165 7915 1
6397 8733 1
909 5649 1
909 306 1
909 5950 1
909 6112 1
909 451 1
4999 4242 1
4999 7375 1
6855 2839 1
5046 6860 1
5046 4165 1
5046 6648 1
5046 5777 1
5046 8246 1
5046 3669 1
5046 1153 1
5046 7338 1
5046 135 1
5046 8432 1
5046 7780 1
5046 4011 1
5046 8242 1
5046 5642 1
5046 4323 1
5046 8041 1
5046 6304 1
7720 6567 1
3423 1500 1
3423 5849 1
3423 2189 1
3423 1301 1
7699 7756 1
2168 423 1
4448 7976 1
4448 5505 1
6287 4638 1
4881 7694 1
4129 2361 1
4129 6343 1
4129 2936 1
4129 7806 1
4129 1271 1
4129 4589 1
4129 8097 1
4129 2883 1
4129 5667 1
4129 4759 1
4129 3136 1
4129 734 1
4129 8292 1
4534 2426 1
4534 4728 1
4534 8240 1
4534 427 1
4534 3191 1
4534 1926 1
4534 5734 1
4534 7533 1
4534 1031 1
4534 1631 1
4534 4383 1
1159 5746 1
1418 2296 1
1418 28 1
1418 1102 1
1418 1139 1
1418 5694 1
3772 3916 1
3772 7813 1
3772 1636 1
3772 6890 1
3772 1622 1
3772 147 1
3772 4971 1
3772 6951 1
7646 7749 1
7181 2077 1
7181 1104 1
7181 7018 1
7181 4119 1
7181 1122 1
7181 6374 1
7181 5853 1
7181 3134 1
7181 3853 1
7181 8661 1
7181 754 1
7181 5565 1
7181 2047 1
7181 7136 1
7181 6779 1
7181 4205 1
7181 3240 1
7181 3282 1
7181 3458 1
7181 2013 1
7181 5551 1
7181 1315 1
7181 7130 1
7181 4373 1
7181 6605 1
7181 5626 1
7181 1341 1
7181 3260 1
7181 70 1
7181 5640 1
7181 351 1
7181 5766 1
7181 4666 1
7181 3555 1
7181 8326 1
1803 8553 1
1803 5685 1
498 7735 1
3169 2620 1
2660 8672 1
2660 5617 1
2660 8325 1
2660 1721 1
2660 6175 1
2660 5393 1
2660 3048 1
2660 1835 1
2660 4430 1
8270 2228 1
8270 6753 1
8270 3742 1
8270 4942 1
6283 1913 1
6283 7836 1
6283 1432 1
6283 3934 1
6283 3912 1
6283 983 1
6283 6309 1
6283 2591 1
6283 4593 1
6283 7817 1
6283 3375 1
7387 8233 1
7387 8064 1
7387 3060 1
7387 5661 1
4350 284 1
7813 7664 1
6078 3128 1
2846 92 1
2846 1522 1
2846 6062 1
2846 1026 1
2846 4989 1
6633 898 1
8142 5420 1
8142 4497 1
8142 6625 1
8142 6233 1
4814 2248 1
2257 8724 1
2257 2320 1
7076 5645 1
7076 7106 1
662 5258 1
258 2810 1
6350 341 1
6350 5705 1
6350 7805 1
6350 7197 1
6350 5781 1
6350 4586 1
6350 3477 1
6350 8734 1
6350 2340 1
6350 1626 1
6350 4610 1
6350 4038 1
6350 1296 1
6350 3096 1
6350 3233 1
6350 2800 1
6350 5568 1
6350 1036 1
6350 5708 1
6350 1297 1
6350 7840 1
6350 2145 1
6350 5129 1
3506 2151 1
1371 1490 1
7684 7616 1
2944 8097 1
4741 4032 1
4741 1617 1
4741 4177 1
4741 3356 1
4741 1936 1
4741 7899 1
4741 7833 1
4741 4301 1
4741 6931 1
3993 8426 1
8446 8356 1
8141 4434 1
8141 1595 1
6620 7636 1
6620 271 1
6620 5173 1
6620 4375 1
6620 7425 1
6620 6768 1
6620 569 1
6620 985 1
6620 39 1
6620 237 1
6620 6289 1
6620 5846 1
6620 2724 1
6620 6754 1
6620 8055 1
6620 3864 1
6620 8362 1
6620 8613 1
6620 3109 1
6620 4647 1
6620 491 1
6620 5862 1
3480 1609 1
3480 3082 1
3480 5300 1
3480 5294 1
3480 47 1
3480 1085 1
3480 3730 1
3480 1934 1
3480 4160 1
3480 1706 1
3480 7154 1
3480 1656 1
3480 5172 1
2666 3376 1
2666 6127 1
48 6159 1
48 4045 1
48 5290 1
48 3529 1
48 2278 1
48 7892 1
48 5521 1
48 5143 1
1872 6129 1
1872 2209 1
1872 3129 1
865 3263 1
3976 4941 1
3976 3974 1
3976 711 1
3976 7206 1
3976 7169 1
3976 3150 1
3976 8726 1
3976 6886 1
3976 4332 1
3976 8238 1
3976 2781 1
3976 627 1
6511 1339 1
6511 7819 1
6511 6724 1
6511 3857 1
8598 761 1
8559 2299 1
8559 602 1
8559 5404 1
7546 3967 1
7546 7787 1
7546 3116 1
7546 1063 1
7546 5183 1
7546 4069 1
7546 4606 1
7546 6691 1
7546 1268 1
7546 5087 1
7546 7870 1
7546 614 1
7546 5554 1
7546 4531 1
2835 7392 1
2489 5376 1
7656 3950 1
7656 6837 1
1864 4035 1
7005 8040 1
5657 952 1
5657 3684 1
3346 1442 1
3346 5878 1
3346 8771 1
6602 5102 1
6602 1867 1
3784 7187 1
3790 7561 1
3790 6880 1
2386 4726 1
2386 1418 1
2386 2621 1
2386 8111 1
2386 4319 1
2386 2568 1
2386 309 1
2386 6341 1
2386 8173 1
2386 5620 1
2386 3849 1
2386 348 1
2386 8137 1
2386 3930 1
2386 3832 1
2386 3615 1
4951 7551 1
8777 5141 1
8777 5920 1
8777 4919 1
8777 4707 1
8777 1236 1
8777 5409 1
8777 5761 1
8777 7177 1
4753 3010 1
4753 5931 1
4753 6064 1
4753 2132 1
4753 4725 1
4753 529 1
4753 2138 1
4753 8424 1
4753 1298 1
3174 904 1
4079 1163 1
4079 1655 1
7257 267 1
7389 6731 1
7389 8718 1
7389 5345 1
5341 7010 1
1753 4062 1
3648 5427 1
831 3485 1
1876 5544 1
6216 8682 1
6216 1310 1
6216 1978 1
6216 5842 1
6216 728 1
6216 103 1
6216 4074 1
6216 4407 1
6216 1215 1
6216 1288 1
4342 5942 1
723 2832 1
723 4970 1
723 6012 1
723 6921 1
723 5301 1
723 8118 1
723 1294 1
180 5843 1
5016 5391 1
5352 5877 1
5569 4513 1
5569 3366 1
5569 3925 1
5569 3980 1
3497 7227 1
3497 413 1
3497 1692 1
3497 2663 1
3497 2464 1
1367 4874 1
1367 5390 1
1367 8674 1
1367 4819 1
7722 3381 1
7722 4659 1
1985 7446 1
1985 4078 1
1985 5487 1
1985 950 1
1985 3160 1
1985 8013 1
1985 6327 1
1985 4462 1
3914 4952 1
5687 8307 1
5687 2040 1
5687 7172 1
5687 5563 1
5687 8719 1
5687 1883 1
5687 1964 1
5687 669 1
5687 6895 1
5687 3931 1
5687 6925 1
5687 4979 1
5687 3167 1
8665 7563 1
5885 6367 1
5885 134 1
5885 1469 1
5885 4015 1
5885 5263 1
3543 2906 1
5380 1683 1
5380 8008 1
5380 8583 1
4537 677 1
2727 6936 1
2727 4067 1
7345 2896 1
1156 3344 1
1944 4896 1
1944 2377 1
8459 3971 1
8269 2695 1
8269 3310 1
8269 6910 1
8269 2331 1
8269 6274 1
8269 894 1
8269 8529 1
2658 7516 1
2872 1954 1
608 3865 1
608 54 1
608 1011 1
608 2622 1
1042 3151 1
7204 1528 1
7204 4771 1
7204 7222 1
5983 3011 1
5983 6333 1
86 2960 1
86 1448 1
86 6338 1
86 2651 1
86 6601 1
86 6094 1
86 6751 1
86 125 1
86 4872 1
86 5041 1
5278 6629 1
2301 4733 1
2301 2171 1
7990 511 1
7990 4482 1
3173 8407 1
3173 1366 1
3173 5029 1
3173 3022 1
3173 6576 1
3173 5089 1
8592 7995 1
7334 7910 1
4584 1372 1
4584 8181 1
4584 8000 1
4584 1289 1
4584 7324 1
4584 5514 1
4090 1646 1
4090 8464 1
4090 3975 1
4090 4365 1
4090 3594 1
1041 626 1
1041 6176 1
3998 4192 1
4249 2210 1
4249 258 1
4249 6149 1
4249 1177 1
4249 393 1
4249 4215 1
4249 7914 1
4249 5979 1
4249 808 1
7159 8030 1
7707 1097 1
7707 3510 1
7707 4602 1
7707 8390 1
1423 2219 1
1423 2519 1
1423 1438 1
1423 7773 1
5630 740 1
7426 2019 1
5349 5984 1
8129 7842 1
8129 5935 1
8129 3289 1
8129 696 1
8129 4057 1
8129 8403 1
8129 8211 1
8129 4590 1
8129 2786 1
8129 3581 1
8129 2367 1
8129 8511 1
8129 3786 1
8129 638 1
8129 3350 1
8129 7635 1
8654 2399 1
4829 2687 1
4829 2582 1
4829 4333 1
4829 4030 1
4829 3544 1
4829 8694 1
4829 692 1
2461 6065 1
2461 4887 1
2461 6923 1
2461 5104 1
2461 8681 1
6503 2412 1
4639 1141 1
4639 7465 1
4639 5771 1
4639 2110 1
4639 4360 1
4639 322 1
2574 2719 1
2574 3188 1
8561 6437 1
6738 2922 1
8312 6557 1
8312 1713 1
8312 1005 1
5948 8112 1
5948 7139 1
5948 3855 1
5948 6376 1
5948 6665 1
5948 6686 1
5948 2918 1
5948 8797 1
7162 6842 1
8471 5106 1
2940 1700 1
7677 6220 1
2313 6561 1
2313 554 1
2162 8809 1
8015 5887 1
8015 8423 1
8015 1871 1
8059 1562 1
4001 753 1
5755 5463 1
5755 1748 1
8452 6364 1
5599 4290 1
5599 6999 1
4021 196 1
7924 3432 1
7924 4284 1
8783 4698 1
6015 715 1
1379 8202 1
6748 1688 1
6748 292 1
6748 1759 1
5876 1307 1
5876 4338 1
1502 3206 1
1502 2675 1
1502 6433 1
1502 4397 1
1502 4730 1
6787 167 1
6787 2156 1
6787 990 1
6787 4277 1
6787 8571 1
6787 5989 1
6787 5118 1
6787 6767 1
6787 2705 1
6787 1106 1
6787 136 1
6787 8174 1
6787 319 1
6787 3658 1
6787 2147 1
2164 1786 1
2164 4568 1
2164 6896 1
2164 5015 1
2164 1363 1
2164 4355 1
2164 3698 1
2164 1209 1
2164 4997 1
2164 7586 1
2164 4238 1
2164 4123 1
2164 5453 1
4485 3843 1
1203 7562 1
1203 3703 1
340 8016 1
5314 8339 1
5314 4763 1
5314 2076 1
5314 8171 1
5314 3897 1
5314 8253 1
5314 5566 1
5314 8504 1
6011 22 1
6011 5329 1
1741 732 1
4654 57 1
4654 4441 1
4654 3492 1
5119 951 1
7609 3656 1
7609 5156 1
7609 7978 1
7609 2617 1
7609 3402 1
7609 4252 1
8671 8810 1
8671 3332 1
8671 2159 1
8671 1995 1
8671 5298 1
8671 2730 1
8671 4246 1
4898 4540 1
4898 1498 1
2966 5958 1
2389 7303 1
2389 1515 1
2389 5417 1
2389 3273 1
2389 6658 1
2389 8670 1
2389 2589 1
2389 3551 1
2389 6765 1
2389 7406 1
2389 8515 1
2389 3491 1
2389 8596 1
2389 5017 1
2389 1924 1
2389 7399 1
2389 1262 1
2389 6429 1
2389 7863 1
2389 7527 1
2389 3418 1
2389 6510 1
2389 2364 1
2389 208 1
2389 2326 1
2389 3605 1
2389 1056 1
2389 1865 1
2389 3879 1
2389 7480 1
2389 2473 1
2389 3530 1
2389 3546 1
2389 1719 1
2389 2448 1
2389 4465 1
2389 8286 1
2389 852 1
2389 6494 1
26 3659 1
26 2790 1
26 4640 1
26 2645 1
26 2016 1
26 1904 1
26 7686 1
26 8308 1
26 7577 1
26 4422 1
3905 8775 1
4145 230 1
6213 3905 1
6213 394 1
6213 1729 1
2774 8701 1
2774 1360 1
5863 580 1
5863 2271 1
5863 1620 1
5863 8351 1
5863 6908 1
5863 3933 1
1046 3169 1
1046 7251 1
1046 1999 1
1046 4339 1
1046 7900 1
1046 5217 1
1046 874 1
4158 7677 1
4158 4716 1
4106 3810 1
4106 1820 1
402 5060 1
402 2511 1
402 4740 1
7424 4294 1
7424 1392 1
7424 2108 1
2847 6004 1
8510 3248 1
1075 6915 1
5024 8176 1
5024 8092 1
6110 8625 1
6110 5110 1
2656 8589 1
7347 6581 1
7347 6491 1
7347 3316 1
7347 2218 1
5964 8705 1
5964 1009 1
5964 5458 1
5964 4564 1
5964 3807 1
5964 4767 1
5964 2223 1
5964 905 1
5964 3319 1
5964 321 1
5964 4053 1
5964 459 1
5964 7343 1
5964 7127 1
5964 4998 1
5964 1321 1
5964 1280 1
5964 1965 1
5964 4888 1
5964 7302 1
4136 2374 1
958 1662 1
1126 2113 1
1126 7923 1
8615 863 1
8615 2549 1
8615 3870 1
6884 6783 1
6884 2758 1
5722 7714 1
6516 8820 1
4640 7980 1
7091 1838 1
1704 1507 1
4768 5438 1
4768 2250 1
4768 4253 1
4768 5282 1
4768 8453 1
4768 3520 1
4768 8132 1
5897 6986 1
5897 1022 1
5897 5570 1
5897 4930 1
5897 4007 1
5897 5695 1
5897 4764 1
5500 1547 1
5500 6355 1
5500 5334 1
5500 923 1
5500 176 1
5500 670 1
5500 4154 1
5500 269 1
5500 3189 1
5500 3559 1
5500 4782 1
5500 2458 1
5500 410 1
5500 3253 1
5500 4100 1
5500 7403 1
5500 4203 1
5500 8070 1
5500 744 1
5500 4459 1
5500 6704 1
5500 6024 1
7750 3831 1
7750 4546 1
7750 3272 1
7799 783 1
7799 1787 1
4478 2498 1
4933 5813 1
2165 5289 1
2527 8706 1
2737 3547 1
2694 428 1
2694 8353 1
2694 5483 1
2694 1943 1
2694 1015 1
145 5946 1
5839 3328 1
368 6153 1
111 762 1
111 5225 1
111 4633 1
5283 4091 1
5283 7663 1
5283 1030 1
5283 3644 1
2101 128 1
2101 3467 1
6786 5127 1
6786 3637 1
6786 3706 1
3665 3351 1
1849 7538 1
859 8032 1
859 7647 1
6393 7214 1
6393 8126 1
6393 4960 1
6393 3071 1
6393 4127 1
6393 2768 1
6393 6984 1
6393 2222 1
6393 7633 1
6393 3454 1
6393 220 1
6393 2688 1
6393 4049 1
6393 7031 1
6393 4415 1
6393 354 1
6393 6370 1
6393 574 1
6393 2830 1
1707 3954 1
4928 5990 1
4928 8608 1
5515 2868 1
5515 2316 1
8603 6628 1
5025 2191 1
5025 2764 1
5025 13 1
5025 2674 1
2606 3395 1
2606 6209 1
5593 3355 1
5593 2401 1
5593 194 1
5593 8121 1
5593 7137 1
5593 6251 1
8381 3368 1
8381 839 1
8381 3596 1
8381 1053 1
8381 4727 1
5320 4556 1
1179 7657 1
2791 5691 1
2791 690 1
2791 7164 1
2791 8540 1
2791 4886 1
2791 336 1
2791 7413 1
2791 5034 1
2791 4146 1
2791 449 1
2791 3744 1
2791 8808 1
4134 7369 1
2425 6634 1
2425 3802 1
2425 3059 1
2425 5161 1
1267 5234 1
1267 6470 1
1267 5490 1
1267 2365 1
1267 480 1
5078 5311 1
5078 2520 1
307 2598 1
8145 3882 1
8145 628 1
4048 5212 1
7602 7546 1
5548 7201 1
5000 8551 1
5000 89 1
5000 2382 1
5000 5779 1
5000 3579 1
5000 452 1
5000 4758 1
5000 6676 1
5000 2504 1
5000 3430 1
3552 8295 1
1879 3156 1
1879 1588 1
1879 8134 1
1879 4575 1
1879 6382 1
1879 4991 1
1879 3732 1
1879 4241 1
1879 3639 1
1879 6074 1
1879 7292 1
1879 4181 1
1879 1270 1
1879 4043 1
1879 1937 1
1879 4847 1
1879 4174 1
1879 5899 1
1879 2963 1
1879 5973 1
1879 4752 1
1879 6688 1
1879 218 1
8818 4244 1
8818 5918 1
8818 3413 1
8818 5833 1
2310 3068 1
7734 625 1
7734 5536 1
7734 552 1
8764 221 1
8714 1502 1
8714 5826 1
8714 2002 1
8714 2237 1
2812 1794 1
3947 8425 1
3812 5696 1
1573 2488 1
789 2343 1
1151 2647 1
4845 680 1
4845 1834 1
4845 2353 1
4845 5220 1
4845 8462 1
4845 8225 1
4845 4034 1
4845 3097 1
8267 6577 1
8267 181 1
3801 55 1
5917 2850 1
5917 776 1
5917 5193 1
913 1408 1
7393 8769 1
519 1251 1
519 2793 1
519 1775 1
519 7732 1
519 6236 1
519 3621 1
519 6069 1
519 2177 1
519 8662 1
519 3643 1
519 6780 1
7954 1847 1
8503 2775 1
4464 7933 1
4464 5061 1
4464 8135 1
4464 5064 1
4464 6144 1
4464 6588 1
4464 5213 1
4464 2095 1
4464 5116 1
4464 4848 1
4464 4852 1
2568 2526 1
2568 8739 1
2568 7105 1
2568 572 1
2568 7570 1
2568 5602 1
2568 241 1
2568 5148 1
2568 7268 1
2568 3420 1
8363 6384 1
8363 5814 1
8363 8436 1
8363 5562 1
2047 6079 1
6932 4966 1
4444 7545 1
4444 699 1
4444 2751 1
4444 7979 1
4444 7946 1
4444 3739 1
4444 2075 1
4444 6371 1
8538 7107 1
7282 2677 1
4701 8220 1
1892 1229 1
5242 5003 1
3216 5919 1
3216 8154 1
3216 7377 1
3216 4946 1
3216 717 1
3216 1325 1
3216 6434 1
3216 1639 1
3216 4286 1
3216 4367 1
3216 8321 1
5934 778 1
5934 3205 1
5934 7651 1
5934 2020 1
8180 7048 1
8180 7430 1
8180 8044 1
8180 2860 1
8180 3722 1
3434 7344 1
3434 8745 1
813 6685 1
2559 8560 1
2559 484 1
5057 2153 1
275 8777 1
4195 7705 1
4195 473 1
4195 4507 1
4195 6578 1
7867 914 1
7867 1007 1
7867 4982 1
7867 5762 1
7867 6659 1
5083 6893 1
2381 3769 1
4910 7266 1
3496 2748 1
4721 3751 1
4721 6053 1
4721 6180 1
4721 2179 1
4721 8002 1
4721 1436 1
4721 7996 1
4721 4075 1
4721 6883 1
4721 7792 1
4721 4276 1
4721 6948 1
4721 965 1
4721 5837 1
6218 1274 1
1930 6435 1
1930 4749 1
8235 3498 1
8235 8255 1
8235 7752 1
8235 2550 1
8235 5072 1
8235 8420 1
8235 5292 1
8235 6178 1
8235 324 1
1390 2723 1
1390 406 1
1390 3041 1
4836 7386 1
4836 3312 1
4836 5424 1
4318 310 1
4318 4042 1
4318 6928 1
4318 7443 1
4318 5378 1
4318 7019 1
4318 5142 1
4318 1718 1
4318 3058 1
4318 3512 1
4318 75 1
4318 5495 1
4318 6859 1
4318 7785 1
4318 6468 1
4318 1648 1
4318 6689 1
4318 8512 1
5054 1602 1
5054 375 1
5054 1788 1
5054 8626 1
5054 5333 1
5054 3891 1
5054 2244 1
5054 2875 1
1527 1075 1
1974 7506 1
7170 5080 1
7976 5790 1
7976 5504 1
7976 3204 1
7976 5312 1
7976 1124 1
7976 3557 1
7976 748 1
7976 4149 1
7976 143 1
7976 2466 1
5210 3433 1
937 6833 1
4713 6764 1
4713 296 1
4713 5515 1
4713 7189 1
4713 6316 1
4713 4299 1
4713 5291 1
801 3337 1
801 3054 1
801 8377 1
801 3699 1
801 3814 1
801 4580 1
801 5250 1
801 5847 1
7783 2297 1
7783 6141 1
4240 4162 1
8562 1154 1
8562 1612 1
8562 4029 1
2689 816 1
8622 1670 1
5716 8402 1
7281 5850 1
7281 3645 1
7281 3617 1
7281 169 1
7281 1537 1
7281 698 1
7281 5997 1
7281 7252 1
7281 7412 1
7281 3421 1
7281 8519 1
7281 2801 1
7281 42 1
2283 2290 1
2283 4687 1
7747 3994 1
8791 2334 1
3755 4806 1
5239 1423 1
5239 1025 1
5239 2295 1
1760 5008 1
7175 6032 1
7175 1375 1
3086 3073 1
2726 6901 1
2726 6771 1
2726 1938 1
4536 7118 1
4536 7608 1
4536 257 1
1671 8568 1
7965 5832 1
7965 6020 1
7965 8159 1
7965 8029 1
7965 8085 1
7965 2360 1
7961 3464 1
7961 1381 1
7984 645 1
7984 2139 1
3274 8082 1
8117 6930 1
8117 6876 1
8117 4083 1
8117 5572 1
8117 8172 1
8117 1658 1
8117 8368 1
8117 7518 1
8117 966 1
8117 5262 1
8117 8703 1
8117 2533 1
8117 1078 1
112 854 1
112 4578 1
5943 1233 1
3352 3221 1
3227 8001 1
3227 6523 1
3227 3860 1
3227 2551 1
3227 5879 1
3227 2264 1
3585 2697 1
8354 8010 1
273 5690 1
1140 7763 1
6489 3534 1
6489 33 1
6489 8687 1
6489 4453 1
4559 1608 1
4559 2241 1
4559 872 1
4750 4584 1
5895 438 1
5895 5058 1
5895 49 1
5895 379 1
5895 5184 1
5895 1451 1
5895 1463 1
5895 1582 1
5895 2529 1
5895 8554 1
5895 3940 1
5895 3622 1
5895 4949 1
5895 1428 1
6095 8595 1
4920 683 1
3266 8091 1
3266 6959 1
8124 538 1
8124 6591 1
8124 994 1
8124 5158 1
5764 3100 1
2292 981 1
2292 7613 1
2292 823 1
8623 5788 1
5085 3200 1
7991 5767 1
7991 4027 1
7991 4660 1
7991 6595 1
7991 7897 1
897 6596 1
897 4010 1
4863 505 1
7502 4877 1
7502 369 1
7502 2771 1
7502 520 1
7591 6506 1
911 2459 1
7844 2086 1
7844 1061 1
7844 4228 1
7844 6624 1
7844 6514 1
7844 6981 1
7844 4703 1
7844 7795 1
3891 5272 1
2895 8309 1
2895 178 1
2895 2064 1
2895 6398 1
2895 2178 1
2895 4674 1
2895 3553 1
2895 890 1
2895 6131 1
4885 6635 1
4191 4992 1
4191 1232 1
4191 7554 1
4191 7009 1
4191 7865 1
3538 2044 1
7219 516 1
7219 246 1
7219 8345 1
2407 2678 1
5751 343 1
5751 7658 1
5751 4326 1
5751 2317 1
5751 2039 1
5751 2325 1
5751 6458 1
4229 423 1
7547 8676 1
4613 5583 1
1082 3447 1
2861 7022 1
2861 784 1
2861 3945 1
2861 8027 1
2861 2155 1
2861 4283 1
2861 4526 1
2861 2662 1
2861 2995 1
2861 6550 1
6789 5538 1
321 8151 1
321 8214 1
321 2880 1
321 870 1
321 3226 1
321 25 1
5773 2815 1
2640 7159 1
6416 7190 1
2798 3365 1
1883 7213 1
1883 3084 1
1883 1743 1
1883 2205 1
312 3705 1
3806 1768 1
8256 4446 1
6319 2122 1
6448 8447 1
6448 636 1
6448 1840 1
6448 3089 1
6448 2388 1
6448 8590 1
6448 1318 1
6448 2102 1
6448 7082 1
6448 915 1
6448 885 1
6448 5450 1
6448 3953 1
6448 1772 1
6448 2435 1
6448 8463 1
6448 5882 1
6448 2639 1
6448 5727 1
6448 962 1
4718 6360 1
4718 6957 1
1884 7254 1
1884 3589 1
1884 29 1
1884 8427 1
1884 8287 1
1884 2137 1
1884 7494 1
1884 5274 1
1884 2897 1
1884 2048 1
973 6027 1
5617 6410 1
3247 6627 1
3247 8379 1
3247 7354 1
3247 6444 1
3247 5293 1
3247 6282 1
3247 8406 1
3247 1948 1
3247 7929 1
3247 3105 1
3247 3417 1
3247 3016 1
3247 1088 1
3247 5326 1
3247 2996 1
3519 545 1
7417 2862 1
7417 8690 1
7417 7233 1
7417 5461 1
7417 6960 1
7417 3881 1
7417 6584 1
7417 3196 1
7417 7269 1
7417 2233 1
7417 8549 1
7417 7279 1
7417 5976 1
1274 2821 1
1274 5012 1
1274 2447 1
1274 2624 1
1274 8704 1
1274 1072 1
1274 8268 1
1274 335 1
1274 2453 1
4198 5051 1
4198 440 1
4198 3422 1
4198 6336 1
4198 7648 1
4198 1824 1
4198 8467 1
4198 5230 1
4198 3542 1
4198 619 1
4198 4176 1
6927 5985 1
272 7850 1
272 6140 1
272 8288 1
272 3725 1
272 2894 1
272 1511 1
272 2279 1
272 5679 1
272 4927 1
272 5284 1
272 8277 1
272 1513 1
3569 3372 1
3569 3570 1
3569 1123 1
3569 58 1
3569 5627 1
3569 4066 1
6341 5909 1
6341 7536 1
6341 1184 1
6341 3590 1
6341 5316 1
3963 3573 1
5151 4133 1
2499 3181 1
610 6770 1
1800 1044 1
2877 2614 1
3697 7537 1
3697 2689 1
3697 1412 1
3697 6744 1
3697 5178 1
3697 7889 1
3697 5288 1
3697 5924 1
3697 2134 1
3697 3389 1
3697 1827 1
3697 6326 1
3697 4651 1
3697 1395 1
3697 5413 1
36 5449 1
36 6505 1
36 4418 1
36 7934 1
36 6909 1
36 1618 1
36 1684 1
36 3904 1
36 539 1
36 3208 1
36 6373 1
8505 7334 1
8505 5166 1
8505 8539 1
8505 5227 1
2002 2269 1
2002 5697 1
2002 4362 1
2002 1592 1
2002 7818 1
2002 3808 1
2002 4912 1
2002 3582 1
2206 7751 1
2206 3689 1
2206 6090 1
1052 6887 1
1052 6386 1
1052 1326 1
1052 674 1
1052 5241 1
1052 5304 1
2384 7505 1
8481 7217 1
1295 1629 1
1295 6066 1
1295 7218 1
1295 5245 1
1295 8227 1
1295 3539 1
1295 1440 1
1295 1920 1
1295 172 1
1295 5277 1
5113 5552 1
7452 2807 1
6757 7860 1
6757 5330 1
6757 1134 1
6757 6972 1
6757 882 1
6757 8429 1
6757 364 1
6757 2078 1
6757 2594 1
6757 7153 1
714 6421 1
714 6924 1
5297 308 1
5297 4821 1
2370 1529 1
8062 6645 1
8062 5369 1
8477 2083 1
8477 2030 1
8477 2097 1
139 476 1
5360 5280 1
7858 1928 1
7858 7754 1
7858 7837 1
8367 4751 1
8367 6241 1
8367 2565 1
8367 4198 1
8367 3072 1
8367 1581 1
8367 4635 1
8367 274 1
8367 3045 1
8367 5683 1
8367 2979 1
6677 855 1
3128 7851 1
3128 7905 1
3128 4302 1
3128 4643 1
3128 8544 1
3128 718 1
3128 3088 1
3128 8611 1
3128 1234 1
4307 703 1
4307 936 1
4307 3927 1
4307 4371 1
4307 7121 1
4307 3460 1
4307 6730 1
8473 849 1
8473 5194 1
8473 193 1
8473 5031 1
4565 663 1
476 1900 1
476 8397 1
8828 1446 1
3329 3152 1
3329 7148 1
3329 591 1
3329 7530 1
3329 3757 1
3329 7543 1
3329 4915 1
3329 3903 1
4891 6212 1
4891 5346 1
4891 2485 1
4891 5821 1
4891 8278 1
4891 6160 1
4891 2052 1
4891 1191 1
1921 3256 1
2722 6663 1
2722 8235 1
5612 4061 1
4135 390 1
4135 4217 1
4135 546 1
4135 7825 1
4135 5506 1
4135 5020 1
4135 6592 1
4135 1915 1
4135 6174 1
4135 320 1
2265 4853 1
2422 6192 1
2422 4378 1
2422 8306 1
2422 6807 1
2422 7595 1
2422 2928 1
2422 2962 1
2422 1568 1
2422 1420 1
2422 2657 1
5030 2648 1
7073 8437 1
5007 6982 1
1182 2405 1
1182 6150 1
1182 7219 1
1182 4677 1
6530 1816 1
6530 4834 1
6530 6363 1
1308 3841 1
4309 4439 1
1227 415 1
846 545 1
7713 163 1
7713 790 1
7713 1649 1
7713 4183 1
2457 4321 1
2457 540 1
2457 7020 1
2457 5353 1
2457 4903 1
2457 4648 1
2457 1127 1
2457 6495 1
2457 4832 1
2457 6640 1
2457 1918 1
8761 7524 1
2363 1272 1
4306 3009 1
4306 120 1
196 8787 1
196 1212 1
196 7207 1
196 6093 1
196 398 1
196 1433 1
196 5367 1
196 5960 1
196 6538 1
4592 4493 1
2420 1494 1
2420 5287 1
2420 5163 1
2420 5824 1
2420 7739 1
2420 5275 1
5315 7335 1
4054 5579 1
7670 4799 1
7670 7287 1
7670 6678 1
7670 5604 1
7670 7422 1
7670 8501 1
7670 6081 1
7670 1194 1
7670 2977 1
7670 7701 1
7670 3222 1
7670 5273 1
7670 3369 1
7670 8079 1
7670 8186 1
7670 5394 1
7670 6168 1
7670 8021 1
7670 3292 1
7670 3791 1
7670 7622 1
8245 2094 1
8245 8313 1
8245 5075 1
8245 4931 1
8245 6671 1
8245 2836 1
8245 5586 1
2873 3069 1
3694 7147 1
3694 6918 1
3694 3291 1
3694 3013 1
3694 1702 1
3694 3044 1
3694 5971 1
8391 7309 1
8391 2415 1
8391 8586 1
8391 2654 1
8391 5401 1
6615 265 1
1132 7684 1
5760 5038 1
7358 7152 1
7358 845 1
7358 2338 1
7358 858 1
7358 470 1
7358 5065 1
7358 490 1
7358 5861 1
7358 2813 1
7358 3633 1
7358 7370 1
7358 8244 1
7358 3198 1
7358 6938 1
7358 2396 1
7358 1518 1
7358 7367 1
7358 7102 1
7358 3399 1
7049 6490 1
7049 3858 1
7049 4197 1
7049 48 1
7049 4691 1
7049 801 1
7049 7844 1
7049 8216 1
7049 4379 1
7049 5259 1
7049 8563 1
7049 140 1
7049 3403 1
7049 6372 1
7049 6353 1
7049 779 1
6037 6227 1
4380 3661 1
653 5797 1
485 2820 1
1152 8668 1
1481 8166 1
8360 6509 1
8360 5898 1
2044 7788 1
5296 1793 1
6491 2806 1
6491 1111 1
6491 7467 1
6491 812 1
6491 6623 1
6060 8531 1
4720 5787 1
8048 6846 1
8048 3672 1
8048 3127 1
8048 7916 1
8048 1539 1
8048 7275 1
8048 387 1
8048 2540 1
8048 118 1
8048 7128 1
1385 7410 1
6529 4161 1
1073 5510 1
6421 8054 1
6421 1888 1
6421 5175 1
6421 5901 1
56 657 1
7544 3663 1
6125 2664 1
6125 4780 1
6125 8567 1
6125 4574 1
6125 7318 1
6125 6493 1
4147 6440 1
4147 6507 1
4147 8270 1
4147 447 1
4147 471 1
4147 5054 1
4147 8438 1
4147 8065 1
4147 2335 1
4147 3776 1
4147 8440 1
4147 6524 1
4147 1663 1
4147 6258 1
4147 785 1
4147 609 1
4147 7262 1
4147 8815 1
4147 1558 1
7922 6365 1
975 4828 1
8014 7333 1
8014 3071 1
8014 1029 1
2874 3107 1
2874 2114 1
2874 2100 1
2874 3964 1
5889 3863 1
5889 1908 1
5889 1391 1
7884 2610 1
7884 7685 1
7884 8541 1
7884 4624 1
701 8557 1
7029 1475 1
7029 7992 1
7029 2366 1
7029 7639 1
7029 8316 1
7029 435 1
7029 7095 1
7029 1754 1
7029 3783 1
7029 1204 1
7029 2234 1
7029 1597 1
8576 400 1
8605 7828 1
8605 8068 1
2479 1973 1
2479 1320 1
2479 144 1
2479 678 1
2479 5196 1
2479 1842 1
4421 4263 1
7869 6812 1
3711 6533 1
876 4683 1
6739 8232 1
8208 7689 1
2899 3674 1
6752 3234 1
6537 7963 1
2015 4955 1
5061 6740 1
5422 8459 1
5422 3203 1
5422 3434 1
5422 2686 1
5422 8417 1
5422 1241 1
5422 7628 1
6130 6337 1
6130 5686 1
3291 1012 1
3291 3224 1
3291 8333 1
3291 887 1
3291 3047 1
3291 1453 1
34 6500 1
8053 774 1
6636 3493 1
3302 1484 1
3302 7810 1
6575 6151 1
6575 5799 1
7594 3106 1
7594 8312 1
7594 41 1
7127 227 1
7127 6034 1
7127 6798 1
7127 4214 1
7127 1998 1
7127 3259 1
7127 1593 1
5435 6431 1
8597 8691 1
8218 7071 1
8218 4865 1
8218 4732 1
8218 3423 1
8218 8600 1
8218 6130 1
8218 5273 1
8218 4538 1
8218 3362 1
765 3055 1
328 3951 1
328 5144 1
4503 8350 1
4503 2717 1
4503 4006 1
4503 5323 1
4503 6701 1
4503 1650 1
4503 8192 1
4503 4420 1
4503 6994 1
4503 4900 1
4503 7129 1
4328 922 1
4328 6472 1
4328 5792 1
4328 2241 1
4328 5123 1
4328 2225 1
4328 4064 1
4328 6199 1
4328 5929 1
6762 956 1
4140 5981 1
4519 5644 1
1520 8680 1
5750 3991 1
2 6959 1
3310 2869 1
3310 4204 1
54 352 1
54 1949 1
54 7982 1
54 7149 1
54 6778 1
54 6840 1
54 6881 1
54 7541 1
54 2867 1
54 6187 1
54 4431 1
527 7736 1
349 5494 1
349 1396 1
349 5876 1
349 7884 1
349 5244 1
349 7120 1
7350 7575 1
3119 6889 1
3119 4779 1
1345 7585 1
1345 5324 1
1345 7442 1
951 436 1
5848 7753 1
5848 7282 1
5848 2659 1
5848 2956 1
5848 7975 1
5848 8038 1
5848 970 1
533 6322 1
1069 4724 1
4946 2212 1
1045 6292 1
1045 3404 1
5952 4824 1
6476 3982 1
6476 3007 1
2060 1795 1
2060 6477 1
2060 6906 1
2060 300 1
2060 7985 1
3221 5180 1
3221 6547 1
3221 8805 1
3090 5711 1
7708 557 1
8759 8110 1
1543 5641 1
3392 862 1
3392 2578 1
3392 2567 1
3392 1848 1
840 5741 1
840 1474 1
840 1027 1
840 3429 1
840 2436 1
840 152 1
4827 8223 1
6715 8089 1
4250 673 1
4250 1577 1
4250 1457 1
4250 3820 1
4250 8320 1
4250 1891 1
4250 8599 1
794 2003 1
794 6126 1
8649 4071 1
8649 1470 1
2678 2402 1
2678 2794 1
3718 5480 1
3718 3759 1
3718 5534 1
3718 4424 1
3718 5643 1
7111 7555 1
4265 2916 1
4265 6911 1
6067 7509 1
6427 5682 1
6197 5713 1
6197 708 1
4911 119 1
2751 419 1
2751 4329 1
2751 3132 1
2751 4976 1
2751 8617 1
2751 8493 1
2751 3866 1
2751 2190 1
6830 772 1
6830 3026 1
6830 597 1
6830 3213 1
8355 6231 1
8355 1092 1
8355 222 1
8355 6155 1
8355 2226 1
8355 7667 1
8355 2207 1
8355 8509 1
8355 466 1
8355 2886 1
8355 79 1
8355 5361 1
8355 3602 1
8355 7960 1
8355 477 1
8355 4634 1
669 6328 1
669 7593 1
669 1585 1
669 4601 1
2341 2180 1
4808 3039 1
4808 4894 1
4808 4281 1
8108 891 1
8108 8708 1
8108 5399 1
8108 7280 1
8108 6201 1
8108 2148 1
7165 6399 1
3635 5962 1
5701 1746 1
989 4398 1
1933 5840 1
1933 3835 1
1933 8686 1
1933 4618 1
1933 6995 1
4904 8101 1
4861 325 1
4861 6047 1
4861 1417 1
4861 8006 1
4861 2198 1
530 3700 1
3830 4754 1
3830 537 1
3830 2887 1
3830 104 1
3830 7814 1
3830 1886 1
3830 261 1
3830 5585 1
3830 3728 1
3830 7023 1
3830 1828 1
3830 8299 1
6005 4981 1
6005 7383 1
5921 4604 1
5921 7181 1
5921 4845 1
5921 4801 1
5921 4265 1
5921 8007 1
5921 3338 1
5921 1489 1
5921 2217 1
5921 153 1
5921 6255 1
5921 8415 1
4026 6052 1
4266 6569 1
6405 895 1
6405 3443 1
3146 8230 1
4993 4692 1
4987 4829 1
4987 3717 1
1708 6792 1
5023 6540 1
8470 2767 1
1581 1809 1
1581 1308 1
1581 3540 1
1581 7643 1
1581 1095 1
1581 2421 1
2347 555 1
3468 814 1
3468 1984 1
8429 4077 1
8429 3298 1
3333 8723 1
1155 3197 1
8812 6103 1
4850 6822 1
4850 7913 1
4850 5522 1
4850 6359 1
3995 1101 1
7893 1213 1
7893 1664 1
7893 1000 1
6558 5049 1
6558 6637 1
6558 3239 1
6558 5908 1
6558 7203 1
6558 1594 1
6558 788 1
6558 474 1
6558 224 1
6558 4212 1
7471 2680 1
7471 888 1
7471 3247 1
7471 2826 1
7104 5046 1
3939 8588 1
99 2063 1
803 2173 1
8568 4213 1
8568 4058 1
3983 1599 1
3983 8099 1
3983 5707 1
3983 7713 1
3983 2577 1
3983 5974 1
3983 3270 1
3983 156 1
3983 7016 1
3983 2354 1
3983 1311 1
8139 8780 1
3719 7596 1
3719 1635 1
3719 7504 1
3719 6235 1
3719 2853 1
3719 6225 1
3719 2788 1
3719 6007 1
3719 6142 1
1874 5945 1
7784 3078 1
5998 1479 1
5998 1040 1
5998 1273 1
5998 5523 1
5998 2859 1
3013 997 1
3013 6656 1
3013 5561 1
3013 6019 1
3013 7327 1
3330 7583 1
3330 4044 1
6016 3578 1
6016 5717 1
6016 7598 1
6016 2863 1
6016 1576 1
6016 4890 1
2808 1929 1
2808 5555 1
2808 63 1
2808 6555 1
2808 2944 1
2808 2056 1
2808 6777 1
2808 7061 1
2808 7812 1
2808 2746 1
2808 6198 1
2808 4739 1
2808 7665 1
2808 7696 1
2808 8258 1
2808 5915 1
2808 2243 1
2808 3209 1
2808 8144 1
2808 2231 1
2808 1832 1
2808 8315 1
2808 1898 1
2808 7481 1
4841 7150 1
2669 4012 1
2669 4573 1
7998 4224 1
7998 3616 1
280 1990 1
280 2961 1
280 8665 1
280 1902 1
280 433 1
280 2608 1
280 3619 1
280 198 1
280 7182 1
280 4178 1
280 4667 1
280 8264 1
280 5991 1
280 4470 1
280 7757 1
280 8528 1
280 5254 1
280 6117 1
280 889 1
280 6841 1
7711 6388 1
2628 2642 1
2628 7361 1
2628 64 1
2628 1584 1
2628 7600 1
2628 5479 1
2628 1464 1
2628 5027 1
2628 8650 1
2628 5295 1
2628 4818 1
2628 40 1
2628 6450 1
2628 5703 1
2628 5388 1
2628 8757 1
7855 8247 1
5551 7304 1
5551 6374 1
5551 6028 1
5551 1552 1
5551 5953 1
670 2287 1
8295 7610 1
8295 3970 1
8295 577 1
8295 7402 1
8295 6619 1
8295 2822 1
3895 6487 1
4710 3650 1
1154 4700 1
1154 8712 1
1154 1548 1
1154 216 1
1154 72 1
1154 7841 1
1154 3646 1
4469 3255 1
4469 686 1
32 8026 1
32 5364 1
32 7188 1
32 1993 1
32 8011 1
32 2528 1
32 7489 1
32 7234 1
32 3726 1
32 162 1
753 3472 1
753 600 1
753 3482 1
753 5195 1
753 1405 1
3560 7634 1
3683 2031 1
8532 4126 1
1893 3976 1
1893 4477 1
1218 4059 1
1218 3393 1
1218 4056 1
7659 2252 1
294 8071 1
294 3159 1
294 6580 1
294 4406 1
294 1598 1
294 4685 1
294 2322 1
294 5167 1
294 74 1
294 3051 1
2089 8741 1
7310 6769 1
7964 853 1
5606 4405 1
5606 3558 1
5606 287 1
5606 4563 1
5606 5253 1
5606 3753 1
5606 7264 1
5606 5451 1
5606 3474 1
5606 3500 1
5606 2161 1
5606 18 1
5606 6425 1
5606 4101 1
5606 5397 1
5606 1421 1
5606 8678 1
5606 3777 1
5606 822 1
3624 3789 1
3624 7552 1
3624 6207 1
3624 4755 1
3624 259 1
3624 613 1
3624 3690 1
3624 2247 1
3688 7167 1
3688 875 1
3688 7881 1
3688 4163 1
4137 8524 1
4137 8671 1
4137 789 1
4137 7451 1
4776 1351 1
8436 651 1
8436 8442 1
8436 1912 1
8436 4389 1
8436 5977 1
8436 3665 1
8436 4318 1
8436 43 1
8436 4879 1
8436 565 1
8436 4340 1
8436 2584 1
8436 7391 1
8436 8298 1
8436 6749 1
8436 3062 1
8436 671 1
8436 8290 1
5020 4167 1
5020 2849 1
4349 3216 1
1266 611 1
8039 2747 1
8039 8322 1
5396 2792 1
3950 1499 1
3950 7285 1
5856 1843 1
5856 2741 1
5856 2513 1
5856 3775 1
8065 513 1
6035 8483 1
7533 3111 1
1553 4893 1
1553 6413 1
1553 3466 1
1553 824 1
1553 3625 1
1553 3727 1
1553 2060 1
1553 5372 1
1553 269 1
1553 6653 1
1553 1952 1
1553 2175 1
1553 2468 1
1553 7484 1
1553 4203 1
1553 2661 1
1553 8296 1
1553 5268 1
5622 4715 1
6144 381 1
6144 551 1
6115 6942 1
6115 8300 1
43 5471 1
827 6417 1
5190 7528 1
5190 6644 1
5190 7438 1
5190 7777 1
5190 5162 1
5190 6357 1
5190 5014 1
5190 8372 1
5190 4597 1
5190 245 1
5190 8790 1
5190 522 1
5190 8157 1
5190 8526 1
5190 4261 1
5190 2081 1
5190 797 1
5190 3323 1
5190 4605 1
5190 4571 1
5190 6508 1
5190 6799 1
7230 5841 1
7230 5688 1
7230 3318 1
452 84 1
6910 1112 1
1778 4 1
3826 6848 1
3826 3475 1
3826 4144 1
3826 5728 1
5846 2293 1
5846 6483 1
5846 3966 1
902 6248 1
1237 521 1
1237 3038 1
6781 4871 1
6781 6741 1
6781 6257 1
6781 291 1
6870 2615 1
6870 2475 1
6870 2352 1
6870 2967 1
7180 1144 1
7180 6885 1
7180 6025 1
7180 2515 1
7180 8257 1
7180 1745 1
7180 7499 1
2262 8188 1
2262 4348 1
2262 2858 1
3926 3207 1
3926 6814 1
3926 3959 1
3926 6414 1
3926 4093 1
3926 3787 1
4143 4170 1
4143 2879 1
4143 7920 1
3813 3883 1
1425 2029 1
5503 3442 1
5503 472 1
7017 4831 1
7017 8669 1
7017 7241 1
461 1510 1
461 6732 1
1401 908 1
1401 3180 1
1401 69 1
1401 223 1
1401 8161 1
1401 4923 1
1401 4549 1
1401 2502 1
1401 4861 1
1401 3177 1
1401 1634 1
1401 782 1
1401 2611 1
1401 3158 1
1401 3078 1
1401 3678 1
1401 2556 1
1401 8813 1
1401 2184 1
1401 3586 1
1401 1435 1
4539 329 1
4477 6100 1
4477 2998 1
4477 3348 1
4477 6017 1
4477 3715 1
4477 1941 1
4477 5492 1
4477 3412 1
4477 6290 1
4477 2071 1
4477 6152 1
4477 399 1
4477 5677 1
4477 6891 1
4477 5873 1
127 2452 1
2769 7123 1
2769 100 1
8254 6475 1
8254 3564 1
8254 4551 1
8254 4322 1
8254 6051 1
8254 6013 1
8254 2411 1
8254 4583 1
7977 7404 1
7977 3845 1
7977 4404 1
7977 7244 1
7977 1202 1
6234 8342 1
6234 3244 1
6234 1903 1
1740 4684 1
8385 3687 1
8385 654 1
6672 4748 1
4629 534 1
4629 3064 1
4629 5854 1
4629 4772 1
4629 1058 1
4629 4240 1
4629 3218 1
4629 4961 1
4629 8759 1
4629 2833 1
4629 5961 1
4629 8187 1
4629 7243 1
4629 5231 1
4629 1244 1
2780 4440 1
3902 7687 1
3902 6342 1
3902 8366 1
3902 601 1
3902 5751 1
3902 3401 1
3902 5405 1
3902 8185 1
3902 3965 1
3902 2185 1
3902 8400 1
2946 3042 1
7776 1851 1
802 3025 1
802 7000 1
3374 7993 1
3374 4840 1
560 141 1
7655 4458 1
6471 6111 1
8621 8190 1
1885 3716 1
1969 2220 1
1969 8393 1
1969 6358 1
1969 5880 1
1969 7666 1
1969 8830 1
1969 523 1
1969 5806 1
1969 3692 1
1969 7362 1
3074 7162 1
3074 8720 1
8474 3130 1
8474 2779 1
8474 4778 1
6344 5904 1
6344 251 1
6344 2811 1
6344 1306 1
6344 8806 1
2408 7857 1
7724 7495 1
7724 7984 1
7724 817 1
7724 6247 1
7724 4208 1
7724 191 1
7510 6839 1
7510 3592 1
7510 7435 1
5941 6953 1
2229 3049 1
2229 5855 1
2229 5406 1
2229 2881 1
3984 1877 1
7617 5159 1
7617 3345 1
7617 217 1
7617 6618 1
7617 4152 1
2523 759 1
2523 6804 1
2523 7306 1
2523 8675 1
2523 1678 1
2523 1331 1
2523 3035 1
2523 8115 1
2523 4630 1
3969 7492 1
3969 722 1
7568 5135 1
6728 7856 1
6728 8547 1
3850 2088 1
3850 8743 1
3850 3885 1
3850 4479 1
3819 3096 1
5261 1276 1
5261 6096 1
5261 2394 1
5261 4495 1
5261 7444 1
5261 5266 1
1330 6125 1
5369 5086 1
5369 5932 1
5369 1862 1
5369 1129 1
5369 7161 1
2626 6791 1
394 4773 1
394 6118 1
6626 560 1
8479 1879 1
5752 7539 1
458 6378 1
458 5998 1
458 6863 1
458 6059 1
7069 1722 1
1059 7869 1
147 3526 1
147 769 1
147 811 1
147 8811 1
1081 1231 1
8486 8823 1
8486 668 1
8486 7650 1
8486 2958 1
8486 8711 1
8486 8025 1
8486 618 1
8486 3608 1
8486 6148 1
8486 4115 1
7820 2787 1
7820 8715 1
6422 127 1
6422 185 1
6422 7588 1
7918 5765 1
7500 6389 1
7500 6545 1
7500 4533 1
7500 4325 1
5543 7737 1
3623 7522 1
3623 4963 1
3281 4889 1
3032 6297 1
6424 4803 1
6424 6479 1
6424 6134 1
6424 2386 1
6424 4928 1
6424 2997 1
6424 8652 1
6424 6408 1
6424 4541 1
6424 2011 1
6424 5662 1
2331 3541 1
2331 7926 1
2331 7690 1
2331 7053 1
6107 1461 1
1604 4399 1
1604 1791 1
8155 6845 1
4471 1863 1
3059 171 1
1110 7587 1
411 7006 1
7469 6204 1
6166 6712 1
5356 8189 1
1427 2199 1
1427 4783 1
1427 6073 1
1427 374 1
1427 6912 1
1427 6987 1
1427 2201 1
1427 6138 1
1427 7939 1
3176 6146 1
1011 7274 1
1011 2140 1
1011 6673 1
1011 7146 1
1011 3898 1
1011 6349 1
1011 4558 1
1011 229 1
1011 5218 1
1011 2327 1
1011 7717 1
1011 8441 1
1011 7157 1
8789 6843 1
1762 6733 1
1186 8636 1
1186 6900 1
8411 1388 1
8411 1855 1
8411 6763 1
8411 130 1
2789 3215 1
4211 2026 1
4211 142 1
7793 3918 1
7793 8140 1
7793 6978 1
7793 3315 1
7793 843 1
7793 8136 1
7793 2667 1
7793 460 1
7793 4653 1
7793 7340 1
7793 6123 1
3027 158 1
1579 2066 1
1579 8552 1
7896 2049 1
8072 3780 1
8072 1016 1
8072 8484 1
8072 5216 1
6975 1290 1
6975 3030 1
6975 8116 1
6975 7151 1
6975 1641 1
4409 7620 1
4409 6502 1
4409 5428 1
4409 2067 1
4409 8093 1
4409 4480 1
4409 5005 1
4409 5279 1
4409 709 1
4409 282 1
4409 6044 1
4409 4641 1
4409 2130 1
4409 66 1
4409 8803 1
4409 2501 1
4409 4189 1
4409 1477 1
4409 3303 1
4409 5910 1
4409 8696 1
8241 2181 1
8241 857 1
8241 5883 1
8241 80 1
8241 5091 1
1473 5770 1
4070 8243 1
5505 6110 1
5505 972 1
5505 871 1
5505 8633 1
5505 1563 1
5505 6246 1
5505 3516 1
5505 1312 1
5505 2314 1
5505 8755 1
5505 606 1
5505 7503 1
5505 4948 1
5505 232 1
5505 380 1
5505 8666 1
2399 6452 1
2399 2025 1
2399 7039 1
3029 4501 1
3738 5655 1
5328 6756 1
5328 3005 1
1829 6114 1
1829 3765 1
1613 7989 1
1613 7143 1
1613 5076 1
1613 7816 1
1613 4031 1
1613 4723 1
1613 3029 1
1613 7258 1
1613 2910 1
1613 1162 1
1613 2004 1
1613 7830 1
1613 2491 1
3193 945 1
3193 2270 1
3193 4672 1
3193 3450 1
3193 8513 1
3193 1555 1
3193 3505 1
3193 1257 1
3193 7079 1
3193 8434 1
3193 7680 1
5308 3383 1
3600 5665 1
2498 4504 1
2498 8556 1
2498 1831 1
2498 5511 1
2498 7498 1
6008 1340 1
6008 3142 1
4806 2856 1
4806 815 1
4806 5867 1
4806 2186 1
4806 4486 1
4806 7337 1
4806 6541 1
4806 7804 1
4806 4864 1
4806 7141 1
4806 1897 1
4806 3305 1
7801 2337 1
2355 7240 1
2355 7843 1
2355 4391 1
2355 3840 1
2355 3554 1
2355 1732 1
5680 6847 1
5680 4234 1
5680 2882 1
5680 2423 1
5680 3811 1
5680 1332 1
5138 6919 1
6922 2418 1
7208 541 1
7208 8788 1
7208 8050 1
7208 7 1
7208 8226 1
7208 165 1
7208 6016 1
7208 7408 1
7208 5660 1
7208 5199 1
7208 1551 1
7208 4285 1
4962 1545 1
4962 3612 1
4962 3834 1
4962 5795 1
4962 5157 1
3507 3487 1
3507 7300 1
3507 8389 1
3507 7678 1
3507 6449 1
3507 8273 1
3507 4143 1
2758 3666 1
604 2834 1
604 7125 1
604 2276 1
830 1845 1
3736 3264 1
4499 8460 1
4499 7962 1
4499 8024 1
52 6734 1
5042 7912 1
3948 4384 1
1556 7619 1
1556 412 1
1556 6283 1
1556 26 1
1556 5365 1
1556 6035 1
1556 8347 1
1556 7411 1
1556 8824 1
1556 1178 1
1556 6206 1
5512 7033 1
6310 3909 1
1914 6549 1
3464 1738 1
4425 7540 1
2534 705 1
7232 6193 1
4965 8627 1
4965 5498 1
4965 7950 1
1702 2681 1
1702 2990 1
1206 1960 1
1206 3524 1
1206 2988 1
1206 5529 1
1206 5026 1
1206 5540 1
1206 3211 1
1206 6864 1
1206 6924 1
1206 1269 1
1206 993 1
1206 339 1
1206 1783 1
1206 6632 1
1919 1574 1
4766 7088 1
5402 737 1
5402 2981 1
8237 3217 1
7946 5382 1
7946 2065 1
7194 4445 1
50 228 1
2633 5132 1
2633 7336 1
6330 3419 1
1387 5507 1
7590 4376 1
3359 2600 1
3359 593 1
7772 4142 1
8702 4036 1
2542 7405 1
771 7815 1
771 7877 1
2143 7958 1
2143 1798 1
2143 3075 1
2143 1208 1
2143 1001 1
2143 995 1
2143 6522 1
2143 8215 1
2143 1931 1
2143 6185 1
2143 4784 1
7054 6284 1
2975 6459 1
5022 2107 1
7434 4509 1
7434 2104 1
7057 5623 1
7057 2200 1
7057 1907 1
7057 7075 1
7057 1043 1
7057 1939 1
7057 2950 1
7057 2795 1
1881 8796 1
6863 462 1
6863 7496 1
6863 3232 1
6863 5187 1
6863 6011 1
6863 1126 1
6863 2694 1
6863 7007 1
6863 640 1
6863 5671 1
6863 7223 1
6863 7909 1
6863 701 1
6863 8821 1
6863 3168 1
6863 8437 1
6863 3601 1
6863 6041 1
6863 7160 1
6863 124 1
6863 7348 1
6863 8272 1
6863 5357 1
6863 382 1
6863 6291 1
6863 2919 1
6863 1220 1
4394 6827 1
8795 564 1
6810 4897 1
6810 5559 1
1880 2027 1
621 8827 1
621 6796 1
621 6720 1
621 360 1
621 6395 1
621 7056 1
5445 1971 1
2595 3199 1
2595 303 1
4184 2434 1
4184 4611 1
1763 3821 1
5957 4620 1
5091 1531 1
5091 590 1
5091 991 1
5091 6124 1
5091 2517 1
5091 6147 1
5091 4552 1
5091 4450 1
5091 2000 1
5091 7704 1
5091 3294 1
5091 5 1
5091 1610 1
5091 5154 1
6944 5743 1
6944 3354 1
6944 4714 1
6944 7364 1
6944 1940 1
6944 8064 1
6944 5229 1
6944 5459 1
6944 3023 1
6944 5240 1
6944 6737 1
6944 1393 1
6944 6394 1
6944 4895 1
4914 7931 1
4914 8516 1
4914 62 1
4914 486 1
4914 757 1
4914 4086 1
4914 6164 1
4914 4316 1
4914 5907 1
4914 4851 1
3844 6249 1
700 1148 1
7305 6121 1
2716 883 1
295 4222 1
8689 1868 1
8689 8103 1
968 311 1
968 599 1
4369 2802 1
4487 2796 1
2682 467 1
4340 146 1
4340 598 1
4340 3747 1
4340 3774 1
4340 1183 1
4340 2973 1
4340 607 1
4340 422 1
4340 6266 1
4340 1354 1
4340 3212 1
1583 4061 1
7766 2294 1
5974 4361 1
5974 8033 1
5974 6716 1
5974 1779 1
5974 3566 1
5974 7925 1
5974 3453 1
5974 8629 1
5974 502 1
5974 3411 1
5974 4688 1
5974 4788 1
2941 8611 1
6063 7661 1
8618 7458 1
8618 8710 1
8618 4816 1
8618 2055 1
8618 2851 1
8618 3102 1
8618 1675 1
8618 2597 1
8618 6773 1
8618 6991 1
4511 3822 1
4511 358 1
4511 8212 1
4511 5912 1
4511 7727 1
4511 2070 1
4511 2575 1
4511 7216 1
3994 2358 1
8746 7400 1
8746 7051 1
8746 3275 1
8746 8125 1
8746 594 1
8746 694 1
8746 1456 1
8746 550 1
8746 7746 1
8746 3262 1
8746 1771 1
3670 3606 1
3670 1226 1
4044 5354 1
1925 4505 1
1623 3469 1
7516 8776 1
7516 37 1
7516 1724 1
7516 7296 1
7516 289 1
5047 7709 1
5047 1833 1
7832 6539 1
60 8640 1
954 1674 1
954 7325 1
1729 2467 1
1729 4463 1
1729 4221 1
1729 7611 1
1729 7372 1
1729 11 1
1729 3671 1
1729 8831 1
1729 4488 1
1729 6917 1
8169 1052 1
8169 2368 1
626 7875 1
626 8735 1
626 8632 1
626 1074 1
626 8234 1
626 6775 1
626 8183 1
626 5130 1
626 252 1
8160 2712 1
5205 7291 1
5205 2306 1
3827 8736 1
3827 5649 1
3827 5807 1
3827 2545 1
3827 5834 1
3827 2766 1
3827 3803 1
3827 2093 1
3827 3028 1
3827 5414 1
3827 6262 1
3827 2424 1
3827 6969 1
3827 4292 1
3827 4674 1
3827 3710 1
3827 4515 1
3827 8474 1
3827 1811 1
3827 3004 1
3827 8533 1
3827 2534 1
3827 7803 1
3827 5789 1
3827 359 1
3827 401 1
3827 7432 1
3827 1651 1
3827 7630 1
3827 7706 1
3827 5436 1
3827 5609 1
3827 5819 1
6521 2273 1
6521 6009 1
6521 5153 1
6521 8018 1
6521 3839 1
6521 4293 1
6521 3609 1
6521 8443 1
6521 656 1
4046 3797 1
881 528 1
4160 5307 1
637 5383 1
2314 7087 1
2314 5578 1
2314 8667 1
2314 2238 1
2314 1852 1
2314 1560 1
2314 7848 1
6685 3584 1
6685 3251 1
4925 1750 1
1471 1894 1
6535 4977 1
6512 7879 1
6512 400 1
6512 7168 1
6512 299 1
6512 3245 1
7280 1652 1
7280 1627 1
7280 2005 1
7280 6412 1
7280 664 1
7280 2169 1
7280 6099 1
7280 1334 1
7280 634 1
7280 3749 1
6865 756 1
695 5576 1
7437 5639 1
7437 6935 1
7437 6552 1
7363 1413 1
3331 2900 1
1407 7460 1
3101 4638 1
3101 7936 1
3101 6998 1
3101 5871 1
3101 3443 1
3101 3091 1
1327 2129 1
1327 5769 1
1327 2840 1
1327 631 1
1327 4268 1
1327 5447 1
1327 3758 1
3717 1508 1
3717 337 1
3717 1373 1
3717 3949 1
3717 6735 1
3717 4956 1
3717 3147 1
3717 1130 1
3717 2854 1
8051 5439 1
8051 5269 1
8051 1180 1
8051 4231 1
8051 2552 1
8051 6964 1
8051 6515 1
6417 7695 1
6417 3574 1
6417 1105 1
6417 1533 1
248 7671 1
2531 314 1
2531 2720 1
3695 8283 1
3910 576 1
157 495 1
2096 1064 1
160 3122 1
160 8260 1
160 2814 1
4716 5589 1
4716 6323 1
4716 283 1
4716 8331 1
2814 8150 1
2814 5077 1
2814 1258 1
2814 2119 1
2814 5965 1
2814 1021 1
2814 8461 1
8152 7943 1
7938 386 1
7938 1192 1
7938 8449 1
7938 3296 1
7938 2255 1
7938 5939 1
7938 6558 1
7938 3624 1
7938 6189 1
7938 1969 1
7938 3778 1
7938 1762 1
7938 771 1
7938 1785 1
7938 7144 1
7938 7947 1
7938 1342 1
6698 8352 1
1095 6979 1
1095 7360 1
1095 5524 1
1095 3426 1
1095 2464 1
1414 650 1
1414 4838 1
4436 1982 1
3836 6610 1
6059 8826 1
6059 549 1
6059 7786 1
6059 3723 1
6059 8482 1
6059 7045 1
3511 5467 1
3511 2931 1
3511 1067 1
3511 2980 1
3511 326 1
3511 345 1
3634 5564 1
3634 2727 1
3634 4098 1
3634 2841 1
3634 1690 1
3634 7519 1
3634 3080 1
3634 2524 1
3634 7778 1
3634 6352 1
3634 8063 1
2272 8455 1
2272 7098 1
2272 276 1
2272 4800 1
2272 2174 1
2569 1959 1
3014 6080 1
2291 1419 1
5150 8245 1
3142 781 1
1562 7874 1
1853 7196 1
2320 4947 1
2320 3977 1
2320 2006 1
1505 4844 1
1505 1403 1
1505 4457 1
1505 5652 1
1505 5079 1
1505 6036 1
1505 4547 1
1505 980 1
1505 5381 1
1187 6980 1
1187 4854 1
1187 3899 1
1187 1580 1
4474 2711 1
2500 1956 1
2500 877 1
2500 8440 1
156 5448 1
156 3880 1
156 5137 1
156 4988 1
3081 5313 1
7640 2370 1
1747 5588 1
1348 5772 1
1348 3762 1
1348 861 1
1348 4175 1
1348 8217 1
4030 2497 1
5322 2481 1
5322 8045 1
4314 4557 1
869 5722 1
869 4251 1
2643 1024 1
2643 7526 1
2643 6390 1
2643 5491 1
2643 5421 1
2643 5474 1
2643 5957 1
2643 4272 1
2643 3702 1
7995 6702 1
7995 7119 1
5922 7700 1
5922 5299 1
4382 8819 1
6084 7891 1
6084 5209 1
6084 7080 1
6084 1142 1
4682 487 1
4682 7974 1
1346 3268 1
1346 8133 1
4299 1024 1
4299 7371 1
8758 4880 1
8758 4172 1
8758 255 1
8758 3435 1
8758 5457 1
8758 4219 1
8758 548 1
2700 3341 1
2700 5271 1
6264 4141 1
6264 1701 1
1161 6407 1
1161 2564 1
4028 492 1
4028 4937 1
4028 820 1
4028 2744 1
6849 2494 1
6849 8792 1
6849 925 1
6849 4598 1
6849 2782 1
6849 3754 1
6849 3607 1
6348 6182 1
6348 2673 1
6348 2586 1
6348 8534 1
6348 6403 1
6348 7186 1
6348 8747 1
6348 2477 1
6348 1789 1
6348 1624 1
6348 7878 1
6348 6849 1
6348 6992 1
6160 5446 1
6160 7356 1
2462 5825 1
2462 4336 1
2462 5170 1
2462 6002 1
2462 5646 1
5928 1080 1
5928 8360 1
5928 6154 1
5928 6781 1
5928 7017 1
5928 1327 1
5928 2643 1
5928 238 1
5928 8435 1
5875 5036 1
5875 1097 1
5875 8072 1
1361 5803 1
107 2635 1
387 416 1
387 27 1
387 1813 1
6293 6772 1
6293 1625 1
8535 7559 1
8535 8476 1
8535 5327 1
8535 4180 1
8535 2935 1
8535 4363 1
8535 8341 1
8535 4216 1
8535 3032 1
8535 3724 1
8535 8305 1
8535 7997 1
8535 672 1
8535 542 1
8535 1190 1
8535 4621 1
8535 8378 1
5798 6585 1
5798 5045 1
5798 1394 1
5798 7047 1
5798 7312 1
2339 6655 1
2339 7439 1
2339 3851 1
2339 7352 1
2339 1530 1
2339 4491 1
6666 6664 1
1693 3363 1
1693 5264 1
6057 6638 1
6057 1818 1
6057 3767 1
6057 3448 1
6057 2926 1
6057 2034 1
6057 1335 1
6057 2045 1
6057 4662 1
6057 7612 1
6057 2196 1
6057 1345 1
6057 4117 1
6057 6830 1
6057 7329 1
6057 3193 1
6057 4511 1
6057 4867 1
6057 3124 1
6057 3770 1
6057 2809 1
6057 7999 1
6057 5963 1
6057 8034 1
6057 1854 1
5613 6116 1
3818 6442 1
7243 268 1
7243 5374 1
7243 2927 1
7243 7122 1
7243 3112 1
7243 250 1
7243 8361 1
7243 199 1
4838 3827 1
4838 3817 1
4838 1661 1
919 461 1
1773 3833 1
1773 2929 1
1773 8510 1
1773 481 1
1773 7245 1
6171 1667 1
3347 5237 1
934 1910 1
934 206 1
850 5233 1
4599 7427 1
4599 211 1
4599 4525 1
4599 6660 1
7935 2414 1
7935 2082 1
7935 1352 1
7421 3219 1
6586 8013 1
3517 4742 1
3517 2532 1
4811 5002 1
4811 8574 1
5560 8818 1
5560 6077 1
5560 7468 1
7110 6950 1
7110 8335 1
7110 805 1
5595 3384 1
5595 6432 1
5595 6180 1
5595 6683 1
5595 3374 1
5595 187 1
5595 4356 1
409 195 1
5166 5139 1
5166 1131 1
5166 1093 1
4916 6916 1
4916 6599 1
4916 5553 1
2512 2757 1
2512 51 1
2512 3943 1
8668 7021 1
8668 8573 1
8668 1676 1
8668 7826 1
8668 3768 1
8668 4502 1
8668 6647 1
5285 8046 1
5285 5070 1
23 608 1
23 2954 1
23 7733 1
23 8265 1
6880 4273 1
6880 6571 1
6880 2969 1
6880 1665 1
6880 8028 1
6880 3017 1
6880 5410 1
6880 8522 1
6880 5338 1
6880 4489 1
6880 5456 1
6700 2955 1
7144 6612 1
7144 5587 1
7144 6385 1
7144 4343 1
7144 3825 1
7144 2432 1
7144 2596 1
7144 818 1
7144 8147 1
7144 378 1
7144 8396 1
7144 7483 1
1675 253 1
1675 2164 1
1675 4245 1
1675 7487 1
1675 7770 1
1675 4797 1
1675 6401 1
1675 7235 1
1675 7790 1
1675 2125 1
1675 736 1
1675 5830 1
1675 1790 1
1675 1166 1
1675 2652 1
1675 6976 1
1675 1054 1
1675 6092 1
1675 4410 1
1675 1096 1
1675 1304 1
5465 1333 1
5465 6926 1
5465 4746 1
45 3823 1
786 2739 1
7198 5177 1
6800 1485 1
4857 4050 1
4088 2332 1
4088 8716 1
4088 1410 1
3431 6350 1
3431 2861 1
3431 231 1
3431 8355 1
3431 3409 1
3431 4346 1
3431 5654 1
3431 6222 1
3431 5099 1
3110 2333 1
3461 8508 1
3461 8677 1
3461 3121 1
3461 1157 1
3461 2893 1
3461 5395 1
3461 1176 1
3461 4850 1
3461 6136 1
3461 3360 1
3461 4110 1
3461 4914 1
3461 6990 1
3461 2272 1
3461 2387 1
3461 2537 1
3461 4957 1
3461 4794 1
3461 2909 1
3461 6242 1
3461 1836 1
3461 5759 1
3461 8457 1
5433 7455 1
5433 3390 1
8261 8345 1
2144 7068 1
2144 7060 1
2144 6696 1
5363 7246 1
2637 7210 1
2637 1281 1
2637 7940 1
3403 5809 1
3403 5614 1
3403 7283 1
3403 1538 1
835 4738 1
7712 7821 1
1205 4270 1
5246 8734 1
1935 5352 1
5238 2460 1
324 5355 1
324 1764 1
7849 6387 1
2321 4258 1
2321 3675 1
6784 4689 1
6784 7512 1
6784 1689 1
6784 2445 1
6784 6825 1
6459 5497 1
6459 665 1
6459 3066 1
6459 3595 1
4124 4436 1
2227 7459 1
1386 7864 1
1386 5796 1
1386 5936 1
1386 2431 1
1386 286 1
1386 2330 1
1386 5622 1
1386 8385 1
1386 6344 1
1386 1869 1
1386 3729 1
1386 1687 1
1386 4334 1
1386 7882 1
1386 4009 1
1386 2141 1
1386 7703 1
1386 7145 1
6181 5470 1
1173 3556 1
8323 5174 1
8323 7845 1
8323 3920 1
8323 5062 1
2285 5934 1
6202 4535 1
7973 3682 1
8364 961 1
6303 8344 1
6303 2913 1
6303 12 1
6303 5938 1
6303 3527 1
3451 943 1
7067 1525 1
7067 7517 1
7067 556 1
3737 5838 1
3737 4639 1
351 2433 1
5122 706 1
5122 3002 1
5122 4169 1
5122 6229 1
5122 5460 1
5122 3973 1
5122 592 1
5122 1570 1
5122 7764 1
5122 3034 1
5122 5247 1
8490 5185 1
5683 8221 1
5683 5489 1
3828 1797 1
2903 6380 1
2903 4705 1
2903 3793 1
2903 5203 1
2903 4731 1
2903 2725 1
2903 4561 1
2903 1120 1
2903 8412 1
2903 8343 1
2903 3859 1
2903 1987 1
2903 5318 1
2903 6263 1
2903 1519 1
2903 6267 1
2903 7566 1
2903 5147 1
2903 3588 1
2903 7349 1
2903 4681 1
8539 7903 1
8539 5503 1
8539 4876 1
8539 6275 1
8539 6340 1
8539 6089 1
8539 301 1
5375 3655 1
5375 5983 1
5375 1696 1
4220 7649 1
4156 6250 1
4156 5531 1
8167 6027 1
3425 4494 1
2638 5223 1
2638 6793 1
2638 2544 1
2638 7807 1
1350 2554 1
2323 1133 1
2323 5160 1
574 8318 1
574 3781 1
574 567 1
7733 3495 1
7733 5366 1
7733 4550 1
7733 5112 1
7733 5851 1
7733 5793 1
7733 1347 1
7733 6805 1
7733 682 1
7733 6650 1
7733 1368 1
7733 1642 1
7733 7956 1
7733 4582 1
7733 3308 1
7733 743 1
7733 2265 1
7733 7409 1
7733 5596 1
7733 3718 1
7733 4173 1
7733 2221 1
7733 2167 1
7733 5619 1
7733 7205 1
7733 5481 1
7733 317 1
7733 5738 1
7733 2281 1
7733 5702 1
7733 7398 1
7733 5402 1
7733 5906 1
7733 298 1
7733 6436 1
7733 3015 1
7733 7513 1
7733 7584 1
7733 2400 1
3325 3497 1
3325 3170 1
3325 5818 1
3325 108 1
3325 6106 1
3325 1167 1
3325 288 1
3325 8404 1
3325 5524 1
3325 76 1
6219 3989 1
7474 3414 1
7474 2588 1
7474 3340 1
7474 105 1
7474 7885 1
7474 3798 1
7474 7236 1
7474 5186 1
7474 2603 1
7474 868 1
7474 2371 1
7474 3837 1
7474 2035 1
7474 8730 1
7474 679 1
7474 2068 1
7474 6707 1
8265 5134 1
4040 7428 1
4040 5478 1
4040 8641 1
4040 8506 1
4040 7904 1
4040 7200 1
4040 2819 1
8158 503 1
514 1214 1
514 8090 1
514 7521 1
514 5968 1
514 243 1
514 4711 1
514 4810 1
514 4562 1
514 6278 1
514 6314 1
514 2679 1
514 6603 1
514 8732 1
514 2112 1
514 7743 1
514 8653 1
514 8763 1
8688 7166 1
8688 3638 1
8688 3568 1
8688 3444 1
8373 7384 1
8373 5530 1
8373 441 1
616 3293 1
8801 7076 1
2838 1859 1
2838 6821 1
929 6554 1
6461 6548 1
792 2625 1
6259 4986 1
6259 201 1
6259 6513 1
6674 2345 1
6674 4944 1
6674 1113 1
6674 1616 1
6674 1567 1
6674 2069 1
6674 2098 1
3158 363 1
3158 8304 1
8229 5592 1
8229 2592 1
8229 1553 1
8229 1945 1
8229 3284 1
8229 4037 1
809 7043 1
3626 7799 1
260 1906 1
5204 7547 1
6188 4262 1
6188 1044 1
3603 2192 1
3603 6803 1
3603 8468 1
878 6312 1
878 439 1
878 4983 1
878 2329 1
878 2187 1
878 5126 1
878 3733 1
878 1810 1
878 5081 1
6888 986 1
6888 7744 1
6888 7653 1
1100 8164 1
2805 6465 1
879 3424 1
6003 5228 1
7914 173 1
7914 2655 1
7041 8542 1
8165 4922 1
8814 5519 1
7461 4008 1
8094 2328 1
4927 942 1
6184 6614 1
5235 8074 1
5235 7944 1
5235 2911 1
5235 6299 1
5235 6298 1
5235 6221 1
5235 5400 1
5235 5933 1
5235 7890 1
5235 225 1
5235 3763 1
5235 6061 1
5235 2500 1
5235 8489 1
5235 7601 1
5235 7382 1
5235 3380 1
4359 5455 1
5358 4510 1
4975 6497 1
2804 7626 1
6050 1338 1
6396 3165 1
5227 3118 1
5227 4392 1
5227 1546 1
5227 652 1
5227 5040 1
5227 4642 1
5227 7124 1
5227 3285 1
5227 5004 1
5227 1587 1
5227 3314 1
1991 7767 1
4456 5164 1
5442 2984 1
5442 7299 1
5442 6525 1
5442 7981 1
5442 5379 1
5442 851 1
5442 5783 1
7886 2105 1
384 959 1
6224 468 1
6224 38 1
6224 1503 1
6224 8469 1
6224 5074 1
6224 1135 1
6224 713 1
4645 847 1
4882 1686 1
4882 2118 1
4882 1997 1
4882 8582 1
4882 6527 1
4882 2021 1
4882 5136 1
2469 215 1
5675 1495 1
5675 6108 1
5675 3324 1
5675 6967 1
5675 3893 1
5675 3668 1
6001 7725 1
7613 6252 1
7613 183 1
7613 2350 1
7613 6675 1
7613 6587 1
7613 6560 1
7613 2848 1
7613 4747 1
7613 5681 1
7613 2713 1
7613 7429 1
1830 8117 1
1839 2369 1
197 5389 1
197 8594 1
197 1951 1
197 1927 1
197 4312 1
6566 7740 1
6773 2518 1
6773 4560 1
6773 6457 1
6773 4232 1
6773 3226 1
5926 5133 1
6196 3265 1
6196 4386 1
6196 3479 1
6196 6445 1
6196 1411 1
6196 2968 1
6196 4836 1
6196 8634 1
6196 7417 1
6196 36 1
6196 6058 1
6196 6878 1
6196 794 1
6196 7731 1
6196 746 1
6196 3604 1
6196 6422 1
6196 97 1
6196 8618 1
6196 149 1
6196 6057 1
6196 2692 1
6196 8578 1
6196 4617 1
6196 457 1
6196 8348 1
6196 2535 1
6196 7698 1
1946 2949 1
2266 1466 1
2266 78 1
2266 2684 1
7224 3157 1
702 8012 1
702 1119 1
702 4235 1
3123 5721 1
3123 3326 1
3123 5804 1
3123 7961 1
3123 3329 1
3123 3830 1
3123 5010 1
3123 8798 1
3123 6512 1
3123 1068 1
3123 6334 1
3123 1008 1
3123 2732 1
3123 1168 1
3123 7195 1
3123 5986 1
8609 512 1
5831 1147 1
3957 6260 1
3957 6426 1
3957 3618 1
3957 7808 1
3957 6806 1
3957 362 1
3957 4020 1
3957 2356 1
3957 2587 1
3957 8009 1
3957 1422 1
3957 6088 1
3957 2406 1
7630 8388 1
4637 6877 1
4055 5763 1
5243 6598 1
5243 6214 1
5243 3279 1
5243 5689 1
5243 3249 1
5243 3092 1
5243 860 1
5243 1579 1
5243 1600 1
5243 666 1
5243 8332 1
7554 4122 1
7554 2454 1
7380 5663 1
2732 3514 1
2732 837 1
2732 3627 1
2732 3504 1
2732 6604 1
2732 7652 1
2732 8698 1
2732 2309 1
2732 7801 1
2732 7142 1
2732 7209 1
2732 3471 1
2732 5656 1
2732 4295 1
2732 1986 1
2732 886 1
2732 5822 1
2732 1710 1
2732 6642 1
2732 5305 1
2732 2509 1
6190 1802 1
123 3576 1
3580 8473 1
3580 1758 1
3867 5059 1
5800 1857 1
6430 8395 1
6430 7066 1
6430 4047 1
8056 7981 1
8056 8709 1
8056 4092 1
8056 5987 1
1709 5359 1
7183 4411 1
2971 8109 1
2971 8646 1
2971 1343 1
2971 4553 1
2971 5270 1
2971 6697 1
2971 8663 1
2971 500 1
2971 1725 1
2971 8205 1
2971 7339 1
2971 2022 1
2395 3077 1
1280 2092 1
1280 8802 1
1083 6462 1
1083 1014 1
1083 4902 1
1083 1378 1
1083 1509 1
1083 7323 1
1083 588 1
1083 5547 1
1083 2474 1
1083 3597 1
1083 8450 1
1083 8323 1
1083 726 1
1083 3334 1
4377 6816 1
8251 7353 1
8251 2383 1
6258 1611 1
5562 531 1
5562 5634 1
5562 2036 1
5562 6423 1
5562 4625 1
7618 8430 1
2032 4973 1
2032 6125 1
2032 7456 1
2032 7951 1
2032 4969 1
2032 3425 1
3003 1742 1
8086 5902 1
8086 1452 1
8086 3349 1
8086 5068 1
8086 1426 1
2259 3250 1
2259 6018 1
2259 7476 1
2259 4514 1
2259 166 1
5673 1260 1
1137 7515 1
2157 7248 1
3795 5309 1
5730 6907 1
2520 6570 1
187 2978 1
1250 102 1
1250 7986 1
1250 6717 1
1250 4616 1
1250 3178 1
1250 8605 1
1250 5949 1
1250 7155 1
4664 8610 1
2387 7176 1
2387 5103 1
2387 3438 1
1780 2307 1
10 3719 1
7178 4623 1
2018 8408 1
4958 3019 1
4958 5709 1
4958 4612 1
4958 3478 1
4958 1825 1
4958 7872 1
4958 7963 1
4958 7002 1
4958 8577 1
4958 1603 1
1465 563 1
1465 5039 1
1465 4080 1
1465 7548 1
1465 8076 1
1465 1441 1
1465 7315 1
8394 8774 1
775 2321 1
2439 6504 1
2439 86 1
2439 121 1
2439 7965 1
2439 7858 1
2439 2699 1
2439 5893 1
2439 583 1
2439 4151 1
2439 8224 1
2439 2571 1
2439 385 1
2439 1815 1
7001 8392 1
2797 707 1
2797 3875 1
3661 2289 1
3661 3098 1
3661 6496 1
3148 2440 1
3148 1004 1
3148 8375 1
3148 6785 1
3148 1090 1
3148 8194 1
4528 1086 1
4528 510 1
6879 2852 1
6879 5469 1
6879 6542 1
6879 4881 1
6879 6240 1
6879 6030 1
6879 7389 1
6879 2463 1
6879 7782 1
6879 2895 1
6879 7908 1
6879 2422 1
6879 1037 1
6879 7511 1
6879 2930 1
6879 7791 1
6879 604 1
6879 2379 1
6879 4802 1
6879 1747 1
6879 6223 1
6879 6191 1
6879 3153 1
6879 8263 1
6879 5411 1
6879 6244 1
6879 1942 1
8767 6172 1
8767 7488 1
8767 8760 1
8767 7761 1
3936 4878 1
6222 5995 1
6222 7202 1
6222 137 1
6222 2634 1
6420 1822 1
5457 2541 1
5457 4150 1
5457 5913 1
5457 5844 1
5457 999 1
5457 5028 1
5457 4719 1
5457 3577 1
5457 838 1
5457 8022 1
3817 5980 1
6291 2555 1
6291 497 1
6291 3094 1
6291 2843 1
6291 2410 1
6291 6589 1
7262 4996 1
7262 8507 1
7262 4304 1
7262 365 1
7262 6993 1
7262 4934 1
7262 4496 1
7262 2857 1
4447 6961 1
509 4072 1
3305 8778 1
3305 2604 1
3305 4609 1
3305 8527 1
3305 3673 1
3305 2349 1
3305 7854 1
7781 6006 1
7781 6782 1
7781 3654 1
7781 688 1
7781 8122 1
7781 5577 1
7781 1439 1
1049 2236 1
8720 4104 1
8720 7042 1
8720 5930 1
2510 2416 1
2510 4768 1
2510 6498 1
2510 5629 1
7572 7959 1
2967 1355 1
2967 6368 1
2967 5940 1
2967 1691 1
2967 7394 1
2967 1254 1
2967 2904 1
2967 7779 1
2967 82 1
2967 7288 1
2967 1559 1
747 116 1
5050 5852 1
1866 1055 1
1866 4120 1
1866 1916 1
1866 247 1
1866 290 1
1866 7092 1
1866 4680 1
1866 2706 1
1866 2398 1
1866 6420 1
6052 5260 1
6052 2160 1
6052 3386 1
6052 1992 1
6052 3735 1
6052 2947 1
6052 3528 1
932 6379 1
742 7132 1
5608 6226 1
5608 573 1
5436 1726 1
4260 5226 1
4260 6579 1
4260 8338 1
2709 1481 1
3903 5736 1
3903 4548 1
53 7607 1
2672 120 1
5727 7050 1
1382 2796 1
6353 7395 1
6353 5858 1
6353 6311 1
6353 4652 1
6353 6253 1
6353 1966 1
6353 493 1
6353 8607 1
6353 7332 1
6353 4544 1
6206 7026 1
6206 1524 1
6206 1922 1
6206 5256 1
6206 5776 1
6206 3676 1
6206 3400 1
6206 2542 1
6206 4815 1
6206 6467 1
5747 2385 1
5747 4111 1
5747 3501 1
5747 4467 1
5747 4108 1
5747 376 1
5959 5407 1
5959 8829 1
5959 95 1
5959 2508 1
5959 6829 1
5959 7138 1
5959 7307 1
2011 4096 1
2011 5888 1
2011 6183 1
3141 5885 1
5099 7083 1
5099 6300 1
5099 4883 1
5099 7215 1
7603 2051 1
1638 7742 1
2754 4862 1
8282 4159 1
4785 1295 1
4785 3563 1
2828 987 1
2828 3874 1
2828 7191 1
2828 8475 1
2828 4985 1
2828 4995 1
2828 3446 1
5121 8572 1
1758 1967 1
1758 5171 1
1758 585 1
1758 2965 1
1758 3653 1
1758 5607 1
6371 3137 1
6371 1359 1
1661 6165 1
1661 3871 1
1661 7719 1
1661 5748 1
1661 4003 1
1661 4289 1
1661 1882 1
1661 5917 1
1661 1792 1
1661 8266 1
1661 5006 1
1661 6708 1
1661 7089 1
1661 8782 1
1661 5343 1
1661 226 1
1661 2444 1
1661 7500 1
1661 4906 1
1661 2397 1
1661 5202 1
1661 1455 1
1661 1278 1
1661 3175 1
1661 7748 1
1661 3033 1
1661 6946 1
1661 4393 1
1661 1823 1
1661 8228 1
4025 3990 1
8003 2393 1
8003 1404 1
8003 3824 1
8003 8624 1
8003 30 1
8003 8466 1
8003 1002 1
8003 7542 1
8003 5753 1
8003 5600 1
8003 2023 1
8003 1362 1
8003 2607 1
8601 7579 1
8601 4287 1
1965 5894 1
1965 1284 1
1965 2029 1
1965 8271 1
1965 1861 1
1965 6076 1
1965 2041 1
1965 633 1
1965 7385 1
1557 3567 1
617 6104 1
5978 2521 1
1858 1657 1
2563 7888 1
4374 6156 1
6614 8713 1
3161 5201 1
488 2166 1
488 8104 1
488 6122 1
488 2827 1
488 2344 1
2683 3242 1
2683 7762 1
2683 1532 1
2683 8060 1
2683 8195 1
2683 5508 1
2683 1751 1
2683 8559 1
2683 8129 1
2683 6968 1
2683 3794 1
2683 6723 1
2683 8328 1
2683 3801 1
2683 7867 1
2683 5342 1
2683 4512 1
2683 6313 1
2683 7702 1
2683 1720 1
2683 5251 1
2683 1206 1
2683 5317 1
2683 5816 1
2683 8566 1
2683 6406 1
5069 7821 1
5712 8301 1
5712 8374 1
5712 730 1
5712 6747 1
5712 6553 1
5712 9 1
5712 2437 1
2256 4870 1
4370 2197 1
642 111 1
642 3983 1
642 8474 1
642 5332 1
5828 5749 1
5828 5315 1
1048 4649 1
1048 6058 1
1048 1606 1
5268 4892 1
5609 612 1
5609 14 1
5609 437 1
5609 7298 1
5609 7917 1
5609 7260 1
5609 7373 1
5609 2194 1
7379 5674 1
8400 5706 1
8588 7949 1
8588 5188 1
8588 3220 1
8588 3470 1
3214 4493 1
4460 4455 1
4460 8728 1
4460 4663 1
4460 5018 1
3743 3872 1
3743 2855 1
3743 2536 1
3743 8488 1
3743 969 1
3743 2982 1
3743 8193 1
3743 1958 1
3743 8153 1
3743 6989 1
3743 4524 1
3743 7629 1
3743 5124 1
3743 6539 1
3743 948 1
3743 5635 1
3743 6042 1
3743 8642 1
3743 6517 1
3743 5808 1
4632 3846 1
3523 8765 1
2482 7482 1
2482 1486 1
2482 4121 1
2482 4697 1
2482 6811 1
721 2902 1
204 4257 1
204 5030 1
204 6455 1
204 7449 1
204 4769 1
204 5891 1
204 1185 1
3615 3734 1
3615 4254 1
3615 2698 1
3615 984 1
3615 5651 1
3615 1248 1
3615 7163 1
3615 7027 1
3615 2932 1
3615 478 1
3615 6261 1
3615 8365 1
3615 1415 1
3615 659 1
3615 6132 1
2274 4679 1
2274 4113 1
2274 8017 1
2274 6736 1
2274 3440 1
2274 8579 1
2274 1145 1
2274 4734 1
2274 543 1
2274 8077 1
2274 3800 1
8769 2380 1
8769 2576 1
8769 8036 1
8769 738 1
8769 4256 1
8769 2924 1
8769 7470 1
3424 6709 1
4791 1717 1
4791 4014 1
7418 4395 1
7418 7192 1
3093 4109 1
1458 2001 1
1458 7044 1
1458 4164 1
1458 331 1
1458 7321 1
3362 98 1
3362 893 1
3362 3525 1
1201 5009 1
6071 7199 1
2368 1245 1
4794 6997 1
963 6294 1
8578 6819 1
8578 1443 1
8578 6703 1
8578 5884 1
8578 4088 1
7157 7326 1
7157 2558 1
7157 2630 1
7157 5742 1
4617 7247 1
4617 3921 1
4617 7862 1
4617 420 1
4617 3995 1
4617 2355 1
4617 2232 1
4617 2259 1
1932 7728 1
4296 4128 1
4296 3406 1
4296 338 1
4296 710 1
4296 4408 1
4296 7866 1
4296 5829 1
4296 6083 1
1606 2613 1
1606 8119 1
1606 315 1
1606 1400 1
1606 4368 1
1606 3741 1
1606 2619 1
1606 6873 1
1606 6838 1
1606 388 1
1606 8750 1
1606 7117 1
1606 1282 1
1606 122 1
1606 5108 1
1606 1222 1
4581 6145 1
2507 4866 1
2507 161 1
2507 3415 1
2507 4278 1
2507 7419 1
2507 5684 1
2507 2111 1
2507 5582 1
2507 1389 1
2507 3162 1
2507 5698 1
2507 5925 1
2507 4168 1
2507 3052 1
2507 4859 1
2507 2823 1
2507 2925 1
2507 4843 1
2507 6186 1
889 4980 1
2999 126 1
2999 6532 1
7580 8535 1
7580 4260 1
6538 450 1
6538 6758 1
1114 2091 1
1114 3108 1
1114 1094 1
1114 2456 1
8019 1647 1
8019 8445 1
8019 8794 1
4429 7447 1
5890 4622 1
4917 4089 1
4591 417 1
3304 7558 1
6022 6817 1
6022 4665 1
6022 8717 1
6022 8660 1
6022 5512 1
6022 5205 1
6022 2323 1
6022 4825 1
6022 721 1
6022 188 1
3328 3873 1
8548 200 1
3611 414 1
3611 4753 1
3611 1149 1
3611 7255 1
3611 3407 1
3611 7750 1
3611 1589 1
3611 8314 1
3611 2898 1
3611 4808 1
3611 3236 1
3611 4193 1
3611 6087 1
3611 1569 1
3611 5726 1
3611 6835 1
3611 4908 1
3611 3502 1
3611 5140 1
3611 2012 1
3611 6649 1
3611 7474 1
3611 7317 1
3611 1905 1
3611 3799 1
3611 5845 1
3611 3141 1
3611 2609 1
3611 6170 1
3611 7957 1
1395 5778 1
1395 4291 1
1716 2267 1
1716 1496 1
977 6285 1
689 1615 1
568 6679 1
2879 4817 1
2879 1243 1
1836 6997 1
1836 2817 1
5519 6039 1
5519 2750 1
5519 5093 1
5519 4695 1
5519 7565 1
5519 3276 1
5415 5994 1
7099 3634 1
2734 5881 1
3508 4929 1
6332 7126 1
5073 6657 1
5073 17 1
8749 4587 1
2649 4704 1
2649 2449 1
2844 5375 1
2844 2828 1
6647 179 1
6647 8358 1
6647 3278 1
6647 489 1
3870 192 1
3870 6743 1
3870 1285 1
3870 2612 1
4422 3235 1
4422 2457 1
6940 6105 1
6940 5179 1
1597 7769 1
1597 5967 1
1597 434 1
1597 1680 1
1597 1336 1
1597 6075 1
1597 6237 1
1597 8517 1
1597 7453 1
1467 7969 1
1467 8324 1
1467 4699 1
1467 1164 1
1467 1051 1
1467 1263 1
1467 5574 1
1467 6861 1
4002 8569 1
4002 2211 1
4002 3190 1
4002 6031 1
4002 1909 1
4002 3610 1
4002 1255 1
4002 648 1
4002 3535 1
4002 8081 1
4002 4331 1
4002 6415 1
4002 1357 1
3456 740 1
6568 1098 1
7322 2170 1
2505 5598 1
2505 1890 1
2505 7374 1
7957 4569 1
7957 73 1
7957 2945 1
7957 8114 1
3750 3583 1
3750 930 1
2721 6975 1
3087 205 1
7937 5541 1
4532 7331 1
4532 1228 1
4532 4517 1
4532 5754 1
4532 6832 1
4532 6897 1
4532 7094 1
4532 155 1
4532 2043 1
4532 3895 1
4532 2974 1
4532 791 1
4532 3513 1
4532 168 1
4532 6718 1
4532 806 1
4532 2772 1
4532 3847 1
4532 5434 1
4532 7675 1
4532 509 1
2964 443 1
2964 4965 1
2964 6348 1
6243 7064 1
444 5025 1
1158 8346 1
303 7681 1
303 971 1
303 2745 1
303 5419 1
303 4790 1
303 3852 1
303 1020 1
303 2799 1
303 4412 1
303 1549 1
303 5827 1
303 3104 1
6572 6894 1
3752 6706 1
3752 3086 1
3752 6228 1
3752 8 1
8558 6469 1
1397 8052 1
1397 5731 1
1397 7490 1
1397 4269 1
1066 967 1
6951 5972 1
6951 8080 1
6951 6856 1
6951 6014 1
6951 2007 1
6951 4521 1
6951 3707 1
7249 4196 1
7249 1383 1
7249 1889 1
7249 8494 1
6158 2749 1
6158 4131 1
6158 7314 1
6158 2678 1
6158 5488 1
6158 127 1
6158 7581 1
6158 279 1
6158 526 1
6158 3396 1
6176 1468 1
6176 3000 1
6176 4352 1
6176 6687 1
6176 6965 1
5986 4735 1
5986 6818 1
5986 8096 1
7989 6695 1
7989 7038 1
7989 1711 1
7214 6339 1
3235 7037 1
475 731 1
475 2493 1
475 7253 1
448 6851 1
5864 20 1
7762 1349 1
650 7868 1
650 3955 1
3452 7448 1
1681 5801 1
1736 7847 1
2680 88 1
2680 5658 1
2680 3238 1
6929 6750 1
6929 6230 1
6929 8330 1
6929 5347 1
6929 8107 1
6929 1384 1
8779 6392 1
1275 6484 1
1275 4795 1
3589 7624 1
1657 3126 1
1657 4097 1
1657 1103 1
1657 2073 1
4787 2933 1
2976 1 1
5494 1013 1
6265 739 1
6265 7501 1
6265 7774 1
4665 8456 1
4665 5857 1
4665 4945 1
3265 4099 1
3265 1896 1
3265 1189 1
3265 780 1
3265 8604 1
3265 1767 1
3265 4576 1
3265 5198 1
4789 263 1
6113 5232 1
620 2149 1
620 8409 1
620 6954 1
5804 7852 1
5804 4051 1
5804 6874 1
5804 7365 1
1990 4275 1
1990 800 1
1990 2240 1
4745 1017 1
4745 3712 1
4745 67 1
4745 430 1
4745 4636 1
4745 4798 1
909 6070 1
5046 2128 1
5046 4414 1
5046 5947 1
4129 5575 1
4129 2017 1
4129 6699 1
7181 372 1
7181 8537 1
7181 5236 1
7181 254 1
7181 2539 1
7181 6643 1
2660 3179 1
6283 6692 1
7387 912 1
7387 4223 1
6350 5704 1
6350 2579 1
6350 3888 1
6350 4387 1
6350 1911 1
2944 7485 1
4741 7641 1
4741 1534 1
4741 5970 1
4741 3693 1
4741 1198 1
4741 8602 1
6620 3490 1
6620 7436 1
3480 5149 1
1872 5631 1
3976 5423 1
3976 1196 1
6511 3343 1
7546 4577 1
7546 4366 1
7656 3410 1
7656 3267 1
7656 504 1
7656 6866 1
7656 2298 1
7656 6306 1
7656 4588 1
7656 7116 1
2386 5545 1
8777 8248 1
8777 1497 1
6216 7535 1
6216 4081 1
723 1424 1
723 4039 1
5569 1491 1
1367 2392 1
1367 4756 1
7722 2989 1
7722 8419 1
7722 3441 1
7722 720 1
7722 8737 1
7722 302 1
6445 3295 1
5687 1805 1
5687 3271 1
6919 407 1
6919 5011 1
5885 4899 1
7345 2413 1
7345 5581 1
7345 8252 1
7345 6583 1
7345 8047 1
7345 8168 1
7345 8236 1
7345 4233 1
7345 946 1
5983 3037 1
86 4112 1
86 5472 1
3173 7718 1
4584 6400 1
4090 3335 1
3998 3756 1
262 2742 1
262 2072 1
262 681 1
262 7381 1
262 4736 1
262 5441 1
4829 2785 1
5537 8612 1
5599 1032 1
6011 3641 1
4654 4676 1
2389 4303 1
2389 646 1
26 1694 1
26 1812 1
3928 7871 1
402 4060 1
402 7486 1
402 4103 1
6516 2939 1
6516 5067 1
6516 8657 1
4768 3946 1
5897 1169 1
2988 6813 1
2988 4297 1
5500 7710 1
5500 5666 1
5500 5084 1
5500 5610 1
5500 1108 1
5500 4354 1
5500 8057 1
2694 151 1
2694 8199 1
2694 3357 1
5283 3968 1
6393 2057 1
6393 6492 1
3890 4337 1
5025 3740 1
5025 8784 1
2791 4950 1
2791 2428 1
1879 6318 1
519 8058 1
4464 7644 1
3216 1744 1
3216 6453 1
5934 4554 1
8180 7040 1
4721 2818 1
4836 7140 1
4318 6721 1
4318 6049 1
5054 8075 1
5054 6850 1
7976 1291 1
7976 2150 1
7976 6205 1
7976 7758 1
7976 3876 1
4713 479 1
4713 31 1
7281 4402 1
7281 2472 1
7281 7397 1
7281 6286 1
7281 4449 1
3086 7058 1
2450 7796 1
6519 6621 1
3227 6694 1
5895 5482 1
5895 1429 1
7844 884 1
4191 4860 1
4191 1217 1
4191 6454 1
4191 2126 1
4191 4388 1
4191 293 1
7547 1841 1
6313 313 1
6313 3915 1
7455 1976 1
7827 1541 1
7827 7873 1
321 8127 1
1883 7948 1
6448 7726 1
6448 1850 1
1884 5982 1
1884 5647 1
3247 836 1
3247 8772 1
1274 1590 1
4198 1878 1
272 46 1
272 964 1
3569 7346 1
6341 7631 1
6341 1239 1
3697 6713 1
3697 6899 1
3697 6682 1
1295 579 1
1295 3681 1
1295 1283 1
1295 944 1
1295 8088 1
8367 7901 1
8367 7316 1
3128 716 1
3128 7368 1
8473 5090 1
3329 561 1
4135 4839 1
2457 1752 1
2457 5454 1
2457 5249 1
2457 4775 1
196 5597 1
7670 170 1
7670 1972 1
7670 3040 1
7670 8465 1
7670 4185 1
7670 3342 1
7670 1807 1
8245 684 1
8245 4490 1
8360 7809 1
5296 7738 1
8048 1698 1
8048 7450 1
8048 2816 1
6421 624 1
6125 6232 1
4147 1380 1
4147 3515 1
4147 2249 1
4147 1633 1
4147 2037 1
4147 1605 1
4147 7525 1
4147 3056 1
4147 2486 1
4147 1060 1
8014 4427 1
2874 2305 1
2874 1774 1
2874 2378 1
2874 1516 1
2874 6308 1
2874 3942 1
2874 917 1
7029 6173 1
7029 4529 1
7029 5035 1
54 482 1
4352 6559 1
349 4052 1
1345 4760 1
4250 2777 1
6830 6947 1
8355 1416 1
8355 3398 1
8355 6133 1
8355 749 1
8355 6611 1
8355 856 1
8355 3140 1
4808 5168 1
2699 2483 1
7089 6177 1
1581 239 1
1581 920 1
3468 1265 1
3468 3377 1
3468 629 1
8429 3760 1
3983 1895 1
3719 1313 1
2808 7673 1
2808 7294 1
2808 6443 1
280 395 1
280 7645 1
280 1316 1
2628 1781 1
2628 1668 1
2628 6048 1
2628 5791 1
2628 8210 1
1154 4153 1
3510 1472 1
294 3561 1
294 5927 1
294 7983 1
294 5733 1
5606 1374 1
8436 4932 1
8436 150 1
8065 4279 1
8065 7012 1
1553 6755 1
5190 3322 1
5190 334 1
5190 1756 1
5190 4542 1
5190 4372 1
5190 7431 1
5190 3745 1
3826 3339 1
3826 242 1
3826 5914 1
3826 7440 1
6781 960 1
1401 2516 1
1401 35 1
1401 3079 1
4477 6823 1
4477 1077 1
4477 4324 1
4477 5632 1
8385 2644 1
4629 544 1
3902 8756 1
1969 4207 1
2523 5744 1
2523 2776 1
2523 2058 1
2523 8738 1
768 6826 1
5261 8822 1
5261 1765 1
394 5197 1
394 6068 1
4247 4194 1
147 8148 1
78 2837 1
6424 2131 1
6424 6528 1
6424 7556 1
6424 1365 1
1427 3321 1
1427 3593 1
1427 3848 1
5600 6082 1
5600 3571 1
5600 8310 1
5600 3099 1
5600 1950 1
1762 7771 1
7793 630 1
7793 2215 1
7793 6726 1
7793 1221 1
406 1337 1
8072 2120 1
8072 2154 1
6975 752 1
6975 4567 1
4409 7231 1
4409 773 1
5505 2691 1
5505 8543 1
5505 4777 1
5505 2901 1
1613 535 1
3193 1682 1
3193 4305 1
3193 5215 1
4806 1406 1
4806 7861 1
5680 5954 1
6922 2632 1
6922 7523 1
6922 2253 1
6922 8580 1
6922 2690 1
6922 5718 1
6922 515 1
6922 6324 1
6922 2133 1
6922 7674 1
6922 4225 1
6922 2993 1
7208 5556 1
3507 8472 1
3507 2553 1
3507 2668 1
2758 6055 1
2758 3046 1
2758 5145 1
2758 955 1
2758 2636 1
2758 6862 1
2758 3024 1
2758 5221 1
2758 207 1
5042 6446 1
5042 5866 1
5042 6161 1
5042 2062 1
5042 4364 1
5042 5377 1
5042 4805 1
5042 1018 1
5042 3085 1
5042 2441 1
5042 8564 1
5042 3680 1
5042 5384 1
5042 901 1
5042 3018 1
5042 1225 1
5042 7970 1
5042 6272 1
5042 581 1
5042 4473 1
5042 6045 1
5042 3138 1
5042 4650 1
5042 2135 1
5042 5477 1
5042 1317 1
5042 6714 1
5042 5732 1
5042 4132 1
5042 7550 1
5042 2759 1
5042 8785 1
5042 5678 1
5042 2671 1
5042 5265 1
5042 5222 1
5042 4345 1
1556 3261 1
1556 7024 1
1556 3063 1
1556 7477 1
1556 8005 1
1206 5476 1
7057 3713 1
7057 5625 1
7057 355 1
7057 3748 1
7057 2099 1
6863 6952 1
4394 2275 1
4394 7966 1
4394 8786 1
4394 6684 1
4394 675 1
5091 1761 1
5091 235 1
5091 6617 1
5091 3 1
5091 4435 1
5091 7115 1
5091 8664 1
5091 8421 1
5091 8049 1
5091 5780 1
5091 2059 1
5091 3701 1
5091 582 1
5091 7497 1
5091 4813 1
5091 3686 1
5091 1703 1
5091 8162 1
5091 5440 1
5091 4330 1
5091 3473 1
5091 2514 1
5091 391 1
5091 3397 1
5091 1006 1
5091 2959 1
5091 1963 1
6944 559 1
6944 8069 1
6944 4967 1
6944 4823 1
6944 2312 1
4914 4202 1
4914 2008 1
4914 3766 1
4914 949 1
4914 469 1
7305 3192 1
7305 3043 1
1634 1514 1
5398 4166 1
5398 8387 1
8618 4644 1
8618 3518 1
8618 3929 1
8618 5516 1
4511 2729 1
8746 3387 1
8746 8413 1
8746 7691 1
3670 787 1
3670 8293 1
3670 5710 1
4044 2728 1
5047 5485 1
1729 1777 1
1729 6565 1
3827 6690 1
2314 763 1
1336 6937 1
7280 741 1
7280 2865 1
7280 7606 1
1327 5802 1
8051 83 1
8051 7473 1
2814 2756 1
7938 2182 1
7938 6725 1
6059 1619 1
3634 4401 1
2272 332 1
2272 2583 1
2272 880 1
114 5835 1
1505 6971 1
2500 7084 1
156 6808 1
3081 189 1
1348 5092 1
1348 7592 1
2643 1253 1
2643 6729 1
5922 7730 1
4299 5601 1
4299 7278 1
6849 7745 1
6348 7921 1
2462 8291 1
5875 3565 1
5875 2028 1
387 8651 1
8535 5517 1
8535 1238 1
8535 5501 1
8535 3437 1
8535 2740 1
8535 3144 1
8535 494 1
8535 6456 1
6057 2392 1
6057 2106 1
6057 1314 1
6057 4954 1
6057 8799 1
7243 3067 1
4838 566 1
934 635 1
934 4400 1
934 6722 1
934 841 1
934 1860 1
934 2359 1
934 3599 1
7935 947 1
7935 4432 1
4774 1506 1
4774 8337 1
4774 5443 1
4774 4628 1
4774 3489 1
4774 3714 1
4774 1714 1
4774 6898 1
4774 3286 1
4774 5786 1
4774 8619 1
5595 8209 1
8668 6029 1
8668 7930 1
1675 5621 1
3461 2260 1
3461 4353 1
2144 6238 1
6654 3237 1
6654 5019 1
6654 2718 1
6654 5590 1
6654 3923 1
5246 4596 1
2321 1653 1
6784 5370 1
1386 6956 1
1386 3287 1
8323 5403 1
5122 8184 1
5122 5520 1
5122 907 1
5122 2755 1
2903 8128 1
8539 182 1
8539 6056 1
8539 8418 1
7668 8700 1
7733 4646 1
7733 4675 1
7733 4530 1
7733 2342 1
7733 3816 1
7733 6054 1
7733 1501 1
7733 2087 1
2434 3258 1
7474 6983 1
7474 2429 1
7474 6661 1
7474 4094 1
7474 2084 1
7474 996 1
7474 3113 1
1162 7221 1
4040 2601 1
4040 8485 1
4040 3892 1
514 2581 1
514 5408 1
514 2878 1
514 6460 1
514 8138 1
514 2010 1
6259 8249 1
6259 4182 1
6259 7229 1
6674 3636 1
8229 3549 1
878 5944 1
7317 5340 1
5235 6609 1
5235 2572 1
5235 8638 1
5235 1172 1
2804 2204 1
2804 244 1
5227 2451 1
5227 8178 1
5442 4419 1
5442 3125 1
6224 892 1
4882 5125 1
7613 733 1
7613 3788 1
6566 5571 1
6566 1727 1
6566 3183 1
6566 4437 1
6566 5098 1
6773 3640 1
6773 453 1
6773 4918 1
6773 3182 1
6773 131 1
6773 8768 1
6773 7359 1
6773 1814 1
6773 5371 1
6773 4472 1
6773 186 1
6773 2761 1
6773 5117 1
6196 5200 1
6196 1437 1
6196 3445 1
6196 1050 1
6196 1607 1
6196 5955 1
6196 7328 1
2266 6179 1
2266 133 1
2266 4454 1
2266 3416 1
6836 5452 1
3957 1737 1
3957 3223 1
5243 4579 1
5243 3509 1
5243 5725 1
5243 8075 1
5243 6872 1
7554 587 1
7554 202 1
7554 1586 1
7554 4095 1
2732 6745 1
2732 6101 1
2732 7085 1
2732 8143 1
8056 3149 1
8056 6607 1
8056 1219 1
8056 3367 1
8056 8179 1
8056 5774 1
8056 6270 1
8056 5723 1
8056 8766 1
8056 2478 1
8056 281 1
8056 5664 1
2971 7723 1
8086 344 1
2520 4762 1
2520 5719 1
2520 7507 1
1250 8620 1
1250 4820 1
1250 2202 1
4958 4130 1
1465 8659 1
1465 1695 1
1465 6766 1
3148 5794 1
3148 8518 1
3148 1249 1
3148 463 1
3148 5650 1
6879 553 1
6879 4796 1
6879 8428 1
6291 8742 1
7262 2373 1
7262 6085 1
7262 6492 1
7262 4461 1
7262 2685 1
509 603 1
3305 4390 1
3305 1143 1
3305 655 1
8720 4243 1
2967 212 1
6052 1376 1
6052 8643 1
4260 6345 1
4260 5021 1
6353 4693 1
6206 4614 1
6206 1344 1
6206 3095 1
6206 8284 1
2011 3691 1
1758 4926 1
1661 2890 1
1661 90 1
1661 4274 1
1661 1199 1
2683 2530 1
5712 2490 1
5712 1165 1
5712 3838 1
5712 1730 1
4460 8683 1
3743 6296 1
3743 3996 1
3743 3436 1
3743 7011 1
2482 4230 1
2274 8200 1
2274 1596 1
4791 605 1
2368 7835 1
7157 6933 1
4296 7286 1
1606 4116 1
1606 4706 1
1606 7454 1
1606 2142 1
2507 7259 1
2507 4310 1
2507 7414 1
6022 3981 1
3611 7623 1
3611 4033 1
3611 766 1
3611 6668 1
1716 7493 1
1716 7070 1
1597 745 1
1467 4118 1
4002 7025 1
4002 8023 1
7957 4239 1
7957 8744 1
7957 508 1
7957 2618 1
4532 6970 1
4532 8198 1
303 1071 1
1397 3364 1
6951 2495 1
7249 4396 1
1578 8141 1
1578 5115 1
1578 1193 1
1578 6109 1
1578 2251 1
1578 2650 1
1578 4543 1
3862 2905 1
6210 7724 1
6210 4976 1
6210 3325 1
5669 7270 1
6608 4744 1
7853 3531 1
4063 5386 1
819 5273 1
7642 236 1
7621 7305 1
3761 802 1
2743 4745 1
1286 4187 1
4729 4669 1
575 3302 1
3952 8748 1
7008 7284 1
7008 5593 1
7008 7165 1
7008 1386 1
6383 6566 1
2733 2009 1
2733 937 1
2733 3613 1
2733 4381 1
2733 3057 1
2733 5758 1
2733 8254 1
2733 8486 1
2733 3461 1
2733 6563 1
8422 735 1
7669 3001 1
7669 54 1
1300 7668 1
6217 1523 1
6217 3550 1
2891 2203 1
4661 164 1
81 4713 1
3378 8371 1
3378 3569 1
3378 6784 1
3483 7609 1
2245 1445 1
2245 4849 1
7081 6393 1
7081 3773 1
7081 3511 1
7576 8391 1
4702 8180 1
1621 7433 1
1621 1084 1
1621 5325 1
1621 3536 1
6276 8329 1
6276 6463 1
6276 2638 1
2970 2676 1
755 5676 1
2239 7941 1
5636 3700 1
5636 2670 1
5636 7734 1
5636 519 1
5636 2952 1
5636 3685 1
5636 5895 1
5636 6478 1
5636 622 1
5636 6072 1
5636 878 1
5636 974 1
7420 6216 1
1979 4296 1
8614 6447 1
589 6346 1
1487 6346 1
825 7613 1
6501 3956 1
6501 2784 1
6501 3908 1
2224 5107 1
5063 7072 1
5591 5558 1
5591 2653 1
5903 8048 1
5903 2808 1
8606 1661 1
3997 3911 1
7952 3042 1
4271 1019 1
7464 6511 1
3280 6369 1
4481 3779 1
6667 5668 1
7569 2176 1
7569 1246 1
8762 1431 1
2888 4438 1
6573 2829 1
558 8779 1
5911 4741 1
5911 5897 1
5911 8086 1
6631 4953 1
3572 7313 1
3065 1544 1
3065 621 1
3065 4958 1
3065 2482 1
7357 5785 1
7357 2765 1
7357 1521 1
1181 3373 1
5549 865 1
5549 1572 1
2038 1575 1
2038 8369 1
4523 3143 1
7654 3148 1
6409 975 1
6409 5246 1
6409 3154 1
6409 7760 1
7919 4237 1
330 3203 1
330 5122 1
1483 3537 1
1483 4409 1
7156 4600 1
1454 5922 1
6021 8809 1
799 4235 1
7729 4629 1
1542 44 1
1542 3545 1
1542 7968 1
1542 1160 1
1542 8203 1
5097 7722 1
3301 723 1
3301 4536 1
3301 1505 1
3301 1465 1
5111 7281 1
3900 8692 1
4545 4206 1
7953 3068 1
4341 8170 1
3171 1364 1
899 5206 1
3889 5537 1
2714 3700 1
4004 8727 1
4761 798 1
6988 798 1
2235 7242 1
697 370 1
2074 1328 1
4873 3769 1
7715 4147 1
7715 1556 1
4770 6551 1
4770 5735 1
4770 2144 1
4770 7342 1
8043 6652 1
8061 1654 1
1899 8219 1
138 4442 1
4607 7692 1
2336 475 1
2336 2254 1
2336 4804 1
8100 8367 1
5532 2354 1
1844 2735 1
938 6929 1
1230 6526 1
1230 7457 1
8250 3299 1
8250 2943 1
4506 8142 1
4506 2257 1
4506 2389 1
4506 2339 1
4506 8191 1
1087 2731 1
1087 5687 1
1087 4654 1
1087 5863 1
1087 3227 1
1087 8376 1
1087 3311 1
1087 4882 1
2665 266 1
729 4222 1
8448 3195 1
8448 5095 1
5499 8224 1
7193 5296 1
5432 7097 1
1398 2439 1
5350 3634 1
8439 4018 1
2427 1564 1
5624 517 1
2951 2846 1
4631 2109 1
7798 4774 1
5252 7977 1
4786 4743 1
4327 2288 1
6473 8555 1
4148 7656 1
5739 1866 1
5993 5235 1
5633 6362 1
6996 1493 1
1303 1083 1
7988 7971 1
6824 979 1
8500 7682 1
3117 1885 1
7802 6674 1
8498 1218 1
8498 5992 1
8259 1329 1
7928 1820 1
833 1210 1
4694 1402 1
8729 215 1
982 6904 1
982 5486 1
982 6941 1
8631 148 1
5053 1117 1
4466 405 1
7272 2046 1
767 3850 1
1640 8056 1
1640 2971 1
615 6633 1
3782 6590 1
3782 8545 1
6903 1672 1
6857 3575 1
4335 829 1
2376 6208 1
7529 3771 1
6574 4129 1
6574 7158 1
6574 2442 1
2715 4084 1
8800 5475 1
8196 572 1
8697 3922 1
8130 8010 1
4842 3928 1
5693 7179 1
1734 3878 1
8156 8807 1
8156 2050 1
7679 5606 1
4792 2267 1
4994 2845 1
4994 7211 1
2547 2302 1
1099 7015 1
4809 4280 1
1821 1826 1
8502 1716 1
3652 4615 1
7794 578 1
6710 3393 1
6600 7466 1
2693 4191 1
6630 758 1
6809 3320 1
8658 2032 1
5464 4426 1
2937 8275 1
6776 3388 1
7589 6424 1
1512 8401 1
1512 8218 1
1512 23 1
1512 6196 1
1512 1048 1
425 3247 1
425 2826 1
425 280 1
304 6985 1
5812 8087 1
7472 5031 1
7942 4209 1
1550 2123 1
4520 7277 1
7531 1401 1
7531 514 1
5094 3533 1
6914 924 1
3987 3006 1
4522 5869 1
8204 2308 1
4452 2263 1
8707 1517 1
5817 264 1
3960 4040 1
7341 24 1
3008 4722 1
5956 7765 1
479 483 1
8004 571 1
7894 4249 1
1188 5351 1
3632 2024 1
1409 7293 1
6307 2570 1
2471 3818 1
5037 7035 1
6543 5332 1
6143 5268 1
5720 5106 1
5937 3660 1
8302 2885 1
5502 3081 1
3231 3081 1
5872 927 1
8383 4160 1
2193 8684 1
2602 7670 1
2602 2628 1
2602 2507 1
2061 1681 1
2061 2660 1
2061 3392 1
2061 6879 1
277 4791 1
5416 5546 1
4099 7820 1
4099 3630 1
87 5752 1
87 5712 1
3243 3902 1
3243 3611 1
6564 7336 1
6120 2311 1
1034 4909 1
1875 114 1
8206 2972 1
8587 1739 1
2538 2631 1
6831 3721 1
660 620 1
1207 5219 1
4686 4125 1
2346 1715 1
5286 1715 1
5775 1427 1
2561 5500 1
3225 7093 1
4696 4599 1
1782 3709 1
5114 125 1
8480 5594 1
6742 1279 1
3894 3944 1
7135 3677 1
4417 8520 1
4417 4891 1
4627 4464 1
7811 7358 1
7811 4690 1
2870 1089 1
2870 2492 1
2870 2525 1
6281 6176 1
2213 7824 1
2917 1561 1
1138 7700 1
5999 4826 1
5182 5699 1
647 1947 1
5281 8751 1
3172 4300 1
7829 3146 1
7829 7906 1
4959 3070 1
2404 1870 1
8231 750 1
1565 1057 1
1565 1250 1
1565 3861 1
7800 499 1
7479 5823 1
2783 272 1
278 6966 1
4413 7065 1
7046 91 1
3083 282 1
1591 7096 1
4608 1819 1
6920 4789 1
6404 3957 1
5429 8616 1
2033 32 1
2033 2286 1
5082 4022 1
8095 1399 1
3353 7308 1
649 1884 1
5105 2242 1
8274 7672 1
2948 3234 1
1444 4591 1
8334 4572 1
2348 3649 1
5573 5874 1
6162 4940 1
389 402 1
8740 1206 1
8740 2683 1
5784 3796 1
3961 1223 1
316 1201 1
5444 6451 1
2146 5418 1
404 209 1
5437 488 1
115 1377 1
7185 3829 1
429 3826 1
4190 7100 1
3792 2143 1
4822 3103 1
3647 821 1
4492 903 1
1856 5315 1
507 8451 1
4357 2277 1
7390 5692 1
7390 1535 1
3886 5831 1
5033 4655 1
7560 5868 1
6 6325 1
2803 2566 1
2803 154 1
8175 8276 1
4433 4594 1
7366 7090 1
421 1128 1
4385 4559 1
7883 5948 1
1240 3938 1
3869 6871 1
623 5923 1
7532 4090 1
5484 3963 1
1975 4201 1
1571 2991 1
5131 676 1
6794 7150 1
6794 5672 1
5638 7955 1
7108 900 1
532 7263 1
6499 7534 1
6499 7063 1
6499 5442 1
1961 8003 1
3704 1796 1
6139 7707 1
4527 2214 1
8525 1553 1
2419 7028 1
725 8444 1
725 5966 1
3163 8682 1
4657 2903 1
159 6265 1
2942 2430 1
4498 1901 1
327 1901 1
562 4250 1
8066 1667 1
3252 7793 1
8648 1971 1
6788 21 1
6670 7330 1
77 6256 1
4188 5998 1
7184 8083 1
6329 3246 1
6711 3310 1
4856 8416 1
465 156 1
93 6613 1
3887 7010 1
6128 4532 1
5056 4509 1
5056 1277 1
8213 270 1
1299 270 1
6391 5257 1
6801 7261 1
4875 1418 1
3488 4342 1
1353 6086 1
4155 4076 1
1033 7301 1
3503 7571 1
641 4054 1
3457 6869 1
7396 7781 1
8078 3480 1
8078 8398 1
1887 6795 1
8584 8795 1
5362 109 1
5362 5747 1
2470 7987 1
5306 685 1
6834 5042 1
8410 5628 1
7078 3185 1
4938 876 1
4585 4787 1
210 6521 1
1749 8454 1
6828 6530 1
3521 5191 1
3521 6134 1
3459 4721 1
418 7388 1
7615 5339 1
5526 7721 1
4347 3455 1
7276 7109 1
5527 5864 1
5527 873 1
6169 5653 1
5071 5243 1
8357 3670 1
1977 4138 1
373 4000 1
5255 7297 1
1305 972 1
7632 934 1
7567 5875 1
350 866 1
3614 2708 1
4619 2825 1
3358 3972 1
4013 1613 1
2014 5314 1
6026 1766 1
661 3452 1
1666 6245 1
5066 1634 1
8035 6438 1
8035 7374 1
8073 935 1
3229 7226 1
2907 3962 1
6962 8399 1
5100 7838 1
6102 2195 1
8478 5368 1
5525 7228 1
795 6200 1
1817 8015 1
2736 213 1
4476 3484 1
4765 691 1
5101 3061 1
4024 3494 1
6418 8163 1
106 5595 1
1994 5934 1
7290 1003 1
5616 3909 1
7557 8821 1
6662 8201 1
910 4266 1
7907 1397 1
3139 2923 1
3317 8639 1
3463 4855 1
2831 3589 1
5146 4503 1
5146 7180 1
4468 174 1
4200 5745 1
3591 219 1
3309 1035 1
3309 6448 1
1981 1736 1
1723 1150 1
4317 6622 1
1175 333 1
7013 4833 1
7508 1796 1
8311 1023 1
8311 4394 1
4227 7345 1
5550 6519 1
7605 4849 1
4708 7849 1
2543 8190 1
2443 7831 1
3988 19 1
6934 8359 1
4901 1277 1
5567 4102 1
4157 3696 1
4830 342 1
7688 177 1
1980 768 1
4868 4403 1
1323 8229 1
5044 4259 1
7662 7029 1
1731 6868 1
5120 525 1
8630 426 1
8384 7407 1
4298 4519 1
2824 1247 1
5886 3283 1
501 5996 1
2707 6293 1
1806 1799 1
7553 7895 1
1643 7614 1
4793 3941 1
8679 3941 1
4315 321 1
8289 2080 1
1216 4019 1
8695 5468 1
1712 2274 1
6875 5088 1
4678 8514 1
3548 5815 1
5496 403 1
8591 7208 1
7004 1266 1
8685 832 1
1170 3297 1
8380 1302 1
1211 2760 1
643 5181 1
190 101 1
8656 1028 1
5319 712 1
1356 2874 1
1685 4105 1
3854 1467 1
2246 1027 1
8105 197 1
1047 2920 1
810 8405 1
5337 7938 1
2115 2701 1
7355 4933 1
6271 5951 1
2548 6759 1
3257 7171 1
4218 2753 1
941 7289 1
524 6405 1
524 8746 1
6239 4846 1
4423 3277 1
1988 8152 1
3884 2496 1
1197 5348 1
4087 2506 1
1526 5605 1
1293 976 1
1242 366 1
6480 2953 1
5152 5426 1
1677 448 1
6641 4990 1
3361 1601 1
7822 8281 1
4171 7131 1
2629 6474 1
5321 2976 1
4320 361 1
7014 1536 1
7014 2090 1
1171 7250 1
8565 2748 1
8693 162 1
6381 6119 1
7059 2666 1
5724 4314 1
2889 6482 1
6033 8530 1
6562 8102 1
6320 2864 1
3254 2434 1
4913 3210 1
586 4186 1
8752 804 1
2915 3694 1
2484 8505 1
6520 5473 1
6091 2206 1
6091 5768 1
15 175 1
6273 4135 1
4668 2791 1
6681 4712 1
8770 3313 1
2127 7491 1
3631 2649 1
356 6620 1
2616 3764 1
318 4448 1
7775 7741 1
7775 6787 1
8433 6518 1
4073 3202 1
6366 3657 1
6582 2284 1
7173 1776 1
7173 7237 1
7173 5465 1
7238 8767 1
3896 4328 1
2116 8317 1
2116 2354 1
4483 8317 1
7625 71 1
408 7416 1
6163 793 1
8585 5584 1
3805 814 1
6351 7573 1
7401 7846 1
5782 4626 1
848 8146 1
547 3642 1
6254 8124 1
4968 3937 1
7003 4460 1
5700 96 1
6761 6488 1
234 396 1
7271 2723 1
3481 1287 1
4837 4428 1
8546 5310 1
1735 446 1
7514 383 1
113 2877 1
3155 7101 1
777 6963 1
1659 3868 1
2763 5425 1
842 1784 1
5331 8207 1
4905 8297 1
5176 5810 1
1449 6975 1
5905 7902 1
6301 5328 1
2738 7205 1
1121 8417 1
8816 6317 1
2778 3499 1
305 6097 1
2136 8644 1
6428 3697 1
4516 5385 1
6913 1769 1
8496 6639 1
1462 2450 1
7564 6943 1
4566 918 1
2892 3743 1
3166 6836 1
5603 6259 1
2476 6259 1
5043 3720 1
3336 1459 1
1174 7911 1
4475 7460 1
7859 3476 1
1224 7295 1
8647 6594 1
4248 5539 1
6852 6516 1
6167 4928 1
6802 2512 1
5737 3050 1
8067 5680 1
988 2319 1
4595 2702 1
2417 6486 1
2921 8155 1
4709 262 1
931 6922 1
5896 6004 1
687 2280 1
3462 5261 1
6295 1348 1
7834 5865 1
7697 1264 1
1679 3135 1
8458 1267 1
6882 2085 1
1430 1151 1
4139 2300 1
8804 2124 1
3785 7387 1
454 5756 1
1259 7991 1
5192 3746 1
240 8645 1
8635 2315 1
7887 1770 1
1450 6084 1
4484 7927 1
1482 3688 1
371 6023 1
7478 2908 1
1065 2992 1
6010 323 1
2710 6321 1
2357 6321 1
1504 570 1
5611 2455 1
3651 4005 1
1705 6268 1
7256 1669 1
4717 2390 1
3522 7015 1
1118 652 1
7077 652 1
5048 5900 1
8120 1480 1
2985 8593 1
2324 6888 1
6269 1186 1
2703 7580 1
826 5848 1
4313 1697 1
3382 5964 1
4288 6022 1
1660 844 1
8495 1358 1
8628 909 1
6215 349 1
424 7668 1
5207 2375 1
464 5430 1
1673 6719 1
5387 3123 1
8773 2261 1
6347 6157 1
1434 7265 1
978 8550 1
5169 7057 1
5860 4943 1
7759 5214 1
8084 3507 1
1115 5109 1
4199 7789 1
2258 5514 1
3587 6727 1
3978 3468 1
3053 3303 1
2641 5323 1
7239 7827 1
2752 4211 1
6606 4002 1
2117 7311 1
2230 7511 1
2912 7032 1
7112 8177 1
6680 3628 1
7463 3615 1
2372 8548 1
7898 3752 1
7113 5398 1
3184 4508 1
8349 455 1
4964 475 1
8581 8721 1
632 5569 1
4737 7549 1
1632 6760 1
5757 6773 1
644 7030 1
7637 7893 1
1645 751 1
506 2409 1
5335 916 1
1873 939 1
8753 2568 1
3924 764 1
6046 5466 1
1322 2804 1
7755 8149 1
1637 8136 1
4255 8370 1
7134 5224 1
6137 6556 1
8731 4267 1
693 4082 1
5892 4416 1
5462 2605 1
3133 2403 1
7972 6419 1
8285 7876 1
203 8477 1
2914 347 1
7520 2121 1
4351 896 1
7627 8098 1
1116 2266 1
6277 1319 1
2318 287 1
