980 88 1
1743 1162 1
1743 800 1
1743 542 1
1743 922 1
1743 224 1
1743 1714 1
1743 1008 1
1743 879 1
1743 1347 1
1743 873 1
1743 1181 1
1743 1301 1
733 1584 1
788 227 1
788 1416 1
788 1690 1
788 1183 1
788 1025 1
788 1481 1
788 120 1
1118 470 1
1405 1388 1
1510 1338 1
541 322 1
193 513 1
193 1482 1
193 1647 1
193 154 1
193 1716 1
193 823 1
193 62 1
193 1131 1
193 1081 1
193 611 1
396 225 1
1504 1276 1
1355 44 1
1355 11 1
1094 276 1
1440 1361 1
1402 1160 1
300 1487 1
300 1061 1
300 1264 1
1170 206 1
1170 99 1
1170 130 1
1170 180 1
662 578 1
662 524 1
662 848 1
662 815 1
662 1248 1
662 626 1
662 309 1
662 1547 1
477 1631 1
1385 1069 1
1385 161 1
1385 1434 1
354 702 1
1202 808 1
274 1613 1
574 356 1
583 1497 1
1133 700 1
933 1066 1
933 1750 1
933 854 1
933 1281 1
933 1346 1
933 1468 1
933 1725 1
933 1541 1
255 338 1
1485 1495 1
1552 58 1
24 49 1
1149 539 1
1149 499 1
1149 1637 1
936 1048 1
1744 242 1
1744 963 1
1744 501 1
319 345 1
319 1442 1
319 530 1
319 20 1
319 816 1
319 1623 1
319 1567 1
319 192 1
319 273 1
319 468 1
319 911 1
319 231 1
319 895 1
319 1450 1
319 407 1
319 1374 1
319 1612 1
1497 518 1
1497 1083 1
1497 814 1
1497 1285 1
1497 1505 1
1497 279 1
1497 1665 1
1497 1013 1
1497 458 1
1497 1314 1
1497 39 1
14 893 1
1458 1709 1
249 1649 1
249 1459 1
249 30 1
249 904 1
249 928 1
249 256 1
249 1143 1
249 659 1
898 1425 1
898 708 1
898 1722 1
898 509 1
898 1308 1
370 165 1
1206 1088 1
1484 1596 1
705 286 1
705 1167 1
705 1334 1
551 1581 1
1544 653 1
147 1693 1
1045 1560 1
1045 827 1
1045 762 1
1726 574 1
345 1220 1
345 1640 1
345 1122 1
345 903 1
912 1135 1
912 722 1
912 643 1
941 716 1
941 1318 1
941 1443 1
941 1267 1
1041 1231 1
1041 505 1
1041 751 1
1041 1433 1
1041 937 1
1041 1114 1
1041 288 1
1041 77 1
1041 592 1
1041 1685 1
1041 263 1
1041 567 1
1041 948 1
1041 1698 1
1041 1683 1
1041 1200 1
638 178 1
1416 951 1
481 988 1
63 1303 1
63 190 1
1292 1628 1
1292 1243 1
1084 1707 1
1084 1620 1
530 906 1
530 1093 1
530 463 1
530 1029 1
530 1188 1
530 1307 1
1645 1557 1
1444 789 1
172 1691 1
172 230 1
172 753 1
172 674 1
172 168 1
172 253 1
172 1667 1
172 1274 1
172 448 1
588 685 1
1148 398 1
1148 1189 1
1148 1615 1
1148 772 1
1148 1343 1
1148 776 1
1148 558 1
1546 1110 1
1326 662 1
1326 1566 1
1326 316 1
1326 1466 1
1326 749 1
1480 401 1
1480 71 1
1480 1738 1
1480 1558 1
1480 439 1
1480 1217 1
1480 1472 1
1480 281 1
1480 92 1
1480 719 1
1480 549 1
1137 1100 1
302 244 1
302 1351 1
302 343 1
939 703 1
508 957 1
1661 52 1
970 1324 1
970 369 1
1158 330 1
1530 1744 1
1530 386 1
1530 678 1
1530 126 1
1530 1720 1
1530 417 1
1530 1322 1
111 285 1
1396 1543 1
1396 114 1
1396 784 1
1396 1126 1
1396 533 1
1396 841 1
1396 884 1
1396 290 1
1396 8 1
1132 1293 1
1063 133 1
1335 404 1
1335 668 1
1244 516 1
1702 1636 1
1702 503 1
1702 232 1
150 461 1
1708 61 1
1708 145 1
689 430 1
432 1053 1
432 1503 1
685 642 1
685 1010 1
685 1656 1
685 161 1
685 379 1
685 87 1
685 371 1
685 1653 1
685 696 1
685 525 1
685 1176 1
1748 967 1
1748 205 1
1748 59 1
1748 1111 1
1748 971 1
1748 1673 1
1748 40 1
1748 1329 1
1748 1540 1
1748 1634 1
1748 799 1
1748 307 1
1748 1679 1
41 1453 1
1537 1412 1
28 1225 1
28 1542 1
28 752 1
28 635 1
28 215 1
28 1018 1
28 1340 1
426 886 1
213 376 1
1371 1686 1
947 570 1
484 1121 1
819 773 1
1556 1298 1
217 1551 1
1119 119 1
296 1415 1
38 1474 1
1676 550 1
1643 520 1
1643 570 1
1643 654 1
1643 1278 1
1643 1036 1
1651 428 1
1651 933 1
1651 65 1
1651 372 1
1651 968 1
1651 1363 1
1651 1403 1
1651 1657 1
1651 750 1
1651 633 1
1651 291 1
1651 599 1
1651 1325 1
1651 902 1
1651 1192 1
1651 1579 1
1651 56 1
1651 1015 1
1651 1417 1
1651 486 1
1651 252 1
1651 552 1
1651 786 1
1651 809 1
1651 1097 1
357 671 1
1099 658 1
867 265 1
1578 1469 1
1578 709 1
1578 413 1
597 456 1
514 792 1
514 1741 1
514 7 1
514 1226 1
514 1345 1
514 181 1
514 1451 1
514 1523 1
514 1155 1
514 47 1
514 363 1
843 473 1
843 364 1
651 803 1
651 393 1
651 504 1
651 175 1
651 1364 1
651 1630 1
651 177 1
198 566 1
198 1736 1
1565 620 1
1077 1359 1
805 1262 1
923 197 1
20 76 1
20 1106 1
20 845 1
777 676 1
1648 961 1
938 682 1
938 1508 1
1601 103 1
739 1170 1
739 1148 1
739 685 1
739 1284 1
536 202 1
156 1011 1
811 677 1
811 1262 1
811 934 1
811 585 1
1376 365 1
1376 1089 1
1376 913 1
1376 1697 1
402 874 1
402 1049 1
402 1746 1
402 758 1
402 985 1
402 768 1
402 688 1
402 1611 1
402 1210 1
402 1585 1
402 346 1
402 1289 1
402 1473 1
402 264 1
402 728 1
402 1695 1
402 623 1
402 320 1
402 534 1
402 764 1
402 82 1
402 1395 1
402 672 1
402 1527 1
402 1528 1
497 1223 1
496 589 1
1175 1310 1
686 80 1
686 1521 1
686 261 1
686 1046 1
686 805 1
686 186 1
686 612 1
686 744 1
686 1638 1
686 825 1
686 746 1
686 308 1
686 1039 1
761 675 1
761 714 1
761 1006 1
761 1040 1
761 650 1
761 1577 1
761 196 1
761 269 1
761 125 1
761 644 1
761 740 1
761 591 1
761 251 1
761 312 1
271 247 1
832 1045 1
1004 1437 1
18 144 1
18 1177 1
45 53 1
389 1553 1
577 1492 1
577 925 1
577 987 1
577 1509 1
494 1376 1
669 208 1
323 783 1
480 1735 1
480 1664 1
929 148 1
929 514 1
929 183 1
1047 495 1
1047 1385 1
1047 1622 1
1047 881 1
1047 1536 1
1047 1109 1
1047 523 1
1047 979 1
1624 1569 1
1624 1717 1
1624 1075 1
1624 1030 1
1624 403 1
1624 1113 1
1624 4 1
1624 1123 1
782 935 1
782 663 1
782 603 1
782 1016 1
782 436 1
782 1140 1
782 660 1
782 153 1
782 889 1
782 615 1
782 964 1
782 852 1
782 1252 1
1055 1674 1
1420 846 1
424 1642 1
1609 555 1
1609 243 1
1609 340 1
1609 420 1
1609 378 1
1501 1321 1
979 392 1
502 560 1
184 537 1
184 1700 1
184 620 1
184 176 1
1625 1333 1
1625 234 1
1625 531 1
1625 849 1
1625 641 1
299 661 1
299 188 1
299 228 1
1079 110 1
320 259 1
1266 785 1
1266 454 1
1266 1576 1
1266 1397 1
1266 443 1
1266 1074 1
1266 1253 1
1266 1237 1
1266 1172 1
1266 1146 1
1266 373 1
1266 17 1
1266 778 1
1266 1161 1
1266 1249 1
1266 280 1
1512 1587 1
1247 1460 1
1247 1268 1
1247 1487 1
1247 1602 1
1247 837 1
1247 1311 1
1247 1250 1
1247 616 1
1247 892 1
1247 1462 1
1247 441 1
1247 1096 1
1399 218 1
1399 557 1
1399 1159 1
1399 1752 1
1399 21 1
1399 201 1
1290 276 1
25 1604 1
25 1660 1
1194 617 1
199 1439 1
199 1098 1
707 1087 1
1387 1224 1
1015 833 1
1015 95 1
1015 1103 1
1015 1393 1
1015 248 1
828 162 1
769 202 1
769 926 1
769 938 1
13 304 1
13 471 1
13 33 1
13 960 1
13 411 1
13 38 1
13 1092 1
13 631 1
13 1034 1
13 1056 1
636 598 1
128 310 1
327 538 1
1090 170 1
1742 1562 1
1344 1166 1
547 614 1
547 305 1
1019 457 1
770 395 1
1168 425 1
1168 791 1
756 317 1
735 1242 1
735 1296 1
821 885 1
821 400 1
821 652 1
821 452 1
821 915 1
821 302 1
821 250 1
821 1600 1
821 1467 1
821 1068 1
821 1483 1
821 385 1
821 676 1
821 51 1
743 1052 1
743 1411 1
743 1134 1
743 1475 1
743 1616 1
743 1180 1
743 1400 1
743 1666 1
743 559 1
743 830 1
1404 1456 1
1404 106 1
1644 590 1
1216 1671 1
1216 1386 1
1291 388 1
835 1038 1
835 53 1
835 238 1
1076 981 1
1139 1457 1
1139 1043 1
1139 1391 1
1139 1286 1
1139 657 1
1139 117 1
1139 408 1
1139 1547 1
1139 839 1
1493 140 1
1211 239 1
267 1614 1
1078 828 1
1315 1261 1
1315 1424 1
1315 451 1
1315 813 1
1315 266 1
57 1498 1
813 857 1
344 128 1
115 806 1
115 687 1
115 339 1
115 811 1
115 434 1
115 268 1
115 485 1
1101 1355 1
1101 93 1
2 431 1
757 342 1
882 488 1
882 1107 1
882 639 1
882 897 1
632 577 1
1229 455 1
447 831 1
447 1139 1
647 723 1
1532 1687 1
1532 104 1
1532 64 1
1532 919 1
1532 457 1
1532 1619 1
1532 1256 1
1532 1313 1
1204 858 1
1275 1605 1
1306 204 1
1349 957 1
559 986 1
559 156 1
559 1014 1
559 427 1
561 517 1
348 38 1
1515 1618 1
1418 1484 1
1418 465 1
1418 1658 1
1418 1173 1
1418 194 1
1418 399 1
1418 383 1
1418 787 1
1418 284 1
1418 1608 1
1409 717 1
1161 1676 1
51 349 1
51 950 1
51 368 1
51 665 1
51 1369 1
127 374 1
630 1292 1
630 512 1
501 1272 1
1705 1413 1
1740 409 1
1299 1185 1
1299 1514 1
1612 1232 1
397 1485 1
397 1178 1
397 573 1
397 72 1
397 337 1
397 298 1
397 1027 1
900 713 1
900 351 1
900 381 1
1145 1072 1
1145 653 1
1039 1230 1
1039 160 1
1039 1662 1
1743 262 1
1743 98 1
1743 855 1
788 1031 1
788 210 1
193 1280 1
1504 1704 1
1504 983 1
1744 1597 1
1744 1198 1
319 277 1
319 1269 1
319 692 1
319 26 1
249 544 1
898 953 1
898 60 1
754 1102 1
1045 890 1
1045 701 1
887 418 1
887 489 1
941 1477 1
941 1652 1
941 648 1
941 673 1
1041 390 1
1041 1108 1
1041 628 1
172 807 1
1148 875 1
1326 1525 1
1480 149 1
1480 1208 1
1480 958 1
1158 1323 1
1530 1650 1
1032 683 1
432 1706 1
685 765 1
685 943 1
685 1037 1
685 1367 1
1748 731 1
1748 1607 1
28 996 1
28 109 1
28 1594 1
38 899 1
736 301 1
1651 1603 1
1651 529 1
820 1617 1
1578 954 1
514 68 1
1668 1513 1
1668 1294 1
1668 1362 1
1668 1312 1
1668 1663 1
1668 394 1
1668 301 1
739 1245 1
1376 801 1
402 1718 1
402 847 1
402 993 1
402 1365 1
402 1221 1
402 12 1
402 42 1
402 901 1
402 1389 1
1234 1727 1
686 361 1
686 594 1
686 955 1
27 741 1
27 449 1
27 159 1
27 1260 1
27 171 1
1382 74 1
1382 1654 1
1047 917 1
1624 1518 1
782 619 1
1609 774 1
184 972 1
1266 1353 1
1266 297 1
1247 169 1
1015 303 1
1015 382 1
128 137 1
1168 601 1
1168 528 1
1168 69 1
1168 1574 1
743 257 1
743 894 1
1404 31 1
272 587 1
82 1042 1
1139 1127 1
1139 586 1
581 569 1
1315 101 1
115 910 1
492 422 1
882 1502 1
882 1165 1
882 1659 1
1532 1545 1
1532 1689 1
1532 1463 1
559 1414 1
596 478 1
596 1580 1
596 1563 1
596 548 1
596 347 1
1418 924 1
1418 139 1
1612 842 1
397 1271 1
397 737 1
397 1115 1
397 1454 1
397 86 1
900 522 1
900 818 1
900 1228 1
830 54 1
350 1458 1
282 1090 1
1163 1455 1
1163 1610 1
730 112 1
860 595 1
1348 1120 1
221 1478 1
221 1209 1
221 1734 1
1125 634 1
500 187 1
500 1041 1
500 932 1
500 1283 1
500 571 1
500 391 1
500 275 1
500 851 1
500 637 1
500 743 1
500 581 1
73 479 1
907 862 1
543 1479 1
543 1632 1
543 1012 1
543 387 1
543 1279 1
15 838 1
1398 1203 1
1336 1588 1
1205 438 1
1186 199 1
380 563 1
380 1568 1
380 212 1
380 1369 1
1392 1266 1
1233 1000 1
1002 521 1
1745 157 1
34 878 1
34 526 1
891 1009 1
1157 680 1
997 962 1
360 861 1
167 1144 1
1629 342 1
606 342 1
1529 1572 1
328 1295 1
328 822 1
990 1561 1
865 278 1
506 1606 1
1297 775 1
540 1748 1
540 627 1
540 1150 1
195 1639 1
715 1531 1
690 1080 1
1408 1515 1
1227 1593 1
1372 583 1
241 329 1
1710 1753 1
164 896 1
245 1193 1
1696 871 1
107 966 1
1287 472 1
1191 1047 1
1320 313 1
1179 1625 1
1270 84 1
931 767 1
1516 1512 1
1516 294 1
1516 1532 1
1465 184 1
474 1084 1
1506 1084 1
1670 1084 1
802 1084 1
510 944 1
1713 820 1
909 870 1
1001 782 1
1001 1548 1
605 118 1
605 1321 1
289 1326 1
29 95 1
576 771 1
576 138 1
576 1489 1
576 795 1
1422 1404 1
1432 734 1
755 375 1
755 1448 1
755 790 1
1688 887 1
1688 1247 1
1128 1631 1
70 1743 1
70 1142 1
70 255 1
70 970 1
70 812 1
70 667 1
70 258 1
136 949 1
593 211 1
207 995 1
450 1020 1
1751 122 1
927 116 1
1095 23 1
1095 553 1
1095 863 1
1095 1499 1
445 1719 1
779 319 1
779 453 1
664 1062 1
1519 1062 1
75 19 1
75 1211 1
1352 1418 1
1739 1164 1
582 1591 1
1680 952 1
1680 222 1
622 295 1
1436 866 1
226 1207 1
565 1288 1
565 1086 1
921 375 1
1445 1490 1
5 1254 1
1070 984 1
1496 1381 1
355 1309 1
1375 1681 1
1 1412 1
1259 459 1
462 193 1
624 824 1
624 1627 1
766 1471 1
618 989 1
1316 810 1
1678 1005 1
1235 1473 1
817 1076 1
1723 868 1
185 414 1
1341 1147 1
697 1331 1
1428 739 1
335 1171 1
433 155 1
433 1396 1
433 491 1
433 1051 1
876 1044 1
877 1152 1
254 129 1
826 821 1
1570 844 1
437 432 1
535 432 1
609 760 1
1368 340 1
246 788 1
1105 431 1
621 1655 1
113 48 1
1073 1277 1
1218 600 1
142 1728 1
240 209 1
945 423 1
1486 1488 1
1486 324 1
1007 1651 1
1377 1644 1
992 804 1
726 872 1
726 1190 1
1201 1452 1
853 1360 1
1112 151 1
1222 698 1
991 699 1
991 1578 1
991 1469 1
1446 50 1
1715 78 1
610 694 1
781 490 1
1302 1124 1
1599 332 1
487 299 1
89 850 1
745 292 1
1024 27 1
1255 1537 1
442 836 1
237 132 1
1520 1116 1
1520 1571 1
1520 1332 1
1520 1067 1
143 607 1
856 1582 1
315 796 1
94 1464 1
1737 754 1
1711 645 1
35 969 1
1406 1327 1
1406 829 1
978 1701 1
973 1087 1
1410 556 1
942 1407 1
1538 1575 1
1065 43 1
435 900 1
1533 834 1
1195 460 1
859 79 1
219 1383 1
940 681 1
724 1438 1
362 1050 1
1350 1555 1
1429 469 1
1187 121 1
519 469 1
1431 747 1
656 1168 1
930 327 1
930 36 1
959 1517 1
1370 272 1
532 1530 1
1539 1196 1
1366 686 1
908 1358 1
580 888 1
318 1524 1
81 1098 1
1117 1480 1
1590 1378 1
1197 596 1
366 446 1
200 1082 1
1494 568 1
1213 545 1
1154 1744 1
1059 1702 1
1354 205 1
629 905 1
1246 546 1
999 546 1
729 579 1
1635 1733 1
191 1330 1
359 1554 1
283 123 1
704 1426 1
794 501 1
1461 270 1
1151 96 1
1151 640 1
1703 651 1
1500 1749 1
1317 1282 1
1317 1675 1
602 1236 1
1669 397 1
466 1337 1
1583 679 1
1300 438 1
1646 1419 1
725 1441 1
1476 882 1
1476 1549 1
1054 1085 1
738 736 1
358 1729 1
1633 476 1
1435 718 1
1684 1156 1
1684 102 1
1684 492 1
1534 83 1
311 507 1
311 1239 1
1589 1141 1
1730 233 1
1238 1199 1
1682 1416 1
367 527 1
691 482 1
10 1017 1
66 1609 1
1423 1240 1
105 1382 1
646 1460 1
562 85 1
975 134 1
1721 475 1
1174 166 1
182 1491 1
135 577 1
223 1144 1
493 377 1
1022 1677 1
321 652 1
1129 267 1
179 427 1
711 974 1
998 541 1
1626 1003 1
1219 1672 1
742 1304 1
1021 1668 1
46 1251 1
613 1212 1
712 1573 1
1507 1504 1
880 793 1
1724 761 1
158 447 1
798 410 1
684 1526 1
1136 467 1
976 1511 1
1390 748 1
100 28 1
1747 1315 1
1535 1379 1
920 1071 1
584 9 1
625 1394 1
1641 1032 1
1057 32 1
440 1692 1
1421 1643 1
1241 918 1
1430 1586 1
1169 204 1
1091 108 1
141 872 1
1182 115 1
203 287 1
1373 912 1
511 608 1
1258 1559 1
1712 214 1
869 216 1
131 1305 1
405 1621 1
146 670 1
314 13 1
797 1699 1
384 710 1
173 152 1
1138 352 1
325 1023 1
326 727 1
91 498 1
666 1624 1
37 679 1
444 864 1
1184 1709 1
604 172 1
353 564 1
67 1026 1
1401 994 1
732 1058 1
1357 655 1
1153 1328 1
1339 1694 1
174 1158 1
174 402 1
90 406 1
1598 1064 1
1104 1380 1
554 1427 1
97 883 1
914 780 1
572 124 1
695 249 1
977 763 1
464 1732 1
1595 483 1
1522 235 1
1028 1214 1
6 1564 1
1384 591 1
1319 16 1
1033 412 1
982 965 1
336 946 1
416 306 1
1731 706 1
22 1470 1
515 898 1
421 106 1
419 341 1
649 415 1
334 429 1
720 575 1
1342 840 1
1356 331 1
721 331 1
1263 236 1
3 759 1
220 163 1
1273 1101 1
1447 1035 1
1550 498 1
1265 189 1
1592 1130 1
1060 260 1
916 1149 1
1215 1449 1
293 333 1
956 229 1
55 1257 1
693 636 1
