636 836 1
34 473 1
472 295 1
445 727 1
822 142 1
775 803 1
268 862 1
834 683 1
847 841 1
286 250 1
293 528 1
409 104 1
490 478 1
692 763 1
525 57 1
141 527 1
667 622 1
60 795 1
262 416 1
302 173 1
631 767 1
732 280 1
732 133 1
132 785 1
740 495 1
238 830 1
658 201 1
285 375 1
491 632 1
521 119 1
218 626 1
465 120 1
798 757 1
798 204 1
232 480 1
476 314 1
476 857 1
589 717 1
380 452 1
380 425 1
352 829 1
352 87 1
863 477 1
198 350 1
579 24 1
562 269 1
322 820 1
322 152 1
322 379 1
322 698 1
322 339 1
22 255 1
617 726 1
276 756 1
861 541 1
362 267 1
758 428 1
812 646 1
556 517 1
334 486 1
875 576 1
357 791 1
399 845 1
399 53 1
369 867 1
666 574 1
290 243 1
62 787 1
474 433 1
713 206 1
713 696 1
8 175 1
661 382 1
188 715 1
146 802 1
612 20 1
112 196 1
814 70 1
464 687 1
408 213 1
451 556 1
597 43 1
71 844 1
752 72 1
752 233 1
436 457 1
93 309 1
191 260 1
577 733 1
553 17 1
301 673 1
583 805 1
801 512 1
801 487 1
799 671 1
225 390 1
455 818 1
479 466 1
332 10 1
89 6 1
342 488 1
503 248 1
384 185 1
2 497 1
212 559 1
170 641 1
823 38 1
413 582 1
689 702 1
689 372 1
689 383 1
689 359 1
130 781 1
624 168 1
584 530 1
680 670 1
680 630 1
680 308 1
424 665 1
236 815 1
392 323 1
344 150 1
344 27 1
778 833 1
311 550 1
217 64 1
608 344 1
797 654 1
710 737 1
95 804 1
294 566 1
429 422 1
111 395 1
143 226 1
388 221 1
203 418 1
203 874 1
203 624 1
203 688 1
203 215 1
203 157 1
203 222 1
203 746 1
203 228 1
203 854 1
203 708 1
203 442 1
203 51 1
203 356 1
319 592 1
430 128 1
430 326 1
178 500 1
850 470 1
237 197 1
602 23 1
653 605 1
340 316 1
510 437 1
782 851 1
782 655 1
782 398 1
782 411 1
782 164 1
753 571 1
190 63 1
15 792 1
557 860 1
557 28 1
656 837 1
199 124 1
540 587 1
540 393 1
540 505 1
540 283 1
234 261 1
245 694 1
391 219 1
4 623 1
581 633 1
251 324 1
538 871 1
135 686 1
86 263 1
86 619 1
86 182 1
866 288 1
21 846 1
96 186 1
363 439 1
552 718 1
780 761 1
526 807 1
773 824 1
701 588 1
242 720 1
657 764 1
30 627 1
59 647 1
59 643 1
59 496 1
450 449 1
271 171 1
80 482 1
343 48 1
448 14 1
448 864 1
551 573 1
320 564 1
282 227 1
768 865 1
835 123 1
835 691 1
264 722 1
396 569 1
389 650 1
366 151 1
759 843 1
103 398 1
489 607 1
220 122 1
511 351 1
511 590 1
511 214 1
511 176 1
511 367 1
511 231 1
147 444 1
147 398 1
40 506 1
107 110 1
806 458 1
806 97 1
806 485 1
806 709 1
806 266 1
303 856 1
303 37 1
697 289 1
697 838 1
567 325 1
421 419 1
287 54 1
287 321 1
287 200 1
287 509 1
287 741 1
836 82 1
836 513 1
836 459 1
836 74 1
836 169 1
836 813 1
836 776 1
144 680 1
90 782 1
207 287 1
165 358 1
788 140 1
868 615 1
26 568 1
134 401 1
46 825 1
46 835 1
434 55 1
434 685 1
776 870 1
776 67 1
776 318 1
776 593 1
776 716 1
776 711 1
776 47 1
776 277 1
776 728 1
695 460 1
695 684 1
648 78 1
364 838 1
376 298 1
183 19 1
174 265 1
210 381 1
210 336 1
210 554 1
210 177 1
210 849 1
210 11 1
210 313 1
210 224 1
92 596 1
498 659 1
725 771 1
469 441 1
469 345 1
257 828 1
545 385 1
735 129 1
5 699 1
5 723 1
603 674 1
484 729 1
412 873 1
356 12 1
784 817 1
254 223 1
808 187 1
748 353 1
160 202 1
36 331 1
700 660 1
377 347 1
377 406 1
377 611 1
377 300 1
843 278 1
843 306 1
738 195 1
811 29 1
637 492 1
180 373 1
367 378 1
544 423 1
550 106 1
550 98 1
550 662 1
312 44 1
743 809 1
386 853 1
109 594 1
483 162 1
153 504 1
460 414 1
460 214 1
460 56 1
460 284 1
239 273 1
537 59 1
730 184 1
730 181 1
730 453 1
105 600 1
760 66 1
275 872 1
690 826 1
831 335 1
431 664 1
211 3 1
211 333 1
645 149 1
842 148 1
125 456 1
749 349 1
598 83 1
443 274 1
669 499 1
777 73 1
131 297 1
852 13 1
524 163 1
682 858 1
635 677 1
681 714 1
628 539 1
634 605 1
102 5 1
543 240 1
543 548 1
543 742 1
543 49 1
543 558 1
108 704 1
139 229 1
620 663 1
832 816 1
126 610 1
762 151 1
494 649 1
68 518 1
607 247 1
607 565 1
607 156 1
607 193 1
607 368 1
607 542 1
607 560 1
607 511 1
607 244 1
607 599 1
607 7 1
317 52 1
394 668 1
561 859 1
522 258 1
16 827 1
840 651 1
337 765 1
69 189 1
118 103 1
192 299 1
18 315 1
563 329 1
621 629 1
532 116 1
734 94 1
734 145 1
235 403 1
100 248 1
523 307 1
523 159 1
523 531 1
523 789 1
523 638 1
230 468 1
156 75 1
156 586 1
156 555 1
25 848 1
795 161 1
380 397 1
352 604 1
352 137 1
702 438 1
592 652 1
548 39 1
130 754 1
130 706 1
130 516 1
203 770 1
203 304 1
782 84 1
103 609 1
378 121 1
378 41 1
511 256 1
836 427 1
843 154 1
843 642 1
607 330 1
607 81 1
607 575 1
475 352 1
447 291 1
101 755 1
461 549 1
338 751 1
678 25 1
462 625 1
354 794 1
216 210 1
216 618 1
79 644 1
606 253 1
606 377 1
869 689 1
417 514 1
613 839 1
327 712 1
572 744 1
783 570 1
1 402 1
407 541 1
65 167 1
435 40 1
675 292 1
535 595 1
9 745 1
99 415 1
639 130 1
252 31 1
508 614 1
305 85 1
241 772 1
546 370 1
507 355 1
360 129 1
205 208 1
719 50 1
719 371 1
719 209 1
387 248 1
739 249 1
259 76 1
493 155 1
446 774 1
348 779 1
77 529 1
32 374 1
270 501 1
502 114 1
33 514 1
515 724 1
640 769 1
158 470 1
127 310 1
346 341 1
88 58 1
426 679 1
45 463 1
166 540 1
279 380 1
471 91 1
35 519 1
790 136 1
365 793 1
400 405 1
855 261 1
138 585 1
796 42 1
404 156 1
601 750 1
800 693 1
246 533 1
547 420 1
520 203 1
296 272 1
410 272 1
819 281 1
536 194 1
810 534 1
361 539 1
703 113 1
705 115 1
672 61 1
172 821 1
721 747 1
736 707 1
616 786 1
580 309 1
328 454 1
731 117 1
766 676 1
432 134 1
440 578 1
591 179 1
467 481 1
