2388 4974 1
2388 2016 1
2388 2954 1
2388 5192 1
2388 24 1
2388 409 1
4452 3311 1
4452 4470 1
4452 617 1
4452 1366 1
4452 2014 1
4452 2494 1
4452 4982 1
4452 1357 1
4452 2892 1
4452 982 1
4452 677 1
4452 4300 1
4452 2504 1
4452 5069 1
4294 2749 1
1440 2096 1
1440 1728 1
1440 443 1
3468 353 1
2314 583 1
2314 3966 1
2314 4232 1
1158 203 1
1158 2230 1
1158 2642 1
1158 4031 1
1158 4611 1
1158 5367 1
1158 3486 1
1158 743 1
1158 705 1
1158 796 1
1158 3062 1
1158 4335 1
4781 2173 1
5300 4571 1
2302 4416 1
2302 1308 1
2302 499 1
1767 1934 1
1767 1104 1
2519 4660 1
2519 3988 1
2960 4858 1
992 2391 1
992 1845 1
992 2272 1
992 3202 1
992 157 1
992 5040 1
992 1990 1
992 2113 1
992 5423 1
992 4121 1
992 646 1
992 1825 1
992 4165 1
992 4336 1
992 4817 1
3694 3409 1
3694 4618 1
3694 1494 1
3694 1748 1
1230 4953 1
1230 1658 1
1230 5253 1
1230 4580 1
3943 4926 1
3098 5157 1
3098 3355 1
3769 4141 1
3769 720 1
3769 2897 1
3769 1379 1
3769 2123 1
3685 435 1
3685 4424 1
3685 1093 1
3685 5232 1
1918 873 1
1314 3447 1
1314 1149 1
1314 1278 1
2169 5289 1
2169 1799 1
2169 3432 1
2169 1695 1
2169 980 1
2169 3015 1
2169 4241 1
2169 5388 1
2169 3320 1
2169 4320 1
2169 5112 1
2169 4983 1
1068 734 1
2669 3332 1
1620 529 1
611 3699 1
2001 1092 1
3488 3315 1
3488 4678 1
3488 2328 1
3488 260 1
3488 424 1
3488 2564 1
3488 1226 1
3488 3422 1
203 3848 1
203 2961 1
203 5194 1
203 2953 1
203 1076 1
466 4000 1
466 3620 1
379 3708 1
379 3240 1
5403 814 1
5403 1721 1
5403 131 1
5403 5393 1
5403 3119 1
5403 5474 1
5123 2388 1
5123 3658 1
5123 4607 1
5123 1520 1
5123 2561 1
5123 5352 1
5123 1043 1
5123 2187 1
642 2370 1
1100 3082 1
2837 1621 1
4414 93 1
4414 2234 1
4414 4918 1
4414 792 1
247 3290 1
3483 1044 1
3483 1018 1
3260 5369 1
3260 4079 1
2824 2552 1
4834 2225 1
4834 3811 1
4834 3738 1
4834 4402 1
4834 3073 1
4834 5260 1
4834 163 1
1254 3754 1
2391 4790 1
1210 2912 1
1213 5171 1
1213 1879 1
1213 4262 1
1213 2458 1
3945 2013 1
3271 327 1
3271 4922 1
3271 5214 1
5344 747 1
5344 355 1
5344 4061 1
1888 5337 1
4410 950 1
4410 847 1
4410 3702 1
4410 5147 1
4410 4235 1
4410 5115 1
4410 3349 1
4410 2355 1
4410 2789 1
4410 5331 1
4410 3170 1
4410 1739 1
4410 4882 1
4410 4715 1
4410 4132 1
4037 1211 1
378 3538 1
378 2811 1
3579 4722 1
4586 1316 1
4586 174 1
4586 4904 1
4586 3071 1
4586 5219 1
4586 730 1
4586 5332 1
4586 2728 1
4586 2313 1
4586 109 1
4586 704 1
4586 5046 1
4586 4739 1
4586 4418 1
2718 5110 1
2718 5146 1
2718 2696 1
2718 5198 1
2718 4138 1
2718 5321 1
2718 8 1
5431 5039 1
5431 5297 1
5431 4030 1
5431 1246 1
5431 2039 1
3648 3016 1
3648 5063 1
3648 2738 1
3648 1815 1
3648 1935 1
3648 615 1
3648 1194 1
3648 138 1
3648 1336 1
3648 2483 1
3648 4764 1
5420 831 1
5420 2000 1
5420 781 1
5420 2055 1
5420 3884 1
5420 1877 1
5420 197 1
5420 2375 1
4800 2731 1
3176 300 1
3176 577 1
4071 3920 1
2576 1223 1
2576 1530 1
2576 794 1
2576 1611 1
2576 2213 1
2576 3350 1
2576 941 1
2576 1101 1
2576 4202 1
2576 4029 1
2576 619 1
2576 1416 1
2576 5395 1
1355 5302 1
1355 2399 1
1299 154 1
290 964 1
290 4551 1
290 3287 1
290 4943 1
1836 997 1
1836 292 1
1836 1116 1
1836 3950 1
1836 4600 1
1836 3879 1
1836 1874 1
1836 5346 1
1836 3736 1
1836 321 1
1836 2898 1
1836 253 1
1836 2124 1
1836 3478 1
2176 4482 1
720 1642 1
720 2311 1
720 954 1
720 1685 1
3740 996 1
3740 5477 1
4868 3702 1
4868 2485 1
4868 658 1
4868 2502 1
4868 4132 1
5392 3489 1
3310 3147 1
4063 1479 1
10 4616 1
10 2387 1
10 1856 1
10 2028 1
10 3418 1
10 5309 1
413 2481 1
413 2880 1
413 3038 1
413 3441 1
413 1835 1
413 825 1
5362 5336 1
1717 2607 1
4301 3449 1
1580 125 1
1941 226 1
1941 1574 1
1941 923 1
1941 4409 1
1941 3534 1
1941 1917 1
2971 3524 1
2971 2212 1
2971 3085 1
2971 1165 1
2971 3291 1
2971 717 1
2971 2339 1
2971 3679 1
2971 243 1
2971 279 1
2971 2905 1
2971 679 1
2971 2904 1
2971 2511 1
2971 903 1
2971 2555 1
2971 4914 1
3646 783 1
3837 2415 1
2928 828 1
5256 398 1
2642 2567 1
3593 1788 1
3593 1415 1
3593 2810 1
2618 1199 1
2618 4670 1
145 1795 1
145 5479 1
4980 4842 1
4980 3575 1
4980 3551 1
4980 2260 1
4980 5320 1
4980 3670 1
4980 915 1
4980 2112 1
4980 156 1
4980 2604 1
4980 364 1
4980 223 1
4980 4777 1
1511 5037 1
2739 1743 1
2739 4863 1
2739 2125 1
2739 2715 1
2049 4720 1
26 3698 1
500 3902 1
1648 554 1
3125 3530 1
3125 1098 1
3391 3613 1
2501 4205 1
2501 3348 1
2501 140 1
2501 3376 1
2501 2858 1
2376 4432 1
2376 1396 1
2376 4695 1
2376 3244 1
2376 5236 1
2376 2689 1
2376 3100 1
2376 5007 1
2376 4848 1
4401 5262 1
5114 3177 1
5114 1507 1
5114 3968 1
5310 4638 1
5310 2955 1
4524 5175 1
2622 4535 1
2622 1598 1
2622 3047 1
2622 1325 1
2622 2333 1
1287 5119 1
3004 3662 1
39 2519 1
39 2280 1
39 5015 1
39 1118 1
39 1147 1
39 2534 1
39 5421 1
39 4990 1
39 3412 1
39 1690 1
39 1942 1
39 2948 1
39 5395 1
1096 467 1
1096 399 1
1312 5404 1
1312 2614 1
1312 337 1
1312 2186 1
1312 5371 1
1312 1544 1
1312 5512 1
3872 855 1
3480 3814 1
3480 1895 1
2730 1708 1
2931 1813 1
2931 3328 1
2931 2033 1
2931 795 1
2931 6 1
2931 5434 1
2931 5128 1
2931 4915 1
4891 2040 1
2946 3564 1
2241 2548 1
2910 1589 1
2910 4307 1
2910 98 1
2910 1119 1
2910 2651 1
4201 4908 1
5273 911 1
5273 275 1
5273 3663 1
5273 3581 1
5273 4167 1
5273 3148 1
4862 4343 1
276 853 1
276 4472 1
276 2771 1
4 1660 1
3113 3868 1
4015 3303 1
4015 1177 1
1266 2408 1
1266 3569 1
1266 4341 1
345 5318 1
1791 2674 1
1791 4959 1
1791 2306 1
1791 668 1
1791 4665 1
1791 2748 1
1791 759 1
3628 2743 1
3628 258 1
3628 360 1
456 3869 1
1344 1714 1
1344 3936 1
1344 2675 1
1344 3542 1
3739 47 1
1432 5312 1
2097 1488 1
485 351 1
485 2403 1
1127 719 1
1127 5263 1
1127 4823 1
1127 4770 1
1127 3914 1
5248 2202 1
5248 994 1
2843 543 1
1417 4957 1
2832 3209 1
2832 2957 1
2832 225 1
2832 1262 1
5056 4302 1
5056 3652 1
1283 3755 1
1570 227 1
1570 1545 1
505 1305 1
505 2287 1
505 2800 1
5035 4385 1
794 3927 1
794 1776 1
794 1700 1
3085 2223 1
3085 3210 1
3085 4594 1
3085 5350 1
3085 1227 1
3085 121 1
3085 3711 1
3085 4058 1
3085 2756 1
3085 4826 1
3085 358 1
3085 4223 1
3085 3188 1
3085 1886 1
1345 984 1
1345 2850 1
1345 1590 1
1345 2941 1
1345 4604 1
1345 4837 1
5476 4406 1
3141 2857 1
3141 3512 1
3007 703 1
2058 1525 1
1165 4509 1
1165 4897 1
1165 2250 1
1165 4537 1
1165 502 1
3343 1790 1
829 124 1
4246 552 1
4246 4652 1
4016 1405 1
4016 2867 1
4016 3218 1
4016 4026 1
4016 2958 1
2920 2597 1
4021 3097 1
4021 425 1
4021 2866 1
4021 4633 1
4021 2498 1
4021 1388 1
4021 3712 1
4021 1291 1
4601 841 1
4601 3544 1
4601 2036 1
931 1266 1
931 1421 1
931 2773 1
2746 2294 1
200 2337 1
200 1597 1
5 3405 1
5 1326 1
5 1902 1
5 164 1
5 4773 1
5 4230 1
5459 5214 1
107 4603 1
158 2987 1
158 2484 1
2585 1517 1
623 5169 1
623 195 1
5213 2318 1
5213 2846 1
802 2922 1
802 105 1
4345 508 1
4345 2732 1
4345 1897 1
4345 3477 1
5440 2650 1
5440 4200 1
5440 827 1
457 2626 1
389 4345 1
389 448 1
389 4186 1
389 842 1
389 3033 1
389 3605 1
255 2992 1
4678 4446 1
2591 5275 1
830 4547 1
830 2729 1
830 3560 1
830 960 1
830 1653 1
830 3464 1
830 231 1
830 4009 1
830 2914 1
2907 5461 1
4295 5409 1
518 4115 1
518 1133 1
518 2248 1
2999 1805 1
2999 1959 1
2999 1556 1
2999 1121 1
2999 1997 1
2999 599 1
3120 5153 1
1435 5018 1
4229 2611 1
4229 3998 1
836 3105 1
1519 3115 1
3387 801 1
4540 4066 1
4182 628 1
3865 271 1
3851 808 1
15 1361 1
15 3529 1
15 2020 1
989 4653 1
3963 3241 1
4780 4877 1
4780 3922 1
4780 584 1
809 4487 1
1704 2265 1
1704 1604 1
1704 4857 1
1704 1390 1
1704 5308 1
4283 2025 1
4283 740 1
4283 4503 1
4283 3491 1
4283 1037 1
4283 1508 1
4283 641 1
4283 4096 1
4283 3386 1
4283 2679 1
4283 4372 1
4283 1807 1
139 179 1
4221 2785 1
4221 4972 1
4221 3199 1
4221 349 1
4221 5451 1
4221 3875 1
4221 1578 1
1847 2594 1
1847 983 1
1847 891 1
4833 3203 1
850 3668 1
850 4514 1
850 2944 1
3493 2464 1
1137 2138 1
3327 4327 1
3327 3407 1
3327 5265 1
3327 3876 1
653 873 1
19 1080 1
5377 2305 1
5377 3410 1
2613 4684 1
3334 656 1
3334 3669 1
3334 1380 1
3334 5387 1
3334 3051 1
3334 4258 1
3334 3674 1
3630 5020 1
5036 1467 1
5036 1887 1
789 1313 1
312 2397 1
312 295 1
312 1701 1
312 347 1
312 1395 1
312 887 1
312 381 1
312 2521 1
4384 1623 1
4384 2233 1
4384 3747 1
4384 2760 1
4384 506 1
864 2327 1
864 4756 1
864 330 1
864 92 1
864 3692 1
864 4831 1
839 3171 1
839 601 1
839 670 1
839 2841 1
839 762 1
4332 368 1
4332 3415 1
5266 2549 1
5266 2864 1
5266 3186 1
5266 3000 1
5266 2582 1
4887 4265 1
4887 4281 1
4887 4194 1
4887 4581 1
4887 1735 1
4887 2274 1
4887 749 1
4887 1281 1
4887 3313 1
4887 4391 1
4887 3984 1
4887 1115 1
4887 1240 1
2407 62 1
3042 1293 1
3042 4097 1
3042 3993 1
3042 821 1
3655 3735 1
3655 1824 1
1220 3233 1
3813 522 1
3813 2320 1
3813 5511 1
2243 3504 1
2243 2646 1
2243 4639 1
2243 3296 1
2243 4176 1
1361 2612 1
1361 3261 1
1361 371 1
1361 2204 1
1361 5143 1
1623 3329 1
1623 406 1
1623 4583 1
1922 663 1
1922 4577 1
1922 3346 1
3575 866 1
3575 392 1
3575 2799 1
1008 5049 1
1008 82 1
2895 1634 1
2895 4240 1
2895 3707 1
2895 335 1
2895 5257 1
2895 2419 1
2895 3429 1
3893 3825 1
3893 5124 1
1410 4135 1
2877 158 1
2877 2257 1
2877 136 1
2940 3327 1
3592 162 1
2744 390 1
958 3291 1
958 892 1
2041 4765 1
2041 3784 1
1613 2901 1
722 4243 1
592 3132 1
2635 302 1
2635 2819 1
2635 2164 1
2292 885 1
2292 1006 1
2292 3980 1
2292 634 1
2292 3018 1
2292 5010 1
2292 901 1
2292 4843 1
2292 4542 1
2292 3467 1
2292 99 1
2292 4758 1
2292 4043 1
2292 1962 1
2292 4496 1
1724 1775 1
1880 1156 1
1880 1413 1
1880 2791 1
1880 622 1
1880 3442 1
1880 2842 1
1880 382 1
1880 4124 1
1880 1861 1
1880 430 1
1880 2130 1
1880 3253 1
1880 3970 1
1508 1807 1
1508 3859 1
2272 3584 1
2272 1566 1
2272 1673 1
2272 1770 1
1889 3718 1
773 3842 1
2935 3214 1
2935 2468 1
2935 4075 1
2935 3190 1
2935 2605 1
2935 3693 1
2935 1046 1
2645 4159 1
2574 2742 1
1752 1773 1
1752 986 1
1752 1899 1
1752 775 1
1752 168 1
1752 2268 1
1752 4034 1
1169 4759 1
5478 2899 1
2469 2054 1
3782 732 1
3782 1502 1
199 4429 1
3714 601 1
3714 2080 1
1754 902 1
657 678 1
5206 2950 1
2924 2506 1
2924 4317 1
2924 5281 1
2924 1097 1
2924 60 1
2924 1683 1
2924 1456 1
893 2865 1
893 5223 1
893 4147 1
1912 2690 1
2603 495 1
2603 2575 1
2603 3041 1
2603 776 1
2603 4941 1
2603 834 1
2708 3565 1
4068 4662 1
5340 5262 1
2319 4162 1
2443 3585 1
1022 1503 1
2449 4676 1
2449 1203 1
913 5208 1
913 1758 1
3751 1686 1
3751 2027 1
1309 4056 1
1102 2415 1
1102 4270 1
4117 2050 1
4117 5083 1
496 5313 1
1625 4766 1
2184 680 1
1547 4279 1
1547 3634 1
4306 2424 1
3529 4181 1
3529 4282 1
553 5001 1
553 1628 1
553 2825 1
553 5089 1
553 2823 1
553 3151 1
2745 756 1
3416 3101 1
3416 5220 1
3416 4585 1
272 3341 1
3159 2665 1
3159 2435 1
3159 2411 1
1692 4942 1
1692 644 1
1692 3364 1
1692 545 1
275 3744 1
275 3599 1
275 2180 1
1698 363 1
3385 266 1
528 3120 1
528 3572 1
528 2356 1
528 3527 1
528 753 1
528 5365 1
2878 4339 1
2878 3308 1
2878 415 1
2878 2595 1
2878 1557 1
2878 3121 1
2878 2191 1
2878 3484 1
2878 4133 1
2878 2627 1
2878 590 1
3701 1705 1
3701 4091 1
3701 3493 1
3701 2135 1
3701 3297 1
3701 2764 1
3701 3058 1
3701 510 1
3701 462 1
3701 193 1
3701 4504 1
3701 2653 1
3701 2891 1
3701 3695 1
2869 2844 1
125 3877 1
125 4276 1
3340 2919 1
4203 284 1
4203 4151 1
2803 2686 1
2803 1591 1
2803 447 1
2803 2182 1
5162 3448 1
2444 4902 1
2444 3728 1
5079 2221 1
5079 4807 1
5079 963 1
5079 2780 1
5079 5229 1
5079 4852 1
5079 3030 1
5079 2037 1
5079 2425 1
5079 5341 1
5079 3977 1
2102 1362 1
2102 3955 1
2102 739 1
1654 572 1
4830 2400 1
5389 1055 1
190 2102 1
2362 3291 1
1539 3022 1
5462 5042 1
5462 2746 1
5462 3274 1
5462 5226 1
5462 3609 1
5462 3325 1
5462 418 1
5462 5282 1
5462 5005 1
3901 452 1
4806 5118 1
4806 1188 1
4806 654 1
4806 4903 1
4806 4827 1
4806 1878 1
1267 1767 1
1267 3546 1
1267 3373 1
1267 2639 1
1267 2676 1
1267 4801 1
1267 1472 1
1267 3059 1
1267 2082 1
1267 1482 1
1267 5267 1
1267 1354 1
1267 2706 1
1267 1003 1
1267 414 1
1267 4591 1
1267 3272 1
1267 1672 1
1267 1834 1
1267 264 1
1267 5087 1
1267 2291 1
1267 3589 1
1267 2975 1
1267 4751 1
1267 2273 1
1267 5363 1
1267 1343 1
1267 2525 1
2838 3096 1
2838 3414 1
2838 5195 1
2838 5004 1
2838 1397 1
2838 3715 1
2838 3656 1
2838 3397 1
644 5228 1
644 474 1
644 711 1
644 1605 1
2306 3487 1
2520 3632 1
2520 3178 1
4944 2888 1
1411 2918 1
1411 2930 1
3252 1473 1
3252 2405 1
3252 3388 1
3252 211 1
3252 2289 1
3252 1796 1
3252 3809 1
3252 3161 1
3252 4828 1
1204 5285 1
4244 1332 1
4244 5486 1
4244 1145 1
4244 2063 1
4244 2477 1
4244 1303 1
4244 4358 1
4244 3510 1
4244 1122 1
4244 1365 1
4244 1033 1
699 4954 1
1346 806 1
1346 4383 1
1346 4113 1
2415 3023 1
1256 2601 1
1256 348 1
1256 2045 1
2532 2095 1
5482 631 1
4919 4946 1
4012 3227 1
4012 2863 1
4012 3001 1
4012 652 1
4012 3964 1
4012 993 1
248 4078 1
248 4586 1
248 3165 1
248 860 1
248 4021 1
248 2999 1
248 2401 1
248 3745 1
248 187 1
248 3417 1
248 306 1
248 4631 1
248 4593 1
248 4497 1
248 2115 1
248 2192 1
248 2326 1
248 2258 1
248 2545 1
2209 4254 1
5408 5235 1
596 2243 1
4322 4755 1
4322 1998 1
4322 534 1
4322 1675 1
4322 5216 1
4264 2820 1
2084 2467 1
2084 4878 1
5209 5179 1
5209 1187 1
5271 2228 1
5271 139 1
5271 4955 1
5271 1012 1
5271 4084 1
234 1324 1
234 4157 1
234 5191 1
234 2141 1
234 3248 1
2926 212 1
1389 698 1
1389 851 1
1389 2808 1
1389 1808 1
1389 2859 1
1389 5092 1
2260 3426 1
2260 3245 1
2260 395 1
4674 4752 1
1039 4933 1
3854 1768 1
3854 3566 1
3854 1036 1
484 650 1
484 3821 1
484 1893 1
484 3061 1
5173 1322 1
2329 691 1
4467 1567 1
4467 5283 1
4467 1001 1
4467 3606 1
5404 1986 1
4119 503 1
4119 4190 1
1222 604 1
1222 287 1
1222 2072 1
1222 1239 1
3435 4805 1
3401 242 1
4257 3056 1
4257 3149 1
4257 403 1
4257 5217 1
4257 2116 1
4257 1066 1
4257 5306 1
4257 3897 1
4257 5108 1
4257 5047 1
4257 2659 1
4257 824 1
4257 3696 1
4257 2035 1
3083 2872 1
1241 934 1
1241 5126 1
1241 3983 1
1241 4502 1
1241 2834 1
1241 1908 1
1241 3682 1
1241 4548 1
1241 1716 1
1241 1981 1
1241 2252 1
1241 655 1
1241 4565 1
1201 5068 1
5125 22 1
137 1183 1
4475 5426 1
4207 4330 1
4471 4100 1
4471 1431 1
2678 4465 1
2678 4468 1
2678 3759 1
2678 4700 1
2678 4430 1
2678 3237 1
2678 907 1
2678 4008 1
618 3618 1
618 632 1
618 2380 1
618 4253 1
618 5507 1
618 1860 1
618 609 1
3347 1904 1
3347 1134 1
4679 5239 1
4679 1359 1
4679 4552 1
3591 2792 1
3591 1571 1
152 76 1
537 5442 1
537 4832 1
627 2051 1
579 2200 1
579 2076 1
2380 5446 1
3663 805 1
2756 2703 1
5272 2606 1
5098 4741 1
5098 3961 1
2925 1437 1
2925 5406 1
2925 5084 1
2925 1139 1
2925 487 1
2256 3064 1
2256 2098 1
5498 5316 1
5498 3135 1
4518 263 1
4518 2470 1
4518 4024 1
4518 1858 1
4518 1971 1
4518 13 1
4518 4785 1
4518 1265 1
4518 2677 1
4518 1568 1
4518 1919 1
4518 4925 1
4518 2615 1
4518 3236 1
4518 134 1
4518 1818 1
4518 2648 1
4518 2361 1
4518 4869 1
4518 4166 1
4518 1454 1
2657 1476 1
2830 2855 1
539 1868 1
539 3002 1
3228 2240 1
3228 3550 1
3228 2384 1
3228 2806 1
3228 2853 1
3228 4543 1
2768 3849 1
2768 3806 1
4988 990 1
898 1758 1
955 2132 1
2510 557 1
2510 444 1
560 1988 1
560 830 1
560 908 1
560 1839 1
4041 2907 1
4041 5490 1
4041 4426 1
4041 3490 1
4041 5238 1
4041 5473 1
682 1338 1
2308 4399 1
1586 4527 1
1586 1049 1
1586 7 1
4263 2589 1
4263 2879 1
4263 3642 1
4263 1694 1
4263 2194 1
4263 3595 1
4263 1392 1
4263 2682 1
4263 1900 1
4263 2702 1
1664 4993 1
3857 479 1
3857 2795 1
3857 3687 1
4532 761 1
4532 4989 1
4532 5210 1
4532 1652 1
3032 4677 1
1430 5307 1
2377 2029 1
2066 73 1
4704 4218 1
4889 4574 1
2189 5062 1
2189 3752 1
2189 1737 1
2189 1987 1
4917 116 1
1216 4129 1
1123 3220 1
1123 471 1
215 3421 1
215 1359 1
215 3773 1
215 5044 1
215 3778 1
215 3906 1
215 790 1
5437 1073 1
3078 152 1
4686 3106 1
4686 1164 1
4686 4421 1
4686 1285 1
4686 2215 1
1462 5424 1
1477 3604 1
1477 2550 1
1477 3103 1
1477 4250 1
1477 4178 1
1477 3953 1
1477 4074 1
1477 4423 1
1477 1532 1
5351 2056 1
1327 3232 1
2742 3665 1
2742 410 1
2742 1751 1
2742 4760 1
2742 1350 1
4560 4641 1
3730 4533 1
3730 16 1
3730 2906 1
3730 2868 1
205 2678 1
205 969 1
2905 273 1
2905 967 1
2905 180 1
2905 2997 1
2905 3826 1
2905 4081 1
2905 4884 1
2905 3682 1
2905 4816 1
2905 228 1
2905 3057 1
2905 1653 1
2905 1756 1
2905 1853 1
2905 574 1
2905 1968 1
2905 1486 1
2905 1304 1
2905 267 1
4624 5041 1
4624 2861 1
1445 4929 1
1999 1193 1
1999 5166 1
1999 5102 1
33 906 1
33 1320 1
33 1936 1
33 2924 1
33 2466 1
33 4992 1
33 3179 1
33 4730 1
33 3201 1
33 835 1
33 1723 1
33 636 1
33 4309 1
33 4143 1
33 3095 1
33 1747 1
33 1386 1
33 2845 1
33 1002 1
33 4248 1
872 4845 1
3878 4236 1
3878 1651 1
3878 3118 1
3878 3463 1
1837 3705 1
1108 3052 1
4970 3628 1
4970 5437 1
4970 2911 1
4970 2937 1
3217 34 1
3217 3281 1
4920 5201 1
1955 2943 1
187 5070 1
187 4131 1
187 3363 1
187 3053 1
187 921 1
187 1576 1
187 728 1
187 4007 1
187 5067 1
187 5328 1
187 932 1
187 4227 1
187 4046 1
1520 1549 1
1520 3536 1
1520 3981 1
2788 236 1
111 2384 1
3105 5130 1
3105 1132 1
3873 3839 1
3873 2512 1
3873 877 1
3873 2062 1
3873 1451 1
157 4515 1
157 4994 1
157 938 1
2427 5432 1
2427 4412 1
2427 665 1
3541 3381 1
532 1349 1
342 3844 1
1493 3495 1
5059 4668 1
5059 130 1
5059 3389 1
5059 4687 1
1614 5470 1
1614 1656 1
1614 4110 1
1614 63 1
1614 2805 1
1614 974 1
1614 2346 1
1614 1576 1
1614 1534 1
1614 550 1
1614 1270 1
1614 2140 1
1614 3398 1
1614 3518 1
1614 1061 1
1614 462 1
1614 1892 1
1614 3224 1
4566 2500 1
4566 876 1
800 4690 1
800 3126 1
800 172 1
800 1529 1
800 4101 1
800 1992 1
800 4647 1
4368 2839 1
5413 3509 1
5413 2218 1
3853 5475 1
3853 2763 1
3853 4462 1
3853 3393 1
3853 3834 1
3670 3683 1
3670 1189 1
3670 3979 1
3670 233 1
3670 4658 1
5504 1153 1
329 160 1
975 2725 1
3405 4169 1
3405 3878 1
3405 2758 1
3405 5246 1
3405 2949 1
3405 4001 1
3405 1726 1
3405 4916 1
3405 4437 1
3405 4456 1
3405 2011 1
1633 854 1
3222 2097 1
4785 929 1
4785 5121 1
4785 1631 1
4785 1911 1
4785 4331 1
4785 229 1
4785 470 1
4785 315 1
4785 4966 1
5246 4767 1
5246 3264 1
5246 385 1
5246 1384 1
5246 2232 1
5246 1599 1
5246 5436 1
2117 2900 1
176 5029 1
3024 167 1
2949 1079 1
3860 4945 1
2156 2292 1
299 1812 1
299 4104 1
299 3326 1
299 2330 1
3145 1314 1
3145 3309 1
3145 3266 1
3145 736 1
3145 5061 1
3145 1268 1
3145 2323 1
3145 874 1
3145 1669 1
3145 4095 1
3145 4977 1
3145 5188 1
3145 2970 1
3145 1564 1
3145 2242 1
3145 3882 1
3145 959 1
3145 1956 1
4874 2321 1
4874 1603 1
3596 2171 1
3596 1626 1
3596 942 1
3596 4355 1
3596 2006 1
3596 725 1
3596 2374 1
3596 4469 1
3596 673 1
3596 3292 1
3596 3818 1
3596 2416 1
3596 1765 1
1065 5079 1
3155 2711 1
2594 1185 1
2594 2963 1
2594 4134 1
2594 3152 1
1455 2083 1
2167 664 1
2167 2312 1
1682 3019 1
1989 50 1
1718 5243 1
2986 591 1
2986 1372 1
2986 3880 1
2986 4308 1
2986 3262 1
2986 3771 1
2986 4297 1
3743 1885 1
334 1096 1
334 1587 1
334 2451 1
334 2070 1
4525 2030 1
2309 4060 1
2309 1632 1
2309 4835 1
2309 503 1
2309 2630 1
3602 5180 1
3602 108 1
3602 1786 1
3602 2887 1
3602 593 1
3602 316 1
72 1020 1
72 811 1
72 4582 1
72 2933 1
72 1465 1
72 4896 1
72 3615 1
72 1315 1
72 3858 1
3862 2637 1
2307 2207 1
2307 4793 1
3965 979 1
4740 3187 1
4740 3279 1
4982 1166 1
4982 2909 1
4982 3068 1
4982 2227 1
4982 4451 1
4982 1058 1
3770 4348 1
3770 1480 1
3770 4708 1
3770 3640 1
3770 2994 1
3770 5222 1
3770 1736 1
3770 1661 1
3770 1703 1
3770 3191 1
1247 112 1
1247 5033 1
1164 154 1
5040 422 1
5040 833 1
3765 2661 1
2991 2110 1
1195 3330 1
1195 2913 1
1195 2625 1
1195 5471 1
1542 4557 1
1047 1276 1
2139 5203 1
2139 1233 1
947 1348 1
5269 514 1
4020 3258 1
5221 2270 1
848 5214 1
1821 1103 1
1821 1579 1
1821 3354 1
1821 251 1
1821 2007 1
1821 1089 1
1821 356 1
1821 871 1
1821 4587 1
1821 2489 1
1821 1967 1
1821 3535 1
1821 1142 1
1821 1307 1
1821 737 1
4661 341 1
489 4136 1
489 3949 1
1328 4651 1
1328 4976 1
883 1401 1
4955 3282 1
1977 1505 1
1504 4743 1
1504 2576 1
1504 39 1
1504 2838 1
1504 4119 1
1504 1469 1
1504 1330 1
1504 4458 1
1504 2394 1
1504 4284 1
4001 2593 1
4001 3787 1
744 1873 1
2147 2438 1
2147 1541 1
4551 3577 1
4551 1206 1
4551 5038 1
4551 4234 1
5013 3785 1
5148 666 1
1463 35 1
1463 5251 1
3614 675 1
3861 1792 1
3861 5254 1
3861 3853 1
3861 607 1
3861 4960 1
4003 3055 1
3079 2012 1
3039 3014 1
3039 575 1
3039 1624 1
3039 3987 1
3039 1903 1
5464 3795 1
5464 2472 1
3978 1466 1
729 2917 1
729 5428 1
2683 3221 1
2683 3365 1
2683 3799 1
4664 2077 1
4637 2415 1
3772 2662 1
620 3626 1
2526 2935 1
793 2299 1
5414 2428 1
961 4062 1
961 2282 1
961 245 1
961 2042 1
961 2649 1
961 5184 1
961 3027 1
961 2530 1
961 1501 1
961 2181 1
961 3153 1
961 4171 1
961 1085 1
961 2208 1
961 2689 1
961 4325 1
961 5456 1
961 2985 1
961 61 1
961 3380 1
961 1512 1
961 867 1
3275 1609 1
3275 561 1
1568 4839 1
1568 4898 1
1568 1190 1
1568 4224 1
1568 4685 1
1568 4138 1
1568 3102 1
1568 2562 1
1568 1910 1
1568 565 1
925 5294 1
925 928 1
3417 2281 1
3417 5372 1
3417 848 1
1229 2694 1
1229 2734 1
1902 466 1
1902 75 1
1902 1670 1
1902 127 1
1902 5120 1
1902 404 1
1902 1370 1
4428 4596 1
2157 184 1
1339 83 1
3990 3623 1
3572 1871 1
3572 2983 1
3572 118 1
3572 2418 1
3572 2301 1
743 4859 1
743 1205 1
2487 1646 1
458 1836 1
3322 2585 1
3322 651 1
3322 2959 1
3322 4435 1
2904 3351 1
1523 4404 1
1523 4363 1
1523 4642 1
1091 1668 1
4709 3932 1
3089 5463 1
5502 4488 1
4735 3151 1
5235 486 1
5235 153 1
5235 4779 1
5235 5290 1
5235 416 1
5235 3173 1
5235 4445 1
5235 4973 1
5235 1179 1
5235 432 1
3552 2673 1
3942 3139 1
2075 4125 1
1418 1627 1
1418 2398 1
1418 4710 1
4033 3617 1
5149 2172 1
5149 3824 1
5149 2456 1
5149 4168 1
5149 224 1
5149 1182 1
5149 1677 1
5149 4494 1
239 4962 1
4211 3394 1
876 4559 1
876 2586 1
876 387 1
876 5045 1
876 2835 1
876 1637 1
4821 535 1
4821 2978 1
4821 318 1
4821 4137 1
4821 2238 1
4821 52 1
4821 1180 1
5093 2556 1
1951 3306 1
421 4479 1
421 5296 1
421 465 1
421 3222 1
421 741 1
421 3235 1
4977 181 1
4977 5129 1
4977 5449 1
2255 1485 1
3941 5083 1
3941 2617 1
4447 5156 1
1261 2166 1
3201 782 1
3201 2804 1
3003 4867 1
3676 769 1
1289 751 1
1566 4738 1
1566 2031 1
5483 3726 1
1990 5474 1
5508 1341 1
3750 386 1
2057 4860 1
2057 2005 1
2057 4362 1
2057 220 1
2057 1125 1
2057 3520 1
2057 2231 1
2057 2895 1
2057 3247 1
2057 4845 1
2057 1814 1
2057 1375 1
2057 5193 1
2057 4233 1
2057 1832 1
2057 5142 1
2057 4111 1
2794 4675 1
2426 3865 1
4312 311 1
4312 2515 1
2022 1120 1
1297 3847 1
1297 3425 1
4239 1381 1
2693 4939 1
296 1582 1
296 1996 1
1023 3671 1
1023 4410 1
1023 2793 1
1023 4746 1
1023 2583 1
3497 5030 1
2671 1826 1
306 2717 1
306 4077 1
306 2044 1
306 1052 1
306 804 1
306 513 1
306 1197 1
306 3081 1
1666 2536 1
1984 1300 1
1984 5024 1
3951 4866 1
5346 3116 1
5346 1059 1
5346 2285 1
5346 1040 1
5374 4373 1
5374 3946 1
5374 621 1
5374 2226 1
5374 2507 1
5374 1094 1
1400 1081 1
1400 667 1
2155 4006 1
778 937 1
3305 4375 1
3938 419 1
3938 3131 1
3938 3653 1
5108 3657 1
4346 1213 1
4346 2009 1
4346 4544 1
4346 2275 1
4346 5215 1
4346 1617 1
4346 4474 1
4961 3259 1
4961 1607 1
4961 5259 1
3440 3318 1
2475 611 1
2475 5114 1
2475 2600 1
2475 603 1
2475 2496 1
2475 2179 1
2475 3492 1
2475 1594 1
2475 2052 1
2475 3528 1
2475 3800 1
2475 3182 1
1855 5190 1
648 4834 1
648 2101 1
4420 2422 1
4420 4378 1
4420 488 1
4420 2290 1
4420 3843 1
4420 1337 1
3874 832 1
4569 3917 1
2335 4723 1
3783 1820 1
1760 3641 1
2850 1224 1
2850 1894 1
2850 899 1
2850 3861 1
2850 1749 1
2850 4517 1
2850 3888 1
2850 5081 1
2850 3722 1
2850 59 1
2850 5116 1
2793 5228 1
2793 3473 1
2793 4894 1
2793 3819 1
2793 4693 1
2793 1741 1
2429 4803 1
1238 5154 1
1238 817 1
1238 5230 1
1238 2503 1
1238 191 1
2113 2256 1
2113 5284 1
2113 4589 1
2113 788 1
5430 391 1
5430 1876 1
1029 2149 1
1890 1497 1
4416 2317 1
4416 5031 1
4416 977 1
4416 166 1
4416 3522 1
4938 17 1
4308 1846 1
4308 2886 1
4308 784 1
4308 4892 1
4308 4606 1
4308 5492 1
784 2463 1
784 4415 1
3278 3780 1
651 4266 1
651 3090 1
651 4044 1
651 3108 1
651 2195 1
651 1905 1
651 957 1
651 1915 1
651 1601 1
651 2577 1
5091 813 1
5091 3690 1
5091 3314 1
5091 3582 1
5091 4629 1
4390 1231 1
4216 405 1
3033 771 1
3033 4558 1
2783 43 1
4593 1863 1
4593 2666 1
1115 4028 1
1115 5096 1
3204 4035 1
11 2927 1
3867 4491 1
195 4701 1
195 378 1
195 3250 1
195 2366 1
195 333 1
195 4930 1
195 1616 1
195 4454 1
195 5414 1
195 5374 1
195 1030 1
195 2829 1
195 1946 1
195 2460 1
195 5380 1
1243 1461 1
5366 2068 1
5366 3107 1
5366 3360 1
5366 3517 1
4995 3469 1
4995 4083 1
4995 2437 1
4995 2262 1
4995 3781 1
4995 815 1
4995 3570 1
4995 277 1
4995 2563 1
4995 1697 1
4995 1985 1
2158 981 1
491 4986 1
491 4088 1
4530 1740 1
4530 1906 1
4530 2336 1
4530 5073 1
4530 5450 1
4530 3774 1
4530 3427 1
4530 4089 1
4530 1731 1
4530 1042 1
4530 5218 1
4530 426 1
2297 5361 1
2297 1678 1
4146 1385 1
1565 286 1
1565 3931 1
3104 1163 1
4888 4156 1
4943 2719 1
4943 1013 1
4943 480 1
4943 5305 1
4943 4357 1
4943 948 1
4943 3512 1
4943 1148 1
4943 4207 1
4943 985 1
4943 3547 1
4943 1842 1
4943 509 1
4943 4549 1
4943 2542 1
4943 2345 1
4943 1565 1
4943 3251 1
4943 659 1
4943 3507 1
4943 2952 1
2296 787 1
2296 2883 1
1590 935 1
1590 2069 1
1590 3724 1
1590 374 1
1590 5497 1
1590 4810 1
1590 4851 1
1590 1095 1
1590 1075 1
3651 3926 1
3651 2236 1
3651 442 1
3651 4952 1
3651 4796 1
3651 1932 1
3651 1257 1
3651 2269 1
3651 2602 1
3651 2078 1
1798 455 1
1798 880 1
3725 4163 1
4458 4911 1
4458 1409 1
4458 4991 1
570 4448 1
697 3904 1
2918 3211 1
2918 2831 1
2918 2300 1
1531 2224 1
1531 625 1
468 2832 1
468 553 1
468 2427 1
468 5090 1
468 5438 1
5433 4689 1
5433 3230 1
1394 5043 1
1394 3727 1
1394 2454 1
1394 5458 1
1277 2315 1
341 4975 1
341 2499 1
341 3525 1
341 4694 1
341 4570 1
341 3956 1
341 5487 1
341 4666 1
341 4360 1
341 3633 1
341 3029 1
341 4625 1
106 2026 1
106 214 1
106 58 1
106 3583 1
106 1659 1
106 250 1
5422 2094 1
2724 4249 1
2724 5291 1
436 1610 1
436 1979 1
2440 1806 1
2101 953 1
2101 4813 1
2101 2059 1
2101 3561 1
2101 2043 1
2101 2151 1
2101 2851 1
2101 1649 1
2101 956 1
2101 2220 1
4733 2165 1
4733 2382 1
5468 3533 1
2923 3600 1
2923 200 1
2923 1883 1
2923 2513 1
2923 4118 1
2923 79 1
2112 1947 1
2112 2821 1
2112 222 1
5398 4971 1
5398 346 1
5398 4170 1
5398 1264 1
5398 4002 1
5398 5356 1
5398 1974 1
5398 314 1
5398 2032 1
5398 1105 1
5398 4285 1
5398 3903 1
5398 2533 1
1331 4932 1
3747 896 1
3747 3710 1
3747 5139 1
3747 1943 1
2142 3672 1
3063 4592 1
3063 4199 1
1924 1440 1
1924 5135 1
1924 1444 1
1924 5439 1
5050 1753 1
5050 282 1
5050 1593 1
1931 694 1
2150 4753 1
2150 1048 1
2150 3197 1
2150 1296 1
2150 524 1
2150 4698 1
4365 4678 1
684 1429 1
4861 5502 1
4950 566 1
5293 36 1
5293 3797 1
5293 2166 1
816 4659 1
816 4597 1
3137 515 1
3137 1515 1
3137 4283 1
3137 87 1
3137 1220 1
3137 2342 1
3137 1828 1
3137 5413 1
3137 1707 1
3137 2578 1
3137 5508 1
3137 1159 1
3137 2034 1
3137 408 1
3137 4885 1
3137 464 1
3137 746 1
4072 3923 1
270 1713 1
4716 3864 1
525 1275 1
525 4841 1
2020 3511 1
2020 401 1
2020 2087 1
2020 884 1
2020 1972 1
2020 2938 1
2020 3688 1
2020 1131 1
2020 3172 1
2020 4771 1
5087 4963 1
2602 1257 1
3206 3543 1
1478 2120 1
3985 3011 1
3985 1107 1
1548 766 1
3626 3183 1
3626 142 1
3626 4742 1
1088 1937 1
1088 3345 1
1088 4219 1
1088 852 1
1088 1170 1
1088 1764 1
1596 4541 1
2621 2721 1
2621 681 1
2621 692 1
2621 4467 1
2621 549 1
2621 3112 1
2621 4876 1
4440 3973 1
4440 4520 1
4440 4139 1
4440 1138 1
4440 103 1
4440 2980 1
4440 1518 1
3026 4395 1
2609 376 1
2609 2295 1
5423 2508 1
5423 3012 1
965 1373 1
965 3219 1
965 1087 1
4841 939 1
2344 5247 1
90 4640 1
90 1922 1
90 4036 1
90 1644 1
90 3635 1
90 402 1
90 2448 1
90 4681 1
5316 2114 1
5316 411 1
5316 1175 1
3076 1537 1
2531 1907 1
2531 544 1
2531 2544 1
5352 2259 1
5352 3505 1
5352 323 1
5352 5174 1
2966 2121 1
2023 4516 1
1280 879 1
2537 4824 1
2537 4729 1
3629 4353 1
661 4185 1
156 4913 1
156 3451 1
156 1060 1
1639 1292 1
1639 4112 1
4497 2643 1
4497 332 1
4497 5100 1
4497 5032 1
4497 2325 1
4396 1241 1
4396 1134 1
1483 889 1
1313 5154 1
1313 4213 1
1313 5230 1
3717 541 1
5240 2768 1
2455 2712 1
3084 3786 1
5333 4174 1
4727 4049 1
4727 1957 1
5201 5315 1
5201 3638 1
5201 1191 1
164 1126 1
164 3269 1
164 916 1
164 1272 1
2365 117 1
2365 5417 1
2365 2925 1
2365 2558 1
2365 3192 1
2365 2244 1
2365 4530 1
2365 1450 1
2365 3947 1
2365 3891 1
2365 4485 1
2365 2185 1
1790 135 1
1790 210 1
1790 2109 1
3466 3915 1
3466 1114 1
3466 5353 1
3466 2493 1
3466 4177 1
4905 4554 1
3236 799 1
3236 5248 1
3236 3454 1
3236 3342 1
3236 3078 1
3236 3553 1
3236 3 1
3236 2284 1
3236 1004 1
3236 1274 1
3236 772 1
3236 4498 1
3236 750 1
2827 1636 1
2827 1551 1
3378 3443 1
3378 4492 1
2111 4381 1
2941 3133 1
2941 5338 1
2941 5086 1
2941 2965 1
2941 4505 1
2941 2942 1
2941 4719 1
2941 5496 1
2941 791 1
2941 2695 1
2941 594 1
2941 1784 1
2941 4098 1
2941 5091 1
2941 5317 1
2941 3206 1
2941 2750 1
2941 2445 1
2941 3307 1
2941 2887 1
2941 308 1
5242 2393 1
3809 3472 1
377 4623 1
377 810 1
377 4948 1
377 2048 1
377 4127 1
377 342 1
377 183 1
377 4188 1
377 4534 1
377 2298 1
377 630 1
4142 2047 1
1062 5343 1
1062 2634 1
1062 3621 1
1062 2813 1
4398 3006 1
2511 1273 1
1729 5224 1
1729 893 1
1729 2057 1
3377 1867 1
3377 1054 1
3377 1171 1
3377 2796 1
3377 3312 1
3377 4019 1
3377 918 1
4645 3323 1
134 2636 1
4489 2868 1
785 589 1
785 2814 1
785 3740 1
785 3298 1
785 4811 1
785 958 1
785 3514 1
785 2349 1
785 3925 1
785 5295 1
785 1782 1
785 2713 1
4561 4377 1
4561 927 1
2452 1975 1
2452 3503 1
2452 57 1
2452 1005 1
667 1144 1
4772 2183 1
3804 1510 1
3804 4221 1
3804 5077 1
3804 4944 1
3804 4099 1
3804 4387 1
3804 1645 1
5074 1490 1
4434 1581 1
4434 3300 1
4434 1376 1
4434 585 1
4434 4333 1
4434 4539 1
4434 1953 1
4434 2644 1
4434 5168 1
4434 5485 1
4434 2559 1
4434 1793 1
4434 3455 1
4434 5465 1
4434 2131 1
4434 3368 1
3131 120 1
3131 126 1
3131 4367 1
3131 1866 1
1051 1789 1
1757 3167 1
3929 4414 1
4553 143 1
2056 5258 1
372 2482 1
372 1640 1
1719 305 1
3268 2338 1
3446 148 1
3969 2129 1
3969 4763 1
3969 3077 1
3969 1443 1
3969 5200 1
3095 779 1
3673 728 1
3673 1585 1
1973 1074 1
4272 4788 1
1747 4714 1
1747 3939 1
1747 2341 1
1747 4964 1
1747 4613 1
3667 5435 1
1259 2081 1
1259 42 1
1259 1691 1
5135 3976 1
1258 1941 1
2680 4246 1
2680 5009 1
2680 2479 1
2680 1263 1
2680 1727 1
5382 3945 1
5382 3639 1
5382 4529 1
5382 1432 1
5382 5476 1
5382 3908 1
5382 3919 1
5382 818 1
5382 715 1
5382 1256 1
5382 1843 1
5382 3619 1
5382 1584 1
5382 1524 1
5382 1400 1
5382 3352 1
5382 4158 1
5382 2334 1
5382 186 1
5382 3855 1
5382 4369 1
5382 2229 1
2760 4064 1
2760 1982 1
2760 1294 1
2760 369 1
2760 2145 1
1263 5055 1
1263 4085 1
1263 2168 1
4702 2560 1
4702 2319 1
4702 1318 1
4702 633 1
4702 3114 1
4702 3664 1
4702 4130 1
1167 520 1
1167 3516 1
1167 2539 1
1439 926 1
3603 1575 1
3610 5101 1
597 4736 1
5453 2817 1
5453 3753 1
5165 4343 1
3021 2579 1
472 1969 1
4969 886 1
4969 3423 1
4969 973 1
4969 2571 1
4969 1833 1
4969 856 1
4969 2847 1
4969 150 1
4969 4107 1
4969 2247 1
4969 3242 1
4969 1535 1
4969 3462 1
430 2774 1
430 459 1
430 2465 1
430 4608 1
4161 4568 1
4387 5448 1
4387 2351 1
105 567 1
105 2283 1
1492 147 1
1492 2490 1
1421 3142 1
1421 4717 1
1421 5355 1
1421 3370 1
1421 3812 1
1421 563 1
1421 3803 1
213 587 1
5011 4602 1
4909 2196 1
4909 1186 1
2667 2267 1
4746 4261 1
4746 2310 1
1699 5469 1
1301 1929 1
476 4865 1
476 4329 1
476 4179 1
476 3276 1
476 3245 1
476 4017 1
476 2537 1
476 188 1
476 265 1
476 1901 1
2373 4667 1
14 410 1
2222 4656 1
161 5122 1
161 2331 1
4278 1859 1
4278 5287 1
4278 5021 1
580 4103 1
1150 763 1
1150 1927 1
1150 943 1
1150 2002 1
2032 366 1
2032 5322 1
2032 249 1
2032 3846 1
1993 5270 1
1192 3816 1
1192 67 1
1192 482 1
1365 2372 1
1365 2488 1
1365 2765 1
67 3761 1
67 4578 1
67 4802 1
67 2687 1
67 3866 1
67 2457 1
67 2133 1
67 2119 1
1946 4797 1
1946 2255 1
1946 3339 1
3049 4883 1
1818 10 1
1818 2781 1
1818 2547 1
1818 3254 1
1818 1664 1
1818 4054 1
1818 111 1
1818 1528 1
1818 106 1
1818 3466 1
1818 3154 1
1818 4490 1
1818 298 1
1818 4818 1
1818 4198 1
5181 4192 1
68 1312 1
68 4332 1
68 2520 1
301 2137 1
301 4466 1
4160 664 1
3557 2884 1
716 5489 1
716 3898 1
716 4610 1
3527 5161 1
1101 2509 1
5328 613 1
3944 4340 1
3944 2175 1
3944 1563 1
3944 4394 1
3944 1635 1
344 2279 1
3054 84 1
600 3531 1
5274 2870 1
5274 4748 1
5274 239 1
5274 1319 1
5274 2685 1
2360 4073 1
1404 2670 1
2604 3319 1
5048 3721 1
5048 4443 1
5048 569 1
5150 4354 1
2107 2802 1
908 2836 1
908 1499 1
908 2266 1
908 2856 1
908 144 1
3835 5454 1
3835 3991 1
3835 2495 1
4293 2852 1
4293 2786 1
4293 532 1
4293 5457 1
4293 3257 1
4293 3864 1
4293 3324 1
4293 4287 1
2253 2979 1
2253 3907 1
2253 27 1
2253 2916 1
857 1489 1
857 3123 1
4311 434 1
1458 2996 1
2807 1215 1
2807 5298 1
2807 4622 1
2807 3088 1
2807 662 1
3135 2001 1
3135 2692 1
3135 4361 1
3135 4780 1
3135 1547 1
3135 4172 1
3135 1295 1
3135 4304 1
3135 1965 1
3135 914 1
3135 5149 1
3135 2769 1
3135 3395 1
3135 2934 1
3135 2373 1
3135 1618 1
3135 441 1
3135 4663 1
3135 564 1
3135 5163 1
3135 4195 1
3225 4244 1
3225 4092 1
3225 1424 1
3225 1803 1
4490 3265 1
4490 2705 1
4490 640 1
4490 2386 1
1618 2162 1
1618 4173 1
4825 2989 1
4825 1412 1
4825 4067 1
4825 2762 1
4825 4342 1
2773 1228 1
1995 5255 1
2523 1015 1
2523 1787 1
2523 4012 1
2523 4053 1
2523 1794 1
2523 2981 1
2523 987 1
2523 3835 1
2523 4093 1
2523 129 1
3144 689 1
3144 5505 1
3144 4772 1
3144 1244 1
3144 3396 1
4437 5006 1
4437 1608 1
2988 3852 1
2988 1069 1
2988 1141 1
1562 3732 1
1562 1152 1
2198 573 1
2478 5000 1
2478 1575 1
5425 171 1
5425 4313 1
5425 724 1
5425 1851 1
5425 5227 1
5425 5385 1
5425 1869 1
5425 3885 1
5425 1948 1
5425 1367 1
2640 4573 1
2620 2376 1
2620 2910 1
2620 961 1
2620 1418 1
2620 2475 1
3223 4257 1
2350 1391 1
240 5152 1
2733 2776 1
2733 944 1
2733 352 1
2733 3587 1
2733 1663 1
753 3823 1
2453 1709 1
2453 2200 1
2453 3709 1
2453 3138 1
2453 3184 1
2453 3741 1
2581 4671 1
5495 3807 1
3601 2008 1
3285 1078 1
1778 3838 1
4828 3631 1
4828 3494 1
4828 4782 1
4828 4027 1
2599 5412 1
1173 324 1
531 536 1
5137 1195 1
5137 3545 1
4289 354 1
1553 894 1
3359 2136 1
3359 3989 1
3359 1155 1
4750 1050 1
2394 1933 1
2394 3549 1
2394 1733 1
2394 454 1
2394 4761 1
2394 3986 1
2394 5347 1
2394 2067 1
2394 519 1
2394 558 1
3716 1419 1
3716 3305 1
3716 477 1
307 4441 1
307 3921 1
307 4310 1
307 786 1
307 3497 1
307 2459 1
307 451 1
307 4630 1
307 849 1
307 1034 1
307 1255 1
307 1712 1
4949 2815 1
3383 259 1
3383 3333 1
5186 4291 1
1731 1253 1
1731 4393 1
1374 1027 1
1374 4712 1
506 1237 1
506 4682 1
506 4459 1
506 2340 1
506 2201 1
506 1377 1
1992 5410 1
1992 1612 1
2220 4379 1
2220 122 1
4609 683 1
2505 3762 1
2123 1500 1
2123 493 1
2123 3020 1
2123 2766 1
2123 639 1
2123 4210 1
2123 3335 1
2123 4561 1
2123 3972 1
2123 80 1
4519 2354 1
4519 2286 1
4519 1434 1
1005 1011 1
1005 4122 1
1005 3649 1
1005 1665 1
3519 2753 1
1930 4706 1
5334 2603 1
5334 4203 1
5334 1062 1
1516 784 1
298 3050 1
298 3210 1
298 2885 1
298 2871 1
298 4519 1
86 5299 1
86 1399 1
86 2108 1
86 4881 1
86 1422 1
86 2896 1
86 3079 1
86 100 1
4621 2245 1
4621 1509 1
2174 1426 1
3382 4231 1
4165 3476 1
4165 3608 1
3216 3996 1
3216 5429 1
3216 1855 1
4663 3357 1
4663 568 1
2010 4775 1
2010 2144 1
4094 1966 1
5491 708 1
5491 2219 1
5491 3238 1
5491 2590 1
5491 1041 1
5491 196 1
5491 5241 1
5491 1071 1
5491 2197 1
5187 2261 1
5187 5237 1
2976 4187 1
2976 4691 1
2 4576 1
702 2568 1
702 1849 1
2325 1464 1
4643 1779 1
3010 738 1
5479 4355 1
3573 1230 1
3573 2623 1
5046 1294 1
3647 3992 1
1943 681 1
3248 2565 1
3248 21 1
2192 1323 1
2192 4815 1
2192 2206 1
2192 2967 1
2192 3586 1
2192 3681 1
2192 4052 1
2192 1978 1
4463 844 1
822 3025 1
822 5286 1
822 4106 1
822 4438 1
822 3340 1
822 4042 1
822 1286 1
822 113 1
822 1543 1
149 4476 1
4038 4144 1
1679 1847 1
1679 4774 1
2152 2981 1
4336 2824 1
4336 2932 1
4336 1475 1
4336 3465 1
4336 4242 1
4336 1722 1
4336 5105 1
4336 3756 1
3110 3960 1
1512 1777 1
1512 4912 1
3870 5023 1
3891 4298 1
3891 4703 1
3891 2293 1
3891 427 1
3891 4389 1
3891 1463 1
3891 4255 1
3891 4189 1
3891 3895 1
3891 2217 1
3891 3198 1
1382 5213 1
217 3086 1
217 2893 1
2085 4080 1
343 1198 1
2937 207 1
1002 4648 1
1002 2390 1
1002 1850 1
1002 4836 1
1002 5085 1
1002 4996 1
1002 2146 1
1002 4928 1
1002 1881 1
1002 4731 1
1002 1561 1
4927 3435 1
1233 843 1
1233 3353 1
1233 4251 1
1233 2201 1
1233 4617 1
1233 1284 1
1233 1378 1
1233 733 1
1233 2214 1
1233 2074 1
3162 238 1
3162 4965 1
3162 4579 1
823 4481 1
823 5095 1
2787 3322 1
2787 2378 1
2787 5292 1
3815 1554 1
4473 2972 1
4620 2474 1
4620 2237 1
1536 1977 1
4300 1487 1
4300 1491 1
4300 5117 1
4300 4744 1
4300 2159 1
4300 988 1
3148 3036 1
3148 1250 1
3148 3498 1
3612 110 1
3612 1970 1
5335 276 1
3858 1208 1
4227 4228 1
5466 2169 1
5466 1267 1
5466 723 1
5466 4434 1
5466 4984 1
637 1506 1
637 1154 1
637 4245 1
637 3304 1
590 4323 1
2848 5207 1
2848 1923 1
5142 2699 1
5359 202 1
5441 2754 1
1802 45 1
2090 2761 1
2090 3400 1
2090 605 1
2090 2501 1
2090 5419 1
2090 2878 1
2090 2638 1
2090 4847 1
2090 3508 1
2090 2441 1
2090 2147 1
2090 3404 1
2090 4033 1
2090 1029 1
2090 3651 1
2090 1785 1
2090 5034 1
2090 1950 1
2090 2826 1
2090 1829 1
2090 1706 1
5244 1801 1
5218 4598 1
2045 4120 1
3677 423 1
3246 3225 1
2072 4697 1
2072 1961 1
2072 4812 1
2072 3168 1
2072 4550 1
2072 507 1
2072 905 1
2072 3045 1
2072 858 1
2072 3195 1
2072 2170 1
2072 845 1
2072 469 1
2072 3892 1
2072 5500 1
2072 1334 1
2072 3200 1
3623 2413 1
3623 4757 1
3623 970 1
4791 700 1
5325 2854 1
5325 4180 1
5325 1734 1
1865 837 1
4431 2471 1
4431 256 1
4431 1352 1
4435 131 1
4435 1689 1
4485 1031 1
4485 317 1
4485 2962 1
4485 4069 1
2736 4787 1
2930 232 1
5127 1606 1
73 5054 1
1416 4619 1
1416 1884 1
141 3889 1
141 3751 1
141 3822 1
141 4204 1
141 1870 1
141 1989 1
141 3146 1
141 2122 1
141 3689 1
141 1167 1
141 924 1
141 2018 1
141 262 1
141 5288 1
141 2737 1
141 2385 1
141 73 1
141 88 1
141 1161 1
926 4725 1
926 5402 1
926 4109 1
926 5427 1
926 1742 1
926 1398 1
926 3883 1
4818 3403 1
4818 4274 1
4818 339 1
4818 1056 1
1311 2775 1
1311 3163 1
1311 2524 1
1311 5329 1
1311 3283 1
1311 3856 1
4166 1809 1
1433 4910 1
1433 3411 1
1433 1498 1
978 3704 1
978 5051 1
978 713 1
978 3229 1
978 1 1
978 2414 1
978 2621 1
978 551 1
978 1527 1
5261 3796 1
5261 3136 1
5261 3066 1
5261 3616 1
4538 2740 1
4958 2079 1
4958 216 1
5506 2480 1
4184 4999 1
46 4769 1
46 5264 1
2130 4315 1
2130 4495 1
202 1070 1
202 3935 1
202 5002 1
202 2720 1
202 2794 1
202 3940 1
4906 4819 1
4352 2968 1
4352 4510 1
4352 5443 1
757 65 1
59 2127 1
59 241 1
1454 2381 1
1454 3208 1
2148 3180 1
3788 4350 1
3788 1446 1
1803 5103 1
870 2287 1
7 4552 1
2951 3054 1
3337 862 1
2982 4070 1
2592 115 1
966 3810 1
966 3703 1
966 4798 1
966 5314 1
4642 4567 1
3502 2118 1
5481 5212 1
5481 2200 1
5481 3792 1
5481 3439 1
5481 2996 1
5481 4705 1
5481 546 1
5481 5177 1
5481 81 1
494 638 1
494 1680 1
2684 1248 1
602 4627 1
2217 2569 1
2217 4215 1
2217 710 1
2217 1958 1
2217 1468 1
2217 1007 1
4456 4767 1
4456 922 1
4456 303 1
4456 4873 1
4456 5202 1
4456 4321 1
1901 5376 1
2185 2718 1
2185 2358 1
2185 3189 1
2185 949 1
2185 3273 1
2185 4536 1
2185 2741 1
2185 252 1
2185 1235 1
2185 1238 1
2185 5394 1
819 4455 1
504 770 1
3070 2368 1
28 3515 1
3123 4422 1
5069 4457 1
5069 2099 1
5069 527 1
5069 440 1
5069 1393 1
5069 41 1
5069 4148 1
5069 2053 1
4610 3117 1
4610 2389 1
4610 3226 1
4610 2263 1
4610 2557 1
4610 3143 1
4427 571 1
2304 745 1
3193 2915 1
3193 3174 1
3193 5075 1
3193 1759 1
3193 2462 1
2442 1457 1
3361 3356 1
3361 5319 1
3361 4555 1
5211 1569 1
5211 4590 1
4303 4453 1
2011 672 1
2011 4840 1
2011 5028 1
2011 5509 1
2596 2431 1
3970 1711 1
3270 1657 1
3270 1045 1
3270 5261 1
3270 3588 1
1765 2546 1
2110 2421 1
2110 319 1
2632 4614 1
2632 4711 1
2632 4575 1
2632 3017 1
4082 1857 1
4082 3580 1
1225 4853 1
2533 2767 1
2533 5279 1
2533 3798 1
2903 3729 1
2903 3028 1
2903 1583 1
3753 3362 1
3753 428 1
3753 2624 1
3753 4267 1
3753 4784 1
3753 1761 1
4452 735 1
4452 4252 1
3133 4405 1
3133 875 1
992 1009 1
992 3611 1
992 4191 1
1314 3746 1
2169 3129 1
2169 5416 1
1579 3074 1
203 1619 1
466 4605 1
466 1368 1
5123 2518 1
5123 192 1
5123 4612 1
5123 4981 1
5123 1423 1
2862 2726 1
2862 1964 1
4586 1513 1
4586 4023 1
4586 863 1
2718 1945 1
2718 4778 1
3648 4450 1
3648 3181 1
3648 2797 1
3176 606 1
3176 1484 1
3176 3316 1
3176 4407 1
3176 3406 1
3176 209 1
3176 1212 1
3176 178 1
3176 5452 1
3176 2406 1
3176 2849 1
3176 910 1
3176 2747 1
3176 3636 1
3176 4011 1
2576 3827 1
2576 5384 1
2576 4102 1
2576 1521 1
4868 598 1
3310 4277 1
1941 3205 1
1941 940 1
3593 1811 1
2739 114 1
4904 5280 1
2376 2357 1
2376 2584 1
39 2103 1
39 3459 1
1312 3367 1
2931 5503 1
2931 4768 1
4201 4493 1
4201 475 1
5273 3697 1
5273 289 1
3628 94 1
1344 1218 1
3817 4794 1
3817 89 1
5035 1448 1
3669 4979 1
3669 4057 1
3669 5071 1
5426 888 1
3085 3444 1
3085 4145 1
3085 288 1
3141 5225 1
3141 4692 1
1165 5390 1
1165 3554 1
4021 5172 1
4021 201 1
4021 2947 1
4021 4786 1
4021 4108 1
931 2371 1
5 4280 1
5 4522 1
158 676 1
4678 4040 1
2999 4316 1
836 2516 1
836 5383 1
836 4907 1
117 3748 1
4780 206 1
4283 5330 1
4283 3562 1
4221 1913 1
4221 433 1
4221 159 1
3327 5204 1
3481 5364 1
3334 104 1
789 5245 1
312 4783 1
312 1769 1
4887 1817 1
1587 1140 1
3813 5111 1
1623 5082 1
3575 5144 1
3575 5027 1
1410 4347 1
4438 4721 1
5196 2322 1
2292 3526 1
2292 1872 1
2935 2681 1
1752 3793 1
1752 3997 1
948 1024 1
948 1403 1
2924 175 1
2924 3650 1
2924 2816 1
2924 5303 1
2924 1106 1
2924 2874 1
893 3384 1
373 1898 1
373 5017 1
373 4376 1
373 218 1
2997 1976 1
553 4934 1
553 2688 1
3416 221 1
275 1816 1
3701 1827 1
3701 4628 1
3340 5131 1
2803 501 1
2803 5390 1
2803 3836 1
1609 5097 1
1609 1353 1
1609 3661 1
1609 48 1
1609 3975 1
1267 3776 1
1267 4696 1
1267 5400 1
1267 2656 1
1267 177 1
1267 3286 1
1267 2631 1
1267 4296 1
2838 2003 1
2838 1217 1
2838 461 1
2838 31 1
2838 647 1
2838 1938 1
2838 2894 1
2921 4374 1
644 4901 1
4944 4464 1
4944 431 1
4944 5407 1
4596 2447 1
4012 4220 1
248 3164 1
248 2608 1
248 64 1
4322 1533 1
4322 322 1
4322 5155 1
1940 2417 1
5271 5019 1
5271 610 1
234 1730 1
234 310 1
3174 1844 1
1389 2647 1
2260 1414 1
3202 37 1
4467 3881 1
4119 687 1
4257 4646 1
4257 1000 1
4257 3829 1
1241 3574 1
1241 2722 1
1201 1577 1
4471 1781 1
2678 1196 1
5450 1994 1
2925 4155 1
2925 2969 1
2925 3299 1
2256 460 1
4518 1406 1
4518 4050 1
4518 3678 1
4518 4956 1
4518 3768 1
4518 5167 1
4518 254 1
4518 4688 1
4518 5197 1
4518 2541 1
4518 396 1
3228 18 1
898 3379 1
2308 5415 1
2308 1896 1
1586 4799 1
1586 365 1
1586 3482 1
3857 4508 1
3857 3438 1
3857 1944 1
3857 586 1
723 285 1
4560 4382 1
4560 3185 1
2905 1926 1
2905 4707 1
33 2446 1
33 3624 1
187 3099 1
187 4065 1
1520 1329 1
3521 2046 1
3521 2882 1
3521 712 1
3521 1099 1
3873 840 1
157 4562 1
342 971 1
5059 4366 1
1614 2277 1
1614 2902 1
1614 2956 1
1614 2551 1
1614 588 1
800 3643 1
3853 1298 1
3670 540 1
3405 3764 1
3405 3930 1
5246 1725 1
5246 1342 1
3145 4292 1
3596 4654 1
3596 4480 1
2167 5022 1
1249 5170 1
1249 4512 1
1249 5088 1
1249 3957 1
4982 1427 1
3770 5182 1
3770 2664 1
3770 420 1
1821 2128 1
1290 429 1
1977 9 1
1977 1780 1
1977 2755 1
2147 313 1
5013 4985 1
3861 2060 1
3079 3959 1
3079 5445 1
729 1136 1
5414 5411 1
961 4018 1
961 3802 1
961 4713 1
961 595 1
961 4792 1
1568 246 1
1568 1572 1
1568 3156 1
3417 4875 1
3417 5250 1
3417 1840 1
3417 2770 1
3417 4149 1
3417 1371 1
1902 3196 1
1902 97 1
3572 77 1
3572 4477 1
3322 3474 1
2904 3758 1
5101 1408 1
1418 1447 1
4033 1143 1
4033 2833 1
5424 3791 1
876 2254 1
876 4776 1
876 4268 1
876 3532 1
876 4318 1
876 608 1
876 3506 1
876 3130 1
4821 1830 1
4821 3913 1
4821 4444 1
4821 1991 1
4821 912 1
2421 530 1
2693 721 1
1023 132 1
306 2088 1
306 3909 1
4346 951 1
1855 3871 1
2850 820 1
2850 2598 1
3880 812 1
4416 2993 1
4416 4749 1
4308 383 1
4308 4890 1
651 1321 1
651 4822 1
1916 1558 1
3325 2779 1
1115 2540 1
1115 4923 1
195 897 1
195 2473 1
4995 2447 1
4995 2100 1
4995 4683 1
4995 1615 1
4995 754 1
4995 760 1
4995 2439 1
4995 1766 1
4995 5444 1
4995 521 1
4995 1732 1
4530 1025 1
3104 4032 1
3104 5234 1
3104 4745 1
4943 3911 1
4943 2873 1
1590 5058 1
4808 3666 1
4808 3764 1
4808 2652 1
4808 5323 1
4808 1920 1
4808 4655 1
1394 4380 1
1 4804 1
2724 3558 1
2112 4196 1
2112 1202 1
2112 3344 1
5398 2619 1
3747 669 1
3747 4564 1
3747 5107 1
3747 1573 1
3747 2086 1
3747 206 1
3137 4987 1
3137 189 1
3137 400 1
4795 361 1
2621 4025 1
2621 2404 1
4440 624 1
4440 2522 1
4440 555 1
4440 2423 1
2609 2216 1
2609 2303 1
5423 4275 1
5423 4209 1
5423 3166 1
5423 5136 1
5423 1016 1
965 4978 1
4497 96 1
5201 5141 1
1790 748 1
1790 1471 1
1790 5057 1
3466 3675 1
3236 4299 1
2941 3918 1
2941 173 1
2941 5176 1
2941 478 1
2941 5455 1
2941 2332 1
2941 3763 1
2941 1453 1
2941 4328 1
2941 2616 1
2941 2538 1
2941 4408 1
2941 1687 1
2941 328 1
377 3267 1
377 952 1
377 5276 1
377 2973 1
377 1647 1
1062 5396 1
1062 3845 1
1062 1755 1
5119 1176 1
3377 397 1
3377 53 1
3377 3284 1
785 727 1
785 1496 1
785 40 1
785 1925 1
4434 1762 1
4434 1771 1
3131 204 1
3929 2945 1
4916 3934 1
3095 3994 1
1747 523 1
5382 4556 1
5382 3453 1
3028 1038 1
3610 350 1
3610 1438 1
3610 1442 1
3610 3366 1
3610 5159 1
880 2160 1
880 375 1
4969 643 1
4969 4048 1
4969 1674 1
4969 2990 1
4969 54 1
4387 904 1
476 1130 1
1150 3680 1
1192 2514 1
1946 4359 1
1946 283 1
1946 3734 1
1818 3399 1
1818 1474 1
4618 3080 1
1101 3887 1
1101 1470 1
5048 1207 1
908 5164 1
4293 2663 1
4293 556 1
4293 3598 1
4293 4370 1
4293 170 1
4293 547 1
4293 3479 1
5014 5278 1
5014 481 1
5014 4940 1
5014 1217 1
3135 2104 1
3135 4413 1
3135 2396 1
4490 1891 1
4490 3625 1
4490 3419 1
498 1219 1
498 709 1
498 4193 1
4825 706 1
4825 3424 1
3144 2908 1
3144 1072 1
3144 1715 1
4437 4855 1
49 1744 1
49 4338 1
49 4584 1
49 2701 1
4828 3828 1
4828 4951 1
4828 2461 1
2394 56 1
307 1952 1
307 4005 1
307 198 1
1090 5510 1
1731 768 1
1053 1783 1
577 3937 1
2123 4588 1
2123 1559 1
2123 280 1
1005 4935 1
3495 3833 1
3495 2543 1
5491 20 1
5491 2178 1
5491 2588 1
5491 868 1
5491 4879 1
1943 2104 1
1387 3731 1
822 5131 1
822 2977 1
822 517 1
822 1745 1
1679 5358 1
1679 3134 1
4336 3886 1
4336 2092 1
4336 755 1
4336 3338 1
4336 4528 1
4336 4290 1
1512 4140 1
217 2840 1
2937 1852 1
1002 3428 1
1002 3548 1
1002 4599 1
4300 936 1
4300 5370 1
3148 4154 1
1443 2073 1
5466 362 1
2090 1555 1
2090 1474 1
2090 3779 1
2090 869 1
2090 4506 1
2090 1306 1
2090 5401 1
2090 5072 1
2090 1495 1
2090 2369 1
2090 412 1
2090 626 1
2090 3805 1
2045 5066 1
2045 4403 1
2072 2486 1
2072 3433 1
2072 5185 1
2072 1810 1
3623 4004 1
3623 4316 1
4485 2628 1
4485 3444 1
2930 38 1
73 4460 1
73 846 1
73 394 1
73 3910 1
73 101 1
141 2751 1
141 582 1
141 281 1
141 3450 1
141 32 1
926 4563 1
926 3556 1
202 4820 1
202 1063 1
202 765 1
59 2071 1
2217 2818 1
2217 2364 1
4456 4871 1
4456 1083 1
4456 1019 1
4456 1588 1
3659 4880 1
3659 71 1
3659 2153 1
2185 294 1
2185 3213 1
701 3830 1
2110 2004 1
2533 437 1
2093 1035 1
4076 151 1
2106 1158 1
2106 485 1
2106 5 1
2106 789 1
2106 248 1
2106 1614 1
2106 2309 1
2106 3990 1
2106 3137 1
2106 5466 1
2106 235 1
2106 141 1
1347 3374 1
4397 3123 1
473 4461 1
3445 421 1
492 291 1
1804 2777 1
4936 5480 1
2723 807 1
2410 4825 1
2412 3555 1
3158 5266 1
1750 1940 1
331 377 1
44 2505 1
1333 1059 1
1234 3928 1
219 2450 1
3537 3440 1
3034 449 1
3982 3392 1
685 1622 1
685 5398 1
685 5048 1
685 1602 1
1112 3282 1
325 5499 1
5099 1242 1
3706 2182 1
1082 4998 1
3008 2211 1
3008 4419 1
3841 693 1
1358 5123 1
1358 4518 1
3437 3305 1
3075 2641 1
533 707 1
1174 4384 1
1174 489 1
1174 1023 1
1174 2621 1
1174 978 1
4856 450 1
2420 3576 1
1449 2733 1
3128 3916 1
5052 293 1
102 3175 1
3757 4766 1
3091 2890 1
4051 3042 1
3249 5050 1
3249 5491 1
526 649 1
417 4263 1
2492 2199 1
2492 1595 1
2492 320 1
2352 3035 1
2352 373 1
2352 909 1
4337 919 1
2143 2580 1
2518 3749 1
128 4899 1
726 1245 1
268 2697 1
3092 4980 1
2668 701 1
4644 1100 1
2343 2134 1
1831 729 1
1797 5199 1
1540 430 1
2324 785 1
95 992 1
1960 3720 1
3471 2698 1
5053 5205 1
731 4615 1
752 2931 1
752 3334 1
752 1389 1
3485 3894 1
3924 3602 1
4047 3204 1
2193 3648 1
4672 4645 1
3899 4422 1
4931 72 1
3470 1815 1
5418 5339 1
3766 2089 1
5268 3402 1
4968 4525 1
4022 4114 1
3777 3900 1
3358 3390 1
1026 1752 1
3215 1763 1
1269 859 1
3048 5151 1
3294 2308 1
3294 1931 1
5140 1157 1
274 4864 1
3460 3141 1
1864 3967 1
4206 1702 1
4116 3713 1
169 2024 1
5158 3009 1
5158 1522 1
4669 446 1
1720 1688 1
3501 5025 1
1407 3770 1
2812 999 1
3111 2860 1
2757 1643 1
2660 2788 1
3044 2730 1
3044 483 1
70 3540 1
4937 882 1
4326 1068 1
4326 577 1
2889 1351 1
2704 4747 1
764 5498 1
881 2672 1
4436 2782 1
5183 4293 1
3637 2828 1
1064 2316 1
2264 5494 1
777 51 1
3212 800 1
3255 2497 1
2939 2196 1
976 3742 1
4699 2227 1
4417 1560 1
3475 2572 1
3597 3375 1
5189 2367 1
3399 2090 1
23 4356 1
4247 312 1
4247 3499 1
4247 5003 1
4893 1369 1
5386 4507 1
4844 1010 1
742 2957 1
2710 5014 1
5277 5378 1
2163 5206 1
2163 49 1
865 3150 1
3277 3630 1
4728 4873 1
2984 4414 1
4059 962 1
4718 3539 1
5252 1062 1
66 182 1
968 3043 1
968 1538 1
968 3607 1
4351 1459 1
5342 2988 1
3093 2759 1
3093 2105 1
165 2205 1
1875 5488 1
635 5109 1
3999 2535 1
629 5249 1
1117 3103 1
1117 4423 1
4150 542 1
4288 307 1
3408 5375 1
4523 972 1
1629 1090 1
2038 30 1
1514 3684 1
1172 4086 1
4238 4217 1
4238 4760 1
3700 5301 1
4997 498 1
380 2787 1
4649 2161 1
3295 2655 1
1124 3072 1
1124 4286 1
2491 4634 1
3413 4322 1
4762 2739 1
4762 5012 1
4900 3789 1
1128 1638 1
5026 3481 1
4013 3145 1
758 146 1
1909 913 1
4090 2091 1
4271 2271 1
1939 2246 1
5357 2778 1
4814 4153 1
4886 5233 1
3431 2359 1
1200 2383 1
4572 3144 1
4164 2801 1
4105 11 1
4895 931 1
3013 1146 1
1738 5272 1
1676 3228 1
660 5405 1
230 3995 1
407 3157 1
2881 359 1
4344 3024 1
4344 3686 1
1428 2065 1
257 803 1
304 5104 1
1914 5354 1
2409 336 1
338 3644 1
4334 2609 1
578 4085 1
3958 4680 1
439 5467 1
1252 1696 1
4183 5175 1
5134 78 1
1650 1916 1
3067 3500 1
2061 2517 1
686 4595 1
3124 4440 1
1774 1387 1
1841 3971 1
4789 3436 1
2430 155 1
3456 1819 1
3905 767 1
4849 5192 1
4478 4887 1
2714 3712 1
4260 1586 1
3434 3288 1
3094 4346 1
2251 3416 1
2210 696 1
1928 3005 1
3321 1290 1
1800 217 1
1954 3794 1
4636 4483 1
2017 1135 1
119 4702 1
119 4324 1
1335 1671 1
2974 5399 1
797 1550 1
1425 4449 1
3719 854 1
5138 4226 1
4632 4471 1
991 576 1
297 2926 1
85 4869 1
309 4314 1
2348 1344 1
2527 5132 1
1162 945 1
4545 2353 1
2126 357 1
4484 1032 1
3065 1796 1
998 4439 1
1221 690 1
3280 2784 1
3256 645 1
4269 516 1
1600 3933 1
3194 3523 1
4921 3488 1
4526 2629 1
3590 3840 1
1963 4452 1
1963 29 1
798 5484 1
5078 2921 1
3037 1109 1
3122 1949 1
3336 3239 1
2528 2327 1
2249 4854 1
5113 3521 1
5231 4500 1
2936 1921 1
1086 1679 1
900 3169 1
2566 1209 1
5064 920 1
1057 4175 1
1057 33 1
1057 3691 1
3954 1282 1
5501 3737 1
2392 5160 1
3760 1983 1
340 3231 1
3790 528 1
2203 1067 1
562 2021 1
4128 234 1
4319 1317 1
4521 2350 1
5106 3873 1
5381 2654 1
933 895 1
3369 2803 1
5348 3331 1
4364 2709 1
3302 1184 1
1160 1394 1
1684 2964 1
4673 4846 1
1854 3596 1
2790 2727 1
5016 2440 1
74 2189 1
1014 3140 1
3263 3317 1
548 1924 1
3952 4795 1
946 1772 1
237 2363 1
714 2995 1
3109 4726 1
5060 5187 1
2633 269 1
1356 4737 1
1882 5271 1
2395 4259 1
1592 438 1
3234 3087 1
5460 3775 1
3890 5382 1
1021 4499 1
3513 3660 1
3948 3452 1
5447 4969 1
393 1838 1
185 2724 1
695 4967 1
3372 2434 1
2019 4560 1
826 5080 1
4850 4829 1
4425 4214 1
1084 5059 1
4433 4724 1
5076 4045 1
3801 3832 1
1402 4734 1
1402 2432 1
4411 965 1
261 3755 1
4838 3420 1
2929 241 1
3060 4392 1
890 3813 1
4197 4256 1
4039 1823 1
1111 3435 1
1822 1821 1
1181 2288 1
5391 1017 1
4010 4808 1
2822 1279 1
5379 2980 1
4486 4988 1
4650 2772 1
1271 1323 1
453 2707 1
3578 1251 1
326 769 1
718 3457 1
2188 1848 1
3461 3377 1
4872 2632 1
4400 55 1
3974 3985 1
91 2239 1
5493 2190 1
2436 3726 1
123 1441 1
4087 1129 1
4152 445 1
4126 1546 1
3046 3127 1
581 4201 1
1667 4821 1
3301 2347 1
2998 3031 1
3820 1088 1
4809 384 1
2554 3654 1
917 822 1
3622 3057 1
2798 5373 1
1310 3701 1
861 194 1
774 2154 1
780 1275 1
5133 1436 1
511 4924 1
3563 1364 1
4546 614 1
1552 4222 1
2610 2573 1
1028 5013 1
2809 2691 1
1746 2402 1
930 2015 1
2177 1420 1
3896 5324 1
1693 4371 1
4055 5196 1
612 3568 1
3458 3659 1
5326 1980 1
4513 2875 1
4513 838 1
5094 3733 1
2379 995 1
2876 3593 1
3293 3863 1
3371 3610 1
5472 2476 1
4531 497 1
3040 836 1
5345 278 1
3160 2314 1
2064 1624 1
3850 3069 1
878 688 1
4947 3559 1
4947 5311 1
3808 2433 1
5349 25 1
1655 4237 1
370 4386 1
2658 1110 1
674 3685 1
1236 3310 1
1178 4995 1
388 4806 1
2587 2360 1
4388 4732 1
5178 5420 1
1460 4212 1
2752 1201 1
4870 4014 1
4635 3207 1
3627 3176 1
1232 2235 1
616 4626 1
559 5145 1
2276 3571 1
133 2167 1
3496 1662 1
4657 1630 1
3289 2150 1
5327 1549 1
3767 3385 1
463 296 1
1526 671 1
4273 2862 1
5304 3567 1
2553 5397 1
367 1988 1
2278 1150 1
1383 3929 1
1214 69 1
2700 1260 1
4501 5360 1
1288 3243 1
4349 3857 1
4123 4686 1
3912 512 1
4754 3104 1
1681 1302 1
208 1113 1
490 538 1
1862 4868 1
2735 1360 1
2529 4246 1
4442 5008 1
3962 3645 1
4511 215 1
1077 1340 1
12 1481 1
1168 4232 1
4208 1363 1
3594 1452 1
244 5065 1
1710 3510 1
2716 1641 1
4305 4569 1
4794 3831 1
3723 1151 1
5368 3430 1
4225 2570 1
