3928 1888 1
3928 3910 1
4415 1757 1
635 1404 1
635 5742 1
635 1883 1
635 5201 1
635 2481 1
635 3007 1
635 1411 1
635 4492 1
635 562 1
635 1078 1
5374 3649 1
2426 624 1
2426 4333 1
1448 3984 1
1448 3925 1
5816 3513 1
5816 5638 1
5816 5049 1
5816 5611 1
5816 3189 1
5816 1280 1
3293 4035 1
3030 5719 1
1471 1162 1
1471 90 1
1471 3220 1
1471 3093 1
1471 5283 1
1471 5880 1
1471 3110 1
1471 3627 1
62 6030 1
2458 2754 1
6019 701 1
6019 1912 1
6019 2950 1
6019 4336 1
3431 2979 1
3431 2189 1
3431 3761 1
3431 5711 1
3431 2160 1
3431 2483 1
3431 5412 1
3431 3089 1
3431 4728 1
3431 5951 1
3431 4930 1
3388 1533 1
3388 1016 1
3388 4072 1
3388 596 1
3388 2003 1
3388 3684 1
3388 2511 1
3388 2561 1
2405 2597 1
355 5964 1
355 4340 1
355 6018 1
355 1403 1
355 5759 1
355 1775 1
4043 1760 1
4043 5925 1
4043 2446 1
4043 5482 1
4043 5105 1
3950 2645 1
3950 3461 1
3950 4596 1
1529 2167 1
1529 964 1
1019 2028 1
1019 159 1
1019 5352 1
1019 5706 1
1019 2449 1
1019 3228 1
1019 3311 1
1019 4299 1
1019 4319 1
1019 2623 1
1019 5011 1
1019 4870 1
1019 4300 1
4213 654 1
4970 5262 1
4970 2735 1
1453 910 1
500 3401 1
500 5750 1
1610 2280 1
1610 44 1
1310 2672 1
1310 670 1
1310 3909 1
1310 3202 1
1310 306 1
1310 4789 1
1310 5210 1
1473 3437 1
4575 739 1
4690 2501 1
489 6053 1
489 3046 1
489 3976 1
489 3134 1
489 3156 1
1933 708 1
1933 1715 1
2825 4877 1
2825 2227 1
2825 5009 1
2825 18 1
2825 5826 1
2825 788 1
2825 5109 1
2825 2628 1
2825 936 1
2825 1417 1
2825 1853 1
2825 1118 1
2825 4537 1
2825 2942 1
2825 5350 1
2825 2279 1
2825 3788 1
2825 2557 1
2825 1362 1
2825 2141 1
2825 1917 1
2825 2339 1
2825 2931 1
2825 110 1
2825 2165 1
2825 637 1
2825 532 1
2825 2671 1
2825 1524 1
2825 1860 1
2825 309 1
2825 5199 1
2825 4945 1
273 2962 1
273 5033 1
273 1643 1
1837 963 1
1837 3968 1
1837 2308 1
1837 1846 1
1837 1939 1
1837 4811 1
1837 871 1
1837 4229 1
1837 1045 1
1837 1662 1
1837 876 1
1837 5386 1
1837 1923 1
1837 2555 1
1837 406 1
1837 4424 1
1837 377 1
5378 115 1
5311 3326 1
4274 699 1
4274 2733 1
986 2135 1
986 4168 1
986 3865 1
986 2814 1
3130 3652 1
3130 955 1
5862 5082 1
2702 1177 1
2702 1110 1
2702 4474 1
2702 2 1
2702 5923 1
5515 545 1
5515 3879 1
5515 2745 1
5515 2441 1
5515 644 1
5515 469 1
5672 5924 1
5672 4387 1
5672 5883 1
5672 1058 1
2645 2880 1
2645 535 1
2645 1591 1
2896 5229 1
1663 1877 1
1663 4294 1
1663 2349 1
1663 3751 1
1663 3620 1
2113 4959 1
600 1612 1
600 323 1
600 2972 1
600 370 1
600 6032 1
600 5660 1
600 3406 1
600 3342 1
600 4808 1
4052 5915 1
4052 2685 1
4052 375 1
4052 4651 1
4052 2063 1
4052 5156 1
4052 4689 1
4052 2015 1
5379 2578 1
4936 990 1
3050 290 1
2792 2098 1
2792 289 1
2792 3670 1
2792 1897 1
2792 4665 1
2792 154 1
2792 2726 1
2792 2920 1
2792 351 1
2792 1713 1
2792 5242 1
2177 629 1
210 4338 1
210 3528 1
210 5596 1
210 2948 1
210 4946 1
210 825 1
210 5723 1
210 2245 1
210 3942 1
2983 3330 1
2983 5272 1
2983 2706 1
2983 1550 1
2983 630 1
2983 338 1
2983 1384 1
2983 4295 1
2983 5863 1
2983 1584 1
2983 3252 1
2983 4952 1
5683 1575 1
5683 3590 1
5683 2548 1
5683 1830 1
5683 5135 1
5683 3901 1
5683 1753 1
5683 1703 1
5683 1798 1
5683 702 1
5683 1992 1
5683 5397 1
5436 3276 1
4393 5319 1
4098 3057 1
4098 4882 1
4098 4326 1
4098 1697 1
4098 3538 1
4098 1463 1
4098 2600 1
4098 4641 1
4098 908 1
2365 663 1
2365 266 1
2502 3354 1
2502 3341 1
2502 5584 1
1738 1033 1
1738 3471 1
1738 4528 1
1738 3884 1
1738 5600 1
359 5501 1
359 5907 1
359 5265 1
359 4878 1
359 5212 1
5510 198 1
759 5982 1
5538 800 1
5538 4629 1
5538 5702 1
5538 3048 1
5538 3586 1
5538 648 1
5538 882 1
5538 81 1
3386 5094 1
3386 593 1
3386 2335 1
3386 1246 1
5254 79 1
1575 2727 1
1575 5127 1
1575 2303 1
921 1323 1
4902 4994 1
4902 4918 1
4902 3709 1
4151 5090 1
4151 5037 1
4151 3415 1
4151 5024 1
4151 962 1
4151 933 1
3427 3687 1
3427 4052 1
3427 5414 1
3427 1694 1
3427 4290 1
3427 209 1
3427 4480 1
3427 4750 1
3427 4476 1
3427 4536 1
3427 1114 1
3427 4836 1
3427 3921 1
3427 2829 1
3427 1998 1
3427 4078 1
3427 3966 1
3427 904 1
3427 5476 1
3427 3648 1
3427 1649 1
3427 1706 1
3427 1270 1
3427 3881 1
3427 5435 1
3427 609 1
3427 4097 1
4203 1918 1
4203 2088 1
4203 3279 1
4203 6043 1
4203 1889 1
4203 2054 1
4203 1975 1
4203 711 1
4203 6024 1
4203 4917 1
4203 3815 1
4203 3006 1
4203 729 1
4203 4733 1
4203 3830 1
4203 405 1
706 1010 1
706 2398 1
4716 1051 1
142 5002 1
5478 3872 1
5478 383 1
3264 4751 1
3264 1966 1
3264 2036 1
3264 4646 1
3264 3556 1
122 5235 1
122 1530 1
122 4264 1
122 3673 1
122 3994 1
3149 1026 1
1136 5827 1
1136 2419 1
1136 5131 1
1136 3989 1
1136 5876 1
1136 3351 1
1136 4310 1
1136 4323 1
1136 5748 1
1136 3541 1
1136 2004 1
1136 4094 1
1136 1468 1
1136 4211 1
1136 4669 1
1136 5481 1
1136 2934 1
1136 1418 1
4834 1934 1
4834 3499 1
3367 284 1
3367 5331 1
3367 5747 1
3367 69 1
3367 653 1
3367 5039 1
3367 2659 1
3367 5566 1
3367 463 1
3367 923 1
3367 1284 1
5152 3982 1
5152 191 1
5152 1271 1
5152 2247 1
5152 5454 1
5152 1101 1
2775 1335 1
2775 4971 1
4984 3386 1
4984 3980 1
4984 5641 1
4984 700 1
4984 1426 1
4984 3668 1
4984 1821 1
4984 1977 1
4070 3913 1
4070 5731 1
4070 2741 1
4070 1233 1
4070 1638 1
4070 5979 1
3789 901 1
3789 837 1
2811 3101 1
1165 422 1
1514 5761 1
5474 540 1
5474 1679 1
5474 3505 1
5474 5117 1
5474 3257 1
5474 3861 1
5474 3540 1
5474 368 1
5474 1288 1
5474 5073 1
16 1343 1
3304 987 1
3304 2977 1
3304 1365 1
3304 5846 1
3304 5639 1
3304 1812 1
3304 5076 1
3304 3741 1
3304 669 1
3304 6002 1
3304 6014 1
3304 3902 1
3304 4001 1
3304 5793 1
3304 976 1
3304 1566 1
3304 4713 1
3304 2132 1
3304 2137 1
3304 2686 1
3304 1620 1
3304 3571 1
3304 2995 1
3304 1592 1
3304 2504 1
3304 2312 1
3512 1260 1
3512 2842 1
4226 930 1
2235 1930 1
2235 4443 1
2235 4597 1
2235 3027 1
2235 3914 1
3787 5033 1
2348 4783 1
3354 4819 1
3354 1573 1
3354 1182 1
3354 3457 1
3354 4505 1
3354 814 1
3354 3622 1
3354 3184 1
3354 2753 1
4928 675 1
1295 5032 1
5768 5729 1
3077 913 1
3077 1476 1
3077 4513 1
3581 2345 1
3113 2127 1
1847 5973 1
1847 2843 1
1847 5448 1
1847 2815 1
1847 2416 1
1847 709 1
1847 5146 1
1847 567 1
1847 172 1
1847 1372 1
1847 2891 1
1847 1802 1
1847 819 1
4879 1648 1
1204 2837 1
1204 4872 1
1204 605 1
5119 1847 1
2824 1661 1
2824 645 1
2824 3836 1
2824 5312 1
2824 4412 1
2824 3207 1
2824 4708 1
2824 927 1
2824 1955 1
2824 2448 1
2824 5091 1
2824 3940 1
2824 3755 1
2824 423 1
2824 3811 1
3024 3604 1
3024 10 1
788 502 1
788 2213 1
788 564 1
788 3074 1
4132 5855 1
4314 5084 1
3172 3295 1
3172 3266 1
3172 5017 1
3172 1927 1
4966 3420 1
70 5924 1
892 5627 1
803 353 1
803 5819 1
587 1075 1
4764 1915 1
4764 2199 1
4764 2103 1
4764 2634 1
4764 859 1
4764 2287 1
4764 1320 1
4764 89 1
4764 5138 1
4764 1736 1
4764 2828 1
4764 1926 1
4764 3165 1
4764 4793 1
4764 675 1
4764 6029 1
4764 1049 1
4764 3040 1
4764 4995 1
4764 1424 1
4764 730 1
4764 109 1
4764 5999 1
4764 5655 1
4764 4721 1
4764 5686 1
4764 4202 1
4764 3518 1
4764 693 1
2630 2694 1
2630 3153 1
2630 3790 1
2630 325 1
2630 3458 1
2630 3004 1
2630 5608 1
2630 5954 1
2630 2121 1
2630 4051 1
2630 4181 1
2630 2260 1
2630 1337 1
2630 4696 1
2630 2236 1
2630 5548 1
2630 1035 1
2630 1374 1
2630 4818 1
2630 3297 1
2630 3109 1
2630 3612 1
4385 4306 1
1252 2701 1
1252 766 1
3121 2474 1
224 3317 1
5571 5499 1
5 292 1
5 5640 1
5 6012 1
5 3148 1
5 3945 1
5 4128 1
5 3821 1
5 3871 1
5 5236 1
1693 715 1
1693 3192 1
1693 2475 1
1693 3274 1
1693 498 1
1693 1119 1
1693 2369 1
1693 4125 1
1693 37 1
1693 2556 1
1693 4563 1
1693 3947 1
1693 3839 1
1693 3277 1
1693 1222 1
1693 4558 1
1693 705 1
1693 621 1
2331 2306 1
5148 3926 1
5148 5183 1
1328 1763 1
1328 4611 1
1328 5958 1
1328 4296 1
4578 2072 1
4578 3964 1
4578 2066 1
5556 1358 1
5556 683 1
5556 1285 1
3298 3290 1
5004 3946 1
2798 4534 1
2798 5475 1
2798 3200 1
2798 1429 1
2798 2845 1
2798 483 1
3082 240 1
3082 655 1
3082 4332 1
3689 1267 1
1255 2434 1
1255 4075 1
1255 5273 1
668 3631 1
1764 5518 1
1764 2267 1
1764 367 1
1764 3171 1
1764 382 1
1764 2549 1
1764 3173 1
4798 4666 1
4798 4767 1
94 795 1
588 48 1
2065 2128 1
1497 4267 1
209 1598 1
209 5602 1
209 1293 1
209 661 1
2853 5966 1
2853 3941 1
2853 4080 1
666 137 1
666 3191 1
666 5644 1
5466 5792 1
1053 6045 1
1053 1192 1
1053 5751 1
4998 3129 1
734 3634 1
734 5879 1
734 2593 1
734 5000 1
734 2153 1
4899 633 1
4899 5642 1
4899 2390 1
4899 2144 1
4899 684 1
4899 4763 1
4899 4000 1
4899 3174 1
4899 5079 1
4899 4919 1
4899 3555 1
4899 2750 1
4899 2175 1
4899 772 1
4899 877 1
2114 608 1
2114 2721 1
2114 4893 1
2114 2146 1
283 4883 1
3785 4344 1
2033 5396 1
2033 5959 1
2033 2728 1
2033 1825 1
2033 646 1
2033 2138 1
4367 738 1
4367 4916 1
4371 2611 1
206 850 1
5586 2438 1
482 5279 1
482 4701 1
482 3553 1
482 5107 1
3953 2243 1
3953 1921 1
3953 5567 1
3953 4352 1
3953 3120 1
3953 1655 1
3953 5438 1
3953 1451 1
3953 905 1
3953 3710 1
3953 4139 1
3953 5173 1
3953 3436 1
3953 5178 1
3953 4725 1
3953 5939 1
5205 5137 1
5205 4619 1
5205 5084 1
5205 2573 1
5359 3930 1
1297 2665 1
1297 6054 1
1297 2320 1
778 5787 1
778 1950 1
1858 579 1
1911 4826 1
4521 4452 1
4521 4205 1
3461 2839 1
2096 345 1
2096 749 1
2096 6 1
5380 3852 1
561 5872 1
561 219 1
561 1593 1
5531 3187 1
1382 1989 1
1382 5197 1
1124 3064 1
211 2084 1
5370 2388 1
4926 3314 1
4926 5065 1
4926 5034 1
4926 5440 1
4926 4507 1
4926 2381 1
4926 3737 1
4926 1392 1
4926 1916 1
4926 2613 1
4926 2719 1
3675 2030 1
4178 670 1
3186 4957 1
3186 3063 1
3186 310 1
3186 5490 1
3186 1712 1
3186 1931 1
3186 3131 1
3186 5305 1
3186 3873 1
3186 848 1
4494 4472 1
4494 1829 1
4494 4089 1
4021 5456 1
4021 1129 1
4021 2314 1
4021 36 1
4021 4843 1
2103 4654 1
2103 1300 1
2103 466 1
2103 1445 1
2103 2324 1
4617 3414 1
776 597 1
776 4782 1
776 3960 1
776 1756 1
776 615 1
776 1366 1
2172 5658 1
2172 1884 1
2172 3914 1
3503 2857 1
3503 1493 1
3503 280 1
3503 4581 1
3503 568 1
3503 5810 1
3503 1784 1
3503 764 1
3503 5346 1
3503 2217 1
3503 3357 1
3503 3452 1
3503 2763 1
1748 1214 1
5537 5643 1
1247 5318 1
1247 5373 1
1247 1887 1
1247 201 1
1247 337 1
1247 3119 1
4454 2219 1
5934 2495 1
5934 1683 1
4547 4902 1
4547 3186 1
4547 5177 1
4547 3565 1
4547 1350 1
4547 3536 1
4547 63 1
4547 4814 1
4547 972 1
4547 5881 1
4547 2841 1
4547 2989 1
4547 5821 1
4547 1657 1
2322 2045 1
2322 2776 1
2322 713 1
2322 1000 1
2322 2256 1
361 3596 1
361 5762 1
361 2569 1
361 2184 1
361 176 1
2231 5733 1
2231 1746 1
2231 1099 1
2231 2533 1
2231 3098 1
4820 2738 1
4820 2534 1
4804 2370 1
3352 3079 1
2564 1456 1
2564 1076 1
2564 5487 1
2564 2086 1
2564 1262 1
2564 2958 1
2564 5657 1
2564 4112 1
2564 1108 1
2564 5891 1
2564 2159 1
2564 3829 1
2564 2883 1
2564 3204 1
2564 947 1
2564 3985 1
2564 5295 1
2564 5209 1
2564 4177 1
2564 4247 1
2564 2017 1
5395 2423 1
5395 5247 1
5395 1653 1
5395 5298 1
5395 4088 1
5395 5465 1
5395 1765 1
5395 3073 1
5395 1327 1
4817 5133 1
3269 4449 1
1106 929 1
3237 2058 1
3237 1509 1
3237 3319 1
3237 4098 1
3237 82 1
3237 408 1
3237 2713 1
3237 2049 1
3237 584 1
3237 4956 1
3237 1460 1
3237 1359 1
3237 4679 1
3237 3547 1
3237 1625 1
3237 299 1
3237 4486 1
3237 3530 1
3237 554 1
3237 3270 1
3237 3595 1
3237 2547 1
3237 477 1
3237 573 1
3237 3096 1
3237 5228 1
859 1112 1
1302 1363 1
1302 4807 1
4045 4090 1
4045 5470 1
4045 555 1
4045 491 1
4045 3698 1
4045 2781 1
4045 3967 1
4045 2770 1
4045 4227 1
4045 1957 1
4045 5576 1
4045 604 1
3194 1453 1
3194 4120 1
3194 3012 1
3194 3345 1
5063 5023 1
2752 3214 1
2752 3681 1
2752 3047 1
2752 4717 1
2752 4219 1
2752 796 1
2752 1854 1
4038 2819 1
4038 286 1
4038 5741 1
4038 4942 1
4038 6044 1
4038 665 1
4038 3667 1
4038 2524 1
4038 1128 1
4038 5301 1
4038 5387 1
4038 389 1
4038 5716 1
4038 4141 1
4038 13 1
5177 1204 1
5177 4872 1
5177 5895 1
5177 3467 1
5177 1797 1
5177 938 1
5177 2207 1
5177 979 1
5177 3363 1
5177 4318 1
5177 4192 1
242 6020 1
5575 1520 1
5575 3864 1
5575 4176 1
5575 2925 1
5575 2323 1
5575 1189 1
2384 1601 1
2384 192 1
2384 1555 1
5552 5007 1
5592 5120 1
5592 5538 1
5592 3738 1
5592 1618 1
4962 3607 1
703 5492 1
5096 4539 1
5096 5239 1
5096 5893 1
5096 5812 1
5096 3615 1
3535 1857 1
3535 5245 1
3535 2059 1
3535 2322 1
3535 381 1
3535 4496 1
3535 2082 1
3535 3753 1
3535 33 1
3535 2577 1
3535 1929 1
3535 3315 1
3535 2010 1
3535 2454 1
3535 5765 1
3535 2288 1
3535 5619 1
3535 912 1
3535 3122 1
3535 3970 1
3535 4778 1
478 1314 1
478 626 1
478 3302 1
478 1394 1
4221 111 1
4159 2378 1
961 2585 1
961 1179 1
1979 4379 1
1979 1345 1
1979 1806 1
1979 2043 1
1979 4081 1
1979 5070 1
1979 5597 1
1979 792 1
1979 550 1
1979 4977 1
1979 1482 1
1979 5717 1
1979 362 1
1979 647 1
1979 4137 1
1979 2599 1
1979 3562 1
1979 2761 1
1979 704 1
1979 553 1
1979 2504 1
1979 2856 1
1785 4842 1
473 4272 1
473 3713 1
473 3858 1
473 4718 1
473 4711 1
473 5027 1
473 5998 1
473 548 1
473 3410 1
473 580 1
473 113 1
473 4739 1
5738 2621 1
3633 4003 1
1258 1412 1
1258 3095 1
1258 5426 1
1258 5949 1
1258 3695 1
1258 3450 1
1258 1831 1
1258 272 1
1258 1183 1
1258 4278 1
1258 3166 1
2186 5869 1
2186 4564 1
2186 3116 1
2186 1833 1
2186 4960 1
2186 409 1
2186 253 1
2186 2379 1
2186 1402 1
403 3579 1
403 1169 1
403 2143 1
403 4730 1
403 5274 1
403 2875 1
5158 2294 1
1635 5595 1
1635 3480 1
1635 2507 1
1635 2589 1
1635 5905 1
5083 1039 1
1236 1175 1
889 3331 1
889 5071 1
889 761 1
889 2377 1
889 951 1
889 2720 1
889 3489 1
889 4754 1
889 688 1
889 1143 1
889 2758 1
889 5310 1
889 2489 1
889 4435 1
889 1040 1
889 2816 1
889 3299 1
4340 4054 1
4340 2223 1
2274 3880 1
4724 1371 1
4724 403 1
4724 2591 1
4724 2554 1
4724 2961 1
4724 3118 1
4724 2319 1
4724 1762 1
3482 160 1
3482 2351 1
3482 5248 1
3482 3391 1
3482 1787 1
3482 1013 1
3482 1450 1
4652 2250 1
4652 5559 1
4652 4922 1
4652 1282 1
4652 808 1
4652 5875 1
4652 5321 1
4652 5648 1
4652 4482 1
4652 259 1
1541 291 1
5616 1230 1
5616 4905 1
5616 1708 1
2780 1041 1
801 4120 1
1075 3032 1
1075 4468 1
1075 1953 1
1075 3416 1
527 2700 1
527 1832 1
2553 302 1
2553 5756 1
222 5191 1
222 5194 1
222 3182 1
222 4418 1
222 3574 1
222 3372 1
436 4759 1
3220 3229 1
3220 3418 1
3220 656 1
3220 1814 1
3220 5911 1
3220 3124 1
3220 756 1
3220 3725 1
3220 4048 1
123 4232 1
1056 3472 1
2609 551 1
4277 5058 1
4277 1778 1
4277 4023 1
4277 791 1
4277 4114 1
4277 285 1
4277 2188 1
1617 2985 1
1617 1011 1
1617 1723 1
1617 5720 1
851 4519 1
851 3705 1
851 1309 1
851 470 1
851 2742 1
851 4182 1
851 585 1
851 5873 1
851 4830 1
3786 4298 1
3786 1316 1
3786 3999 1
3786 1273 1
3786 3566 1
3786 144 1
3786 215 1
3786 4762 1
5608 4120 1
5608 4940 1
5608 3729 1
5608 6011 1
5608 2800 1
5608 5132 1
5608 4037 1
5608 3987 1
5608 3060 1
5608 3223 1
5608 4241 1
5608 2286 1
1417 2529 1
1417 5142 1
1417 4738 1
1417 2675 1
1417 5450 1
1417 2947 1
4244 3655 1
1873 4514 1
1873 258 1
1873 1926 1
1873 5237 1
1873 1699 1
1873 3800 1
3104 2630 1
3104 2894 1
3104 1764 1
3104 716 1
3104 3237 1
3104 3400 1
3104 4109 1
3104 3640 1
3104 1739 1
3104 366 1
3104 7 1
3104 2158 1
3104 3065 1
3104 5452 1
3104 4014 1
3104 681 1
3104 956 1
3104 3563 1
3104 3991 1
3104 2439 1
3104 1127 1
3104 1809 1
3104 4110 1
3104 5149 1
3104 5290 1
3104 5128 1
3104 5620 1
3104 3584 1
3104 3500 1
3720 2893 1
5876 5516 1
5876 5439 1
5609 449 1
5609 4315 1
5609 4153 1
5609 5615 1
5609 5986 1
5609 3542 1
5609 4019 1
5910 3765 1
4410 2906 1
4410 2640 1
3162 3199 1
3162 1299 1
2242 3973 1
2242 4850 1
4648 2943 1
4648 3826 1
4648 3786 1
4648 3539 1
4648 24 1
4648 944 1
4648 767 1
4648 2980 1
454 4065 1
3501 2248 1
3501 5776 1
5861 4631 1
4325 3291 1
4325 3249 1
4325 2679 1
5878 3413 1
5878 2751 1
2459 2034 1
2459 2831 1
2459 5845 1
2459 4612 1
2459 5735 1
2459 1257 1
2459 5803 1
2459 1190 1
2459 3175 1
2459 4225 1
2459 2428 1
2459 1938 1
2459 4600 1
2567 2505 1
1502 50 1
1502 1942 1
1502 5447 1
1502 4338 1
1502 2812 1
1502 4166 1
1502 1844 1
1502 3580 1
1502 5385 1
1502 4063 1
1502 1154 1
1502 4185 1
1502 5154 1
1502 1008 1
1502 1632 1
1502 1874 1
1502 2731 1
1502 1578 1
1502 4912 1
1234 1909 1
1234 4764 1
1234 3269 1
1234 886 1
4355 2327 1
4355 1233 1
4355 5040 1
4355 5830 1
4355 3492 1
329 911 1
329 356 1
329 1623 1
329 1893 1
329 2162 1
329 5416 1
329 2412 1
329 2952 1
3939 3478 1
5653 2061 1
5117 5617 1
1268 3034 1
1268 5294 1
1268 275 1
1268 5162 1
1268 5649 1
1268 4304 1
1268 3716 1
1268 5794 1
1268 1651 1
1268 3515 1
1268 3906 1
1268 3133 1
1268 4082 1
1268 3981 1
3980 976 1
2371 2997 1
2371 4107 1
2371 4941 1
2371 5169 1
2371 728 1
2371 4320 1
2371 3531 1
2371 3017 1
2371 5059 1
2371 5080 1
2371 5093 1
2371 3022 1
2371 365 1
2371 2957 1
3168 5898 1
3168 1066 1
3168 941 1
3168 4794 1
3168 940 1
3168 2827 1
3168 2568 1
3168 4457 1
3168 1 1
3168 810 1
3168 3403 1
3168 1254 1
2707 4644 1
1021 4680 1
5654 97 1
5161 2677 1
5161 2313 1
5161 1650 1
5161 752 1
5161 80 1
5161 2518 1
5161 4816 1
768 5449 1
1546 1716 1
1546 308 1
1546 4438 1
5340 1005 1
3058 3300 1
91 4032 1
91 5074 1
91 2915 1
91 2232 1
91 2161 1
91 4890 1
91 1660 1
91 4088 1
91 2571 1
91 868 1
91 146 1
91 3008 1
91 2929 1
91 5029 1
91 1793 1
495 2400 1
2544 4875 1
2544 4150 1
2544 2898 1
2544 5276 1
2544 2890 1
2544 883 1
3496 4026 1
3496 3327 1
3369 83 1
5233 2712 1
1122 4031 1
1122 1178 1
5243 5684 1
5243 1907 1
5243 5231 1
5243 199 1
5243 2786 1
282 5577 1
3373 2133 1
5541 4343 1
5541 4399 1
5541 3524 1
5767 4755 1
4031 4417 1
4031 5533 1
4031 2197 1
4214 1423 1
4214 445 1
4214 4546 1
3263 19 1
3263 225 1
3525 3476 1
2327 2118 1
2327 3312 1
2327 1296 1
2327 2249 1
2327 5126 1
2327 1733 1
2327 3422 1
2327 1501 1
2327 4608 1
2327 5114 1
6054 4308 1
2363 4479 1
2363 1347 1
2363 363 1
2363 247 1
2363 1447 1
2363 4149 1
2363 2664 1
2548 601 1
2548 1652 1
2548 1510 1
410 935 1
410 5225 1
4233 1777 1
4233 2055 1
4233 2668 1
4233 3686 1
4233 4740 1
4233 251 1
4233 4004 1
4233 3446 1
4233 2205 1
4233 3361 1
4233 2468 1
4233 3146 1
4233 4495 1
4711 2608 1
4711 2935 1
4711 4356 1
4628 4745 1
520 1187 1
3002 1636 1
3002 887 1
2987 4432 1
2987 5931 1
2987 3924 1
2987 4557 1
2987 1018 1
2987 5118 1
2987 5188 1
2987 3674 1
2987 4515 1
2987 3423 1
2987 5579 1
2987 106 1
2987 1761 1
2987 2046 1
2987 1898 1
2987 400 1
2987 168 1
2987 2638 1
2987 4064 1
2987 6040 1
2987 2411 1
2987 2450 1
2987 5361 1
2987 1135 1
2987 1435 1
1474 4673 1
2187 3219 1
2187 4933 1
2187 5174 1
2187 4516 1
2187 5557 1
2187 2445 1
5512 881 1
3806 4444 1
3198 5348 1
737 4038 1
737 1383 1
737 1672 1
945 4477 1
945 2129 1
945 5513 1
945 2050 1
945 1747 1
945 4186 1
945 1503 1
945 3494 1
945 319 1
945 3156 1
945 3517 1
945 577 1
945 1692 1
1569 1540 1
1569 112 1
1569 3443 1
1569 1005 1
1569 3749 1
4100 2327 1
3344 2774 1
3344 2872 1
3344 2642 1
3344 3824 1
304 45 1
304 4095 1
304 3532 1
304 143 1
304 4276 1
2911 336 1
563 174 1
563 3627 1
3547 158 1
3547 1290 1
3547 4381 1
2576 4442 1
2576 4659 1
5921 1479 1
5921 2178 1
5921 4316 1
5921 5163 1
5921 1041 1
5921 1630 1
5921 2684 1
5921 2455 1
1853 1098 1
1853 3760 1
1853 4224 1
1853 689 1
1853 1161 1
1853 4839 1
1853 4394 1
1853 4302 1
4425 5570 1
4425 3856 1
4425 108 1
5904 1060 1
3203 3891 1
3203 2338 1
614 1902 1
614 35 1
614 4231 1
614 2422 1
614 5930 1
614 1586 1
614 1050 1
614 4576 1
614 2919 1
614 4975 1
614 2022 1
614 3618 1
614 582 1
614 4321 1
4904 4896 1
3013 4197 1
931 3154 1
931 100 1
2149 2336 1
671 1294 1
671 3882 1
671 5549 1
671 3912 1
5942 2730 1
4102 1248 1
4102 4722 1
4102 5565 1
4102 5159 1
4102 2116 1
4102 513 1
4102 2110 1
4102 4056 1
4102 4565 1
4102 2433 1
4102 330 1
2477 1086 1
2477 4983 1
2477 1693 1
2477 1523 1
2477 30 1
2477 3633 1
2477 4652 1
2477 311 1
2477 571 1
2477 2459 1
2477 988 1
2477 4618 1
2477 870 1
2477 4131 1
2477 950 1
2477 4220 1
2477 5499 1
2477 5334 1
2477 140 1
2477 4841 1
2477 4626 1
2477 1852 1
2477 4610 1
2477 1872 1
2477 5685 1
2477 4572 1
2514 5406 1
2514 1731 1
2514 3744 1
2514 4838 1
2514 5618 1
2514 1470 1
2514 1264 1
3325 635 1
3325 77 1
5010 1116 1
249 4761 1
249 5103 1
4887 1879 1
4887 2617 1
4887 4402 1
4887 3216 1
4887 4951 1
3196 2825 1
3196 5515 1
3196 4798 1
3196 390 1
3196 4547 1
3196 2330 1
3196 4028 1
3196 3629 1
3196 4777 1
3196 4129 1
3196 5840 1
3196 5313 1
3196 5636 1
3196 3502 1
3196 5223 1
3196 2572 1
3196 3718 1
3196 4160 1
3196 1786 1
3196 333 1
2425 1393 1
2425 5572 1
2425 5332 1
2425 15 1
974 2725 1
974 5257 1
974 3043 1
974 2068 1
974 4772 1
5670 2289 1
5670 1940 1
5670 692 1
5670 942 1
5670 3071 1
5670 1607 1
5670 1827 1
5670 4900 1
5670 2912 1
5670 5077 1
5670 1030 1
5670 997 1
458 2194 1
1364 869 1
1364 867 1
1364 5502 1
2183 1145 1
6037 4273 1
6037 3419 1
6037 731 1
6037 4091 1
6037 4953 1
6037 3843 1
3753 4167 1
3753 530 1
3753 2584 1
3753 3117 1
3753 3899 1
3753 2716 1
3753 4594 1
3753 384 1
1658 640 1
1658 4685 1
1658 5121 1
1658 5523 1
1658 5018 1
1658 898 1
1658 2807 1
1658 87 1
1587 3834 1
1587 5302 1
1587 4707 1
1587 1367 1
1587 2009 1
1587 2109 1
1587 5772 1
1587 2209 1
1587 5261 1
1587 2782 1
1587 2020 1
1587 1876 1
1587 2156 1
1587 3734 1
1865 1384 1
1865 3434 1
1865 5863 1
1865 236 1
1865 171 1
1865 186 1
3536 3310 1
3536 4121 1
3536 2114 1
3536 2325 1
3536 5917 1
3536 4901 1
3536 4715 1
2300 5106 1
2300 315 1
4552 1443 1
2295 2806 1
5890 304 1
5890 3294 1
5890 5085 1
5890 5887 1
5890 5263 1
5890 3125 1
5890 4959 1
1184 1247 1
6000 696 1
1769 4651 1
5012 2291 1
5012 102 1
1739 122 1
1739 632 1
1739 1302 1
1739 360 1
1739 718 1
1739 1728 1
1739 6034 1
1739 3816 1
1739 4784 1
1739 5299 1
1739 3308 1
1739 1466 1
5887 341 1
5887 3656 1
5887 634 1
5887 5216 1
5887 2840 1
4368 3100 1
2265 5343 1
2265 1686 1
2265 5446 1
2265 4668 1
1012 2056 1
1012 2293 1
1012 501 1
1012 3044 1
1012 1373 1
1012 2539 1
1012 1406 1
1012 3591 1
1012 4545 1
2512 3527 1
2512 2244 1
2512 3572 1
2512 2624 1
2942 516 1
2942 4999 1
2942 771 1
2942 5025 1
2942 2476 1
665 5500 1
4588 5849 1
349 1668 1
3111 966 1
4135 851 1
3626 4445 1
3626 2122 1
3626 3412 1
3626 909 1
3103 1498 1
3103 2970 1
3103 1276 1
3103 4020 1
3103 980 1
3103 3355 1
3103 5928 1
3103 1838 1
3103 28 1
3103 746 1
3103 5122 1
5635 4171 1
3490 4670 1
3490 3728 1
3490 3869 1
3490 2005 1
3490 4133 1
3490 4853 1
3490 4615 1
3490 2734 1
3490 5457 1
3490 2011 1
3490 3258 1
5027 3212 1
5027 1144 1
5027 1223 1
5027 5967 1
5027 4700 1
5027 1146 1
5027 4555 1
5027 5888 1
5027 589 1
5027 4771 1
5027 1867 1
5027 1834 1
5027 2440 1
5027 2120 1
4643 616 1
4694 5667 1
4694 1534 1
2905 4986 1
2905 1937 1
2905 2661 1
2905 3853 1
2905 2718 1
5404 4996 1
5404 2614 1
2755 4077 1
2755 878 1
2755 4362 1
2755 2978 1
2755 5693 1
3479 1564 1
3479 4672 1
3479 1068 1
3479 5364 1
3479 733 1
3479 4548 1
3479 5601 1
3479 5362 1
3479 2542 1
4577 525 1
4280 222 1
4836 5543 1
4836 4604 1
4836 2963 1
4836 4215 1
4836 3593 1
4836 4864 1
4836 3545 1
4836 5026 1
4836 1576 1
4836 3438 1
1743 3711 1
71 4530 1
71 5336 1
1163 2765 1
4312 5152 1
357 3335 1
357 1436 1
3433 3072 1
2354 3061 1
2354 2543 1
4210 1670 1
5793 5061 1
5793 4709 1
5793 4156 1
5793 1292 1
5793 4667 1
5793 1656 1
5793 3651 1
5793 5598 1
5793 4954 1
1107 1080 1
1107 1968 1
1107 4704 1
1107 1387 1
1107 1338 1
1107 1452 1
1107 2343 1
579 2899 1
579 2794 1
579 3850 1
579 1869 1
579 4376 1
4364 566 1
4364 4563 1
4409 5268 1
4409 5051 1
4409 288 1
4409 2100 1
5141 4562 1
230 3643 1
5869 4433 1
5869 467 1
5869 3321 1
4251 671 1
2125 1382 1
2125 2425 1
2125 2998 1
3397 2239 1
3397 5972 1
3397 1682 1
1613 1783 1
1613 3895 1
3120 2399 1
3120 2266 1
3120 4857 1
3120 5238 1
3120 1724 1
3120 3959 1
3120 4645 1
3120 6009 1
3120 834 1
3120 697 1
2155 4622 1
5775 5284 1
1298 5333 1
1298 4484 1
3329 1386 1
3284 3085 1
3284 1355 1
457 1243 1
457 627 1
457 1239 1
457 2736 1
457 372 1
5791 841 1
5791 5612 1
5791 4285 1
5791 320 1
5791 2074 1
5791 4350 1
5791 2882 1
5791 5108 1
5758 860 1
5758 343 1
5758 3557 1
5758 2317 1
5758 5676 1
5758 2108 1
5758 378 1
5758 2865 1
5758 2275 1
5758 2590 1
5758 996 1
5758 2191 1
5758 3597 1
5758 5796 1
5758 2081 1
3161 1720 1
3161 342 1
678 2907 1
678 5337 1
678 5922 1
678 1558 1
678 3003 1
678 4598 1
2848 1081 1
2848 3722 1
3862 1087 1
3333 54 1
5285 3504 1
5285 2582 1
4239 138 1
2402 4330 1
2402 352 1
2402 1878 1
2858 5633 1
726 3671 1
3896 3715 1
1199 2967 1
1199 4568 1
3573 5722 1
5405 1085 1
2874 4607 1
821 1295 1
821 3764 1
821 5303 1
821 4436 1
821 5190 1
821 5860 1
821 591 1
821 4758 1
1419 622 1
4777 2813 1
4777 2478 1
4777 3160 1
4777 277 1
4777 1828 1
4777 1398 1
4777 3033 1
4777 5280 1
4777 426 1
4777 3029 1
4777 5453 1
4777 5021 1
4777 2641 1
1141 6046 1
5353 1667 1
1331 3127 1
3776 531 1
3776 1003 1
3776 2662 1
4008 5623 1
5562 4976 1
5492 1487 1
5492 1984 1
5492 3268 1
5492 3425 1
5492 1583 1
5492 2902 1
1346 4776 1
576 5832 1
576 439 1
576 3878 1
576 838 1
576 4563 1
576 2921 1
3750 1330 1
1407 2374 1
1407 2041 1
1407 3630 1
1407 1835 1
1407 1495 1
1457 5317 1
1457 2838 1
1457 994 1
1457 2809 1
4438 1151 1
4438 1159 1
3788 5460 1
3788 5588 1
3788 1191 1
3788 1702 1
3788 4039 1
3788 1882 1
2562 1665 1
2562 1949 1
2562 4328 1
2562 5621 1
2562 4606 1
2562 1974 1
2562 145 1
2562 2799 1
2562 4603 1
2562 5734 1
3235 3147 1
4740 5269 1
4740 3552 1
4740 4847 1
4740 2832 1
5750 2341 1
5750 5143 1
5750 1781 1
5750 2283 1
5384 43 1
182 1851 1
2018 1918 1
2018 2745 1
2873 861 1
2873 1291 1
4814 4501 1
4814 5823 1
4814 4541 1
4814 4102 1
4814 5948 1
4814 3267 1
4814 4149 1
4814 220 1
4814 1094 1
32 3690 1
5707 3988 1
5707 238 1
5707 4911 1
5707 1243 1
5707 5914 1
5707 833 1
5707 1378 1
5707 5392 1
5707 1318 1
5707 1100 1
5707 3339 1
3012 505 1
2021 399 1
5627 5616 1
5627 1486 1
5627 694 1
5627 4240 1
4307 854 1
4228 750 1
3921 3847 1
3921 245 1
3921 1484 1
3921 2408 1
3921 3111 1
3921 1903 1
3921 4845 1
3921 5625 1
3921 1415 1
3921 5696 1
3921 2008 1
6041 3304 1
6041 4926 1
6041 4221 1
6041 5541 1
6041 1871 1
6041 14 1
6041 2361 1
6041 78 1
6041 5725 1
6041 4199 1
6041 5129 1
6041 5344 1
6041 5671 1
6041 1446 1
6041 2277 1
2204 3508 1
2158 4726 1
2158 4589 1
2158 2607 1
2158 2198 1
2158 6003 1
2158 3625 1
2158 2418 1
2158 3081 1
2158 4586 1
2158 1631 1
2158 1321 1
2158 1167 1
2158 5494 1
2158 4164 1
2158 1527 1
2158 1102 1
2158 5075 1
2158 3251 1
2158 5420 1
3233 3723 1
4027 3106 1
4027 3343 1
4027 3900 1
4027 2418 1
4027 1986 1
3864 9 1
5186 1322 1
853 570 1
853 1685 1
853 1073 1
853 5300 1
853 4967 1
853 3067 1
853 2999 1
853 2395 1
950 1245 1
950 5187 1
950 4349 1
950 4467 1
950 4773 1
950 787 1
950 5871 1
950 2757 1
950 2867 1
950 3463 1
950 926 1
950 4470 1
950 610 1
950 4292 1
950 230 1
950 2353 1
950 2218 1
950 3747 1
950 4301 1
950 2016 1
950 4485 1
950 2389 1
950 5536 1
950 2783 1
950 5322 1
950 34 1
950 2142 1
4266 1926 1
4266 263 1
3309 2564 1
3309 2748 1
3309 5692 1
3309 3885 1
3309 316 1
3309 3518 1
3309 4655 1
4183 2973 1
4183 5585 1
4183 3482 1
4183 4277 1
4183 4535 1
4183 2363 1
4183 4822 1
578 3688 1
663 3768 1
4115 1970 1
49 5646 1
49 5736 1
49 4062 1
49 252 1
49 1600 1
49 4403 1
49 3318 1
49 4419 1
49 3812 1
49 1588 1
49 3439 1
3963 2755 1
3882 3534 1
3882 5207 1
3882 1155 1
3882 2241 1
3882 4978 1
3882 5019 1
3882 1432 1
5744 1310 1
3740 1839 1
3740 148 1
3740 4553 1
4105 2017 1
929 977 1
929 1711 1
929 1596 1
5906 1709 1
4122 5012 1
4122 2636 1
2066 4103 1
2066 918 1
2066 1971 1
2066 3 1
2066 5057 1
2066 1140 1
2066 435 1
2066 4295 1
2066 4475 1
2066 1399 1
2066 3260 1
2066 5193 1
2066 4270 1
2066 5479 1
2066 4212 1
5180 3320 1
5180 4401 1
5180 1054 1
4011 3421 1
2557 2328 1
2557 556 1
2557 4207 1
1383 4593 1
1383 5663 1
1383 2546 1
1383 478 1
1383 1067 1
1383 213 1
1383 3587 1
1383 3677 1
1383 3088 1
1383 3564 1
1383 3497 1
1383 5791 1
1383 4821 1
1383 2545 1
1383 2211 1
1383 975 1
1383 2655 1
1383 2089 1
1383 4788 1
1383 2974 1
1383 4341 1
1383 12 1
1383 2861 1
1383 1571 1
4453 1084 1
4453 2164 1
4453 3005 1
4453 1132 1
4453 5544 1
4453 1687 1
4453 650 1
4453 2855 1
4453 397 1
5896 3075 1
5896 301 1
1408 2206 1
2682 61 1
3663 2601 1
3663 5112 1
4060 1698 1
3645 628 1
6055 2717 1
6055 1961 1
6055 3974 1
6055 3441 1
6055 4209 1
6055 724 1
6055 625 1
6055 421 1
6055 5323 1
6055 914 1
6055 3155 1
5016 2047 1
5016 3322 1
5016 380 1
4985 223 1
1362 5832 1
1362 1742 1
1362 5534 1
1362 2362 1
2804 2785 1
2804 2887 1
2804 4188 1
2804 5253 1
2804 4955 1
2804 4638 1
3484 855 1
5781 4489 1
5781 4291 1
5781 5408 1
5781 984 1
5781 464 1
5781 169 1
5781 234 1
5785 3975 1
2829 1052 1
2829 4913 1
2829 1313 1
2829 415 1
2829 4021 1
2829 4623 1
2829 5943 1
2829 2544 1
2829 282 1
2829 2965 1
2829 5014 1
2829 839 1
2829 4073 1
2829 6035 1
2829 1659 1
2829 496 1
2829 5743 1
2829 441 1
2829 4742 1
2829 503 1
2829 3585 1
1932 6019 1
1932 1328 1
5038 3264 1
5038 2933 1
5038 2722 1
5038 3644 1
5038 3138 1
5038 2342 1
5038 2575 1
5038 5498 1
5038 3346 1
5038 1342 1
5038 3903 1
5038 1286 1
5038 894 1
3809 1536 1
3809 3654 1
3809 1334 1
3809 5965 1
3809 5054 1
3809 4005 1
3809 4931 1
3809 1416 1
3809 981 1
3809 1117 1
3809 1899 1
3809 5932 1
3809 3665 1
5423 2119 1
149 3752 1
149 407 1
149 2513 1
5179 5695 1
3971 2619 1
1599 799 1
2270 4377 1
2270 4630 1
2270 1173 1
2270 4582 1
2270 5828 1
2270 3529 1
2270 3076 1
753 4006 1
753 2424 1
753 5496 1
753 1859 1
753 723 1
753 840 1
753 481 1
753 2650 1
753 5968 1
753 1149 1
753 3282 1
753 255 1
753 1890 1
753 3550 1
5314 3917 1
2073 1779 1
3998 5467 1
3998 797 1
3998 2911 1
3998 1042 1
3998 4688 1
3998 5874 1
3998 2012 1
3998 487 1
3998 2067 1
3998 4642 1
3998 3958 1
3998 3140 1
3998 3521 1
3998 3246 1
3208 5354 1
4219 594 1
4219 3533 1
4219 1885 1
4219 1870 1
5386 4727 1
5386 2928 1
5386 3972 1
3193 600 1
1360 1837 1
1360 3503 1
1360 1979 1
1360 495 1
1360 4426 1
1360 614 1
1360 736 1
1360 5097 1
1360 5707 1
1360 4570 1
1360 27 1
1360 4460 1
1360 2922 1
1360 1531 1
1360 1449 1
5623 2265 1
602 2918 1
4503 992 1
4953 4829 1
4822 2318 1
4822 5811 1
4078 5052 1
4078 1663 1
4078 2605 1
4078 4147 1
4078 5856 1
4078 3805 1
4078 5400 1
4078 5652 1
4078 2444 1
4078 5513 1
4078 5233 1
4078 2530 1
4078 5028 1
4078 3377 1
4078 457 1
4078 3933 1
4078 3918 1
4078 2662 1
4078 3854 1
4078 4861 1
4078 2461 1
1761 5806 1
1761 4461 1
1761 5836 1
1761 4639 1
3123 1212 1
5840 2272 1
5840 4142 1
5840 2147 1
5840 3803 1
5840 5158 1
5840 747 1
5840 1500 1
5840 2430 1
5840 3195 1
5840 552 1
5840 1587 1
5840 455 1
5840 3949 1
5840 4865 1
5840 2910 1
5840 3010 1
5840 2130 1
5840 3809 1
5840 2083 1
5840 1810 1
5840 3748 1
5840 2485 1
5840 2460 1
5840 722 1
5840 217 1
5840 3152 1
5840 4357 1
4929 3358 1
4929 432 1
725 1657 1
5959 4633 1
5959 5564 1
5959 4760 1
5959 1980 1
5959 652 1
1208 2818 1
3647 404 1
2842 1263 1
2842 3874 1
2842 824 1
2842 1675 1
2842 1637 1
1424 5434 1
271 2708 1
271 1200 1
271 5714 1
271 2960 1
271 5524 1
271 322 1
271 2503 1
271 1492 1
271 2804 1
271 2493 1
271 538 1
271 5462 1
271 5403 1
271 967 1
271 1193 1
271 5605 1
271 569 1
271 4743 1
271 3922 1
271 862 1
271 1395 1
271 5940 1
946 424 1
4185 727 1
5841 2305 1
5841 5844 1
2892 902 1
4428 5843 1
4428 4580 1
4428 776 1
4428 3934 1
4428 2371 1
4428 398 1
4428 20 1
4428 2689 1
4428 2397 1
4428 3442 1
4428 4636 1
4428 6008 1
4428 125 1
4428 6021 1
4428 4196 1
4428 2810 1
4428 5634 1
4428 5807 1
4428 544 1
4428 5637 1
4378 2648 1
2246 1477 1
2246 1556 1
2246 4413 1
2246 2368 1
2246 999 1
2246 59 1
2246 2393 1
2246 1332 1
2246 2385 1
2246 1772 1
4305 2606 1
4305 3188 1
2013 2833 1
1917 4671 1
1917 2886 1
1917 5573 1
1917 3275 1
1917 790 1
1917 318 1
1917 1543 1
1917 5674 1
1917 3832 1
1917 4404 1
1917 5220 1
1917 1001 1
1917 250 1
1917 121 1
1917 5539 1
1917 4013 1
1917 4937 1
1917 6015 1
1917 2044 1
3429 2297 1
3429 5415 1
3429 479 1
3429 5202 1
3429 1364 1
3429 3451 1
3429 5048 1
3429 993 1
3429 3205 1
2203 534 1
2203 3693 1
2203 3150 1
2203 5650 1
2203 3845 1
2203 1972 1
2203 1954 1
2203 2631 1
2203 1194 1
2203 5710 1
2203 3636 1
2203 6005 1
2203 2299 1
2203 4523 1
2203 4831 1
2203 2723 1
2203 2523 1
2203 1317 1
2203 1356 1
2203 849 1
2203 335 1
2203 2284 1
4570 2251 1
4570 1237 1
754 1613 1
4148 141 1
451 5691 1
451 5157 1
451 1664 1
451 4083 1
451 6049 1
451 5278 1
451 1274 1
451 2212 1
451 1346 1
451 5341 1
451 2042 1
451 5956 1
451 920 1
451 937 1
451 5291 1
451 5568 1
451 5357 1
451 1496 1
451 379 1
5797 965 1
865 1776 1
865 5804 1
865 973 1
3522 2801 1
2989 1198 1
2989 1951 1
2989 2836 1
2989 1072 1
2989 1221 1
2989 1083 1
2989 2540 1
2989 916 1
2989 116 1
2989 4414 1
2989 3567 1
2989 4429 1
2989 2123 1
2989 3225 1
2989 3763 1
2989 5488 1
1904 5912 1
1904 1218 1
1904 4790 1
1904 4699 1
3164 1529 1
3164 4200 1
3164 1244 1
3164 3893 1
3164 3570 1
3164 5781 1
3164 4705 1
3164 3779 1
3164 431 1
3164 2669 1
2008 1006 1
3466 4041 1
3575 4279 1
4459 4392 1
657 5337 1
843 3908 1
4681 1278 1
4681 779 1
4681 4848 1
4681 3657 1
4681 2863 1
4176 3606 1
4176 983 1
3595 1281 1
3595 4533 1
3071 5851 1
3071 118 1
3071 2895 1
3071 1817 1
3071 5760 1
3071 3820 1
3071 3026 1
3071 3092 1
3071 3658 1
3071 1547 1
3071 4695 1
1095 1185 1
617 3736 1
617 3371 1
617 1324 1
617 1562 1
5464 812 1
4490 1741 1
2211 3368 1
2949 1737 1
3385 1279 1
4190 2176 1
4190 900 1
4190 2903 1
4190 3696 1
4119 2498 1
5540 1860 1
3888 3889 1
4729 5624 1
4729 5847 1
4729 2987 1
4729 5006 1
4729 517 1
4729 4797 1
4729 1904 1
4729 6028 1
4729 4796 1
4729 5594 1
1732 4346 1
477 511 1
477 3 1
477 1910 1
477 1088 1
477 2743 1
477 4965 1
477 5558 1
5154 3637 1
5154 3837 1
5154 1007 1
5154 5854 1
5154 3797 1
5154 5445 1
5154 5664 1
5154 1782 1
5154 2817 1
4057 2193 1
4057 4605 1
4057 401 1
4057 5388 1
4057 5161 1
4057 4050 1
4057 3285 1
4057 1478 1
4057 5213 1
4057 2254 1
4057 4517 1
4057 1210 1
4057 4676 1
4057 1745 1
4057 358 1
4057 5356 1
4057 196 1
4057 572 1
2236 2490 1
2236 5325 1
2236 5975 1
2236 4907 1
2236 769 1
2236 3601 1
2236 5196 1
956 2234 1
956 2031 1
956 1074 1
956 2771 1
956 189 1
956 6047 1
3151 3886 1
4370 3387 1
3481 3387 1
1027 1517 1
1027 5782 1
1027 2866 1
1027 4324 1
1027 4925 1
1027 659 1
1027 2238 1
1027 3128 1
1027 4092 1
1027 4556 1
1027 4876 1
1774 2780 1
1774 4860 1
1774 5015 1
1774 3206 1
1774 4469 1
3249 5712 1
3249 1319 1
3249 673 1
3249 5259 1
3249 1388 1
3249 317 1
3249 239 1
3249 4236 1
3249 618 1
3249 1535 1
3249 5433 1
3249 1537 1
4313 5609 1
2396 4434 1
2396 2090 1
2396 2878 1
2396 4455 1
3502 5610 1
3502 2900 1
3502 5628 1
3502 1410 1
3502 3543 1
3502 777 1
3502 6016 1
3502 5320 1
3502 2853 1
3502 5586 1
3502 1565 1
3502 3598 1
3502 1581 1
3502 1147 1
3502 2163 1
3502 1946 1
3502 1983 1
3502 4218 1
3502 3259 1
3502 1511 1
3502 1824 1
3502 1217 1
3502 5375 1
3502 2633 1
3502 5753 1
3502 1375 1
3502 2436 1
3502 743 1
5868 303 1
2881 2647 1
574 334 1
574 4894 1
2057 4400 1
1469 1303 1
3700 537 1
4706 3672 1
2301 3072 1
3912 4342 1
3912 5377 1
3912 3018 1
3912 3794 1
3912 3739 1
3912 2337 1
3912 757 1
3912 4617 1
3912 3469 1
3912 1125 1
3912 5921 1
3912 2062 1
3912 4409 1
3912 1103 1
3912 2039 1
3912 753 1
3912 4136 1
3912 5689 1
3912 917 1
3912 3842 1
3912 798 1
3912 313 1
3912 4157 1
3912 4677 1
695 3460 1
695 2772 1
695 2296 1
2154 932 1
1538 5211 1
6021 5773 1
6021 3758 1
6021 1336 1
6021 3724 1
6021 4939 1
6021 781 1
6021 2652 1
6021 982 1
6021 5145 1
6021 1615 1
6021 1251 1
6021 4111 1
6021 4154 1
5079 522 1
3783 5981 1
3783 2849 1
2646 161 1
2646 331 1
3815 607 1
131 2766 1
131 105 1
131 1619 1
131 4867 1
131 3468 1
131 3375 1
131 1814 1
131 4920 1
131 557 1
2500 3796 1
2500 852 1
2500 413 1
2500 2224 1
2500 2095 1
2500 677 1
2500 5267 1
2871 4693 1
5962 2185 1
5962 5559 1
5962 4922 1
5962 3582 1
5962 613 1
5962 3126 1
5962 3679 1
5962 5746 1
3638 2148 1
3638 4974 1
4448 5205 1
4448 1201 1
6051 4625 1
2413 2509 1
5390 5512 1
2633 3782 1
2375 1579 1
4585 3662 1
1174 4007 1
2724 5165 1
2922 4172 1
2922 1602 1
2922 1131 1
2922 1925 1
2922 3324 1
2922 1349 1
4850 2091 1
4850 4559 1
4850 4198 1
4850 5222 1
4850 4068 1
4850 235 1
4850 2228 1
4850 863 1
4850 5153 1
4850 74 1
4960 326 1
4960 3526 1
4960 5808 1
4960 226 1
4960 3561 1
4960 4880 1
2165 1266 1
2165 774 1
2165 4792 1
2165 2139 1
2165 858 1
2165 4471 1
2165 1025 1
2165 4958 1
3019 1926 1
1659 2240 1
1659 5094 1
1659 5441 1
1659 4253 1
1659 5369 1
1659 2007 1
332 4510 1
2683 3353 1
2888 2592 1
2888 1206 1
2888 2262 1
1775 3577 1
5725 2859 1
642 4238 1
642 1815 1
642 4990 1
642 5192 1
2112 4389 1
2112 639 1
2112 698 1
2112 5537 1
2112 205 1
2112 2006 1
2112 2602 1
2112 3804 1
2112 1462 1
2112 3103 1
2112 4813 1
2112 3009 1
2112 1570 1
2112 2192 1
2112 354 1
2112 1166 1
2112 190 1
2112 5288 1
2112 4117 1
2112 3132 1
2112 4540 1
2112 1805 1
2112 5483 1
4130 2117 1
4130 3431 1
4130 5422 1
4130 4143 1
4130 5924 1
4130 3791 1
4130 2512 1
4130 2366 1
4130 1542 1
4130 664 1
4130 846 1
4130 4353 1
4130 949 1
4130 4405 1
4130 1137 1
4130 3280 1
4130 3594 1
4130 2870 1
4130 3045 1
4130 5493 1
4130 1031 1
4130 3546 1
2020 1241 1
2207 1710 1
2207 1594 1
4657 5292 1
179 4909 1
5397 2876 1
5397 1093 1
4049 2376 1
4049 3634 1
4049 256 1
4049 4223 1
4049 2391 1
4049 4237 1
4049 271 1
4049 2153 1
4049 2632 1
4049 1976 1
603 3938 1
4446 4256 1
4446 5255 1
4446 4799 1
4446 4388 1
4446 3660 1
4446 5838 1
4446 2282 1
4446 4076 1
4446 60 1
4446 3943 1
4446 2618 1
4446 1181 1
5346 2714 1
5346 970 1
5346 5468 1
5346 1855 1
5346 2990 1
580 5100 1
580 396 1
580 5115 1
580 4525 1
580 347 1
580 5690 1
4030 2466 1
3240 1790 1
3240 5240 1
3240 376 1
3240 5532 1
3240 2358 1
3240 1920 1
3240 2246 1
3240 4634 1
3240 4573 1
3240 773 1
2001 4779 1
2001 5102 1
2001 1820 1
2001 5353 1
2001 49 1
2001 58 1
2001 2550 1
2001 5308 1
2001 4544 1
2001 4339 1
2885 3683 1
2485 4473 1
2485 1017 1
2485 2226 1
2485 3038 1
5289 248 1
5289 1062 1
5289 3726 1
5289 3965 1
5289 5980 1
5289 5788 1
5289 1391 1
452 3172 1
5867 5472 1
5867 5547 1
5867 4731 1
3145 1823 1
4947 5335 1
4227 2854 1
4227 3930 1
4227 21 1
4227 2431 1
4227 5455 1
3690 3954 1
3690 3773 1
2920 1735 1
162 998 1
162 1626 1
157 4190 1
3143 5083 1
3143 1845 1
3143 3831 1
3143 459 1
5036 2986 1
4735 1473 1
4735 5081 1
4735 3512 1
4735 907 1
4735 4363 1
4735 5016 1
4735 26 1
5884 1614 1
5884 2938 1
5884 117 1
5884 3875 1
5884 4587 1
5884 2822 1
5884 85 1
5884 2221 1
5884 492 1
5884 1027 1
5884 5868 1
5884 4712 1
5884 1009 1
5884 5517 1
5225 5184 1
5865 1289 1
5865 2747 1
5865 1559 1
5865 5425 1
5865 128 1
5865 3707 1
5865 2975 1
5865 2453 1
5865 173 1
5865 5064 1
5865 2988 1
5865 3777 1
5865 2909 1
5865 166 1
5062 5992 1
4261 5270 1
2572 1568 1
2572 5136 1
2572 3632 1
2572 2364 1
2572 5991 1
2572 844 1
2572 968 1
2572 5458 1
2572 4498 1
2572 5926 1
5499 5662 1
5499 163 1
5499 1252 1
5499 262 1
5499 6039 1
5499 3653 1
5499 2491 1
5499 5726 1
5499 5275 1
5499 3814 1
5499 3783 1
5499 4034 1
5499 5927 1
4234 92 1
4234 2670 1
4234 1400 1
4234 1489 1
4234 178 1
4234 4921 1
4234 1057 1
4234 3780 1
4234 1956 1
4234 1180 1
4234 5885 1
4234 2181 1
2535 4601 1
3779 4108 1
3779 3691 1
3779 2510 1
3779 5324 1
3779 5491 1
3779 2304 1
3779 4281 1
3779 3798 1
3779 2276 1
3779 3778 1
3779 1640 1
3779 3407 1
3779 3313 1
3779 4378 1
3779 3272 1
3779 5633 1
3779 2879 1
3779 4517 1
3779 1557 1
3779 4992 1
1354 6004 1
1827 831 1
1827 4854 1
1827 2404 1
1827 4835 1
1827 5365 1
1827 2715 1
1827 488 1
1827 5287 1
1827 135 1
1827 2505 1
1827 4737 1
1827 2953 1
765 5304 1
5894 925 1
5894 4184 1
5894 3379 1
3991 2465 1
3991 4567 1
3991 5613 1
3991 4230 1
3991 2152 1
3991 4017 1
3991 4803 1
3991 2488 1
3991 1225 1
3991 371 1
3991 2649 1
3991 2646 1
3991 1341 1
3991 2281 1
3991 5607 1
2115 5219 1
2115 1409 1
2115 1605 1
2115 5381 1
2115 5919 1
2115 657 1
2115 2410 1
5480 2501 1
3280 4662 1
3280 2326 1
3518 440 1
3518 1422 1
3518 1704 1
504 3011 1
3022 1216 1
1491 4820 1
1491 5574 1
1491 5899 1
1491 884 1
1491 29 1
1491 3080 1
1491 4191 1
1491 3167 1
1491 617 1
1491 1020 1
1491 4661 1
1491 3948 1
1491 5399 1
3519 5226 1
5171 5994 1
5171 5020 1
5171 3392 1
5171 1788 1
5171 3087 1
5171 2462 1
5171 1875 1
5171 2835 1
5171 1034 1
5171 2787 1
3775 4266 1
2951 558 1
1317 3241 1
1449 3807 1
1449 785 1
1449 526 1
1597 5296 1
2492 468 1
2492 22 1
2492 2069 1
2492 4964 1
2492 3501 1
2492 4647 1
2492 2616 1
2492 5069 1
2492 5900 1
2492 3828 1
2492 5527 1
4896 1873 1
4896 249 1
5485 4970 1
5485 1624 1
5485 2797 1
5485 3070 1
5485 5473 1
5485 712 1
5485 5166 1
5485 1211 1
5485 4124 1
5485 1813 1
5485 1876 1
5485 1944 1
3064 813 1
3064 2519 1
3064 662 1
3064 5829 1
3064 4863 1
2462 1485 1
2462 1249 1
2462 1261 1
3049 2172 1
3049 5431 1
3049 3025 1
353 866 1
353 5056 1
353 4176 1
353 3099 1
353 2216 1
3817 3560 1
3817 931 1
3817 2149 1
3817 4866 1
3817 5841 1
3817 1700 1
3817 2106 1
3817 267 1
3817 3265 1
979 1574 1
979 3349 1
979 807 1
979 3426 1
979 2333 1
979 5521 1
979 1275 1
979 214 1
979 2756 1
978 4395 1
978 5996 1
978 5297 1
978 3493 1
4963 3244 1
532 2884 1
532 5256 1
532 2202 1
532 1892 1
532 1196 1
532 4488 1
532 1952 1
532 4674 1
532 465 1
493 2888 1
2085 541 1
2912 3185 1
2912 86 1
2912 2996 1
2912 3813 1
2912 1994 1
3961 118 1
3961 1547 1
2796 4169 1
1222 1758 1
1222 3603 1
1222 3664 1
786 4823 1
786 857 1
5536 5941 1
5536 2805 1
5536 1985 1
5536 202 1
5536 1092 1
5536 4430 1
5536 4647 1
5536 2916 1
5536 67 1
5536 257 1
5536 3444 1
5536 5920 1
5536 4487 1
5536 23 1
5536 3447 1
5363 278 1
816 5816 1
816 5892 1
816 5345 1
2596 4226 1
2596 1794 1
2596 2905 1
2440 2768 1
2440 5957 1
2440 3477 1
2440 5459 1
2440 4658 1
2440 6025 1
1377 2969 1
1377 1735 1
1377 508 1
1377 3218 1
1377 324 1
1377 4599 1
1377 4993 1
1377 1981 1
1377 95 1
1377 2927 1
1377 4118 1
1836 5656 1
1836 4194 1
1836 134 1
1836 676 1
1836 5443 1
1836 3245 1
1836 1900 1
1836 369 1
1836 274 1
1836 1481 1
5504 399 1
649 5814 1
5622 451 1
4110 1326 1
4110 4802 1
4110 4552 1
4110 3898 1
4110 864 1
4110 5581 1
4110 1654 1
4110 1024 1
4749 5185 1
2982 1077 1
2982 5329 1
2982 448 1
2982 4372 1
2982 3445 1
2982 324 1
2982 3242 1
2982 4242 1
2982 1843 1
2982 5805 1
2536 4287 1
4595 233 1
4571 1150 1
3059 2520 1
450 1197 1
450 2268 1
450 2383 1
3455 762 1
770 453 1
770 3863 1
770 5824 1
770 2983 1
770 2551 1
770 4165 1
770 5096 1
770 680 1
770 1213 1
770 114 1
770 536 1
770 5866 1
770 3762 1
770 1361 1
770 1311 1
770 4887 1
770 2703 1
770 3682 1
770 385 1
770 2758 1
770 5945 1
770 93 1
770 3336 1
770 2473 1
5104 6033 1
1506 3000 1
4569 3066 1
4569 41 1
4569 2497 1
4569 2821 1
4569 1379 1
4569 1413 1
4569 2667 1
4569 2263 1
4569 1224 1
4569 2877 1
4569 576 1
4569 3759 1
4569 4180 1
4569 3935 1
4569 5659 1
4569 5424 1
4569 2023 1
4569 4390 1
4569 1491 1
4569 4935 1
4569 3462 1
4569 2795 1
4569 4144 1
4569 1740 1
3685 6041 1
4613 1963 1
4613 4204 1
4613 5251 1
4613 1544 1
4613 5745 1
4613 3348 1
1121 3388 1
2258 4431 1
4825 5428 1
4825 2791 1
4825 1170 1
4825 1727 1
4825 395 1
4825 3876 1
4825 2401 1
4825 3014 1
4825 3145 1
3867 328 1
3867 1089 1
3867 1634 1
3867 1707 1
3867 427 1
3916 1717 1
3205 4345 1
3205 4437 1
3205 5984 1
3205 4384 1
767 5752 1
767 1719 1
767 6056 1
767 1696 1
767 4846 1
767 3238 1
767 3254 1
767 2789 1
767 3136 1
767 2917 1
767 2278 1
767 695 1
767 5569 1
767 25 1
767 5800 1
1091 5947 1
1091 1220 1
1091 1461 1
1091 524 1
1091 5813 1
1091 3762 1
1091 1864 1
1091 4891 1
1091 809 1
1091 2673 1
1091 2531 1
1091 4736 1
1091 598 1
1091 1467 1
1091 4123 1
1091 2711 1
1091 3340 1
1091 4749 1
1091 2403 1
1091 5718 1
3163 1215 1
4682 2105 1
4682 5560 1
4682 3995 1
1353 5681 1
1376 4441 1
1376 5087 1
1376 4069 1
2311 216 1
5139 1649 1
1480 494 1
5297 5030 1
5297 2075 1
2968 4583 1
3476 2014 1
3476 127 1
3476 1803 1
1988 5627 1
631 3286 1
631 2635 1
631 1437 1
631 1922 1
775 1808 1
1680 3717 1
1680 2237 1
1680 1499 1
1680 760 1
1680 928 1
1680 827 1
1680 5976 1
1680 2469 1
1680 3610 1
1680 3091 1
1680 4158 1
1680 1987 1
1680 3224 1
1680 2496 1
1680 1849 1
1680 485 1
4282 4675 1
4282 3001 1
193 4106 1
193 3139 1
193 755 1
193 3287 1
193 1681 1
193 5505 1
193 969 1
193 2085 1
193 5834 1
3472 5822 1
3472 1913 1
3472 348 1
3472 5606 1
2749 1214 1
5077 3692 1
5077 4398 1
5077 4331 1
5077 4961 1
5077 4262 1
5077 1674 1
5697 5224 1
97 3176 1
97 5749 1
741 3795 1
4664 4920 1
1524 2657 1
1524 3213 1
1524 1639 1
1524 124 1
1524 3394 1
1524 2740 1
1524 5955 1
1524 3666 1
1524 3456 1
1524 56 1
1524 1306 1
1524 5551 1
1524 1919 1
2195 1735 1
2195 1525 1
2195 5140 1
2195 4246 1
2195 428 1
2195 5902 1
2195 4391 1
2195 4439 1
2195 3624 1
2195 1490 1
2195 2779 1
5290 1096 1
5290 4481 1
3317 1551 1
3317 2079 1
4742 5969 1
4742 3055 1
4742 794 1
4742 2355 1
523 1305 1
2669 2610 1
2669 3390 1
2669 1256 1
2669 5160 1
2669 586 1
2669 5053 1
2669 3041 1
2669 3301 1
2669 4795 1
2669 4009 1
2669 2168 1
2669 1891 1
641 1541 1
641 3051 1
641 2959 1
641 4566 1
641 268 1
641 295 1
641 599 1
2810 1242 1
2810 4173 1
2810 5208 1
2810 4991 1
2810 46 1
2810 2382 1
2810 518 1
2810 1120 1
2810 4311 1
2810 4265 1
2810 1046 1
2810 1023 1
2810 5578 1
2810 4752 1
2810 5509 1
2810 4458 1
2175 4885 1
2175 2862 1
2175 3389 1
2175 5123 1
2175 765 1
2323 5338 1
2323 65 1
2070 2658 1
2070 5589 1
5271 4193 1
260 4411 1
4252 4590 1
5493 4934 1
1618 3732 1
1618 4809 1
1618 4263 1
1618 3936 1
1618 4509 1
1618 2674 1
140 3962 1
140 2936 1
140 5708 1
140 4805 1
140 2981 1
140 1458 1
140 1340 1
140 3262 1
140 497 1
140 5495 1
140 5351 1
140 5774 1
5620 3350 1
5620 1730 1
5620 952 1
5620 344 1
5620 995 1
5620 2173 1
5620 5590 1
5620 279 1
5620 1111 1
5620 5367 1
5620 5204 1
5620 4906 1
5620 4844 1
5620 2744 1
4447 4781 1
4357 3883 1
4357 1779 1
4357 1749 1
5992 187 1
5992 1459 1
510 4334 1
510 3646 1
510 3495 1
510 2992 1
510 1993 1
510 2151 1
2795 5391 1
2795 2976 1
2795 1070 1
2795 5698 1
2795 1960 1
2795 447 1
2795 490 1
2795 915 1
2795 1996 1
2795 575 1
2795 3021 1
2795 2315 1
2795 5249 1
2795 853 1
2795 3523 1
2795 5170 1
2795 3402 1
2795 5629 1
2795 5393 1
2795 804 1
2795 2941 1
2106 5463 1
2106 2467 1
2106 5709 1
2106 2029 1
2106 5918 1
2106 1791 1
2106 207 1
5101 2427 1
1786 1642 1
1786 442 1
1786 340 1
1786 1645 1
1030 2563 1
1030 5542 1
5848 2480 1
5848 3510 1
5848 2190 1
5848 3253 1
5936 3792 1
5936 2437 1
5936 5934 1
5936 3054 1
5936 1999 1
5936 2359 1
5936 2000 1
5936 1725 1
5936 506 1
5936 2945 1
5936 5799 1
5936 5680 1
5858 3194 1
897 2574 1
3537 3255 1
3537 4249 1
3537 5205 1
3537 2124 1
3537 5555 1
3537 3395 1
3537 2851 1
3537 4910 1
3537 5817 1
3537 2171 1
3537 4074 1
3537 4450 1
3537 5001 1
3537 4520 1
3436 4943 1
3436 606 1
3436 1841 1
3436 4382 1
3436 4837 1
3436 5519 1
3436 5437 1
309 3170 1
309 3248 1
309 3697 1
309 2257 1
1914 4392 1
1189 3727 1
1189 5937 1
1189 5125 1
1189 3383 1
1189 3405 1
1189 1901 1
5852 3554 1
3757 4446 1
772 3635 1
772 3544 1
772 6048 1
772 4532 1
772 5754 1
772 103 1
4868 68 1
4868 2492 1
4868 3923 1
3951 72 1
5178 364 1
5178 156 1
3702 4093 1
1031 820 1
1031 204 1
1031 5394 1
1031 5971 1
1031 3559 1
1031 2581 1
1031 4354 1
1031 4691 1
1031 4383 1
5671 3904 1
5671 1718 1
5671 1726 1
5671 546 1
5671 5382 1
5671 5234 1
5442 4012 1
4169 3481 1
4169 3781 1
4169 3661 1
849 5631 1
849 1982 1
849 4386 1
849 4329 1
849 2717 1
849 1783 1
849 3611 1
849 75 1
849 3337 1
849 3292 1
849 4632 1
2559 3068 1
3855 3288 1
2461 3042 1
2461 2528 1
3424 5637 1
1803 1545 1
1803 373 1
5550 5857 1
267 1472 1
267 1822 1
267 5355 1
267 1038 1
267 3877 1
267 1329 1
267 592 1
267 5417 1
267 5675 1
267 745 1
3680 3678 1
3585 789 1
3585 3158 1
1284 133 1
1284 874 1
1284 1047 1
1284 1965 1
1284 73 1
1284 3990 1
1284 2826 1
1284 2923 1
1284 2526 1
1633 1401 1
5889 4162 1
377 5801 1
1643 339 1
677 4061 1
677 879 1
677 2443 1
4584 2984 1
1490 893 1
4774 5908 1
3038 5809 1
3038 4358 1
429 3928 1
429 4506 1
429 514 1
5264 3181 1
5267 1397 1
5267 1015 1
5308 735 1
5308 3428 1
5308 1560 1
5308 5870 1
5308 2019 1
5308 2447 1
5308 5175 1
5308 3819 1
5308 1801 1
817 4950 1
817 1946 1
817 165 1
817 4170 1
817 5929 1
817 5525 1
817 4380 1
817 5185 1
1395 667 1
270 5005 1
1518 560 1
1518 2793 1
4579 4627 1
4579 4640 1
4579 5970 1
4687 4483 1
51 453 1
51 1019 1
51 5120 1
51 5538 1
51 5770 1
51 1995 1
51 2200 1
51 254 1
51 2457 1
51 1090 1
51 5677 1
51 3957 1
51 2182 1
51 2623 1
51 2253 1
51 1618 1
903 227 1
2864 1138 1
2864 5409 1
2864 4741 1
2864 4258 1
2864 5042 1
2864 4663 1
2864 643 1
2864 3704 1
2864 2625 1
2864 957 1
2864 2820 1
2864 3144 1
2864 293 1
5607 4208 1
5607 3932 1
5607 1048 1
5607 872 1
5607 5421 1
34 3177 1
34 2956 1
5802 1795 1
5802 5780 1
5802 3569 1
5802 1714 1
1043 3142 1
3370 2594 1
3370 1059 1
544 1906 1
544 5430 1
544 1071 1
544 3920 1
544 3382 1
544 2298 1
6023 5389 1
1436 4478 1
1436 3168 1
1436 1796 1
1436 3230 1
3265 5444 1
3265 2104 1
3265 3056 1
3265 1385 1
3265 1389 1
3265 5916 1
3265 533 1
3265 3859 1
3265 5067 1
4725 3307 1
4725 3449 1
4725 3848 1
4725 1721 1
4725 2565 1
4725 5783 1
4725 4086 1
4725 2908 1
4725 1158 1
4725 3180 1
4725 76 1
4725 6057 1
4725 5630 1
4725 3750 1
4725 5078 1
4725 4531 1
4725 6055 1
4725 1232 1
4725 3053 1
4725 2196 1
4725 5713 1
4725 99 1
4725 5987 1
5483 4840 1
5483 2064 1
5483 3216 1
5483 3769 1
5483 2777 1
5483 4927 1
743 5315 1
743 3833 1
743 2654 1
2277 3486 1
2277 5703 1
1396 543 1
3977 4961 1
5694 70 1
5694 321 1
5694 4079 1
5694 3359 1
5694 164 1
5694 3058 1
5694 843 1
5694 3992 1
5694 3226 1
5694 2644 1
5694 5144 1
5694 1905 1
5694 4499 1
528 5688 1
528 3278 1
528 3995 1
2823 5816 1
2823 484 1
2823 3459 1
2823 2769 1
2823 1012 1
2823 5326 1
2823 5603 1
2823 1507 1
2823 96 1
2823 1055 1
2823 2402 1
2823 5147 1
2823 822 1
2823 3731 1
2823 3849 1
2823 2527 1
2823 1180 1
2823 1420 1
2823 2415 1
2823 1866 1
2823 5694 1
2432 5985 1
2432 3271 1
2432 5859 1
2432 1850 1
3197 3771 1
3197 4351 1
3197 3334 1
3197 150 1
3197 456 1
3197 1139 1
3197 2307 1
3197 2463 1
3197 3432 1
3197 1811 1
3197 4002 1
3197 6050 1
3197 5795 1
682 4653 1
4187 4027 1
3546 4283 1
3546 2270 1
3546 1856 1
3546 3071 1
5411 1958 1
3365 4451 1
2764 2451 1
2764 5347 1
2764 5046 1
2764 1444 1
2764 64 1
2764 3568 1
2764 5554 1
2764 2048 1
2764 3215 1
4339 895 1
4339 742 1
4339 1514 1
4339 5506 1
4339 2024 1
4339 1767 1
4339 3454 1
4339 208 1
4339 924 1
4339 549 1
4339 4374 1
4339 6013 1
4339 2347 1
4339 4493 1
4339 4010 1
4339 5901 1
4339 1126 1
3583 4043 1
3583 3754 1
3583 1494 1
3583 3857 1
3583 298 1
3583 2691 1
3583 194 1
3583 2660 1
3583 2788 1
3583 4508 1
3583 5699 1
3583 486 1
3583 1691 1
922 4862 1
4720 5095 1
5130 5252 1
5130 3822 1
5130 3083 1
5130 2914 1
5130 2071 1
5130 5110 1
5130 4827 1
5130 5529 1
5130 5759 1
5130 3409 1
5130 4609 1
5130 4549 1
5130 3169 1
5130 1433 1
5130 1792 1
5130 4869 1
1740 1580 1
783 4059 1
783 5187 1
783 4151 1
783 91 1
783 3774 1
783 2321 1
783 3578 1
783 2372 1
783 5171 1
783 5591 1
783 4825 1
783 1091 1
5155 1425 1
2312 2566 1
2312 5777 1
2312 802 1
2312 1548 1
4881 4289 1
5763 3370 1
3299 5909 1
877 1868 1
877 2077 1
877 4084 1
877 2309 1
877 3979 1
877 4317 1
4466 3115 1
5511 4058 1
3094 2537 1
3094 2472 1
3094 939 1
3094 3281 1
166 183 1
166 1369 1
166 4542 1
166 2214 1
166 3378 1
166 446 1
166 613 1
166 1991 1
166 5977 1
3511 1307 1
3511 4757 1
3511 5358 1
3511 6007 1
3511 2252 1
4897 5371 1
4897 4543 1
4897 5150 1
4415 1908 1
4415 42 1
4415 3232 1
635 2452 1
635 1082 1
6019 2846 1
4043 1488 1
1529 4366 1
1019 2852 1
1019 1678 1
1019 5974 1
1019 3430 1
1019 4649 1
1019 4335 1
1019 1585 1
1019 4104 1
1019 2615 1
1019 4833 1
1019 471 1
1019 1928 1
1019 3239 1
1019 2417 1
1019 4055 1
1019 2586 1
4213 1896 1
4213 2643 1
4213 4768 1
1310 5779 1
2825 2092 1
2825 690 1
2825 1123 1
2825 5134 1
2825 1628 1
2825 4806 1
2825 3770 1
5248 1434 1
5248 2964 1
5248 5429 1
1837 444 1
1837 2078 1
1837 5113 1
1837 509 1
1837 6017 1
1245 3616 1
5515 4360 1
1663 5221 1
600 542 1
499 5477 1
499 3404 1
499 170 1
499 3793 1
499 4361 1
499 1315 1
499 2233 1
499 5882 1
499 3756 1
499 1577 1
3050 1227 1
3050 5769 1
3050 1818 1
284 2612 1
4873 1722 1
210 1219 1
210 2409 1
210 2778 1
210 581 1
4801 1188 1
4801 4146 1
2983 5561 1
2983 3289 1
2983 5035 1
4098 101 1
4098 4101 1
82 2579 1
359 4524 1
359 4397 1
359 1176 1
5538 1455 1
5538 2937 1
5538 1238 1
3386 2760 1
3386 5944 1
4151 3362 1
3427 2991 1
3427 3866 1
3427 3911 1
3427 2407 1
3427 2637 1
3427 5418 1
3427 4678 1
3427 3623 1
4203 1948 1
4203 1766 1
4203 4465 1
4203 4650 1
4203 5687 1
4203 891 1
4203 2406 1
1085 1684 1
122 2737 1
1136 1666 1
3367 1439 1
5474 5766 1
3304 2255 1
3304 1465 1
3304 5045 1
3304 3078 1
3304 474 1
3304 2966 1
3304 5309 1
3304 2093 1
3304 4497 1
3304 4815 1
3304 5988 1
3304 3608 1
3304 1688 1
3304 5402 1
4226 3719 1
2150 3841 1
2150 3617 1
2150 3231 1
2150 2583 1
2150 1513 1
2150 3548 1
1295 4602 1
1847 5599 1
1847 416 1
1847 4327 1
1847 1228 1
1847 2229 1
2824 5003 1
1930 2373 1
3172 4502 1
3172 4140 1
5331 4116 1
5331 6006 1
5331 1153 1
5331 2612 1
4764 3356 1
4764 269 1
4764 3090 1
4764 1807 1
4764 5728 1
4764 3712 1
2630 2101 1
2630 1253 1
2630 823 1
4640 3107 1
5651 2739 1
5 1967 1
5 4420 1
5 5790 1
5 5407 1
1693 4895 1
1693 934 1
1693 3316 1
1693 4620 1
1328 4810 1
1764 3605 1
5646 890 1
209 2052 1
209 1669 1
209 3234 1
2853 2676 1
2033 2487 1
1412 5307 1
482 2222 1
3953 5580 1
3953 4422 1
3953 3694 1
3953 3956 1
3953 4022 1
778 1768 1
778 5044 1
1523 5701 1
4401 3015 1
1124 4179 1
1124 5721 1
1124 818 1
1124 2802 1
1124 1945 1
1124 1519 1
1124 3470 1
4926 2208 1
4926 5031 1
4926 3360 1
3186 1301 1
4494 2332 1
2172 885 1
1247 4832 1
4547 4948 1
4547 888 1
4547 547 1
4547 2387 1
2322 3112 1
2564 6036 1
2564 2517 1
3237 4071 1
3237 1604 1
3237 4297 1
3237 4660 1
3237 181 1
859 5507 1
1721 3222 1
1721 4268 1
2752 212 1
2752 2897 1
4038 3381 1
4038 1069 1
4038 430 1
4038 3619 1
4704 5528 1
5096 2329 1
3535 4254 1
3535 2099 1
3535 906 1
3535 5151 1
4221 2570 1
3004 2710 1
961 4369 1
961 4538 1
961 6026 1
1979 1063 1
1979 3608 1
1979 5952 1
1979 1430 1
1979 126 1
1979 3589 1
1979 953 1
1979 5339 1
1979 1134 1
473 3086 1
473 5727 1
473 1105 1
473 1863 1
3633 3996 1
3633 4888 1
1258 2169 1
2186 229 1
403 2680 1
1115 1231 1
1115 1160 1
1115 3927 1
1115 719 1
1115 658 1
1115 5715 1
1115 4684 1
889 2210 1
889 4591 1
4340 3514 1
4340 5737 1
4340 5486 1
4340 515 1
4340 4427 1
4724 2993 1
4652 4697 1
1541 2471 1
1541 1352 1
1541 281 1
2780 714 1
2780 1978 1
2780 3714 1
1075 4765 1
222 3236 1
222 5978 1
4277 4714 1
5608 1505 1
342 4602 1
1873 1886 1
3104 2698 1
3104 3062 1
3104 3743 1
3104 1589 1
3104 3969 1
3104 2107 1
1207 300 1
5876 1688 1
5876 3937 1
3501 5307 1
2459 1209 1
2459 246 1
2459 3105 1
1268 244 1
3980 2971 1
2371 5668 1
2371 4698 1
3168 3592 1
3168 5489 1
685 5244 1
685 2134 1
2544 5260 1
2544 3141 1
5233 3641 1
114 1344 1
114 2499 1
114 3440 1
114 4915 1
2327 443 1
2363 2552 1
2363 691 1
2363 3435 1
4233 1935 1
4233 748 1
3180 1804 1
3745 4766 1
2581 815 1
2987 1705 1
2987 2087 1
2987 2027 1
2987 1611 1
3344 5587 1
1853 943 1
1853 5508 1
4425 5376 1
4102 3669 1
4102 2678 1
2477 461 1
2477 4574 1
2514 5413 1
2514 623 1
4887 417 1
858 2964 1
3196 3135 1
3196 5526 1
1897 3846 1
1897 3516 1
1658 3802 1
1587 2220 1
3536 3108 1
5641 2429 1
5641 1390 1
5890 4982 1
1769 4257 1
1739 4518 1
4368 2157 1
2265 4744 1
1012 3993 1
1012 1064 1
1012 2860 1
2512 3602 1
2942 3549 1
1586 5167 1
1779 2852 1
3103 3506 1
3103 3931 1
3103 3273 1
3103 411 1
3103 1037 1
3103 5432 1
3103 3706 1
3103 151 1
3490 294 1
3490 4407 1
3490 5593 1
2508 805 1
2508 782 1
2508 4692 1
2508 1304 1
2508 480 1
2508 6042 1
15 237 1
4968 5164 1
4836 2356 1
4836 3784 1
4836 3473 1
5060 5068 1
5793 5230 1
1107 5328 1
5015 1603 1
230 5050 1
230 5195 1
2125 2097 1
1613 2620 1
6057 4785 1
678 475 1
678 1440 1
2402 3102 1
2503 5266 1
2503 5246 1
2503 3465 1
821 462 1
821 2525 1
821 3919 1
821 826 1
821 2808 1
4777 4703 1
4777 3907 1
3290 5342 1
3290 707 1
3776 1032 1
3776 4033 1
3776 2435 1
3776 3860 1
3776 3039 1
3776 5530 1
907 4775 1
576 5200 1
576 3384 1
3750 1508 1
4438 720 1
4814 1646 1
4814 5784 1
5707 4138 1
5707 2040 1
5677 5886 1
3921 3639 1
3921 3023 1
6041 4908 1
6041 2603 1
6041 5604 1
2158 1287 1
2158 1990 1
950 5913 1
950 5134 1
950 2767 1
950 2094 1
950 5484 1
950 1862 1
950 5360 1
950 1441 1
950 5820 1
950 460 1
4266 4408 1
4266 4656 1
4266 5217 1
4266 2626 1
4266 5116 1
4266 1104 1
4266 2264 1
3309 5241 1
2660 38 1
2660 686 1
2660 4216 1
49 228 1
49 660 1
3882 3614 1
3882 5839 1
3523 2944 1
3523 5293 1
1383 1676 1
1383 1229 1
1383 4024 1
1383 744 1
6055 4702 1
6055 221 1
5016 2901 1
1362 2506 1
1362 2834 1
1362 391 1
1362 5281 1
3918 1616 1
3918 394 1
3918 1959 1
3918 1609 1
3918 31 1
2141 2688 1
2829 1750 1
5038 2367 1
5038 5903 1
3809 2704 1
149 1104 1
3998 5740 1
3998 5522 1
3998 3323 1
598 2421 1
598 5368 1
598 4029 1
4414 1622 1
4822 1678 1
5860 3840 1
5860 2494 1
5860 1608 1
4078 2558 1
4078 419 1
4078 2225 1
4078 1947 1
4078 1554 1
2939 519 1
2939 806 1
5959 1442 1
5959 3137 1
271 3520 1
2892 3210 1
4428 1770 1
4428 5497 1
1917 2904 1
1917 1606 1
1917 5935 1
1917 3303 1
1917 2269 1
1917 5047 1
2203 2471 1
2203 4359 1
2989 679 1
1904 1370 1
3087 4 1
3164 1022 1
3164 5214 1
3164 856 1
3164 104 1
3164 4015 1
2008 1109 1
2008 4243 1
3071 590 1
3071 392 1
3071 2038 1
617 3485 1
4729 1029 1
276 3708 1
276 1521 1
276 4347 1
477 4309 1
5154 3183 1
4057 1357 1
4057 2394 1
4057 3062 1
4057 2587 1
4057 959 1
4057 4898 1
4057 1842 1
4057 740 1
4057 2180 1
4057 243 1
4057 1647 1
4057 5678 1
4057 3247 1
4057 1235 1
4057 6058 1
1027 1789 1
3249 6001 1
3249 4914 1
3249 1002 1
2396 3701 1
3502 636 1
3502 4512 1
154 5307 1
3912 3929 1
695 130 1
695 4235 1
695 4824 1
6021 4748 1
110 5789 1
1008 4981 1
1008 880 1
2500 5172 1
5962 948 1
5962 1734 1
5962 3600 1
5962 619 1
5962 1265 1
5962 2946 1
5962 6027 1
2633 5679 1
1179 152 1
1179 231 1
1179 197 1
2205 507 1
904 184 1
4429 5831 1
2922 3772 1
2922 896 1
4850 1333 1
1659 4892 1
2888 5673 1
5725 4491 1
5725 1421 1
5725 4255 1
2112 3955 1
2112 620 1
4130 2773 1
4130 5372 1
4130 2692 1
4130 1671 1
4049 1894 1
4049 5953 1
5723 2852 1
4446 3767 1
4446 1168 1
4446 4979 1
580 8 1
580 2595 1
3240 1269 1
3240 5946 1
3240 2051 1
2001 4042 1
2001 4734 1
2001 4621 1
2001 5366 1
2920 3516 1
2920 4116 1
2920 5198 1
5884 3380 1
5884 5189 1
5865 4303 1
3779 4932 1
3779 1729 1
3779 3306 1
3779 5055 1
3779 2486 1
3779 1004 1
3779 3157 1
3779 387 1
3779 2136 1
3779 47 1
3779 4560 1
3991 823 1
3991 4365 1
2115 4938 1
2115 2464 1
3518 793 1
3518 462 1
1491 2316 1
1491 139 1
5171 297 1
5171 4889 1
5171 1065 1
5171 5215 1
5498 1539 1
5485 5008 1
1809 98 1
1809 1434 1
1809 5383 1
1809 2964 1
3817 4969 1
3817 2273 1
532 529 1
532 2442 1
532 5704 1
532 1595 1
6009 4456 1
786 638 1
5536 2604 1
1377 5864 1
1377 2532 1
1377 5974 1
1040 2479 1
1836 2035 1
1836 5632 1
1836 4248 1
1836 5182 1
4110 3020 1
4749 2709 1
4749 2767 1
2982 1880 1
770 3799 1
4569 1348 1
4569 3474 1
4569 3261 1
4569 4195 1
4569 2032 1
4569 4988 1
4569 1516 1
2403 2484 1
4825 5195 1
4825 4747 1
767 4396 1
767 5666 1
1091 1164 1
1091 3396 1
3742 4269 1
3742 784 1
1680 1549 1
97 4033 1
1524 1804 1
1524 3464 1
1524 1283 1
2844 55 1
2844 129 1
2844 57 1
4117 2767 1
4117 5705 1
4742 5258 1
2669 4036 1
2669 4500 1
2669 4972 1
762 5897 1
762 4113 1
2810 1113 1
2070 3250 1
1618 4096 1
140 1816 1
140 1861 1
140 346 1
2795 3398 1
2795 4127 1
2795 3870 1
2795 2773 1
2795 402 1
2795 5938 1
2106 539 1
1030 2588 1
5936 4462 1
3537 4025 1
3436 2350 1
1264 88 1
309 4791 1
4841 307 1
4841 1567 1
4841 4406 1
3843 5198 1
3843 1590 1
3843 4812 1
4169 5471 1
849 1804 1
849 3609 1
2461 5349 1
3191 2420 1
3191 5950 1
4927 2627 1
4927 6038 1
4927 1171 1
267 3952 1
3585 714 1
3585 39 1
3585 2666 1
604 1504 1
677 4871 1
5908 991 1
5908 185 1
5908 153 1
2385 3239 1
5308 2940 1
5308 3735 1
5308 4134 1
5308 4040 1
1395 1616 1
4579 5757 1
51 4189 1
51 2697 1
51 3488 1
2864 2913 1
2864 2803 1
2864 147 1
2864 218 1
2864 2521 1
2864 4275 1
2864 1561 1
2864 4337 1
2864 5835 1
2864 6022 1
2864 2310 1
1024 5665 1
544 3613 1
1436 2344 1
1436 2392 1
4725 2290 1
2277 393 1
379 5306 1
2823 4949 1
2432 2053 1
1572 4018 1
1572 5066 1
1572 2847 1
1572 296 1
2764 1152 1
2764 5614 1
4339 3031 1
3583 2259 1
5130 1240 1
5130 1962 1
5130 5993 1
783 4016 1
783 1701 1
783 2653 1
783 2145 1
783 2352 1
783 3576 1
3823 4322 1
2784 5963 1
5124 5492 1
386 4343 1
5961 2025 1
5961 3448 1
5961 1047 1
5724 107 1
836 3730 1
1148 2102 1
1148 5936 1
1148 4897 1
3588 3348 1
3766 1281 1
5837 2752 1
5837 3818 1
5086 4741 1
4260 811 1
5401 3537 1
4421 3052 1
5583 3209 1
1755 3835 1
4423 685 1
2729 3130 1
4769 4724 1
4375 4780 1
4756 3030 1
53 2179 1
5041 2001 1
4551 4233 1
4551 3344 1
954 3491 1
433 3740 1
433 5865 1
2357 778 1
2357 674 1
4155 5842 1
3084 4163 1
4884 2514 1
2131 1186 1
2131 4787 1
4554 2576 1
1773 5645 1
1773 2231 1
1773 527 1
1773 4643 1
1773 3583 1
5282 4944 1
4987 4373 1
3642 5989 1
1752 4924 1
6031 5176 1
6031 4561 1
583 3827 1
1627 5022 1
3374 3164 1
5168 3285 1
1454 5474 1
1454 2112 1
2656 3558 1
3808 2235 1
3808 3453 1
4786 1826 1
1277 641 1
2762 1203 1
1936 1572 1
2639 132 1
4067 5183 1
2261 1130 1
265 3487 1
3599 989 1
4527 6029 1
3868 2070 1
4201 961 1
3227 3499 1
2541 1658 1
919 2475 1
1097 3535 1
1097 5647 1
1097 2823 1
287 2989 1
1943 1610 1
350 2629 1
4683 4274 1
3399 1115 1
1644 3944 1
985 4511 1
5232 3479 1
5232 2764 1
5068 1268 1
5068 873 1
5068 3305 1
5068 2814 1
1522 5553 1
4746 770 1
5535 2432 1
2560 3703 1
312 1377 1
1205 4852 1
5503 1502 1
2292 116 1
3028 2302 1
3028 4222 1
3028 5962 1
3844 2562 1
5786 3721 1
3851 40 1
4949 164 1
4949 843 1
4145 3050 1
4440 4624 1
2580 1629 1
5451 889 1
5451 4453 1
5661 5626 1
3746 1136 1
2746 510 1
4828 1553 1
5546 1751 1
200 732 1
5877 1865 1
5877 2535 1
3628 4635 1
4085 264 1
4637 3016 1
3483 4070 1
2538 2954 1
2830 4873 1
5227 3221 1
4997 5072 1
5850 1207 1
3135 4923 1
1250 6037 1
3211 3036 1
2759 5330 1
1405 4234 1
2482 1881 1
2456 66 1
120 2831 1
4504 2033 1
1673 2033 1
5739 2681 1
2515 3953 1
2515 821 1
2515 5485 1
2889 499 1
6010 579 1
5469 3659 1
4250 2461 1
5997 4245 1
5700 482 1
1744 4213 1
1744 359 1
1744 261 1
1744 414 1
1744 5933 1
1483 5884 1
1028 3817 1
5419 361 1
3411 2699 1
1969 3640 1
1368 1677 1
1368 3309 1
203 52 1
4206 2396 1
2622 5099 1
195 697 1
3699 3551 1
1061 4428 1
1061 3240 1
3507 2242 1
5327 3338 1
314 4719 1
1941 5755 1
2516 355 1
1695 188 1
2955 4723 1
1552 2260 1
2215 3776 1
1157 2693 1
2930 473 1
84 476 1
1142 1464 1
425 1257 1
136 5060 1
4126 2470 1
3983 717 1
241 2500 1
3986 2125 1
5427 3894 1
3887 5669 1
3887 595 1
2346 5038 1
2346 5410 1
1475 1431 1
4175 5890 1
5398 4590 1
1512 678 1
4047 2690 1
4463 4529 1
5111 1172 1
3905 167 1
3037 4801 1
5088 4083 1
3366 2203 1
1156 1780 1
5798 4968 1
5798 1079 1
1800 1154 1
2850 3998 1
5818 3217 1
2651 5995 1
2140 1769 1
3159 4099 1
4874 3139 1
5206 4152 1
5563 5771 1
5203 2414 1
412 3745 1
412 1107 1
3178 3190 1
4066 3179 1
4288 3114 1
1381 2126 1
828 1124 1
305 3427 1
1563 5250 1
1563 2696 1
1563 2477 1
3801 4770 1
721 2098 1
327 1427 1
4087 899 1
4710 5013 1
2386 1272 1
4686 4494 1
4284 2135 1
3283 4579 1
3332 5990 1
1848 4368 1
5043 2932 1
5043 51 1
2026 687 1
875 3892 1
830 403 1
5833 429 1
1133 2115 1
512 2170 1
3035 4855 1
612 3201 1
612 4217 1
2926 2824 1
5514 2186 1
3393 2060 1
4592 3364 1
177 2798 1
177 2285 1
1528 3162 1
4174 1353 1
4416 4415 1
4416 210 1
2340 2559 1
1819 1258 1
1840 4616 1
5092 2631 1
1036 2864 1
5764 4057 1
5778 1641 1
4753 4203 1
1754 418 1
2230 1053 1
3243 4903 1
6052 2868 1
2174 4569 1
763 2201 1
2695 835 1
4856 3498 1
3475 2994 1
4464 450 1
4046 1202 1
4293 4729 1
5098 4732 1
2924 1428 1
960 2982 1
3621 5651 1
3650 2844 1
1526 2150 1
3676 3490 1
1014 2732 1
3069 3367 1
5582 3104 1
5286 4550 1
1259 2869 1
1044 5683 1
2080 780 1
1438 438 1
3978 1799 1
3890 3509 1
1759 2295 1
4858 3296 1
1339 4522 1
232 5461 1
1582 5815 1
1325 4056 1
1325 2433 1
374 2380 1
1532 276 1
4973 2687 1
2360 4425 1
565 3049 1
3838 2018 1
3838 5130 1
1357 521 1
4849 149 1
4259 5730 1
4271 3733 1
437 4526 1
2663 5316 1
175 2726 1
2166 1635 1
2076 5 1
4614 5960 1
1964 3742 1
3897 758 1
3347 1827 1
845 4049 1
155 978 1
1689 5853 1
4989 1414 1
5825 574 1
4053 2522 1
958 5796 1
847 2508 1
4348 5983 1
971 4161 1
1195 270 1
842 783 1
3328 1407 1
672 1973 1
2271 1308 1
2334 1380 1
2598 4899 1
4980 5181 1
1997 832 1
710 1515 1
472 1312 1
5089 1351 1
3997 5513 1
4286 786 1
611 420 1
3097 2939 1
829 917 1
180 5520 1
3256 11 1
559 3915 1
2705 5758 1
1226 5545 1
1895 1501 1
434 5277 1
1621 1680 1
3417 4214 1
3408 751 1
5732 3825 1
4851 17 1
2111 4800 1
3810 2002 1
651 1836 1
388 2567 1
2790 602 1
1690 3196 1
1771 4130 1
1924 119 1
4044 3376 1
4886 4088 1
4859 3429 1
5682 2037 1
5218 2892 1
